0.8440,  0.164801
0.8445,  0.158878
0.8450,  0.159273
0.8455,  0.166428
0.8460,  0.169044
0.8465,  0.163926
0.8470,  0.163056
0.8475,  0.168151
0.8480,  0.172039
0.8485,  0.160288
0.8490,  0.148583
0.8495,  0.139108
0.8500,  0.133205
0.8505,  0.136347
0.8510,  0.141143
0.8515,  0.138578
0.8520,  0.160864
0.8525,  0.155256
0.8530,  0.153304
0.8535,  0.143498
0.8540,  0.103437
0.8545,  0.102684
0.8550,  0.105075
0.8555,  0.117350
0.8560,  0.133693
0.8565,  0.134237
0.8570,  0.142139
0.8575,  0.139657
0.8580,  0.146966
0.8585,  0.143264
0.8590,  0.146279
0.8595,  0.136779
0.8600,  0.132455
0.8605,  0.135578
0.8610,  0.141292
0.8615,  0.133888
0.8620,  0.128908
0.8625,  0.127618
0.8630,  0.131742
0.8635,  0.131328
0.8640,  0.143129
0.8645,  0.141834
0.8650,  0.146872
0.8655,  0.144506
0.8660,  0.110463
0.8665,  0.113007
0.8670,  0.104111
0.8675,  0.104631
0.8680,  0.104129
0.8685,  0.113085
0.8690,  0.116439
0.8695,  0.135780
0.8700,  0.127659
0.8705,  0.119357
0.8710,  0.113099
0.8715,  0.108571
0.8720,  0.119598
0.8725,  0.124240
0.8730,  0.115530
0.8735,  0.127542
0.8740,  0.132718
0.8745,  0.132895
0.8750,  0.148251
0.8755,  0.169672
0.8760,  0.165299
0.8765,  0.156810
0.8770,  0.145546
0.8775,  0.140370
0.8780,  0.162039
0.8785,  0.157208
0.8790,  0.154462
0.8795,  0.137703
0.8800,  0.138739
0.8805,  0.148967
0.8810,  0.137303
0.8815,  0.129995
0.8820,  0.119340
0.8825,  0.111743
0.8830,  0.110417
0.8835,  0.107176
0.8840,  0.118550
0.8845,  0.133354
0.8850,  0.143300
0.8855,  0.140971
0.8860,  0.137764
0.8865,  0.128832
0.8870,  0.116796
0.8875,  0.118165
0.8880,  0.123526
0.8885,  0.135624
0.8890,  0.152461
0.8895,  0.161067
0.8900,  0.160369
