0.8440,  0.123701
0.8445,  0.111258
0.8450,  0.106965
0.8455,  0.111729
0.8460,  0.105901
0.8465,  0.107421
0.8470,  0.108153
0.8475,  0.113294
0.8480,  0.116776
0.8485,  0.114901
0.8490,  0.127541
0.8495,  0.138654
0.8500,  0.108760
0.8505,  0.103905
0.8510,  0.096660
0.8515,  0.094507
0.8520,  0.104366
0.8525,  0.094797
0.8530,  0.098248
0.8535,  0.092378
0.8540,  0.079713
0.8545,  0.094045
0.8550,  0.094590
0.8555,  0.094450
0.8560,  0.097821
0.8565,  0.100033
0.8570,  0.107706
0.8575,  0.108822
0.8580,  0.114186
0.8585,  0.112041
0.8590,  0.117135
0.8595,  0.124275
0.8600,  0.125562
0.8605,  0.113569
0.8610,  0.101405
0.8615,  0.094290
0.8620,  0.088936
0.8625,  0.088234
0.8630,  0.087198
0.8635,  0.092655
0.8640,  0.109873
0.8645,  0.111029
0.8650,  0.113209
0.8655,  0.108887
0.8660,  0.080876
0.8665,  0.091396
0.8670,  0.090866
0.8675,  0.094253
0.8680,  0.086820
0.8685,  0.084733
0.8690,  0.084043
0.8695,  0.089089
0.8700,  0.094894
0.8705,  0.095360
0.8710,  0.097369
0.8715,  0.112363
0.8720,  0.124005
0.8725,  0.125823
0.8730,  0.118756
0.8735,  0.104180
0.8740,  0.093660
0.8745,  0.094925
0.8750,  0.094193
0.8755,  0.091553
0.8760,  0.095783
0.8765,  0.112790
0.8770,  0.123387
0.8775,  0.121516
0.8780,  0.119574
0.8785,  0.119276
0.8790,  0.116393
0.8795,  0.108650
0.8800,  0.106914
0.8805,  0.098656
0.8810,  0.091464
0.8815,  0.082839
0.8820,  0.080987
0.8825,  0.094121
0.8830,  0.117770
0.8835,  0.134339
0.8840,  0.136597
0.8845,  0.128227
0.8850,  0.107551
0.8855,  0.089367
0.8860,  0.076990
0.8865,  0.087796
0.8870,  0.094428
0.8875,  0.107744
0.8880,  0.118677
0.8885,  0.122641
0.8890,  0.127545
0.8895,  0.128964
0.8900,  0.115236
