0.8440,  0.218301
0.8445,  0.210006
0.8450,  0.207596
0.8455,  0.207828
0.8460,  0.205774
0.8465,  0.207013
0.8470,  0.217111
0.8475,  0.221605
0.8480,  0.229457
0.8485,  0.222666
0.8490,  0.222342
0.8495,  0.213619
0.8500,  0.199592
0.8505,  0.194880
0.8510,  0.191829
0.8515,  0.200531
0.8520,  0.221579
0.8525,  0.219609
0.8530,  0.229026
0.8535,  0.222991
0.8540,  0.196230
0.8545,  0.203981
0.8550,  0.189069
0.8555,  0.169390
0.8560,  0.173147
0.8565,  0.170674
0.8570,  0.174890
0.8575,  0.180258
0.8580,  0.201773
0.8585,  0.197706
0.8590,  0.189843
0.8595,  0.184082
0.8600,  0.180451
0.8605,  0.176375
0.8610,  0.181498
0.8615,  0.181401
0.8620,  0.187914
0.8625,  0.189250
0.8630,  0.182014
0.8635,  0.180973
0.8640,  0.178678
0.8645,  0.175696
0.8650,  0.183337
0.8655,  0.184622
0.8660,  0.175972
0.8665,  0.168159
0.8670,  0.150949
0.8675,  0.137028
0.8680,  0.138284
0.8685,  0.145515
0.8690,  0.145321
0.8695,  0.154915
0.8700,  0.174438
0.8705,  0.189298
0.8710,  0.194563
0.8715,  0.180746
0.8720,  0.169456
0.8725,  0.158336
0.8730,  0.162091
0.8735,  0.168001
0.8740,  0.176663
0.8745,  0.183740
0.8750,  0.194012
0.8755,  0.194340
0.8760,  0.183500
0.8765,  0.176030
0.8770,  0.163070
0.8775,  0.168078
0.8780,  0.196366
0.8785,  0.189430
0.8790,  0.193668
0.8795,  0.193274
0.8800,  0.185151
0.8805,  0.187327
0.8810,  0.185004
0.8815,  0.176269
0.8820,  0.186523
0.8825,  0.194083
0.8830,  0.181340
0.8835,  0.168479
0.8840,  0.164839
0.8845,  0.165296
0.8850,  0.181255
0.8855,  0.188680
0.8860,  0.199111
0.8865,  0.190546
0.8870,  0.202930
0.8875,  0.202244
0.8880,  0.184439
0.8885,  0.176762
0.8890,  0.176793
0.8895,  0.175845
0.8900,  0.165487
