0.7400,  0.144616
0.7405,  0.141840
0.7410,  0.135228
0.7415,  0.137396
0.7420,  0.134820
0.7425,  0.137052
0.7430,  0.144563
0.7435,  0.145678
0.7440,  0.145678
0.7445,  0.148352
0.7450,  0.145504
0.7455,  0.141365
0.7460,  0.134102
0.7465,  0.128091
0.7470,  0.128008
0.7475,  0.126200
0.7480,  0.125990
0.7485,  0.128066
0.7490,  0.129901
0.7495,  0.130645
0.7500,  0.132164
0.7505,  0.132825
0.7510,  0.130479
0.7515,  0.129602
0.7520,  0.125472
0.7525,  0.118556
0.7530,  0.115736
0.7535,  0.116550
0.7540,  0.121875
0.7545,  0.119972
0.7550,  0.122417
0.7555,  0.123149
0.7560,  0.122768
0.7565,  0.123588
0.7570,  0.124238
0.7575,  0.138275
0.7580,  0.181330
0.7585,  0.269621
0.7590,  0.399856
