0.3500,  0.103965
0.3505,  0.164414
0.3510,  0.129426
0.3515,  0.100685
0.3520,  0.074846
0.3525,  0.034975
0.3530,  0.082621
0.3535,  0.121851
0.3540,  0.141711
0.3545,  0.172971
0.3550,  0.152255
0.3555,  0.133530
0.3560,  0.084502
0.3565,  0.045582
0.3570,  0.015021
0.3575,  -0.026085
0.3580,  -0.066971
0.3585,  -0.118366
0.3590,  0.050149
0.3595,  0.190594
0.3600,  0.173940
0.3605,  0.157653
0.3610,  0.102690
0.3615,  0.042853
0.3620,  0.084971
0.3625,  0.125949
0.3630,  0.108282
0.3635,  0.094470
0.3640,  0.083061
0.3645,  0.072591
0.3650,  0.111892
0.3655,  0.143201
0.3660,  0.156848
0.3665,  0.180743
0.3670,  0.160168
0.3675,  0.140440
0.3680,  0.103941
0.3685,  0.065311
0.3690,  0.106972
0.3695,  0.148097
0.3700,  0.113676
0.3705,  0.079188
0.3710,  0.100506
0.3715,  0.126256
0.3720,  0.095508
0.3725,  0.069248
0.3730,  0.044340
0.3735,  0.013806
0.3740,  0.022711
0.3745,  0.023629
0.3750,  0.101515
0.3755,  0.163429
0.3760,  0.151225
0.3765,  0.128298
0.3770,  0.168999
0.3775,  0.208155
0.3780,  0.201831
0.3785,  0.205919
0.3790,  0.111669
0.3795,  0.010583
0.3800,  0.076140
0.3805,  0.147387
0.3810,  0.130005
0.3815,  0.121525
0.3820,  0.040083
0.3825,  -0.066296
0.3830,  -0.099178
0.3835,  -0.150636
0.3840,  0.005906
0.3845,  0.122762
0.3850,  0.126958
0.3855,  0.137392
0.3860,  0.126691
0.3865,  0.116117
0.3870,  0.108057
0.3875,  0.101252
0.3880,  0.088872
0.3885,  0.073594
0.3890,  0.136365
0.3895,  0.179753
0.3900,  0.173630
0.3905,  0.168850
0.3910,  0.183608
0.3915,  0.220737
0.3920,  0.132764
0.3925,  0.039706
0.3930,  -0.133516
0.3935,  -0.388429
0.3940,  -0.100658
0.3945,  0.105342
0.3950,  0.212675
0.3955,  0.315667
0.3960,  0.153651
0.3965,  -0.055322
0.3970,  -0.040308
0.3975,  -0.049903
0.3980,  0.135265
0.3985,  0.261089
0.3990,  0.240704
0.3995,  0.229576
0.4000,  0.196026
0.4005,  0.168663
0.4010,  0.160685
0.4015,  0.160639
0.4020,  0.154663
0.4025,  0.153824
0.4030,  0.134547
0.4035,  0.115388
0.4040,  0.110115
0.4045,  0.107134
0.4050,  0.105985
0.4055,  0.105411
0.4060,  0.085764
0.4065,  0.067275
0.4070,  0.078079
0.4075,  0.085585
0.4080,  0.111923
0.4085,  0.138556
0.4090,  0.137125
0.4095,  0.136152
0.4100,  0.090781
0.4105,  0.036342
0.4110,  0.101781
0.4115,  0.159538
0.4120,  0.140975
0.4125,  0.122810
0.4130,  0.108500
0.4135,  0.098132
0.4140,  0.093113
0.4145,  0.086348
0.4150,  0.085663
0.4155,  0.086698
0.4160,  0.116094
0.4165,  0.145760
0.4170,  0.109278
0.4175,  0.064874
0.4180,  0.069261
0.4185,  0.076753
0.4190,  0.082875
0.4195,  0.081908
0.4200,  0.093839
0.4205,  0.105053
0.4210,  0.111000
0.4215,  0.122576
0.4220,  0.075643
0.4225,  0.025195
0.4230,  0.063535
0.4235,  0.101685
0.4240,  0.115877
0.4245,  0.132634
0.4250,  0.118188
0.4255,  0.102049
0.4260,  0.103944
0.4265,  0.109720
0.4270,  0.077905
0.4275,  0.044225
0.4280,  0.055257
0.4285,  0.073013
0.4290,  0.064789
0.4295,  0.058131
0.4300,  -0.024859
0.4305,  -0.136156
0.4310,  0.052316
0.4315,  0.192091
0.4320,  0.157520
0.4325,  0.127054
0.4330,  0.132141
0.4335,  0.140343
0.4340,  0.111761
0.4345,  0.083205
0.4350,  0.082240
0.4355,  0.081040
0.4360,  0.120821
0.4365,  0.165268
0.4370,  0.138470
0.4375,  0.117544
0.4380,  0.068266
0.4385,  0.008482
0.4390,  0.078308
0.4395,  0.140280
0.4400,  0.106612
0.4405,  0.068529
0.4410,  0.109694
0.4415,  0.144952
0.4420,  0.141308
0.4425,  0.139629
0.4430,  0.115771
0.4435,  0.095784
0.4440,  0.111356
0.4445,  0.130362
0.4450,  0.101618
0.4455,  0.067293
0.4460,  0.082331
0.4465,  0.093051
0.4470,  0.123844
0.4475,  0.154294
0.4480,  0.125123
0.4485,  0.091559
0.4490,  0.093501
0.4495,  0.097026
0.4500,  0.114145
0.4505,  0.132497
0.4510,  0.126969
0.4515,  0.123914
0.4520,  0.095370
0.4525,  0.068903
0.4530,  0.079549
0.4535,  0.087368
0.4540,  0.092856
0.4545,  0.093990
0.4550,  0.102059
0.4555,  0.108517
0.4560,  0.111292
0.4565,  0.117502
0.4570,  0.121908
0.4575,  0.129509
0.4580,  0.108845
0.4585,  0.085100
0.4590,  0.095934
0.4595,  0.103554
0.4600,  0.107611
0.4605,  0.108685
0.4610,  0.107093
0.4615,  0.106648
0.4620,  0.115022
0.4625,  0.122788
0.4630,  0.106755
0.4635,  0.096698
0.4640,  0.088922
0.4645,  0.082021
0.4650,  0.104889
0.4655,  0.128096
0.4660,  0.106575
0.4665,  0.085350
0.4670,  0.110554
0.4675,  0.130019
0.4680,  0.122752
0.4685,  0.120942
0.4690,  0.119181
0.4695,  0.121609
0.4700,  0.101244
0.4705,  0.075511
0.4710,  0.105090
0.4715,  0.133276
0.4720,  0.134727
0.4725,  0.138146
0.4730,  0.129841
0.4735,  0.120252
0.4740,  0.131759
0.4745,  0.145947
0.4750,  0.139272
0.4755,  0.130682
0.4760,  0.114946
0.4765,  0.099844
0.4770,  0.124464
0.4775,  0.147131
0.4780,  0.129967
0.4785,  0.114399
0.4790,  0.127535
0.4795,  0.139510
0.4800,  0.130778
0.4805,  0.124609
0.4810,  0.137244
0.4815,  0.148853
0.4820,  0.135509
0.4825,  0.124110
0.4830,  0.127738
0.4835,  0.132388
0.4840,  0.130756
0.4845,  0.136155
0.4850,  0.124052
0.4855,  0.112060
0.4860,  0.077657
0.4865,  0.029723
0.4870,  0.079791
0.4875,  0.122620
0.4880,  0.131673
0.4885,  0.139240
0.4890,  0.138272
0.4895,  0.139931
0.4900,  0.145577
0.4905,  0.155940
0.4910,  0.134184
0.4915,  0.113017
0.4920,  0.114417
0.4925,  0.112519
0.4930,  0.105885
0.4935,  0.097242
0.4940,  0.131117
0.4945,  0.164656
0.4950,  0.132515
0.4955,  0.100492
0.4960,  0.119825
0.4965,  0.139816
0.4970,  0.143900
0.4975,  0.149629
0.4980,  0.120273
0.4985,  0.088006
0.4990,  0.114737
0.4995,  0.143692
0.5000,  0.125028
