0.6570,  0.196135
0.6575,  0.205988
0.6580,  0.218249
0.6585,  0.234363
0.6590,  0.250791
0.6595,  0.246117
0.6600,  0.240402
0.6605,  0.232580
0.6610,  0.229654
0.6615,  0.224627
0.6620,  0.224519
0.6625,  0.225724
0.6630,  0.224223
0.6635,  0.228296
0.6640,  0.234020
0.6645,  0.236087
0.6650,  0.237920
0.6655,  0.236691
0.6660,  0.232782
0.6665,  0.223780
0.6670,  0.215809
0.6675,  0.217696
0.6680,  0.220200
0.6685,  0.221849
0.6690,  0.227539
0.6695,  0.227068
0.6700,  0.227063
0.6705,  0.227441
0.6710,  0.229095
0.6715,  0.229602
0.6720,  0.228281
0.6725,  0.228867
0.6730,  0.226444
0.6735,  0.220778
0.6740,  0.216855
0.6745,  0.213796
0.6750,  0.211676
0.6755,  0.215362
0.6760,  0.218986
0.6765,  0.220016
0.6770,  0.220494
0.6775,  0.220796
0.6780,  0.221576
0.6785,  0.221562
0.6790,  0.219957
0.6795,  0.218280
0.6800,  0.215970
0.6805,  0.216108
0.6810,  0.219032
0.6815,  0.219375
0.6820,  0.223330
0.6825,  0.223684
0.6830,  0.227846
0.6835,  0.229892
0.6840,  0.228757
0.6845,  0.232557
0.6850,  0.236986
0.6855,  0.263164
0.6860,  0.297673
0.6865,  0.328627
0.6870,  0.350207
0.6875,  0.351130
0.6880,  0.348621
0.6885,  0.339945
0.6890,  0.332093
0.6895,  0.324368
0.6900,  0.318026
0.6905,  0.312563
0.6910,  0.306485
