0.7670,  0.325970
0.7675,  0.303290
0.7680,  0.287929
0.7685,  0.272229
0.7690,  0.263266
0.7695,  0.257095
0.7700,  0.255342
0.7705,  0.251967
0.7710,  0.245622
0.7715,  0.245080
0.7720,  0.240969
0.7725,  0.234845
0.7730,  0.232240
0.7735,  0.225615
0.7740,  0.220927
0.7745,  0.213502
0.7750,  0.211170
0.7755,  0.207986
0.7760,  0.205912
0.7765,  0.211345
0.7770,  0.217406
0.7775,  0.218512
0.7780,  0.214968
0.7785,  0.215817
0.7790,  0.220939
0.7795,  0.220520
0.7800,  0.216023
0.7805,  0.210098
0.7810,  0.210827
0.7815,  0.210281
0.7820,  0.214622
0.7825,  0.218145
0.7830,  0.218289
0.7835,  0.211778
0.7840,  0.214236
0.7845,  0.218175
0.7850,  0.226594
0.7855,  0.231857
0.7860,  0.229404
0.7865,  0.237788
0.7870,  0.243391
0.7875,  0.253427
0.7880,  0.261728
0.7885,  0.265159
0.7890,  0.278522
0.7895,  0.277443
0.7900,  0.279106
0.7905,  0.280855
0.7910,  0.274473
0.7915,  0.273249
0.7920,  0.267875
0.7925,  0.267361
0.7930,  0.269798
0.7935,  0.268529
0.7940,  0.261825
0.7945,  0.261020
0.7950,  0.264075
0.7955,  0.269784
0.7960,  0.278339
0.7965,  0.280865
0.7970,  0.286017
0.7975,  0.273470
0.7980,  0.267094
0.7985,  0.259497
0.7990,  0.250583
0.7995,  0.243528
0.8000,  0.251469
0.8005,  0.263213
0.8010,  0.281347
0.8015,  0.287068
0.8020,  0.286045
0.8025,  0.277103
0.8030,  0.267780
0.8035,  0.248975
0.8040,  0.240526
0.8045,  0.236612
0.8050,  0.227321
0.8055,  0.229774
0.8060,  0.232968
0.8065,  0.244875
0.8070,  0.249830
0.8075,  0.248886
0.8080,  0.248203
0.8085,  0.250144
0.8090,  0.245599
0.8095,  0.249462
0.8100,  0.263305
