0.3500,  0.103965
0.3505,  0.164414
0.3510,  0.129426
0.3515,  0.100685
0.3520,  0.074846
0.3525,  0.034975
0.3530,  0.082621
0.3535,  0.121851
0.3540,  0.141711
0.3545,  0.172971
0.3550,  0.152255
0.3555,  0.133530
0.3560,  0.084502
0.3565,  0.045582
0.3570,  0.015021
0.3575,  -0.026085
0.3580,  -0.066971
0.3585,  -0.118366
0.3590,  0.050149
0.3595,  0.190594
0.3600,  0.173940
0.3605,  0.157653
0.3610,  0.102690
0.3615,  0.042853
0.3620,  0.084971
0.3625,  0.125949
0.3630,  0.108282
0.3635,  0.094470
0.3640,  0.083061
0.3645,  0.072591
0.3650,  0.111892
0.3655,  0.143201
0.3660,  0.156848
0.3665,  0.180743
0.3670,  0.160168
0.3675,  0.140440
0.3680,  0.103941
0.3685,  0.065311
0.3690,  0.106972
0.3695,  0.148097
0.3700,  0.113676
0.3705,  0.079188
0.3710,  0.100506
0.3715,  0.126256
0.3720,  0.095508
0.3725,  0.069248
0.3730,  0.044340
0.3735,  0.013806
0.3740,  0.022711
0.3745,  0.023629
0.3750,  0.101515
0.3755,  0.163429
0.3760,  0.151225
0.3765,  0.128298
0.3770,  0.168999
0.3775,  0.208155
0.3780,  0.201831
0.3785,  0.205919
0.3790,  0.111669
0.3795,  0.010583
0.3800,  0.076140
0.3805,  0.147387
0.3810,  0.130005
0.3815,  0.121525
0.3820,  0.040083
0.3825,  -0.066296
0.3830,  -0.099178
0.3835,  -0.150636
0.3840,  0.005906
0.3845,  0.122762
0.3850,  0.126958
0.3855,  0.137392
0.3860,  0.126691
0.3865,  0.116117
0.3870,  0.108057
0.3875,  0.101252
0.3880,  0.088872
0.3885,  0.073594
0.3890,  0.136365
0.3895,  0.179753
0.3900,  0.173630
0.3905,  0.168850
0.3910,  0.183608
0.3915,  0.220737
0.3920,  0.132764
0.3925,  0.039706
0.3930,  -0.133516
0.3935,  -0.388429
0.3940,  -0.100658
0.3945,  0.105342
0.3950,  0.212675
0.3955,  0.315667
0.3960,  0.153651
0.3965,  -0.055322
0.3970,  -0.040308
0.3975,  -0.049903
0.3980,  0.135265
0.3985,  0.261089
0.3990,  0.240704
0.3995,  0.229576
0.4000,  0.196026
0.4005,  0.168663
0.4010,  0.160685
0.4015,  0.160639
0.4020,  0.154663
0.4025,  0.153824
0.4030,  0.134547
0.4035,  0.115388
0.4040,  0.110115
0.4045,  0.107134
0.4050,  0.105985
0.4055,  0.105411
0.4060,  0.085764
0.4065,  0.067275
0.4070,  0.078079
0.4075,  0.085585
0.4080,  0.111923
0.4085,  0.138556
0.4090,  0.137125
0.4095,  0.136152
0.4100,  0.090781
0.4105,  0.036342
0.4110,  0.101781
0.4115,  0.159538
0.4120,  0.140975
0.4125,  0.122810
0.4130,  0.108500
0.4135,  0.098132
0.4140,  0.093113
0.4145,  0.086348
0.4150,  0.085663
0.4155,  0.086698
0.4160,  0.116094
0.4165,  0.145760
0.4170,  0.109278
0.4175,  0.064874
0.4180,  0.069261
0.4185,  0.076753
0.4190,  0.082875
0.4195,  0.081908
0.4200,  0.093839
0.4205,  0.105053
0.4210,  0.111000
0.4215,  0.122576
0.4220,  0.075643
0.4225,  0.025195
0.4230,  0.063535
0.4235,  0.101685
0.4240,  0.115877
0.4245,  0.132634
0.4250,  0.118188
0.4255,  0.102049
0.4260,  0.103944
0.4265,  0.109720
0.4270,  0.077905
0.4275,  0.044225
0.4280,  0.055257
0.4285,  0.073013
0.4290,  0.064789
0.4295,  0.058131
0.4300,  -0.024859
0.4305,  -0.136156
0.4310,  0.052316
0.4315,  0.192091
0.4320,  0.157520
0.4325,  0.127054
0.4330,  0.132141
0.4335,  0.140343
0.4340,  0.111761
0.4345,  0.083205
0.4350,  0.082240
0.4355,  0.081040
0.4360,  0.120821
0.4365,  0.165268
0.4370,  0.138470
0.4375,  0.117544
0.4380,  0.068266
0.4385,  0.008482
0.4390,  0.078308
0.4395,  0.140280
0.4400,  0.106612
0.4405,  0.068529
0.4410,  0.109694
0.4415,  0.144952
0.4420,  0.141308
0.4425,  0.139629
0.4430,  0.115771
0.4435,  0.095784
0.4440,  0.111356
0.4445,  0.130362
0.4450,  0.101618
0.4455,  0.067293
0.4460,  0.082331
0.4465,  0.093051
0.4470,  0.123844
0.4475,  0.154294
0.4480,  0.125123
0.4485,  0.091559
0.4490,  0.093501
0.4495,  0.097026
0.4500,  0.114145
0.4505,  0.132497
0.4510,  0.126969
0.4515,  0.123914
0.4520,  0.095370
0.4525,  0.068903
0.4530,  0.079549
0.4535,  0.087368
0.4540,  0.092856
0.4545,  0.093990
0.4550,  0.102059
0.4555,  0.108517
0.4560,  0.111292
0.4565,  0.117502
0.4570,  0.121908
0.4575,  0.129509
0.4580,  0.108845
0.4585,  0.085100
0.4590,  0.095934
0.4595,  0.103554
0.4600,  0.107611
0.4605,  0.108685
0.4610,  0.107093
0.4615,  0.106648
0.4620,  0.115022
0.4625,  0.122788
0.4630,  0.106755
0.4635,  0.096698
0.4640,  0.088922
0.4645,  0.082021
0.4650,  0.104889
0.4655,  0.128096
0.4660,  0.106575
0.4665,  0.085350
0.4670,  0.110554
0.4675,  0.130019
0.4680,  0.122752
0.4685,  0.120942
0.4690,  0.119181
0.4695,  0.121609
0.4700,  0.101244
0.4705,  0.075511
0.4710,  0.105090
0.4715,  0.133276
0.4720,  0.134727
0.4725,  0.138146
0.4730,  0.129841
0.4735,  0.120252
0.4740,  0.131759
0.4745,  0.145947
0.4750,  0.139272
0.4755,  0.130682
0.4760,  0.114946
0.4765,  0.099844
0.4770,  0.124464
0.4775,  0.147131
0.4780,  0.129967
0.4785,  0.114399
0.4790,  0.127535
0.4795,  0.139510
0.4800,  0.130778
0.4805,  0.124609
0.4810,  0.137244
0.4815,  0.148853
0.4820,  0.135509
0.4825,  0.124110
0.4830,  0.127738
0.4835,  0.132388
0.4840,  0.130756
0.4845,  0.136155
0.4850,  0.124052
0.4855,  0.112060
0.4860,  0.077657
0.4865,  0.029723
0.4870,  0.079791
0.4875,  0.122620
0.4880,  0.131673
0.4885,  0.139240
0.4890,  0.138272
0.4895,  0.139931
0.4900,  0.145577
0.4905,  0.155940
0.4910,  0.134184
0.4915,  0.113017
0.4920,  0.114417
0.4925,  0.112519
0.4930,  0.105885
0.4935,  0.097242
0.4940,  0.131117
0.4945,  0.164656
0.4950,  0.132515
0.4955,  0.100492
0.4960,  0.119825
0.4965,  0.139816
0.4970,  0.143900
0.4975,  0.149629
0.4980,  0.120273
0.4985,  0.088006
0.4990,  0.114737
0.4995,  0.143692
0.5000,  0.125028
0.5005,  0.104933
0.5010,  0.099217
0.5015,  0.088834
0.5020,  0.106661
0.5025,  0.124517
0.5030,  0.132987
0.5035,  0.139561
0.5040,  0.123152
0.5045,  0.102470
0.5050,  0.122558
0.5055,  0.144209
0.5060,  0.133897
0.5065,  0.127274
0.5070,  0.119269
0.5075,  0.110411
0.5080,  0.114141
0.5085,  0.116292
0.5090,  0.115664
0.5095,  0.114284
0.5100,  0.118841
0.5105,  0.123607
0.5110,  0.133922
0.5115,  0.144719
0.5120,  0.120148
0.5125,  0.095730
0.5130,  0.100293
0.5135,  0.104762
0.5140,  0.112454
0.5145,  0.118171
0.5150,  0.129409
0.5155,  0.147828
0.5160,  0.109819
0.5165,  0.068379
0.5170,  0.093921
0.5175,  0.112233
0.5180,  0.090502
0.5185,  0.061066
0.5190,  0.094346
0.5195,  0.128495
0.5200,  0.121127
0.5205,  0.113344
0.5210,  0.125514
0.5215,  0.139477
0.5220,  0.118163
0.5225,  0.095152
0.5230,  0.108900
0.5235,  0.118829
0.5240,  0.127662
0.5245,  0.140632
0.5250,  0.139097
0.5255,  0.142880
0.5260,  0.093174
0.5265,  0.035353
0.5270,  0.074633
0.5275,  0.105381
0.5280,  0.111844
0.5285,  0.118936
0.5290,  0.117105
0.5295,  0.116284
0.5300,  0.121415
0.5305,  0.127113
0.5310,  0.129932
0.5315,  0.137751
0.5320,  0.100766
0.5325,  0.058259
0.5330,  0.095991
0.5335,  0.131412
0.5340,  0.112813
0.5345,  0.092748
0.5350,  0.118852
0.5355,  0.146989
0.5360,  0.123245
0.5365,  0.099165
0.5370,  0.102456
0.5375,  0.107457
0.5380,  0.115312
0.5385,  0.124811
0.5390,  0.111846
0.5395,  0.100065
0.5400,  0.090415
0.5405,  0.077969
0.5410,  0.105209
0.5415,  0.129928
0.5420,  0.114783
0.5425,  0.098571
0.5430,  0.108267
0.5435,  0.116554
0.5440,  0.114032
0.5445,  0.112564
0.5450,  0.118116
0.5455,  0.123085
0.5460,  0.120776
0.5465,  0.118505
0.5470,  0.108462
0.5475,  0.097482
0.5480,  0.104073
0.5485,  0.109992
0.5490,  0.117060
0.5495,  0.124435
0.5500,  0.116781
0.5505,  0.108967
0.5510,  0.109892
0.5515,  0.111305
0.5520,  0.105288
0.5525,  0.098252
0.5530,  0.106549
0.5535,  0.114642
0.5540,  0.119742
0.5545,  0.124460
0.5550,  0.127760
0.5555,  0.131688
0.5560,  0.117702
0.5565,  0.103549
0.5570,  0.113499
0.5575,  0.125054
0.5580,  0.116132
0.5585,  0.105294
0.5590,  0.110392
0.5595,  0.114574
0.5600,  0.118441
0.5605,  0.120725
0.5610,  0.114642
0.5615,  0.110343
0.5620,  0.116444
0.5625,  0.124120
0.5630,  0.128096
0.5635,  0.132128
0.5640,  0.134613
0.5645,  0.135790
0.5650,  0.123780
0.5655,  0.109171
0.5660,  0.114243
0.5665,  0.120259
0.5670,  0.133731
0.5675,  0.148115
0.5680,  0.131309
0.5685,  0.115945
0.5690,  0.132624
0.5695,  0.148465
0.5700,  0.129432
0.5705,  0.106644
0.5710,  0.116779
0.5715,  0.122076
0.5720,  0.131546
0.5725,  0.141328
0.5730,  0.134331
0.5735,  0.131321
0.5740,  0.131475
0.5745,  0.130949
0.5750,  0.122512
0.5755,  0.113062
0.5760,  0.116494
0.5765,  0.121635
0.5770,  0.126752
0.5775,  0.133171
0.5780,  0.116572
0.5785,  0.097127
0.5790,  0.106605
0.5795,  0.114345
0.5800,  0.114256
0.5805,  0.115617
0.5810,  0.116997
0.5815,  0.117881
0.5820,  0.120606
0.5825,  0.124041
0.5830,  0.119341
0.5835,  0.116081
0.5840,  0.117416
0.5845,  0.122768
0.5850,  0.110521
0.5855,  0.095514
0.5860,  0.111142
0.5865,  0.127946
0.5870,  0.141209
0.5875,  0.160213
0.5880,  0.153787
0.5885,  0.144254
0.5890,  0.112130
0.5895,  0.072488
0.5900,  0.121639
0.5905,  0.166976
0.5910,  0.156661
0.5915,  0.145411
0.5920,  0.143484
0.5925,  0.143696
0.5930,  0.138725
0.5935,  0.140458
0.5940,  0.138412
0.5945,  0.132861
0.5950,  0.134423
0.5955,  0.136108
0.5960,  0.140124
0.5965,  0.145005
0.5970,  0.138646
0.5975,  0.131925
0.5980,  0.124763
0.5985,  0.121205
0.5990,  0.128044
0.5995,  0.134676
0.6000,  0.130680
0.6005,  0.127782
0.6010,  0.129192
0.6015,  0.127175
0.6020,  0.114081
0.6025,  0.099289
0.6030,  0.112925
0.6035,  0.129026
0.6040,  0.127940
0.6045,  0.128945
0.6050,  0.126909
0.6055,  0.123270
0.6060,  0.120463
0.6065,  0.118863
0.6070,  0.119793
0.6075,  0.121487
0.6080,  0.122168
0.6085,  0.124396
0.6090,  0.130421
0.6095,  0.136026
0.6100,  0.126214
0.6105,  0.114307
0.6110,  0.123747
0.6115,  0.135650
0.6120,  0.127393
0.6125,  0.119277
0.6130,  0.115836
0.6135,  0.113282
0.6140,  0.124285
0.6145,  0.135759
0.6150,  0.141005
0.6155,  0.145210
0.6160,  0.117738
0.6165,  0.085811
0.6170,  0.107988
0.6175,  0.130144
0.6180,  0.133909
0.6185,  0.138245
0.6190,  0.135238
0.6195,  0.131749
0.6200,  0.140437
0.6205,  0.147274
0.6210,  0.136540
0.6215,  0.125066
0.6220,  0.131261
0.6225,  0.139002
0.6230,  0.131931
0.6235,  0.127464
0.6240,  0.132431
0.6245,  0.134728
0.6250,  0.129633
0.6255,  0.121633
0.6260,  0.137601
0.6265,  0.153916
0.6270,  0.154307
0.6275,  0.155241
0.6280,  0.156176
0.6285,  0.160381
0.6290,  0.159222
0.6295,  0.158531
0.6300,  0.155182
0.6305,  0.149838
0.6310,  0.143612
0.6315,  0.141104
0.6320,  0.137516
0.6325,  0.136277
0.6330,  0.136406
0.6335,  0.137311
0.6340,  0.140740
0.6345,  0.144793
0.6350,  0.148170
0.6355,  0.148078
0.6360,  0.146268
0.6365,  0.141383
0.6370,  0.134489
0.6375,  0.131018
0.6380,  0.131334
0.6385,  0.134629
0.6390,  0.138620
0.6395,  0.138929
0.6400,  0.137586
0.6405,  0.134696
0.6410,  0.130747
0.6415,  0.131028
0.6420,  0.129176
0.6425,  0.126648
0.6430,  0.125157
0.6435,  0.123401
0.6440,  0.127712
0.6445,  0.135193
0.6450,  0.144805
0.6455,  0.150739
0.6460,  0.157749
0.6465,  0.160206
0.6470,  0.159240
0.6475,  0.153803
0.6480,  0.149831
0.6485,  0.143733
0.6490,  0.136871
0.6495,  0.141315
0.6500,  0.147430
0.6505,  0.155846
0.6510,  0.162421
0.6515,  0.161112
0.6520,  0.158442
0.6525,  0.151862
0.6530,  0.148215
0.6535,  0.138642
0.6540,  0.136997
0.6545,  0.143996
0.6550,  0.156180
0.6555,  0.155107
0.6560,  0.138269
0.6565,  0.107123
0.6570,  0.065901
0.6575,  0.076377
0.6580,  0.091931
0.6585,  0.110118
0.6590,  0.125274
0.6595,  0.119692
0.6600,  0.114954
0.6605,  0.110956
0.6610,  0.111474
0.6615,  0.109515
0.6620,  0.107206
0.6625,  0.107236
0.6630,  0.111569
0.6635,  0.115406
0.6640,  0.116316
0.6645,  0.116667
0.6650,  0.119462
0.6655,  0.117202
0.6660,  0.113667
0.6665,  0.106485
0.6670,  0.101878
0.6675,  0.104140
0.6680,  0.105703
0.6685,  0.110542
0.6690,  0.115109
0.6695,  0.114077
0.6700,  0.115510
0.6705,  0.116662
0.6710,  0.114178
0.6715,  0.112816
0.6720,  0.111459
0.6725,  0.109540
0.6730,  0.108053
0.6735,  0.104055
0.6740,  0.102523
0.6745,  0.103598
0.6750,  0.104322
0.6755,  0.107635
0.6760,  0.111033
0.6765,  0.114875
0.6770,  0.116362
0.6775,  0.116042
0.6780,  0.114353
0.6785,  0.110867
0.6790,  0.107313
0.6795,  0.106347
0.6800,  0.105166
0.6805,  0.104119
0.6810,  0.103142
0.6815,  0.105287
0.6820,  0.109538
0.6825,  0.113901
0.6830,  0.117716
0.6835,  0.119414
0.6840,  0.119869
0.6845,  0.118248
0.6850,  0.125804
0.6855,  0.151320
0.6860,  0.190508
0.6865,  0.222391
0.6870,  0.237816
0.6875,  0.233660
0.6880,  0.231534
0.6885,  0.227059
0.6890,  0.223350
0.6895,  0.214365
0.6900,  0.203464
0.6905,  0.195406
0.6910,  0.188763
0.6915,  0.183627
0.6920,  0.182048
0.6925,  0.184329
0.6930,  0.190093
0.6935,  0.194729
0.6940,  0.197436
0.6945,  0.191221
0.6950,  0.185838
0.6955,  0.174883
0.6960,  0.163910
0.6965,  0.156088
0.6970,  0.152554
0.6975,  0.155404
0.6980,  0.163280
0.6985,  0.171684
0.6990,  0.181606
0.6995,  0.183634
0.7000,  0.176374
0.7005,  0.170459
0.7010,  0.165076
0.7015,  0.168043
0.7020,  0.167555
0.7025,  0.165836
0.7030,  0.163468
0.7035,  0.164391
0.7040,  0.164982
0.7045,  0.166297
0.7050,  0.168085
0.7055,  0.166507
0.7060,  0.167106
0.7065,  0.163576
0.7070,  0.157785
0.7075,  0.151685
0.7080,  0.146951
0.7085,  0.142296
0.7090,  0.138674
0.7095,  0.136548
0.7100,  0.137364
0.7105,  0.135395
0.7110,  0.140417
0.7115,  0.146056
0.7120,  0.151998
0.7125,  0.156778
0.7130,  0.160288
0.7135,  0.163303
0.7140,  0.162940
0.7145,  0.166805
0.7150,  0.176987
0.7155,  0.200175
0.7160,  0.231053
0.7165,  0.269360
0.7170,  0.307075
0.7175,  0.338427
0.7180,  0.364298
0.7185,  0.379515
0.7190,  0.381429
0.7195,  0.371495
0.7200,  0.347831
0.7205,  0.315724
0.7210,  0.285631
0.7215,  0.264779
0.7220,  0.269088
0.7225,  0.284091
0.7230,  0.303368
0.7235,  0.321630
0.7240,  0.336275
0.7245,  0.337903
0.7250,  0.334574
0.7255,  0.336081
0.7260,  0.343779
0.7265,  0.345930
0.7270,  0.338034
0.7275,  0.329855
0.7280,  0.322239
0.7285,  0.310312
0.7290,  0.301298
0.7295,  0.296418
0.7300,  0.292815
0.7305,  0.287569
0.7310,  0.277287
0.7315,  0.262772
0.7320,  0.246932
0.7325,  0.226970
0.7330,  0.206553
0.7335,  0.190011
0.7340,  0.182421
0.7345,  0.180913
0.7350,  0.182744
0.7355,  0.185376
0.7360,  0.181007
0.7365,  0.176149
0.7370,  0.175634
0.7375,  0.171630
0.7380,  0.168775
0.7385,  0.166961
0.7390,  0.155605
0.7395,  0.148591
0.7400,  0.144616
0.7405,  0.141840
0.7410,  0.135228
0.7415,  0.137396
0.7420,  0.134820
0.7425,  0.137052
0.7430,  0.144563
0.7435,  0.145678
0.7440,  0.145678
0.7445,  0.148352
0.7450,  0.145504
0.7455,  0.141365
0.7460,  0.134102
0.7465,  0.128091
0.7470,  0.128008
0.7475,  0.126200
0.7480,  0.125990
0.7485,  0.128066
0.7490,  0.129901
0.7495,  0.130645
0.7500,  0.132164
0.7505,  0.132825
0.7510,  0.130479
0.7515,  0.129602
0.7520,  0.125472
0.7525,  0.118556
0.7530,  0.115736
0.7535,  0.116550
0.7540,  0.121875
0.7545,  0.119972
0.7550,  0.122417
0.7555,  0.123149
0.7560,  0.122768
0.7565,  0.123588
0.7570,  0.124238
0.7575,  0.138275
0.7580,  0.181330
0.7585,  0.269621
0.7590,  0.399856
0.7595,  0.555461
0.7600,  0.672222
0.7605,  0.715909
0.7610,  0.702588
0.7615,  0.685065
0.7620,  0.683081
0.7625,  0.678853
0.7630,  0.655715
0.7635,  0.604882
0.7640,  0.544061
0.7645,  0.478829
0.7650,  0.417991
0.7655,  0.357635
0.7660,  0.303002
0.7665,  0.258840
0.7670,  0.222161
0.7675,  0.207963
0.7680,  0.195082
0.7685,  0.181711
0.7690,  0.170518
0.7695,  0.161300
0.7700,  0.153306
0.7705,  0.146206
0.7710,  0.140300
0.7715,  0.140710
0.7720,  0.142915
0.7725,  0.139791
0.7730,  0.139632
0.7735,  0.136477
0.7740,  0.133126
0.7745,  0.125766
0.7750,  0.117923
0.7755,  0.114674
0.7760,  0.114012
0.7765,  0.117073
0.7770,  0.119734
0.7775,  0.118985
0.7780,  0.118859
0.7785,  0.120434
0.7790,  0.118265
0.7795,  0.124821
0.7800,  0.127795
0.7805,  0.127808
0.7810,  0.129862
0.7815,  0.126945
0.7820,  0.125974
0.7825,  0.123111
0.7830,  0.113585
0.7835,  0.110747
0.7840,  0.116037
0.7845,  0.123678
0.7850,  0.132817
0.7855,  0.136890
0.7860,  0.140201
0.7865,  0.143890
0.7870,  0.144022
0.7875,  0.144471
0.7880,  0.148655
0.7885,  0.156944
0.7890,  0.165485
0.7895,  0.170976
0.7900,  0.173595
0.7905,  0.172203
0.7910,  0.168820
0.7915,  0.166044
0.7920,  0.168891
0.7925,  0.164787
0.7930,  0.149500
0.7935,  0.145331
0.7940,  0.139942
0.7945,  0.143142
0.7950,  0.146057
0.7955,  0.153503
0.7960,  0.157383
0.7965,  0.164529
0.7970,  0.159952
0.7975,  0.159478
0.7980,  0.159554
0.7985,  0.156854
0.7990,  0.155164
0.7995,  0.156843
0.8000,  0.156075
0.8005,  0.155809
0.8010,  0.156135
0.8015,  0.154066
0.8020,  0.152233
0.8025,  0.155244
0.8030,  0.157172
0.8035,  0.153786
0.8040,  0.144355
0.8045,  0.141824
0.8050,  0.141233
0.8055,  0.136913
0.8060,  0.133744
0.8065,  0.135884
0.8070,  0.141526
0.8075,  0.140217
0.8080,  0.141957
0.8085,  0.145137
0.8090,  0.144069
0.8095,  0.151947
0.8100,  0.162871
0.8105,  0.165712
0.8110,  0.176105
0.8115,  0.188731
0.8120,  0.206934
0.8125,  0.236277
0.8130,  0.260743
0.8135,  0.296439
0.8140,  0.327249
0.8145,  0.346590
0.8150,  0.365105
0.8155,  0.369587
0.8160,  0.379205
0.8165,  0.383191
0.8170,  0.374581
0.8175,  0.353603
0.8180,  0.341200
0.8185,  0.326397
0.8190,  0.304216
0.8195,  0.289751
0.8200,  0.277813
0.8205,  0.274579
0.8210,  0.297385
0.8215,  0.325633
0.8220,  0.354709
0.8225,  0.369308
0.8230,  0.357038
0.8235,  0.315186
0.8240,  0.273763
0.8245,  0.258135
0.8250,  0.245773
0.8255,  0.243057
0.8260,  0.240757
0.8265,  0.250651
0.8270,  0.264243
0.8275,  0.278534
0.8280,  0.285442
0.8285,  0.287709
0.8290,  0.272191
0.8295,  0.256538
0.8300,  0.247199
0.8305,  0.246563
0.8310,  0.248938
0.8315,  0.253075
0.8320,  0.250419
0.8325,  0.247601
0.8330,  0.233892
0.8335,  0.209404
0.8340,  0.188844
0.8345,  0.180811
0.8350,  0.179455
0.8355,  0.173151
0.8360,  0.167657
0.8365,  0.163939
0.8370,  0.163720
0.8375,  0.166196
0.8380,  0.167114
0.8385,  0.158441
0.8390,  0.150026
0.8395,  0.137339
0.8400,  0.127928
0.8405,  0.121627
0.8410,  0.125655
0.8415,  0.128265
0.8420,  0.136013
0.8425,  0.131423
0.8430,  0.131629
0.8435,  0.133613
0.8440,  0.123701
0.8445,  0.111258
0.8450,  0.106965
0.8455,  0.111729
0.8460,  0.105901
0.8465,  0.107421
0.8470,  0.108153
0.8475,  0.113294
0.8480,  0.116776
0.8485,  0.114901
0.8490,  0.127541
0.8495,  0.138654
0.8500,  0.108760
0.8505,  0.103905
0.8510,  0.096660
0.8515,  0.094507
0.8520,  0.104366
0.8525,  0.094797
0.8530,  0.098248
0.8535,  0.092378
0.8540,  0.079713
0.8545,  0.094045
0.8550,  0.094590
0.8555,  0.094450
0.8560,  0.097821
0.8565,  0.100033
0.8570,  0.107706
0.8575,  0.108822
0.8580,  0.114186
0.8585,  0.112041
0.8590,  0.117135
0.8595,  0.124275
0.8600,  0.125562
0.8605,  0.113569
0.8610,  0.101405
0.8615,  0.094290
0.8620,  0.088936
0.8625,  0.088234
0.8630,  0.087198
0.8635,  0.092655
0.8640,  0.109873
0.8645,  0.111029
0.8650,  0.113209
0.8655,  0.108887
0.8660,  0.080876
0.8665,  0.091396
0.8670,  0.090866
0.8675,  0.094253
0.8680,  0.086820
0.8685,  0.084733
0.8690,  0.084043
0.8695,  0.089089
0.8700,  0.094894
0.8705,  0.095360
0.8710,  0.097369
0.8715,  0.112363
0.8720,  0.124005
0.8725,  0.125823
0.8730,  0.118756
0.8735,  0.104180
0.8740,  0.093660
0.8745,  0.094925
0.8750,  0.094193
0.8755,  0.091553
0.8760,  0.095783
0.8765,  0.112790
0.8770,  0.123387
0.8775,  0.121516
0.8780,  0.119574
0.8785,  0.119276
0.8790,  0.116393
0.8795,  0.108650
0.8800,  0.106914
0.8805,  0.098656
0.8810,  0.091464
0.8815,  0.082839
0.8820,  0.080987
0.8825,  0.094121
0.8830,  0.117770
0.8835,  0.134339
0.8840,  0.136597
0.8845,  0.128227
0.8850,  0.107551
0.8855,  0.089367
0.8860,  0.076990
0.8865,  0.087796
0.8870,  0.094428
0.8875,  0.107744
0.8880,  0.118677
0.8885,  0.122641
0.8890,  0.127545
0.8895,  0.128964
0.8900,  0.115236
