0.7670,  0.266412
0.7675,  0.234527
0.7680,  0.220228
0.7685,  0.215537
0.7690,  0.208626
0.7695,  0.208243
0.7700,  0.201717
0.7705,  0.198610
0.7710,  0.195262
0.7715,  0.193867
0.7720,  0.190737
0.7725,  0.187555
0.7730,  0.187168
0.7735,  0.180430
0.7740,  0.174244
0.7745,  0.170445
0.7750,  0.171721
0.7755,  0.175690
0.7760,  0.179993
0.7765,  0.187813
0.7770,  0.192228
0.7775,  0.190779
0.7780,  0.185638
0.7785,  0.180147
0.7790,  0.173450
0.7795,  0.176060
0.7800,  0.180032
0.7805,  0.180578
0.7810,  0.179906
0.7815,  0.177557
0.7820,  0.177922
0.7825,  0.175465
0.7830,  0.172964
0.7835,  0.175040
0.7840,  0.175056
0.7845,  0.167105
0.7850,  0.167755
0.7855,  0.171178
0.7860,  0.176725
0.7865,  0.180426
0.7870,  0.188477
0.7875,  0.196490
0.7880,  0.208615
0.7885,  0.217100
0.7890,  0.218744
0.7895,  0.215381
0.7900,  0.210152
0.7905,  0.209874
0.7910,  0.214793
0.7915,  0.215438
0.7920,  0.211293
0.7925,  0.198764
0.7930,  0.195685
0.7935,  0.191152
0.7940,  0.192928
0.7945,  0.200641
0.7950,  0.210586
0.7955,  0.220620
0.7960,  0.219759
0.7965,  0.214306
0.7970,  0.207070
0.7975,  0.205082
0.7980,  0.201810
0.7985,  0.202318
0.7990,  0.206204
0.7995,  0.210684
0.8000,  0.209437
0.8005,  0.208922
0.8010,  0.215916
0.8015,  0.213647
0.8020,  0.214712
0.8025,  0.217099
0.8030,  0.218802
0.8035,  0.214891
0.8040,  0.212070
0.8045,  0.205297
0.8050,  0.192171
0.8055,  0.184916
0.8060,  0.186598
0.8065,  0.193944
0.8070,  0.191835
0.8075,  0.190158
0.8080,  0.192085
0.8085,  0.191204
0.8090,  0.192392
0.8095,  0.205052
0.8100,  0.221785
