0.3500,  0.333036
0.3505,  0.404137
0.3510,  0.374295
0.3515,  0.334715
0.3520,  0.286780
0.3525,  0.243269
0.3530,  0.294751
0.3535,  0.338267
0.3540,  0.365504
0.3545,  0.388607
0.3550,  0.372648
0.3555,  0.356961
0.3560,  0.322315
0.3565,  0.276741
0.3570,  0.240302
0.3575,  0.192757
0.3580,  0.147697
0.3585,  0.086623
0.3590,  0.252473
0.3595,  0.394111
0.3600,  0.384999
0.3605,  0.373418
0.3610,  0.329671
0.3615,  0.271995
0.3620,  0.312298
0.3625,  0.352693
0.3630,  0.332496
0.3635,  0.312586
0.3640,  0.303290
0.3645,  0.289250
0.3650,  0.318767
0.3655,  0.347662
0.3660,  0.359988
0.3665,  0.381666
0.3670,  0.362257
0.3675,  0.342642
0.3680,  0.307853
0.3685,  0.273597
0.3690,  0.315531
0.3695,  0.357013
0.3700,  0.325806
0.3705,  0.293526
0.3710,  0.311689
0.3715,  0.333995
0.3720,  0.307603
0.3725,  0.284033
0.3730,  0.250153
0.3735,  0.205776
0.3740,  0.209301
0.3745,  0.209833
0.3750,  0.283383
0.3755,  0.350322
0.3760,  0.352209
0.3765,  0.338693
0.3770,  0.387019
0.3775,  0.433469
0.3780,  0.424926
0.3785,  0.424055
0.3790,  0.330464
0.3795,  0.229398
0.3800,  0.284601
0.3805,  0.345996
0.3810,  0.322370
0.3815,  0.304177
0.3820,  0.224328
0.3825,  0.127546
0.3830,  0.107167
0.3835,  0.065097
0.3840,  0.217930
0.3845,  0.329126
0.3850,  0.328888
0.3855,  0.334089
0.3860,  0.317840
0.3865,  0.306074
0.3870,  0.301776
0.3875,  0.300532
0.3880,  0.287162
0.3885,  0.269379
0.3890,  0.330523
0.3895,  0.378578
0.3900,  0.379503
0.3905,  0.379010
0.3910,  0.395027
0.3915,  0.429212
0.3920,  0.340992
0.3925,  0.247794
0.3930,  0.079527
0.3935,  -0.165029
0.3940,  0.109904
0.3945,  0.303815
0.3950,  0.400782
0.3955,  0.497465
0.3960,  0.341930
0.3965,  0.145927
0.3970,  0.169384
0.3975,  0.166146
0.3980,  0.351454
0.3985,  0.478130
0.3990,  0.458975
0.3995,  0.445646
0.4000,  0.408997
0.4005,  0.378881
0.4010,  0.367317
0.4015,  0.361765
0.4020,  0.353485
0.4025,  0.351596
0.4030,  0.328779
0.4035,  0.305562
0.4040,  0.299280
0.4045,  0.297851
0.4050,  0.298280
0.4055,  0.298671
0.4060,  0.283431
0.4065,  0.268580
0.4070,  0.281569
0.4075,  0.290149
0.4080,  0.313686
0.4085,  0.336313
0.4090,  0.331477
0.4095,  0.330307
0.4100,  0.288616
0.4105,  0.238133
0.4110,  0.304071
0.4115,  0.365047
0.4120,  0.352929
0.4125,  0.336113
0.4130,  0.319451
0.4135,  0.306077
0.4140,  0.297580
0.4145,  0.289124
0.4150,  0.285845
0.4155,  0.281501
0.4160,  0.302839
0.4165,  0.329179
0.4170,  0.293229
0.4175,  0.254510
0.4180,  0.263912
0.4185,  0.273052
0.4190,  0.279884
0.4195,  0.280220
0.4200,  0.293306
0.4205,  0.306068
0.4210,  0.313414
0.4215,  0.324006
0.4220,  0.278004
0.4225,  0.227099
0.4230,  0.259075
0.4235,  0.291970
0.4240,  0.304889
0.4245,  0.321772
0.4250,  0.310470
0.4255,  0.293822
0.4260,  0.296098
0.4265,  0.294900
0.4270,  0.263903
0.4275,  0.235988
0.4280,  0.248000
0.4285,  0.265767
0.4290,  0.256187
0.4295,  0.249398
0.4300,  0.171233
0.4305,  0.069198
0.4310,  0.249109
0.4315,  0.385815
0.4320,  0.355227
0.4325,  0.324039
0.4330,  0.328997
0.4335,  0.334306
0.4340,  0.310022
0.4345,  0.285066
0.4350,  0.283835
0.4355,  0.281529
0.4360,  0.320025
0.4365,  0.359482
0.4370,  0.330242
0.4375,  0.307007
0.4380,  0.258620
0.4385,  0.203655
0.4390,  0.271542
0.4395,  0.329329
0.4400,  0.299516
0.4405,  0.265088
0.4410,  0.305001
0.4415,  0.341275
0.4420,  0.339098
0.4425,  0.335771
0.4430,  0.310648
0.4435,  0.290876
0.4440,  0.301999
0.4445,  0.316846
0.4450,  0.287265
0.4455,  0.255435
0.4460,  0.271026
0.4465,  0.282275
0.4470,  0.313722
0.4475,  0.343511
0.4480,  0.315040
0.4485,  0.282772
0.4490,  0.283756
0.4495,  0.286864
0.4500,  0.306573
0.4505,  0.324676
0.4510,  0.316048
0.4515,  0.310307
0.4520,  0.281925
0.4525,  0.252818
0.4530,  0.263462
0.4535,  0.273283
0.4540,  0.281321
0.4545,  0.283414
0.4550,  0.292428
0.4555,  0.301534
0.4560,  0.302870
0.4565,  0.304738
0.4570,  0.306294
0.4575,  0.310447
0.4580,  0.284876
0.4585,  0.262603
0.4590,  0.274936
0.4595,  0.283562
0.4600,  0.287254
0.4605,  0.291044
0.4610,  0.291265
0.4615,  0.290048
0.4620,  0.296037
0.4625,  0.303137
0.4630,  0.287851
0.4635,  0.279334
0.4640,  0.272288
0.4645,  0.263389
0.4650,  0.283777
0.4655,  0.304818
0.4660,  0.284422
0.4665,  0.263178
0.4670,  0.286321
0.4675,  0.307579
0.4680,  0.301823
0.4685,  0.299706
0.4690,  0.299478
0.4695,  0.303936
0.4700,  0.283825
0.4705,  0.258267
0.4710,  0.286300
0.4715,  0.316202
0.4720,  0.316415
0.4725,  0.317407
0.4730,  0.308573
0.4735,  0.298837
0.4740,  0.309970
0.4745,  0.321075
0.4750,  0.312964
0.4755,  0.303492
0.4760,  0.289180
0.4765,  0.275594
0.4770,  0.300323
0.4775,  0.322951
0.4780,  0.304314
0.4785,  0.286841
0.4790,  0.300658
0.4795,  0.313352
0.4800,  0.306600
0.4805,  0.301030
0.4810,  0.311827
0.4815,  0.322400
0.4820,  0.307821
0.4825,  0.298614
0.4830,  0.302212
0.4835,  0.307413
0.4840,  0.308804
0.4845,  0.311847
0.4850,  0.299603
0.4855,  0.288300
0.4860,  0.256537
0.4865,  0.210684
0.4870,  0.259903
0.4875,  0.301028
0.4880,  0.309187
0.4885,  0.315242
0.4890,  0.312979
0.4895,  0.314988
0.4900,  0.318648
0.4905,  0.326636
0.4910,  0.306257
0.4915,  0.286673
0.4920,  0.287684
0.4925,  0.285438
0.4930,  0.281026
0.4935,  0.273251
0.4940,  0.302992
0.4945,  0.333941
0.4950,  0.300478
0.4955,  0.269624
0.4960,  0.289300
0.4965,  0.307930
0.4970,  0.309877
0.4975,  0.315482
0.4980,  0.287377
0.4985,  0.257160
0.4990,  0.284486
0.4995,  0.311962
0.5000,  0.291875
0.5005,  0.270619
0.5010,  0.265842
0.5015,  0.257559
0.5020,  0.275928
0.5025,  0.293730
0.5030,  0.304197
0.5035,  0.310871
0.5040,  0.293603
0.5045,  0.274119
0.5050,  0.294540
0.5055,  0.314156
0.5060,  0.302439
0.5065,  0.295290
0.5070,  0.286847
0.5075,  0.278542
0.5080,  0.281762
0.5085,  0.282360
0.5090,  0.279503
0.5095,  0.275840
0.5100,  0.279613
0.5105,  0.284247
0.5110,  0.294540
0.5115,  0.305651
0.5120,  0.280593
0.5125,  0.256576
0.5130,  0.262170
0.5135,  0.264217
0.5140,  0.271571
0.5145,  0.277276
0.5150,  0.287639
0.5155,  0.304236
0.5160,  0.267639
0.5165,  0.226918
0.5170,  0.252735
0.5175,  0.271147
0.5180,  0.250872
0.5185,  0.224300
0.5190,  0.257176
0.5195,  0.287532
0.5200,  0.277468
0.5205,  0.269778
0.5210,  0.282662
0.5215,  0.296732
0.5220,  0.274926
0.5225,  0.251302
0.5230,  0.264921
0.5235,  0.274487
0.5240,  0.282344
0.5245,  0.294517
0.5250,  0.291366
0.5255,  0.294417
0.5260,  0.248112
0.5265,  0.194048
0.5270,  0.233089
0.5275,  0.263351
0.5280,  0.269400
0.5285,  0.275865
0.5290,  0.273798
0.5295,  0.271120
0.5300,  0.272194
0.5305,  0.275549
0.5310,  0.278702
0.5315,  0.286399
0.5320,  0.250943
0.5325,  0.211103
0.5330,  0.249346
0.5335,  0.283599
0.5340,  0.266453
0.5345,  0.247846
0.5350,  0.272348
0.5355,  0.299151
0.5360,  0.274182
0.5365,  0.248478
0.5370,  0.250669
0.5375,  0.253990
0.5380,  0.260840
0.5385,  0.270239
0.5390,  0.258416
0.5395,  0.247743
0.5400,  0.237007
0.5405,  0.224602
0.5410,  0.250674
0.5415,  0.275147
0.5420,  0.260701
0.5425,  0.246210
0.5430,  0.257376
0.5435,  0.266707
0.5440,  0.264856
0.5445,  0.264013
0.5450,  0.267691
0.5455,  0.271630
0.5460,  0.268872
0.5465,  0.265373
0.5470,  0.254876
0.5475,  0.245539
0.5480,  0.250606
0.5485,  0.254483
0.5490,  0.259124
0.5495,  0.264634
0.5500,  0.257453
0.5505,  0.250459
0.5510,  0.252779
0.5515,  0.255874
0.5520,  0.252378
0.5525,  0.248066
0.5530,  0.254934
0.5535,  0.260453
0.5540,  0.261923
0.5545,  0.264370
0.5550,  0.267805
0.5555,  0.271607
0.5560,  0.257922
0.5565,  0.244824
0.5570,  0.254410
0.5575,  0.264765
0.5580,  0.255503
0.5585,  0.244508
0.5590,  0.249093
0.5595,  0.252632
0.5600,  0.256586
0.5605,  0.260311
0.5610,  0.254165
0.5615,  0.249287
0.5620,  0.254622
0.5625,  0.260701
0.5630,  0.264461
0.5635,  0.269289
0.5640,  0.271095
0.5645,  0.272764
0.5650,  0.262416
0.5655,  0.249918
0.5660,  0.255052
0.5665,  0.260779
0.5670,  0.274504
0.5675,  0.288742
0.5680,  0.273311
0.5685,  0.257949
0.5690,  0.272725
0.5695,  0.287789
0.5700,  0.268492
0.5705,  0.246224
0.5710,  0.255277
0.5715,  0.260118
0.5720,  0.270349
0.5725,  0.280969
0.5730,  0.274262
0.5735,  0.270587
0.5740,  0.269051
0.5745,  0.268216
0.5750,  0.260060
0.5755,  0.251253
0.5760,  0.254743
0.5765,  0.259208
0.5770,  0.263363
0.5775,  0.268152
0.5780,  0.250168
0.5785,  0.229784
0.5790,  0.237249
0.5795,  0.246491
0.5800,  0.246990
0.5805,  0.246765
0.5810,  0.247414
0.5815,  0.250351
0.5820,  0.253164
0.5825,  0.255612
0.5830,  0.252730
0.5835,  0.250803
0.5840,  0.252306
0.5845,  0.257425
0.5850,  0.244567
0.5855,  0.229736
0.5860,  0.244273
0.5865,  0.260948
0.5870,  0.277177
0.5875,  0.299271
0.5880,  0.296172
0.5885,  0.290513
0.5890,  0.266095
0.5895,  0.230277
0.5900,  0.279416
0.5905,  0.324765
0.5910,  0.316824
0.5915,  0.306927
0.5920,  0.305194
0.5925,  0.302661
0.5930,  0.292962
0.5935,  0.292244
0.5940,  0.288910
0.5945,  0.283894
0.5950,  0.287786
0.5955,  0.287695
0.5960,  0.289877
0.5965,  0.290999
0.5970,  0.279874
0.5975,  0.270797
0.5980,  0.263416
0.5985,  0.258345
0.5990,  0.264805
0.5995,  0.269927
0.6000,  0.264259
0.6005,  0.260140
0.6010,  0.261575
0.6015,  0.259472
0.6020,  0.246270
0.6025,  0.232163
0.6030,  0.245303
0.6035,  0.260226
0.6040,  0.258194
0.6045,  0.259402
0.6050,  0.259050
0.6055,  0.254701
0.6060,  0.251934
0.6065,  0.251481
0.6070,  0.251436
0.6075,  0.250669
0.6080,  0.248590
0.6085,  0.247804
0.6090,  0.252195
0.6095,  0.256971
0.6100,  0.249881
0.6105,  0.239939
0.6110,  0.250412
0.6115,  0.262003
0.6120,  0.254253
0.6125,  0.244323
0.6130,  0.240440
0.6135,  0.238300
0.6140,  0.247882
0.6145,  0.259638
0.6150,  0.265458
0.6155,  0.268220
0.6160,  0.240328
0.6165,  0.209737
0.6170,  0.232984
0.6175,  0.255794
0.6180,  0.260656
0.6185,  0.265199
0.6190,  0.262628
0.6195,  0.257352
0.6200,  0.262745
0.6205,  0.268964
0.6210,  0.258176
0.6215,  0.246505
0.6220,  0.252294
0.6225,  0.261838
0.6230,  0.254574
0.6235,  0.250109
0.6240,  0.252826
0.6245,  0.253580
0.6250,  0.250429
0.6255,  0.245401
0.6260,  0.262154
0.6265,  0.278200
0.6270,  0.279997
0.6275,  0.279494
0.6280,  0.280372
0.6285,  0.283249
0.6290,  0.284529
0.6295,  0.285354
0.6300,  0.282790
0.6305,  0.277191
0.6310,  0.271385
0.6315,  0.268411
0.6320,  0.263675
0.6325,  0.260833
0.6330,  0.260469
0.6335,  0.261438
0.6340,  0.262329
0.6345,  0.265375
0.6350,  0.269743
0.6355,  0.269737
0.6360,  0.268338
0.6365,  0.264782
0.6370,  0.259479
0.6375,  0.254916
0.6380,  0.252043
0.6385,  0.250087
0.6390,  0.251239
0.6395,  0.251899
0.6400,  0.252258
0.6405,  0.251756
0.6410,  0.247920
0.6415,  0.248535
0.6420,  0.247685
0.6425,  0.246300
0.6430,  0.244539
0.6435,  0.245560
0.6440,  0.249955
0.6445,  0.259084
0.6450,  0.270569
0.6455,  0.277079
0.6460,  0.282961
0.6465,  0.289331
0.6470,  0.295220
0.6475,  0.292861
0.6480,  0.290309
0.6485,  0.285322
0.6490,  0.279381
0.6495,  0.280271
0.6500,  0.282540
0.6505,  0.287786
0.6510,  0.293395
0.6515,  0.292210
0.6520,  0.285175
0.6525,  0.280438
0.6530,  0.279094
0.6535,  0.272086
0.6540,  0.272541
0.6545,  0.279546
0.6550,  0.291092
0.6555,  0.287669
0.6560,  0.268657
0.6565,  0.235782
0.6570,  0.196135
0.6575,  0.205988
0.6580,  0.218249
0.6585,  0.234363
0.6590,  0.250791
0.6595,  0.246117
0.6600,  0.240402
0.6605,  0.232580
0.6610,  0.229654
0.6615,  0.224627
0.6620,  0.224519
0.6625,  0.225724
0.6630,  0.224223
0.6635,  0.228296
0.6640,  0.234020
0.6645,  0.236087
0.6650,  0.237920
0.6655,  0.236691
0.6660,  0.232782
0.6665,  0.223780
0.6670,  0.215809
0.6675,  0.217696
0.6680,  0.220200
0.6685,  0.221849
0.6690,  0.227539
0.6695,  0.227068
0.6700,  0.227063
0.6705,  0.227441
0.6710,  0.229095
0.6715,  0.229602
0.6720,  0.228281
0.6725,  0.228867
0.6730,  0.226444
0.6735,  0.220778
0.6740,  0.216855
0.6745,  0.213796
0.6750,  0.211676
0.6755,  0.215362
0.6760,  0.218986
0.6765,  0.220016
0.6770,  0.220494
0.6775,  0.220796
0.6780,  0.221576
0.6785,  0.221562
0.6790,  0.219957
0.6795,  0.218280
0.6800,  0.215970
0.6805,  0.216108
0.6810,  0.219032
0.6815,  0.219375
0.6820,  0.223330
0.6825,  0.223684
0.6830,  0.227846
0.6835,  0.229892
0.6840,  0.228757
0.6845,  0.232557
0.6850,  0.236986
0.6855,  0.263164
0.6860,  0.297673
0.6865,  0.328627
0.6870,  0.350207
0.6875,  0.351130
0.6880,  0.348621
0.6885,  0.339945
0.6890,  0.332093
0.6895,  0.324368
0.6900,  0.318026
0.6905,  0.312563
0.6910,  0.306485
0.6915,  0.305769
0.6920,  0.311584
0.6925,  0.323499
0.6930,  0.333368
0.6935,  0.334852
0.6940,  0.334056
0.6945,  0.328428
0.6950,  0.314910
0.6955,  0.299193
0.6960,  0.285399
0.6965,  0.279339
0.6970,  0.277006
0.6975,  0.285672
0.6980,  0.297481
0.6985,  0.306239
0.6990,  0.313433
0.6995,  0.315675
0.7000,  0.314366
0.7005,  0.314482
0.7010,  0.309997
0.7015,  0.311069
0.7020,  0.304980
0.7025,  0.298959
0.7030,  0.294493
0.7035,  0.296578
0.7040,  0.298205
0.7045,  0.301742
0.7050,  0.305639
0.7055,  0.303176
0.7060,  0.299479
0.7065,  0.290179
0.7070,  0.284770
0.7075,  0.276424
0.7080,  0.266766
0.7085,  0.257030
0.7090,  0.252606
0.7095,  0.253970
0.7100,  0.252281
0.7105,  0.257026
0.7110,  0.265432
0.7115,  0.265390
0.7120,  0.266026
0.7125,  0.267662
0.7130,  0.267214
0.7135,  0.269561
0.7140,  0.272571
0.7145,  0.280737
0.7150,  0.296807
0.7155,  0.322871
0.7160,  0.369486
0.7165,  0.422595
0.7170,  0.474675
0.7175,  0.512749
0.7180,  0.541100
0.7185,  0.561122
0.7190,  0.564202
0.7195,  0.554511
0.7200,  0.525259
0.7205,  0.484889
0.7210,  0.442793
0.7215,  0.423477
0.7220,  0.428765
0.7225,  0.446925
0.7230,  0.467137
0.7235,  0.488800
0.7240,  0.507326
0.7245,  0.511510
0.7250,  0.513872
0.7255,  0.511089
0.7260,  0.511275
0.7265,  0.510549
0.7270,  0.502958
0.7275,  0.497076
0.7280,  0.493355
0.7285,  0.489210
0.7290,  0.485043
0.7295,  0.487012
0.7300,  0.485542
0.7305,  0.476466
0.7310,  0.453893
0.7315,  0.427331
0.7320,  0.398930
0.7325,  0.375022
0.7330,  0.348366
0.7335,  0.333114
0.7340,  0.318927
0.7345,  0.312402
0.7350,  0.312288
0.7355,  0.313590
0.7360,  0.313558
0.7365,  0.310892
0.7370,  0.307186
0.7375,  0.296764
0.7380,  0.285932
0.7385,  0.283862
0.7390,  0.275059
0.7395,  0.266821
0.7400,  0.260045
0.7405,  0.256578
0.7410,  0.254904
0.7415,  0.257937
0.7420,  0.262683
0.7425,  0.265281
0.7430,  0.268032
0.7435,  0.255521
0.7440,  0.248413
0.7445,  0.241102
0.7450,  0.235038
0.7455,  0.231011
0.7460,  0.230618
0.7465,  0.228321
0.7470,  0.232734
0.7475,  0.236516
0.7480,  0.241416
0.7485,  0.244263
0.7490,  0.241831
0.7495,  0.240505
0.7500,  0.239499
0.7505,  0.240745
0.7510,  0.237795
0.7515,  0.231278
0.7520,  0.230771
0.7525,  0.223877
0.7530,  0.223650
0.7535,  0.219617
0.7540,  0.217741
0.7545,  0.215847
0.7550,  0.215903
0.7555,  0.215991
0.7560,  0.215167
0.7565,  0.215849
0.7570,  0.219426
0.7575,  0.232678
0.7580,  0.270674
0.7585,  0.345738
0.7590,  0.468121
0.7595,  0.622382
0.7600,  0.746303
0.7605,  0.797238
0.7610,  0.789708
0.7615,  0.756683
0.7620,  0.740489
0.7625,  0.732789
0.7630,  0.715870
0.7635,  0.673239
0.7640,  0.618239
0.7645,  0.569064
0.7650,  0.524015
0.7655,  0.474585
0.7660,  0.423689
0.7665,  0.369812
0.7670,  0.325970
0.7675,  0.303290
0.7680,  0.287929
0.7685,  0.272229
0.7690,  0.263266
0.7695,  0.257095
0.7700,  0.255342
0.7705,  0.251967
0.7710,  0.245622
0.7715,  0.245080
0.7720,  0.240969
0.7725,  0.234845
0.7730,  0.232240
0.7735,  0.225615
0.7740,  0.220927
0.7745,  0.213502
0.7750,  0.211170
0.7755,  0.207986
0.7760,  0.205912
0.7765,  0.211345
0.7770,  0.217406
0.7775,  0.218512
0.7780,  0.214968
0.7785,  0.215817
0.7790,  0.220939
0.7795,  0.220520
0.7800,  0.216023
0.7805,  0.210098
0.7810,  0.210827
0.7815,  0.210281
0.7820,  0.214622
0.7825,  0.218145
0.7830,  0.218289
0.7835,  0.211778
0.7840,  0.214236
0.7845,  0.218175
0.7850,  0.226594
0.7855,  0.231857
0.7860,  0.229404
0.7865,  0.237788
0.7870,  0.243391
0.7875,  0.253427
0.7880,  0.261728
0.7885,  0.265159
0.7890,  0.278522
0.7895,  0.277443
0.7900,  0.279106
0.7905,  0.280855
0.7910,  0.274473
0.7915,  0.273249
0.7920,  0.267875
0.7925,  0.267361
0.7930,  0.269798
0.7935,  0.268529
0.7940,  0.261825
0.7945,  0.261020
0.7950,  0.264075
0.7955,  0.269784
0.7960,  0.278339
0.7965,  0.280865
0.7970,  0.286017
0.7975,  0.273470
0.7980,  0.267094
0.7985,  0.259497
0.7990,  0.250583
0.7995,  0.243528
0.8000,  0.251469
0.8005,  0.263213
0.8010,  0.281347
0.8015,  0.287068
0.8020,  0.286045
0.8025,  0.277103
0.8030,  0.267780
0.8035,  0.248975
0.8040,  0.240526
0.8045,  0.236612
0.8050,  0.227321
0.8055,  0.229774
0.8060,  0.232968
0.8065,  0.244875
0.8070,  0.249830
0.8075,  0.248886
0.8080,  0.248203
0.8085,  0.250144
0.8090,  0.245599
0.8095,  0.249462
0.8100,  0.263305
0.8105,  0.284402
0.8110,  0.295194
0.8115,  0.316427
0.8120,  0.342929
0.8125,  0.380235
0.8130,  0.418920
0.8135,  0.458453
0.8140,  0.492753
0.8145,  0.508944
0.8150,  0.527227
0.8155,  0.531849
0.8160,  0.527334
0.8165,  0.531233
0.8170,  0.533053
0.8175,  0.530267
0.8180,  0.525222
0.8185,  0.513555
0.8190,  0.490735
0.8195,  0.459519
0.8200,  0.431344
0.8205,  0.411105
0.8210,  0.415191
0.8215,  0.445875
0.8220,  0.490802
0.8225,  0.514631
0.8230,  0.502897
0.8235,  0.469377
0.8240,  0.429785
0.8245,  0.406797
0.8250,  0.390475
0.8255,  0.377155
0.8260,  0.374970
0.8265,  0.378036
0.8270,  0.388768
0.8275,  0.406760
0.8280,  0.423548
0.8285,  0.423798
0.8290,  0.423761
0.8295,  0.410261
0.8300,  0.393268
0.8305,  0.378395
0.8310,  0.382745
0.8315,  0.372067
0.8320,  0.368467
0.8325,  0.370428
0.8330,  0.355716
0.8335,  0.333631
0.8340,  0.306994
0.8345,  0.300223
0.8350,  0.302397
0.8355,  0.302248
0.8360,  0.301069
0.8365,  0.295407
0.8370,  0.281075
0.8375,  0.266836
0.8380,  0.254698
0.8385,  0.251223
0.8390,  0.245163
0.8395,  0.233427
0.8400,  0.228635
0.8405,  0.227916
0.8410,  0.227567
0.8415,  0.225777
0.8420,  0.224380
0.8425,  0.221703
0.8430,  0.222622
0.8435,  0.222991
0.8440,  0.218301
0.8445,  0.210006
0.8450,  0.207596
0.8455,  0.207828
0.8460,  0.205774
0.8465,  0.207013
0.8470,  0.217111
0.8475,  0.221605
0.8480,  0.229457
0.8485,  0.222666
0.8490,  0.222342
0.8495,  0.213619
0.8500,  0.199592
0.8505,  0.194880
0.8510,  0.191829
0.8515,  0.200531
0.8520,  0.221579
0.8525,  0.219609
0.8530,  0.229026
0.8535,  0.222991
0.8540,  0.196230
0.8545,  0.203981
0.8550,  0.189069
0.8555,  0.169390
0.8560,  0.173147
0.8565,  0.170674
0.8570,  0.174890
0.8575,  0.180258
0.8580,  0.201773
0.8585,  0.197706
0.8590,  0.189843
0.8595,  0.184082
0.8600,  0.180451
0.8605,  0.176375
0.8610,  0.181498
0.8615,  0.181401
0.8620,  0.187914
0.8625,  0.189250
0.8630,  0.182014
0.8635,  0.180973
0.8640,  0.178678
0.8645,  0.175696
0.8650,  0.183337
0.8655,  0.184622
0.8660,  0.175972
0.8665,  0.168159
0.8670,  0.150949
0.8675,  0.137028
0.8680,  0.138284
0.8685,  0.145515
0.8690,  0.145321
0.8695,  0.154915
0.8700,  0.174438
0.8705,  0.189298
0.8710,  0.194563
0.8715,  0.180746
0.8720,  0.169456
0.8725,  0.158336
0.8730,  0.162091
0.8735,  0.168001
0.8740,  0.176663
0.8745,  0.183740
0.8750,  0.194012
0.8755,  0.194340
0.8760,  0.183500
0.8765,  0.176030
0.8770,  0.163070
0.8775,  0.168078
0.8780,  0.196366
0.8785,  0.189430
0.8790,  0.193668
0.8795,  0.193274
0.8800,  0.185151
0.8805,  0.187327
0.8810,  0.185004
0.8815,  0.176269
0.8820,  0.186523
0.8825,  0.194083
0.8830,  0.181340
0.8835,  0.168479
0.8840,  0.164839
0.8845,  0.165296
0.8850,  0.181255
0.8855,  0.188680
0.8860,  0.199111
0.8865,  0.190546
0.8870,  0.202930
0.8875,  0.202244
0.8880,  0.184439
0.8885,  0.176762
0.8890,  0.176793
0.8895,  0.175845
0.8900,  0.165487
