0.6570,  0.065901
0.6575,  0.076377
0.6580,  0.091931
0.6585,  0.110118
0.6590,  0.125274
0.6595,  0.119692
0.6600,  0.114954
0.6605,  0.110956
0.6610,  0.111474
0.6615,  0.109515
0.6620,  0.107206
0.6625,  0.107236
0.6630,  0.111569
0.6635,  0.115406
0.6640,  0.116316
0.6645,  0.116667
0.6650,  0.119462
0.6655,  0.117202
0.6660,  0.113667
0.6665,  0.106485
0.6670,  0.101878
0.6675,  0.104140
0.6680,  0.105703
0.6685,  0.110542
0.6690,  0.115109
0.6695,  0.114077
0.6700,  0.115510
0.6705,  0.116662
0.6710,  0.114178
0.6715,  0.112816
0.6720,  0.111459
0.6725,  0.109540
0.6730,  0.108053
0.6735,  0.104055
0.6740,  0.102523
0.6745,  0.103598
0.6750,  0.104322
0.6755,  0.107635
0.6760,  0.111033
0.6765,  0.114875
0.6770,  0.116362
0.6775,  0.116042
0.6780,  0.114353
0.6785,  0.110867
0.6790,  0.107313
0.6795,  0.106347
0.6800,  0.105166
0.6805,  0.104119
0.6810,  0.103142
0.6815,  0.105287
0.6820,  0.109538
0.6825,  0.113901
0.6830,  0.117716
0.6835,  0.119414
0.6840,  0.119869
0.6845,  0.118248
0.6850,  0.125804
0.6855,  0.151320
0.6860,  0.190508
0.6865,  0.222391
0.6870,  0.237816
0.6875,  0.233660
0.6880,  0.231534
0.6885,  0.227059
0.6890,  0.223350
0.6895,  0.214365
0.6900,  0.203464
0.6905,  0.195406
0.6910,  0.188763
