0.7400,  0.208335
0.7405,  0.197993
0.7410,  0.193726
0.7415,  0.194888
0.7420,  0.193010
0.7425,  0.192217
0.7430,  0.191975
0.7435,  0.186495
0.7440,  0.186799
0.7445,  0.187296
0.7450,  0.187152
0.7455,  0.191121
0.7460,  0.196476
0.7465,  0.194775
0.7470,  0.191455
0.7475,  0.184576
0.7480,  0.184159
0.7485,  0.182971
0.7490,  0.181621
0.7495,  0.183700
0.7500,  0.183217
0.7505,  0.184712
0.7510,  0.183687
0.7515,  0.182962
0.7520,  0.184900
0.7525,  0.186065
0.7530,  0.184253
0.7535,  0.184479
0.7540,  0.185133
0.7545,  0.184961
0.7550,  0.185272
0.7555,  0.187073
0.7560,  0.188284
0.7565,  0.190626
0.7570,  0.192687
0.7575,  0.209449
0.7580,  0.259849
0.7585,  0.354824
0.7590,  0.499388
