0.7670,  0.222161
0.7675,  0.207963
0.7680,  0.195082
0.7685,  0.181711
0.7690,  0.170518
0.7695,  0.161300
0.7700,  0.153306
0.7705,  0.146206
0.7710,  0.140300
0.7715,  0.140710
0.7720,  0.142915
0.7725,  0.139791
0.7730,  0.139632
0.7735,  0.136477
0.7740,  0.133126
0.7745,  0.125766
0.7750,  0.117923
0.7755,  0.114674
0.7760,  0.114012
0.7765,  0.117073
0.7770,  0.119734
0.7775,  0.118985
0.7780,  0.118859
0.7785,  0.120434
0.7790,  0.118265
0.7795,  0.124821
0.7800,  0.127795
0.7805,  0.127808
0.7810,  0.129862
0.7815,  0.126945
0.7820,  0.125974
0.7825,  0.123111
0.7830,  0.113585
0.7835,  0.110747
0.7840,  0.116037
0.7845,  0.123678
0.7850,  0.132817
0.7855,  0.136890
0.7860,  0.140201
0.7865,  0.143890
0.7870,  0.144022
0.7875,  0.144471
0.7880,  0.148655
0.7885,  0.156944
0.7890,  0.165485
0.7895,  0.170976
0.7900,  0.173595
0.7905,  0.172203
0.7910,  0.168820
0.7915,  0.166044
0.7920,  0.168891
0.7925,  0.164787
0.7930,  0.149500
0.7935,  0.145331
0.7940,  0.139942
0.7945,  0.143142
0.7950,  0.146057
0.7955,  0.153503
0.7960,  0.157383
0.7965,  0.164529
0.7970,  0.159952
0.7975,  0.159478
0.7980,  0.159554
0.7985,  0.156854
0.7990,  0.155164
0.7995,  0.156843
0.8000,  0.156075
0.8005,  0.155809
0.8010,  0.156135
0.8015,  0.154066
0.8020,  0.152233
0.8025,  0.155244
0.8030,  0.157172
0.8035,  0.153786
0.8040,  0.144355
0.8045,  0.141824
0.8050,  0.141233
0.8055,  0.136913
0.8060,  0.133744
0.8065,  0.135884
0.8070,  0.141526
0.8075,  0.140217
0.8080,  0.141957
0.8085,  0.145137
0.8090,  0.144069
0.8095,  0.151947
0.8100,  0.162871
