0.3500,  0.358165
0.3505,  0.433468
0.3510,  0.407803
0.3515,  0.358756
0.3520,  0.307528
0.3525,  0.258033
0.3530,  0.305136
0.3535,  0.360401
0.3540,  0.396438
0.3545,  0.437382
0.3550,  0.408924
0.3555,  0.382764
0.3560,  0.332842
0.3565,  0.287089
0.3570,  0.254575
0.3575,  0.210140
0.3580,  0.162186
0.3585,  0.096900
0.3590,  0.255693
0.3595,  0.397752
0.3600,  0.391451
0.3605,  0.384218
0.3610,  0.336884
0.3615,  0.286094
0.3620,  0.334371
0.3625,  0.377859
0.3630,  0.363132
0.3635,  0.347610
0.3640,  0.337035
0.3645,  0.318556
0.3650,  0.345718
0.3655,  0.375268
0.3660,  0.391085
0.3665,  0.406761
0.3670,  0.378979
0.3675,  0.356212
0.3680,  0.321490
0.3685,  0.283801
0.3690,  0.328783
0.3695,  0.375548
0.3700,  0.343762
0.3705,  0.310606
0.3710,  0.337780
0.3715,  0.370131
0.3720,  0.344480
0.3725,  0.312243
0.3730,  0.275049
0.3735,  0.238741
0.3740,  0.246963
0.3745,  0.245906
0.3750,  0.320121
0.3755,  0.378907
0.3760,  0.368562
0.3765,  0.344905
0.3770,  0.387918
0.3775,  0.430835
0.3780,  0.426762
0.3785,  0.436888
0.3790,  0.342901
0.3795,  0.241491
0.3800,  0.303712
0.3805,  0.365708
0.3810,  0.342143
0.3815,  0.329292
0.3820,  0.249223
0.3825,  0.150358
0.3830,  0.125661
0.3835,  0.076311
0.3840,  0.237564
0.3845,  0.358641
0.3850,  0.360723
0.3855,  0.365377
0.3860,  0.347168
0.3865,  0.333959
0.3870,  0.330076
0.3875,  0.324558
0.3880,  0.300101
0.3885,  0.272210
0.3890,  0.327031
0.3895,  0.373084
0.3900,  0.374961
0.3905,  0.374774
0.3910,  0.395682
0.3915,  0.437048
0.3920,  0.352806
0.3925,  0.267937
0.3930,  0.096801
0.3935,  -0.165373
0.3940,  0.117098
0.3945,  0.319078
0.3950,  0.421088
0.3955,  0.523236
0.3960,  0.361411
0.3965,  0.152034
0.3970,  0.169743
0.3975,  0.158538
0.3980,  0.346469
0.3985,  0.476940
0.3990,  0.457169
0.3995,  0.446667
0.4000,  0.411580
0.4005,  0.381343
0.4010,  0.369897
0.4015,  0.364866
0.4020,  0.353764
0.4025,  0.350798
0.4030,  0.330779
0.4035,  0.310666
0.4040,  0.308066
0.4045,  0.310925
0.4050,  0.312644
0.4055,  0.312520
0.4060,  0.294730
0.4065,  0.277853
0.4070,  0.291165
0.4075,  0.298490
0.4080,  0.323377
0.4085,  0.348990
0.4090,  0.340168
0.4095,  0.333805
0.4100,  0.286711
0.4105,  0.230843
0.4110,  0.296287
0.4115,  0.356455
0.4120,  0.339930
0.4125,  0.322527
0.4130,  0.307504
0.4135,  0.298661
0.4140,  0.296245
0.4145,  0.291338
0.4150,  0.290151
0.4155,  0.289914
0.4160,  0.314022
0.4165,  0.337877
0.4170,  0.294840
0.4175,  0.247528
0.4180,  0.254163
0.4185,  0.265168
0.4190,  0.272880
0.4195,  0.277093
0.4200,  0.292015
0.4205,  0.304369
0.4210,  0.305527
0.4215,  0.313396
0.4220,  0.263232
0.4225,  0.207666
0.4230,  0.242338
0.4235,  0.280000
0.4240,  0.294838
0.4245,  0.311828
0.4250,  0.297873
0.4255,  0.285056
0.4260,  0.294951
0.4265,  0.304496
0.4270,  0.277095
0.4275,  0.242704
0.4280,  0.252052
0.4285,  0.270342
0.4290,  0.258151
0.4295,  0.250127
0.4300,  0.164399
0.4305,  0.051160
0.4310,  0.236680
0.4315,  0.371261
0.4320,  0.335763
0.4325,  0.304290
0.4330,  0.312373
0.4335,  0.317066
0.4340,  0.292161
0.4345,  0.270078
0.4350,  0.272920
0.4355,  0.270684
0.4360,  0.309412
0.4365,  0.349937
0.4370,  0.317998
0.4375,  0.295405
0.4380,  0.246763
0.4385,  0.188187
0.4390,  0.260544
0.4395,  0.322090
0.4400,  0.288987
0.4405,  0.251257
0.4410,  0.292123
0.4415,  0.329343
0.4420,  0.326519
0.4425,  0.324778
0.4430,  0.299390
0.4435,  0.275705
0.4440,  0.285037
0.4445,  0.299167
0.4450,  0.269656
0.4455,  0.234121
0.4460,  0.248685
0.4465,  0.264469
0.4470,  0.301172
0.4475,  0.331648
0.4480,  0.301870
0.4485,  0.272803
0.4490,  0.275459
0.4495,  0.276086
0.4500,  0.290684
0.4505,  0.308417
0.4510,  0.299744
0.4515,  0.295747
0.4520,  0.265157
0.4525,  0.238733
0.4530,  0.252121
0.4535,  0.262778
0.4540,  0.268013
0.4545,  0.271965
0.4550,  0.279315
0.4555,  0.287249
0.4560,  0.290486
0.4565,  0.293058
0.4570,  0.292656
0.4575,  0.296350
0.4580,  0.270508
0.4585,  0.243926
0.4590,  0.255219
0.4595,  0.263954
0.4600,  0.270993
0.4605,  0.278034
0.4610,  0.279003
0.4615,  0.277978
0.4620,  0.287032
0.4625,  0.298869
0.4630,  0.283932
0.4635,  0.272981
0.4640,  0.262888
0.4645,  0.251887
0.4650,  0.270208
0.4655,  0.290310
0.4660,  0.266304
0.4665,  0.243888
0.4670,  0.270680
0.4675,  0.289054
0.4680,  0.284712
0.4685,  0.283552
0.4690,  0.290125
0.4695,  0.298100
0.4700,  0.277039
0.4705,  0.249297
0.4710,  0.278954
0.4715,  0.306353
0.4720,  0.305265
0.4725,  0.305681
0.4730,  0.293055
0.4735,  0.279368
0.4740,  0.288838
0.4745,  0.302128
0.4750,  0.296879
0.4755,  0.289098
0.4760,  0.275197
0.4765,  0.261401
0.4770,  0.287118
0.4775,  0.310380
0.4780,  0.291227
0.4785,  0.273840
0.4790,  0.288068
0.4795,  0.300252
0.4800,  0.287900
0.4805,  0.279956
0.4810,  0.291116
0.4815,  0.304961
0.4820,  0.293948
0.4825,  0.286103
0.4830,  0.290917
0.4835,  0.295070
0.4840,  0.292945
0.4845,  0.297793
0.4850,  0.285726
0.4855,  0.272810
0.4860,  0.234751
0.4865,  0.182500
0.4870,  0.231077
0.4875,  0.272547
0.4880,  0.281537
0.4885,  0.289520
0.4890,  0.290114
0.4895,  0.293976
0.4900,  0.301251
0.4905,  0.313694
0.4910,  0.292123
0.4915,  0.268591
0.4920,  0.269295
0.4925,  0.266028
0.4930,  0.259195
0.4935,  0.249941
0.4940,  0.282353
0.4945,  0.312946
0.4950,  0.279416
0.4955,  0.246871
0.4960,  0.267863
0.4965,  0.289275
0.4970,  0.294681
0.4975,  0.302599
0.4980,  0.271805
0.4985,  0.237452
0.4990,  0.265008
0.4995,  0.293670
0.5000,  0.274642
