0.3500,  0.333036
0.3505,  0.404137
0.3510,  0.374295
0.3515,  0.334715
0.3520,  0.286780
0.3525,  0.243269
0.3530,  0.294751
0.3535,  0.338267
0.3540,  0.365504
0.3545,  0.388607
0.3550,  0.372648
0.3555,  0.356961
0.3560,  0.322315
0.3565,  0.276741
0.3570,  0.240302
0.3575,  0.192757
0.3580,  0.147697
0.3585,  0.086623
0.3590,  0.252473
0.3595,  0.394111
0.3600,  0.384999
0.3605,  0.373418
0.3610,  0.329671
0.3615,  0.271995
0.3620,  0.312298
0.3625,  0.352693
0.3630,  0.332496
0.3635,  0.312586
0.3640,  0.303290
0.3645,  0.289250
0.3650,  0.318767
0.3655,  0.347662
0.3660,  0.359988
0.3665,  0.381666
0.3670,  0.362257
0.3675,  0.342642
0.3680,  0.307853
0.3685,  0.273597
0.3690,  0.315531
0.3695,  0.357013
0.3700,  0.325806
0.3705,  0.293526
0.3710,  0.311689
0.3715,  0.333995
0.3720,  0.307603
0.3725,  0.284033
0.3730,  0.250153
0.3735,  0.205776
0.3740,  0.209301
0.3745,  0.209833
0.3750,  0.283383
0.3755,  0.350322
0.3760,  0.352209
0.3765,  0.338693
0.3770,  0.387019
0.3775,  0.433469
0.3780,  0.424926
0.3785,  0.424055
0.3790,  0.330464
0.3795,  0.229398
0.3800,  0.284601
0.3805,  0.345996
0.3810,  0.322370
0.3815,  0.304177
0.3820,  0.224328
0.3825,  0.127546
0.3830,  0.107167
0.3835,  0.065097
0.3840,  0.217930
0.3845,  0.329126
0.3850,  0.328888
0.3855,  0.334089
0.3860,  0.317840
0.3865,  0.306074
0.3870,  0.301776
0.3875,  0.300532
0.3880,  0.287162
0.3885,  0.269379
0.3890,  0.330523
0.3895,  0.378578
0.3900,  0.379503
0.3905,  0.379010
0.3910,  0.395027
0.3915,  0.429212
0.3920,  0.340992
0.3925,  0.247794
0.3930,  0.079527
0.3935,  -0.165029
0.3940,  0.109904
0.3945,  0.303815
0.3950,  0.400782
0.3955,  0.497465
0.3960,  0.341930
0.3965,  0.145927
0.3970,  0.169384
0.3975,  0.166146
0.3980,  0.351454
0.3985,  0.478130
0.3990,  0.458975
0.3995,  0.445646
0.4000,  0.408997
0.4005,  0.378881
0.4010,  0.367317
0.4015,  0.361765
0.4020,  0.353485
0.4025,  0.351596
0.4030,  0.328779
0.4035,  0.305562
0.4040,  0.299280
0.4045,  0.297851
0.4050,  0.298280
0.4055,  0.298671
0.4060,  0.283431
0.4065,  0.268580
0.4070,  0.281569
0.4075,  0.290149
0.4080,  0.313686
0.4085,  0.336313
0.4090,  0.331477
0.4095,  0.330307
0.4100,  0.288616
0.4105,  0.238133
0.4110,  0.304071
0.4115,  0.365047
0.4120,  0.352929
0.4125,  0.336113
0.4130,  0.319451
0.4135,  0.306077
0.4140,  0.297580
0.4145,  0.289124
0.4150,  0.285845
0.4155,  0.281501
0.4160,  0.302839
0.4165,  0.329179
0.4170,  0.293229
0.4175,  0.254510
0.4180,  0.263912
0.4185,  0.273052
0.4190,  0.279884
0.4195,  0.280220
0.4200,  0.293306
0.4205,  0.306068
0.4210,  0.313414
0.4215,  0.324006
0.4220,  0.278004
0.4225,  0.227099
0.4230,  0.259075
0.4235,  0.291970
0.4240,  0.304889
0.4245,  0.321772
0.4250,  0.310470
0.4255,  0.293822
0.4260,  0.296098
0.4265,  0.294900
0.4270,  0.263903
0.4275,  0.235988
0.4280,  0.248000
0.4285,  0.265767
0.4290,  0.256187
0.4295,  0.249398
0.4300,  0.171233
0.4305,  0.069198
0.4310,  0.249109
0.4315,  0.385815
0.4320,  0.355227
0.4325,  0.324039
0.4330,  0.328997
0.4335,  0.334306
0.4340,  0.310022
0.4345,  0.285066
0.4350,  0.283835
0.4355,  0.281529
0.4360,  0.320025
0.4365,  0.359482
0.4370,  0.330242
0.4375,  0.307007
0.4380,  0.258620
0.4385,  0.203655
0.4390,  0.271542
0.4395,  0.329329
0.4400,  0.299516
0.4405,  0.265088
0.4410,  0.305001
0.4415,  0.341275
0.4420,  0.339098
0.4425,  0.335771
0.4430,  0.310648
0.4435,  0.290876
0.4440,  0.301999
0.4445,  0.316846
0.4450,  0.287265
0.4455,  0.255435
0.4460,  0.271026
0.4465,  0.282275
0.4470,  0.313722
0.4475,  0.343511
0.4480,  0.315040
0.4485,  0.282772
0.4490,  0.283756
0.4495,  0.286864
0.4500,  0.306573
0.4505,  0.324676
0.4510,  0.316048
0.4515,  0.310307
0.4520,  0.281925
0.4525,  0.252818
0.4530,  0.263462
0.4535,  0.273283
0.4540,  0.281321
0.4545,  0.283414
0.4550,  0.292428
0.4555,  0.301534
0.4560,  0.302870
0.4565,  0.304738
0.4570,  0.306294
0.4575,  0.310447
0.4580,  0.284876
0.4585,  0.262603
0.4590,  0.274936
0.4595,  0.283562
0.4600,  0.287254
0.4605,  0.291044
0.4610,  0.291265
0.4615,  0.290048
0.4620,  0.296037
0.4625,  0.303137
0.4630,  0.287851
0.4635,  0.279334
0.4640,  0.272288
0.4645,  0.263389
0.4650,  0.283777
0.4655,  0.304818
0.4660,  0.284422
0.4665,  0.263178
0.4670,  0.286321
0.4675,  0.307579
0.4680,  0.301823
0.4685,  0.299706
0.4690,  0.299478
0.4695,  0.303936
0.4700,  0.283825
0.4705,  0.258267
0.4710,  0.286300
0.4715,  0.316202
0.4720,  0.316415
0.4725,  0.317407
0.4730,  0.308573
0.4735,  0.298837
0.4740,  0.309970
0.4745,  0.321075
0.4750,  0.312964
0.4755,  0.303492
0.4760,  0.289180
0.4765,  0.275594
0.4770,  0.300323
0.4775,  0.322951
0.4780,  0.304314
0.4785,  0.286841
0.4790,  0.300658
0.4795,  0.313352
0.4800,  0.306600
0.4805,  0.301030
0.4810,  0.311827
0.4815,  0.322400
0.4820,  0.307821
0.4825,  0.298614
0.4830,  0.302212
0.4835,  0.307413
0.4840,  0.308804
0.4845,  0.311847
0.4850,  0.299603
0.4855,  0.288300
0.4860,  0.256537
0.4865,  0.210684
0.4870,  0.259903
0.4875,  0.301028
0.4880,  0.309187
0.4885,  0.315242
0.4890,  0.312979
0.4895,  0.314988
0.4900,  0.318648
0.4905,  0.326636
0.4910,  0.306257
0.4915,  0.286673
0.4920,  0.287684
0.4925,  0.285438
0.4930,  0.281026
0.4935,  0.273251
0.4940,  0.302992
0.4945,  0.333941
0.4950,  0.300478
0.4955,  0.269624
0.4960,  0.289300
0.4965,  0.307930
0.4970,  0.309877
0.4975,  0.315482
0.4980,  0.287377
0.4985,  0.257160
0.4990,  0.284486
0.4995,  0.311962
0.5000,  0.291875
