0.5000,  0.125028
0.5005,  0.104933
0.5010,  0.099217
0.5015,  0.088834
0.5020,  0.106661
0.5025,  0.124517
0.5030,  0.132987
0.5035,  0.139561
0.5040,  0.123152
0.5045,  0.102470
0.5050,  0.122558
0.5055,  0.144209
0.5060,  0.133897
0.5065,  0.127274
0.5070,  0.119269
0.5075,  0.110411
0.5080,  0.114141
0.5085,  0.116292
0.5090,  0.115664
0.5095,  0.114284
0.5100,  0.118841
0.5105,  0.123607
0.5110,  0.133922
0.5115,  0.144719
0.5120,  0.120148
0.5125,  0.095730
0.5130,  0.100293
0.5135,  0.104762
0.5140,  0.112454
0.5145,  0.118171
0.5150,  0.129409
0.5155,  0.147828
0.5160,  0.109819
0.5165,  0.068379
0.5170,  0.093921
0.5175,  0.112233
0.5180,  0.090502
0.5185,  0.061066
0.5190,  0.094346
0.5195,  0.128495
0.5200,  0.121127
0.5205,  0.113344
0.5210,  0.125514
0.5215,  0.139477
0.5220,  0.118163
0.5225,  0.095152
0.5230,  0.108900
0.5235,  0.118829
0.5240,  0.127662
0.5245,  0.140632
0.5250,  0.139097
0.5255,  0.142880
0.5260,  0.093174
0.5265,  0.035353
0.5270,  0.074633
0.5275,  0.105381
0.5280,  0.111844
0.5285,  0.118936
0.5290,  0.117105
0.5295,  0.116284
0.5300,  0.121415
0.5305,  0.127113
0.5310,  0.129932
0.5315,  0.137751
0.5320,  0.100766
0.5325,  0.058259
0.5330,  0.095991
0.5335,  0.131412
0.5340,  0.112813
0.5345,  0.092748
0.5350,  0.118852
0.5355,  0.146989
0.5360,  0.123245
0.5365,  0.099165
0.5370,  0.102456
0.5375,  0.107457
0.5380,  0.115312
0.5385,  0.124811
0.5390,  0.111846
0.5395,  0.100065
0.5400,  0.090415
0.5405,  0.077969
0.5410,  0.105209
0.5415,  0.129928
0.5420,  0.114783
0.5425,  0.098571
0.5430,  0.108267
0.5435,  0.116554
0.5440,  0.114032
0.5445,  0.112564
0.5450,  0.118116
0.5455,  0.123085
0.5460,  0.120776
0.5465,  0.118505
0.5470,  0.108462
0.5475,  0.097482
0.5480,  0.104073
0.5485,  0.109992
0.5490,  0.117060
0.5495,  0.124435
0.5500,  0.116781
0.5505,  0.108967
0.5510,  0.109892
0.5515,  0.111305
0.5520,  0.105288
0.5525,  0.098252
0.5530,  0.106549
0.5535,  0.114642
0.5540,  0.119742
0.5545,  0.124460
0.5550,  0.127760
0.5555,  0.131688
0.5560,  0.117702
0.5565,  0.103549
0.5570,  0.113499
0.5575,  0.125054
0.5580,  0.116132
0.5585,  0.105294
0.5590,  0.110392
0.5595,  0.114574
0.5600,  0.118441
0.5605,  0.120725
0.5610,  0.114642
0.5615,  0.110343
0.5620,  0.116444
0.5625,  0.124120
0.5630,  0.128096
0.5635,  0.132128
0.5640,  0.134613
0.5645,  0.135790
0.5650,  0.123780
0.5655,  0.109171
0.5660,  0.114243
0.5665,  0.120259
0.5670,  0.133731
0.5675,  0.148115
0.5680,  0.131309
0.5685,  0.115945
0.5690,  0.132624
0.5695,  0.148465
0.5700,  0.129432
0.5705,  0.106644
0.5710,  0.116779
0.5715,  0.122076
0.5720,  0.131546
0.5725,  0.141328
0.5730,  0.134331
0.5735,  0.131321
0.5740,  0.131475
0.5745,  0.130949
0.5750,  0.122512
0.5755,  0.113062
0.5760,  0.116494
0.5765,  0.121635
0.5770,  0.126752
0.5775,  0.133171
0.5780,  0.116572
0.5785,  0.097127
0.5790,  0.106605
0.5795,  0.114345
0.5800,  0.114256
0.5805,  0.115617
0.5810,  0.116997
0.5815,  0.117881
0.5820,  0.120606
0.5825,  0.124041
0.5830,  0.119341
0.5835,  0.116081
0.5840,  0.117416
0.5845,  0.122768
0.5850,  0.110521
0.5855,  0.095514
0.5860,  0.111142
0.5865,  0.127946
0.5870,  0.141209
0.5875,  0.160213
0.5880,  0.153787
0.5885,  0.144254
0.5890,  0.112130
0.5895,  0.072488
0.5900,  0.121639
0.5905,  0.166976
0.5910,  0.156661
0.5915,  0.145411
0.5920,  0.143484
0.5925,  0.143696
0.5930,  0.138725
0.5935,  0.140458
0.5940,  0.138412
0.5945,  0.132861
0.5950,  0.134423
0.5955,  0.136108
0.5960,  0.140124
0.5965,  0.145005
0.5970,  0.138646
0.5975,  0.131925
0.5980,  0.124763
0.5985,  0.121205
0.5990,  0.128044
0.5995,  0.134676
0.6000,  0.130680
0.6005,  0.127782
0.6010,  0.129192
0.6015,  0.127175
0.6020,  0.114081
0.6025,  0.099289
0.6030,  0.112925
0.6035,  0.129026
0.6040,  0.127940
0.6045,  0.128945
0.6050,  0.126909
0.6055,  0.123270
0.6060,  0.120463
0.6065,  0.118863
0.6070,  0.119793
0.6075,  0.121487
0.6080,  0.122168
0.6085,  0.124396
0.6090,  0.130421
0.6095,  0.136026
0.6100,  0.126214
0.6105,  0.114307
0.6110,  0.123747
0.6115,  0.135650
0.6120,  0.127393
0.6125,  0.119277
0.6130,  0.115836
0.6135,  0.113282
0.6140,  0.124285
0.6145,  0.135759
0.6150,  0.141005
0.6155,  0.145210
0.6160,  0.117738
0.6165,  0.085811
0.6170,  0.107988
0.6175,  0.130144
0.6180,  0.133909
0.6185,  0.138245
0.6190,  0.135238
0.6195,  0.131749
0.6200,  0.140437
0.6205,  0.147274
0.6210,  0.136540
0.6215,  0.125066
0.6220,  0.131261
0.6225,  0.139002
0.6230,  0.131931
0.6235,  0.127464
0.6240,  0.132431
0.6245,  0.134728
0.6250,  0.129633
0.6255,  0.121633
0.6260,  0.137601
0.6265,  0.153916
0.6270,  0.154307
0.6275,  0.155241
0.6280,  0.156176
0.6285,  0.160381
0.6290,  0.159222
0.6295,  0.158531
0.6300,  0.155182
0.6305,  0.149838
0.6310,  0.143612
0.6315,  0.141104
0.6320,  0.137516
0.6325,  0.136277
0.6330,  0.136406
0.6335,  0.137311
0.6340,  0.140740
0.6345,  0.144793
0.6350,  0.148170
0.6355,  0.148078
0.6360,  0.146268
0.6365,  0.141383
0.6370,  0.134489
0.6375,  0.131018
0.6380,  0.131334
0.6385,  0.134629
0.6390,  0.138620
0.6395,  0.138929
0.6400,  0.137586
0.6405,  0.134696
0.6410,  0.130747
0.6415,  0.131028
0.6420,  0.129176
0.6425,  0.126648
0.6430,  0.125157
0.6435,  0.123401
0.6440,  0.127712
0.6445,  0.135193
0.6450,  0.144805
