0.3500,  0.358165
0.3505,  0.433468
0.3510,  0.407803
0.3515,  0.358756
0.3520,  0.307528
0.3525,  0.258033
0.3530,  0.305136
0.3535,  0.360401
0.3540,  0.396438
0.3545,  0.437382
0.3550,  0.408924
0.3555,  0.382764
0.3560,  0.332842
0.3565,  0.287089
0.3570,  0.254575
0.3575,  0.210140
0.3580,  0.162186
0.3585,  0.096900
0.3590,  0.255693
0.3595,  0.397752
0.3600,  0.391451
0.3605,  0.384218
0.3610,  0.336884
0.3615,  0.286094
0.3620,  0.334371
0.3625,  0.377859
0.3630,  0.363132
0.3635,  0.347610
0.3640,  0.337035
0.3645,  0.318556
0.3650,  0.345718
0.3655,  0.375268
0.3660,  0.391085
0.3665,  0.406761
0.3670,  0.378979
0.3675,  0.356212
0.3680,  0.321490
0.3685,  0.283801
0.3690,  0.328783
0.3695,  0.375548
0.3700,  0.343762
0.3705,  0.310606
0.3710,  0.337780
0.3715,  0.370131
0.3720,  0.344480
0.3725,  0.312243
0.3730,  0.275049
0.3735,  0.238741
0.3740,  0.246963
0.3745,  0.245906
0.3750,  0.320121
0.3755,  0.378907
0.3760,  0.368562
0.3765,  0.344905
0.3770,  0.387918
0.3775,  0.430835
0.3780,  0.426762
0.3785,  0.436888
0.3790,  0.342901
0.3795,  0.241491
0.3800,  0.303712
0.3805,  0.365708
0.3810,  0.342143
0.3815,  0.329292
0.3820,  0.249223
0.3825,  0.150358
0.3830,  0.125661
0.3835,  0.076311
0.3840,  0.237564
0.3845,  0.358641
0.3850,  0.360723
0.3855,  0.365377
0.3860,  0.347168
0.3865,  0.333959
0.3870,  0.330076
0.3875,  0.324558
0.3880,  0.300101
0.3885,  0.272210
0.3890,  0.327031
0.3895,  0.373084
0.3900,  0.374961
0.3905,  0.374774
0.3910,  0.395682
0.3915,  0.437048
0.3920,  0.352806
0.3925,  0.267937
0.3930,  0.096801
0.3935,  -0.165373
0.3940,  0.117098
0.3945,  0.319078
0.3950,  0.421088
0.3955,  0.523236
0.3960,  0.361411
0.3965,  0.152034
0.3970,  0.169743
0.3975,  0.158538
0.3980,  0.346469
0.3985,  0.476940
0.3990,  0.457169
0.3995,  0.446667
0.4000,  0.411580
0.4005,  0.381343
0.4010,  0.369897
0.4015,  0.364866
0.4020,  0.353764
0.4025,  0.350798
0.4030,  0.330779
0.4035,  0.310666
0.4040,  0.308066
0.4045,  0.310925
0.4050,  0.312644
0.4055,  0.312520
0.4060,  0.294730
0.4065,  0.277853
0.4070,  0.291165
0.4075,  0.298490
0.4080,  0.323377
0.4085,  0.348990
0.4090,  0.340168
0.4095,  0.333805
0.4100,  0.286711
0.4105,  0.230843
0.4110,  0.296287
0.4115,  0.356455
0.4120,  0.339930
0.4125,  0.322527
0.4130,  0.307504
0.4135,  0.298661
0.4140,  0.296245
0.4145,  0.291338
0.4150,  0.290151
0.4155,  0.289914
0.4160,  0.314022
0.4165,  0.337877
0.4170,  0.294840
0.4175,  0.247528
0.4180,  0.254163
0.4185,  0.265168
0.4190,  0.272880
0.4195,  0.277093
0.4200,  0.292015
0.4205,  0.304369
0.4210,  0.305527
0.4215,  0.313396
0.4220,  0.263232
0.4225,  0.207666
0.4230,  0.242338
0.4235,  0.280000
0.4240,  0.294838
0.4245,  0.311828
0.4250,  0.297873
0.4255,  0.285056
0.4260,  0.294951
0.4265,  0.304496
0.4270,  0.277095
0.4275,  0.242704
0.4280,  0.252052
0.4285,  0.270342
0.4290,  0.258151
0.4295,  0.250127
0.4300,  0.164399
0.4305,  0.051160
0.4310,  0.236680
0.4315,  0.371261
0.4320,  0.335763
0.4325,  0.304290
0.4330,  0.312373
0.4335,  0.317066
0.4340,  0.292161
0.4345,  0.270078
0.4350,  0.272920
0.4355,  0.270684
0.4360,  0.309412
0.4365,  0.349937
0.4370,  0.317998
0.4375,  0.295405
0.4380,  0.246763
0.4385,  0.188187
0.4390,  0.260544
0.4395,  0.322090
0.4400,  0.288987
0.4405,  0.251257
0.4410,  0.292123
0.4415,  0.329343
0.4420,  0.326519
0.4425,  0.324778
0.4430,  0.299390
0.4435,  0.275705
0.4440,  0.285037
0.4445,  0.299167
0.4450,  0.269656
0.4455,  0.234121
0.4460,  0.248685
0.4465,  0.264469
0.4470,  0.301172
0.4475,  0.331648
0.4480,  0.301870
0.4485,  0.272803
0.4490,  0.275459
0.4495,  0.276086
0.4500,  0.290684
0.4505,  0.308417
0.4510,  0.299744
0.4515,  0.295747
0.4520,  0.265157
0.4525,  0.238733
0.4530,  0.252121
0.4535,  0.262778
0.4540,  0.268013
0.4545,  0.271965
0.4550,  0.279315
0.4555,  0.287249
0.4560,  0.290486
0.4565,  0.293058
0.4570,  0.292656
0.4575,  0.296350
0.4580,  0.270508
0.4585,  0.243926
0.4590,  0.255219
0.4595,  0.263954
0.4600,  0.270993
0.4605,  0.278034
0.4610,  0.279003
0.4615,  0.277978
0.4620,  0.287032
0.4625,  0.298869
0.4630,  0.283932
0.4635,  0.272981
0.4640,  0.262888
0.4645,  0.251887
0.4650,  0.270208
0.4655,  0.290310
0.4660,  0.266304
0.4665,  0.243888
0.4670,  0.270680
0.4675,  0.289054
0.4680,  0.284712
0.4685,  0.283552
0.4690,  0.290125
0.4695,  0.298100
0.4700,  0.277039
0.4705,  0.249297
0.4710,  0.278954
0.4715,  0.306353
0.4720,  0.305265
0.4725,  0.305681
0.4730,  0.293055
0.4735,  0.279368
0.4740,  0.288838
0.4745,  0.302128
0.4750,  0.296879
0.4755,  0.289098
0.4760,  0.275197
0.4765,  0.261401
0.4770,  0.287118
0.4775,  0.310380
0.4780,  0.291227
0.4785,  0.273840
0.4790,  0.288068
0.4795,  0.300252
0.4800,  0.287900
0.4805,  0.279956
0.4810,  0.291116
0.4815,  0.304961
0.4820,  0.293948
0.4825,  0.286103
0.4830,  0.290917
0.4835,  0.295070
0.4840,  0.292945
0.4845,  0.297793
0.4850,  0.285726
0.4855,  0.272810
0.4860,  0.234751
0.4865,  0.182500
0.4870,  0.231077
0.4875,  0.272547
0.4880,  0.281537
0.4885,  0.289520
0.4890,  0.290114
0.4895,  0.293976
0.4900,  0.301251
0.4905,  0.313694
0.4910,  0.292123
0.4915,  0.268591
0.4920,  0.269295
0.4925,  0.266028
0.4930,  0.259195
0.4935,  0.249941
0.4940,  0.282353
0.4945,  0.312946
0.4950,  0.279416
0.4955,  0.246871
0.4960,  0.267863
0.4965,  0.289275
0.4970,  0.294681
0.4975,  0.302599
0.4980,  0.271805
0.4985,  0.237452
0.4990,  0.265008
0.4995,  0.293670
0.5000,  0.274642
0.5005,  0.253578
0.5010,  0.246916
0.5015,  0.237098
0.5020,  0.257370
0.5025,  0.278917
0.5030,  0.289386
0.5035,  0.298123
0.5040,  0.279464
0.5045,  0.257026
0.5050,  0.276448
0.5055,  0.297848
0.5060,  0.287468
0.5065,  0.280186
0.5070,  0.271085
0.5075,  0.258877
0.5080,  0.260970
0.5085,  0.263356
0.5090,  0.261723
0.5095,  0.260390
0.5100,  0.267163
0.5105,  0.272483
0.5110,  0.283172
0.5115,  0.294164
0.5120,  0.266586
0.5125,  0.241285
0.5130,  0.245306
0.5135,  0.247842
0.5140,  0.254859
0.5145,  0.260054
0.5150,  0.271136
0.5155,  0.290129
0.5160,  0.253412
0.5165,  0.212547
0.5170,  0.238934
0.5175,  0.257388
0.5180,  0.235427
0.5185,  0.206684
0.5190,  0.239837
0.5195,  0.271811
0.5200,  0.261829
0.5205,  0.253012
0.5210,  0.263921
0.5215,  0.278156
0.5220,  0.258012
0.5225,  0.234642
0.5230,  0.250117
0.5235,  0.259827
0.5240,  0.270033
0.5245,  0.284443
0.5250,  0.285031
0.5255,  0.289150
0.5260,  0.238583
0.5265,  0.178556
0.5270,  0.216123
0.5275,  0.245835
0.5280,  0.251184
0.5285,  0.256527
0.5290,  0.253559
0.5295,  0.252377
0.5300,  0.256949
0.5305,  0.262285
0.5310,  0.268302
0.5315,  0.276858
0.5320,  0.238600
0.5325,  0.195136
0.5330,  0.233341
0.5335,  0.266941
0.5340,  0.245247
0.5345,  0.223703
0.5350,  0.250852
0.5355,  0.280044
0.5360,  0.255191
0.5365,  0.231941
0.5370,  0.237064
0.5375,  0.241461
0.5380,  0.251130
0.5385,  0.262174
0.5390,  0.251440
0.5395,  0.240487
0.5400,  0.228559
0.5405,  0.213725
0.5410,  0.240026
0.5415,  0.264160
0.5420,  0.247922
0.5425,  0.232007
0.5430,  0.242031
0.5435,  0.251660
0.5440,  0.250000
0.5445,  0.250160
0.5450,  0.254725
0.5455,  0.259985
0.5460,  0.252582
0.5465,  0.248264
0.5470,  0.238895
0.5475,  0.229029
0.5480,  0.234208
0.5485,  0.238036
0.5490,  0.243231
0.5495,  0.250306
0.5500,  0.242745
0.5505,  0.236161
0.5510,  0.240601
0.5515,  0.246267
0.5520,  0.242664
0.5525,  0.235620
0.5530,  0.243677
0.5535,  0.250930
0.5540,  0.252754
0.5545,  0.254711
0.5550,  0.256259
0.5555,  0.258889
0.5560,  0.243940
0.5565,  0.229934
0.5570,  0.240964
0.5575,  0.253885
0.5580,  0.245254
0.5585,  0.235380
0.5590,  0.241172
0.5595,  0.246042
0.5600,  0.248978
0.5605,  0.251622
0.5610,  0.243821
0.5615,  0.236374
0.5620,  0.241422
0.5625,  0.247153
0.5630,  0.251349
0.5635,  0.256194
0.5640,  0.258332
0.5645,  0.261876
0.5650,  0.251866
0.5655,  0.239146
0.5660,  0.244607
0.5665,  0.248105
0.5670,  0.260542
0.5675,  0.275248
0.5680,  0.260119
0.5685,  0.245791
0.5690,  0.261214
0.5695,  0.275369
0.5700,  0.255463
0.5705,  0.232447
0.5710,  0.240912
0.5715,  0.245769
0.5720,  0.255497
0.5725,  0.266774
0.5730,  0.262134
0.5735,  0.259925
0.5740,  0.258866
0.5745,  0.257370
0.5750,  0.248782
0.5755,  0.238017
0.5760,  0.239608
0.5765,  0.243912
0.5770,  0.247786
0.5775,  0.253596
0.5780,  0.237171
0.5785,  0.218791
0.5790,  0.227162
0.5795,  0.233689
0.5800,  0.232918
0.5805,  0.231562
0.5810,  0.233121
0.5815,  0.235659
0.5820,  0.238325
0.5825,  0.240480
0.5830,  0.234337
0.5835,  0.230141
0.5840,  0.233016
0.5845,  0.240469
0.5850,  0.227256
0.5855,  0.212320
0.5860,  0.229189
0.5865,  0.247522
0.5870,  0.262327
0.5875,  0.284350
0.5880,  0.280163
0.5885,  0.268926
0.5890,  0.236507
0.5895,  0.197939
0.5900,  0.246943
0.5905,  0.293720
0.5910,  0.283422
0.5915,  0.271883
0.5920,  0.272662
0.5925,  0.272685
0.5930,  0.268093
0.5935,  0.268209
0.5940,  0.264452
0.5945,  0.258631
0.5950,  0.259406
0.5955,  0.259058
0.5960,  0.259966
0.5965,  0.261088
0.5970,  0.250786
0.5975,  0.242806
0.5980,  0.235731
0.5985,  0.230818
0.5990,  0.240510
0.5995,  0.250285
0.6000,  0.246735
0.6005,  0.241254
0.6010,  0.240890
0.6015,  0.235713
0.6020,  0.219592
0.6025,  0.205792
0.6030,  0.218470
0.6035,  0.234442
0.6040,  0.234592
0.6045,  0.238017
0.6050,  0.238184
0.6055,  0.236517
0.6060,  0.234190
0.6065,  0.232303
0.6070,  0.231946
0.6075,  0.232319
0.6080,  0.231399
0.6085,  0.230030
0.6090,  0.232126
0.6095,  0.232972
0.6100,  0.223833
0.6105,  0.212856
0.6110,  0.224022
0.6115,  0.238075
0.6120,  0.230046
0.6125,  0.223235
0.6130,  0.220949
0.6135,  0.218338
0.6140,  0.228327
0.6145,  0.239003
0.6150,  0.242074
0.6155,  0.244396
0.6160,  0.216365
0.6165,  0.183539
0.6170,  0.208529
0.6175,  0.233119
0.6180,  0.238276
0.6185,  0.244087
0.6190,  0.240187
0.6195,  0.235738
0.6200,  0.242138
0.6205,  0.247569
0.6210,  0.235926
0.6215,  0.224436
0.6220,  0.232993
0.6225,  0.243248
0.6230,  0.237327
0.6235,  0.233880
0.6240,  0.236927
0.6245,  0.238372
0.6250,  0.233784
0.6255,  0.226821
0.6260,  0.242803
0.6265,  0.257831
0.6270,  0.258174
0.6275,  0.259212
0.6280,  0.261490
0.6285,  0.264240
0.6290,  0.261962
0.6295,  0.258802
0.6300,  0.253875
0.6305,  0.248414
0.6310,  0.238986
0.6315,  0.235958
0.6320,  0.234346
0.6325,  0.236918
0.6330,  0.239256
0.6335,  0.241812
0.6340,  0.242737
0.6345,  0.244751
0.6350,  0.244820
0.6355,  0.243016
0.6360,  0.241293
0.6365,  0.237411
0.6370,  0.232088
0.6375,  0.230172
0.6380,  0.230631
0.6385,  0.234160
0.6390,  0.238941
0.6395,  0.240470
0.6400,  0.236309
0.6405,  0.229847
0.6410,  0.221729
0.6415,  0.219529
0.6420,  0.216724
0.6425,  0.215467
0.6430,  0.214523
0.6435,  0.216503
0.6440,  0.222481
0.6445,  0.233302
0.6450,  0.244311
0.6455,  0.250443
0.6460,  0.256660
0.6465,  0.258989
0.6470,  0.255335
0.6475,  0.252378
0.6480,  0.249225
0.6485,  0.242611
0.6490,  0.232378
0.6495,  0.233803
0.6500,  0.239705
0.6505,  0.249409
0.6510,  0.258910
0.6515,  0.259869
0.6520,  0.257181
0.6525,  0.250144
0.6530,  0.247471
0.6535,  0.242735
0.6540,  0.245491
0.6545,  0.256216
0.6550,  0.264997
0.6555,  0.259279
0.6560,  0.233881
0.6565,  0.197631
0.6570,  0.159131
0.6575,  0.171322
0.6580,  0.188364
0.6585,  0.203730
0.6590,  0.217649
0.6595,  0.210233
0.6600,  0.203792
0.6605,  0.195813
0.6610,  0.193924
0.6615,  0.189568
0.6620,  0.187962
0.6625,  0.188191
0.6630,  0.188882
0.6635,  0.196303
0.6640,  0.201432
0.6645,  0.202596
0.6650,  0.202046
0.6655,  0.197982
0.6660,  0.194138
0.6665,  0.187873
0.6670,  0.179057
0.6675,  0.178789
0.6680,  0.180519
0.6685,  0.184940
0.6690,  0.187976
0.6695,  0.185015
0.6700,  0.185525
0.6705,  0.190023
0.6710,  0.192290
0.6715,  0.193231
0.6720,  0.191014
0.6725,  0.190142
0.6730,  0.186296
0.6735,  0.179350
0.6740,  0.175531
0.6745,  0.172412
0.6750,  0.173321
0.6755,  0.176887
0.6760,  0.182427
0.6765,  0.188953
0.6770,  0.193540
0.6775,  0.194177
0.6780,  0.194417
0.6785,  0.194178
0.6790,  0.189788
0.6795,  0.186002
0.6800,  0.181751
0.6805,  0.180500
0.6810,  0.178460
0.6815,  0.176950
0.6820,  0.181217
0.6825,  0.186803
0.6830,  0.193012
0.6835,  0.197710
0.6840,  0.198935
0.6845,  0.200087
0.6850,  0.212680
0.6855,  0.243389
0.6860,  0.282454
0.6865,  0.312830
0.6870,  0.326044
0.6875,  0.320678
0.6880,  0.317770
0.6885,  0.314463
0.6890,  0.309402
0.6895,  0.299480
0.6900,  0.289983
0.6905,  0.284913
0.6910,  0.276232
0.6915,  0.275799
0.6920,  0.275648
0.6925,  0.278374
0.6930,  0.284907
0.6935,  0.286617
0.6940,  0.285801
0.6945,  0.277828
0.6950,  0.266535
0.6955,  0.254362
0.6960,  0.242713
0.6965,  0.236605
0.6970,  0.233661
0.6975,  0.242259
0.6980,  0.250089
0.6985,  0.255858
0.6990,  0.258491
0.6995,  0.252922
0.7000,  0.249150
0.7005,  0.248739
0.7010,  0.252039
0.7015,  0.254364
0.7020,  0.253474
0.7025,  0.251522
0.7030,  0.246750
0.7035,  0.244782
0.7040,  0.245984
0.7045,  0.248732
0.7050,  0.253276
0.7055,  0.250617
0.7060,  0.243231
0.7065,  0.232320
0.7070,  0.228092
0.7075,  0.226086
0.7080,  0.226285
0.7085,  0.224176
0.7090,  0.224192
0.7095,  0.225344
0.7100,  0.227032
0.7105,  0.226754
0.7110,  0.226209
0.7115,  0.220375
0.7120,  0.216232
0.7125,  0.218106
0.7130,  0.223848
0.7135,  0.230582
0.7140,  0.237228
0.7145,  0.243608
0.7150,  0.259639
0.7155,  0.293030
0.7160,  0.340664
0.7165,  0.388567
0.7170,  0.432027
0.7175,  0.463170
0.7180,  0.489575
0.7185,  0.504536
0.7190,  0.501843
0.7195,  0.486937
0.7200,  0.454212
0.7205,  0.412446
0.7210,  0.378315
0.7215,  0.363428
0.7220,  0.373891
0.7225,  0.389802
0.7230,  0.412863
0.7235,  0.430943
0.7240,  0.444535
0.7245,  0.448757
0.7250,  0.448277
0.7255,  0.449283
0.7260,  0.447903
0.7265,  0.447997
0.7270,  0.448829
0.7275,  0.447182
0.7280,  0.438054
0.7285,  0.429080
0.7290,  0.422040
0.7295,  0.418245
0.7300,  0.410074
0.7305,  0.400865
0.7310,  0.382870
0.7315,  0.358770
0.7320,  0.335364
0.7325,  0.311654
0.7330,  0.292375
0.7335,  0.281975
0.7340,  0.276155
0.7345,  0.275332
0.7350,  0.268748
0.7355,  0.265919
0.7360,  0.260092
0.7365,  0.248809
0.7370,  0.241909
0.7375,  0.234649
0.7380,  0.232626
0.7385,  0.231870
0.7390,  0.223433
0.7395,  0.216824
0.7400,  0.208335
0.7405,  0.197993
0.7410,  0.193726
0.7415,  0.194888
0.7420,  0.193010
0.7425,  0.192217
0.7430,  0.191975
0.7435,  0.186495
0.7440,  0.186799
0.7445,  0.187296
0.7450,  0.187152
0.7455,  0.191121
0.7460,  0.196476
0.7465,  0.194775
0.7470,  0.191455
0.7475,  0.184576
0.7480,  0.184159
0.7485,  0.182971
0.7490,  0.181621
0.7495,  0.183700
0.7500,  0.183217
0.7505,  0.184712
0.7510,  0.183687
0.7515,  0.182962
0.7520,  0.184900
0.7525,  0.186065
0.7530,  0.184253
0.7535,  0.184479
0.7540,  0.185133
0.7545,  0.184961
0.7550,  0.185272
0.7555,  0.187073
0.7560,  0.188284
0.7565,  0.190626
0.7570,  0.192687
0.7575,  0.209449
0.7580,  0.259849
0.7585,  0.354824
0.7590,  0.499388
0.7595,  0.664566
0.7600,  0.784121
0.7605,  0.816194
0.7610,  0.789914
0.7615,  0.762483
0.7620,  0.749321
0.7625,  0.751899
0.7630,  0.737211
0.7635,  0.694401
0.7640,  0.631847
0.7645,  0.564420
0.7650,  0.499918
0.7655,  0.436694
0.7660,  0.375145
0.7665,  0.316220
0.7670,  0.266412
0.7675,  0.234527
0.7680,  0.220228
0.7685,  0.215537
0.7690,  0.208626
0.7695,  0.208243
0.7700,  0.201717
0.7705,  0.198610
0.7710,  0.195262
0.7715,  0.193867
0.7720,  0.190737
0.7725,  0.187555
0.7730,  0.187168
0.7735,  0.180430
0.7740,  0.174244
0.7745,  0.170445
0.7750,  0.171721
0.7755,  0.175690
0.7760,  0.179993
0.7765,  0.187813
0.7770,  0.192228
0.7775,  0.190779
0.7780,  0.185638
0.7785,  0.180147
0.7790,  0.173450
0.7795,  0.176060
0.7800,  0.180032
0.7805,  0.180578
0.7810,  0.179906
0.7815,  0.177557
0.7820,  0.177922
0.7825,  0.175465
0.7830,  0.172964
0.7835,  0.175040
0.7840,  0.175056
0.7845,  0.167105
0.7850,  0.167755
0.7855,  0.171178
0.7860,  0.176725
0.7865,  0.180426
0.7870,  0.188477
0.7875,  0.196490
0.7880,  0.208615
0.7885,  0.217100
0.7890,  0.218744
0.7895,  0.215381
0.7900,  0.210152
0.7905,  0.209874
0.7910,  0.214793
0.7915,  0.215438
0.7920,  0.211293
0.7925,  0.198764
0.7930,  0.195685
0.7935,  0.191152
0.7940,  0.192928
0.7945,  0.200641
0.7950,  0.210586
0.7955,  0.220620
0.7960,  0.219759
0.7965,  0.214306
0.7970,  0.207070
0.7975,  0.205082
0.7980,  0.201810
0.7985,  0.202318
0.7990,  0.206204
0.7995,  0.210684
0.8000,  0.209437
0.8005,  0.208922
0.8010,  0.215916
0.8015,  0.213647
0.8020,  0.214712
0.8025,  0.217099
0.8030,  0.218802
0.8035,  0.214891
0.8040,  0.212070
0.8045,  0.205297
0.8050,  0.192171
0.8055,  0.184916
0.8060,  0.186598
0.8065,  0.193944
0.8070,  0.191835
0.8075,  0.190158
0.8080,  0.192085
0.8085,  0.191204
0.8090,  0.192392
0.8095,  0.205052
0.8100,  0.221785
0.8105,  0.232510
0.8110,  0.248685
0.8115,  0.263010
0.8120,  0.292694
0.8125,  0.319423
0.8130,  0.340013
0.8135,  0.361128
0.8140,  0.385726
0.8145,  0.410306
0.8150,  0.433623
0.8155,  0.451178
0.8160,  0.465771
0.8165,  0.475980
0.8170,  0.477713
0.8175,  0.459286
0.8180,  0.434241
0.8185,  0.408050
0.8190,  0.376680
0.8195,  0.351861
0.8200,  0.326563
0.8205,  0.312155
0.8210,  0.344979
0.8215,  0.401939
0.8220,  0.455326
0.8225,  0.480190
0.8230,  0.451252
0.8235,  0.402971
0.8240,  0.353902
0.8245,  0.329191
0.8250,  0.315415
0.8255,  0.303397
0.8260,  0.303420
0.8265,  0.317105
0.8270,  0.338289
0.8275,  0.352739
0.8280,  0.361567
0.8285,  0.362913
0.8290,  0.363915
0.8295,  0.356100
0.8300,  0.343999
0.8305,  0.335261
0.8310,  0.321762
0.8315,  0.302175
0.8320,  0.285313
0.8325,  0.283329
0.8330,  0.282066
0.8335,  0.274199
0.8340,  0.265938
0.8345,  0.254823
0.8350,  0.250727
0.8355,  0.240460
0.8360,  0.227927
0.8365,  0.222669
0.8370,  0.211733
0.8375,  0.205932
0.8380,  0.203260
0.8385,  0.204607
0.8390,  0.196201
0.8395,  0.190636
0.8400,  0.181846
0.8405,  0.177294
0.8410,  0.178098
0.8415,  0.181398
0.8420,  0.179381
0.8425,  0.181313
0.8430,  0.171705
0.8435,  0.168560
0.8440,  0.164801
0.8445,  0.158878
0.8450,  0.159273
0.8455,  0.166428
0.8460,  0.169044
0.8465,  0.163926
0.8470,  0.163056
0.8475,  0.168151
0.8480,  0.172039
0.8485,  0.160288
0.8490,  0.148583
0.8495,  0.139108
0.8500,  0.133205
0.8505,  0.136347
0.8510,  0.141143
0.8515,  0.138578
0.8520,  0.160864
0.8525,  0.155256
0.8530,  0.153304
0.8535,  0.143498
0.8540,  0.103437
0.8545,  0.102684
0.8550,  0.105075
0.8555,  0.117350
0.8560,  0.133693
0.8565,  0.134237
0.8570,  0.142139
0.8575,  0.139657
0.8580,  0.146966
0.8585,  0.143264
0.8590,  0.146279
0.8595,  0.136779
0.8600,  0.132455
0.8605,  0.135578
0.8610,  0.141292
0.8615,  0.133888
0.8620,  0.128908
0.8625,  0.127618
0.8630,  0.131742
0.8635,  0.131328
0.8640,  0.143129
0.8645,  0.141834
0.8650,  0.146872
0.8655,  0.144506
0.8660,  0.110463
0.8665,  0.113007
0.8670,  0.104111
0.8675,  0.104631
0.8680,  0.104129
0.8685,  0.113085
0.8690,  0.116439
0.8695,  0.135780
0.8700,  0.127659
0.8705,  0.119357
0.8710,  0.113099
0.8715,  0.108571
0.8720,  0.119598
0.8725,  0.124240
0.8730,  0.115530
0.8735,  0.127542
0.8740,  0.132718
0.8745,  0.132895
0.8750,  0.148251
0.8755,  0.169672
0.8760,  0.165299
0.8765,  0.156810
0.8770,  0.145546
0.8775,  0.140370
0.8780,  0.162039
0.8785,  0.157208
0.8790,  0.154462
0.8795,  0.137703
0.8800,  0.138739
0.8805,  0.148967
0.8810,  0.137303
0.8815,  0.129995
0.8820,  0.119340
0.8825,  0.111743
0.8830,  0.110417
0.8835,  0.107176
0.8840,  0.118550
0.8845,  0.133354
0.8850,  0.143300
0.8855,  0.140971
0.8860,  0.137764
0.8865,  0.128832
0.8870,  0.116796
0.8875,  0.118165
0.8880,  0.123526
0.8885,  0.135624
0.8890,  0.152461
0.8895,  0.161067
0.8900,  0.160369
