0.7400,  0.260045
0.7405,  0.256578
0.7410,  0.254904
0.7415,  0.257937
0.7420,  0.262683
0.7425,  0.265281
0.7430,  0.268032
0.7435,  0.255521
0.7440,  0.248413
0.7445,  0.241102
0.7450,  0.235038
0.7455,  0.231011
0.7460,  0.230618
0.7465,  0.228321
0.7470,  0.232734
0.7475,  0.236516
0.7480,  0.241416
0.7485,  0.244263
0.7490,  0.241831
0.7495,  0.240505
0.7500,  0.239499
0.7505,  0.240745
0.7510,  0.237795
0.7515,  0.231278
0.7520,  0.230771
0.7525,  0.223877
0.7530,  0.223650
0.7535,  0.219617
0.7540,  0.217741
0.7545,  0.215847
0.7550,  0.215903
0.7555,  0.215991
0.7560,  0.215167
0.7565,  0.215849
0.7570,  0.219426
0.7575,  0.232678
0.7580,  0.270674
0.7585,  0.345738
0.7590,  0.468121
