0.5000,  0.291875
0.5005,  0.270619
0.5010,  0.265842
0.5015,  0.257559
0.5020,  0.275928
0.5025,  0.293730
0.5030,  0.304197
0.5035,  0.310871
0.5040,  0.293603
0.5045,  0.274119
0.5050,  0.294540
0.5055,  0.314156
0.5060,  0.302439
0.5065,  0.295290
0.5070,  0.286847
0.5075,  0.278542
0.5080,  0.281762
0.5085,  0.282360
0.5090,  0.279503
0.5095,  0.275840
0.5100,  0.279613
0.5105,  0.284247
0.5110,  0.294540
0.5115,  0.305651
0.5120,  0.280593
0.5125,  0.256576
0.5130,  0.262170
0.5135,  0.264217
0.5140,  0.271571
0.5145,  0.277276
0.5150,  0.287639
0.5155,  0.304236
0.5160,  0.267639
0.5165,  0.226918
0.5170,  0.252735
0.5175,  0.271147
0.5180,  0.250872
0.5185,  0.224300
0.5190,  0.257176
0.5195,  0.287532
0.5200,  0.277468
0.5205,  0.269778
0.5210,  0.282662
0.5215,  0.296732
0.5220,  0.274926
0.5225,  0.251302
0.5230,  0.264921
0.5235,  0.274487
0.5240,  0.282344
0.5245,  0.294517
0.5250,  0.291366
0.5255,  0.294417
0.5260,  0.248112
0.5265,  0.194048
0.5270,  0.233089
0.5275,  0.263351
0.5280,  0.269400
0.5285,  0.275865
0.5290,  0.273798
0.5295,  0.271120
0.5300,  0.272194
0.5305,  0.275549
0.5310,  0.278702
0.5315,  0.286399
0.5320,  0.250943
0.5325,  0.211103
0.5330,  0.249346
0.5335,  0.283599
0.5340,  0.266453
0.5345,  0.247846
0.5350,  0.272348
0.5355,  0.299151
0.5360,  0.274182
0.5365,  0.248478
0.5370,  0.250669
0.5375,  0.253990
0.5380,  0.260840
0.5385,  0.270239
0.5390,  0.258416
0.5395,  0.247743
0.5400,  0.237007
0.5405,  0.224602
0.5410,  0.250674
0.5415,  0.275147
0.5420,  0.260701
0.5425,  0.246210
0.5430,  0.257376
0.5435,  0.266707
0.5440,  0.264856
0.5445,  0.264013
0.5450,  0.267691
0.5455,  0.271630
0.5460,  0.268872
0.5465,  0.265373
0.5470,  0.254876
0.5475,  0.245539
0.5480,  0.250606
0.5485,  0.254483
0.5490,  0.259124
0.5495,  0.264634
0.5500,  0.257453
0.5505,  0.250459
0.5510,  0.252779
0.5515,  0.255874
0.5520,  0.252378
0.5525,  0.248066
0.5530,  0.254934
0.5535,  0.260453
0.5540,  0.261923
0.5545,  0.264370
0.5550,  0.267805
0.5555,  0.271607
0.5560,  0.257922
0.5565,  0.244824
0.5570,  0.254410
0.5575,  0.264765
0.5580,  0.255503
0.5585,  0.244508
0.5590,  0.249093
0.5595,  0.252632
0.5600,  0.256586
0.5605,  0.260311
0.5610,  0.254165
0.5615,  0.249287
0.5620,  0.254622
0.5625,  0.260701
0.5630,  0.264461
0.5635,  0.269289
0.5640,  0.271095
0.5645,  0.272764
0.5650,  0.262416
0.5655,  0.249918
0.5660,  0.255052
0.5665,  0.260779
0.5670,  0.274504
0.5675,  0.288742
0.5680,  0.273311
0.5685,  0.257949
0.5690,  0.272725
0.5695,  0.287789
0.5700,  0.268492
0.5705,  0.246224
0.5710,  0.255277
0.5715,  0.260118
0.5720,  0.270349
0.5725,  0.280969
0.5730,  0.274262
0.5735,  0.270587
0.5740,  0.269051
0.5745,  0.268216
0.5750,  0.260060
0.5755,  0.251253
0.5760,  0.254743
0.5765,  0.259208
0.5770,  0.263363
0.5775,  0.268152
0.5780,  0.250168
0.5785,  0.229784
0.5790,  0.237249
0.5795,  0.246491
0.5800,  0.246990
0.5805,  0.246765
0.5810,  0.247414
0.5815,  0.250351
0.5820,  0.253164
0.5825,  0.255612
0.5830,  0.252730
0.5835,  0.250803
0.5840,  0.252306
0.5845,  0.257425
0.5850,  0.244567
0.5855,  0.229736
0.5860,  0.244273
0.5865,  0.260948
0.5870,  0.277177
0.5875,  0.299271
0.5880,  0.296172
0.5885,  0.290513
0.5890,  0.266095
0.5895,  0.230277
0.5900,  0.279416
0.5905,  0.324765
0.5910,  0.316824
0.5915,  0.306927
0.5920,  0.305194
0.5925,  0.302661
0.5930,  0.292962
0.5935,  0.292244
0.5940,  0.288910
0.5945,  0.283894
0.5950,  0.287786
0.5955,  0.287695
0.5960,  0.289877
0.5965,  0.290999
0.5970,  0.279874
0.5975,  0.270797
0.5980,  0.263416
0.5985,  0.258345
0.5990,  0.264805
0.5995,  0.269927
0.6000,  0.264259
0.6005,  0.260140
0.6010,  0.261575
0.6015,  0.259472
0.6020,  0.246270
0.6025,  0.232163
0.6030,  0.245303
0.6035,  0.260226
0.6040,  0.258194
0.6045,  0.259402
0.6050,  0.259050
0.6055,  0.254701
0.6060,  0.251934
0.6065,  0.251481
0.6070,  0.251436
0.6075,  0.250669
0.6080,  0.248590
0.6085,  0.247804
0.6090,  0.252195
0.6095,  0.256971
0.6100,  0.249881
0.6105,  0.239939
0.6110,  0.250412
0.6115,  0.262003
0.6120,  0.254253
0.6125,  0.244323
0.6130,  0.240440
0.6135,  0.238300
0.6140,  0.247882
0.6145,  0.259638
0.6150,  0.265458
0.6155,  0.268220
0.6160,  0.240328
0.6165,  0.209737
0.6170,  0.232984
0.6175,  0.255794
0.6180,  0.260656
0.6185,  0.265199
0.6190,  0.262628
0.6195,  0.257352
0.6200,  0.262745
0.6205,  0.268964
0.6210,  0.258176
0.6215,  0.246505
0.6220,  0.252294
0.6225,  0.261838
0.6230,  0.254574
0.6235,  0.250109
0.6240,  0.252826
0.6245,  0.253580
0.6250,  0.250429
0.6255,  0.245401
0.6260,  0.262154
0.6265,  0.278200
0.6270,  0.279997
0.6275,  0.279494
0.6280,  0.280372
0.6285,  0.283249
0.6290,  0.284529
0.6295,  0.285354
0.6300,  0.282790
0.6305,  0.277191
0.6310,  0.271385
0.6315,  0.268411
0.6320,  0.263675
0.6325,  0.260833
0.6330,  0.260469
0.6335,  0.261438
0.6340,  0.262329
0.6345,  0.265375
0.6350,  0.269743
0.6355,  0.269737
0.6360,  0.268338
0.6365,  0.264782
0.6370,  0.259479
0.6375,  0.254916
0.6380,  0.252043
0.6385,  0.250087
0.6390,  0.251239
0.6395,  0.251899
0.6400,  0.252258
0.6405,  0.251756
0.6410,  0.247920
0.6415,  0.248535
0.6420,  0.247685
0.6425,  0.246300
0.6430,  0.244539
0.6435,  0.245560
0.6440,  0.249955
0.6445,  0.259084
0.6450,  0.270569
