368.00 
   2011, 157, 9.13 
   2011, 157, 9.3 
   2011, 157, 9.46 
   2011, 157, 9.63 
   2011, 157, 9.8 
   2011, 157, 9.96 
   2011, 157, 10.13 
   2011, 157, 10.3 
   2011, 157, 10.46 
   2011, 157, 10.63 
   2011, 157, 10.8 
   2011, 157, 10.96 
   2011, 157, 11.13 
   2011, 157, 11.3 
   2011, 157, 11.46 
   2011, 157, 11.65 
   2011, 157, 11.81 
   2011, 157, 11.96 
   2011, 157, 12.13 
   2011, 157, 12.31 
   2011, 157, 12.46 
   2011, 157, 12.63 
   2011, 157, 12.8 
   2011, 157, 12.96 
   2011, 157, 13.13 
   2011, 157, 13.3 
   2011, 157, 13.46 
   2011, 157, 13.63 
   2011, 157, 13.8 
   2011, 157, 13.96 
   2011, 157, 14.13 
   2011, 157, 14.3 
   2011, 157, 14.46 
   2011, 157, 14.63 
   2011, 157, 14.8 
   2011, 157, 14.96 
   9.3107E-001 
   9.4481E-001 
   9.9609E-001 
   9.5998E-001 
   1.0068E+000 
   1.0837E+000 
   9.9282E-001 
   1.0233E+000 
   1.0164E+000 
   1.0054E+000 
   1.0669E+000 
   1.2080E+000 
   1.0878E+000 
   1.1660E+000 
   1.1795E+000 
   1.1763E+000 
   1.0724E+000 
   1.0452E+000 
   1.0140E+000 
   1.0446E+000 
   1.0348E+000 
   1.0178E+000 
   1.0492E+000 
   9.9538E-001 
   1.0055E+000 
   9.8827E-001 
   8.7799E-001 
   9.5452E-001 
   9.6042E-001 
   9.6036E-001 
   9.2358E-001 
   8.6239E-001 
   8.6651E-001 
   8.3225E-001 
   8.5924E-001 
   7.8462E-001 
412.00 
   2011, 157, 9.13 
   2011, 157, 9.3 
   2011, 157, 9.46 
   2011, 157, 9.63 
   2011, 157, 9.8 
   2011, 157, 9.96 
   2011, 157, 10.13 
   2011, 157, 10.3 
   2011, 157, 10.46 
   2011, 157, 10.63 
   2011, 157, 10.8 
   2011, 157, 10.96 
   2011, 157, 11.13 
   2011, 157, 11.3 
   2011, 157, 11.46 
   2011, 157, 11.65 
   2011, 157, 11.81 
   2011, 157, 11.96 
   2011, 157, 12.13 
   2011, 157, 12.31 
   2011, 157, 12.46 
   2011, 157, 12.63 
   2011, 157, 12.8 
   2011, 157, 12.96 
   2011, 157, 13.13 
   2011, 157, 13.3 
   2011, 157, 13.46 
   2011, 157, 13.63 
   2011, 157, 13.8 
   2011, 157, 13.96 
   2011, 157, 14.13 
   2011, 157, 14.3 
   2011, 157, 14.46 
   2011, 157, 14.63 
   2011, 157, 14.8 
   2011, 157, 14.96 
   2.0113E+000 
   1.9738E+000 
   2.1215E+000 
   2.0508E+000 
   2.1488E+000 
   2.2066E+000 
   2.1508E+000 
   2.1269E+000 
   2.0840E+000 
   2.0719E+000 
   2.1632E+000 
   2.4296E+000 
   2.1633E+000 
   2.3423E+000 
   2.3595E+000 
   2.3859E+000 
   2.1719E+000 
   2.0721E+000 
   2.0460E+000 
   2.0987E+000 
   2.0182E+000 
   2.0429E+000 
   2.0567E+000 
   2.0148E+000 
   2.0443E+000 
   1.9947E+000 
   1.8455E+000 
   1.9811E+000 
   1.9512E+000 
   1.8929E+000 
   1.9039E+000 
   1.7691E+000 
   1.7905E+000 
   1.7490E+000 
   1.7714E+000 
   1.7218E+000 
500.00 
   2011, 157, 9.13 
   2011, 157, 9.3 
   2011, 157, 9.46 
   2011, 157, 9.63 
   2011, 157, 9.8 
   2011, 157, 9.96 
   2011, 157, 10.13 
   2011, 157, 10.3 
   2011, 157, 10.46 
   2011, 157, 10.63 
   2011, 157, 10.8 
   2011, 157, 10.96 
   2011, 157, 11.13 
   2011, 157, 11.3 
   2011, 157, 11.46 
   2011, 157, 11.65 
   2011, 157, 11.81 
   2011, 157, 11.96 
   2011, 157, 12.13 
   2011, 157, 12.31 
   2011, 157, 12.46 
   2011, 157, 12.63 
   2011, 157, 12.8 
   2011, 157, 12.96 
   2011, 157, 13.13 
   2011, 157, 13.3 
   2011, 157, 13.46 
   2011, 157, 13.63 
   2011, 157, 13.8 
   2011, 157, 13.96 
   2011, 157, 14.13 
   2011, 157, 14.3 
   2011, 157, 14.46 
   2011, 157, 14.63 
   2011, 157, 14.8 
   2011, 157, 14.96 
   2.8795E+000 
   2.9381E+000 
   3.0778E+000 
   2.9212E+000 
   3.0881E+000 
   3.1372E+000 
   3.0736E+000 
   3.0713E+000 
   2.9738E+000 
   2.8620E+000 
   3.1363E+000 
   3.3887E+000 
   3.0644E+000 
   3.3068E+000 
   3.3564E+000 
   3.3952E+000 
   3.1219E+000 
   2.7399E+000 
   2.7495E+000 
   2.7511E+000 
   2.7359E+000 
   2.7506E+000 
   2.7767E+000 
   2.7186E+000 
   2.7562E+000 
   2.7063E+000 
   2.5309E+000 
   2.6664E+000 
   2.5822E+000 
   2.6270E+000 
   2.5914E+000 
   2.4265E+000 
   2.5223E+000 
   2.6182E+000 
   2.6472E+000 
   2.6395E+000 
610.00 
   2011, 157, 9.13 
   2011, 157, 9.3 
   2011, 157, 9.46 
   2011, 157, 9.63 
   2011, 157, 9.8 
   2011, 157, 9.96 
   2011, 157, 10.13 
   2011, 157, 10.3 
   2011, 157, 10.46 
   2011, 157, 10.63 
   2011, 157, 10.8 
   2011, 157, 10.96 
   2011, 157, 11.13 
   2011, 157, 11.3 
   2011, 157, 11.46 
   2011, 157, 11.65 
   2011, 157, 11.81 
   2011, 157, 11.96 
   2011, 157, 12.13 
   2011, 157, 12.31 
   2011, 157, 12.46 
   2011, 157, 12.63 
   2011, 157, 12.8 
   2011, 157, 12.96 
   2011, 157, 13.13 
   2011, 157, 13.3 
   2011, 157, 13.46 
   2011, 157, 13.63 
   2011, 157, 13.8 
   2011, 157, 13.96 
   2011, 157, 14.13 
   2011, 157, 14.3 
   2011, 157, 14.46 
   2011, 157, 14.63 
   2011, 157, 14.8 
   2011, 157, 14.96 
   2.7721E+000 
   2.8831E+000 
   3.0526E+000 
   2.8610E+000 
   3.0193E+000 
   3.1029E+000 
   3.0533E+000 
   3.0481E+000 
   3.0108E+000 
   2.8283E+000 
   3.1354E+000 
   3.4160E+000 
   3.0866E+000 
   3.3613E+000 
   3.4100E+000 
   3.3634E+000 
   3.0455E+000 
   2.5500E+000 
   2.5293E+000 
   2.5737E+000 
   2.5622E+000 
   2.6162E+000 
   2.6043E+000 
   2.5818E+000 
   2.6274E+000 
   2.5718E+000 
   2.4348E+000 
   2.5171E+000 
   2.5029E+000 
   2.5157E+000 
   2.5110E+000 
   2.3929E+000 
   2.4466E+000 
   2.8041E+000 
   2.8519E+000 
   2.8866E+000 
675.00 
   2011, 157, 9.13 
   2011, 157, 9.3 
   2011, 157, 9.46 
   2011, 157, 9.63 
   2011, 157, 9.8 
   2011, 157, 9.96 
   2011, 157, 10.13 
   2011, 157, 10.3 
   2011, 157, 10.46 
   2011, 157, 10.63 
   2011, 157, 10.8 
   2011, 157, 10.96 
   2011, 157, 11.13 
   2011, 157, 11.3 
   2011, 157, 11.46 
   2011, 157, 11.65 
   2011, 157, 11.81 
   2011, 157, 11.96 
   2011, 157, 12.13 
   2011, 157, 12.31 
   2011, 157, 12.46 
   2011, 157, 12.63 
   2011, 157, 12.8 
   2011, 157, 12.96 
   2011, 157, 13.13 
   2011, 157, 13.3 
   2011, 157, 13.46 
   2011, 157, 13.63 
   2011, 157, 13.8 
   2011, 157, 13.96 
   2011, 157, 14.13 
   2011, 157, 14.3 
   2011, 157, 14.46 
   2011, 157, 14.63 
   2011, 157, 14.8 
   2011, 157, 14.96 
   2.6244E+000 
   2.6578E+000 
   2.8999E+000 
   2.7347E+000 
   2.8419E+000 
   2.8796E+000 
   2.8294E+000 
   2.8882E+000 
   2.8448E+000 
   2.7212E+000 
   2.9869E+000 
   3.2548E+000 
   2.9169E+000 
   3.2081E+000 
   3.2138E+000 
   3.2001E+000 
   2.8842E+000 
   2.4256E+000 
   2.4032E+000 
   2.4327E+000 
   2.4423E+000 
   2.4925E+000 
   2.4940E+000 
   2.4708E+000 
   2.4837E+000 
   2.4698E+000 
   2.3217E+000 
   2.4321E+000 
   2.4119E+000 
   2.4151E+000 
   2.4248E+000 
   2.2967E+000 
   2.3779E+000 
   2.7348E+000 
   2.7878E+000 
   2.8488E+000 
778.00 
   2011, 157, 9.13 
   2011, 157, 9.3 
   2011, 157, 9.46 
   2011, 157, 9.63 
   2011, 157, 9.8 
   2011, 157, 9.96 
   2011, 157, 10.13 
   2011, 157, 10.3 
   2011, 157, 10.46 
   2011, 157, 10.63 
   2011, 157, 10.8 
   2011, 157, 10.96 
   2011, 157, 11.13 
   2011, 157, 11.3 
   2011, 157, 11.46 
   2011, 157, 11.65 
   2011, 157, 11.81 
   2011, 157, 11.96 
   2011, 157, 12.13 
   2011, 157, 12.31 
   2011, 157, 12.46 
   2011, 157, 12.63 
   2011, 157, 12.8 
   2011, 157, 12.96 
   2011, 157, 13.13 
   2011, 157, 13.3 
   2011, 157, 13.46 
   2011, 157, 13.63 
   2011, 157, 13.8 
   2011, 157, 13.96 
   2011, 157, 14.13 
   2011, 157, 14.3 
   2011, 157, 14.46 
   2011, 157, 14.63 
   2011, 157, 14.8 
   2011, 157, 14.96 
   1.9378E+000 
   1.8746E+000 
   2.2084E+000 
   2.1116E+000 
   2.1885E+000 
   2.2024E+000 
   2.1527E+000 
   2.1795E+000 
   2.1534E+000 
   2.0961E+000 
   2.2847E+000 
   2.4513E+000 
   2.2692E+000 
   2.4101E+000 
   2.4601E+000 
   2.4710E+000 
   2.1911E+000 
   1.8293E+000 
   1.8617E+000 
   1.8753E+000 
   1.8639E+000 
   1.8921E+000 
   1.9103E+000 
   1.8970E+000 
   1.9293E+000 
   1.8800E+000 
   1.7833E+000 
   1.8775E+000 
   1.9047E+000 
   1.8869E+000 
   1.8926E+000 
   1.7914E+000 
   1.8426E+000 
   2.2529E+000 
   2.3003E+000 
   2.3278E+000 
862.00 
   2011, 157, 9.13 
   2011, 157, 9.3 
   2011, 157, 9.46 
   2011, 157, 9.63 
   2011, 157, 9.8 
   2011, 157, 9.96 
   2011, 157, 10.13 
   2011, 157, 10.3 
   2011, 157, 10.46 
   2011, 157, 10.63 
   2011, 157, 10.8 
   2011, 157, 10.96 
   2011, 157, 11.13 
   2011, 157, 11.3 
   2011, 157, 11.46 
   2011, 157, 11.65 
   2011, 157, 11.81 
   2011, 157, 11.96 
   2011, 157, 12.13 
   2011, 157, 12.31 
   2011, 157, 12.46 
   2011, 157, 12.63 
   2011, 157, 12.8 
   2011, 157, 12.96 
   2011, 157, 13.13 
   2011, 157, 13.3 
   2011, 157, 13.46 
   2011, 157, 13.63 
   2011, 157, 13.8 
   2011, 157, 13.96 
   2011, 157, 14.13 
   2011, 157, 14.3 
   2011, 157, 14.46 
   2011, 157, 14.63 
   2011, 157, 14.8 
   2011, 157, 14.96 
   1.4316E+000 
   1.3723E+000 
   1.6321E+000 
   1.5549E+000 
   1.5904E+000 
   1.6363E+000 
   1.5613E+000 
   1.6281E+000 
   1.6108E+000 
   1.5963E+000 
   1.6449E+000 
   1.9042E+000 
   1.6985E+000 
   1.8142E+000 
   1.8140E+000 
   1.8418E+000 
   1.6817E+000 
   1.4142E+000 
   1.4004E+000 
   1.4626E+000 
   1.4511E+000 
   1.4703E+000 
   1.4471E+000 
   1.4401E+000 
   1.4737E+000 
   1.4044E+000 
   1.3948E+000 
   1.4658E+000 
   1.4468E+000 
   1.4435E+000 
   1.4523E+000 
   1.4159E+000 
   1.4321E+000 
   1.7075E+000 
   1.8052E+000 
   1.7995E+000 
