  350.0,  -0.33412591229167266
  350.5,  -0.28657650319513744
  351.0,  -0.303364619161032
  351.5,  -0.3242381318200336
  352.0,  -0.35601749486118583
  352.5,  -0.4023769817446691
  353.0,  -0.3700787633062292
  353.5,  -0.33231841814849594
  354.0,  -0.30523693756089304
  354.5,  -0.295173651723534
  355.0,  -0.3440152845462324
  355.5,  -0.352098461262794
  356.0,  -0.35804545047338054
  356.5,  -0.36805070783612803
  357.0,  -0.3671377753205365
  357.5,  -0.3937313044263183
  358.0,  -0.4416000203204613
  358.5,  -0.49550633036109654
  359.0,  -0.37870989310817094
  359.5,  -0.30396992880477797
  360.0,  -0.3238207963046514
  360.5,  -0.32085744051492665
  361.0,  -0.3570799049101888
  361.5,  -0.3986634253155603
  362.0,  -0.37010048270808793
  362.5,  -0.3325854628096714
  363.0,  -0.31922178412017976
  363.5,  -0.3215645234606355
  364.0,  -0.3291194226879671
  364.5,  -0.3527263121072929
  365.0,  -0.33670122324017066
  365.5,  -0.31694436647601953
  366.0,  -0.30217417739241637
  366.5,  -0.2895076736100074
  367.0,  -0.2977943262762073
  367.5,  -0.3323969942053736
  368.0,  -0.36621176954238766
  368.5,  -0.39698398820823
  369.0,  -0.3317687187272331
  369.5,  -0.2951807863334541
  370.0,  -0.32569460240648346
  370.5,  -0.34813437925354596
  371.0,  -0.331173113684573
  371.5,  -0.32423249717050057
  372.0,  -0.33924024407519515
  372.5,  -0.3419131610095013
  373.0,  -0.3653639645771977
  373.5,  -0.3865688063707285
  374.0,  -0.38350561150491236
  374.5,  -0.40783358236819645
  375.0,  -0.35631039806491127
  375.5,  -0.3132965374546004
  376.0,  -0.3397873474346686
  376.5,  -0.3774495941958734
  377.0,  -0.361186955999561
  377.5,  -0.328713664557314
  378.0,  -0.3217454659235613
  378.5,  -0.3017637110716226
  379.0,  -0.3651608641693961
  379.5,  -0.43211991034727165
  380.0,  -0.3568713685321003
  380.5,  -0.30671997714668575
  381.0,  -0.3410759314082099
  381.5,  -0.34287076836793656
  382.0,  -0.39003891030219734
  382.5,  -0.45646525958785245
  383.0,  -0.487086600914573
  383.5,  -0.5481555013713948
  384.0,  -0.432475529923363
  384.5,  -0.3433632234354601
  385.0,  -0.34020538117415533
  385.5,  -0.3406247553891027
  386.0,  -0.36295249323583756
  386.5,  -0.38003433617282073
  387.0,  -0.376156065003842
  387.5,  -0.3584810418284688
  388.0,  -0.37254875969940154
  388.5,  -0.4187564461176355
  389.0,  -0.3967379319966857
  389.5,  -0.370789341461716
  390.0,  -0.3760401038415727
  390.5,  -0.37870197895043206
  391.0,  -0.362510193769358
  391.5,  -0.30778542513215573
  392.0,  -0.3388295303854251
  392.5,  -0.3754697652523793
  393.0,  -0.4868099140281842
  393.5,  -0.7008357181985887
  394.0,  -0.5147022085355744
  394.5,  -0.4068699141280961
  395.0,  -0.34430877740846644
  395.5,  -0.2581782826258967
  396.0,  -0.37854956179256843
  396.5,  -0.5245909579919791
  397.0,  -0.49587886363963096
  397.5,  -0.528144607185804
  398.0,  -0.4180018136546936
  398.5,  -0.33984767793505416
  399.0,  -0.3542497882580059
  399.5,  -0.3529212398225068
  400.0,  -0.37588948474288875
