  350.0,  -0.33412591229167266
  350.5,  -0.28657650319513744
  351.0,  -0.303364619161032
  351.5,  -0.3242381318200336
  352.0,  -0.35601749486118583
  352.5,  -0.4023769817446691
  353.0,  -0.3700787633062292
  353.5,  -0.33231841814849594
  354.0,  -0.30523693756089304
  354.5,  -0.295173651723534
  355.0,  -0.3440152845462324
  355.5,  -0.352098461262794
  356.0,  -0.35804545047338054
  356.5,  -0.36805070783612803
  357.0,  -0.3671377753205365
  357.5,  -0.3937313044263183
  358.0,  -0.4416000203204613
  358.5,  -0.49550633036109654
  359.0,  -0.37870989310817094
  359.5,  -0.30396992880477797
  360.0,  -0.3238207963046514
  360.5,  -0.32085744051492665
  361.0,  -0.3570799049101888
  361.5,  -0.3986634253155603
  362.0,  -0.37010048270808793
  362.5,  -0.3325854628096714
  363.0,  -0.31922178412017976
  363.5,  -0.3215645234606355
  364.0,  -0.3291194226879671
  364.5,  -0.3527263121072929
  365.0,  -0.33670122324017066
  365.5,  -0.31694436647601953
  366.0,  -0.30217417739241637
  366.5,  -0.2895076736100074
  367.0,  -0.2977943262762073
  367.5,  -0.3323969942053736
  368.0,  -0.36621176954238766
  368.5,  -0.39698398820823
  369.0,  -0.3317687187272331
  369.5,  -0.2951807863334541
  370.0,  -0.32569460240648346
  370.5,  -0.34813437925354596
  371.0,  -0.331173113684573
  371.5,  -0.32423249717050057
  372.0,  -0.33924024407519515
  372.5,  -0.3419131610095013
  373.0,  -0.3653639645771977
  373.5,  -0.3865688063707285
  374.0,  -0.38350561150491236
  374.5,  -0.40783358236819645
  375.0,  -0.35631039806491127
  375.5,  -0.3132965374546004
  376.0,  -0.3397873474346686
  376.5,  -0.3774495941958734
  377.0,  -0.361186955999561
  377.5,  -0.328713664557314
  378.0,  -0.3217454659235613
  378.5,  -0.3017637110716226
  379.0,  -0.3651608641693961
  379.5,  -0.43211991034727165
  380.0,  -0.3568713685321003
  380.5,  -0.30671997714668575
  381.0,  -0.3410759314082099
  381.5,  -0.34287076836793656
  382.0,  -0.39003891030219734
  382.5,  -0.45646525958785245
  383.0,  -0.487086600914573
  383.5,  -0.5481555013713948
  384.0,  -0.432475529923363
  384.5,  -0.3433632234354601
  385.0,  -0.34020538117415533
  385.5,  -0.3406247553891027
  386.0,  -0.36295249323583756
  386.5,  -0.38003433617282073
  387.0,  -0.376156065003842
  387.5,  -0.3584810418284688
  388.0,  -0.37254875969940154
  388.5,  -0.4187564461176355
  389.0,  -0.3967379319966857
  389.5,  -0.370789341461716
  390.0,  -0.3760401038415727
  390.5,  -0.37870197895043206
  391.0,  -0.362510193769358
  391.5,  -0.30778542513215573
  392.0,  -0.3388295303854251
  392.5,  -0.3754697652523793
  393.0,  -0.4868099140281842
  393.5,  -0.7008357181985887
  394.0,  -0.5147022085355744
  394.5,  -0.4068699141280961
  395.0,  -0.34430877740846644
  395.5,  -0.2581782826258967
  396.0,  -0.37854956179256843
  396.5,  -0.5245909579919791
  397.0,  -0.49587886363963096
  397.5,  -0.528144607185804
  398.0,  -0.4180018136546936
  398.5,  -0.33984767793505416
  399.0,  -0.3542497882580059
  399.5,  -0.3529212398225068
  400.0,  -0.37588948474288875
  400.5,  -0.39531865424329005
  401.0,  -0.40257854439525825
  401.5,  -0.402757453607646
  402.0,  -0.40614600862401506
  402.5,  -0.4042982923991523
  403.0,  -0.41352333794978585
  403.5,  -0.4222108042431092
  404.0,  -0.4212196812774703
  404.5,  -0.4255364536689565
  405.0,  -0.42291426360205586
  405.5,  -0.41647082954612424
  406.0,  -0.42533154205183654
  406.5,  -0.4354324836239695
  407.0,  -0.4265520555728701
  407.5,  -0.43013296264090234
  408.0,  -0.424514183848959
  408.5,  -0.4107964064523596
  409.0,  -0.4133715946802906
  409.5,  -0.4078731267106694
  410.0,  -0.43682049945286416
  410.5,  -0.4930269302193482
  411.0,  -0.44786523366190356
  411.5,  -0.3991150526475649
  412.0,  -0.413558966244088
  412.5,  -0.42692204189232885
  413.0,  -0.43516324586296334
  413.5,  -0.44676273899170604
  414.0,  -0.4500068977668532
  414.5,  -0.4497200985693953
  415.0,  -0.44832663332636724
  415.5,  -0.44929484767493433
  416.0,  -0.42512843622899754
  416.5,  -0.40109912923426666
  417.0,  -0.4390391572215268
  417.5,  -0.48307588005646673
  418.0,  -0.4834002111341533
  418.5,  -0.46925225546648336
  419.0,  -0.45372604376183856
  419.5,  -0.4439992554003483
  420.0,  -0.4290352731520386
  420.5,  -0.4254627516951643
  421.0,  -0.4277715776285911
  421.5,  -0.41859667219903424
  422.0,  -0.45508130880148173
  422.5,  -0.4987886497921509
  423.0,  -0.46546322052605926
  423.5,  -0.4298816440777872
  424.0,  -0.4158963260261853
  424.5,  -0.4095082369673853
  425.0,  -0.4244237022881075
  425.5,  -0.4386465478354138
  426.0,  -0.4384772534219059
  426.5,  -0.43407051915582673
  427.0,  -0.4565598738239308
  427.5,  -0.47973728391721027
  428.0,  -0.4719731485643347
  428.5,  -0.4571213014302373
  429.0,  -0.4542361191060959
  429.5,  -0.43773680097804124
  430.0,  -0.4898120103917776
  430.5,  -0.5898736701615648
  431.0,  -0.46942405765981776
  431.5,  -0.3876208959537374
  432.0,  -0.4263627045890148
  432.5,  -0.454826576979557
  433.0,  -0.43971232588320175
  433.5,  -0.41415202235477877
  434.0,  -0.4289604441085564
  434.5,  -0.4602725709564963
  435.0,  -0.468724201390162
  435.5,  -0.4790545624934024
  436.0,  -0.4494638673973579
  436.5,  -0.39976569829961506
  437.0,  -0.41185840882175856
  437.5,  -0.42589781104587854
  438.0,  -0.46398773712248337
  438.5,  -0.5164568626916108
  439.0,  -0.46709477503172675
  439.5,  -0.42568188270536844
  440.0,  -0.4621690315909057
  440.5,  -0.4965793496675709
  441.0,  -0.468350877362403
  441.5,  -0.4367480202528474
  442.0,  -0.4419814087745073
  442.5,  -0.4331295674563739
  443.0,  -0.45078847209510475
  443.5,  -0.46918590802725335
  444.0,  -0.45815574023203404
  444.5,  -0.4345382042389058
  445.0,  -0.4558536862673791
  445.5,  -0.47598432554763087
  446.0,  -0.4634423388990171
  446.5,  -0.469898578887329
  447.0,  -0.44859439043921806
  447.5,  -0.4210400503758255
  448.0,  -0.4469194794964726
  448.5,  -0.471931181313903
  449.0,  -0.4647305514282887
  449.5,  -0.46594503823661826
  450.0,  -0.452117757621762
  450.5,  -0.44083450313547345
  451.0,  -0.4510152234339549
  451.5,  -0.44960084732733663
  452.0,  -0.4618067171410989
  452.5,  -0.4811497748907101
  453.0,  -0.47417306559542255
  453.5,  -0.4731223716888631
  454.0,  -0.47292851796663393
  454.5,  -0.46548345317570816
  455.0,  -0.45913330525748086
  455.5,  -0.457219252954149
  456.0,  -0.45505079532081305
  456.5,  -0.4551549859249017
  457.0,  -0.45229818879998795
  457.5,  -0.4410852591682948
  458.0,  -0.46217035576844845
  458.5,  -0.48809614793373657
  459.0,  -0.48136087674038047
  459.5,  -0.4691511085787428
  460.0,  -0.45846105458820235
  460.5,  -0.45602109997946333
  461.0,  -0.46608272121870453
  461.5,  -0.47703808947813
  462.0,  -0.47358838443861917
  462.5,  -0.45807355184724696
  463.0,  -0.45958937996667526
  463.5,  -0.4679900613156017
  464.0,  -0.47604475985142475
  464.5,  -0.48845978054439054
  465.0,  -0.48028222847291496
  465.5,  -0.4674994265662682
  466.0,  -0.48465524520157444
  466.5,  -0.5002503472935497
  467.0,  -0.48580631662115664
  467.5,  -0.4700723490894324
  468.0,  -0.47131976781823415
  468.5,  -0.4738635657228592
  469.0,  -0.47414960960048536
  469.5,  -0.4711688410687117
  470.0,  -0.49079137444796594
  470.5,  -0.5220377191209357
  471.0,  -0.503981376722759
  471.5,  -0.4829518990755438
  472.0,  -0.479688575172903
  472.5,  -0.4688697032357768
  473.0,  -0.4789046704543174
  473.5,  -0.4941055675246735
  474.0,  -0.4907153206814807
  474.5,  -0.48153519653078203
  475.0,  -0.47800112336581513
  475.5,  -0.47430605139528353
  476.0,  -0.48992770936854646
  476.5,  -0.5125778394632644
  477.0,  -0.4989796085532351
  477.5,  -0.4831439653713379
  478.0,  -0.49543850838341247
  478.5,  -0.5065423280760446
  479.0,  -0.49343206698375164
  479.5,  -0.4826344070295767
  480.0,  -0.4944694204824269
  480.5,  -0.5054633127152574
  481.0,  -0.49707362401489025
  481.5,  -0.4866892167237119
  482.0,  -0.4937309902563052
  482.5,  -0.4992294359399676
  483.0,  -0.4942291215452297
  483.5,  -0.487598831216014
  484.0,  -0.4930569993003187
  484.5,  -0.4811114908097853
  485.0,  -0.4706799658616344
  485.5,  -0.4660113385931064
  486.0,  -0.49702107534311285
  486.5,  -0.5580787242078449
  487.0,  -0.5383633133787059
  487.5,  -0.5085987250522841
  488.0,  -0.49971510275449976
  488.5,  -0.4968903608829187
  489.0,  -0.4991439058590403
  489.5,  -0.5003089422672637
  490.0,  -0.49391806302118924
  490.5,  -0.4750971814981201
  491.0,  -0.48161630222067753
  491.5,  -0.4959946664093569
  492.0,  -0.4956477830038728
  492.5,  -0.5040988141351876
  493.0,  -0.5128463188135055
  493.5,  -0.5188211105562326
  494.0,  -0.4892773224745087
  494.5,  -0.45979900253014216
  495.0,  -0.4844848066393887
  495.5,  -0.5089841086647456
  496.0,  -0.48906179029348795
  496.5,  -0.4744475232927163
  497.0,  -0.4702478397995987
  497.5,  -0.45857924954927637
  498.0,  -0.4788764464720823
  498.5,  -0.5111951249163269
  499.0,  -0.49025236728479404
  499.5,  -0.4591086437442988
  500.0,  -0.4672756776217034
  500.5,  -0.4813955479566833
  501.0,  -0.48869717429026704
  501.5,  -0.4997268711560394
  502.0,  -0.48972145300831527
  502.5,  -0.47877971421071597
  503.0,  -0.4679801147870504
  503.5,  -0.4572024270401658
  504.0,  -0.4722817265809568
  504.5,  -0.49270738738132436
  505.0,  -0.4785111003893474
  505.5,  -0.4605862075725623
  506.0,  -0.4645671161747416
  506.5,  -0.464052609123076
  507.0,  -0.4644808271665175
  507.5,  -0.4715432988595719
  508.0,  -0.4750630180697334
  508.5,  -0.47865924812873195
  509.0,  -0.48204046525396893
  509.5,  -0.4810580636253544
  510.0,  -0.4761570774087459
  510.5,  -0.4751623107549916
  511.0,  -0.4636112726104722
  511.5,  -0.44677182364881074
  512.0,  -0.46460402058764405
  512.5,  -0.48409476670079876
  513.0,  -0.4780922755937785
  513.5,  -0.4740807888294629
  514.0,  -0.47026578609340824
  514.5,  -0.47044704606882404
  515.0,  -0.46500696720455803
  515.5,  -0.43982855907421614
  516.0,  -0.4568287362432697
  516.5,  -0.4882649033169344
  517.0,  -0.47154451057266594
  517.5,  -0.46247920353908933
  518.0,  -0.48533802499964673
  518.5,  -0.5158088709047206
  519.0,  -0.4908183938823667
  519.5,  -0.46424257705918737
  520.0,  -0.4682982111177366
  520.5,  -0.47526063861190593
  521.0,  -0.46474892693276515
  521.5,  -0.4495769597998318
  522.0,  -0.4640373797463381
  522.5,  -0.4834758994226132
  523.0,  -0.47672814516704165
  523.5,  -0.4676088066417807
  524.0,  -0.4594125625637129
  524.5,  -0.4461148053484356
  525.0,  -0.43761726814163404
  525.5,  -0.4218977993606184
  526.0,  -0.45493990581036076
  526.5,  -0.5035514873773403
  527.0,  -0.47882864520319635
  527.5,  -0.46394769007573233
  528.0,  -0.46582217826064914
  528.5,  -0.46480619172167614
  529.0,  -0.46497804119839337
  529.5,  -0.4609142369689227
  530.0,  -0.4564892161031896
  530.5,  -0.4539479751066127
  531.0,  -0.4475851211479385
  531.5,  -0.4320346073990711
  532.0,  -0.45636133780156907
  532.5,  -0.4904466714854274
  533.0,  -0.45864556524289807
  533.5,  -0.43455599879626855
  534.0,  -0.45662450398893006
  534.5,  -0.48175012007484386
  535.0,  -0.4617807423862096
  535.5,  -0.4292934311096679
  536.0,  -0.4403388154478392
  536.5,  -0.45637910180082075
  537.0,  -0.4530174128675871
  537.5,  -0.4523588064082235
  538.0,  -0.44712152356280044
  538.5,  -0.43936273414306076
  539.0,  -0.44259844916025537
  539.5,  -0.44383425886247607
  540.0,  -0.45661990351278237
  540.5,  -0.4694840716318195
  541.0,  -0.4497805454355236
  541.5,  -0.4332279241678155
  542.0,  -0.44508076359012466
  542.5,  -0.45864351678783855
  543.0,  -0.4540184090964723
  543.5,  -0.4482612348075513
  544.0,  -0.45260587534525937
  544.5,  -0.45384750635710575
  545.0,  -0.4479295544685115
  545.5,  -0.4399381502889213
  546.0,  -0.4395146058879743
  546.5,  -0.4398672762094195
  547.0,  -0.44475209114908315
  547.5,  -0.4532798478630814
  548.0,  -0.4534940461485334
  548.5,  -0.45116207384113327
  549.0,  -0.44641427366757425
  549.5,  -0.43954229019802393
  550.0,  -0.44167614090229257
  550.5,  -0.44911134638534234
  551.0,  -0.45025855889061495
  551.5,  -0.4475134787919378
  552.0,  -0.4499012410429757
  552.5,  -0.45506755281595535
  553.0,  -0.44877352611070104
  553.5,  -0.4402152843485735
  554.0,  -0.43909853348854555
  554.5,  -0.4369158365488771
  555.0,  -0.43409310507975235
  555.5,  -0.42744432505071134
  556.0,  -0.43551529091580077
  556.5,  -0.4503111443775448
  557.0,  -0.4449498022518478
  557.5,  -0.435725553568223
  558.0,  -0.4400901910323681
  558.5,  -0.44732919400792254
  559.0,  -0.4466363051830351
  559.5,  -0.4524578755379738
  560.0,  -0.450844171077211
  560.5,  -0.44279603551616914
  561.0,  -0.44273345521698176
  561.5,  -0.4450542994975487
  562.0,  -0.44093675918561903
  562.5,  -0.43609870402829276
  563.0,  -0.4338393419897283
  563.5,  -0.430127488514052
  564.0,  -0.4302370924764465
  564.5,  -0.4273349637023754
  565.0,  -0.43243312897251907
  565.5,  -0.44366382721563735
  566.0,  -0.44093804567764594
  566.5,  -0.43641052870981556
  567.0,  -0.4217347418183197
  567.5,  -0.4053258566701265
  568.0,  -0.4189498666537682
  568.5,  -0.4347018646757072
  569.0,  -0.4183500734043344
  569.5,  -0.40163284674214084
  570.0,  -0.4181412968725322
  570.5,  -0.43943752536638825
  571.0,  -0.4410446938704068
  571.5,  -0.4393587835630084
  572.0,  -0.42425009761179766
  572.5,  -0.40879551016133314
  573.0,  -0.4083711405471099
  573.5,  -0.40905516538650843
  574.0,  -0.4107019002314906
  574.5,  -0.4084897427380879
  575.0,  -0.4133601842669156
  575.5,  -0.4223180167911279
  576.0,  -0.42050775942907404
  576.5,  -0.4188397924609719
  577.0,  -0.4118359756745637
  577.5,  -0.40883878240045773
  578.0,  -0.42520437217995843
  578.5,  -0.44076183462524166
  579.0,  -0.43540797919489743
  579.5,  -0.4299882517689066
  580.0,  -0.42987132441486275
  580.5,  -0.4300633621434772
  581.0,  -0.43116073246092657
  581.5,  -0.432811240683246
  582.0,  -0.42802402183561616
  582.5,  -0.4252914653279243
  583.0,  -0.43031096855388307
  583.5,  -0.43213619634610273
  584.0,  -0.4248845190752114
  584.5,  -0.4190914162265181
  585.0,  -0.4290603565180164
  585.5,  -0.4424114459517973
  586.0,  -0.4350118755774127
  586.5,  -0.42329652358186004
  587.0,  -0.40856808809043516
  587.5,  -0.3793130695815788
  588.0,  -0.36444163163596477
  588.5,  -0.36551885183162913
  589.0,  -0.4010865921044475
  589.5,  -0.4544598278282871
  590.0,  -0.4255996565274783
  590.5,  -0.3879250328662889
  591.0,  -0.3953923951796425
  591.5,  -0.4047656114212866
  592.0,  -0.40965056555196366
  592.5,  -0.40897337512074505
  593.0,  -0.404185842766389
  593.5,  -0.39994558234988475
  594.0,  -0.4043972391890023
  594.5,  -0.4147502603374468
  595.0,  -0.41750008524324
  595.5,  -0.41706080646446003
  596.0,  -0.4117009822895299
  596.5,  -0.41023822751797234
  597.0,  -0.4177499820222091
  597.5,  -0.42260600249317076
  598.0,  -0.42874169768808607
  598.5,  -0.43308314677705645
  599.0,  -0.42970370346351355
  599.5,  -0.4266628634127881
  600.0,  -0.43421696808407517
  600.5,  -0.43519210657391005
  601.0,  -0.4284301186705969
  601.5,  -0.42977336957822376
  602.0,  -0.4465217550706844
  602.5,  -0.4610138228504586
  603.0,  -0.44707600033957795
  603.5,  -0.4333127563844989
  604.0,  -0.43574165843568297
  604.5,  -0.43343267996307544
  605.0,  -0.43492370620672327
  605.5,  -0.4378539462822257
  606.0,  -0.4367915669820122
  606.5,  -0.43471528569998696
  607.0,  -0.4335935522192956
  607.5,  -0.4311325470354541
  608.0,  -0.431082703271795
  608.5,  -0.4327582069691412
  609.0,  -0.43192654035849515
  609.5,  -0.43182165035392706
  610.0,  -0.4399762485242887
  610.5,  -0.44544613129709415
  611.0,  -0.4347211339967725
  611.5,  -0.4199479618207097
  612.0,  -0.4287855630926727
  612.5,  -0.438001069566464
  613.0,  -0.44331696979463886
  613.5,  -0.4454465415329246
  614.0,  -0.4340497803324266
  614.5,  -0.4219911817392385
  615.0,  -0.41467294898485535
  615.5,  -0.40818870080854486
  616.0,  -0.4335630127910201
  616.5,  -0.460527892753198
  617.0,  -0.44484181842366466
  617.5,  -0.42641541403020067
  618.0,  -0.4236134761827939
  618.5,  -0.42000292652262877
  619.0,  -0.4235783312779141
  619.5,  -0.4288763161252153
  620.0,  -0.4248287641494176
  620.5,  -0.41779971204461414
  621.0,  -0.4275881852927656
  621.5,  -0.434810886047158
  622.0,  -0.42341296507981674
  622.5,  -0.41266835202936636
  623.0,  -0.4210652193145657
  623.5,  -0.42094106173668483
  624.0,  -0.4150726388020204
  624.5,  -0.42040432834330116
  625.0,  -0.4308877036711843
  625.5,  -0.4375631970316203
  626.0,  -0.418434279299563
  626.5,  -0.39810450281679644
  627.0,  -0.39866878248291576
  627.5,  -0.39948990401884527
  628.0,  -0.39810597802224945
  628.5,  -0.3924302983018221
  629.0,  -0.39625645431166057
  629.5,  -0.4052934495752165
  630.0,  -0.40959391081850505
  630.5,  -0.40842939163828174
  631.0,  -0.4157762615818542
  631.5,  -0.417247892823878
  632.0,  -0.4195994321240494
  632.5,  -0.4209913896808772
  633.0,  -0.41780818190169744
  633.5,  -0.4173051000597956
  634.0,  -0.41665931608675827
  634.5,  -0.4170146725160327
  635.0,  -0.4206143943596866
  635.5,  -0.4209566936720918
  636.0,  -0.4224618749128268
  636.5,  -0.4284765934435451
  637.0,  -0.4301079462714784
  637.5,  -0.42783436588621027
  638.0,  -0.4240262685985024
  638.5,  -0.4243111826339866
  639.0,  -0.4269971350805588
  639.5,  -0.42450934903318505
  640.0,  -0.4245949803325623
  640.5,  -0.4304528922793833
  641.0,  -0.43556192740359145
  641.5,  -0.432058196838849
  642.0,  -0.42926352971417947
  642.5,  -0.43147635128646594
  643.0,  -0.4363998006847591
  643.5,  -0.43274632935069907
  644.0,  -0.4263963094494504
  644.5,  -0.4254380360593996
  645.0,  -0.41844142439177495
  645.5,  -0.4144030927143937
  646.0,  -0.4084022823370206
  646.5,  -0.402907280331366
  647.0,  -0.40449791549936454
  647.5,  -0.4078081843606517
  648.0,  -0.41333658296224335
  648.5,  -0.4203351909147919
  649.0,  -0.42876441788591
  649.5,  -0.4237727599720239
  650.0,  -0.42006658227927884
  650.5,  -0.4188819545052779
  651.0,  -0.41622037855389427
  651.5,  -0.41832430084204686
  652.0,  -0.41902564296482725
  652.5,  -0.423631521081165
  653.0,  -0.42578580507657654
  653.5,  -0.4276813924364169
  654.0,  -0.4195022399031963
  654.5,  -0.4003314132591562
  655.0,  -0.38276532482764747
  655.5,  -0.3852676135969636
  656.0,  -0.40699780290195264
  656.5,  -0.44323813170989995
  657.0,  -0.48976798301105795
  657.5,  -0.48730854840632926
  658.0,  -0.4752310429145973
  658.5,  -0.4630739195414911
  659.0,  -0.4512024962932487
  659.5,  -0.4541079063491544
  660.0,  -0.45618308395655427
  660.5,  -0.4595464045300536
  661.0,  -0.45510097683834083
  661.5,  -0.4561076885050504
  662.0,  -0.4609360161979169
  662.5,  -0.4613899140480263
  663.0,  -0.4625254075522523
  663.5,  -0.4650388563738808
  664.0,  -0.4647016832947616
  664.5,  -0.4629570433173973
  665.0,  -0.4627338157007127
  665.5,  -0.4641043026445914
  666.0,  -0.4629347461210713
  666.5,  -0.4696440091633355
  667.0,  -0.4770478580901371
  667.5,  -0.4818383651947359
  668.0,  -0.48026140678364077
  668.5,  -0.4760939869325871
  669.0,  -0.4710777304259595
  669.5,  -0.4706931342044214
  670.0,  -0.4717507259393507
  670.5,  -0.4747844090356782
  671.0,  -0.47570732362381085
  671.5,  -0.4748560795331049
  672.0,  -0.4751132448104549
  672.5,  -0.4801734997275988
  673.0,  -0.47720890551687256
  673.5,  -0.47444320220452746
  674.0,  -0.47422413532855406
  674.5,  -0.47403321762885686
  675.0,  -0.4771200955471063
  675.5,  -0.4761348888750203
  676.0,  -0.4737775532483761
  676.5,  -0.47518755647033584
  677.0,  -0.47636754773752377
  677.5,  -0.47417151734438134
  678.0,  -0.4733125574696566
  678.5,  -0.4707222746078991
  679.0,  -0.4685790635537825
  679.5,  -0.4753193818646567
  680.0,  -0.47496828771664024
  680.5,  -0.4726354031563975
  681.0,  -0.4733873027193213
  681.5,  -0.4766605786631832
  682.0,  -0.47158145607489377
  682.5,  -0.4651558205658155
  683.0,  -0.46329511494812603
  683.5,  -0.4639699362424167
  684.0,  -0.4605426593499059
  684.5,  -0.45998775895909444
  685.0,  -0.44917491826552297
  685.5,  -0.41592026630672513
  686.0,  -0.3704006555617895
  686.5,  -0.33917975370597747
  687.0,  -0.338100456227276
  687.5,  -0.35332929660701085
  688.0,  -0.3590623101826013
  688.5,  -0.3622079419176225
  689.0,  -0.3704280420915265
  689.5,  -0.3831365365398635
  690.0,  -0.3869142396096059
  690.5,  -0.3963297976916744
  691.0,  -0.3958927513814909
  691.5,  -0.39070198533100653
  692.0,  -0.39089414170785314
  692.5,  -0.3902912485473369
  693.0,  -0.38965486177322467
  693.5,  -0.38833935267182346
  694.0,  -0.3897847029758055
  694.5,  -0.39515074026689545
  695.0,  -0.4035566647111808
  695.5,  -0.41948114269331727
  696.0,  -0.4334026502958691
  696.5,  -0.43892691015765717
  697.0,  -0.44040839854724767
  697.5,  -0.4345779194678866
  698.0,  -0.4237071172000936
  698.5,  -0.4142803050414744
  699.0,  -0.4094650864042316
  699.5,  -0.4099162897116163
  700.0,  -0.4089141203818679
  700.5,  -0.41074834583796643
  701.0,  -0.41283928285205324
  701.5,  -0.41119726475253127
  702.0,  -0.4219916120692681
  702.5,  -0.42820933663841254
  703.0,  -0.429839065151689
  703.5,  -0.4299023389272047
  704.0,  -0.4298669244709961
  704.5,  -0.433654110978912
  705.0,  -0.42931331766610076
  705.5,  -0.43541776744145594
  706.0,  -0.44172571350064566
  706.5,  -0.44399921713982005
  707.0,  -0.445897680144012
  707.5,  -0.45100270446011986
  708.0,  -0.45449663035545623
  708.5,  -0.4540223005518239
  709.0,  -0.46149458215379113
  709.5,  -0.4628599777455311
  710.0,  -0.45889181491154163
  710.5,  -0.4568698009872176
  711.0,  -0.45319752727408036
  711.5,  -0.45272559404018275
  712.0,  -0.4515505987642101
  712.5,  -0.44931239908871884
  713.0,  -0.4454461959155785
  713.5,  -0.4435900065392908
  714.0,  -0.44065121228930637
  714.5,  -0.4335254978966879
  715.0,  -0.42207675460137767
  715.5,  -0.39424338205523723
  716.0,  -0.359494293825464
  716.5,  -0.32573316631203647
  717.0,  -0.286143549655048
  717.5,  -0.25160804946173027
  718.0,  -0.23132020190866712
  718.5,  -0.21190013205666616
  719.0,  -0.20829842170040386
  719.5,  -0.21562026534563553
  720.0,  -0.23738299067181032
  720.5,  -0.2668763101553147
  721.0,  -0.3029340831923526
  721.5,  -0.3220388124403508
  722.0,  -0.3220396282183413
  722.5,  -0.3085626300873058
  723.0,  -0.2864928557944863
  723.5,  -0.26438708768593394
  724.0,  -0.25380120058696626
  724.5,  -0.24663026105582658
  725.0,  -0.2450704987030823
  725.5,  -0.2485297739988655
  726.0,  -0.25036157198361964
  726.5,  -0.25431294822786255
  727.0,  -0.2600178764340742
  727.5,  -0.26233766357741684
  728.0,  -0.2626865690769605
  728.5,  -0.264187125613693
  729.0,  -0.2680394377045227
  729.5,  -0.26069669203434503
  730.0,  -0.2663577706865322
  730.5,  -0.27284835492678905
  731.0,  -0.28084312292399993
  731.5,  -0.30477528006604815
  732.0,  -0.3344078701961357
  732.5,  -0.3584194826716212
  733.0,  -0.36220873011691346
  733.5,  -0.37373638562737477
  734.0,  -0.38752424580289613
  734.5,  -0.3957679766068185
  735.0,  -0.4003779412218355
  735.5,  -0.39746368507559293
  736.0,  -0.3961946372167483
  736.5,  -0.39665256762534207
  737.0,  -0.3965705758672223
  737.5,  -0.39768454226408706
  738.0,  -0.4006587954161323
  738.5,  -0.4094342300655393
  739.0,  -0.4089573690144064
  739.5,  -0.4114418295399653
  740.0,  -0.412559229698539
  740.5,  -0.417247404655962
  741.0,  -0.4326687564992947
  741.5,  -0.4385699098642776
  742.0,  -0.4334976965375767
  742.5,  -0.42802430068935615
  743.0,  -0.42355876070510456
  743.5,  -0.43036541456428523
  744.0,  -0.43539037857606455
  744.5,  -0.43487291888043056
  745.0,  -0.43669025799499467
  745.5,  -0.4320531687224594
  746.0,  -0.43342339186876433
  746.5,  -0.43555405077926745
  747.0,  -0.4348283018783797
  747.5,  -0.43473201949868717
  748.0,  -0.43151779077988184
  748.5,  -0.43436384831040303
  749.0,  -0.436758120871313
  749.5,  -0.42922806130657915
  750.0,  -0.41908474623420394
  750.5,  -0.428103801942096
  751.0,  -0.4291447759471519
  751.5,  -0.42433864167186536
  752.0,  -0.4260738093605313
  752.5,  -0.4256964079414133
  753.0,  -0.4182575444616558
  753.5,  -0.43073790292038344
  754.0,  -0.43343138355680205
  754.5,  -0.43050241653156024
  755.0,  -0.42579922135381815
  755.5,  -0.4197308982480159
  756.0,  -0.4195061012501781
  756.5,  -0.41829765020306114
  757.0,  -0.4203297334541251
  757.5,  -0.41726081171324086
  758.0,  -0.395728423663361
  758.5,  -0.35377039091047885
  759.0,  -0.27620940341500766
  759.5,  -0.15316184969376226
  760.0,  0.016524494841210338
  760.5,  0.17972108518062863
  761.0,  0.25922418988684587
  761.5,  0.22512242666955898
  762.0,  0.16178326028242643
  762.5,  0.11532189765545249
  763.0,  0.10911453985069478
  763.5,  0.10497830432724203
  764.0,  0.05634187749511339
  764.5,  -0.013844071626919283
  765.0,  -0.08293573617999384
  765.5,  -0.14523440693432402
  766.0,  -0.20902251397392718
  766.5,  -0.2653645769705236
  767.0,  -0.307379562466597
  767.5,  -0.34049513158304995
  768.0,  -0.3665579377152096
  768.5,  -0.3900557619788796
  769.0,  -0.39918537716504815
  769.5,  -0.39877147569597243
  770.0,  -0.40457357931664467
  770.5,  -0.411322405261922
  771.0,  -0.41558753832518314
  771.5,  -0.4143763835779694
  772.0,  -0.4227347535629356
  772.5,  -0.4207060501244269
  773.0,  -0.41769795889249367
  773.5,  -0.42073276961263384
  774.0,  -0.4168642226606692
  774.5,  -0.40952515171404996
  775.0,  -0.41421430907442447
  775.5,  -0.420465995187341
  776.0,  -0.41850454683945854
  776.5,  -0.4099629780513378
  777.0,  -0.41736460165852296
  777.5,  -0.41661670287632524
  778.0,  -0.4096894830784059
  778.5,  -0.40768042366081475
  779.0,  -0.4082972755725031
  779.5,  -0.4081973735488699
  780.0,  -0.4064299671167078
  780.5,  -0.40427376974014056
  781.0,  -0.39646835691929344
  781.5,  -0.4033565653900986
  782.0,  -0.40013601467031673
  782.5,  -0.40122852546395
  783.0,  -0.4081307829576443
  783.5,  -0.4043066402123651
  784.0,  -0.4060449913813969
  784.5,  -0.40123631513673175
  785.0,  -0.39944453178669537
  785.5,  -0.3920220374618362
  786.0,  -0.3884488491381297
  786.5,  -0.3860605821123243
  787.0,  -0.3835410494173981
  787.5,  -0.3911041781845462
  788.0,  -0.39224209202720123
  788.5,  -0.37949702151468534
  789.0,  -0.3696520339439011
  789.5,  -0.3568752482568319
  790.0,  -0.3545679371297516
  790.5,  -0.3551731133003007
  791.0,  -0.3527573822724727
  791.5,  -0.35071448522645743
  792.0,  -0.34388614971693615
  792.5,  -0.33870966296560706
  793.0,  -0.34574156829297614
  793.5,  -0.3586360250014668
  794.0,  -0.36660299747782743
  794.5,  -0.35625967079274623
  795.0,  -0.3590258246104068
  795.5,  -0.35584284249951614
  796.0,  -0.36224878603136823
  796.5,  -0.35287632959475823
  797.0,  -0.3478321195279105
  797.5,  -0.3589913781070787
  798.0,  -0.3658768556310696
  798.5,  -0.3645600474480318
  799.0,  -0.3481077392352261
  799.5,  -0.34273335005597394
  800.0,  -0.3395916703462813
  800.5,  -0.33019614273284614
  801.0,  -0.3248958321108985
  801.5,  -0.3302081553380437
  802.0,  -0.32335842337548115
  802.5,  -0.33373302928050036
  803.0,  -0.3363763393254593
  803.5,  -0.3295283029678758
  804.0,  -0.3283684925379462
  804.5,  -0.3234008148556875
  805.0,  -0.3254719735634286
  805.5,  -0.33295030983962476
  806.0,  -0.3393488267579782
  806.5,  -0.34505454665440843
  807.0,  -0.3439594043402768
  807.5,  -0.3484541846431914
  808.0,  -0.34504876132101425
  808.5,  -0.3486940873816372
  809.0,  -0.3383509872712555
  809.5,  -0.31944234636394947
  810.0,  -0.31218970087173475
  810.5,  -0.3081457427001987
  811.0,  -0.2860857526761163
  811.5,  -0.28423192901579386
  812.0,  -0.28130412449437253
  812.5,  -0.26709118039508806
  813.0,  -0.23640560056610188
  813.5,  -0.19375159810635237
  814.0,  -0.16684862470894293
  814.5,  -0.15506204231787088
  815.0,  -0.12507833801278875
  815.5,  -0.09143068435271032
  816.0,  -0.08382363587763028
  816.5,  -0.08281973908980098
  817.0,  -0.08065720279615154
  817.5,  -0.09728766085398986
  818.0,  -0.10084311894216902
  818.5,  -0.10265441287428285
  819.0,  -0.12803960187955318
  819.5,  -0.1451676326069578
  820.0,  -0.16939999315269597
  820.5,  -0.20985181879240383
  821.0,  -0.2374053609939698
  821.5,  -0.23387743518300022
  822.0,  -0.20000777453574034
  822.5,  -0.13278635378934892
  823.0,  -0.08316791639188095
  823.5,  -0.08383457429913432
  824.0,  -0.13035504352282692
  824.5,  -0.18811765068984337
  825.0,  -0.22577321772828113
  825.5,  -0.2195890558949146
  826.0,  -0.21754723972868917
  826.5,  -0.21662498739841946
  827.0,  -0.214551494957234
  827.5,  -0.1947286509138902
  828.0,  -0.1654169465550028
  828.5,  -0.17042096010033764
  829.0,  -0.1954266215798159
  829.5,  -0.20776758649517232
  830.0,  -0.20576923589705198
  830.5,  -0.21205643514273617
  831.0,  -0.2219406571944986
  831.5,  -0.2305961684016239
  832.0,  -0.22805147099595335
  832.5,  -0.23343342108195034
  833.0,  -0.24735579214835476
  833.5,  -0.24115183700018483
  834.0,  -0.24944505994226404
  834.5,  -0.2657189692456708
  835.0,  -0.2896868323805696
  835.5,  -0.2785801348816015
  836.0,  -0.2868210255211969
  836.5,  -0.3060672295155906
  837.0,  -0.30979161888217094
  837.5,  -0.30207628458727814
  838.0,  -0.29164860351738986
  838.5,  -0.30870774347041696
  839.0,  -0.3241909627832848
  839.5,  -0.330048105725937
  840.0,  -0.3306293295309955
  840.5,  -0.329358175112442
  841.0,  -0.3191690486032366
  841.5,  -0.3074108681133831
  842.0,  -0.3299829631279678
  842.5,  -0.3411525700060396
  843.0,  -0.3520291707895914
  843.5,  -0.3620550085754658
  844.0,  -0.3375943347612375
  844.5,  -0.32924584114761
  845.0,  -0.3261996801626873
  845.5,  -0.3268716306455206
  846.0,  -0.33069897381811025
  846.5,  -0.33852665117334546
  847.0,  -0.33041770805733117
  847.5,  -0.3261377007214057
  848.0,  -0.3304323234218103
  848.5,  -0.3326052364717915
  849.0,  -0.3129651004461426
  849.5,  -0.3025106535768556
  850.0,  -0.31559683155624507
  850.5,  -0.3172101856194897
  851.0,  -0.3166435807836995
  851.5,  -0.3100074791418531
  852.0,  -0.3055172430747708
  852.5,  -0.3428604459155113
  853.0,  -0.34186083687540514
  853.5,  -0.3232201606928157
  854.0,  -0.32151916103894906
  854.5,  -0.29171141137256695
  855.0,  -0.311273970519788
  855.5,  -0.3092902504125084
  856.0,  -0.30788009569195207
  856.5,  -0.3207433707712255
  857.0,  -0.32398528967882867
  857.5,  -0.307877342161528
  858.0,  -0.3041670166349643
  858.5,  -0.3011908306520832
  859.0,  -0.3177113818148109
  859.5,  -0.3159919060795732
  860.0,  -0.3146762447763703
  860.5,  -0.3272889383620918
  861.0,  -0.33184158211038106
  861.5,  -0.3175977967175531
  862.0,  -0.3110314252618413
  862.5,  -0.3246261478940945
  863.0,  -0.33664128527161485
  863.5,  -0.3153459642406723
  864.0,  -0.31732100277066805
  864.5,  -0.32667089007083067
  865.0,  -0.3337936772823185
  865.5,  -0.3276014384742078
  866.0,  -0.3188788911322188
  866.5,  -0.28578503634564517
  867.0,  -0.2818909431037499
  867.5,  -0.30497783886606067
  868.0,  -0.31591229667425064
  868.5,  -0.3196907493073304
  869.0,  -0.32587968583365545
  869.5,  -0.3140550891341791
  870.0,  -0.31363277323585936
  870.5,  -0.32684922142737943
  871.0,  -0.32972653563927035
  871.5,  -0.29501052140114287
  872.0,  -0.2935536880482336
  872.5,  -0.3038445604218928
  873.0,  -0.29863800172702776
  873.5,  -0.30589060544384145
  874.0,  -0.30659929721948825
  874.5,  -0.28291972898131135
  875.0,  -0.27799066982715936
  875.5,  -0.2995116723665525
  876.0,  -0.31116266406508686
  876.5,  -0.3149565164498016
  877.0,  -0.3053711995520825
  877.5,  -0.2882845502085622
  878.0,  -0.30325930755013025
  878.5,  -0.3042198937167816
  879.0,  -0.29790788306994526
  879.5,  -0.28009982974498643
  880.0,  -0.27412997847241233
  880.5,  -0.25496530077247737
  881.0,  -0.2324823926108527
  881.5,  -0.25890703570551443
  882.0,  -0.27688632936213703
  882.5,  -0.3008883898325235
  883.0,  -0.3017735201530688
  883.5,  -0.2858248553698584
  884.0,  -0.26935951772085587
  884.5,  -0.2949380921405151
  885.0,  -0.2836126964941968
  885.5,  -0.2543280586739583
  886.0,  -0.2577627332883349
  886.5,  -0.2610193734621437
  887.0,  -0.2504299306034589
  887.5,  -0.2493218431308268
  888.0,  -0.22938617082736834
  888.5,  -0.217043004150134
  889.0,  -0.22971854755668378
  889.5,  -0.22596108771537735
  890.0,  -0.2360720125477526
  890.5,  -0.25906353574875535
  891.0,  -0.25419015607831336
  891.5,  -0.24841536920612992
  892.0,  -0.2398945577181845
  892.5,  -0.20809500115597063
  893.0,  -0.20675500814957187
  893.5,  -0.18689243368579095
  894.0,  -0.15925798511861028
  894.5,  -0.10770671507807042
  895.0,  -0.08041797924630811
  895.5,  -0.05320243303070702
  896.0,  -0.01629338808208342
  896.5,  -0.011095662723555506
  897.0,  0.009784233082798304
  897.5,  0.030470983028553007
  898.0,  0.04841609661783045
  898.5,  0.13314487977843906
  899.0,  0.15415892998045871
  899.5,  0.12557546902356642
  900.0,  0.0923283128755123
  900.5,  0.05331574468290146
  901.0,  0.012356593850730393
  901.5,  0.03724635644179407
  902.0,  0.05527830072929343
  902.5,  0.04010032075991311
  903.0,  -0.007360126668558322
  903.5,  -0.06751736960874194
  904.0,  -0.0831891834368164
  904.5,  -0.0849230574621875
  905.0,  -0.08053087655999067
  905.5,  -0.08097617719616768
  906.0,  -0.050463911791566014
  906.5,  -0.014328941006535152
  907.0,  -0.03137009545464403
  907.5,  0.03917137062759714
  908.0,  0.1079893954588782
  908.5,  0.21892979692264447
  909.0,  0.21798474624944494
  909.5,  0.21370375696410618
  910.0,  0.17322180193653425
  910.5,  0.13298219599369338
  911.0,  0.06769706399367977
  911.5,  0.0344499456786035
  912.0,  0.0024045018461382878
  912.5,  0.06219750073531752
  913.0,  0.0982136434410976
  913.5,  0.1042573913591316
  914.0,  0.14256914860828968
  914.5,  0.1614116118465684
  915.0,  0.177948504684099
  915.5,  0.16961290874189427
  916.0,  0.11207025917249291
  916.5,  0.09607565908550306
  917.0,  0.07239123084362895
  917.5,  0.11219636506901763
  918.0,  0.06303660101440858
  918.5,  -0.0223134325867581
  919.0,  1.3703835948635813E-4
  919.5,  -1.9619355329284112E-4
  920.0,  -0.0705988223592561
  920.5,  -0.0778132177874781
  921.0,  -0.04501589660995692
  921.5,  -0.05706048956348918
  922.0,  -0.05747835045031875
  922.5,  -0.04492179572075648
  923.0,  -0.038665264636564126
  923.5,  -0.013756421637107264
  924.0,  0.004391707927565561
  924.5,  -0.0030718608098696375
  925.0,  0.033735773849283904
  925.5,  0.047330778260458756
  926.0,  0.015262423500236173
  926.5,  0.024357971850763105
  927.0,  0.08836935972463987
  927.5,  0.14724684860657702
  928.0,  0.2499225478102901
  928.5,  0.3200372701774524
  929.0,  0.4158286662700553
  929.5,  0.4709673128340685
  930.0,  0.43932284571983193
  930.5,  0.6960218931964615
  931.0,  0.9583741637804275
  931.5,  1.1179629556913862
  932.0,  1.8724294812969835
  932.5,  1.3539881845966146
  933.0,  1.4424201666855756
  933.5,  2.1589942341737136
  934.0,  3.1190354535278386
  934.5,  1.8464208546768353
  935.0,  1.531190560522236
  935.5,  1.6275726661896142
  936.0,  2.055530619816796
  936.5,  Infinity
  937.0,  2.71210129799676
  937.5,  2.4384667274206087
  938.0,  1.5118538171775344
  938.5,  1.019833062895835
  939.0,  0.8056250577447356
  939.5,  0.7523554589386847
  940.0,  0.878655068889586
  940.5,  1.7825208882649357
  941.0,  1.155824851409843
  941.5,  1.2588163084117683
  942.0,  1.6370443622916482
  942.5,  1.9631258699485328
  943.0,  2.142227837387853
  943.5,  2.01597485475773
  944.0,  1.2277684346797137
  944.5,  1.174349380201338
  945.0,  1.5090258220105366
  945.5,  1.3534577915474573
  946.0,  1.4869366011688416
  946.5,  3.3198919184484645
  947.0,  1.1822008061825668
  947.5,  1.1766506893091409
  948.0,  1.3810691705738964
  948.5,  1.4213973713067556
  949.0,  2.1599339133382736
  949.5,  1.516350257756943
  950.0,  1.158763151333434
  950.5,  0.7227536652937184
  951.0,  0.5946232855492413
  951.5,  0.7204961591212106
  952.0,  1.4255684365915522
  952.5,  Infinity
  953.0,  1.5235539310583004
  953.5,  0.7479744633710994
  954.0,  0.9630286324966425
  954.5,  1.2116857542728632
  955.0,  1.3210401637102078
  955.5,  1.4285883159612471
  956.0,  1.546858763501149
  956.5,  1.0016433199470038
  957.0,  0.7479218702503563
  957.5,  0.6901256701158305
  958.0,  0.9973246108293187
  958.5,  0.9180645290303505
  959.0,  0.8641871497376233
  959.5,  0.658543414358933
  960.0,  0.5683709466396963
  960.5,  0.6098753095678947
  961.0,  0.7757871885170434
  961.5,  0.7712082182447203
  962.0,  0.9348970059677357
  962.5,  0.7550230729718118
  963.0,  0.5295033189177544
  963.5,  0.5272295667745863
  964.0,  0.518873643801896
  964.5,  0.4391532492549528
  965.0,  0.31776632032705
  965.5,  0.3393932285518119
  966.0,  0.2849316933001591
  966.5,  0.31522569944059997
  967.0,  0.39929726568140395
  967.5,  0.21436855946155892
  968.0,  0.22908407280345602
  968.5,  0.10799085058447222
  969.0,  -0.03657205866094167
  969.5,  0.014915990365540062
  970.0,  -0.014629622472883356
  970.5,  0.06209225923075411
  971.0,  0.07270639342063939
  971.5,  0.10466884591840502
  972.0,  0.13058532282992122
  972.5,  0.18925225220234476
  973.0,  0.2768120953633947
  973.5,  0.15978808267846242
  974.0,  0.13789943075079705
  974.5,  0.18770813721583607
  975.0,  0.18234215616390587
  975.5,  0.22733404906785246
  976.0,  0.12297027041618074
  976.5,  0.07160041753396555
  977.0,  0.16677623848378553
  977.5,  0.09268630698204718
  978.0,  -0.012014352090528743
  978.5,  0.1501311543552273
  979.0,  0.19477482715934002
  979.5,  0.1614791519326013
  980.0,  0.14548711557242533
  980.5,  -0.019503571947903392
  981.0,  -0.06370196086124853
  981.5,  0.019918121908590602
  982.0,  0.014132111716635186
  982.5,  0.06829685075177376
  983.0,  0.1258937288223094
  983.5,  0.14321182468809698
  984.0,  0.05625606706718586
  984.5,  -0.020961481027727335
  985.0,  -0.013975814758365995
  985.5,  -0.11276406827639072
  986.0,  -0.0059707808520899405
  986.5,  0.07123978538419679
  987.0,  0.09395415046757594
  987.5,  0.032604923230538346
  988.0,  -0.020069671668796626
  988.5,  -0.12845676104672132
  989.0,  -0.17685017525782606
  989.5,  -0.13873298504149734
  990.0,  -0.07125278552540618
  990.5,  -0.07454286260344381
  991.0,  -0.11915068448812684
  991.5,  -0.15512965300557283
  992.0,  -0.03548840879000231
  992.5,  -0.06001555723191155
  993.0,  -0.18848474120481948
  993.5,  -0.11678324335189583
  994.0,  -0.13443940239327065
  994.5,  -0.07765939472122145
  995.0,  -0.03158186167905621
  995.5,  -0.11965501806356298
  996.0,  -0.0632023891696708
  996.5,  -0.14123404240460552
  997.0,  -0.1659403800799228
  997.5,  -0.19582874297551492
  998.0,  -0.16407217666911117
  998.5,  -0.1162846051218454
  999.0,  -0.13726325829752423
  999.5,  -0.09353798205970647
 1000.0,  -0.2242283557778668
