200		7.807000000
210		6.129000000
220		4.904000000
230		3.979000000
240		3.274000000
250		2.721000000
260		2.282000000
270		1.932000000
280		1.645000000
290		1.412000000
300		1.219000000
310		1.060000000
320		0.924700000
330		0.810800000
340		0.714700000
350		0.632000000
360		0.561500000
370		0.500600000
380		0.447500000
390		0.401600000
400		0.361500000
410		0.326200000
420		0.295200000
430		0.267800000
440		0.243500000
450		0.221900000
460		0.202700000
470		0.185500000
480		0.170100000
490		0.156300000
500		0.143800000
510		0.132600000
520		0.122500000
530		0.113300000
540		0.105000000
550		0.097450000
560		0.090530000
570		0.084220000
580		0.078450000
590		0.073160000
600		0.068320000
610		0.063880000
620		0.059800000
630		0.056040000
640		0.052570000
650		0.049360000
660		0.046400000
670		0.043660000
680		0.041120000
690		0.038760000
700		0.036560000
710		0.034520000
720		0.032620000
730		0.030850000
740		0.029200000
750		0.027660000
760		0.026210000
770		0.024860000
780		0.023590000
790		0.022410000
800		0.021290000
900		0.013240000
1000		0.008666000
1100		0.005908000
1200		0.004165000
1300		0.003020000
1400		0.002243000
1500		0.001701000
1600		0.001313000
1700		0.001030000
1800		0.000819100
1900		0.000659600
2000		0.000537100
2200		0.000366600
2400		0.000258800
2600		0.000187800
2800		0.000139600
3000		0.000105900
3500		0.000057150
4000		0.000033500
