368.00 
   2011, 152, 12.18 
   2011, 152, 12.35 
   2011, 152, 12.51 
   2011, 152, 12.68 
   2011, 152, 12.85 
   2011, 152, 13.01 
   2011, 152, 13.18 
   2011, 152, 13.35 
   2011, 152, 13.51 
   2011, 152, 13.68 
   2011, 152, 13.85 
   1.0135E+000 
   1.0446E+000 
   1.1019E+000 
   1.0199E+000 
   1.0328E+000 
   1.0543E+000 
   1.0365E+000 
   1.0342E+000 
   1.0638E+000 
   1.0753E+000 
   6.8918E-001 
412.00 
   2011, 152, 12.18 
   2011, 152, 12.35 
   2011, 152, 12.51 
   2011, 152, 12.68 
   2011, 152, 12.85 
   2011, 152, 13.01 
   2011, 152, 13.18 
   2011, 152, 13.35 
   2011, 152, 13.51 
   2011, 152, 13.68 
   2011, 152, 13.85 
   1.8535E+000 
   1.9981E+000 
   2.0288E+000 
   1.9607E+000 
   1.9751E+000 
   1.9553E+000 
   1.9556E+000 
   1.9344E+000 
   2.0100E+000 
   2.0882E+000 
   1.3209E+000 
500.00 
   2011, 152, 12.18 
   2011, 152, 12.35 
   2011, 152, 12.51 
   2011, 152, 12.68 
   2011, 152, 12.85 
   2011, 152, 13.01 
   2011, 152, 13.18 
   2011, 152, 13.35 
   2011, 152, 13.51 
   2011, 152, 13.68 
   2011, 152, 13.85 
   2.7828E+000 
   3.3041E+000 
   3.2034E+000 
   3.0651E+000 
   3.0695E+000 
   3.1186E+000 
   3.1299E+000 
   3.0704E+000 
   3.1315E+000 
   3.2518E+000 
   2.0614E+000 
610.00 
   2011, 152, 12.18 
   2011, 152, 12.35 
   2011, 152, 12.51 
   2011, 152, 12.68 
   2011, 152, 12.85 
   2011, 152, 13.01 
   2011, 152, 13.18 
   2011, 152, 13.35 
   2011, 152, 13.51 
   2011, 152, 13.68 
   2011, 152, 13.85 
   2.8772E+000 
   3.7283E+000 
   3.5001E+000 
   3.2905E+000 
   3.3634E+000 
   3.5962E+000 
   3.6849E+000 
   3.4396E+000 
   3.4124E+000 
   3.5534E+000 
   2.2386E+000 
675.00 
   2011, 152, 12.18 
   2011, 152, 12.35 
   2011, 152, 12.51 
   2011, 152, 12.68 
   2011, 152, 12.85 
   2011, 152, 13.01 
   2011, 152, 13.18 
   2011, 152, 13.35 
   2011, 152, 13.51 
   2011, 152, 13.68 
   2011, 152, 13.85 
   2.7453E+000 
   3.5887E+000 
   3.4229E+000 
   3.1799E+000 
   3.2399E+000 
   3.5320E+000 
   3.5736E+000 
   3.3252E+000 
   3.3127E+000 
   3.4605E+000 
   2.1978E+000 
778.00 
   2011, 152, 12.18 
   2011, 152, 12.35 
   2011, 152, 12.51 
   2011, 152, 12.68 
   2011, 152, 12.85 
   2011, 152, 13.01 
   2011, 152, 13.18 
   2011, 152, 13.35 
   2011, 152, 13.51 
   2011, 152, 13.68 
   2011, 152, 13.85 
   2.1588E+000 
   2.7592E+000 
   2.6162E+000 
   2.5158E+000 
   2.5109E+000 
   2.7490E+000 
   2.7569E+000 
   2.5820E+000 
   2.5737E+000 
   2.6586E+000 
   1.6725E+000 
862.00 
   2011, 152, 12.18 
   2011, 152, 12.35 
   2011, 152, 12.51 
   2011, 152, 12.68 
   2011, 152, 12.85 
   2011, 152, 13.01 
   2011, 152, 13.18 
   2011, 152, 13.35 
   2011, 152, 13.51 
   2011, 152, 13.68 
   2011, 152, 13.85 
   1.6581E+000 
   2.0572E+000 
   1.9980E+000 
   1.8983E+000 
   1.8976E+000 
   2.0345E+000 
   2.1415E+000 
   1.9639E+000 
   1.9930E+000 
   2.0282E+000 
   1.2560E+000 
