0.3500,  0.871984
0.3505,  0.925003
0.3510,  0.885568
0.3515,  0.838529
0.3520,  0.796646
0.3525,  0.738211
0.3530,  0.754051
0.3535,  0.774180
0.3540,  0.796468
0.3545,  0.824822
0.3550,  0.798527
0.3555,  0.788576
0.3560,  0.765049
0.3565,  0.738870
0.3570,  0.719238
0.3575,  0.696377
0.3580,  0.663071
0.3585,  0.607304
0.3590,  0.762316
0.3595,  0.882391
0.3600,  0.846924
0.3605,  0.809213
0.3610,  0.754406
0.3615,  0.689609
0.3620,  0.739369
0.3625,  0.771247
0.3630,  0.747546
0.3635,  0.719368
0.3640,  0.689625
0.3645,  0.666759
0.3650,  0.699674
0.3655,  0.729217
0.3660,  0.724064
0.3665,  0.717447
0.3670,  0.676707
0.3675,  0.643484
0.3680,  0.600653
0.3685,  0.555614
0.3690,  0.590081
0.3695,  0.626707
0.3700,  0.589409
0.3705,  0.549556
0.3710,  0.567232
0.3715,  0.591737
0.3720,  0.569133
0.3725,  0.549932
0.3730,  0.519066
0.3735,  0.490188
0.3740,  0.515785
0.3745,  0.529072
0.3750,  0.617479
0.3755,  0.683339
0.3760,  0.674255
0.3765,  0.653347
0.3770,  0.686649
0.3775,  0.711778
0.3780,  0.691071
0.3785,  0.685629
0.3790,  0.580295
0.3795,  0.469575
0.3800,  0.523375
0.3805,  0.579193
0.3810,  0.548212
0.3815,  0.530255
0.3820,  0.450473
0.3825,  0.358499
0.3830,  0.353892
0.3835,  0.337226
0.3840,  0.532955
0.3845,  0.683710
0.3850,  0.707411
0.3855,  0.721665
0.3860,  0.703705
0.3865,  0.682821
0.3870,  0.665994
0.3875,  0.649182
0.3880,  0.619244
0.3885,  0.583526
0.3890,  0.634515
0.3895,  0.665671
0.3900,  0.644514
0.3905,  0.631054
0.3910,  0.629444
0.3915,  0.639612
0.3920,  0.529337
0.3925,  0.424281
0.3930,  0.253842
0.3935,  0.019065
0.3940,  0.343125
0.3945,  0.574157
0.3950,  0.691021
0.3955,  0.791502
0.3960,  0.614864
0.3965,  0.398159
0.3970,  0.416761
0.3975,  0.407013
0.3980,  0.592008
0.3985,  0.717020
0.3990,  0.685837
0.3995,  0.658483
0.4000,  0.601258
0.4005,  0.544901
0.4010,  0.513866
0.4015,  0.496454
0.4020,  0.469821
0.4025,  0.453510
0.4030,  0.424169
0.4035,  0.395739
0.4040,  0.387703
0.4045,  0.382113
0.4050,  0.377823
0.4055,  0.376899
0.4060,  0.356466
0.4065,  0.337551
0.4070,  0.353744
0.4075,  0.368313
0.4080,  0.399176
0.4085,  0.428096
0.4090,  0.419628
0.4095,  0.413793
0.4100,  0.362496
0.4105,  0.303656
0.4110,  0.373442
0.4115,  0.434131
0.4120,  0.415927
0.4125,  0.396506
0.4130,  0.379277
0.4135,  0.366727
0.4140,  0.359390
0.4145,  0.352620
0.4150,  0.352821
0.4155,  0.352701
0.4160,  0.375660
0.4165,  0.400792
0.4170,  0.360103
0.4175,  0.314988
0.4180,  0.319768
0.4185,  0.328927
0.4190,  0.335730
0.4195,  0.336361
0.4200,  0.348924
0.4205,  0.362816
0.4210,  0.369664
0.4215,  0.378230
0.4220,  0.328341
0.4225,  0.271265
0.4230,  0.309911
0.4235,  0.348954
0.4240,  0.366239
0.4245,  0.380808
0.4250,  0.362918
0.4255,  0.349622
0.4260,  0.351486
0.4265,  0.358058
0.4270,  0.320365
0.4275,  0.290344
0.4280,  0.304287
0.4285,  0.324676
0.4290,  0.307567
0.4295,  0.300719
0.4300,  0.218754
0.4305,  0.116883
0.4310,  0.320049
0.4315,  0.473943
0.4320,  0.445702
0.4325,  0.408608
0.4330,  0.407374
0.4335,  0.405919
0.4340,  0.374054
0.4345,  0.345293
0.4350,  0.348024
0.4355,  0.347304
0.4360,  0.386947
0.4365,  0.424542
0.4370,  0.386986
0.4375,  0.355016
0.4380,  0.295439
0.4385,  0.228813
0.4390,  0.296827
0.4395,  0.357741
0.4400,  0.327578
0.4405,  0.292132
0.4410,  0.333216
0.4415,  0.371643
0.4420,  0.371583
0.4425,  0.369346
0.4430,  0.343209
0.4435,  0.322191
0.4440,  0.334542
0.4445,  0.346780
0.4450,  0.310379
0.4455,  0.272099
0.4460,  0.286690
0.4465,  0.298870
0.4470,  0.332351
0.4475,  0.364753
0.4480,  0.340071
0.4485,  0.307182
0.4490,  0.310605
0.4495,  0.311334
0.4500,  0.325477
0.4505,  0.341051
0.4510,  0.331270
0.4515,  0.321918
0.4520,  0.287677
0.4525,  0.257183
0.4530,  0.267208
0.4535,  0.275897
0.4540,  0.285114
0.4545,  0.290450
0.4550,  0.301726
0.4555,  0.312675
0.4560,  0.318024
0.4565,  0.321859
0.4570,  0.320010
0.4575,  0.319775
0.4580,  0.291077
0.4585,  0.265812
0.4590,  0.276772
0.4595,  0.282283
0.4600,  0.285085
0.4605,  0.287376
0.4610,  0.285840
0.4615,  0.285097
0.4620,  0.294872
0.4625,  0.307904
0.4630,  0.293228
0.4635,  0.280874
0.4640,  0.270147
0.4645,  0.259973
0.4650,  0.282028
0.4655,  0.304437
0.4660,  0.282155
0.4665,  0.259846
0.4670,  0.288006
0.4675,  0.311446
0.4680,  0.309357
0.4685,  0.309976
0.4690,  0.308707
0.4695,  0.311378
0.4700,  0.288642
0.4705,  0.260695
0.4710,  0.289209
0.4715,  0.319690
0.4720,  0.319641
0.4725,  0.316922
0.4730,  0.302616
0.4735,  0.288735
0.4740,  0.300016
0.4745,  0.313358
0.4750,  0.305645
0.4755,  0.295852
0.4760,  0.279911
0.4765,  0.265699
0.4770,  0.290478
0.4775,  0.311201
0.4780,  0.290511
0.4785,  0.272196
0.4790,  0.285447
0.4795,  0.296369
0.4800,  0.283673
0.4805,  0.273350
0.4810,  0.285097
0.4815,  0.295797
0.4820,  0.281459
0.4825,  0.269249
0.4830,  0.269329
0.4835,  0.270966
0.4840,  0.267241
0.4845,  0.266672
0.4850,  0.248062
0.4855,  0.232810
0.4860,  0.201000
0.4865,  0.158638
0.4870,  0.219121
0.4875,  0.270674
0.4880,  0.287070
0.4885,  0.297420
0.4890,  0.294910
0.4895,  0.291709
0.4900,  0.290443
0.4905,  0.294533
0.4910,  0.266660
0.4915,  0.238752
0.4920,  0.237929
0.4925,  0.235384
0.4930,  0.232300
0.4935,  0.226905
0.4940,  0.259666
0.4945,  0.291700
0.4950,  0.257737
0.4955,  0.223691
0.4960,  0.240971
0.4965,  0.257002
0.4970,  0.257402
0.4975,  0.261467
0.4980,  0.228006
0.4985,  0.192235
0.4990,  0.218070
0.4995,  0.245266
0.5000,  0.224340
0.5005,  0.203102
0.5010,  0.199532
0.5015,  0.192844
0.5020,  0.215157
0.5025,  0.234589
0.5030,  0.243889
0.5035,  0.250068
0.5040,  0.232620
0.5045,  0.211194
0.5050,  0.232234
0.5055,  0.253791
0.5060,  0.240120
0.5065,  0.228844
0.5070,  0.217925
0.5075,  0.208386
0.5080,  0.213120
0.5085,  0.215288
0.5090,  0.213288
0.5095,  0.210657
0.5100,  0.215256
0.5105,  0.219825
0.5110,  0.229448
0.5115,  0.239072
0.5120,  0.209607
0.5125,  0.182900
0.5130,  0.184543
0.5135,  0.186826
0.5140,  0.194753
0.5145,  0.203118
0.5150,  0.211590
0.5155,  0.225473
0.5160,  0.183047
0.5165,  0.140398
0.5170,  0.168280
0.5175,  0.194322
0.5180,  0.180958
0.5185,  0.159763
0.5190,  0.198383
0.5195,  0.233026
0.5200,  0.222770
0.5205,  0.212614
0.5210,  0.222074
0.5215,  0.233417
0.5220,  0.210035
0.5225,  0.186583
0.5230,  0.200134
0.5235,  0.209645
0.5240,  0.217282
0.5245,  0.227367
0.5250,  0.219994
0.5255,  0.216661
0.5260,  0.164698
0.5265,  0.109497
0.5270,  0.156110
0.5275,  0.194940
0.5280,  0.205191
0.5285,  0.213083
0.5290,  0.209207
0.5295,  0.204576
0.5300,  0.205151
0.5305,  0.206760
0.5310,  0.204840
0.5315,  0.208566
0.5320,  0.168882
0.5325,  0.127984
0.5330,  0.172002
0.5335,  0.211626
0.5340,  0.195232
0.5345,  0.176319
0.5350,  0.202852
0.5355,  0.229777
0.5360,  0.201537
0.5365,  0.174743
0.5370,  0.179741
0.5375,  0.185144
0.5380,  0.191250
0.5385,  0.197938
0.5390,  0.183674
0.5395,  0.171482
0.5400,  0.160456
0.5405,  0.149484
0.5410,  0.180091
0.5415,  0.208884
0.5420,  0.195453
0.5425,  0.181192
0.5430,  0.191681
0.5435,  0.198685
0.5440,  0.193982
0.5445,  0.191349
0.5450,  0.196338
0.5455,  0.199464
0.5460,  0.195713
0.5465,  0.192613
0.5470,  0.183706
0.5475,  0.175623
0.5480,  0.183779
0.5485,  0.189891
0.5490,  0.194926
0.5495,  0.200653
0.5500,  0.192362
0.5505,  0.185261
0.5510,  0.187763
0.5515,  0.190599
0.5520,  0.186556
0.5525,  0.180227
0.5530,  0.190492
0.5535,  0.199856
0.5540,  0.203929
0.5545,  0.204721
0.5550,  0.203871
0.5555,  0.204854
0.5560,  0.189830
0.5565,  0.176834
0.5570,  0.187700
0.5575,  0.197785
0.5580,  0.188733
0.5585,  0.179472
0.5590,  0.187513
0.5595,  0.193353
0.5600,  0.200158
0.5605,  0.204905
0.5610,  0.199117
0.5615,  0.192682
0.5620,  0.197696
0.5625,  0.204327
0.5630,  0.207642
0.5635,  0.211643
0.5640,  0.212830
0.5645,  0.213464
0.5650,  0.203753
0.5655,  0.191321
0.5660,  0.197927
0.5665,  0.205377
0.5670,  0.218605
0.5675,  0.230780
0.5680,  0.212948
0.5685,  0.197798
0.5690,  0.214193
0.5695,  0.228816
0.5700,  0.209096
0.5705,  0.186671
0.5710,  0.199479
0.5715,  0.206329
0.5720,  0.216385
0.5725,  0.227358
0.5730,  0.218612
0.5735,  0.213432
0.5740,  0.211490
0.5745,  0.210365
0.5750,  0.202674
0.5755,  0.194345
0.5760,  0.198949
0.5765,  0.203331
0.5770,  0.207035
0.5775,  0.212040
0.5780,  0.197306
0.5785,  0.180203
0.5790,  0.191039
0.5795,  0.198702
0.5800,  0.197860
0.5805,  0.197753
0.5810,  0.199751
0.5815,  0.203100
0.5820,  0.205190
0.5825,  0.208145
0.5830,  0.201519
0.5835,  0.197515
0.5840,  0.198699
0.5845,  0.203131
0.5850,  0.189524
0.5855,  0.177053
0.5860,  0.195046
0.5865,  0.211746
0.5870,  0.220862
0.5875,  0.233495
0.5880,  0.223426
0.5885,  0.214871
0.5890,  0.193442
0.5895,  0.165334
0.5900,  0.223954
0.5905,  0.273610
0.5910,  0.262680
0.5915,  0.249875
0.5920,  0.247183
0.5925,  0.246354
0.5930,  0.239247
0.5935,  0.234825
0.5940,  0.231328
0.5945,  0.227362
0.5950,  0.233731
0.5955,  0.236891
0.5960,  0.240561
0.5965,  0.243402
0.5970,  0.233638
0.5975,  0.226514
0.5980,  0.220720
0.5985,  0.216115
0.5990,  0.222777
0.5995,  0.228770
0.6000,  0.225316
0.6005,  0.222457
0.6010,  0.224615
0.6015,  0.222459
0.6020,  0.210223
0.6025,  0.197353
0.6030,  0.211388
0.6035,  0.227037
0.6040,  0.224417
0.6045,  0.225886
0.6050,  0.227220
0.6055,  0.225657
0.6060,  0.223551
0.6065,  0.219133
0.6070,  0.216174
0.6075,  0.215017
0.6080,  0.214459
0.6085,  0.216721
0.6090,  0.225209
0.6095,  0.231409
0.6100,  0.224563
0.6105,  0.215732
0.6110,  0.226146
0.6115,  0.235682
0.6120,  0.224402
0.6125,  0.214177
0.6130,  0.210862
0.6135,  0.211827
0.6140,  0.224992
0.6145,  0.236684
0.6150,  0.241107
0.6155,  0.243577
0.6160,  0.217419
0.6165,  0.188332
0.6170,  0.212255
0.6175,  0.237140
0.6180,  0.243908
0.6185,  0.249902
0.6190,  0.247868
0.6195,  0.241260
0.6200,  0.246934
0.6205,  0.252767
0.6210,  0.240366
0.6215,  0.228799
0.6220,  0.236045
0.6225,  0.244082
0.6230,  0.234603
0.6235,  0.230453
0.6240,  0.237948
0.6245,  0.241642
0.6250,  0.238974
0.6255,  0.233918
0.6260,  0.247484
0.6265,  0.259565
0.6270,  0.257812
0.6275,  0.259311
0.6280,  0.263221
0.6285,  0.268946
0.6290,  0.272087
0.6295,  0.274157
0.6300,  0.272493
0.6305,  0.265569
0.6310,  0.259875
0.6315,  0.256887
0.6320,  0.254238
0.6325,  0.250110
0.6330,  0.248919
0.6335,  0.250632
0.6340,  0.255340
0.6345,  0.259668
0.6350,  0.266241
0.6355,  0.270699
0.6360,  0.272604
0.6365,  0.269052
0.6370,  0.263123
0.6375,  0.256702
0.6380,  0.252758
0.6385,  0.251498
0.6390,  0.252439
0.6395,  0.252777
0.6400,  0.251607
0.6405,  0.251848
0.6410,  0.250884
0.6415,  0.255875
0.6420,  0.257728
0.6425,  0.256678
0.6430,  0.254267
0.6435,  0.252130
0.6440,  0.249208
0.6445,  0.252502
0.6450,  0.258044
0.6455,  0.264561
0.6460,  0.273222
0.6465,  0.281113
0.6470,  0.287868
0.6475,  0.288460
0.6480,  0.284885
0.6485,  0.279144
0.6490,  0.274038
0.6495,  0.277508
0.6500,  0.277483
0.6505,  0.278953
0.6510,  0.284737
0.6515,  0.284906
0.6520,  0.286331
0.6525,  0.282733
0.6530,  0.281562
0.6535,  0.272930
0.6540,  0.267887
0.6545,  0.266483
0.6550,  0.275113
0.6555,  0.279219
0.6560,  0.276210
0.6565,  0.261847
0.6570,  0.230966
0.6575,  0.241676
0.6580,  0.251968
0.6585,  0.263630
0.6590,  0.277896
0.6595,  0.272689
0.6600,  0.268392
0.6605,  0.264388
0.6610,  0.260349
0.6615,  0.252499
0.6620,  0.246972
0.6625,  0.242515
0.6630,  0.243621
0.6635,  0.247187
0.6640,  0.251836
0.6645,  0.257413
0.6650,  0.259430
0.6655,  0.257295
0.6660,  0.255566
0.6665,  0.248985
0.6670,  0.242566
0.6675,  0.244553
0.6680,  0.241160
0.6685,  0.241903
0.6690,  0.245035
0.6695,  0.243949
0.6700,  0.242686
0.6705,  0.244074
0.6710,  0.247499
0.6715,  0.253862
0.6720,  0.258636
0.6725,  0.260265
0.6730,  0.260018
0.6735,  0.256221
0.6740,  0.252257
0.6745,  0.251175
0.6750,  0.252130
0.6755,  0.254511
0.6760,  0.258269
0.6765,  0.264111
0.6770,  0.268432
0.6775,  0.269150
0.6780,  0.271177
0.6785,  0.270418
0.6790,  0.269657
0.6795,  0.267137
0.6800,  0.263664
0.6805,  0.258545
0.6810,  0.258105
0.6815,  0.257302
0.6820,  0.263023
0.6825,  0.271537
0.6830,  0.280169
0.6835,  0.284006
0.6840,  0.286192
0.6845,  0.285165
0.6850,  0.282581
0.6855,  0.293134
0.6860,  0.320179
0.6865,  0.358541
0.6870,  0.395794
0.6875,  0.419270
0.6880,  0.433041
0.6885,  0.430495
0.6890,  0.424305
0.6895,  0.418780
0.6900,  0.413802
0.6905,  0.408026
0.6910,  0.398241
0.6915,  0.393746
0.6920,  0.390509
0.6925,  0.384108
0.6930,  0.383796
0.6935,  0.381052
0.6940,  0.378173
0.6945,  0.379333
0.6950,  0.378705
0.6955,  0.375715
0.6960,  0.368206
0.6965,  0.358957
0.6970,  0.352689
0.6975,  0.353978
0.6980,  0.362441
0.6985,  0.369830
0.6990,  0.375024
0.6995,  0.377425
0.7000,  0.376792
0.7005,  0.375596
0.7010,  0.374384
0.7015,  0.375820
0.7020,  0.376010
0.7025,  0.373376
0.7030,  0.372327
0.7035,  0.374720
0.7040,  0.376596
0.7045,  0.382040
0.7050,  0.387820
0.7055,  0.388163
0.7060,  0.389909
0.7065,  0.379399
0.7070,  0.375636
0.7075,  0.367838
0.7080,  0.361737
0.7085,  0.354307
0.7090,  0.351674
0.7095,  0.349932
0.7100,  0.354275
0.7105,  0.356448
0.7110,  0.360863
0.7115,  0.361598
0.7120,  0.362681
0.7125,  0.367158
0.7130,  0.374433
0.7135,  0.378301
0.7140,  0.379579
0.7145,  0.380894
0.7150,  0.384650
0.7155,  0.393127
0.7160,  0.419289
0.7165,  0.454851
0.7170,  0.502840
0.7175,  0.556708
0.7180,  0.617309
0.7185,  0.658046
0.7190,  0.685227
0.7195,  0.701976
0.7200,  0.695324
0.7205,  0.670193
0.7210,  0.627305
0.7215,  0.580526
0.7220,  0.556516
0.7225,  0.554876
0.7230,  0.570962
0.7235,  0.600116
0.7240,  0.624757
0.7245,  0.643046
0.7250,  0.654573
0.7255,  0.664407
0.7260,  0.663277
0.7265,  0.656747
0.7270,  0.651284
0.7275,  0.642738
0.7280,  0.634493
0.7285,  0.628160
0.7290,  0.621415
0.7295,  0.621588
0.7300,  0.623442
0.7305,  0.624244
0.7310,  0.613798
0.7315,  0.592095
0.7320,  0.568073
0.7325,  0.537666
0.7330,  0.508302
0.7335,  0.486645
0.7340,  0.468263
0.7345,  0.463069
0.7350,  0.463016
0.7355,  0.463011
0.7360,  0.467526
0.7365,  0.470940
0.7370,  0.465905
0.7375,  0.450859
0.7380,  0.436909
0.7385,  0.432872
0.7390,  0.424271
0.7395,  0.421376
0.7400,  0.417614
0.7405,  0.411054
0.7410,  0.403525
0.7415,  0.407326
0.7420,  0.414136
0.7425,  0.417942
0.7430,  0.422448
0.7435,  0.423445
0.7440,  0.424315
0.7445,  0.414649
0.7450,  0.409152
0.7455,  0.408739
0.7460,  0.408197
0.7465,  0.411454
0.7470,  0.413466
0.7475,  0.410700
0.7480,  0.412405
0.7485,  0.417255
0.7490,  0.431271
0.7495,  0.440272
0.7500,  0.440395
0.7505,  0.439319
0.7510,  0.433987
0.7515,  0.430196
0.7520,  0.437204
0.7525,  0.433850
0.7530,  0.434062
0.7535,  0.435586
0.7540,  0.433761
0.7545,  0.425401
0.7550,  0.432339
0.7555,  0.434312
0.7560,  0.431649
0.7565,  0.432748
0.7570,  0.431636
0.7575,  0.438647
0.7580,  0.462304
0.7585,  0.523533
0.7590,  0.629148
0.7595,  0.806522
0.7600,  1.058759
0.7605,  1.301101
0.7610,  1.449086
0.7615,  1.480973
0.7620,  1.449931
0.7625,  1.413643
0.7630,  1.386173
0.7635,  1.327659
0.7640,  1.241189
0.7645,  1.165332
0.7650,  1.074578
0.7655,  0.982757
0.7660,  0.880063
0.7665,  0.771219
0.7670,  0.696068
0.7675,  0.640665
0.7680,  0.601969
0.7685,  0.581914
0.7690,  0.564757
0.7695,  0.542453
0.7700,  0.525773
0.7705,  0.512811
0.7710,  0.496860
0.7715,  0.491024
0.7720,  0.489881
0.7725,  0.485609
0.7730,  0.490865
0.7735,  0.495187
0.7740,  0.495034
0.7745,  0.490945
0.7750,  0.483433
0.7755,  0.478417
0.7760,  0.477171
0.7765,  0.483104
0.7770,  0.493961
0.7775,  0.498294
0.7780,  0.502034
0.7785,  0.506675
0.7790,  0.495574
0.7795,  0.500600
0.7800,  0.506864
0.7805,  0.508161
0.7810,  0.504321
0.7815,  0.509346
0.7820,  0.501479
0.7825,  0.487798
0.7830,  0.483419
0.7835,  0.492553
0.7840,  0.496073
0.7845,  0.506937
0.7850,  0.514682
0.7855,  0.525044
0.7860,  0.532530
0.7865,  0.539955
0.7870,  0.541577
0.7875,  0.543307
0.7880,  0.545872
0.7885,  0.544468
0.7890,  0.551767
0.7895,  0.558081
0.7900,  0.563200
0.7905,  0.570861
0.7910,  0.572587
0.7915,  0.575286
0.7920,  0.577869
0.7925,  0.579292
0.7930,  0.584539
0.7935,  0.585552
0.7940,  0.586138
0.7945,  0.586133
0.7950,  0.584105
0.7955,  0.600566
0.7960,  0.611738
0.7965,  0.616071
0.7970,  0.609498
0.7975,  0.601010
0.7980,  0.607277
0.7985,  0.622649
0.7990,  0.630950
0.7995,  0.633315
0.8000,  0.625809
0.8005,  0.615762
0.8010,  0.622375
0.8015,  0.617090
0.8020,  0.621178
0.8025,  0.641446
0.8030,  0.660039
0.8035,  0.674033
0.8040,  0.673691
0.8045,  0.670534
0.8050,  0.660017
0.8055,  0.641717
0.8060,  0.641754
0.8065,  0.629310
0.8070,  0.622294
0.8075,  0.622660
0.8080,  0.628371
0.8085,  0.630825
0.8090,  0.642079
0.8095,  0.658343
0.8100,  0.674036
0.8105,  0.681456
0.8110,  0.699856
0.8115,  0.735495
0.8120,  0.762616
0.8125,  0.788050
0.8130,  0.825263
0.8135,  0.859434
0.8140,  0.916696
0.8145,  0.986120
0.8150,  1.047386
0.8155,  1.083271
0.8160,  1.122764
0.8165,  1.144465
0.8170,  1.152868
0.8175,  1.168566
0.8180,  1.162806
0.8185,  1.166114
0.8190,  1.145243
0.8195,  1.098066
0.8200,  1.025885
0.8205,  0.973284
0.8210,  0.963454
0.8215,  0.996934
0.8220,  1.081380
0.8225,  1.175052
0.8230,  1.218912
0.8235,  1.189780
0.8240,  1.111763
0.8245,  1.024598
0.8250,  0.973376
0.8255,  0.945092
0.8260,  0.936701
0.8265,  0.943689
0.8270,  0.951283
0.8275,  0.961949
0.8280,  0.985423
0.8285,  1.029286
0.8290,  1.045794
0.8295,  1.045603
0.8300,  1.013065
0.8305,  1.016005
0.8310,  1.026351
0.8315,  1.020451
0.8320,  1.012969
0.8325,  0.999322
0.8330,  0.976779
0.8335,  0.972421
0.8340,  0.965716
0.8345,  0.974027
0.8350,  0.982992
0.8355,  0.982230
0.8360,  0.953773
0.8365,  0.903201
0.8370,  0.885014
0.8375,  0.880492
0.8380,  0.868417
0.8385,  0.860078
0.8390,  0.860557
0.8395,  0.850768
0.8400,  0.846066
0.8405,  0.840892
0.8410,  0.839673
0.8415,  0.828287
0.8420,  0.812999
0.8425,  0.795739
0.8430,  0.780719
0.8435,  0.780268
0.8440,  0.780649
0.8445,  0.787814
0.8450,  0.786868
0.8455,  0.811377
0.8460,  0.831058
0.8465,  0.824228
0.8470,  0.837105
0.8475,  0.864891
0.8480,  0.913614
0.8485,  0.902785
0.8490,  0.887509
0.8495,  0.878953
0.8500,  0.865039
0.8505,  0.888820
0.8510,  0.928784
0.8515,  0.934296
0.8520,  0.952593
0.8525,  0.967526
0.8530,  0.977517
0.8535,  0.966404
0.8540,  0.964995
0.8545,  0.971847
0.8550,  1.012655
0.8555,  1.008889
0.8560,  1.012322
0.8565,  0.997447
0.8570,  1.006323
0.8575,  0.981871
0.8580,  0.972173
0.8585,  0.959599
0.8590,  0.972103
0.8595,  0.957694
0.8600,  0.954131
0.8605,  0.939884
0.8610,  0.911563
0.8615,  0.921275
0.8620,  0.971058
0.8625,  1.000558
0.8630,  0.993025
0.8635,  1.021932
0.8640,  1.052464
0.8645,  1.043965
0.8650,  1.075254
0.8655,  1.075442
0.8660,  1.092263
0.8665,  1.108926
0.8670,  1.138821
0.8675,  1.142066
0.8680,  1.136112
0.8685,  1.154351
0.8690,  1.207824
0.8695,  1.236697
0.8700,  1.223828
0.8705,  1.184173
0.8710,  1.137500
0.8715,  1.096649
0.8720,  1.067013
0.8725,  1.078775
0.8730,  1.138460
0.8735,  1.173621
0.8740,  1.211679
0.8745,  1.264133
0.8750,  1.284738
0.8755,  1.288765
0.8760,  1.231578
0.8765,  1.257183
0.8770,  1.249210
0.8775,  1.255213
0.8780,  1.239355
0.8785,  1.261662
0.8790,  1.261271
0.8795,  1.291653
0.8800,  1.317456
0.8805,  1.319443
0.8810,  1.374623
0.8815,  1.427322
0.8820,  1.478950
0.8825,  1.442220
0.8830,  1.421609
0.8835,  1.408223
0.8840,  1.344926
0.8845,  1.327960
0.8850,  1.341076
0.8855,  1.364876
0.8860,  1.456473
0.8865,  1.531059
0.8870,  1.654661
0.8875,  1.669501
0.8880,  1.604520
0.8885,  1.559111
0.8890,  1.510892
0.8895,  1.564829
0.8900,  1.599655
