0.3500,  0.301481
0.3505,  0.357672
0.3510,  0.326706
0.3515,  0.295011
0.3520,  0.258166
0.3525,  0.217836
0.3530,  0.253130
0.3535,  0.289613
0.3540,  0.315806
0.3545,  0.344754
0.3550,  0.333829
0.3555,  0.318360
0.3560,  0.287752
0.3565,  0.251208
0.3570,  0.224043
0.3575,  0.186503
0.3580,  0.139878
0.3585,  0.079532
0.3590,  0.218210
0.3595,  0.335576
0.3600,  0.316230
0.3605,  0.295287
0.3610,  0.249576
0.3615,  0.193543
0.3620,  0.233292
0.3625,  0.278236
0.3630,  0.274204
0.3635,  0.268371
0.3640,  0.253304
0.3645,  0.236271
0.3650,  0.265455
0.3655,  0.297425
0.3660,  0.314953
0.3665,  0.334871
0.3670,  0.309095
0.3675,  0.285780
0.3680,  0.250547
0.3685,  0.213684
0.3690,  0.258025
0.3695,  0.301306
0.3700,  0.267161
0.3705,  0.231108
0.3710,  0.250707
0.3715,  0.281670
0.3720,  0.260718
0.3725,  0.236241
0.3730,  0.203757
0.3735,  0.166552
0.3740,  0.174845
0.3745,  0.169465
0.3750,  0.234453
0.3755,  0.291373
0.3760,  0.285031
0.3765,  0.267642
0.3770,  0.308560
0.3775,  0.353446
0.3780,  0.353834
0.3785,  0.359994
0.3790,  0.267813
0.3795,  0.166801
0.3800,  0.220437
0.3805,  0.278673
0.3810,  0.255213
0.3815,  0.241310
0.3820,  0.162826
0.3825,  0.060998
0.3830,  0.034442
0.3835,  -0.010307
0.3840,  0.142816
0.3845,  0.260869
0.3850,  0.266764
0.3855,  0.275946
0.3860,  0.263710
0.3865,  0.257374
0.3870,  0.256037
0.3875,  0.246999
0.3880,  0.226959
0.3885,  0.202691
0.3890,  0.258513
0.3895,  0.302349
0.3900,  0.297442
0.3905,  0.296632
0.3910,  0.313601
0.3915,  0.347042
0.3920,  0.260410
0.3925,  0.167248
0.3930,  0.002068
0.3935,  -0.233295
0.3940,  0.040568
0.3945,  0.232509
0.3950,  0.330943
0.3955,  0.424143
0.3960,  0.268449
0.3965,  0.068598
0.3970,  0.080715
0.3975,  0.067465
0.3980,  0.241318
0.3985,  0.363985
0.3990,  0.348093
0.3995,  0.340546
0.4000,  0.310088
0.4005,  0.285748
0.4010,  0.279590
0.4015,  0.278979
0.4020,  0.267479
0.4025,  0.260326
0.4030,  0.237663
0.4035,  0.215686
0.4040,  0.210994
0.4045,  0.208389
0.4050,  0.205850
0.4055,  0.206140
0.4060,  0.191870
0.4065,  0.178083
0.4070,  0.190023
0.4075,  0.196861
0.4080,  0.221820
0.4085,  0.247215
0.4090,  0.242191
0.4095,  0.242103
0.4100,  0.202486
0.4105,  0.149841
0.4110,  0.211682
0.4115,  0.265172
0.4120,  0.245304
0.4125,  0.228033
0.4130,  0.212518
0.4135,  0.201994
0.4140,  0.197107
0.4145,  0.190866
0.4150,  0.188088
0.4155,  0.185467
0.4160,  0.209429
0.4165,  0.235792
0.4170,  0.200964
0.4175,  0.160617
0.4180,  0.166226
0.4185,  0.173321
0.4190,  0.183391
0.4195,  0.186653
0.4200,  0.198443
0.4205,  0.210845
0.4210,  0.219246
0.4215,  0.227847
0.4220,  0.182033
0.4225,  0.128727
0.4230,  0.163687
0.4235,  0.193988
0.4240,  0.204959
0.4245,  0.222782
0.4250,  0.209568
0.4255,  0.193608
0.4260,  0.198705
0.4265,  0.203411
0.4270,  0.171792
0.4275,  0.144181
0.4280,  0.156116
0.4285,  0.172786
0.4290,  0.163688
0.4295,  0.154086
0.4300,  0.072688
0.4305,  -0.034988
0.4310,  0.140206
0.4315,  0.272590
0.4320,  0.241551
0.4325,  0.211293
0.4330,  0.214785
0.4335,  0.219294
0.4340,  0.191863
0.4345,  0.166371
0.4350,  0.165575
0.4355,  0.162878
0.4360,  0.200032
0.4365,  0.241549
0.4370,  0.219145
0.4375,  0.198189
0.4380,  0.151042
0.4385,  0.095529
0.4390,  0.160351
0.4395,  0.215316
0.4400,  0.182839
0.4405,  0.148753
0.4410,  0.189331
0.4415,  0.225085
0.4420,  0.224447
0.4425,  0.224752
0.4430,  0.202997
0.4435,  0.183911
0.4440,  0.197377
0.4445,  0.212313
0.4450,  0.180921
0.4455,  0.146131
0.4460,  0.161976
0.4465,  0.169926
0.4470,  0.198900
0.4475,  0.226923
0.4480,  0.198652
0.4485,  0.171441
0.4490,  0.174665
0.4495,  0.176953
0.4500,  0.191394
0.4505,  0.207445
0.4510,  0.199968
0.4515,  0.196751
0.4520,  0.168225
0.4525,  0.141187
0.4530,  0.152092
0.4535,  0.160453
0.4540,  0.165864
0.4545,  0.169436
0.4550,  0.176066
0.4555,  0.181504
0.4560,  0.183490
0.4565,  0.185720
0.4570,  0.185982
0.4575,  0.191346
0.4580,  0.166733
0.4585,  0.143451
0.4590,  0.156311
0.4595,  0.163887
0.4600,  0.167784
0.4605,  0.172270
0.4610,  0.173539
0.4615,  0.173894
0.4620,  0.182245
0.4625,  0.190421
0.4630,  0.176253
0.4635,  0.166146
0.4640,  0.157395
0.4645,  0.148708
0.4650,  0.169461
0.4655,  0.191095
0.4660,  0.169976
0.4665,  0.148559
0.4670,  0.172365
0.4675,  0.190212
0.4680,  0.185767
0.4685,  0.182700
0.4690,  0.186378
0.4695,  0.188794
0.4700,  0.168036
0.4705,  0.141970
0.4710,  0.168743
0.4715,  0.196650
0.4720,  0.193297
0.4725,  0.194659
0.4730,  0.185618
0.4735,  0.174545
0.4740,  0.186545
0.4745,  0.200394
0.4750,  0.195985
0.4755,  0.190531
0.4760,  0.177825
0.4765,  0.163291
0.4770,  0.185486
0.4775,  0.206061
0.4780,  0.188561
0.4785,  0.172348
0.4790,  0.186137
0.4795,  0.197077
0.4800,  0.187273
0.4805,  0.180374
0.4810,  0.191883
0.4815,  0.203372
0.4820,  0.192650
0.4825,  0.184087
0.4830,  0.187217
0.4835,  0.192891
0.4840,  0.193204
0.4845,  0.197244
0.4850,  0.185883
0.4855,  0.174428
0.4860,  0.137371
0.4865,  0.087042
0.4870,  0.133347
0.4875,  0.173683
0.4880,  0.183872
0.4885,  0.193202
0.4890,  0.194062
0.4895,  0.195450
0.4900,  0.199140
0.4905,  0.208680
0.4910,  0.189139
0.4915,  0.169336
0.4920,  0.170806
0.4925,  0.166505
0.4930,  0.158311
0.4935,  0.149068
0.4940,  0.178212
0.4945,  0.209654
0.4950,  0.180030
0.4955,  0.151985
0.4960,  0.171367
0.4965,  0.192152
0.4970,  0.197180
0.4975,  0.201842
0.4980,  0.171947
0.4985,  0.140522
0.4990,  0.167278
0.4995,  0.194477
0.5000,  0.175656
0.5005,  0.155680
0.5010,  0.150644
0.5015,  0.141323
0.5020,  0.158616
0.5025,  0.176957
0.5030,  0.187357
0.5035,  0.194890
0.5040,  0.177850
0.5045,  0.157901
0.5050,  0.177587
0.5055,  0.198544
0.5060,  0.189053
0.5065,  0.181051
0.5070,  0.171193
0.5075,  0.159442
0.5080,  0.161283
0.5085,  0.162800
0.5090,  0.161739
0.5095,  0.160805
0.5100,  0.166714
0.5105,  0.172203
0.5110,  0.182415
0.5115,  0.193694
0.5120,  0.169837
0.5125,  0.146709
0.5130,  0.151817
0.5135,  0.153090
0.5140,  0.158091
0.5145,  0.161921
0.5150,  0.172951
0.5155,  0.190860
0.5160,  0.155912
0.5165,  0.117130
0.5170,  0.141421
0.5175,  0.159926
0.5180,  0.140315
0.5185,  0.112953
0.5190,  0.143995
0.5195,  0.174200
0.5200,  0.165607
0.5205,  0.157932
0.5210,  0.169698
0.5215,  0.184526
0.5220,  0.164471
0.5225,  0.142594
0.5230,  0.155930
0.5235,  0.164838
0.5240,  0.173582
0.5245,  0.185838
0.5250,  0.186443
0.5255,  0.191403
0.5260,  0.145454
0.5265,  0.090970
0.5270,  0.127692
0.5275,  0.155068
0.5280,  0.158913
0.5285,  0.164285
0.5290,  0.161793
0.5295,  0.160025
0.5300,  0.162990
0.5305,  0.168574
0.5310,  0.173283
0.5315,  0.181329
0.5320,  0.145665
0.5325,  0.106247
0.5330,  0.144027
0.5335,  0.177802
0.5340,  0.159957
0.5345,  0.139958
0.5350,  0.164058
0.5355,  0.190037
0.5360,  0.165017
0.5365,  0.141053
0.5370,  0.144573
0.5375,  0.149632
0.5380,  0.157233
0.5385,  0.168241
0.5390,  0.160490
0.5395,  0.150342
0.5400,  0.139631
0.5405,  0.126469
0.5410,  0.150198
0.5415,  0.170998
0.5420,  0.154101
0.5425,  0.138419
0.5430,  0.148368
0.5435,  0.157278
0.5440,  0.154541
0.5445,  0.155340
0.5450,  0.160869
0.5455,  0.166555
0.5460,  0.165453
0.5465,  0.165337
0.5470,  0.157720
0.5475,  0.146714
0.5480,  0.150789
0.5485,  0.153762
0.5490,  0.157330
0.5495,  0.162830
0.5500,  0.155492
0.5505,  0.148986
0.5510,  0.152749
0.5515,  0.156510
0.5520,  0.152885
0.5525,  0.146492
0.5530,  0.151987
0.5535,  0.159633
0.5540,  0.162384
0.5545,  0.164015
0.5550,  0.165054
0.5555,  0.167080
0.5560,  0.154115
0.5565,  0.142437
0.5570,  0.152271
0.5575,  0.163595
0.5580,  0.154959
0.5585,  0.144856
0.5590,  0.147839
0.5595,  0.151939
0.5600,  0.157626
0.5605,  0.163531
0.5610,  0.158470
0.5615,  0.152383
0.5620,  0.155838
0.5625,  0.161631
0.5630,  0.165155
0.5635,  0.168422
0.5640,  0.169796
0.5645,  0.172562
0.5650,  0.164771
0.5655,  0.153117
0.5660,  0.158593
0.5665,  0.165278
0.5670,  0.178916
0.5675,  0.193873
0.5680,  0.177611
0.5685,  0.161752
0.5690,  0.176139
0.5695,  0.190572
0.5700,  0.172145
0.5705,  0.149643
0.5710,  0.157027
0.5715,  0.162616
0.5720,  0.171510
0.5725,  0.182473
0.5730,  0.176497
0.5735,  0.174479
0.5740,  0.175499
0.5745,  0.176023
0.5750,  0.168585
0.5755,  0.158504
0.5760,  0.161413
0.5765,  0.165739
0.5770,  0.171614
0.5775,  0.174986
0.5780,  0.158031
0.5785,  0.138860
0.5790,  0.147136
0.5795,  0.153555
0.5800,  0.153818
0.5805,  0.154182
0.5810,  0.154751
0.5815,  0.156051
0.5820,  0.158339
0.5825,  0.160914
0.5830,  0.155425
0.5835,  0.153321
0.5840,  0.156256
0.5845,  0.161519
0.5850,  0.148559
0.5855,  0.134198
0.5860,  0.149552
0.5865,  0.167724
0.5870,  0.183091
0.5875,  0.202842
0.5880,  0.199320
0.5885,  0.189340
0.5890,  0.159581
0.5895,  0.121425
0.5900,  0.167547
0.5905,  0.210668
0.5910,  0.199031
0.5915,  0.187000
0.5920,  0.186107
0.5925,  0.187295
0.5930,  0.182957
0.5935,  0.184234
0.5940,  0.182961
0.5945,  0.178471
0.5950,  0.180748
0.5955,  0.181002
0.5960,  0.182629
0.5965,  0.184112
0.5970,  0.175933
0.5975,  0.168234
0.5980,  0.160077
0.5985,  0.153804
0.5990,  0.160666
0.5995,  0.168415
0.6000,  0.165793
0.6005,  0.164410
0.6010,  0.166723
0.6015,  0.163788
0.6020,  0.149425
0.6025,  0.135494
0.6030,  0.146925
0.6035,  0.161470
0.6040,  0.160447
0.6045,  0.162841
0.6050,  0.162997
0.6055,  0.160918
0.6060,  0.158341
0.6065,  0.154625
0.6070,  0.153670
0.6075,  0.155188
0.6080,  0.155712
0.6085,  0.157520
0.6090,  0.163445
0.6095,  0.167717
0.6100,  0.158166
0.6105,  0.147961
0.6110,  0.157229
0.6115,  0.167275
0.6120,  0.158495
0.6125,  0.152065
0.6130,  0.150989
0.6135,  0.148978
0.6140,  0.158721
0.6145,  0.169262
0.6150,  0.171707
0.6155,  0.172634
0.6160,  0.146208
0.6165,  0.115408
0.6170,  0.137984
0.6175,  0.161741
0.6180,  0.165413
0.6185,  0.171163
0.6190,  0.169617
0.6195,  0.165224
0.6200,  0.170919
0.6205,  0.177468
0.6210,  0.167363
0.6215,  0.154626
0.6220,  0.161430
0.6225,  0.168789
0.6230,  0.162167
0.6235,  0.158607
0.6240,  0.165619
0.6245,  0.166676
0.6250,  0.161150
0.6255,  0.152872
0.6260,  0.166749
0.6265,  0.183749
0.6270,  0.186160
0.6275,  0.188916
0.6280,  0.195020
0.6285,  0.201099
0.6290,  0.202582
0.6295,  0.203246
0.6300,  0.197264
0.6305,  0.186626
0.6310,  0.175410
0.6315,  0.169544
0.6320,  0.167750
0.6325,  0.167460
0.6330,  0.168054
0.6335,  0.168377
0.6340,  0.170124
0.6345,  0.173231
0.6350,  0.175185
0.6355,  0.175170
0.6360,  0.170464
0.6365,  0.165110
0.6370,  0.160325
0.6375,  0.157441
0.6380,  0.156832
0.6385,  0.156689
0.6390,  0.158016
0.6395,  0.158139
0.6400,  0.159276
0.6405,  0.159051
0.6410,  0.157250
0.6415,  0.157897
0.6420,  0.154936
0.6425,  0.151587
0.6430,  0.151223
0.6435,  0.150868
0.6440,  0.153409
0.6445,  0.159747
0.6450,  0.170781
0.6455,  0.178310
0.6460,  0.185256
0.6465,  0.190102
0.6470,  0.193002
0.6475,  0.193483
0.6480,  0.190415
0.6485,  0.187023
0.6490,  0.179167
0.6495,  0.177273
0.6500,  0.175912
0.6505,  0.180919
0.6510,  0.189072
0.6515,  0.187031
0.6520,  0.184284
0.6525,  0.180764
0.6530,  0.179363
0.6535,  0.171033
0.6540,  0.170973
0.6545,  0.180609
0.6550,  0.190045
0.6555,  0.184129
0.6560,  0.167003
0.6565,  0.133919
0.6570,  0.094249
0.6575,  0.103757
0.6580,  0.117521
0.6585,  0.133709
0.6590,  0.148912
0.6595,  0.143924
0.6600,  0.141065
0.6605,  0.137135
0.6610,  0.134811
0.6615,  0.130049
0.6620,  0.129612
0.6625,  0.131346
0.6630,  0.130636
0.6635,  0.134985
0.6640,  0.136401
0.6645,  0.138503
0.6650,  0.140262
0.6655,  0.137332
0.6660,  0.132604
0.6665,  0.130195
0.6670,  0.127155
0.6675,  0.128570
0.6680,  0.129708
0.6685,  0.134071
0.6690,  0.138095
0.6695,  0.138403
0.6700,  0.134126
0.6705,  0.130582
0.6710,  0.130913
0.6715,  0.133395
0.6720,  0.132319
0.6725,  0.132569
0.6730,  0.130456
0.6735,  0.123817
0.6740,  0.120642
0.6745,  0.120012
0.6750,  0.120139
0.6755,  0.121852
0.6760,  0.123083
0.6765,  0.124873
0.6770,  0.125415
0.6775,  0.125340
0.6780,  0.126102
0.6785,  0.128616
0.6790,  0.127844
0.6795,  0.127835
0.6800,  0.124742
0.6805,  0.122833
0.6810,  0.120646
0.6815,  0.124405
0.6820,  0.129824
0.6825,  0.132519
0.6830,  0.136810
0.6835,  0.138796
0.6840,  0.135372
0.6845,  0.135622
0.6850,  0.144651
0.6855,  0.176730
0.6860,  0.215671
0.6865,  0.249519
0.6870,  0.267326
0.6875,  0.266472
0.6880,  0.260589
0.6885,  0.255305
0.6890,  0.252323
0.6895,  0.242844
0.6900,  0.230854
0.6905,  0.218655
0.6910,  0.211523
0.6915,  0.211550
0.6920,  0.210778
0.6925,  0.215127
0.6930,  0.224598
0.6935,  0.227620
0.6940,  0.226407
0.6945,  0.219815
0.6950,  0.209544
0.6955,  0.194469
0.6960,  0.180968
0.6965,  0.174100
0.6970,  0.171120
0.6975,  0.179026
0.6980,  0.190939
0.6985,  0.202663
0.6990,  0.208677
0.6995,  0.205989
0.7000,  0.197838
0.7005,  0.197095
0.7010,  0.193809
0.7015,  0.193474
0.7020,  0.188916
0.7025,  0.184630
0.7030,  0.179649
0.7035,  0.180985
0.7040,  0.179691
0.7045,  0.184736
0.7050,  0.189287
0.7055,  0.187179
0.7060,  0.182688
0.7065,  0.182312
0.7070,  0.180822
0.7075,  0.180051
0.7080,  0.172374
0.7085,  0.166139
0.7090,  0.162346
0.7095,  0.159617
0.7100,  0.154642
0.7105,  0.155662
0.7110,  0.158866
0.7115,  0.159031
0.7120,  0.158569
0.7125,  0.164092
0.7130,  0.170791
0.7135,  0.174950
0.7140,  0.178330
0.7145,  0.182139
0.7150,  0.197492
0.7155,  0.222196
0.7160,  0.261470
0.7165,  0.302680
0.7170,  0.344330
0.7175,  0.379005
0.7180,  0.408214
0.7185,  0.426914
0.7190,  0.424926
0.7195,  0.415518
0.7200,  0.387349
0.7205,  0.347234
0.7210,  0.312139
0.7215,  0.288238
0.7220,  0.287659
0.7225,  0.309246
0.7230,  0.333619
0.7235,  0.352541
0.7240,  0.369276
0.7245,  0.378488
0.7250,  0.379027
0.7255,  0.381813
0.7260,  0.383794
0.7265,  0.382707
0.7270,  0.379760
0.7275,  0.369641
0.7280,  0.356206
0.7285,  0.344111
0.7290,  0.336589
0.7295,  0.329275
0.7300,  0.320185
0.7305,  0.314737
0.7310,  0.305786
0.7315,  0.286932
0.7320,  0.265264
0.7325,  0.244828
0.7330,  0.230850
0.7335,  0.220617
0.7340,  0.211548
0.7345,  0.207640
0.7350,  0.205475
0.7355,  0.207003
0.7360,  0.201174
0.7365,  0.198922
0.7370,  0.196417
0.7375,  0.191536
0.7380,  0.191470
0.7385,  0.194295
0.7390,  0.185822
0.7395,  0.178672
0.7400,  0.169964
0.7405,  0.158564
0.7410,  0.148149
0.7415,  0.145273
0.7420,  0.147558
0.7425,  0.152128
0.7430,  0.154320
0.7435,  0.148788
0.7440,  0.149714
0.7445,  0.149068
0.7450,  0.146763
0.7455,  0.148647
0.7460,  0.149205
0.7465,  0.146704
0.7470,  0.142489
0.7475,  0.135466
0.7480,  0.131878
0.7485,  0.132687
0.7490,  0.136127
0.7495,  0.144817
0.7500,  0.147332
0.7505,  0.151034
0.7510,  0.153732
0.7515,  0.149877
0.7520,  0.145541
0.7525,  0.138984
0.7530,  0.133504
0.7535,  0.130438
0.7540,  0.130589
0.7545,  0.129503
0.7550,  0.124637
0.7555,  0.128811
0.7560,  0.134013
0.7565,  0.134634
0.7570,  0.140868
0.7575,  0.159737
0.7580,  0.204864
0.7585,  0.294306
0.7590,  0.433304
0.7595,  0.595615
0.7600,  0.705703
0.7605,  0.748580
0.7610,  0.739863
0.7615,  0.720489
0.7620,  0.720342
0.7625,  0.719060
0.7630,  0.704572
0.7635,  0.661153
0.7640,  0.604064
0.7645,  0.542951
0.7650,  0.472684
0.7655,  0.396340
0.7660,  0.326395
0.7665,  0.274140
0.7670,  0.231084
0.7675,  0.209090
0.7680,  0.198113
0.7685,  0.188703
0.7690,  0.185131
0.7695,  0.178988
0.7700,  0.171575
0.7705,  0.162844
0.7710,  0.155604
0.7715,  0.152860
0.7720,  0.147057
0.7725,  0.140030
0.7730,  0.136651
0.7735,  0.128633
0.7740,  0.127239
0.7745,  0.123910
0.7750,  0.124224
0.7755,  0.126815
0.7760,  0.130254
0.7765,  0.128494
0.7770,  0.127079
0.7775,  0.119808
0.7780,  0.115140
0.7785,  0.111693
0.7790,  0.110808
0.7795,  0.108884
0.7800,  0.109327
0.7805,  0.110640
0.7810,  0.121471
0.7815,  0.128244
0.7820,  0.139127
0.7825,  0.141847
0.7830,  0.141277
0.7835,  0.135587
0.7840,  0.126027
0.7845,  0.123686
0.7850,  0.124934
0.7855,  0.126749
0.7860,  0.133193
0.7865,  0.148271
0.7870,  0.157751
0.7875,  0.165913
0.7880,  0.177296
0.7885,  0.183558
0.7890,  0.186336
0.7895,  0.186339
0.7900,  0.180558
0.7905,  0.176208
0.7910,  0.171336
0.7915,  0.164536
0.7920,  0.161336
0.7925,  0.161291
0.7930,  0.167442
0.7935,  0.167415
0.7940,  0.161590
0.7945,  0.162276
0.7950,  0.163512
0.7955,  0.167843
0.7960,  0.167109
0.7965,  0.164220
0.7970,  0.160483
0.7975,  0.153277
0.7980,  0.151161
0.7985,  0.155900
0.7990,  0.162631
0.7995,  0.171771
0.8000,  0.183127
0.8005,  0.185996
0.8010,  0.182767
0.8015,  0.176177
0.8020,  0.171152
0.8025,  0.164716
0.8030,  0.154025
0.8035,  0.151117
0.8040,  0.153219
0.8045,  0.153029
0.8050,  0.148112
0.8055,  0.143185
0.8060,  0.149977
0.8065,  0.166920
0.8070,  0.173440
0.8075,  0.168159
0.8080,  0.159461
0.8085,  0.149523
0.8090,  0.140750
0.8095,  0.142033
0.8100,  0.158054
0.8105,  0.175285
0.8110,  0.196286
0.8115,  0.220275
0.8120,  0.251436
0.8125,  0.278144
0.8130,  0.304564
0.8135,  0.330662
0.8140,  0.347813
0.8145,  0.370395
0.8150,  0.384868
0.8155,  0.391892
0.8160,  0.393839
0.8165,  0.403651
0.8170,  0.416436
0.8175,  0.423476
0.8180,  0.417573
0.8185,  0.399075
0.8190,  0.353301
0.8195,  0.315982
0.8200,  0.283954
0.8205,  0.266129
0.8210,  0.287964
0.8215,  0.329128
0.8220,  0.373930
0.8225,  0.385984
0.8230,  0.364132
0.8235,  0.334418
0.8240,  0.304649
0.8245,  0.287287
0.8250,  0.284568
0.8255,  0.283382
0.8260,  0.273656
0.8265,  0.282173
0.8270,  0.283318
0.8275,  0.290809
0.8280,  0.301812
0.8285,  0.297135
0.8290,  0.303301
0.8295,  0.295539
0.8300,  0.278146
0.8305,  0.268396
0.8310,  0.265564
0.8315,  0.261175
0.8320,  0.255808
0.8325,  0.241203
0.8330,  0.220147
0.8335,  0.207319
0.8340,  0.200482
0.8345,  0.196785
0.8350,  0.207099
0.8355,  0.213177
0.8360,  0.207064
0.8365,  0.199364
0.8370,  0.185733
0.8375,  0.173965
0.8380,  0.160085
0.8385,  0.149400
0.8390,  0.139677
0.8395,  0.140970
0.8400,  0.147122
0.8405,  0.149052
0.8410,  0.151161
0.8415,  0.151615
0.8420,  0.151775
0.8425,  0.148277
0.8430,  0.145948
0.8435,  0.141618
0.8440,  0.134514
0.8445,  0.123787
0.8450,  0.116198
0.8455,  0.110338
0.8460,  0.109697
0.8465,  0.117925
0.8470,  0.125072
0.8475,  0.130745
0.8480,  0.138977
0.8485,  0.132723
0.8490,  0.121932
0.8495,  0.104697
0.8500,  0.096328
0.8505,  0.094665
0.8510,  0.098349
0.8515,  0.113232
0.8520,  0.142063
0.8525,  0.148852
0.8530,  0.159153
0.8535,  0.150320
0.8540,  0.114591
0.8545,  0.108574
0.8550,  0.100963
0.8555,  0.097017
0.8560,  0.103356
0.8565,  0.096644
0.8570,  0.091111
0.8575,  0.097063
0.8580,  0.107802
0.8585,  0.105381
0.8590,  0.120323
0.8595,  0.129876
0.8600,  0.123602
0.8605,  0.118634
0.8610,  0.112112
0.8615,  0.105115
0.8620,  0.096244
0.8625,  0.089176
0.8630,  0.094740
0.8635,  0.108415
0.8640,  0.128105
0.8645,  0.130709
0.8650,  0.129379
0.8655,  0.126742
0.8660,  0.105034
0.8665,  0.091016
0.8670,  0.083002
0.8675,  0.065779
0.8680,  0.068621
0.8685,  0.066767
0.8690,  0.082061
0.8695,  0.107654
0.8700,  0.124212
0.8705,  0.131577
0.8710,  0.129575
0.8715,  0.127805
0.8720,  0.117251
0.8725,  0.105712
0.8730,  0.101999
0.8735,  0.087331
0.8740,  0.073615
0.8745,  0.070049
0.8750,  0.079942
0.8755,  0.091011
0.8760,  0.105607
0.8765,  0.122147
0.8770,  0.131304
0.8775,  0.134944
0.8780,  0.129160
0.8785,  0.116112
0.8790,  0.099732
0.8795,  0.096899
0.8800,  0.087532
0.8805,  0.077104
0.8810,  0.087271
0.8815,  0.109510
0.8820,  0.128136
0.8825,  0.127136
0.8830,  0.122340
0.8835,  0.099797
0.8840,  0.091826
0.8845,  0.086441
0.8850,  0.086024
0.8855,  0.091274
0.8860,  0.107526
0.8865,  0.121865
0.8870,  0.134357
0.8875,  0.151206
0.8880,  0.147178
0.8885,  0.144751
0.8890,  0.133852
0.8895,  0.126288
0.8900,  0.117614
