0.3500,  0.448389
0.3505,  0.499843
0.3510,  0.458326
0.3515,  0.432542
0.3520,  0.395140
0.3525,  0.341754
0.3530,  0.376919
0.3535,  0.415154
0.3540,  0.438195
0.3545,  0.463446
0.3550,  0.440459
0.3555,  0.432632
0.3560,  0.393747
0.3565,  0.371167
0.3570,  0.341806
0.3575,  0.311890
0.3580,  0.280793
0.3585,  0.219921
0.3590,  0.356280
0.3595,  0.473780
0.3600,  0.456843
0.3605,  0.444904
0.3610,  0.397751
0.3615,  0.346417
0.3620,  0.386003
0.3625,  0.420477
0.3630,  0.404680
0.3635,  0.383278
0.3640,  0.362334
0.3645,  0.344275
0.3650,  0.373190
0.3655,  0.397629
0.3660,  0.411469
0.3665,  0.431315
0.3670,  0.413271
0.3675,  0.391067
0.3680,  0.363547
0.3685,  0.333690
0.3690,  0.374151
0.3695,  0.413576
0.3700,  0.383879
0.3705,  0.355048
0.3710,  0.370910
0.3715,  0.391055
0.3720,  0.368518
0.3725,  0.345804
0.3730,  0.317859
0.3735,  0.283325
0.3740,  0.285385
0.3745,  0.279913
0.3750,  0.338926
0.3755,  0.386390
0.3760,  0.371560
0.3765,  0.355424
0.3770,  0.399190
0.3775,  0.438917
0.3780,  0.436664
0.3785,  0.441968
0.3790,  0.361931
0.3795,  0.276219
0.3800,  0.329374
0.3805,  0.389722
0.3810,  0.380237
0.3815,  0.376810
0.3820,  0.308677
0.3825,  0.217713
0.3830,  0.190750
0.3835,  0.141648
0.3840,  0.266951
0.3845,  0.361493
0.3850,  0.362358
0.3855,  0.361848
0.3860,  0.342917
0.3865,  0.333108
0.3870,  0.329312
0.3875,  0.325852
0.3880,  0.309370
0.3885,  0.285458
0.3890,  0.327990
0.3895,  0.360774
0.3900,  0.360843
0.3905,  0.366875
0.3910,  0.391643
0.3915,  0.435808
0.3920,  0.369782
0.3925,  0.297326
0.3930,  0.151379
0.3935,  -0.073179
0.3940,  0.159340
0.3945,  0.319216
0.3950,  0.399808
0.3955,  0.487597
0.3960,  0.353207
0.3965,  0.174756
0.3970,  0.180251
0.3975,  0.164477
0.3980,  0.319600
0.3985,  0.431360
0.3990,  0.419982
0.3995,  0.416887
0.4000,  0.390436
0.4005,  0.366321
0.4010,  0.360309
0.4015,  0.360402
0.4020,  0.350574
0.4025,  0.344816
0.4030,  0.326617
0.4035,  0.310451
0.4040,  0.309692
0.4045,  0.312675
0.4050,  0.314402
0.4055,  0.312102
0.4060,  0.294837
0.4065,  0.280530
0.4070,  0.287607
0.4075,  0.290005
0.4080,  0.310682
0.4085,  0.332097
0.4090,  0.328083
0.4095,  0.326071
0.4100,  0.286049
0.4105,  0.237549
0.4110,  0.293164
0.4115,  0.342171
0.4120,  0.327389
0.4125,  0.312438
0.4130,  0.297999
0.4135,  0.290932
0.4140,  0.288461
0.4145,  0.279692
0.4150,  0.274471
0.4155,  0.272168
0.4160,  0.293644
0.4165,  0.316934
0.4170,  0.284315
0.4175,  0.246615
0.4180,  0.249683
0.4185,  0.256548
0.4190,  0.263617
0.4195,  0.263630
0.4200,  0.273942
0.4205,  0.285878
0.4210,  0.294233
0.4215,  0.304907
0.4220,  0.264276
0.4225,  0.218821
0.4230,  0.250987
0.4235,  0.279028
0.4240,  0.286390
0.4245,  0.295809
0.4250,  0.283668
0.4255,  0.269549
0.4260,  0.273373
0.4265,  0.276219
0.4270,  0.250110
0.4275,  0.224381
0.4280,  0.236820
0.4285,  0.255421
0.4290,  0.249283
0.4295,  0.246413
0.4300,  0.174039
0.4305,  0.066301
0.4310,  0.219290
0.4315,  0.330766
0.4320,  0.298945
0.4325,  0.272620
0.4330,  0.279393
0.4335,  0.289644
0.4340,  0.266928
0.4345,  0.247035
0.4350,  0.247572
0.4355,  0.245558
0.4360,  0.280339
0.4365,  0.321132
0.4370,  0.301523
0.4375,  0.281720
0.4380,  0.237175
0.4385,  0.182949
0.4390,  0.240054
0.4395,  0.289971
0.4400,  0.261185
0.4405,  0.227886
0.4410,  0.261029
0.4415,  0.292204
0.4420,  0.292104
0.4425,  0.292662
0.4430,  0.272938
0.4435,  0.256917
0.4440,  0.268380
0.4445,  0.281150
0.4450,  0.254492
0.4455,  0.220979
0.4460,  0.230539
0.4465,  0.237988
0.4470,  0.264636
0.4475,  0.293113
0.4480,  0.272306
0.4485,  0.247568
0.4490,  0.249310
0.4495,  0.251177
0.4500,  0.262347
0.4505,  0.277558
0.4510,  0.274147
0.4515,  0.271040
0.4520,  0.249676
0.4525,  0.221474
0.4530,  0.229493
0.4535,  0.235977
0.4540,  0.242909
0.4545,  0.247058
0.4550,  0.251289
0.4555,  0.252915
0.4560,  0.253859
0.4565,  0.256455
0.4570,  0.259954
0.4575,  0.265288
0.4580,  0.242577
0.4585,  0.222211
0.4590,  0.231733
0.4595,  0.237873
0.4600,  0.243547
0.4605,  0.246609
0.4610,  0.245556
0.4615,  0.243304
0.4620,  0.249201
0.4625,  0.258568
0.4630,  0.246681
0.4635,  0.238849
0.4640,  0.229561
0.4645,  0.220966
0.4650,  0.238120
0.4655,  0.258798
0.4660,  0.240004
0.4665,  0.220312
0.4670,  0.239170
0.4675,  0.254832
0.4680,  0.249398
0.4685,  0.249877
0.4690,  0.252663
0.4695,  0.256992
0.4700,  0.239547
0.4705,  0.215913
0.4710,  0.239553
0.4715,  0.263206
0.4720,  0.263055
0.4725,  0.264008
0.4730,  0.253042
0.4735,  0.240206
0.4740,  0.247669
0.4745,  0.259488
0.4750,  0.255551
0.4755,  0.250480
0.4760,  0.238346
0.4765,  0.226582
0.4770,  0.248701
0.4775,  0.267356
0.4780,  0.250866
0.4785,  0.236790
0.4790,  0.248576
0.4795,  0.260558
0.4800,  0.253390
0.4805,  0.247519
0.4810,  0.257352
0.4815,  0.267250
0.4820,  0.254596
0.4825,  0.246485
0.4830,  0.247933
0.4835,  0.250312
0.4840,  0.249832
0.4845,  0.255935
0.4850,  0.247270
0.4855,  0.235872
0.4860,  0.202746
0.4865,  0.157461
0.4870,  0.199390
0.4875,  0.235841
0.4880,  0.243780
0.4885,  0.251259
0.4890,  0.250553
0.4895,  0.251370
0.4900,  0.255461
0.4905,  0.264447
0.4910,  0.246409
0.4915,  0.227839
0.4920,  0.228176
0.4925,  0.225208
0.4930,  0.218997
0.4935,  0.210897
0.4940,  0.237474
0.4945,  0.265065
0.4950,  0.239165
0.4955,  0.211928
0.4960,  0.228719
0.4965,  0.247375
0.4970,  0.251868
0.4975,  0.257885
0.4980,  0.231816
0.4985,  0.203679
0.4990,  0.227311
0.4995,  0.251126
0.5000,  0.234125
0.5005,  0.216900
0.5010,  0.212660
0.5015,  0.205283
0.5020,  0.221963
0.5025,  0.239490
0.5030,  0.248130
0.5035,  0.253582
0.5040,  0.236426
0.5045,  0.218087
0.5050,  0.235687
0.5055,  0.254800
0.5060,  0.247659
0.5065,  0.241642
0.5070,  0.234184
0.5075,  0.224751
0.5080,  0.227853
0.5085,  0.230097
0.5090,  0.228032
0.5095,  0.224998
0.5100,  0.227326
0.5105,  0.231375
0.5110,  0.240937
0.5115,  0.251343
0.5120,  0.230195
0.5125,  0.209702
0.5130,  0.213482
0.5135,  0.214006
0.5140,  0.219412
0.5145,  0.222710
0.5150,  0.233934
0.5155,  0.251189
0.5160,  0.219769
0.5165,  0.184530
0.5170,  0.205404
0.5175,  0.218687
0.5180,  0.197990
0.5185,  0.172335
0.5190,  0.200206
0.5195,  0.227707
0.5200,  0.219909
0.5205,  0.214873
0.5210,  0.226338
0.5215,  0.239748
0.5220,  0.221628
0.5225,  0.201190
0.5230,  0.210303
0.5235,  0.218292
0.5240,  0.228139
0.5245,  0.242942
0.5250,  0.244597
0.5255,  0.247832
0.5260,  0.206149
0.5265,  0.155732
0.5270,  0.185934
0.5275,  0.210193
0.5280,  0.215811
0.5285,  0.222486
0.5290,  0.220920
0.5295,  0.220009
0.5300,  0.222954
0.5305,  0.228806
0.5310,  0.233009
0.5315,  0.240914
0.5320,  0.208053
0.5325,  0.171555
0.5330,  0.204448
0.5335,  0.234079
0.5340,  0.216485
0.5345,  0.198829
0.5350,  0.222206
0.5355,  0.246828
0.5360,  0.224799
0.5365,  0.202492
0.5370,  0.205226
0.5375,  0.209328
0.5380,  0.218060
0.5385,  0.227421
0.5390,  0.217860
0.5395,  0.208046
0.5400,  0.197470
0.5405,  0.184576
0.5410,  0.204773
0.5415,  0.224025
0.5420,  0.211537
0.5425,  0.199641
0.5430,  0.209776
0.5435,  0.217988
0.5440,  0.215966
0.5445,  0.215391
0.5450,  0.220207
0.5455,  0.224182
0.5460,  0.221192
0.5465,  0.218869
0.5470,  0.209857
0.5475,  0.200101
0.5480,  0.203959
0.5485,  0.208649
0.5490,  0.214069
0.5495,  0.219499
0.5500,  0.212736
0.5505,  0.207751
0.5510,  0.210337
0.5515,  0.213480
0.5520,  0.210154
0.5525,  0.204608
0.5530,  0.209741
0.5535,  0.215123
0.5540,  0.218708
0.5545,  0.221784
0.5550,  0.224781
0.5555,  0.228789
0.5560,  0.218064
0.5565,  0.207302
0.5570,  0.215504
0.5575,  0.224129
0.5580,  0.215494
0.5585,  0.204170
0.5590,  0.206156
0.5595,  0.208827
0.5600,  0.213602
0.5605,  0.218480
0.5610,  0.214524
0.5615,  0.210865
0.5620,  0.214739
0.5625,  0.219651
0.5630,  0.221873
0.5635,  0.225727
0.5640,  0.227338
0.5645,  0.229337
0.5650,  0.221588
0.5655,  0.210604
0.5660,  0.215891
0.5665,  0.220554
0.5670,  0.232299
0.5675,  0.244496
0.5680,  0.231417
0.5685,  0.216931
0.5690,  0.229654
0.5695,  0.243272
0.5700,  0.227290
0.5705,  0.207523
0.5710,  0.214817
0.5715,  0.220185
0.5720,  0.230623
0.5725,  0.240633
0.5730,  0.235910
0.5735,  0.232805
0.5740,  0.230968
0.5745,  0.230004
0.5750,  0.222865
0.5755,  0.213022
0.5760,  0.215580
0.5765,  0.221750
0.5770,  0.226775
0.5775,  0.231423
0.5780,  0.216646
0.5785,  0.197347
0.5790,  0.203423
0.5795,  0.208779
0.5800,  0.207399
0.5805,  0.206623
0.5810,  0.207179
0.5815,  0.208404
0.5820,  0.212033
0.5825,  0.215702
0.5830,  0.211343
0.5835,  0.210320
0.5840,  0.212650
0.5845,  0.217681
0.5850,  0.205489
0.5855,  0.192727
0.5860,  0.207236
0.5865,  0.225354
0.5870,  0.241755
0.5875,  0.260894
0.5880,  0.258294
0.5885,  0.246894
0.5890,  0.218012
0.5895,  0.183598
0.5900,  0.223506
0.5905,  0.261844
0.5910,  0.252753
0.5915,  0.243511
0.5920,  0.244728
0.5925,  0.245870
0.5930,  0.241977
0.5935,  0.242383
0.5940,  0.239101
0.5945,  0.232712
0.5950,  0.232568
0.5955,  0.231517
0.5960,  0.234059
0.5965,  0.237933
0.5970,  0.232431
0.5975,  0.226828
0.5980,  0.220262
0.5985,  0.214182
0.5990,  0.219778
0.5995,  0.225297
0.6000,  0.222422
0.6005,  0.219556
0.6010,  0.221301
0.6015,  0.217214
0.6020,  0.201932
0.6025,  0.188643
0.6030,  0.199788
0.6035,  0.212613
0.6040,  0.212021
0.6045,  0.213130
0.6050,  0.213820
0.6055,  0.210891
0.6060,  0.207910
0.6065,  0.206261
0.6070,  0.208010
0.6075,  0.211289
0.6080,  0.210799
0.6085,  0.210944
0.6090,  0.214778
0.6095,  0.216110
0.6100,  0.206219
0.6105,  0.194731
0.6110,  0.202755
0.6115,  0.213158
0.6120,  0.207113
0.6125,  0.201551
0.6130,  0.201352
0.6135,  0.201017
0.6140,  0.210170
0.6145,  0.221179
0.6150,  0.223752
0.6155,  0.224678
0.6160,  0.198746
0.6165,  0.169404
0.6170,  0.189791
0.6175,  0.210895
0.6180,  0.213850
0.6185,  0.216787
0.6190,  0.210810
0.6195,  0.207600
0.6200,  0.215985
0.6205,  0.222690
0.6210,  0.213215
0.6215,  0.202382
0.6220,  0.209153
0.6225,  0.217849
0.6230,  0.210925
0.6235,  0.205981
0.6240,  0.207746
0.6245,  0.206129
0.6250,  0.201246
0.6255,  0.196656
0.6260,  0.214387
0.6265,  0.232444
0.6270,  0.235988
0.6275,  0.239411
0.6280,  0.241152
0.6285,  0.244664
0.6290,  0.243888
0.6295,  0.241316
0.6300,  0.236626
0.6305,  0.229409
0.6310,  0.220240
0.6315,  0.216145
0.6320,  0.214107
0.6325,  0.214098
0.6330,  0.217382
0.6335,  0.220616
0.6340,  0.223722
0.6345,  0.225205
0.6350,  0.225195
0.6355,  0.223376
0.6360,  0.218598
0.6365,  0.212914
0.6370,  0.207537
0.6375,  0.204654
0.6380,  0.205142
0.6385,  0.207816
0.6390,  0.211166
0.6395,  0.210854
0.6400,  0.209999
0.6405,  0.206761
0.6410,  0.201547
0.6415,  0.199966
0.6420,  0.197526
0.6425,  0.193641
0.6430,  0.190577
0.6435,  0.191758
0.6440,  0.196840
0.6445,  0.206563
0.6450,  0.216730
0.6455,  0.222651
0.6460,  0.227619
0.6465,  0.230832
0.6470,  0.232813
0.6475,  0.231347
0.6480,  0.229080
0.6485,  0.222167
0.6490,  0.214018
0.6495,  0.213194
0.6500,  0.214190
0.6505,  0.220985
0.6510,  0.228087
0.6515,  0.227621
0.6520,  0.225412
0.6525,  0.223901
0.6530,  0.224336
0.6535,  0.219008
0.6540,  0.221068
0.6545,  0.230019
0.6550,  0.236905
0.6555,  0.224610
0.6560,  0.199922
0.6565,  0.168308
0.6570,  0.136888
0.6575,  0.150286
0.6580,  0.163925
0.6585,  0.178645
0.6590,  0.193749
0.6595,  0.190386
0.6600,  0.186523
0.6605,  0.180889
0.6610,  0.179054
0.6615,  0.176607
0.6620,  0.176350
0.6625,  0.176425
0.6630,  0.173827
0.6635,  0.178106
0.6640,  0.178776
0.6645,  0.181994
0.6650,  0.185086
0.6655,  0.183080
0.6660,  0.180792
0.6665,  0.177210
0.6670,  0.172739
0.6675,  0.174824
0.6680,  0.174751
0.6685,  0.174947
0.6690,  0.174875
0.6695,  0.171823
0.6700,  0.170300
0.6705,  0.168012
0.6710,  0.169903
0.6715,  0.173433
0.6720,  0.174720
0.6725,  0.174372
0.6730,  0.172464
0.6735,  0.168791
0.6740,  0.166202
0.6745,  0.162872
0.6750,  0.159680
0.6755,  0.161907
0.6760,  0.167729
0.6765,  0.174693
0.6770,  0.177312
0.6775,  0.177703
0.6780,  0.174858
0.6785,  0.170850
0.6790,  0.165964
0.6795,  0.163090
0.6800,  0.163072
0.6805,  0.163248
0.6810,  0.163493
0.6815,  0.162447
0.6820,  0.162762
0.6825,  0.167201
0.6830,  0.170851
0.6835,  0.173620
0.6840,  0.175506
0.6845,  0.180106
0.6850,  0.196490
0.6855,  0.230084
0.6860,  0.266948
0.6865,  0.294122
0.6870,  0.307830
0.6875,  0.305451
0.6880,  0.302934
0.6885,  0.294834
0.6890,  0.285612
0.6895,  0.275359
0.6900,  0.265162
0.6905,  0.257747
0.6910,  0.255267
0.6915,  0.258496
0.6920,  0.264134
0.6925,  0.269258
0.6930,  0.271477
0.6935,  0.270188
0.6940,  0.263004
0.6945,  0.252526
0.6950,  0.239629
0.6955,  0.227812
0.6960,  0.218333
0.6965,  0.213187
0.6970,  0.213267
0.6975,  0.221477
0.6980,  0.232163
0.6985,  0.241097
0.6990,  0.246849
0.6995,  0.246577
0.7000,  0.245017
0.7005,  0.238597
0.7010,  0.230849
0.7015,  0.229204
0.7020,  0.225078
0.7025,  0.221222
0.7030,  0.216257
0.7035,  0.218598
0.7040,  0.217834
0.7045,  0.222985
0.7050,  0.225638
0.7055,  0.224340
0.7060,  0.224288
0.7065,  0.222266
0.7070,  0.218694
0.7075,  0.213772
0.7080,  0.204563
0.7085,  0.195341
0.7090,  0.185121
0.7095,  0.182736
0.7100,  0.186416
0.7105,  0.187305
0.7110,  0.193387
0.7115,  0.196407
0.7120,  0.198257
0.7125,  0.203548
0.7130,  0.207255
0.7135,  0.205899
0.7140,  0.211958
0.7145,  0.223499
0.7150,  0.240300
0.7155,  0.269931
0.7160,  0.310057
0.7165,  0.350504
0.7170,  0.390776
0.7175,  0.420655
0.7180,  0.446680
0.7185,  0.463365
0.7190,  0.463980
0.7195,  0.449595
0.7200,  0.412929
0.7205,  0.374408
0.7210,  0.346053
0.7215,  0.335757
0.7220,  0.346916
0.7225,  0.368141
0.7230,  0.392200
0.7235,  0.407985
0.7240,  0.416535
0.7245,  0.421199
0.7250,  0.417493
0.7255,  0.416929
0.7260,  0.420097
0.7265,  0.419070
0.7270,  0.415233
0.7275,  0.408897
0.7280,  0.397731
0.7285,  0.386131
0.7290,  0.374381
0.7295,  0.366839
0.7300,  0.361888
0.7305,  0.349266
0.7310,  0.338042
0.7315,  0.320861
0.7320,  0.299486
0.7325,  0.274714
0.7330,  0.257110
0.7335,  0.246776
0.7340,  0.240226
0.7345,  0.235728
0.7350,  0.233526
0.7355,  0.233538
0.7360,  0.235393
0.7365,  0.228054
0.7370,  0.227113
0.7375,  0.226534
0.7380,  0.223628
0.7385,  0.218324
0.7390,  0.205736
0.7395,  0.196326
0.7400,  0.192579
0.7405,  0.191682
0.7410,  0.186222
0.7415,  0.188009
0.7420,  0.190980
0.7425,  0.195064
0.7430,  0.197341
0.7435,  0.194223
0.7440,  0.195736
0.7445,  0.195054
0.7450,  0.195749
0.7455,  0.192332
0.7460,  0.186542
0.7465,  0.182437
0.7470,  0.180232
0.7475,  0.176133
0.7480,  0.174298
0.7485,  0.176696
0.7490,  0.178992
0.7495,  0.179612
0.7500,  0.177624
0.7505,  0.174218
0.7510,  0.171929
0.7515,  0.171425
0.7520,  0.167105
0.7525,  0.163106
0.7530,  0.160213
0.7535,  0.160849
0.7540,  0.162199
0.7545,  0.161806
0.7550,  0.159757
0.7555,  0.158280
0.7560,  0.159011
0.7565,  0.165953
0.7570,  0.174038
0.7575,  0.199026
0.7580,  0.261844
0.7585,  0.369510
0.7590,  0.522012
0.7595,  0.682286
0.7600,  0.773642
0.7605,  0.796689
0.7610,  0.769225
0.7615,  0.750580
0.7620,  0.746429
0.7625,  0.745791
0.7630,  0.728256
0.7635,  0.685497
0.7640,  0.617187
0.7645,  0.545138
0.7650,  0.476884
0.7655,  0.409166
0.7660,  0.348337
0.7665,  0.298712
0.7670,  0.261877
0.7675,  0.245305
0.7680,  0.234350
0.7685,  0.230607
0.7690,  0.224942
0.7695,  0.213496
0.7700,  0.201793
0.7705,  0.194967
0.7710,  0.186260
0.7715,  0.184011
0.7720,  0.185835
0.7725,  0.183651
0.7730,  0.185700
0.7735,  0.180612
0.7740,  0.174656
0.7745,  0.173153
0.7750,  0.167757
0.7755,  0.164566
0.7760,  0.163816
0.7765,  0.165187
0.7770,  0.163291
0.7775,  0.154016
0.7780,  0.152669
0.7785,  0.154137
0.7790,  0.158353
0.7795,  0.156388
0.7800,  0.154288
0.7805,  0.153684
0.7810,  0.157926
0.7815,  0.163658
0.7820,  0.167089
0.7825,  0.167909
0.7830,  0.166161
0.7835,  0.159710
0.7840,  0.152369
0.7845,  0.146702
0.7850,  0.147569
0.7855,  0.154253
0.7860,  0.162122
0.7865,  0.175383
0.7870,  0.186598
0.7875,  0.193916
0.7880,  0.204080
0.7885,  0.208730
0.7890,  0.214317
0.7895,  0.209940
0.7900,  0.207100
0.7905,  0.204275
0.7910,  0.200171
0.7915,  0.199229
0.7920,  0.201886
0.7925,  0.201515
0.7930,  0.202766
0.7935,  0.198092
0.7940,  0.198139
0.7945,  0.201329
0.7950,  0.205164
0.7955,  0.209017
0.7960,  0.209808
0.7965,  0.209087
0.7970,  0.209122
0.7975,  0.197003
0.7980,  0.192195
0.7985,  0.190561
0.7990,  0.201516
0.7995,  0.213833
0.8000,  0.217499
0.8005,  0.218916
0.8010,  0.219023
0.8015,  0.215997
0.8020,  0.203298
0.8025,  0.193358
0.8030,  0.187532
0.8035,  0.183410
0.8040,  0.185515
0.8045,  0.188041
0.8050,  0.183769
0.8055,  0.186478
0.8060,  0.191873
0.8065,  0.195075
0.8070,  0.193418
0.8075,  0.189004
0.8080,  0.185414
0.8085,  0.185531
0.8090,  0.188681
0.8095,  0.193180
0.8100,  0.208779
0.8105,  0.224919
0.8110,  0.247811
0.8115,  0.267108
0.8120,  0.290617
0.8125,  0.319392
0.8130,  0.340448
0.8135,  0.353806
0.8140,  0.371706
0.8145,  0.387183
0.8150,  0.411634
0.8155,  0.432200
0.8160,  0.440581
0.8165,  0.440472
0.8170,  0.437920
0.8175,  0.423295
0.8180,  0.412740
0.8185,  0.397025
0.8190,  0.367833
0.8195,  0.337453
0.8200,  0.304499
0.8205,  0.296152
0.8210,  0.332032
0.8215,  0.383042
0.8220,  0.426885
0.8225,  0.436116
0.8230,  0.406019
0.8235,  0.360816
0.8240,  0.327932
0.8245,  0.308758
0.8250,  0.292118
0.8255,  0.282940
0.8260,  0.293004
0.8265,  0.300142
0.8270,  0.319820
0.8275,  0.338675
0.8280,  0.351355
0.8285,  0.340982
0.8290,  0.338316
0.8295,  0.329459
0.8300,  0.320529
0.8305,  0.309099
0.8310,  0.297253
0.8315,  0.286431
0.8320,  0.273175
0.8325,  0.260971
0.8330,  0.246509
0.8335,  0.237373
0.8340,  0.231860
0.8345,  0.230771
0.8350,  0.234279
0.8355,  0.239240
0.8360,  0.235863
0.8365,  0.222356
0.8370,  0.209488
0.8375,  0.192728
0.8380,  0.181155
0.8385,  0.172722
0.8390,  0.172615
0.8395,  0.173007
0.8400,  0.170368
0.8405,  0.169024
0.8410,  0.175454
0.8415,  0.177420
0.8420,  0.178987
0.8425,  0.169263
0.8430,  0.158476
0.8435,  0.153152
0.8440,  0.147260
0.8445,  0.147693
0.8450,  0.146526
0.8455,  0.145335
0.8460,  0.149234
0.8465,  0.155662
0.8470,  0.165229
0.8475,  0.175206
0.8480,  0.179785
0.8485,  0.175188
0.8490,  0.169369
0.8495,  0.160816
0.8500,  0.134605
0.8505,  0.133475
0.8510,  0.138803
0.8515,  0.146277
0.8520,  0.158434
0.8525,  0.163823
0.8530,  0.184498
0.8535,  0.177316
0.8540,  0.135662
0.8545,  0.125411
0.8550,  0.122214
0.8555,  0.123583
0.8560,  0.133640
0.8565,  0.130691
0.8570,  0.143007
0.8575,  0.151569
0.8580,  0.154513
0.8585,  0.155151
0.8590,  0.153730
0.8595,  0.149978
0.8600,  0.146192
0.8605,  0.136328
0.8610,  0.129186
0.8615,  0.131099
0.8620,  0.130287
0.8625,  0.130570
0.8630,  0.132868
0.8635,  0.139550
0.8640,  0.154720
0.8645,  0.155568
0.8650,  0.155401
0.8655,  0.144504
0.8660,  0.115561
0.8665,  0.105021
0.8670,  0.098561
0.8675,  0.108095
0.8680,  0.112557
0.8685,  0.116719
0.8690,  0.115263
0.8695,  0.118197
0.8700,  0.126404
0.8705,  0.137690
0.8710,  0.140998
0.8715,  0.148422
0.8720,  0.151404
0.8725,  0.145621
0.8730,  0.144996
0.8735,  0.132757
0.8740,  0.125669
0.8745,  0.122583
0.8750,  0.119020
0.8755,  0.116731
0.8760,  0.127977
0.8765,  0.136870
0.8770,  0.137122
0.8775,  0.138556
0.8780,  0.137282
0.8785,  0.131969
0.8790,  0.129166
0.8795,  0.127134
0.8800,  0.124179
0.8805,  0.134941
0.8810,  0.137861
0.8815,  0.145811
0.8820,  0.141461
0.8825,  0.144218
0.8830,  0.153020
0.8835,  0.154092
0.8840,  0.149765
0.8845,  0.142194
0.8850,  0.140115
0.8855,  0.131307
0.8860,  0.130692
0.8865,  0.146460
0.8870,  0.146544
0.8875,  0.148708
0.8880,  0.148993
0.8885,  0.145363
0.8890,  0.138608
0.8895,  0.134116
0.8900,  0.146633
