0.3500,  0.151949
0.3505,  0.208549
0.3510,  0.172162
0.3515,  0.138537
0.3520,  0.094024
0.3525,  0.053499
0.3530,  0.102031
0.3535,  0.145106
0.3540,  0.168841
0.3545,  0.196330
0.3550,  0.168651
0.3555,  0.149426
0.3560,  0.112266
0.3565,  0.072881
0.3570,  0.043926
0.3575,  0.018576
0.3580,  -0.015120
0.3585,  -0.068438
0.3590,  0.090925
0.3595,  0.224524
0.3600,  0.207686
0.3605,  0.187888
0.3610,  0.138716
0.3615,  0.088677
0.3620,  0.130961
0.3625,  0.160834
0.3630,  0.144902
0.3635,  0.128726
0.3640,  0.126014
0.3645,  0.116230
0.3650,  0.149156
0.3655,  0.184306
0.3660,  0.196356
0.3665,  0.211173
0.3670,  0.189662
0.3675,  0.170173
0.3680,  0.139940
0.3685,  0.107386
0.3690,  0.149162
0.3695,  0.190823
0.3700,  0.160306
0.3705,  0.125833
0.3710,  0.141696
0.3715,  0.167187
0.3720,  0.143423
0.3725,  0.114320
0.3730,  0.080164
0.3735,  0.043604
0.3740,  0.049709
0.3745,  0.053890
0.3750,  0.132391
0.3755,  0.195748
0.3760,  0.189866
0.3765,  0.171215
0.3770,  0.209995
0.3775,  0.245872
0.3780,  0.236264
0.3785,  0.235421
0.3790,  0.146468
0.3795,  0.052125
0.3800,  0.106444
0.3805,  0.165644
0.3810,  0.144434
0.3815,  0.131355
0.3820,  0.058529
0.3825,  -0.032353
0.3830,  -0.059669
0.3835,  -0.104591
0.3840,  0.042251
0.3845,  0.151963
0.3850,  0.162158
0.3855,  0.170382
0.3860,  0.157094
0.3865,  0.150374
0.3870,  0.146069
0.3875,  0.140710
0.3880,  0.125455
0.3885,  0.104799
0.3890,  0.159204
0.3895,  0.205158
0.3900,  0.207976
0.3905,  0.209164
0.3910,  0.225387
0.3915,  0.261289
0.3920,  0.183005
0.3925,  0.095892
0.3930,  -0.066382
0.3935,  -0.302307
0.3940,  -0.036443
0.3945,  0.148075
0.3950,  0.237308
0.3955,  0.326157
0.3960,  0.179152
0.3965,  -0.007706
0.3970,  0.012846
0.3975,  0.013029
0.3980,  0.187374
0.3985,  0.302031
0.3990,  0.281065
0.3995,  0.271263
0.4000,  0.241469
0.4005,  0.215374
0.4010,  0.205659
0.4015,  0.201014
0.4020,  0.187254
0.4025,  0.181793
0.4030,  0.162387
0.4035,  0.144743
0.4040,  0.141206
0.4045,  0.141166
0.4050,  0.143529
0.4055,  0.142670
0.4060,  0.125761
0.4065,  0.109785
0.4070,  0.118790
0.4075,  0.124570
0.4080,  0.148250
0.4085,  0.172415
0.4090,  0.169389
0.4095,  0.169255
0.4100,  0.127602
0.4105,  0.077102
0.4110,  0.139938
0.4115,  0.197524
0.4120,  0.183352
0.4125,  0.168372
0.4130,  0.156774
0.4135,  0.146507
0.4140,  0.139891
0.4145,  0.131525
0.4150,  0.126523
0.4155,  0.121603
0.4160,  0.142546
0.4165,  0.166633
0.4170,  0.131035
0.4175,  0.091764
0.4180,  0.101108
0.4185,  0.112876
0.4190,  0.118560
0.4195,  0.120647
0.4200,  0.131436
0.4205,  0.145538
0.4210,  0.153935
0.4215,  0.161753
0.4220,  0.117348
0.4225,  0.067487
0.4230,  0.102661
0.4235,  0.135082
0.4240,  0.145400
0.4245,  0.161044
0.4250,  0.148202
0.4255,  0.132352
0.4260,  0.138606
0.4265,  0.149164
0.4270,  0.124240
0.4275,  0.093597
0.4280,  0.105597
0.4285,  0.119760
0.4290,  0.107171
0.4295,  0.097526
0.4300,  0.021349
0.4305,  -0.077700
0.4310,  0.097191
0.4315,  0.227145
0.4320,  0.196461
0.4325,  0.166583
0.4330,  0.172604
0.4335,  0.178216
0.4340,  0.154452
0.4345,  0.130818
0.4350,  0.133320
0.4355,  0.133532
0.4360,  0.167702
0.4365,  0.204261
0.4370,  0.175488
0.4375,  0.149969
0.4380,  0.100922
0.4385,  0.046539
0.4390,  0.111228
0.4395,  0.167282
0.4400,  0.138831
0.4405,  0.106480
0.4410,  0.146889
0.4415,  0.181926
0.4420,  0.181361
0.4425,  0.181682
0.4430,  0.160234
0.4435,  0.141765
0.4440,  0.152350
0.4445,  0.163899
0.4450,  0.133994
0.4455,  0.100455
0.4460,  0.112213
0.4465,  0.121344
0.4470,  0.152166
0.4475,  0.183887
0.4480,  0.158240
0.4485,  0.130148
0.4490,  0.133208
0.4495,  0.136601
0.4500,  0.151329
0.4505,  0.167406
0.4510,  0.160505
0.4515,  0.152804
0.4520,  0.125463
0.4525,  0.101107
0.4530,  0.112696
0.4535,  0.121904
0.4540,  0.129864
0.4545,  0.134114
0.4550,  0.144621
0.4555,  0.155747
0.4560,  0.157793
0.4565,  0.160258
0.4570,  0.160135
0.4575,  0.160834
0.4580,  0.137159
0.4585,  0.114917
0.4590,  0.123183
0.4595,  0.129754
0.4600,  0.136911
0.4605,  0.142181
0.4610,  0.142079
0.4615,  0.139464
0.4620,  0.145677
0.4625,  0.156367
0.4630,  0.144592
0.4635,  0.135805
0.4640,  0.129232
0.4645,  0.123920
0.4650,  0.144234
0.4655,  0.164566
0.4660,  0.141903
0.4665,  0.118486
0.4670,  0.137833
0.4675,  0.155394
0.4680,  0.151674
0.4685,  0.151785
0.4690,  0.155737
0.4695,  0.159579
0.4700,  0.139496
0.4705,  0.115816
0.4710,  0.143376
0.4715,  0.169439
0.4720,  0.168710
0.4725,  0.168187
0.4730,  0.156752
0.4735,  0.146507
0.4740,  0.156818
0.4745,  0.168945
0.4750,  0.162619
0.4755,  0.156108
0.4760,  0.145445
0.4765,  0.133602
0.4770,  0.156462
0.4775,  0.177137
0.4780,  0.159412
0.4785,  0.142486
0.4790,  0.154989
0.4795,  0.166974
0.4800,  0.158643
0.4805,  0.151366
0.4810,  0.160914
0.4815,  0.170383
0.4820,  0.156264
0.4825,  0.148086
0.4830,  0.152261
0.4835,  0.158910
0.4840,  0.159173
0.4845,  0.163713
0.4850,  0.152502
0.4855,  0.141836
0.4860,  0.110589
0.4865,  0.065522
0.4870,  0.111921
0.4875,  0.151604
0.4880,  0.160986
0.4885,  0.168642
0.4890,  0.167310
0.4895,  0.168307
0.4900,  0.172701
0.4905,  0.181908
0.4910,  0.162676
0.4915,  0.142925
0.4920,  0.146000
0.4925,  0.145335
0.4930,  0.139299
0.4935,  0.129978
0.4940,  0.157903
0.4945,  0.186120
0.4950,  0.155786
0.4955,  0.127498
0.4960,  0.147878
0.4965,  0.166732
0.4970,  0.168997
0.4975,  0.174260
0.4980,  0.146507
0.4985,  0.115429
0.4990,  0.139973
0.4995,  0.165903
0.5000,  0.149009
0.5005,  0.129634
0.5010,  0.123246
0.5015,  0.114288
0.5020,  0.131580
0.5025,  0.148039
0.5030,  0.155715
0.5035,  0.162056
0.5040,  0.147488
0.5045,  0.129085
0.5050,  0.148496
0.5055,  0.168845
0.5060,  0.158781
0.5065,  0.152129
0.5070,  0.143467
0.5075,  0.132943
0.5080,  0.134422
0.5085,  0.134868
0.5090,  0.133446
0.5095,  0.133292
0.5100,  0.139279
0.5105,  0.145402
0.5110,  0.155930
0.5115,  0.166449
0.5120,  0.142464
0.5125,  0.119203
0.5130,  0.123678
0.5135,  0.124814
0.5140,  0.131867
0.5145,  0.136032
0.5150,  0.145266
0.5155,  0.160384
0.5160,  0.125418
0.5165,  0.088191
0.5170,  0.114706
0.5175,  0.134314
0.5180,  0.115992
0.5185,  0.090720
0.5190,  0.122398
0.5195,  0.152244
0.5200,  0.142598
0.5205,  0.134921
0.5210,  0.145828
0.5215,  0.157991
0.5220,  0.137762
0.5225,  0.117019
0.5230,  0.128276
0.5235,  0.136851
0.5240,  0.144869
0.5245,  0.156757
0.5250,  0.155274
0.5255,  0.158787
0.5260,  0.115400
0.5265,  0.064286
0.5270,  0.101492
0.5275,  0.130131
0.5280,  0.135312
0.5285,  0.140047
0.5290,  0.136892
0.5295,  0.134146
0.5300,  0.136162
0.5305,  0.140148
0.5310,  0.142829
0.5315,  0.151413
0.5320,  0.118505
0.5325,  0.081288
0.5330,  0.119273
0.5335,  0.151321
0.5340,  0.133492
0.5345,  0.114087
0.5350,  0.137776
0.5355,  0.163229
0.5360,  0.140900
0.5365,  0.117805
0.5370,  0.121409
0.5375,  0.126363
0.5380,  0.134089
0.5385,  0.143104
0.5390,  0.132208
0.5395,  0.121875
0.5400,  0.110809
0.5405,  0.097170
0.5410,  0.120684
0.5415,  0.143501
0.5420,  0.129369
0.5425,  0.114820
0.5430,  0.124286
0.5435,  0.132522
0.5440,  0.131171
0.5445,  0.130826
0.5450,  0.136158
0.5455,  0.139220
0.5460,  0.134881
0.5465,  0.132048
0.5470,  0.122489
0.5475,  0.113041
0.5480,  0.120071
0.5485,  0.125866
0.5490,  0.131453
0.5495,  0.136750
0.5500,  0.128208
0.5505,  0.121391
0.5510,  0.123857
0.5515,  0.126612
0.5520,  0.123568
0.5525,  0.119079
0.5530,  0.128279
0.5535,  0.136344
0.5540,  0.138703
0.5545,  0.140699
0.5550,  0.140937
0.5555,  0.142761
0.5560,  0.128460
0.5565,  0.116071
0.5570,  0.125988
0.5575,  0.137624
0.5580,  0.131280
0.5585,  0.122219
0.5590,  0.127302
0.5595,  0.130901
0.5600,  0.133246
0.5605,  0.135408
0.5610,  0.129495
0.5615,  0.125529
0.5620,  0.131114
0.5625,  0.136301
0.5630,  0.139190
0.5635,  0.141953
0.5640,  0.142877
0.5645,  0.143505
0.5650,  0.133691
0.5655,  0.121290
0.5660,  0.126516
0.5665,  0.134437
0.5670,  0.149291
0.5675,  0.163229
0.5680,  0.147847
0.5685,  0.131753
0.5690,  0.143418
0.5695,  0.156016
0.5700,  0.138118
0.5705,  0.116302
0.5710,  0.124286
0.5715,  0.129254
0.5720,  0.138864
0.5725,  0.148530
0.5730,  0.142858
0.5735,  0.141149
0.5740,  0.140594
0.5745,  0.140330
0.5750,  0.132654
0.5755,  0.122668
0.5760,  0.124843
0.5765,  0.130105
0.5770,  0.134202
0.5775,  0.139117
0.5780,  0.124909
0.5785,  0.107891
0.5790,  0.116098
0.5795,  0.122956
0.5800,  0.122237
0.5805,  0.123245
0.5810,  0.125116
0.5815,  0.127846
0.5820,  0.130726
0.5825,  0.131568
0.5830,  0.126455
0.5835,  0.123514
0.5840,  0.124999
0.5845,  0.130350
0.5850,  0.118118
0.5855,  0.104496
0.5860,  0.118349
0.5865,  0.131370
0.5870,  0.138901
0.5875,  0.152376
0.5880,  0.143607
0.5885,  0.132902
0.5890,  0.105735
0.5895,  0.070904
0.5900,  0.115557
0.5905,  0.157479
0.5910,  0.148646
0.5915,  0.139298
0.5920,  0.139446
0.5925,  0.139176
0.5930,  0.133608
0.5935,  0.134665
0.5940,  0.131431
0.5945,  0.127986
0.5950,  0.131839
0.5955,  0.132136
0.5960,  0.134644
0.5965,  0.138204
0.5970,  0.130359
0.5975,  0.124861
0.5980,  0.119841
0.5985,  0.116516
0.5990,  0.125451
0.5995,  0.132104
0.6000,  0.129598
0.6005,  0.125399
0.6010,  0.128109
0.6015,  0.129117
0.6020,  0.118315
0.6025,  0.106016
0.6030,  0.117193
0.6035,  0.129520
0.6040,  0.126523
0.6045,  0.127804
0.6050,  0.127737
0.6055,  0.126167
0.6060,  0.125882
0.6065,  0.125835
0.6070,  0.126730
0.6075,  0.128591
0.6080,  0.126053
0.6085,  0.125375
0.6090,  0.129339
0.6095,  0.130515
0.6100,  0.120963
0.6105,  0.112130
0.6110,  0.121523
0.6115,  0.132675
0.6120,  0.126043
0.6125,  0.121084
0.6130,  0.121148
0.6135,  0.118540
0.6140,  0.127418
0.6145,  0.137419
0.6150,  0.141112
0.6155,  0.142499
0.6160,  0.116770
0.6165,  0.087875
0.6170,  0.111080
0.6175,  0.134262
0.6180,  0.140665
0.6185,  0.144494
0.6190,  0.142245
0.6195,  0.136607
0.6200,  0.142068
0.6205,  0.147590
0.6210,  0.135993
0.6215,  0.123708
0.6220,  0.132239
0.6225,  0.141428
0.6230,  0.133538
0.6235,  0.128589
0.6240,  0.131081
0.6245,  0.129644
0.6250,  0.122725
0.6255,  0.114750
0.6260,  0.129398
0.6265,  0.145190
0.6270,  0.149931
0.6275,  0.151829
0.6280,  0.152775
0.6285,  0.155125
0.6290,  0.153459
0.6295,  0.152033
0.6300,  0.147615
0.6305,  0.139851
0.6310,  0.134551
0.6315,  0.131577
0.6320,  0.129965
0.6325,  0.131673
0.6330,  0.134272
0.6335,  0.138380
0.6340,  0.141537
0.6345,  0.144635
0.6350,  0.146512
0.6355,  0.147081
0.6360,  0.143971
0.6365,  0.137736
0.6370,  0.132181
0.6375,  0.129699
0.6380,  0.131464
0.6385,  0.134760
0.6390,  0.139674
0.6395,  0.137985
0.6400,  0.135763
0.6405,  0.131119
0.6410,  0.125610
0.6415,  0.126773
0.6420,  0.125682
0.6425,  0.123571
0.6430,  0.120961
0.6435,  0.120020
0.6440,  0.122961
0.6445,  0.129621
0.6450,  0.138587
0.6455,  0.139517
0.6460,  0.139276
0.6465,  0.138966
0.6470,  0.136814
0.6475,  0.133955
0.6480,  0.132850
0.6485,  0.127281
0.6490,  0.120942
0.6495,  0.124543
0.6500,  0.127646
0.6505,  0.135031
0.6510,  0.143755
0.6515,  0.142883
0.6520,  0.142537
0.6525,  0.138502
0.6530,  0.137890
0.6535,  0.132460
0.6540,  0.132263
0.6545,  0.138684
0.6550,  0.149246
0.6555,  0.147494
0.6560,  0.131885
0.6565,  0.102874
0.6570,  0.066843
0.6575,  0.077701
0.6580,  0.089232
0.6585,  0.102617
0.6590,  0.117278
0.6595,  0.113721
0.6600,  0.110077
0.6605,  0.108530
0.6610,  0.108605
0.6615,  0.104679
0.6620,  0.102354
0.6625,  0.099064
0.6630,  0.098780
0.6635,  0.105619
0.6640,  0.108992
0.6645,  0.110813
0.6650,  0.111335
0.6655,  0.108019
0.6660,  0.104624
0.6665,  0.101152
0.6670,  0.095077
0.6675,  0.094466
0.6680,  0.095273
0.6685,  0.098527
0.6690,  0.101976
0.6695,  0.100823
0.6700,  0.100049
0.6705,  0.099847
0.6710,  0.101089
0.6715,  0.104451
0.6720,  0.104383
0.6725,  0.104052
0.6730,  0.103590
0.6735,  0.101194
0.6740,  0.098141
0.6745,  0.094827
0.6750,  0.093605
0.6755,  0.095424
0.6760,  0.097905
0.6765,  0.100593
0.6770,  0.102033
0.6775,  0.101804
0.6780,  0.100712
0.6785,  0.100612
0.6790,  0.097594
0.6795,  0.098097
0.6800,  0.100128
0.6805,  0.098365
0.6810,  0.097598
0.6815,  0.096742
0.6820,  0.099751
0.6825,  0.103591
0.6830,  0.106381
0.6835,  0.107068
0.6840,  0.103941
0.6845,  0.106193
0.6850,  0.115322
0.6855,  0.141526
0.6860,  0.170929
0.6865,  0.197319
0.6870,  0.212500
0.6875,  0.214041
0.6880,  0.214260
0.6885,  0.210740
0.6890,  0.206145
0.6895,  0.199594
0.6900,  0.188343
0.6905,  0.175315
0.6910,  0.164437
0.6915,  0.159741
0.6920,  0.156612
0.6925,  0.157012
0.6930,  0.161018
0.6935,  0.159517
0.6940,  0.157643
0.6945,  0.157538
0.6950,  0.154624
0.6955,  0.144781
0.6960,  0.133180
0.6965,  0.125250
0.6970,  0.119917
0.6975,  0.125978
0.6980,  0.134823
0.6985,  0.141463
0.6990,  0.146663
0.6995,  0.144593
0.7000,  0.140648
0.7005,  0.135696
0.7010,  0.132410
0.7015,  0.138312
0.7020,  0.139675
0.7025,  0.138272
0.7030,  0.135979
0.7035,  0.137929
0.7040,  0.139570
0.7045,  0.142305
0.7050,  0.144730
0.7055,  0.141793
0.7060,  0.137234
0.7065,  0.134582
0.7070,  0.136411
0.7075,  0.136332
0.7080,  0.134253
0.7085,  0.129729
0.7090,  0.126015
0.7095,  0.125966
0.7100,  0.125254
0.7105,  0.122119
0.7110,  0.124923
0.7115,  0.124285
0.7120,  0.124308
0.7125,  0.127956
0.7130,  0.126872
0.7135,  0.122819
0.7140,  0.125209
0.7145,  0.128656
0.7150,  0.136866
0.7155,  0.152879
0.7160,  0.177847
0.7165,  0.204726
0.7170,  0.229592
0.7175,  0.249018
0.7180,  0.263243
0.7185,  0.273016
0.7190,  0.280183
0.7195,  0.283068
0.7200,  0.273432
0.7205,  0.252935
0.7210,  0.229087
0.7215,  0.217059
0.7220,  0.215789
0.7225,  0.226341
0.7230,  0.238693
0.7235,  0.245415
0.7240,  0.252917
0.7245,  0.257167
0.7250,  0.258854
0.7255,  0.260672
0.7260,  0.263379
0.7265,  0.262916
0.7270,  0.262373
0.7275,  0.259910
0.7280,  0.260326
0.7285,  0.256259
0.7290,  0.249946
0.7295,  0.244334
0.7300,  0.237069
0.7305,  0.229440
0.7310,  0.219394
0.7315,  0.206074
0.7320,  0.192591
0.7325,  0.180029
0.7330,  0.169942
0.7335,  0.161082
0.7340,  0.155764
0.7345,  0.152615
0.7350,  0.151702
0.7355,  0.150753
0.7360,  0.144718
0.7365,  0.141245
0.7370,  0.139674
0.7375,  0.138641
0.7380,  0.139824
0.7385,  0.138857
0.7390,  0.134432
0.7395,  0.128618
0.7400,  0.122085
0.7405,  0.115153
0.7410,  0.107833
0.7415,  0.110441
0.7420,  0.111622
0.7425,  0.112947
0.7430,  0.114571
0.7435,  0.112534
0.7440,  0.116320
0.7445,  0.122095
0.7450,  0.121689
0.7455,  0.120983
0.7460,  0.117697
0.7465,  0.118638
0.7470,  0.120830
0.7475,  0.117363
0.7480,  0.116080
0.7485,  0.118715
0.7490,  0.119949
0.7495,  0.118193
0.7500,  0.116120
0.7505,  0.115619
0.7510,  0.113065
0.7515,  0.113362
0.7520,  0.116189
0.7525,  0.113642
0.7530,  0.113308
0.7535,  0.113445
0.7540,  0.111449
0.7545,  0.108905
0.7550,  0.115204
0.7555,  0.117563
0.7560,  0.117856
0.7565,  0.113446
0.7570,  0.111983
0.7575,  0.120585
0.7580,  0.154705
0.7585,  0.225403
0.7590,  0.334221
0.7595,  0.467197
0.7600,  0.590349
0.7605,  0.646211
0.7610,  0.639356
0.7615,  0.610585
0.7620,  0.597010
0.7625,  0.591108
0.7630,  0.574764
0.7635,  0.538324
0.7640,  0.487173
0.7645,  0.431548
0.7650,  0.380829
0.7655,  0.331209
0.7660,  0.280804
0.7665,  0.231461
0.7670,  0.192200
0.7675,  0.164222
0.7680,  0.144506
0.7685,  0.135713
0.7690,  0.130541
0.7695,  0.130522
0.7700,  0.126333
0.7705,  0.119895
0.7710,  0.115985
0.7715,  0.113744
0.7720,  0.116512
0.7725,  0.117295
0.7730,  0.120788
0.7735,  0.122160
0.7740,  0.120004
0.7745,  0.116884
0.7750,  0.111700
0.7755,  0.108586
0.7760,  0.103860
0.7765,  0.102673
0.7770,  0.103665
0.7775,  0.101219
0.7780,  0.102272
0.7785,  0.103535
0.7790,  0.102456
0.7795,  0.108480
0.7800,  0.109852
0.7805,  0.103327
0.7810,  0.102635
0.7815,  0.098192
0.7820,  0.095061
0.7825,  0.093352
0.7830,  0.098870
0.7835,  0.107680
0.7840,  0.113171
0.7845,  0.116539
0.7850,  0.117739
0.7855,  0.117381
0.7860,  0.109548
0.7865,  0.107645
0.7870,  0.105271
0.7875,  0.107602
0.7880,  0.119343
0.7885,  0.122671
0.7890,  0.127890
0.7895,  0.131264
0.7900,  0.124006
0.7905,  0.120254
0.7910,  0.120693
0.7915,  0.122634
0.7920,  0.128406
0.7925,  0.126260
0.7930,  0.120008
0.7935,  0.114848
0.7940,  0.107450
0.7945,  0.100141
0.7950,  0.101957
0.7955,  0.112779
0.7960,  0.121903
0.7965,  0.123441
0.7970,  0.124857
0.7975,  0.127227
0.7980,  0.126535
0.7985,  0.124704
0.7990,  0.122344
0.7995,  0.122987
0.8000,  0.121797
0.8005,  0.121173
0.8010,  0.132046
0.8015,  0.141408
0.8020,  0.146375
0.8025,  0.145849
0.8030,  0.138133
0.8035,  0.127835
0.8040,  0.120048
0.8045,  0.116730
0.8050,  0.112893
0.8055,  0.114857
0.8060,  0.111705
0.8065,  0.107811
0.8070,  0.107137
0.8075,  0.113798
0.8080,  0.120355
0.8085,  0.119065
0.8090,  0.116830
0.8095,  0.117848
0.8100,  0.124172
0.8105,  0.128984
0.8110,  0.130423
0.8115,  0.134040
0.8120,  0.143270
0.8125,  0.159358
0.8130,  0.178662
0.8135,  0.199207
0.8140,  0.215839
0.8145,  0.232394
0.8150,  0.247631
0.8155,  0.251661
0.8160,  0.259616
0.8165,  0.268361
0.8170,  0.268466
0.8175,  0.259303
0.8180,  0.260254
0.8185,  0.257991
0.8190,  0.240153
0.8195,  0.231816
0.8200,  0.219899
0.8205,  0.211302
0.8210,  0.208504
0.8215,  0.222291
0.8220,  0.248224
0.8225,  0.268660
0.8230,  0.262432
0.8235,  0.242671
0.8240,  0.224525
0.8245,  0.212325
0.8250,  0.203885
0.8255,  0.196439
0.8260,  0.189756
0.8265,  0.190172
0.8270,  0.194729
0.8275,  0.206817
0.8280,  0.211811
0.8285,  0.199826
0.8290,  0.195311
0.8295,  0.195789
0.8300,  0.196610
0.8305,  0.190571
0.8310,  0.185763
0.8315,  0.182959
0.8320,  0.183286
0.8325,  0.184605
0.8330,  0.176096
0.8335,  0.163173
0.8340,  0.154160
0.8345,  0.152579
0.8350,  0.156444
0.8355,  0.154073
0.8360,  0.154884
0.8365,  0.153666
0.8370,  0.150989
0.8375,  0.147006
0.8380,  0.133334
0.8385,  0.122875
0.8390,  0.104005
0.8395,  0.098809
0.8400,  0.098385
0.8405,  0.104438
0.8410,  0.106425
0.8415,  0.107892
0.8420,  0.103419
0.8425,  0.102618
0.8430,  0.097834
0.8435,  0.093040
0.8440,  0.091231
0.8445,  0.083652
0.8450,  0.078844
0.8455,  0.078544
0.8460,  0.090791
0.8465,  0.095272
0.8470,  0.095401
0.8475,  0.091533
0.8480,  0.097512
0.8485,  0.091055
0.8490,  0.078577
0.8495,  0.070056
0.8500,  0.063266
0.8505,  0.061538
0.8510,  0.061802
0.8515,  0.072170
0.8520,  0.085401
0.8525,  0.081061
0.8530,  0.094842
0.8535,  0.087634
0.8540,  0.063100
0.8545,  0.074611
0.8550,  0.074435
0.8555,  0.075767
0.8560,  0.074653
0.8565,  0.066437
0.8570,  0.069891
0.8575,  0.078928
0.8580,  0.088329
0.8585,  0.084993
0.8590,  0.091141
0.8595,  0.096696
0.8600,  0.098311
0.8605,  0.090173
0.8610,  0.079071
0.8615,  0.077231
0.8620,  0.065153
0.8625,  0.064176
0.8630,  0.070224
0.8635,  0.079324
0.8640,  0.093126
0.8645,  0.080986
0.8650,  0.074775
0.8655,  0.067823
0.8660,  0.048818
0.8665,  0.055545
0.8670,  0.052166
0.8675,  0.043948
0.8680,  0.047461
0.8685,  0.055490
0.8690,  0.066238
0.8695,  0.078173
0.8700,  0.093642
0.8705,  0.094632
0.8710,  0.100928
0.8715,  0.094211
0.8720,  0.091975
0.8725,  0.078285
0.8730,  0.068329
0.8735,  0.064842
0.8740,  0.070188
0.8745,  0.078133
0.8750,  0.081303
0.8755,  0.090039
0.8760,  0.098253
0.8765,  0.107081
0.8770,  0.109110
0.8775,  0.106443
0.8780,  0.091979
0.8785,  0.077482
0.8790,  0.059025
0.8795,  0.058412
0.8800,  0.063943
0.8805,  0.074062
0.8810,  0.069763
0.8815,  0.060287
0.8820,  0.059844
0.8825,  0.049846
0.8830,  0.051377
0.8835,  0.050941
0.8840,  0.054870
0.8845,  0.048283
0.8850,  0.052300
0.8855,  0.059363
0.8860,  0.072473
0.8865,  0.079880
0.8870,  0.080961
0.8875,  0.082431
0.8880,  0.071993
0.8885,  0.065022
0.8890,  0.055046
0.8895,  0.048879
0.8900,  0.047829
