0.3500,  0.528929
0.3505,  0.581040
0.3510,  0.542534
0.3515,  0.499357
0.3520,  0.448057
0.3525,  0.406884
0.3530,  0.450463
0.3535,  0.486565
0.3540,  0.504362
0.3545,  0.532868
0.3550,  0.513811
0.3555,  0.506940
0.3560,  0.465222
0.3565,  0.434452
0.3570,  0.404294
0.3575,  0.355463
0.3580,  0.306367
0.3585,  0.251861
0.3590,  0.413910
0.3595,  0.548840
0.3600,  0.535095
0.3605,  0.524543
0.3610,  0.485684
0.3615,  0.430380
0.3620,  0.470869
0.3625,  0.498478
0.3630,  0.480609
0.3635,  0.464908
0.3640,  0.450271
0.3645,  0.443474
0.3650,  0.474403
0.3655,  0.498632
0.3660,  0.495820
0.3665,  0.500807
0.3670,  0.470457
0.3675,  0.444773
0.3680,  0.410440
0.3685,  0.376743
0.3690,  0.423646
0.3695,  0.473543
0.3700,  0.445629
0.3705,  0.413354
0.3710,  0.430748
0.3715,  0.450783
0.3720,  0.417647
0.3725,  0.388702
0.3730,  0.352843
0.3735,  0.310094
0.3740,  0.317435
0.3745,  0.317637
0.3750,  0.391379
0.3755,  0.454167
0.3760,  0.453221
0.3765,  0.447599
0.3770,  0.501482
0.3775,  0.542691
0.3780,  0.530455
0.3785,  0.529110
0.3790,  0.431598
0.3795,  0.326109
0.3800,  0.376619
0.3805,  0.431727
0.3810,  0.408229
0.3815,  0.398375
0.3820,  0.318128
0.3825,  0.216170
0.3830,  0.198254
0.3835,  0.158421
0.3840,  0.317535
0.3845,  0.441014
0.3850,  0.442763
0.3855,  0.446986
0.3860,  0.433298
0.3865,  0.418853
0.3870,  0.408590
0.3875,  0.397935
0.3880,  0.376371
0.3885,  0.348577
0.3890,  0.402344
0.3895,  0.451882
0.3900,  0.457542
0.3905,  0.459926
0.3910,  0.475129
0.3915,  0.505651
0.3920,  0.409990
0.3925,  0.310267
0.3930,  0.139457
0.3935,  -0.100500
0.3940,  0.184716
0.3945,  0.385443
0.3950,  0.490816
0.3955,  0.593915
0.3960,  0.433645
0.3965,  0.226383
0.3970,  0.248872
0.3975,  0.251156
0.3980,  0.438280
0.3985,  0.563540
0.3990,  0.545299
0.3995,  0.534075
0.4000,  0.493671
0.4005,  0.456700
0.4010,  0.441556
0.4015,  0.435936
0.4020,  0.420739
0.4025,  0.412933
0.4030,  0.387214
0.4035,  0.360347
0.4040,  0.352814
0.4045,  0.349150
0.4050,  0.346637
0.4055,  0.344942
0.4060,  0.327851
0.4065,  0.314260
0.4070,  0.327824
0.4075,  0.335096
0.4080,  0.358042
0.4085,  0.381916
0.4090,  0.375749
0.4095,  0.370127
0.4100,  0.324725
0.4105,  0.276561
0.4110,  0.345523
0.4115,  0.405733
0.4120,  0.390409
0.4125,  0.371580
0.4130,  0.355175
0.4135,  0.340884
0.4140,  0.332334
0.4145,  0.324289
0.4150,  0.321181
0.4155,  0.318058
0.4160,  0.340653
0.4165,  0.364407
0.4170,  0.325340
0.4175,  0.283121
0.4180,  0.290203
0.4185,  0.297726
0.4190,  0.306517
0.4195,  0.309875
0.4200,  0.323851
0.4205,  0.335897
0.4210,  0.339565
0.4215,  0.343462
0.4220,  0.298004
0.4225,  0.246746
0.4230,  0.284131
0.4235,  0.318573
0.4240,  0.335683
0.4245,  0.353471
0.4250,  0.339800
0.4255,  0.323973
0.4260,  0.325176
0.4265,  0.329611
0.4270,  0.297271
0.4275,  0.265558
0.4280,  0.279933
0.4285,  0.292881
0.4290,  0.279917
0.4295,  0.266928
0.4300,  0.182558
0.4305,  0.076069
0.4310,  0.264679
0.4315,  0.408411
0.4320,  0.382479
0.4325,  0.353812
0.4330,  0.358649
0.4335,  0.362925
0.4340,  0.335089
0.4345,  0.312209
0.4350,  0.313879
0.4355,  0.312167
0.4360,  0.351082
0.4365,  0.389167
0.4370,  0.354860
0.4375,  0.324534
0.4380,  0.271817
0.4385,  0.213901
0.4390,  0.278761
0.4395,  0.337620
0.4400,  0.307857
0.4405,  0.274352
0.4410,  0.317044
0.4415,  0.351307
0.4420,  0.347040
0.4425,  0.345253
0.4430,  0.320493
0.4435,  0.300726
0.4440,  0.314934
0.4445,  0.329801
0.4450,  0.298688
0.4455,  0.262710
0.4460,  0.278135
0.4465,  0.290662
0.4470,  0.321869
0.4475,  0.351586
0.4480,  0.322695
0.4485,  0.295114
0.4490,  0.296959
0.4495,  0.299259
0.4500,  0.313202
0.4505,  0.328442
0.4510,  0.321172
0.4515,  0.312765
0.4520,  0.279866
0.4525,  0.253031
0.4530,  0.262390
0.4535,  0.273511
0.4540,  0.281891
0.4545,  0.286653
0.4550,  0.295986
0.4555,  0.307848
0.4560,  0.309161
0.4565,  0.314106
0.4570,  0.313387
0.4575,  0.314373
0.4580,  0.287810
0.4585,  0.260012
0.4590,  0.269397
0.4595,  0.280693
0.4600,  0.288228
0.4605,  0.291260
0.4610,  0.289966
0.4615,  0.289145
0.4620,  0.295911
0.4625,  0.304522
0.4630,  0.289798
0.4635,  0.278977
0.4640,  0.270424
0.4645,  0.262051
0.4650,  0.283999
0.4655,  0.304013
0.4660,  0.282368
0.4665,  0.260172
0.4670,  0.286255
0.4675,  0.305509
0.4680,  0.298119
0.4685,  0.295956
0.4690,  0.295551
0.4695,  0.299243
0.4700,  0.277706
0.4705,  0.254505
0.4710,  0.285015
0.4715,  0.316744
0.4720,  0.319290
0.4725,  0.321125
0.4730,  0.309476
0.4735,  0.296090
0.4740,  0.305259
0.4745,  0.315780
0.4750,  0.307350
0.4755,  0.300147
0.4760,  0.286871
0.4765,  0.274234
0.4770,  0.299148
0.4775,  0.320464
0.4780,  0.301901
0.4785,  0.284192
0.4790,  0.296095
0.4795,  0.307927
0.4800,  0.298696
0.4805,  0.291292
0.4810,  0.302258
0.4815,  0.312928
0.4820,  0.301856
0.4825,  0.291450
0.4830,  0.291204
0.4835,  0.292214
0.4840,  0.290698
0.4845,  0.293217
0.4850,  0.276811
0.4855,  0.262934
0.4860,  0.231548
0.4865,  0.190260
0.4870,  0.244671
0.4875,  0.290327
0.4880,  0.301015
0.4885,  0.308373
0.4890,  0.307123
0.4895,  0.307919
0.4900,  0.311515
0.4905,  0.317715
0.4910,  0.292455
0.4915,  0.268553
0.4920,  0.269234
0.4925,  0.269310
0.4930,  0.265931
0.4935,  0.260301
0.4940,  0.290916
0.4945,  0.321199
0.4950,  0.286911
0.4955,  0.254296
0.4960,  0.271174
0.4965,  0.288409
0.4970,  0.290382
0.4975,  0.295916
0.4980,  0.266319
0.4985,  0.233233
0.4990,  0.259232
0.4995,  0.285126
0.5000,  0.265798
0.5005,  0.246066
0.5010,  0.240722
0.5015,  0.231977
0.5020,  0.251376
0.5025,  0.269835
0.5030,  0.279450
0.5035,  0.287553
0.5040,  0.274073
0.5045,  0.255431
0.5050,  0.276082
0.5055,  0.296434
0.5060,  0.284965
0.5065,  0.275131
0.5070,  0.264255
0.5075,  0.254077
0.5080,  0.257221
0.5085,  0.258477
0.5090,  0.256769
0.5095,  0.254559
0.5100,  0.258717
0.5105,  0.261924
0.5110,  0.271044
0.5115,  0.280317
0.5120,  0.252628
0.5125,  0.227529
0.5130,  0.232727
0.5135,  0.236017
0.5140,  0.240622
0.5145,  0.245363
0.5150,  0.255055
0.5155,  0.268664
0.5160,  0.230348
0.5165,  0.190082
0.5170,  0.217950
0.5175,  0.241566
0.5180,  0.224696
0.5185,  0.199218
0.5190,  0.233731
0.5195,  0.266452
0.5200,  0.258175
0.5205,  0.250401
0.5210,  0.260343
0.5215,  0.273430
0.5220,  0.251685
0.5225,  0.227730
0.5230,  0.241030
0.5235,  0.249399
0.5240,  0.256709
0.5245,  0.266159
0.5250,  0.262967
0.5255,  0.263201
0.5260,  0.213682
0.5265,  0.158434
0.5270,  0.200401
0.5275,  0.234728
0.5280,  0.244802
0.5285,  0.252713
0.5290,  0.249237
0.5295,  0.244155
0.5300,  0.244567
0.5305,  0.248215
0.5310,  0.248411
0.5315,  0.255299
0.5320,  0.219489
0.5325,  0.181179
0.5330,  0.221010
0.5335,  0.255894
0.5340,  0.236800
0.5345,  0.216724
0.5350,  0.241479
0.5355,  0.266766
0.5360,  0.240701
0.5365,  0.215330
0.5370,  0.218909
0.5375,  0.223165
0.5380,  0.231878
0.5385,  0.241474
0.5390,  0.228498
0.5395,  0.217305
0.5400,  0.207659
0.5405,  0.197178
0.5410,  0.224509
0.5415,  0.248436
0.5420,  0.233815
0.5425,  0.219567
0.5430,  0.230310
0.5435,  0.237820
0.5440,  0.234102
0.5445,  0.232398
0.5450,  0.236483
0.5455,  0.242673
0.5460,  0.239005
0.5465,  0.233241
0.5470,  0.226110
0.5475,  0.217474
0.5480,  0.224763
0.5485,  0.230336
0.5490,  0.235689
0.5495,  0.240026
0.5500,  0.230086
0.5505,  0.222927
0.5510,  0.226271
0.5515,  0.228583
0.5520,  0.223361
0.5525,  0.217279
0.5530,  0.225241
0.5535,  0.230600
0.5540,  0.231954
0.5545,  0.234723
0.5550,  0.236464
0.5555,  0.239161
0.5560,  0.224629
0.5565,  0.210914
0.5570,  0.220015
0.5575,  0.231095
0.5580,  0.224003
0.5585,  0.214417
0.5590,  0.219238
0.5595,  0.223540
0.5600,  0.227799
0.5605,  0.231694
0.5610,  0.227610
0.5615,  0.223365
0.5620,  0.227697
0.5625,  0.234062
0.5630,  0.237096
0.5635,  0.239916
0.5640,  0.239037
0.5645,  0.238917
0.5650,  0.228515
0.5655,  0.217015
0.5660,  0.224403
0.5665,  0.231174
0.5670,  0.243038
0.5675,  0.256499
0.5680,  0.241863
0.5685,  0.227424
0.5690,  0.242598
0.5695,  0.258118
0.5700,  0.239570
0.5705,  0.217220
0.5710,  0.227343
0.5715,  0.233237
0.5720,  0.242993
0.5725,  0.252710
0.5730,  0.246104
0.5735,  0.243521
0.5740,  0.242718
0.5745,  0.241364
0.5750,  0.234281
0.5755,  0.226359
0.5760,  0.229247
0.5765,  0.233490
0.5770,  0.238080
0.5775,  0.240467
0.5780,  0.223788
0.5785,  0.205798
0.5790,  0.215153
0.5795,  0.222741
0.5800,  0.222141
0.5805,  0.222675
0.5810,  0.223548
0.5815,  0.226102
0.5820,  0.228168
0.5825,  0.229080
0.5830,  0.224830
0.5835,  0.221101
0.5840,  0.223314
0.5845,  0.228484
0.5850,  0.216576
0.5855,  0.202964
0.5860,  0.217547
0.5865,  0.233372
0.5870,  0.245247
0.5875,  0.264823
0.5880,  0.262674
0.5885,  0.258252
0.5890,  0.237292
0.5895,  0.206384
0.5900,  0.257258
0.5905,  0.300601
0.5910,  0.288680
0.5915,  0.277126
0.5920,  0.274911
0.5925,  0.273166
0.5930,  0.266882
0.5935,  0.266165
0.5940,  0.262902
0.5945,  0.259389
0.5950,  0.262651
0.5955,  0.263504
0.5960,  0.266226
0.5965,  0.269502
0.5970,  0.259509
0.5975,  0.249711
0.5980,  0.239731
0.5985,  0.231866
0.5990,  0.236697
0.5995,  0.242005
0.6000,  0.237359
0.6005,  0.232858
0.6010,  0.235575
0.6015,  0.236789
0.6020,  0.227065
0.6025,  0.212805
0.6030,  0.221139
0.6035,  0.231390
0.6040,  0.226557
0.6045,  0.226993
0.6050,  0.227020
0.6055,  0.226276
0.6060,  0.227699
0.6065,  0.229830
0.6070,  0.229562
0.6075,  0.227254
0.6080,  0.223728
0.6085,  0.221521
0.6090,  0.226914
0.6095,  0.231057
0.6100,  0.223574
0.6105,  0.212469
0.6110,  0.223039
0.6115,  0.234259
0.6120,  0.225492
0.6125,  0.217534
0.6130,  0.214163
0.6135,  0.212267
0.6140,  0.224034
0.6145,  0.232352
0.6150,  0.235661
0.6155,  0.240729
0.6160,  0.217810
0.6165,  0.188652
0.6170,  0.210182
0.6175,  0.229980
0.6180,  0.232810
0.6185,  0.236486
0.6190,  0.233926
0.6195,  0.227097
0.6200,  0.233339
0.6205,  0.242246
0.6210,  0.234394
0.6215,  0.225108
0.6220,  0.233369
0.6225,  0.240725
0.6230,  0.228084
0.6235,  0.220370
0.6240,  0.224000
0.6245,  0.224416
0.6250,  0.222705
0.6255,  0.221119
0.6260,  0.241407
0.6265,  0.257716
0.6270,  0.259094
0.6275,  0.261599
0.6280,  0.261856
0.6285,  0.263390
0.6290,  0.261488
0.6295,  0.257978
0.6300,  0.253156
0.6305,  0.247289
0.6310,  0.242054
0.6315,  0.243321
0.6320,  0.240506
0.6325,  0.238537
0.6330,  0.238002
0.6335,  0.235005
0.6340,  0.234030
0.6345,  0.236775
0.6350,  0.241243
0.6355,  0.243853
0.6360,  0.244816
0.6365,  0.241726
0.6370,  0.235964
0.6375,  0.231517
0.6380,  0.229525
0.6385,  0.229677
0.6390,  0.231975
0.6395,  0.230341
0.6400,  0.229662
0.6405,  0.226187
0.6410,  0.220591
0.6415,  0.220024
0.6420,  0.218863
0.6425,  0.216817
0.6430,  0.216705
0.6435,  0.219722
0.6440,  0.221850
0.6445,  0.228233
0.6450,  0.234952
0.6455,  0.241284
0.6460,  0.248478
0.6465,  0.253603
0.6470,  0.258637
0.6475,  0.262606
0.6480,  0.262237
0.6485,  0.261459
0.6490,  0.257114
0.6495,  0.258082
0.6500,  0.256418
0.6505,  0.255795
0.6510,  0.259718
0.6515,  0.258387
0.6520,  0.256585
0.6525,  0.254550
0.6530,  0.252281
0.6535,  0.245822
0.6540,  0.245019
0.6545,  0.248753
0.6550,  0.258134
0.6555,  0.256227
0.6560,  0.244260
0.6565,  0.217674
0.6570,  0.180888
0.6575,  0.186756
0.6580,  0.196540
0.6585,  0.207463
0.6590,  0.223048
0.6595,  0.221865
0.6600,  0.218010
0.6605,  0.213278
0.6610,  0.208684
0.6615,  0.200581
0.6620,  0.196082
0.6625,  0.193145
0.6630,  0.191021
0.6635,  0.193027
0.6640,  0.195631
0.6645,  0.200485
0.6650,  0.205056
0.6655,  0.206159
0.6660,  0.205219
0.6665,  0.203814
0.6670,  0.203162
0.6675,  0.200780
0.6680,  0.195771
0.6685,  0.194634
0.6690,  0.194403
0.6695,  0.193033
0.6700,  0.194749
0.6705,  0.198611
0.6710,  0.202835
0.6715,  0.210009
0.6720,  0.212699
0.6725,  0.214613
0.6730,  0.212164
0.6735,  0.206564
0.6740,  0.204296
0.6745,  0.199869
0.6750,  0.194606
0.6755,  0.190396
0.6760,  0.190466
0.6765,  0.194514
0.6770,  0.198737
0.6775,  0.198993
0.6780,  0.199869
0.6785,  0.201680
0.6790,  0.199377
0.6795,  0.198184
0.6800,  0.198542
0.6805,  0.198191
0.6810,  0.197530
0.6815,  0.192380
0.6820,  0.190097
0.6825,  0.192071
0.6830,  0.197497
0.6835,  0.201237
0.6840,  0.205262
0.6845,  0.210866
0.6850,  0.218262
0.6855,  0.238926
0.6860,  0.268884
0.6865,  0.302275
0.6870,  0.324732
0.6875,  0.332042
0.6880,  0.332296
0.6885,  0.328719
0.6890,  0.327574
0.6895,  0.322178
0.6900,  0.314865
0.6905,  0.306779
0.6910,  0.303306
0.6915,  0.302220
0.6920,  0.306309
0.6925,  0.311201
0.6930,  0.319182
0.6935,  0.321736
0.6940,  0.321513
0.6945,  0.313920
0.6950,  0.305615
0.6955,  0.292608
0.6960,  0.279175
0.6965,  0.266584
0.6970,  0.257576
0.6975,  0.259294
0.6980,  0.272761
0.6985,  0.285722
0.6990,  0.299433
0.6995,  0.303856
0.7000,  0.300616
0.7005,  0.295182
0.7010,  0.291972
0.7015,  0.293447
0.7020,  0.291268
0.7025,  0.282974
0.7030,  0.274440
0.7035,  0.274922
0.7040,  0.276311
0.7045,  0.276450
0.7050,  0.281977
0.7055,  0.280892
0.7060,  0.277318
0.7065,  0.274702
0.7070,  0.266735
0.7075,  0.258472
0.7080,  0.254522
0.7085,  0.250277
0.7090,  0.247836
0.7095,  0.246563
0.7100,  0.244580
0.7105,  0.244290
0.7110,  0.247552
0.7115,  0.244834
0.7120,  0.246139
0.7125,  0.251299
0.7130,  0.251026
0.7135,  0.255161
0.7140,  0.262765
0.7145,  0.271051
0.7150,  0.284717
0.7155,  0.300333
0.7160,  0.336340
0.7165,  0.382063
0.7170,  0.430351
0.7175,  0.474086
0.7180,  0.515370
0.7185,  0.548478
0.7190,  0.565126
0.7195,  0.570565
0.7200,  0.552620
0.7205,  0.515715
0.7210,  0.472820
0.7215,  0.437765
0.7220,  0.426039
0.7225,  0.432277
0.7230,  0.450682
0.7235,  0.473029
0.7240,  0.491511
0.7245,  0.504520
0.7250,  0.511585
0.7255,  0.512518
0.7260,  0.515270
0.7265,  0.518133
0.7270,  0.517464
0.7275,  0.514136
0.7280,  0.508539
0.7285,  0.505814
0.7290,  0.497694
0.7295,  0.493541
0.7300,  0.486869
0.7305,  0.469838
0.7310,  0.456581
0.7315,  0.435567
0.7320,  0.412510
0.7325,  0.386350
0.7330,  0.354206
0.7335,  0.331321
0.7340,  0.314559
0.7345,  0.306456
0.7350,  0.307791
0.7355,  0.312601
0.7360,  0.312396
0.7365,  0.312652
0.7370,  0.304485
0.7375,  0.290260
0.7380,  0.286542
0.7385,  0.282611
0.7390,  0.276352
0.7395,  0.273849
0.7400,  0.269211
0.7405,  0.257559
0.7410,  0.248241
0.7415,  0.245372
0.7420,  0.244244
0.7425,  0.243084
0.7430,  0.245149
0.7435,  0.240942
0.7440,  0.238257
0.7445,  0.240329
0.7450,  0.238136
0.7455,  0.241061
0.7460,  0.242175
0.7465,  0.241259
0.7470,  0.237261
0.7475,  0.227509
0.7480,  0.227164
0.7485,  0.229328
0.7490,  0.232978
0.7495,  0.232642
0.7500,  0.231432
0.7505,  0.230197
0.7510,  0.228847
0.7515,  0.222315
0.7520,  0.218606
0.7525,  0.218978
0.7530,  0.218905
0.7535,  0.225161
0.7540,  0.230395
0.7545,  0.228177
0.7550,  0.229608
0.7555,  0.228389
0.7560,  0.226810
0.7565,  0.222734
0.7570,  0.223562
0.7575,  0.222157
0.7580,  0.249064
0.7585,  0.312530
0.7590,  0.427615
0.7595,  0.590800
0.7600,  0.758858
0.7605,  0.858490
0.7610,  0.878661
0.7615,  0.861523
0.7620,  0.838041
0.7625,  0.826371
0.7630,  0.820347
0.7635,  0.794332
0.7640,  0.749069
0.7645,  0.691281
0.7650,  0.619976
0.7655,  0.547758
0.7660,  0.474843
0.7665,  0.409286
0.7670,  0.356964
0.7675,  0.326184
0.7680,  0.307077
0.7685,  0.294891
0.7690,  0.277970
0.7695,  0.261515
0.7700,  0.251829
0.7705,  0.246710
0.7710,  0.244767
0.7715,  0.244585
0.7720,  0.242979
0.7725,  0.240277
0.7730,  0.239280
0.7735,  0.233536
0.7740,  0.225347
0.7745,  0.220591
0.7750,  0.218085
0.7755,  0.220969
0.7760,  0.226090
0.7765,  0.225723
0.7770,  0.228980
0.7775,  0.228923
0.7780,  0.231076
0.7785,  0.227758
0.7790,  0.218627
0.7795,  0.220635
0.7800,  0.218682
0.7805,  0.214792
0.7810,  0.217609
0.7815,  0.221657
0.7820,  0.222003
0.7825,  0.219992
0.7830,  0.217927
0.7835,  0.217480
0.7840,  0.218021
0.7845,  0.219510
0.7850,  0.228064
0.7855,  0.234655
0.7860,  0.239146
0.7865,  0.244808
0.7870,  0.246641
0.7875,  0.248716
0.7880,  0.252270
0.7885,  0.270143
0.7890,  0.286926
0.7895,  0.298504
0.7900,  0.294713
0.7905,  0.288406
0.7910,  0.287621
0.7915,  0.281289
0.7920,  0.278741
0.7925,  0.275111
0.7930,  0.268382
0.7935,  0.266482
0.7940,  0.264568
0.7945,  0.263643
0.7950,  0.267383
0.7955,  0.275790
0.7960,  0.282237
0.7965,  0.285771
0.7970,  0.286075
0.7975,  0.285944
0.7980,  0.285945
0.7985,  0.285481
0.7990,  0.292990
0.7995,  0.297129
0.8000,  0.299477
0.8005,  0.297113
0.8010,  0.293362
0.8015,  0.284604
0.8020,  0.287459
0.8025,  0.286718
0.8030,  0.282328
0.8035,  0.283520
0.8040,  0.278011
0.8045,  0.266351
0.8050,  0.252661
0.8055,  0.250459
0.8060,  0.248924
0.8065,  0.253247
0.8070,  0.256791
0.8075,  0.258019
0.8080,  0.252928
0.8085,  0.259878
0.8090,  0.271207
0.8095,  0.284269
0.8100,  0.295128
0.8105,  0.309740
0.8110,  0.330449
0.8115,  0.353143
0.8120,  0.377677
0.8125,  0.404702
0.8130,  0.429230
0.8135,  0.464294
0.8140,  0.490476
0.8145,  0.523004
0.8150,  0.555951
0.8155,  0.588420
0.8160,  0.619208
0.8165,  0.640375
0.8170,  0.650621
0.8175,  0.635134
0.8180,  0.608366
0.8185,  0.575062
0.8190,  0.549066
0.8195,  0.530872
0.8200,  0.501658
0.8205,  0.471487
0.8210,  0.469779
0.8215,  0.494365
0.8220,  0.530880
0.8225,  0.567498
0.8230,  0.577289
0.8235,  0.559378
0.8240,  0.516827
0.8245,  0.465701
0.8250,  0.434529
0.8255,  0.416598
0.8260,  0.419272
0.8265,  0.428033
0.8270,  0.454583
0.8275,  0.478647
0.8280,  0.500764
0.8285,  0.496692
0.8290,  0.489536
0.8295,  0.470484
0.8300,  0.453575
0.8305,  0.436746
0.8310,  0.429699
0.8315,  0.426410
0.8320,  0.415242
0.8325,  0.410456
0.8330,  0.408897
0.8335,  0.397615
0.8340,  0.380456
0.8345,  0.359220
0.8350,  0.335456
0.8355,  0.317940
0.8360,  0.317996
0.8365,  0.316629
0.8370,  0.315656
0.8375,  0.312785
0.8380,  0.309061
0.8385,  0.307349
0.8390,  0.292613
0.8395,  0.287375
0.8400,  0.284814
0.8405,  0.284205
0.8410,  0.278744
0.8415,  0.279750
0.8420,  0.264270
0.8425,  0.250392
0.8430,  0.255098
0.8435,  0.250281
0.8440,  0.251951
0.8445,  0.262050
0.8450,  0.266573
0.8455,  0.263879
0.8460,  0.255513
0.8465,  0.255754
0.8470,  0.248798
0.8475,  0.247170
0.8480,  0.244316
0.8485,  0.246746
0.8490,  0.245713
0.8495,  0.244395
0.8500,  0.256242
0.8505,  0.277415
0.8510,  0.276679
0.8515,  0.272758
0.8520,  0.267376
0.8525,  0.244208
0.8530,  0.233137
0.8535,  0.225179
0.8540,  0.213328
0.8545,  0.235293
0.8550,  0.236425
0.8555,  0.240166
0.8560,  0.242298
0.8565,  0.239487
0.8570,  0.245285
0.8575,  0.256314
0.8580,  0.256310
0.8585,  0.245000
0.8590,  0.243679
0.8595,  0.232195
0.8600,  0.217919
0.8605,  0.226229
0.8610,  0.242147
0.8615,  0.240055
0.8620,  0.233262
0.8625,  0.222133
0.8630,  0.223040
0.8635,  0.226710
0.8640,  0.236257
0.8645,  0.210772
0.8650,  0.198991
0.8655,  0.211079
0.8660,  0.212323
0.8665,  0.219211
0.8670,  0.226936
0.8675,  0.240627
0.8680,  0.239632
0.8685,  0.227629
0.8690,  0.223246
0.8695,  0.233063
0.8700,  0.249975
0.8705,  0.249504
0.8710,  0.236034
0.8715,  0.244837
0.8720,  0.248582
0.8725,  0.245989
0.8730,  0.242416
0.8735,  0.240657
0.8740,  0.243994
0.8745,  0.242852
0.8750,  0.252586
0.8755,  0.259730
0.8760,  0.257536
0.8765,  0.255660
0.8770,  0.255675
0.8775,  0.274188
0.8780,  0.293045
0.8785,  0.289770
0.8790,  0.278856
0.8795,  0.274234
0.8800,  0.270772
0.8805,  0.259759
0.8810,  0.242979
0.8815,  0.250305
0.8820,  0.257610
0.8825,  0.271365
0.8830,  0.266106
0.8835,  0.259240
0.8840,  0.265508
0.8845,  0.273040
0.8850,  0.262223
0.8855,  0.266611
0.8860,  0.285169
0.8865,  0.281820
0.8870,  0.272942
0.8875,  0.276766
0.8880,  0.271309
0.8885,  0.286298
0.8890,  0.280254
0.8895,  0.287664
0.8900,  0.291197
