0.3500,  0.372497
0.3505,  0.415947
0.3510,  0.382530
0.3515,  0.346272
0.3520,  0.308737
0.3525,  0.261348
0.3530,  0.310024
0.3535,  0.343741
0.3540,  0.357632
0.3545,  0.393037
0.3550,  0.378856
0.3555,  0.359526
0.3560,  0.325157
0.3565,  0.294956
0.3570,  0.263245
0.3575,  0.225642
0.3580,  0.180636
0.3585,  0.122522
0.3590,  0.278831
0.3595,  0.411441
0.3600,  0.400071
0.3605,  0.383522
0.3610,  0.324492
0.3615,  0.269745
0.3620,  0.311449
0.3625,  0.352227
0.3630,  0.336568
0.3635,  0.314208
0.3640,  0.301172
0.3645,  0.284074
0.3650,  0.316593
0.3655,  0.352617
0.3660,  0.363207
0.3665,  0.373664
0.3670,  0.346406
0.3675,  0.329493
0.3680,  0.300080
0.3685,  0.269759
0.3690,  0.311866
0.3695,  0.356660
0.3700,  0.327148
0.3705,  0.294739
0.3710,  0.320265
0.3715,  0.351981
0.3720,  0.327236
0.3725,  0.299309
0.3730,  0.261231
0.3735,  0.215784
0.3740,  0.219527
0.3745,  0.217993
0.3750,  0.282874
0.3755,  0.334671
0.3760,  0.323982
0.3765,  0.305208
0.3770,  0.351605
0.3775,  0.398593
0.3780,  0.397851
0.3785,  0.407509
0.3790,  0.321606
0.3795,  0.221852
0.3800,  0.274821
0.3805,  0.336838
0.3810,  0.318103
0.3815,  0.305606
0.3820,  0.230132
0.3825,  0.133570
0.3830,  0.105085
0.3835,  0.059933
0.3840,  0.208629
0.3845,  0.320794
0.3850,  0.327930
0.3855,  0.335444
0.3860,  0.316944
0.3865,  0.303910
0.3870,  0.299968
0.3875,  0.290231
0.3880,  0.266238
0.3885,  0.238065
0.3890,  0.284054
0.3895,  0.320147
0.3900,  0.319550
0.3905,  0.320913
0.3910,  0.340745
0.3915,  0.381820
0.3920,  0.306876
0.3925,  0.225553
0.3930,  0.062976
0.3935,  -0.177272
0.3940,  0.089423
0.3945,  0.273507
0.3950,  0.365653
0.3955,  0.456932
0.3960,  0.305528
0.3965,  0.113063
0.3970,  0.126181
0.3975,  0.116480
0.3980,  0.288974
0.3985,  0.408287
0.3990,  0.391494
0.3995,  0.385257
0.4000,  0.356749
0.4005,  0.327409
0.4010,  0.316290
0.4015,  0.316489
0.4020,  0.310713
0.4025,  0.309659
0.4030,  0.290837
0.4035,  0.271942
0.4040,  0.268839
0.4045,  0.267386
0.4050,  0.264025
0.4055,  0.261232
0.4060,  0.244373
0.4065,  0.229808
0.4070,  0.241121
0.4075,  0.247447
0.4080,  0.268035
0.4085,  0.289811
0.4090,  0.285462
0.4095,  0.282283
0.4100,  0.238627
0.4105,  0.184305
0.4110,  0.244168
0.4115,  0.301740
0.4120,  0.288480
0.4125,  0.272566
0.4130,  0.257771
0.4135,  0.249336
0.4140,  0.249025
0.4145,  0.243925
0.4150,  0.241664
0.4155,  0.237031
0.4160,  0.255134
0.4165,  0.279435
0.4170,  0.243987
0.4175,  0.205260
0.4180,  0.213608
0.4185,  0.221481
0.4190,  0.225421
0.4195,  0.227299
0.4200,  0.236202
0.4205,  0.247448
0.4210,  0.252042
0.4215,  0.263773
0.4220,  0.220488
0.4225,  0.171648
0.4230,  0.206489
0.4235,  0.237529
0.4240,  0.247975
0.4245,  0.263701
0.4250,  0.252764
0.4255,  0.239483
0.4260,  0.242253
0.4265,  0.248094
0.4270,  0.216475
0.4275,  0.189448
0.4280,  0.205810
0.4285,  0.220843
0.4290,  0.208648
0.4295,  0.201385
0.4300,  0.118836
0.4305,  0.012621
0.4310,  0.182037
0.4315,  0.309469
0.4320,  0.274440
0.4325,  0.243193
0.4330,  0.250050
0.4335,  0.259903
0.4340,  0.242054
0.4345,  0.222523
0.4350,  0.223924
0.4355,  0.223049
0.4360,  0.257778
0.4365,  0.297105
0.4370,  0.270492
0.4375,  0.248763
0.4380,  0.200198
0.4385,  0.143103
0.4390,  0.206892
0.4395,  0.260710
0.4400,  0.227294
0.4405,  0.190141
0.4410,  0.227307
0.4415,  0.262438
0.4420,  0.264035
0.4425,  0.265148
0.4430,  0.243158
0.4435,  0.224140
0.4440,  0.235806
0.4445,  0.249259
0.4450,  0.217943
0.4455,  0.182919
0.4460,  0.198437
0.4465,  0.210226
0.4470,  0.243637
0.4475,  0.275897
0.4480,  0.248893
0.4485,  0.219494
0.4490,  0.221960
0.4495,  0.223243
0.4500,  0.238054
0.4505,  0.252912
0.4510,  0.246816
0.4515,  0.240734
0.4520,  0.211758
0.4525,  0.184138
0.4530,  0.194478
0.4535,  0.205500
0.4540,  0.210754
0.4545,  0.210204
0.4550,  0.217743
0.4555,  0.227063
0.4560,  0.232430
0.4565,  0.237309
0.4570,  0.241468
0.4575,  0.247142
0.4580,  0.223772
0.4585,  0.199506
0.4590,  0.206808
0.4595,  0.211665
0.4600,  0.214003
0.4605,  0.214436
0.4610,  0.213709
0.4615,  0.213336
0.4620,  0.221093
0.4625,  0.230029
0.4630,  0.216551
0.4635,  0.206659
0.4640,  0.197114
0.4645,  0.189345
0.4650,  0.209451
0.4655,  0.232147
0.4660,  0.212240
0.4665,  0.192636
0.4670,  0.215506
0.4675,  0.232916
0.4680,  0.227769
0.4685,  0.228001
0.4690,  0.230268
0.4695,  0.233106
0.4700,  0.214609
0.4705,  0.189855
0.4710,  0.215894
0.4715,  0.241797
0.4720,  0.239681
0.4725,  0.240508
0.4730,  0.229929
0.4735,  0.219914
0.4740,  0.228101
0.4745,  0.238871
0.4750,  0.233521
0.4755,  0.229280
0.4760,  0.219467
0.4765,  0.207676
0.4770,  0.229754
0.4775,  0.251811
0.4780,  0.235190
0.4785,  0.218917
0.4790,  0.232283
0.4795,  0.244820
0.4800,  0.233284
0.4805,  0.224422
0.4810,  0.236092
0.4815,  0.245470
0.4820,  0.231358
0.4825,  0.221576
0.4830,  0.224121
0.4835,  0.227553
0.4840,  0.228498
0.4845,  0.235295
0.4850,  0.226425
0.4855,  0.214389
0.4860,  0.179641
0.4865,  0.132806
0.4870,  0.179359
0.4875,  0.220604
0.4880,  0.231069
0.4885,  0.239849
0.4890,  0.238331
0.4895,  0.237567
0.4900,  0.240564
0.4905,  0.249431
0.4910,  0.229073
0.4915,  0.208957
0.4920,  0.209499
0.4925,  0.207891
0.4930,  0.203789
0.4935,  0.195785
0.4940,  0.224381
0.4945,  0.253746
0.4950,  0.224608
0.4955,  0.195578
0.4960,  0.214028
0.4965,  0.232642
0.4970,  0.234725
0.4975,  0.239490
0.4980,  0.211018
0.4985,  0.180482
0.4990,  0.206447
0.4995,  0.233514
0.5000,  0.216839
0.5005,  0.197364
0.5010,  0.191045
0.5015,  0.181977
0.5020,  0.200548
0.5025,  0.218715
0.5030,  0.226259
0.5035,  0.231995
0.5040,  0.216789
0.5045,  0.197178
0.5050,  0.215873
0.5055,  0.236684
0.5060,  0.227447
0.5065,  0.221632
0.5070,  0.212144
0.5075,  0.202024
0.5080,  0.205511
0.5085,  0.206714
0.5090,  0.203949
0.5095,  0.200861
0.5100,  0.205332
0.5105,  0.210827
0.5110,  0.221835
0.5115,  0.233173
0.5120,  0.208778
0.5125,  0.186117
0.5130,  0.190768
0.5135,  0.193026
0.5140,  0.199699
0.5145,  0.205222
0.5150,  0.216444
0.5155,  0.232475
0.5160,  0.197948
0.5165,  0.159443
0.5170,  0.183862
0.5175,  0.200479
0.5180,  0.179675
0.5185,  0.153403
0.5190,  0.184314
0.5195,  0.214448
0.5200,  0.206725
0.5205,  0.200284
0.5210,  0.213070
0.5215,  0.227312
0.5220,  0.206773
0.5225,  0.186240
0.5230,  0.196133
0.5235,  0.205045
0.5240,  0.213549
0.5245,  0.225932
0.5250,  0.224953
0.5255,  0.227353
0.5260,  0.181528
0.5265,  0.128113
0.5270,  0.164806
0.5275,  0.193534
0.5280,  0.198862
0.5285,  0.203447
0.5290,  0.200266
0.5295,  0.198366
0.5300,  0.202415
0.5305,  0.209130
0.5310,  0.213461
0.5315,  0.219920
0.5320,  0.184946
0.5325,  0.147158
0.5330,  0.183877
0.5335,  0.216884
0.5340,  0.198271
0.5345,  0.178020
0.5350,  0.202160
0.5355,  0.228049
0.5360,  0.204016
0.5365,  0.180357
0.5370,  0.183760
0.5375,  0.187737
0.5380,  0.194107
0.5385,  0.204662
0.5390,  0.195270
0.5395,  0.185220
0.5400,  0.173509
0.5405,  0.161052
0.5410,  0.186575
0.5415,  0.209606
0.5420,  0.195967
0.5425,  0.182999
0.5430,  0.194091
0.5435,  0.203242
0.5440,  0.201651
0.5445,  0.201106
0.5450,  0.205113
0.5455,  0.208055
0.5460,  0.202733
0.5465,  0.198940
0.5470,  0.189159
0.5475,  0.178409
0.5480,  0.184005
0.5485,  0.189742
0.5490,  0.196448
0.5495,  0.204386
0.5500,  0.197678
0.5505,  0.190487
0.5510,  0.193719
0.5515,  0.197142
0.5520,  0.192863
0.5525,  0.185568
0.5530,  0.192546
0.5535,  0.199063
0.5540,  0.201481
0.5545,  0.204400
0.5550,  0.207482
0.5555,  0.211027
0.5560,  0.197998
0.5565,  0.185486
0.5570,  0.194276
0.5575,  0.204090
0.5580,  0.194981
0.5585,  0.184410
0.5590,  0.188913
0.5595,  0.191337
0.5600,  0.194670
0.5605,  0.199694
0.5610,  0.196136
0.5615,  0.190985
0.5620,  0.194144
0.5625,  0.199742
0.5630,  0.203605
0.5635,  0.208834
0.5640,  0.210933
0.5645,  0.212977
0.5650,  0.203055
0.5655,  0.189968
0.5660,  0.192083
0.5665,  0.195802
0.5670,  0.208683
0.5675,  0.224241
0.5680,  0.210252
0.5685,  0.195783
0.5690,  0.211163
0.5695,  0.226474
0.5700,  0.208905
0.5705,  0.185792
0.5710,  0.192721
0.5715,  0.197670
0.5720,  0.206685
0.5725,  0.219539
0.5730,  0.214583
0.5735,  0.212910
0.5740,  0.214976
0.5745,  0.217315
0.5750,  0.210241
0.5755,  0.199100
0.5760,  0.201414
0.5765,  0.206512
0.5770,  0.211594
0.5775,  0.214320
0.5780,  0.195864
0.5785,  0.176423
0.5790,  0.184317
0.5795,  0.190867
0.5800,  0.189929
0.5805,  0.190063
0.5810,  0.191570
0.5815,  0.192369
0.5820,  0.196364
0.5825,  0.198560
0.5830,  0.193899
0.5835,  0.192387
0.5840,  0.195468
0.5845,  0.200467
0.5850,  0.187328
0.5855,  0.172422
0.5860,  0.185597
0.5865,  0.200969
0.5870,  0.213220
0.5875,  0.231833
0.5880,  0.226500
0.5885,  0.214398
0.5890,  0.187793
0.5895,  0.151986
0.5900,  0.197184
0.5905,  0.239068
0.5910,  0.228193
0.5915,  0.217376
0.5920,  0.216318
0.5925,  0.216209
0.5930,  0.211378
0.5935,  0.211394
0.5940,  0.209876
0.5945,  0.204851
0.5950,  0.209053
0.5955,  0.211306
0.5960,  0.215570
0.5965,  0.219068
0.5970,  0.211309
0.5975,  0.204514
0.5980,  0.198478
0.5985,  0.191878
0.5990,  0.198150
0.5995,  0.207682
0.6000,  0.203734
0.6005,  0.199588
0.6010,  0.202870
0.6015,  0.202109
0.6020,  0.189464
0.6025,  0.175454
0.6030,  0.187843
0.6035,  0.201848
0.6040,  0.201106
0.6045,  0.202013
0.6050,  0.199871
0.6055,  0.195995
0.6060,  0.193228
0.6065,  0.190925
0.6070,  0.190081
0.6075,  0.192071
0.6080,  0.191842
0.6085,  0.193273
0.6090,  0.198939
0.6095,  0.202617
0.6100,  0.194436
0.6105,  0.185247
0.6110,  0.194976
0.6115,  0.203906
0.6120,  0.195718
0.6125,  0.191815
0.6130,  0.191375
0.6135,  0.187161
0.6140,  0.194810
0.6145,  0.206298
0.6150,  0.208629
0.6155,  0.209104
0.6160,  0.181012
0.6165,  0.152190
0.6170,  0.174995
0.6175,  0.198447
0.6180,  0.202399
0.6185,  0.207558
0.6190,  0.202662
0.6195,  0.197203
0.6200,  0.203282
0.6205,  0.210791
0.6210,  0.200452
0.6215,  0.189501
0.6220,  0.197656
0.6225,  0.207148
0.6230,  0.200135
0.6235,  0.194438
0.6240,  0.199803
0.6245,  0.202272
0.6250,  0.196814
0.6255,  0.190257
0.6260,  0.205005
0.6265,  0.220704
0.6270,  0.222924
0.6275,  0.224022
0.6280,  0.226603
0.6285,  0.231104
0.6290,  0.231400
0.6295,  0.229616
0.6300,  0.224054
0.6305,  0.217855
0.6310,  0.210964
0.6315,  0.208996
0.6320,  0.207254
0.6325,  0.205241
0.6330,  0.205003
0.6335,  0.204105
0.6340,  0.204546
0.6345,  0.207734
0.6350,  0.209797
0.6355,  0.208023
0.6360,  0.205479
0.6365,  0.200283
0.6370,  0.195048
0.6375,  0.191379
0.6380,  0.191797
0.6385,  0.193672
0.6390,  0.196943
0.6395,  0.197375
0.6400,  0.197597
0.6405,  0.194624
0.6410,  0.190354
0.6415,  0.188935
0.6420,  0.187101
0.6425,  0.183808
0.6430,  0.182206
0.6435,  0.184310
0.6440,  0.189421
0.6445,  0.198080
0.6450,  0.206742
0.6455,  0.211455
0.6460,  0.214412
0.6465,  0.215356
0.6470,  0.214624
0.6475,  0.212126
0.6480,  0.212033
0.6485,  0.205860
0.6490,  0.198244
0.6495,  0.201342
0.6500,  0.204260
0.6505,  0.210924
0.6510,  0.219372
0.6515,  0.217593
0.6520,  0.213552
0.6525,  0.209305
0.6530,  0.206591
0.6535,  0.199434
0.6540,  0.199191
0.6545,  0.208994
0.6550,  0.221661
0.6555,  0.218048
0.6560,  0.199819
0.6565,  0.166442
0.6570,  0.127360
0.6575,  0.135182
0.6580,  0.147245
0.6585,  0.162296
0.6590,  0.175943
0.6595,  0.172352
0.6600,  0.167745
0.6605,  0.162417
0.6610,  0.160493
0.6615,  0.158665
0.6620,  0.160524
0.6625,  0.163449
0.6630,  0.166751
0.6635,  0.172368
0.6640,  0.174943
0.6645,  0.174030
0.6650,  0.173616
0.6655,  0.170726
0.6660,  0.164277
0.6665,  0.159379
0.6670,  0.154331
0.6675,  0.153969
0.6680,  0.153049
0.6685,  0.155354
0.6690,  0.159343
0.6695,  0.159913
0.6700,  0.161482
0.6705,  0.163776
0.6710,  0.164364
0.6715,  0.164302
0.6720,  0.164313
0.6725,  0.164756
0.6730,  0.160751
0.6735,  0.156528
0.6740,  0.153378
0.6745,  0.154071
0.6750,  0.152553
0.6755,  0.153974
0.6760,  0.157691
0.6765,  0.162942
0.6770,  0.165977
0.6775,  0.166985
0.6780,  0.167705
0.6785,  0.167624
0.6790,  0.164551
0.6795,  0.161668
0.6800,  0.158065
0.6805,  0.156341
0.6810,  0.153751
0.6815,  0.153441
0.6820,  0.158283
0.6825,  0.162073
0.6830,  0.168483
0.6835,  0.172759
0.6840,  0.172955
0.6845,  0.173754
0.6850,  0.179575
0.6855,  0.208903
0.6860,  0.244170
0.6865,  0.273255
0.6870,  0.290490
0.6875,  0.292880
0.6880,  0.290297
0.6885,  0.283254
0.6890,  0.276215
0.6895,  0.268396
0.6900,  0.261399
0.6905,  0.254808
0.6910,  0.249623
0.6915,  0.245710
0.6920,  0.244535
0.6925,  0.245669
0.6930,  0.245669
0.6935,  0.238907
0.6940,  0.233935
0.6945,  0.230852
0.6950,  0.223695
0.6955,  0.210431
0.6960,  0.203013
0.6965,  0.200945
0.6970,  0.198467
0.6975,  0.200123
0.6980,  0.206988
0.6985,  0.208078
0.6990,  0.211017
0.6995,  0.210234
0.7000,  0.207973
0.7005,  0.209198
0.7010,  0.211102
0.7015,  0.213265
0.7020,  0.213554
0.7025,  0.213096
0.7030,  0.212797
0.7035,  0.213416
0.7040,  0.210009
0.7045,  0.213823
0.7050,  0.215172
0.7055,  0.208215
0.7060,  0.204504
0.7065,  0.202083
0.7070,  0.198606
0.7075,  0.196026
0.7080,  0.191668
0.7085,  0.186828
0.7090,  0.183349
0.7095,  0.184157
0.7100,  0.186570
0.7105,  0.190513
0.7110,  0.195932
0.7115,  0.196269
0.7120,  0.196199
0.7125,  0.197355
0.7130,  0.195322
0.7135,  0.196738
0.7140,  0.201125
0.7145,  0.210094
0.7150,  0.224731
0.7155,  0.244642
0.7160,  0.277005
0.7165,  0.312262
0.7170,  0.345975
0.7175,  0.374523
0.7180,  0.395549
0.7185,  0.411524
0.7190,  0.410021
0.7195,  0.397528
0.7200,  0.373790
0.7205,  0.349258
0.7210,  0.326167
0.7215,  0.312440
0.7220,  0.312567
0.7225,  0.324553
0.7230,  0.335917
0.7235,  0.347321
0.7240,  0.354835
0.7245,  0.362583
0.7250,  0.364012
0.7255,  0.363997
0.7260,  0.363707
0.7265,  0.367747
0.7270,  0.369160
0.7275,  0.362868
0.7280,  0.361067
0.7285,  0.356301
0.7290,  0.346914
0.7295,  0.338708
0.7300,  0.330516
0.7305,  0.321477
0.7310,  0.306893
0.7315,  0.289345
0.7320,  0.272290
0.7325,  0.253596
0.7330,  0.239388
0.7335,  0.233466
0.7340,  0.230759
0.7345,  0.229702
0.7350,  0.226840
0.7355,  0.220994
0.7360,  0.214346
0.7365,  0.213666
0.7370,  0.210876
0.7375,  0.203348
0.7380,  0.200356
0.7385,  0.199398
0.7390,  0.198378
0.7395,  0.196694
0.7400,  0.193443
0.7405,  0.185289
0.7410,  0.175678
0.7415,  0.178094
0.7420,  0.177988
0.7425,  0.176697
0.7430,  0.178147
0.7435,  0.174784
0.7440,  0.175278
0.7445,  0.176719
0.7450,  0.174604
0.7455,  0.176132
0.7460,  0.173004
0.7465,  0.177058
0.7470,  0.177360
0.7475,  0.173739
0.7480,  0.168433
0.7485,  0.164492
0.7490,  0.163971
0.7495,  0.165727
0.7500,  0.163340
0.7505,  0.161220
0.7510,  0.160130
0.7515,  0.165337
0.7520,  0.162495
0.7525,  0.163732
0.7530,  0.159230
0.7535,  0.159976
0.7540,  0.161107
0.7545,  0.158171
0.7550,  0.158662
0.7555,  0.162741
0.7560,  0.162762
0.7565,  0.160587
0.7570,  0.168214
0.7575,  0.188724
0.7580,  0.242750
0.7585,  0.340041
0.7590,  0.482085
0.7595,  0.637912
0.7600,  0.751793
0.7605,  0.794290
0.7610,  0.781552
0.7615,  0.752541
0.7620,  0.742778
0.7625,  0.749038
0.7630,  0.726625
0.7635,  0.672030
0.7640,  0.610316
0.7645,  0.556553
0.7650,  0.499453
0.7655,  0.438192
0.7660,  0.379986
0.7665,  0.320720
0.7670,  0.274920
0.7675,  0.244331
0.7680,  0.225485
0.7685,  0.216324
0.7690,  0.207361
0.7695,  0.202033
0.7700,  0.197788
0.7705,  0.194190
0.7710,  0.188603
0.7715,  0.179629
0.7720,  0.172485
0.7725,  0.167102
0.7730,  0.169403
0.7735,  0.165397
0.7740,  0.158804
0.7745,  0.156714
0.7750,  0.156151
0.7755,  0.156505
0.7760,  0.155845
0.7765,  0.160391
0.7770,  0.168548
0.7775,  0.163582
0.7780,  0.158067
0.7785,  0.158852
0.7790,  0.157121
0.7795,  0.155722
0.7800,  0.157263
0.7805,  0.156519
0.7810,  0.155526
0.7815,  0.155124
0.7820,  0.156025
0.7825,  0.153268
0.7830,  0.155890
0.7835,  0.161261
0.7840,  0.166094
0.7845,  0.165744
0.7850,  0.167108
0.7855,  0.167141
0.7860,  0.163403
0.7865,  0.163253
0.7870,  0.167558
0.7875,  0.181882
0.7880,  0.199179
0.7885,  0.208979
0.7890,  0.211179
0.7895,  0.208972
0.7900,  0.202272
0.7905,  0.202094
0.7910,  0.198683
0.7915,  0.194626
0.7920,  0.188194
0.7925,  0.181372
0.7930,  0.182589
0.7935,  0.189068
0.7940,  0.188575
0.7945,  0.187521
0.7950,  0.183678
0.7955,  0.187940
0.7960,  0.185994
0.7965,  0.179620
0.7970,  0.173944
0.7975,  0.171346
0.7980,  0.172529
0.7985,  0.179216
0.7990,  0.180342
0.7995,  0.188903
0.8000,  0.189811
0.8005,  0.192854
0.8010,  0.200447
0.8015,  0.201603
0.8020,  0.195510
0.8025,  0.193723
0.8030,  0.187679
0.8035,  0.180612
0.8040,  0.177526
0.8045,  0.175936
0.8050,  0.171599
0.8055,  0.177440
0.8060,  0.182636
0.8065,  0.185401
0.8070,  0.186673
0.8075,  0.186496
0.8080,  0.183656
0.8085,  0.180548
0.8090,  0.179452
0.8095,  0.186133
0.8100,  0.194366
0.8105,  0.208186
0.8110,  0.226423
0.8115,  0.241075
0.8120,  0.258164
0.8125,  0.273097
0.8130,  0.298629
0.8135,  0.323125
0.8140,  0.333363
0.8145,  0.346968
0.8150,  0.367301
0.8155,  0.379688
0.8160,  0.389874
0.8165,  0.401649
0.8170,  0.402542
0.8175,  0.392570
0.8180,  0.382174
0.8185,  0.370085
0.8190,  0.344207
0.8195,  0.322975
0.8200,  0.306486
0.8205,  0.293586
0.8210,  0.306793
0.8215,  0.337593
0.8220,  0.379259
0.8225,  0.402288
0.8230,  0.384637
0.8235,  0.348715
0.8240,  0.319697
0.8245,  0.307636
0.8250,  0.294256
0.8255,  0.284115
0.8260,  0.282855
0.8265,  0.286123
0.8270,  0.294521
0.8275,  0.309669
0.8280,  0.315911
0.8285,  0.310378
0.8290,  0.305718
0.8295,  0.308714
0.8300,  0.308098
0.8305,  0.296559
0.8310,  0.288006
0.8315,  0.276175
0.8320,  0.264607
0.8325,  0.252388
0.8330,  0.243214
0.8335,  0.235682
0.8340,  0.227908
0.8345,  0.223452
0.8350,  0.227607
0.8355,  0.227872
0.8360,  0.226961
0.8365,  0.223768
0.8370,  0.220814
0.8375,  0.211788
0.8380,  0.200156
0.8385,  0.182615
0.8390,  0.168063
0.8395,  0.157468
0.8400,  0.159155
0.8405,  0.163282
0.8410,  0.161845
0.8415,  0.170033
0.8420,  0.169896
0.8425,  0.166978
0.8430,  0.168979
0.8435,  0.165828
0.8440,  0.153482
0.8445,  0.141597
0.8450,  0.136304
0.8455,  0.141121
0.8460,  0.147563
0.8465,  0.161890
0.8470,  0.176726
0.8475,  0.184719
0.8480,  0.194570
0.8485,  0.188291
0.8490,  0.175286
0.8495,  0.157909
0.8500,  0.123725
0.8505,  0.121949
0.8510,  0.125536
0.8515,  0.135519
0.8520,  0.158898
0.8525,  0.154979
0.8530,  0.163476
0.8535,  0.162820
0.8540,  0.139703
0.8545,  0.147142
0.8550,  0.138484
0.8555,  0.139112
0.8560,  0.139574
0.8565,  0.130919
0.8570,  0.131817
0.8575,  0.135968
0.8580,  0.143823
0.8585,  0.151223
0.8590,  0.156967
0.8595,  0.159711
0.8600,  0.151025
0.8605,  0.139852
0.8610,  0.120349
0.8615,  0.118424
0.8620,  0.117255
0.8625,  0.112147
0.8630,  0.117678
0.8635,  0.135184
0.8640,  0.156253
0.8645,  0.152232
0.8650,  0.155007
0.8655,  0.150247
0.8660,  0.114620
0.8665,  0.107559
0.8670,  0.102686
0.8675,  0.100315
0.8680,  0.111049
0.8685,  0.118867
0.8690,  0.121424
0.8695,  0.132149
0.8700,  0.148356
0.8705,  0.160225
0.8710,  0.167438
0.8715,  0.160612
0.8720,  0.160343
0.8725,  0.155748
0.8730,  0.140537
0.8735,  0.128780
0.8740,  0.135803
0.8745,  0.133168
0.8750,  0.142427
0.8755,  0.147931
0.8760,  0.141341
0.8765,  0.128332
0.8770,  0.127942
0.8775,  0.123137
0.8780,  0.127005
0.8785,  0.130858
0.8790,  0.144653
0.8795,  0.143357
0.8800,  0.128987
0.8805,  0.131720
0.8810,  0.137489
0.8815,  0.146975
0.8820,  0.164023
0.8825,  0.164690
0.8830,  0.153505
0.8835,  0.136891
0.8840,  0.136153
0.8845,  0.130634
0.8850,  0.138636
0.8855,  0.133304
0.8860,  0.136287
0.8865,  0.144932
0.8870,  0.152545
0.8875,  0.156810
0.8880,  0.161140
0.8885,  0.173615
0.8890,  0.174632
0.8895,  0.163675
0.8900,  0.153022
