0.3500,  -0.053162
0.3505,  -0.016007
0.3510,  -0.034427
0.3515,  -0.049123
0.3520,  -0.070429
0.3525,  -0.089902
0.3530,  -0.061175
0.3535,  -0.035630
0.3540,  -0.023881
0.3545,  -0.006674
0.3550,  -0.024188
0.3555,  -0.036848
0.3560,  -0.064362
0.3565,  -0.084832
0.3570,  -0.106685
0.3575,  -0.130799
0.3580,  -0.158527
0.3585,  -0.194012
0.3590,  -0.084193
0.3595,  0.002771
0.3600,  -0.007789
0.3605,  -0.017018
0.3610,  -0.047218
0.3615,  -0.076308
0.3620,  -0.050726
0.3625,  -0.022158
0.3630,  -0.026254
0.3635,  -0.031773
0.3640,  -0.037756
0.3645,  -0.046872
0.3650,  -0.024243
0.3655,  -0.001563
0.3660,  0.006232
0.3665,  0.017365
0.3670,  -0.000671
0.3675,  -0.017202
0.3680,  -0.041805
0.3685,  -0.066907
0.3690,  -0.038999
0.3695,  -0.010129
0.3700,  -0.028153
0.3705,  -0.048205
0.3710,  -0.036698
0.3715,  -0.020153
0.3720,  -0.035579
0.3725,  -0.050567
0.3730,  -0.068905
0.3735,  -0.088223
0.3740,  -0.079507
0.3745,  -0.079472
0.3750,  -0.031831
0.3755,  0.008963
0.3760,  0.006599
0.3765,  -0.000548
0.3770,  0.030649
0.3775,  0.058645
0.3780,  0.055958
0.3785,  0.058893
0.3790,  -0.000137
0.3795,  -0.065388
0.3800,  -0.028870
0.3805,  0.008728
0.3810,  -0.010127
0.3815,  -0.020458
0.3820,  -0.072312
0.3825,  -0.138478
0.3830,  -0.152999
0.3835,  -0.177220
0.3840,  -0.074871
0.3845,  0.002957
0.3850,  0.009194
0.3855,  0.017869
0.3860,  0.009148
0.3865,  -0.000026
0.3870,  -0.004820
0.3875,  -0.006768
0.3880,  -0.016067
0.3885,  -0.029942
0.3890,  0.009881
0.3895,  0.041491
0.3900,  0.041368
0.3905,  0.038824
0.3910,  0.047864
0.3915,  0.068174
0.3920,  0.007600
0.3925,  -0.054294
0.3930,  -0.165691
0.3935,  -0.321566
0.3940,  -0.135959
0.3945,  -0.000281
0.3950,  0.070135
0.3955,  0.132961
0.3960,  0.033696
0.3965,  -0.091438
0.3970,  -0.078592
0.3975,  -0.079106
0.3980,  0.041218
0.3985,  0.122008
0.3990,  0.109077
0.3995,  0.101230
0.4000,  0.078769
0.4005,  0.060193
0.4010,  0.054426
0.4015,  0.051269
0.4020,  0.042308
0.4025,  0.038621
0.4030,  0.024344
0.4035,  0.008707
0.4040,  0.004614
0.4045,  0.003754
0.4050,  0.004701
0.4055,  0.006633
0.4060,  -0.003425
0.4065,  -0.013435
0.4070,  -0.004490
0.4075,  0.001571
0.4080,  0.018934
0.4085,  0.036510
0.4090,  0.033350
0.4095,  0.030296
0.4100,  0.001210
0.4105,  -0.033073
0.4110,  0.009084
0.4115,  0.046136
0.4120,  0.035256
0.4125,  0.025544
0.4130,  0.017096
0.4135,  0.009233
0.4140,  0.004563
0.4145,  0.000580
0.4150,  0.000364
0.4155,  -0.000440
0.4160,  0.016478
0.4165,  0.036327
0.4170,  0.014186
0.4175,  -0.013377
0.4180,  -0.009272
0.4185,  -0.002544
0.4190,  0.001589
0.4195,  0.002551
0.4200,  0.010247
0.4205,  0.019199
0.4210,  0.023171
0.4215,  0.029374
0.4220,  -0.001359
0.4225,  -0.031938
0.4230,  -0.007129
0.4235,  0.015900
0.4240,  0.023906
0.4245,  0.031488
0.4250,  0.021995
0.4255,  0.013430
0.4260,  0.015709
0.4265,  0.019393
0.4270,  -0.001701
0.4275,  -0.019295
0.4280,  -0.011978
0.4285,  -0.001509
0.4290,  -0.008480
0.4295,  -0.016259
0.4300,  -0.066664
0.4305,  -0.131358
0.4310,  -0.010844
0.4315,  0.077759
0.4320,  0.056566
0.4325,  0.036145
0.4330,  0.040083
0.4335,  0.044868
0.4340,  0.029288
0.4345,  0.015280
0.4350,  0.016641
0.4355,  0.016865
0.4360,  0.042562
0.4365,  0.068942
0.4370,  0.050422
0.4375,  0.034106
0.4380,  0.002140
0.4385,  -0.034429
0.4390,  0.009393
0.4395,  0.046662
0.4400,  0.026385
0.4405,  0.005007
0.4410,  0.032661
0.4415,  0.055767
0.4420,  0.054655
0.4425,  0.053796
0.4430,  0.037969
0.4435,  0.025565
0.4440,  0.034040
0.4445,  0.044387
0.4450,  0.024236
0.4455,  0.001286
0.4460,  0.010294
0.4465,  0.018747
0.4470,  0.040823
0.4475,  0.061928
0.4480,  0.046056
0.4485,  0.027550
0.4490,  0.028713
0.4495,  0.031184
0.4500,  0.039551
0.4505,  0.049833
0.4510,  0.044845
0.4515,  0.040121
0.4520,  0.021599
0.4525,  0.005333
0.4530,  0.014351
0.4535,  0.022582
0.4540,  0.027694
0.4545,  0.030088
0.4550,  0.034260
0.4555,  0.039185
0.4560,  0.040679
0.4565,  0.044804
0.4570,  0.046404
0.4575,  0.048973
0.4580,  0.034030
0.4585,  0.018712
0.4590,  0.026159
0.4595,  0.031678
0.4600,  0.035525
0.4605,  0.039160
0.4610,  0.039159
0.4615,  0.037569
0.4620,  0.041444
0.4625,  0.046923
0.4630,  0.038234
0.4635,  0.031323
0.4640,  0.026026
0.4645,  0.021315
0.4650,  0.036031
0.4655,  0.049449
0.4660,  0.036392
0.4665,  0.024344
0.4670,  0.041004
0.4675,  0.051909
0.4680,  0.048731
0.4685,  0.047604
0.4690,  0.047332
0.4695,  0.051115
0.4700,  0.039491
0.4705,  0.022534
0.4710,  0.041406
0.4715,  0.059785
0.4720,  0.060107
0.4725,  0.061457
0.4730,  0.055394
0.4735,  0.047629
0.4740,  0.053230
0.4745,  0.059908
0.4750,  0.056148
0.4755,  0.053107
0.4760,  0.046815
0.4765,  0.039638
0.4770,  0.055848
0.4775,  0.070531
0.4780,  0.061143
0.4785,  0.051408
0.4790,  0.059590
0.4795,  0.067131
0.4800,  0.060306
0.4805,  0.055175
0.4810,  0.060897
0.4815,  0.067518
0.4820,  0.060895
0.4825,  0.055291
0.4830,  0.056749
0.4835,  0.059628
0.4840,  0.057859
0.4845,  0.060172
0.4850,  0.051418
0.4855,  0.044486
0.4860,  0.025104
0.4865,  -0.002478
0.4870,  0.031108
0.4875,  0.058839
0.4880,  0.065729
0.4885,  0.071435
0.4890,  0.071072
0.4895,  0.071125
0.4900,  0.072657
0.4905,  0.077552
0.4910,  0.062687
0.4915,  0.048747
0.4920,  0.050852
0.4925,  0.050773
0.4930,  0.047111
0.4935,  0.042702
0.4940,  0.063504
0.4945,  0.083319
0.4950,  0.063645
0.4955,  0.043837
0.4960,  0.056069
0.4965,  0.068096
0.4970,  0.069744
0.4975,  0.073050
0.4980,  0.054370
0.4985,  0.033527
0.4990,  0.050047
0.4995,  0.066961
0.5000,  0.055170
0.5005,  0.043413
0.5010,  0.039598
0.5015,  0.034090
0.5020,  0.046118
0.5025,  0.057880
0.5030,  0.064241
0.5035,  0.069734
0.5040,  0.059717
0.5045,  0.047940
0.5050,  0.060425
0.5055,  0.073442
0.5060,  0.066334
0.5065,  0.061500
0.5070,  0.055323
0.5075,  0.048749
0.5080,  0.050944
0.5085,  0.052354
0.5090,  0.052061
0.5095,  0.051645
0.5100,  0.055317
0.5105,  0.058251
0.5110,  0.064158
0.5115,  0.070184
0.5120,  0.052902
0.5125,  0.037441
0.5130,  0.040445
0.5135,  0.041739
0.5140,  0.046810
0.5145,  0.049692
0.5150,  0.055196
0.5155,  0.065643
0.5160,  0.042493
0.5165,  0.016913
0.5170,  0.034629
0.5175,  0.048776
0.5180,  0.038033
0.5185,  0.022244
0.5190,  0.044156
0.5195,  0.064910
0.5200,  0.058852
0.5205,  0.053133
0.5210,  0.060403
0.5215,  0.069648
0.5220,  0.057292
0.5225,  0.044833
0.5230,  0.052696
0.5235,  0.058205
0.5240,  0.063272
0.5245,  0.071170
0.5250,  0.068876
0.5255,  0.069203
0.5260,  0.038365
0.5265,  0.003586
0.5270,  0.028696
0.5275,  0.049176
0.5280,  0.054179
0.5285,  0.058040
0.5290,  0.057022
0.5295,  0.056222
0.5300,  0.057473
0.5305,  0.059847
0.5310,  0.061155
0.5315,  0.064467
0.5320,  0.041797
0.5325,  0.016943
0.5330,  0.042678
0.5335,  0.064950
0.5340,  0.054089
0.5345,  0.042157
0.5350,  0.058589
0.5355,  0.075657
0.5360,  0.059576
0.5365,  0.043726
0.5370,  0.045967
0.5375,  0.048838
0.5380,  0.053412
0.5385,  0.058366
0.5390,  0.050785
0.5395,  0.043775
0.5400,  0.037454
0.5405,  0.030051
0.5410,  0.047261
0.5415,  0.063471
0.5420,  0.055169
0.5425,  0.046661
0.5430,  0.053549
0.5435,  0.059081
0.5440,  0.057048
0.5445,  0.056298
0.5450,  0.058776
0.5455,  0.061435
0.5460,  0.059112
0.5465,  0.056969
0.5470,  0.051291
0.5475,  0.045093
0.5480,  0.050066
0.5485,  0.053888
0.5490,  0.057610
0.5495,  0.061691
0.5500,  0.057682
0.5505,  0.053799
0.5510,  0.056087
0.5515,  0.057618
0.5520,  0.054018
0.5525,  0.050196
0.5530,  0.054559
0.5535,  0.059387
0.5540,  0.060972
0.5545,  0.062273
0.5550,  0.062701
0.5555,  0.063918
0.5560,  0.055425
0.5565,  0.048107
0.5570,  0.054813
0.5575,  0.061868
0.5580,  0.056807
0.5585,  0.051094
0.5590,  0.055401
0.5595,  0.058548
0.5600,  0.061983
0.5605,  0.064378
0.5610,  0.060654
0.5615,  0.057442
0.5620,  0.060538
0.5625,  0.065094
0.5630,  0.067663
0.5635,  0.070430
0.5640,  0.070556
0.5645,  0.070843
0.5650,  0.064303
0.5655,  0.056502
0.5660,  0.060601
0.5665,  0.063933
0.5670,  0.070969
0.5675,  0.080370
0.5680,  0.070760
0.5685,  0.061078
0.5690,  0.071467
0.5695,  0.081686
0.5700,  0.071102
0.5705,  0.058347
0.5710,  0.064061
0.5715,  0.066985
0.5720,  0.072293
0.5725,  0.078577
0.5730,  0.074556
0.5735,  0.071880
0.5740,  0.071286
0.5745,  0.071364
0.5750,  0.066847
0.5755,  0.062316
0.5760,  0.065216
0.5765,  0.067586
0.5770,  0.070327
0.5775,  0.073465
0.5780,  0.062643
0.5785,  0.050198
0.5790,  0.055052
0.5795,  0.058922
0.5800,  0.058093
0.5805,  0.058305
0.5810,  0.058984
0.5815,  0.060400
0.5820,  0.063321
0.5825,  0.064943
0.5830,  0.062048
0.5835,  0.060115
0.5840,  0.062172
0.5845,  0.065365
0.5850,  0.057384
0.5855,  0.047440
0.5860,  0.056342
0.5865,  0.065036
0.5870,  0.071468
0.5875,  0.081372
0.5880,  0.077736
0.5885,  0.072316
0.5890,  0.057032
0.5895,  0.037225
0.5900,  0.069970
0.5905,  0.098646
0.5910,  0.091827
0.5915,  0.084621
0.5920,  0.082885
0.5925,  0.082578
0.5930,  0.079724
0.5935,  0.078632
0.5940,  0.076062
0.5945,  0.073099
0.5950,  0.075377
0.5955,  0.075714
0.5960,  0.076544
0.5965,  0.078264
0.5970,  0.073159
0.5975,  0.069250
0.5980,  0.066233
0.5985,  0.063844
0.5990,  0.068508
0.5995,  0.073043
0.6000,  0.069899
0.6005,  0.067073
0.6010,  0.068357
0.6015,  0.068323
0.6020,  0.061560
0.6025,  0.053696
0.6030,  0.062078
0.6035,  0.071803
0.6040,  0.070782
0.6045,  0.071625
0.6050,  0.070736
0.6055,  0.068292
0.6060,  0.066383
0.6065,  0.065492
0.6070,  0.066534
0.6075,  0.068231
0.6080,  0.067003
0.6085,  0.066954
0.6090,  0.070820
0.6095,  0.073051
0.6100,  0.065864
0.6105,  0.058130
0.6110,  0.063610
0.6115,  0.070487
0.6120,  0.064775
0.6125,  0.060099
0.6130,  0.059494
0.6135,  0.057133
0.6140,  0.063629
0.6145,  0.070628
0.6150,  0.072626
0.6155,  0.073663
0.6160,  0.057672
0.6165,  0.039674
0.6170,  0.054774
0.6175,  0.070194
0.6180,  0.074191
0.6185,  0.078009
0.6190,  0.077739
0.6195,  0.074300
0.6200,  0.078460
0.6205,  0.081480
0.6210,  0.072853
0.6215,  0.064309
0.6220,  0.068859
0.6225,  0.074765
0.6230,  0.070518
0.6235,  0.065167
0.6240,  0.068124
0.6245,  0.069396
0.6250,  0.066982
0.6255,  0.063597
0.6260,  0.074367
0.6265,  0.085402
0.6270,  0.086660
0.6275,  0.087877
0.6280,  0.091306
0.6285,  0.094666
0.6290,  0.093417
0.6295,  0.091145
0.6300,  0.087234
0.6305,  0.082226
0.6310,  0.076183
0.6315,  0.074086
0.6320,  0.072698
0.6325,  0.073472
0.6330,  0.075497
0.6335,  0.076683
0.6340,  0.077913
0.6345,  0.079535
0.6350,  0.080158
0.6355,  0.080032
0.6360,  0.078217
0.6365,  0.075718
0.6370,  0.073874
0.6375,  0.072595
0.6380,  0.073244
0.6385,  0.074195
0.6390,  0.076439
0.6395,  0.075529
0.6400,  0.074435
0.6405,  0.071490
0.6410,  0.068962
0.6415,  0.068754
0.6420,  0.066645
0.6425,  0.064765
0.6430,  0.064437
0.6435,  0.066213
0.6440,  0.067346
0.6445,  0.070634
0.6450,  0.076720
0.6455,  0.079856
0.6460,  0.081788
0.6465,  0.083248
0.6470,  0.082214
0.6475,  0.080496
0.6480,  0.081420
0.6485,  0.080171
0.6490,  0.075947
0.6495,  0.078069
0.6500,  0.079989
0.6505,  0.083626
0.6510,  0.088087
0.6515,  0.087366
0.6520,  0.085433
0.6525,  0.081495
0.6530,  0.077578
0.6535,  0.071180
0.6540,  0.069553
0.6545,  0.074484
0.6550,  0.083514
0.6555,  0.083589
0.6560,  0.076938
0.6565,  0.058668
0.6570,  0.035131
0.6575,  0.041474
0.6580,  0.048902
0.6585,  0.057554
0.6590,  0.067082
0.6595,  0.063824
0.6600,  0.062191
0.6605,  0.060129
0.6610,  0.058827
0.6615,  0.055968
0.6620,  0.055009
0.6625,  0.056345
0.6630,  0.056860
0.6635,  0.057301
0.6640,  0.056436
0.6645,  0.056615
0.6650,  0.057142
0.6655,  0.055302
0.6660,  0.053497
0.6665,  0.052030
0.6670,  0.049772
0.6675,  0.050534
0.6680,  0.049472
0.6685,  0.051228
0.6690,  0.053244
0.6695,  0.051245
0.6700,  0.049582
0.6705,  0.049732
0.6710,  0.050234
0.6715,  0.053100
0.6720,  0.054469
0.6725,  0.054069
0.6730,  0.052656
0.6735,  0.049946
0.6740,  0.049124
0.6745,  0.048608
0.6750,  0.048617
0.6755,  0.049924
0.6760,  0.050661
0.6765,  0.052948
0.6770,  0.053112
0.6775,  0.051400
0.6780,  0.049731
0.6785,  0.049123
0.6790,  0.049753
0.6795,  0.048223
0.6800,  0.047003
0.6805,  0.046658
0.6810,  0.047286
0.6815,  0.049853
0.6820,  0.053386
0.6825,  0.054287
0.6830,  0.054740
0.6835,  0.055403
0.6840,  0.056620
0.6845,  0.057986
0.6850,  0.061362
0.6855,  0.078503
0.6860,  0.101824
0.6865,  0.125711
0.6870,  0.143458
0.6875,  0.146616
0.6880,  0.143911
0.6885,  0.139987
0.6890,  0.136455
0.6895,  0.131706
0.6900,  0.126820
0.6905,  0.118169
0.6910,  0.112067
0.6915,  0.107082
0.6920,  0.103703
0.6925,  0.102653
0.6930,  0.105834
0.6935,  0.108104
0.6940,  0.107840
0.6945,  0.107218
0.6950,  0.104710
0.6955,  0.098511
0.6960,  0.090293
0.6965,  0.084908
0.6970,  0.079688
0.6975,  0.081251
0.6980,  0.083603
0.6985,  0.087991
0.6990,  0.092398
0.6995,  0.093528
0.7000,  0.092896
0.7005,  0.093626
0.7010,  0.093748
0.7015,  0.096417
0.7020,  0.094648
0.7025,  0.091248
0.7030,  0.086603
0.7035,  0.087881
0.7040,  0.090665
0.7045,  0.094905
0.7050,  0.097968
0.7055,  0.095453
0.7060,  0.092836
0.7065,  0.087904
0.7070,  0.087800
0.7075,  0.085986
0.7080,  0.082462
0.7085,  0.081141
0.7090,  0.079866
0.7095,  0.079062
0.7100,  0.076814
0.7105,  0.075761
0.7110,  0.076250
0.7115,  0.074811
0.7120,  0.074712
0.7125,  0.077262
0.7130,  0.080186
0.7135,  0.081757
0.7140,  0.085018
0.7145,  0.087432
0.7150,  0.091568
0.7155,  0.102869
0.7160,  0.122809
0.7165,  0.145123
0.7170,  0.168275
0.7175,  0.189267
0.7180,  0.207038
0.7185,  0.216770
0.7190,  0.220318
0.7195,  0.220711
0.7200,  0.208993
0.7205,  0.188623
0.7210,  0.168763
0.7215,  0.155771
0.7220,  0.156095
0.7225,  0.164338
0.7230,  0.177383
0.7235,  0.191167
0.7240,  0.203186
0.7245,  0.207026
0.7250,  0.208018
0.7255,  0.204535
0.7260,  0.201576
0.7265,  0.201839
0.7270,  0.199806
0.7275,  0.195295
0.7280,  0.191373
0.7285,  0.185631
0.7290,  0.181634
0.7295,  0.181531
0.7300,  0.178120
0.7305,  0.176185
0.7310,  0.173417
0.7315,  0.165727
0.7320,  0.157157
0.7325,  0.143550
0.7330,  0.132930
0.7335,  0.120299
0.7340,  0.111567
0.7345,  0.105947
0.7350,  0.104914
0.7355,  0.104275
0.7360,  0.101268
0.7365,  0.098375
0.7370,  0.097920
0.7375,  0.094313
0.7380,  0.092646
0.7385,  0.089276
0.7390,  0.085834
0.7395,  0.082310
0.7400,  0.077809
0.7405,  0.075620
0.7410,  0.074448
0.7415,  0.075340
0.7420,  0.076491
0.7425,  0.076032
0.7430,  0.074310
0.7435,  0.070272
0.7440,  0.070075
0.7445,  0.067569
0.7450,  0.066479
0.7455,  0.067609
0.7460,  0.066384
0.7465,  0.067720
0.7470,  0.070684
0.7475,  0.068902
0.7480,  0.068062
0.7485,  0.069696
0.7490,  0.069592
0.7495,  0.072526
0.7500,  0.075376
0.7505,  0.075228
0.7510,  0.071915
0.7515,  0.070753
0.7520,  0.069645
0.7525,  0.068219
0.7530,  0.067433
0.7535,  0.061151
0.7540,  0.058480
0.7545,  0.058063
0.7550,  0.060901
0.7555,  0.063537
0.7560,  0.065446
0.7565,  0.068223
0.7570,  0.069891
0.7575,  0.076887
0.7580,  0.096908
0.7585,  0.138553
0.7590,  0.207621
0.7595,  0.302966
0.7600,  0.402239
0.7605,  0.462771
0.7610,  0.476523
0.7615,  0.459528
0.7620,  0.448346
0.7625,  0.443047
0.7630,  0.428945
0.7635,  0.403851
0.7640,  0.370702
0.7645,  0.327931
0.7650,  0.288449
0.7655,  0.246784
0.7660,  0.209535
0.7665,  0.171489
0.7670,  0.141735
0.7675,  0.121482
0.7680,  0.106229
0.7685,  0.096092
0.7690,  0.091510
0.7695,  0.087503
0.7700,  0.081314
0.7705,  0.077349
0.7710,  0.074399
0.7715,  0.068570
0.7720,  0.067088
0.7725,  0.064966
0.7730,  0.064826
0.7735,  0.063827
0.7740,  0.066464
0.7745,  0.065709
0.7750,  0.067447
0.7755,  0.068584
0.7760,  0.068543
0.7765,  0.070465
0.7770,  0.071569
0.7775,  0.070670
0.7780,  0.069686
0.7785,  0.069911
0.7790,  0.068788
0.7795,  0.070148
0.7800,  0.071517
0.7805,  0.069929
0.7810,  0.068307
0.7815,  0.065872
0.7820,  0.064874
0.7825,  0.064500
0.7830,  0.063070
0.7835,  0.063697
0.7840,  0.063725
0.7845,  0.060807
0.7850,  0.061087
0.7855,  0.058949
0.7860,  0.060653
0.7865,  0.065668
0.7870,  0.070309
0.7875,  0.075219
0.7880,  0.082698
0.7885,  0.082076
0.7890,  0.082162
0.7895,  0.082428
0.7900,  0.081590
0.7905,  0.079262
0.7910,  0.077481
0.7915,  0.077589
0.7920,  0.079438
0.7925,  0.080238
0.7930,  0.078611
0.7935,  0.080314
0.7940,  0.076970
0.7945,  0.074957
0.7950,  0.077382
0.7955,  0.078385
0.7960,  0.080123
0.7965,  0.083747
0.7970,  0.088136
0.7975,  0.087627
0.7980,  0.084472
0.7985,  0.082035
0.7990,  0.080552
0.7995,  0.083099
0.8000,  0.091305
0.8005,  0.097198
0.8010,  0.100544
0.8015,  0.098302
0.8020,  0.093055
0.8025,  0.086774
0.8030,  0.087539
0.8035,  0.089997
0.8040,  0.088564
0.8045,  0.084690
0.8050,  0.083795
0.8055,  0.082328
0.8060,  0.078532
0.8065,  0.075042
0.8070,  0.073554
0.8075,  0.072083
0.8080,  0.070868
0.8085,  0.071200
0.8090,  0.072071
0.8095,  0.080891
0.8100,  0.092678
0.8105,  0.099691
0.8110,  0.108004
0.8115,  0.116019
0.8120,  0.126713
0.8125,  0.137682
0.8130,  0.147900
0.8135,  0.159174
0.8140,  0.171410
0.8145,  0.185787
0.8150,  0.201490
0.8155,  0.210997
0.8160,  0.213688
0.8165,  0.221754
0.8170,  0.227436
0.8175,  0.225176
0.8180,  0.213491
0.8185,  0.197736
0.8190,  0.183369
0.8195,  0.175374
0.8200,  0.161297
0.8205,  0.149562
0.8210,  0.154089
0.8215,  0.171465
0.8220,  0.197788
0.8225,  0.219831
0.8230,  0.218753
0.8235,  0.198864
0.8240,  0.172454
0.8245,  0.155632
0.8250,  0.141041
0.8255,  0.134152
0.8260,  0.138668
0.8265,  0.144561
0.8270,  0.154639
0.8275,  0.169868
0.8280,  0.179387
0.8285,  0.182712
0.8290,  0.175960
0.8295,  0.167980
0.8300,  0.159374
0.8305,  0.156061
0.8310,  0.152582
0.8315,  0.146607
0.8320,  0.138438
0.8325,  0.136557
0.8330,  0.135144
0.8335,  0.134605
0.8340,  0.129344
0.8345,  0.128234
0.8350,  0.121872
0.8355,  0.115493
0.8360,  0.104163
0.8365,  0.093665
0.8370,  0.093830
0.8375,  0.095186
0.8380,  0.092567
0.8385,  0.090257
0.8390,  0.090880
0.8395,  0.087435
0.8400,  0.085234
0.8405,  0.078501
0.8410,  0.074612
0.8415,  0.070846
0.8420,  0.066649
0.8425,  0.064485
0.8430,  0.062601
0.8435,  0.060644
0.8440,  0.058486
0.8445,  0.066322
0.8450,  0.071950
0.8455,  0.070862
0.8460,  0.067900
0.8465,  0.065600
0.8470,  0.062611
0.8475,  0.058873
0.8480,  0.060716
0.8485,  0.061113
0.8490,  0.057833
0.8495,  0.058024
0.8500,  0.048540
0.8505,  0.051395
0.8510,  0.053287
0.8515,  0.056036
0.8520,  0.060968
0.8525,  0.057290
0.8530,  0.053632
0.8535,  0.047480
0.8540,  0.037883
0.8545,  0.053580
0.8550,  0.062072
0.8555,  0.073017
0.8560,  0.078378
0.8565,  0.074225
0.8570,  0.071814
0.8575,  0.068006
0.8580,  0.063741
0.8585,  0.058550
0.8590,  0.050544
0.8595,  0.045475
0.8600,  0.046316
0.8605,  0.053722
0.8610,  0.060982
0.8615,  0.061933
0.8620,  0.059010
0.8625,  0.063438
0.8630,  0.051833
0.8635,  0.048594
0.8640,  0.054042
0.8645,  0.045809
0.8650,  0.036589
0.8655,  0.033517
0.8660,  0.023480
0.8665,  0.035773
0.8670,  0.047875
0.8675,  0.051061
0.8680,  0.047394
0.8685,  0.046055
0.8690,  0.051346
0.8695,  0.055981
0.8700,  0.057716
0.8705,  0.051062
0.8710,  0.054179
0.8715,  0.057477
0.8720,  0.067095
0.8725,  0.071251
0.8730,  0.066798
0.8735,  0.066293
0.8740,  0.069860
0.8745,  0.066116
0.8750,  0.065194
0.8755,  0.062051
0.8760,  0.060199
0.8765,  0.062315
0.8770,  0.067215
0.8775,  0.069582
0.8780,  0.074186
0.8785,  0.069921
0.8790,  0.068358
0.8795,  0.069123
0.8800,  0.069182
0.8805,  0.067714
0.8810,  0.062391
0.8815,  0.052890
0.8820,  0.046993
0.8825,  0.042541
0.8830,  0.041340
0.8835,  0.043076
0.8840,  0.051328
0.8845,  0.056724
0.8850,  0.063193
0.8855,  0.064065
0.8860,  0.062179
0.8865,  0.060171
0.8870,  0.052505
0.8875,  0.050387
0.8880,  0.044834
0.8885,  0.043260
0.8890,  0.049422
0.8895,  0.062237
0.8900,  0.063584
