0.3500,  -0.029876
0.3505,  0.017416
0.3510,  -0.003295
0.3515,  -0.028369
0.3520,  -0.056935
0.3525,  -0.088108
0.3530,  -0.058148
0.3535,  -0.030513
0.3540,  -0.015316
0.3545,  0.010648
0.3550,  -0.004379
0.3555,  -0.013381
0.3560,  -0.041973
0.3565,  -0.064894
0.3570,  -0.084533
0.3575,  -0.112420
0.3580,  -0.146230
0.3585,  -0.190736
0.3590,  -0.074510
0.3595,  0.025331
0.3600,  0.016939
0.3605,  0.010053
0.3610,  -0.025703
0.3615,  -0.068974
0.3620,  -0.039070
0.3625,  -0.009678
0.3630,  -0.016073
0.3635,  -0.019833
0.3640,  -0.023109
0.3645,  -0.030046
0.3650,  -0.004589
0.3655,  0.017570
0.3660,  0.024771
0.3665,  0.035620
0.3670,  0.016873
0.3675,  0.000930
0.3680,  -0.020787
0.3685,  -0.044656
0.3690,  -0.011118
0.3695,  0.022010
0.3700,  -0.000766
0.3705,  -0.023512
0.3710,  -0.008838
0.3715,  0.009479
0.3720,  -0.011020
0.3725,  -0.032425
0.3730,  -0.058574
0.3735,  -0.086027
0.3740,  -0.078796
0.3745,  -0.075954
0.3750,  -0.016213
0.3755,  0.031920
0.3760,  0.028837
0.3765,  0.020294
0.3770,  0.053985
0.3775,  0.083683
0.3780,  0.078828
0.3785,  0.081816
0.3790,  0.015716
0.3795,  -0.056968
0.3800,  -0.017364
0.3805,  0.023887
0.3810,  0.004298
0.3815,  -0.008869
0.3820,  -0.070821
0.3825,  -0.143850
0.3830,  -0.158554
0.3835,  -0.186016
0.3840,  -0.063399
0.3845,  0.028576
0.3850,  0.033822
0.3855,  0.041050
0.3860,  0.031282
0.3865,  0.022416
0.3870,  0.016468
0.3875,  0.010207
0.3880,  -0.003634
0.3885,  -0.019399
0.3890,  0.023783
0.3895,  0.056618
0.3900,  0.055639
0.3905,  0.054801
0.3910,  0.065934
0.3915,  0.089142
0.3920,  0.023164
0.3925,  -0.045574
0.3930,  -0.166015
0.3935,  -0.338593
0.3940,  -0.130872
0.3945,  0.017512
0.3950,  0.094255
0.3955,  0.162766
0.3960,  0.045787
0.3965,  -0.100765
0.3970,  -0.087605
0.3975,  -0.088739
0.3980,  0.047119
0.3985,  0.141244
0.3990,  0.130557
0.3995,  0.125836
0.4000,  0.104732
0.4005,  0.085022
0.4010,  0.077189
0.4015,  0.074029
0.4020,  0.065522
0.4025,  0.060989
0.4030,  0.042771
0.4035,  0.024807
0.4040,  0.021062
0.4045,  0.022152
0.4050,  0.024265
0.4055,  0.026093
0.4060,  0.015329
0.4065,  0.002850
0.4070,  0.008774
0.4075,  0.013987
0.4080,  0.033146
0.4085,  0.051723
0.4090,  0.048225
0.4095,  0.045214
0.4100,  0.012669
0.4105,  -0.023977
0.4110,  0.025719
0.4115,  0.069549
0.4120,  0.059058
0.4125,  0.048161
0.4130,  0.038891
0.4135,  0.031647
0.4140,  0.027031
0.4145,  0.022267
0.4150,  0.021358
0.4155,  0.019286
0.4160,  0.036974
0.4165,  0.056195
0.4170,  0.029732
0.4175,  -0.000706
0.4180,  0.002840
0.4185,  0.008398
0.4190,  0.012771
0.4195,  0.016636
0.4200,  0.027927
0.4205,  0.037409
0.4210,  0.042012
0.4215,  0.049227
0.4220,  0.015360
0.4225,  -0.022594
0.4230,  0.002702
0.4235,  0.027111
0.4240,  0.036829
0.4245,  0.047668
0.4250,  0.036949
0.4255,  0.025719
0.4260,  0.030348
0.4265,  0.036714
0.4270,  0.017638
0.4275,  -0.002918
0.4280,  0.007656
0.4285,  0.018415
0.4290,  0.007130
0.4295,  -0.000306
0.4300,  -0.060793
0.4305,  -0.136817
0.4310,  0.000682
0.4315,  0.101640
0.4320,  0.080311
0.4325,  0.056555
0.4330,  0.059551
0.4335,  0.065653
0.4340,  0.048861
0.4345,  0.031827
0.4350,  0.034658
0.4355,  0.034981
0.4360,  0.062991
0.4365,  0.093208
0.4370,  0.070716
0.4375,  0.051202
0.4380,  0.012979
0.4385,  -0.030175
0.4390,  0.017558
0.4395,  0.060750
0.4400,  0.040238
0.4405,  0.017411
0.4410,  0.049226
0.4415,  0.075688
0.4420,  0.074208
0.4425,  0.072747
0.4430,  0.055852
0.4435,  0.042446
0.4440,  0.051750
0.4445,  0.062545
0.4450,  0.040508
0.4455,  0.014788
0.4460,  0.024461
0.4465,  0.033214
0.4470,  0.057736
0.4475,  0.080458
0.4480,  0.061749
0.4485,  0.041279
0.4490,  0.043724
0.4495,  0.045317
0.4500,  0.056113
0.4505,  0.069554
0.4510,  0.062319
0.4515,  0.056505
0.4520,  0.033959
0.4525,  0.016023
0.4530,  0.024506
0.4535,  0.032108
0.4540,  0.037859
0.4545,  0.041693
0.4550,  0.047980
0.4555,  0.053690
0.4560,  0.056796
0.4565,  0.060570
0.4570,  0.062848
0.4575,  0.065862
0.4580,  0.046813
0.4585,  0.028548
0.4590,  0.036348
0.4595,  0.044188
0.4600,  0.049637
0.4605,  0.052702
0.4610,  0.052819
0.4615,  0.052479
0.4620,  0.058929
0.4625,  0.065529
0.4630,  0.055237
0.4635,  0.048617
0.4640,  0.043057
0.4645,  0.037218
0.4650,  0.052359
0.4655,  0.067359
0.4660,  0.051310
0.4665,  0.036163
0.4670,  0.053177
0.4675,  0.066600
0.4680,  0.062167
0.4685,  0.061323
0.4690,  0.063014
0.4695,  0.066093
0.4700,  0.051476
0.4705,  0.033848
0.4710,  0.055611
0.4715,  0.075710
0.4720,  0.075648
0.4725,  0.075925
0.4730,  0.068868
0.4735,  0.061717
0.4740,  0.068614
0.4745,  0.076975
0.4750,  0.073175
0.4755,  0.070032
0.4760,  0.061655
0.4765,  0.053372
0.4770,  0.072594
0.4775,  0.089966
0.4780,  0.078007
0.4785,  0.065715
0.4790,  0.075204
0.4795,  0.083609
0.4800,  0.076202
0.4805,  0.071275
0.4810,  0.079875
0.4815,  0.088502
0.4820,  0.078545
0.4825,  0.072697
0.4830,  0.074928
0.4835,  0.077955
0.4840,  0.077094
0.4845,  0.078288
0.4850,  0.068619
0.4855,  0.058899
0.4860,  0.035543
0.4865,  0.003732
0.4870,  0.040682
0.4875,  0.073383
0.4880,  0.083051
0.4885,  0.090564
0.4890,  0.089964
0.4895,  0.090167
0.4900,  0.092111
0.4905,  0.097235
0.4910,  0.080274
0.4915,  0.064477
0.4920,  0.066515
0.4925,  0.066598
0.4930,  0.063331
0.4935,  0.058890
0.4940,  0.081403
0.4945,  0.104486
0.4950,  0.081052
0.4955,  0.059266
0.4960,  0.073152
0.4965,  0.086298
0.4970,  0.088346
0.4975,  0.092291
0.4980,  0.070284
0.4985,  0.046265
0.4990,  0.065066
0.4995,  0.085093
0.5000,  0.071928
0.5005,  0.058002
0.5010,  0.054236
0.5015,  0.047581
0.5020,  0.060956
0.5025,  0.075122
0.5030,  0.082063
0.5035,  0.086900
0.5040,  0.074326
0.5045,  0.060552
0.5050,  0.075950
0.5055,  0.090986
0.5060,  0.083700
0.5065,  0.077940
0.5070,  0.070809
0.5075,  0.063831
0.5080,  0.066893
0.5085,  0.068570
0.5090,  0.066890
0.5095,  0.065306
0.5100,  0.068962
0.5105,  0.072395
0.5110,  0.080182
0.5115,  0.088187
0.5120,  0.069406
0.5125,  0.051019
0.5130,  0.054353
0.5135,  0.057111
0.5140,  0.062203
0.5145,  0.065582
0.5150,  0.072852
0.5155,  0.083989
0.5160,  0.056189
0.5165,  0.027680
0.5170,  0.047769
0.5175,  0.063617
0.5180,  0.051481
0.5185,  0.033842
0.5190,  0.058240
0.5195,  0.081045
0.5200,  0.074651
0.5205,  0.068395
0.5210,  0.075224
0.5215,  0.084229
0.5220,  0.069078
0.5225,  0.054504
0.5230,  0.064521
0.5235,  0.071622
0.5240,  0.078648
0.5245,  0.087694
0.5250,  0.084612
0.5255,  0.084820
0.5260,  0.050152
0.5265,  0.011651
0.5270,  0.041621
0.5275,  0.065120
0.5280,  0.070415
0.5285,  0.074842
0.5290,  0.072503
0.5295,  0.070653
0.5300,  0.072331
0.5305,  0.074827
0.5310,  0.075913
0.5315,  0.081138
0.5320,  0.055893
0.5325,  0.027470
0.5330,  0.056182
0.5335,  0.081315
0.5340,  0.068623
0.5345,  0.054867
0.5350,  0.073110
0.5355,  0.091838
0.5360,  0.073039
0.5365,  0.054889
0.5370,  0.057681
0.5375,  0.060557
0.5380,  0.065581
0.5385,  0.072408
0.5390,  0.065394
0.5395,  0.058994
0.5400,  0.052080
0.5405,  0.043315
0.5410,  0.061986
0.5415,  0.078896
0.5420,  0.068182
0.5425,  0.058280
0.5430,  0.066505
0.5435,  0.073477
0.5440,  0.071557
0.5445,  0.069557
0.5450,  0.072774
0.5455,  0.075882
0.5460,  0.072930
0.5465,  0.070580
0.5470,  0.064762
0.5475,  0.058004
0.5480,  0.063095
0.5485,  0.066808
0.5490,  0.070814
0.5495,  0.075622
0.5500,  0.069697
0.5505,  0.064891
0.5510,  0.067341
0.5515,  0.070276
0.5520,  0.067716
0.5525,  0.064193
0.5530,  0.069636
0.5535,  0.073824
0.5540,  0.075585
0.5545,  0.077736
0.5550,  0.078662
0.5555,  0.080564
0.5560,  0.070485
0.5565,  0.060333
0.5570,  0.066913
0.5575,  0.074642
0.5580,  0.068413
0.5585,  0.062313
0.5590,  0.066362
0.5595,  0.069432
0.5600,  0.072813
0.5605,  0.075761
0.5610,  0.072288
0.5615,  0.068214
0.5620,  0.071428
0.5625,  0.075689
0.5630,  0.078414
0.5635,  0.081898
0.5640,  0.082843
0.5645,  0.084062
0.5650,  0.077458
0.5655,  0.069078
0.5660,  0.074372
0.5665,  0.077578
0.5670,  0.086159
0.5675,  0.096129
0.5680,  0.083650
0.5685,  0.072261
0.5690,  0.083315
0.5695,  0.094491
0.5700,  0.081595
0.5705,  0.066547
0.5710,  0.074313
0.5715,  0.078265
0.5720,  0.084947
0.5725,  0.091413
0.5730,  0.085966
0.5735,  0.083926
0.5740,  0.084454
0.5745,  0.085206
0.5750,  0.079778
0.5755,  0.072906
0.5760,  0.074903
0.5765,  0.078045
0.5770,  0.081546
0.5775,  0.085446
0.5780,  0.073378
0.5785,  0.059936
0.5790,  0.066540
0.5795,  0.072250
0.5800,  0.071428
0.5805,  0.071339
0.5810,  0.072661
0.5815,  0.074063
0.5820,  0.075939
0.5825,  0.075929
0.5830,  0.071370
0.5835,  0.068321
0.5840,  0.069424
0.5845,  0.073872
0.5850,  0.065838
0.5855,  0.055399
0.5860,  0.065736
0.5865,  0.076063
0.5870,  0.083001
0.5875,  0.093684
0.5880,  0.089465
0.5885,  0.083623
0.5890,  0.065334
0.5895,  0.040114
0.5900,  0.075194
0.5905,  0.107239
0.5910,  0.100170
0.5915,  0.092756
0.5920,  0.092027
0.5925,  0.091585
0.5930,  0.086931
0.5935,  0.086933
0.5940,  0.084801
0.5945,  0.082603
0.5950,  0.085555
0.5955,  0.085329
0.5960,  0.086425
0.5965,  0.089059
0.5970,  0.084499
0.5975,  0.080682
0.5980,  0.076456
0.5985,  0.072614
0.5990,  0.077519
0.5995,  0.082964
0.6000,  0.080183
0.6005,  0.077074
0.6010,  0.078451
0.6015,  0.078398
0.6020,  0.070232
0.6025,  0.060659
0.6030,  0.069938
0.6035,  0.082207
0.6040,  0.081833
0.6045,  0.082093
0.6050,  0.081867
0.6055,  0.079763
0.6060,  0.078228
0.6065,  0.076102
0.6070,  0.075285
0.6075,  0.076013
0.6080,  0.075128
0.6085,  0.074830
0.6090,  0.077973
0.6095,  0.080667
0.6100,  0.074821
0.6105,  0.068040
0.6110,  0.075622
0.6115,  0.083894
0.6120,  0.078228
0.6125,  0.073408
0.6130,  0.072357
0.6135,  0.070870
0.6140,  0.077773
0.6145,  0.084630
0.6150,  0.086431
0.6155,  0.087953
0.6160,  0.069194
0.6165,  0.048931
0.6170,  0.066678
0.6175,  0.084123
0.6180,  0.087203
0.6185,  0.091068
0.6190,  0.089534
0.6195,  0.084916
0.6200,  0.088712
0.6205,  0.092551
0.6210,  0.083670
0.6215,  0.076047
0.6220,  0.082298
0.6225,  0.088527
0.6230,  0.082488
0.6235,  0.079003
0.6240,  0.082070
0.6245,  0.083136
0.6250,  0.080371
0.6255,  0.076026
0.6260,  0.086559
0.6265,  0.096621
0.6270,  0.096803
0.6275,  0.098142
0.6280,  0.099145
0.6285,  0.101600
0.6290,  0.100849
0.6295,  0.100674
0.6300,  0.099015
0.6305,  0.094020
0.6310,  0.088744
0.6315,  0.086667
0.6320,  0.085530
0.6325,  0.084303
0.6330,  0.084290
0.6335,  0.085362
0.6340,  0.087643
0.6345,  0.090026
0.6350,  0.091293
0.6355,  0.091324
0.6360,  0.089606
0.6365,  0.087699
0.6370,  0.084401
0.6375,  0.082176
0.6380,  0.083024
0.6385,  0.085028
0.6390,  0.087427
0.6395,  0.086498
0.6400,  0.085316
0.6405,  0.083033
0.6410,  0.078633
0.6415,  0.077658
0.6420,  0.076591
0.6425,  0.076254
0.6430,  0.075677
0.6435,  0.077902
0.6440,  0.080033
0.6445,  0.085089
0.6450,  0.091061
0.6455,  0.093330
0.6460,  0.094276
0.6465,  0.093679
0.6470,  0.092426
0.6475,  0.089982
0.6480,  0.086608
0.6485,  0.084262
0.6490,  0.082496
0.6495,  0.086231
0.6500,  0.087367
0.6505,  0.090827
0.6510,  0.096108
0.6515,  0.095778
0.6520,  0.094196
0.6525,  0.090767
0.6530,  0.088792
0.6535,  0.082875
0.6540,  0.081587
0.6545,  0.086730
0.6550,  0.095263
0.6555,  0.095196
0.6560,  0.087410
0.6565,  0.066690
0.6570,  0.038997
0.6575,  0.044986
0.6580,  0.053245
0.6585,  0.063578
0.6590,  0.074474
0.6595,  0.071581
0.6600,  0.067790
0.6605,  0.064916
0.6610,  0.064739
0.6615,  0.062860
0.6620,  0.062821
0.6625,  0.062878
0.6630,  0.062300
0.6635,  0.065617
0.6640,  0.066589
0.6645,  0.065897
0.6650,  0.065012
0.6655,  0.062811
0.6660,  0.060892
0.6665,  0.059354
0.6670,  0.057710
0.6675,  0.057971
0.6680,  0.057355
0.6685,  0.059468
0.6690,  0.061238
0.6695,  0.059979
0.6700,  0.060578
0.6705,  0.060083
0.6710,  0.060676
0.6715,  0.061359
0.6720,  0.060502
0.6725,  0.059054
0.6730,  0.058057
0.6735,  0.056569
0.6740,  0.057299
0.6745,  0.056596
0.6750,  0.055546
0.6755,  0.056652
0.6760,  0.057958
0.6765,  0.060712
0.6770,  0.063778
0.6775,  0.063578
0.6780,  0.062173
0.6785,  0.061368
0.6790,  0.059309
0.6795,  0.057315
0.6800,  0.056469
0.6805,  0.056412
0.6810,  0.056655
0.6815,  0.057174
0.6820,  0.059356
0.6825,  0.060592
0.6830,  0.062088
0.6835,  0.062697
0.6840,  0.062899
0.6845,  0.062330
0.6850,  0.065119
0.6855,  0.082376
0.6860,  0.109133
0.6865,  0.136221
0.6870,  0.155610
0.6875,  0.159993
0.6880,  0.157857
0.6885,  0.151324
0.6890,  0.145964
0.6895,  0.140191
0.6900,  0.133059
0.6905,  0.125456
0.6910,  0.119104
0.6915,  0.114405
0.6920,  0.111983
0.6925,  0.112876
0.6930,  0.115346
0.6935,  0.115865
0.6940,  0.115649
0.6945,  0.114639
0.6950,  0.110687
0.6955,  0.102021
0.6960,  0.093969
0.6965,  0.089754
0.6970,  0.087793
0.6975,  0.089322
0.6980,  0.091953
0.6985,  0.093701
0.6990,  0.097279
0.6995,  0.099449
0.7000,  0.099448
0.7005,  0.098983
0.7010,  0.099083
0.7015,  0.099749
0.7020,  0.099327
0.7025,  0.097480
0.7030,  0.093091
0.7035,  0.092805
0.7040,  0.093586
0.7045,  0.096991
0.7050,  0.099094
0.7055,  0.098113
0.7060,  0.096231
0.7065,  0.092167
0.7070,  0.089722
0.7075,  0.087718
0.7080,  0.086323
0.7085,  0.082531
0.7090,  0.080181
0.7095,  0.081724
0.7100,  0.081213
0.7105,  0.081972
0.7110,  0.084959
0.7115,  0.086731
0.7120,  0.086883
0.7125,  0.088953
0.7130,  0.089224
0.7135,  0.089548
0.7140,  0.090385
0.7145,  0.093451
0.7150,  0.099482
0.7155,  0.110955
0.7160,  0.129482
0.7165,  0.153705
0.7170,  0.179460
0.7175,  0.202175
0.7180,  0.223258
0.7185,  0.237867
0.7190,  0.241009
0.7195,  0.236724
0.7200,  0.222403
0.7205,  0.200278
0.7210,  0.177304
0.7215,  0.159190
0.7220,  0.158540
0.7225,  0.167212
0.7230,  0.183627
0.7235,  0.199088
0.7240,  0.210180
0.7245,  0.214631
0.7250,  0.216284
0.7255,  0.217069
0.7260,  0.214786
0.7265,  0.213141
0.7270,  0.210062
0.7275,  0.206132
0.7280,  0.205411
0.7285,  0.200448
0.7290,  0.195857
0.7295,  0.195126
0.7300,  0.191554
0.7305,  0.189284
0.7310,  0.182698
0.7315,  0.170542
0.7320,  0.157705
0.7325,  0.144992
0.7330,  0.133332
0.7335,  0.123276
0.7340,  0.116041
0.7345,  0.109434
0.7350,  0.106204
0.7355,  0.107627
0.7360,  0.106681
0.7365,  0.105857
0.7370,  0.105519
0.7375,  0.103315
0.7380,  0.101277
0.7385,  0.096846
0.7390,  0.088584
0.7395,  0.082212
0.7400,  0.078962
0.7405,  0.077973
0.7410,  0.075956
0.7415,  0.079161
0.7420,  0.080072
0.7425,  0.078895
0.7430,  0.077206
0.7435,  0.074736
0.7440,  0.073206
0.7445,  0.072320
0.7450,  0.071725
0.7455,  0.071288
0.7460,  0.071261
0.7465,  0.071760
0.7470,  0.071324
0.7475,  0.069249
0.7480,  0.068919
0.7485,  0.070520
0.7490,  0.069779
0.7495,  0.072002
0.7500,  0.070983
0.7505,  0.072442
0.7510,  0.073136
0.7515,  0.069935
0.7520,  0.067630
0.7525,  0.068690
0.7530,  0.069161
0.7535,  0.070696
0.7540,  0.070809
0.7545,  0.069853
0.7550,  0.071750
0.7555,  0.071435
0.7560,  0.070344
0.7565,  0.067349
0.7570,  0.067207
0.7575,  0.070820
0.7580,  0.091841
0.7585,  0.138490
0.7590,  0.219326
0.7595,  0.328095
0.7600,  0.435986
0.7605,  0.497394
0.7610,  0.505794
0.7615,  0.482524
0.7620,  0.467409
0.7625,  0.457414
0.7630,  0.446019
0.7635,  0.423824
0.7640,  0.391566
0.7645,  0.353967
0.7650,  0.307913
0.7655,  0.263022
0.7660,  0.219424
0.7665,  0.176255
0.7670,  0.142706
0.7675,  0.121764
0.7680,  0.107490
0.7685,  0.097368
0.7690,  0.091706
0.7695,  0.086346
0.7700,  0.081130
0.7705,  0.078366
0.7710,  0.077219
0.7715,  0.077532
0.7720,  0.077931
0.7725,  0.075339
0.7730,  0.073756
0.7735,  0.069809
0.7740,  0.061952
0.7745,  0.056744
0.7750,  0.053783
0.7755,  0.055798
0.7760,  0.057752
0.7765,  0.059521
0.7770,  0.065094
0.7775,  0.067003
0.7780,  0.066016
0.7785,  0.066539
0.7790,  0.066492
0.7795,  0.065058
0.7800,  0.064958
0.7805,  0.064725
0.7810,  0.064064
0.7815,  0.060151
0.7820,  0.061965
0.7825,  0.062921
0.7830,  0.060845
0.7835,  0.060131
0.7840,  0.062457
0.7845,  0.062374
0.7850,  0.062633
0.7855,  0.063366
0.7860,  0.063135
0.7865,  0.064237
0.7870,  0.066429
0.7875,  0.071325
0.7880,  0.077999
0.7885,  0.084469
0.7890,  0.091426
0.7895,  0.091912
0.7900,  0.087857
0.7905,  0.086755
0.7910,  0.083770
0.7915,  0.080905
0.7920,  0.079007
0.7925,  0.079679
0.7930,  0.080152
0.7935,  0.081309
0.7940,  0.078218
0.7945,  0.077201
0.7950,  0.075793
0.7955,  0.078460
0.7960,  0.080604
0.7965,  0.080192
0.7970,  0.085179
0.7975,  0.085083
0.7980,  0.083274
0.7985,  0.079484
0.7990,  0.076827
0.7995,  0.078749
0.8000,  0.080698
0.8005,  0.081567
0.8010,  0.082772
0.8015,  0.081651
0.8020,  0.083836
0.8025,  0.084804
0.8030,  0.084177
0.8035,  0.078819
0.8040,  0.074821
0.8045,  0.071782
0.8050,  0.069176
0.8055,  0.067815
0.8060,  0.071188
0.8065,  0.074306
0.8070,  0.078353
0.8075,  0.079056
0.8080,  0.079050
0.8085,  0.076430
0.8090,  0.072437
0.8095,  0.072417
0.8100,  0.075862
0.8105,  0.081128
0.8110,  0.091756
0.8115,  0.103246
0.8120,  0.117022
0.8125,  0.131535
0.8130,  0.144827
0.8135,  0.160551
0.8140,  0.172089
0.8145,  0.182890
0.8150,  0.198940
0.8155,  0.214976
0.8160,  0.223244
0.8165,  0.229359
0.8170,  0.227478
0.8175,  0.222114
0.8180,  0.216842
0.8185,  0.206006
0.8190,  0.188222
0.8195,  0.174389
0.8200,  0.160809
0.8205,  0.151201
0.8210,  0.154177
0.8215,  0.168330
0.8220,  0.191140
0.8225,  0.216782
0.8230,  0.219790
0.8235,  0.199013
0.8240,  0.174036
0.8245,  0.154030
0.8250,  0.138610
0.8255,  0.129181
0.8260,  0.127127
0.8265,  0.133117
0.8270,  0.140414
0.8275,  0.150775
0.8280,  0.160928
0.8285,  0.165539
0.8290,  0.163764
0.8295,  0.157650
0.8300,  0.148353
0.8305,  0.140981
0.8310,  0.135874
0.8315,  0.133793
0.8320,  0.131776
0.8325,  0.132219
0.8330,  0.124128
0.8335,  0.117208
0.8340,  0.113767
0.8345,  0.110300
0.8350,  0.106192
0.8355,  0.100364
0.8360,  0.093699
0.8365,  0.089193
0.8370,  0.085365
0.8375,  0.082227
0.8380,  0.078843
0.8385,  0.075801
0.8390,  0.070837
0.8395,  0.067063
0.8400,  0.068042
0.8405,  0.071750
0.8410,  0.069083
0.8415,  0.065860
0.8420,  0.065500
0.8425,  0.062213
0.8430,  0.059255
0.8435,  0.058361
0.8440,  0.055835
0.8445,  0.056435
0.8450,  0.056796
0.8455,  0.055569
0.8460,  0.055923
0.8465,  0.055574
0.8470,  0.056421
0.8475,  0.054453
0.8480,  0.054626
0.8485,  0.050670
0.8490,  0.047515
0.8495,  0.047020
0.8500,  0.038616
0.8505,  0.043899
0.8510,  0.046128
0.8515,  0.048490
0.8520,  0.053481
0.8525,  0.040676
0.8530,  0.034361
0.8535,  0.033500
0.8540,  0.027199
0.8545,  0.045208
0.8550,  0.046139
0.8555,  0.042471
0.8560,  0.045069
0.8565,  0.038859
0.8570,  0.039783
0.8575,  0.043879
0.8580,  0.047097
0.8585,  0.045194
0.8590,  0.048135
0.8595,  0.042842
0.8600,  0.037210
0.8605,  0.033669
0.8610,  0.038673
0.8615,  0.042467
0.8620,  0.044390
0.8625,  0.039721
0.8630,  0.040821
0.8635,  0.036931
0.8640,  0.034845
0.8645,  0.022356
0.8650,  0.020134
0.8655,  0.018644
0.8660,  0.011146
0.8665,  0.017926
0.8670,  0.020833
0.8675,  0.023590
0.8680,  0.030224
0.8685,  0.029770
0.8690,  0.029074
0.8695,  0.031598
0.8700,  0.037642
0.8705,  0.037768
0.8710,  0.039942
0.8715,  0.038394
0.8720,  0.038589
0.8725,  0.037781
0.8730,  0.041015
0.8735,  0.043508
0.8740,  0.044606
0.8745,  0.042746
0.8750,  0.047426
0.8755,  0.041664
0.8760,  0.033654
0.8765,  0.031478
0.8770,  0.031297
0.8775,  0.031542
0.8780,  0.033127
0.8785,  0.035179
0.8790,  0.034883
0.8795,  0.034656
0.8800,  0.029962
0.8805,  0.023514
0.8810,  0.018063
0.8815,  0.021467
0.8820,  0.019949
0.8825,  0.025054
0.8830,  0.031166
0.8835,  0.038711
0.8840,  0.040168
0.8845,  0.035694
0.8850,  0.031655
0.8855,  0.028992
0.8860,  0.031787
0.8865,  0.036316
0.8870,  0.036995
0.8875,  0.034115
0.8880,  0.031695
0.8885,  0.031159
0.8890,  0.025131
0.8895,  0.026650
0.8900,  0.035443
