0.3500,  0.511008
0.3505,  0.567622
0.3510,  0.531659
0.3515,  0.492974
0.3520,  0.446239
0.3525,  0.396097
0.3530,  0.440873
0.3535,  0.483177
0.3540,  0.502803
0.3545,  0.526900
0.3550,  0.504361
0.3555,  0.486775
0.3560,  0.445272
0.3565,  0.400104
0.3570,  0.369835
0.3575,  0.335924
0.3580,  0.286854
0.3585,  0.225277
0.3590,  0.409972
0.3595,  0.564388
0.3600,  0.550987
0.3605,  0.543515
0.3610,  0.486949
0.3615,  0.429148
0.3620,  0.476145
0.3625,  0.512161
0.3630,  0.494827
0.3635,  0.472729
0.3640,  0.456474
0.3645,  0.434170
0.3650,  0.454337
0.3655,  0.475981
0.3660,  0.476379
0.3665,  0.487689
0.3670,  0.460430
0.3675,  0.431430
0.3680,  0.394569
0.3685,  0.358815
0.3690,  0.405296
0.3695,  0.451874
0.3700,  0.416595
0.3705,  0.375555
0.3710,  0.390866
0.3715,  0.413553
0.3720,  0.377585
0.3725,  0.343058
0.3730,  0.308219
0.3735,  0.273006
0.3740,  0.288499
0.3745,  0.297172
0.3750,  0.389033
0.3755,  0.466447
0.3760,  0.466367
0.3765,  0.445496
0.3770,  0.481388
0.3775,  0.516386
0.3780,  0.499552
0.3785,  0.491600
0.3790,  0.385517
0.3795,  0.273067
0.3800,  0.328888
0.3805,  0.393385
0.3810,  0.371013
0.3815,  0.359439
0.3820,  0.285010
0.3825,  0.198109
0.3830,  0.191422
0.3835,  0.162838
0.3840,  0.339063
0.3845,  0.462594
0.3850,  0.463463
0.3855,  0.464860
0.3860,  0.443771
0.3865,  0.427258
0.3870,  0.414326
0.3875,  0.400636
0.3880,  0.376809
0.3885,  0.355192
0.3890,  0.418620
0.3895,  0.465452
0.3900,  0.459203
0.3905,  0.452504
0.3910,  0.460576
0.3915,  0.487575
0.3920,  0.393878
0.3925,  0.299801
0.3930,  0.127656
0.3935,  -0.123638
0.3940,  0.175133
0.3945,  0.385550
0.3950,  0.491319
0.3955,  0.592208
0.3960,  0.429403
0.3965,  0.220401
0.3970,  0.242127
0.3975,  0.236087
0.3980,  0.416300
0.3985,  0.536598
0.3990,  0.506814
0.3995,  0.487142
0.4000,  0.446353
0.4005,  0.406737
0.4010,  0.385925
0.4015,  0.373923
0.4020,  0.353305
0.4025,  0.343267
0.4030,  0.317857
0.4035,  0.295166
0.4040,  0.292625
0.4045,  0.295066
0.4050,  0.295301
0.4055,  0.289511
0.4060,  0.268677
0.4065,  0.250240
0.4070,  0.261240
0.4075,  0.269632
0.4080,  0.296312
0.4085,  0.322868
0.4090,  0.318763
0.4095,  0.317522
0.4100,  0.274417
0.4105,  0.221407
0.4110,  0.289096
0.4115,  0.348986
0.4120,  0.332908
0.4125,  0.317774
0.4130,  0.304341
0.4135,  0.290306
0.4140,  0.279697
0.4145,  0.267241
0.4150,  0.261735
0.4155,  0.256548
0.4160,  0.277987
0.4165,  0.302565
0.4170,  0.263441
0.4175,  0.220013
0.4180,  0.227706
0.4185,  0.241306
0.4190,  0.251768
0.4195,  0.254199
0.4200,  0.269691
0.4205,  0.282922
0.4210,  0.288617
0.4215,  0.297251
0.4220,  0.248030
0.4225,  0.191233
0.4230,  0.230757
0.4235,  0.273649
0.4240,  0.289359
0.4245,  0.306323
0.4250,  0.288822
0.4255,  0.270326
0.4260,  0.273308
0.4265,  0.281659
0.4270,  0.250588
0.4275,  0.219290
0.4280,  0.228905
0.4285,  0.244900
0.4290,  0.232618
0.4295,  0.223830
0.4300,  0.142856
0.4305,  0.037624
0.4310,  0.236385
0.4315,  0.388784
0.4320,  0.360662
0.4325,  0.325259
0.4330,  0.324934
0.4335,  0.324431
0.4340,  0.291571
0.4345,  0.260784
0.4350,  0.259603
0.4355,  0.257813
0.4360,  0.294203
0.4365,  0.333277
0.4370,  0.299851
0.4375,  0.271081
0.4380,  0.217477
0.4385,  0.156751
0.4390,  0.228868
0.4395,  0.290817
0.4400,  0.258649
0.4405,  0.221857
0.4410,  0.263225
0.4415,  0.297508
0.4420,  0.294910
0.4425,  0.294424
0.4430,  0.271209
0.4435,  0.250324
0.4440,  0.261532
0.4445,  0.274728
0.4450,  0.240749
0.4455,  0.202392
0.4460,  0.218981
0.4465,  0.233710
0.4470,  0.268930
0.4475,  0.302985
0.4480,  0.275017
0.4485,  0.243288
0.4490,  0.245042
0.4495,  0.244719
0.4500,  0.260890
0.4505,  0.278372
0.4510,  0.266768
0.4515,  0.256758
0.4520,  0.223730
0.4525,  0.192816
0.4530,  0.206530
0.4535,  0.220690
0.4540,  0.227067
0.4545,  0.231244
0.4550,  0.243212
0.4555,  0.254180
0.4560,  0.255686
0.4565,  0.260305
0.4570,  0.261484
0.4575,  0.263471
0.4580,  0.235414
0.4585,  0.208893
0.4590,  0.219798
0.4595,  0.230030
0.4600,  0.238937
0.4605,  0.246065
0.4610,  0.244489
0.4615,  0.240528
0.4620,  0.246061
0.4625,  0.253022
0.4630,  0.236845
0.4635,  0.227799
0.4640,  0.220801
0.4645,  0.211866
0.4650,  0.232112
0.4655,  0.254358
0.4660,  0.231870
0.4665,  0.210281
0.4670,  0.233460
0.4675,  0.251501
0.4680,  0.245283
0.4685,  0.244247
0.4690,  0.248887
0.4695,  0.253099
0.4700,  0.231961
0.4705,  0.209458
0.4710,  0.239896
0.4715,  0.267669
0.4720,  0.264143
0.4725,  0.261642
0.4730,  0.246960
0.4735,  0.234063
0.4740,  0.244376
0.4745,  0.255451
0.4750,  0.246434
0.4755,  0.238513
0.4760,  0.226655
0.4765,  0.213651
0.4770,  0.240161
0.4775,  0.265386
0.4780,  0.247123
0.4785,  0.229365
0.4790,  0.242388
0.4795,  0.255391
0.4800,  0.244496
0.4805,  0.237128
0.4810,  0.248371
0.4815,  0.259316
0.4820,  0.241308
0.4825,  0.228988
0.4830,  0.228630
0.4835,  0.231096
0.4840,  0.228301
0.4845,  0.231281
0.4850,  0.217245
0.4855,  0.205151
0.4860,  0.172558
0.4865,  0.126156
0.4870,  0.181095
0.4875,  0.226994
0.4880,  0.238107
0.4885,  0.247519
0.4890,  0.247093
0.4895,  0.247944
0.4900,  0.250327
0.4905,  0.257602
0.4910,  0.233000
0.4915,  0.206950
0.4920,  0.207989
0.4925,  0.207433
0.4930,  0.201743
0.4935,  0.192707
0.4940,  0.223497
0.4945,  0.254541
0.4950,  0.220422
0.4955,  0.186951
0.4960,  0.206203
0.4965,  0.224019
0.4970,  0.224706
0.4975,  0.230233
0.4980,  0.199725
0.4985,  0.166324
0.4990,  0.194143
0.4995,  0.222225
0.5000,  0.201892
0.5005,  0.180248
0.5010,  0.173593
0.5015,  0.163675
0.5020,  0.182858
0.5025,  0.201107
0.5030,  0.210041
0.5035,  0.217179
0.5040,  0.201161
0.5045,  0.181365
0.5050,  0.203655
0.5055,  0.226744
0.5060,  0.214492
0.5065,  0.203379
0.5070,  0.192395
0.5075,  0.182811
0.5080,  0.187702
0.5085,  0.189967
0.5090,  0.188093
0.5095,  0.186837
0.5100,  0.192593
0.5105,  0.197902
0.5110,  0.208292
0.5115,  0.218405
0.5120,  0.191023
0.5125,  0.164611
0.5130,  0.168667
0.5135,  0.169367
0.5140,  0.175730
0.5145,  0.180636
0.5150,  0.189519
0.5155,  0.204155
0.5160,  0.164913
0.5165,  0.124331
0.5170,  0.154998
0.5175,  0.179891
0.5180,  0.163040
0.5185,  0.139577
0.5190,  0.177417
0.5195,  0.211640
0.5200,  0.201178
0.5205,  0.190111
0.5210,  0.198773
0.5215,  0.210597
0.5220,  0.186703
0.5225,  0.163358
0.5230,  0.177447
0.5235,  0.188620
0.5240,  0.197288
0.5245,  0.208664
0.5250,  0.203236
0.5255,  0.204355
0.5260,  0.153833
0.5265,  0.097866
0.5270,  0.143043
0.5275,  0.177960
0.5280,  0.184983
0.5285,  0.190245
0.5290,  0.186138
0.5295,  0.182504
0.5300,  0.185115
0.5305,  0.189299
0.5310,  0.189776
0.5315,  0.195320
0.5320,  0.156699
0.5325,  0.115326
0.5330,  0.159578
0.5335,  0.198211
0.5340,  0.180348
0.5345,  0.159221
0.5350,  0.183763
0.5355,  0.208822
0.5360,  0.180451
0.5365,  0.154520
0.5370,  0.159588
0.5375,  0.163661
0.5380,  0.172116
0.5385,  0.181748
0.5390,  0.169832
0.5395,  0.159226
0.5400,  0.148521
0.5405,  0.136916
0.5410,  0.165404
0.5415,  0.190670
0.5420,  0.175597
0.5425,  0.160933
0.5430,  0.172192
0.5435,  0.179840
0.5440,  0.176457
0.5445,  0.175220
0.5450,  0.180668
0.5455,  0.185619
0.5460,  0.181730
0.5465,  0.178280
0.5470,  0.169175
0.5475,  0.157995
0.5480,  0.163372
0.5485,  0.168563
0.5490,  0.175174
0.5495,  0.182187
0.5500,  0.173146
0.5505,  0.166258
0.5510,  0.170209
0.5515,  0.172960
0.5520,  0.169764
0.5525,  0.164467
0.5530,  0.171344
0.5535,  0.178275
0.5540,  0.180677
0.5545,  0.183662
0.5550,  0.184091
0.5555,  0.186308
0.5560,  0.171879
0.5565,  0.158961
0.5570,  0.169029
0.5575,  0.181029
0.5580,  0.173413
0.5585,  0.162595
0.5590,  0.168712
0.5595,  0.173431
0.5600,  0.178214
0.5605,  0.182837
0.5610,  0.177846
0.5615,  0.173644
0.5620,  0.179146
0.5625,  0.183862
0.5630,  0.186550
0.5635,  0.188422
0.5640,  0.187987
0.5645,  0.189780
0.5650,  0.181438
0.5655,  0.168817
0.5660,  0.173734
0.5665,  0.179814
0.5670,  0.193433
0.5675,  0.207443
0.5680,  0.190680
0.5685,  0.173667
0.5690,  0.188813
0.5695,  0.204484
0.5700,  0.185118
0.5705,  0.162702
0.5710,  0.175012
0.5715,  0.180795
0.5720,  0.190133
0.5725,  0.200763
0.5730,  0.193325
0.5735,  0.189004
0.5740,  0.187668
0.5745,  0.187990
0.5750,  0.180369
0.5755,  0.171126
0.5760,  0.174370
0.5765,  0.179329
0.5770,  0.182200
0.5775,  0.188600
0.5780,  0.173774
0.5785,  0.154893
0.5790,  0.163567
0.5795,  0.171179
0.5800,  0.170776
0.5805,  0.171479
0.5810,  0.173193
0.5815,  0.175490
0.5820,  0.178580
0.5825,  0.180404
0.5830,  0.174283
0.5835,  0.170110
0.5840,  0.170956
0.5845,  0.176251
0.5850,  0.163472
0.5855,  0.148407
0.5860,  0.163817
0.5865,  0.177821
0.5870,  0.185534
0.5875,  0.198355
0.5880,  0.190062
0.5885,  0.182148
0.5890,  0.155956
0.5895,  0.121164
0.5900,  0.173553
0.5905,  0.219527
0.5910,  0.208766
0.5915,  0.196868
0.5920,  0.196373
0.5925,  0.196437
0.5930,  0.189245
0.5935,  0.187388
0.5940,  0.184211
0.5945,  0.180796
0.5950,  0.185568
0.5955,  0.187647
0.5960,  0.191221
0.5965,  0.195107
0.5970,  0.188171
0.5975,  0.183522
0.5980,  0.178993
0.5985,  0.176010
0.5990,  0.185669
0.5995,  0.193527
0.6000,  0.189256
0.6005,  0.185618
0.6010,  0.188862
0.6015,  0.188742
0.6020,  0.177259
0.6025,  0.164326
0.6030,  0.178099
0.6035,  0.192172
0.6040,  0.188463
0.6045,  0.189011
0.6050,  0.187950
0.6055,  0.184462
0.6060,  0.180766
0.6065,  0.178108
0.6070,  0.180359
0.6075,  0.184763
0.6080,  0.185575
0.6085,  0.185554
0.6090,  0.190084
0.6095,  0.191819
0.6100,  0.182451
0.6105,  0.171744
0.6110,  0.181957
0.6115,  0.194000
0.6120,  0.186317
0.6125,  0.179861
0.6130,  0.178818
0.6135,  0.175759
0.6140,  0.185315
0.6145,  0.197097
0.6150,  0.201973
0.6155,  0.205714
0.6160,  0.177711
0.6165,  0.146592
0.6170,  0.172011
0.6175,  0.196653
0.6180,  0.203232
0.6185,  0.206190
0.6190,  0.202834
0.6195,  0.198304
0.6200,  0.205325
0.6205,  0.212419
0.6210,  0.201046
0.6215,  0.190749
0.6220,  0.199516
0.6225,  0.208829
0.6230,  0.197682
0.6235,  0.192560
0.6240,  0.197624
0.6245,  0.199327
0.6250,  0.192861
0.6255,  0.184053
0.6260,  0.198315
0.6265,  0.213351
0.6270,  0.214634
0.6275,  0.216140
0.6280,  0.220455
0.6285,  0.226723
0.6290,  0.227226
0.6295,  0.227205
0.6300,  0.223329
0.6305,  0.215536
0.6310,  0.208446
0.6315,  0.203855
0.6320,  0.199977
0.6325,  0.200433
0.6330,  0.204534
0.6335,  0.207841
0.6340,  0.210630
0.6345,  0.213799
0.6350,  0.215994
0.6355,  0.218000
0.6360,  0.217220
0.6365,  0.210960
0.6370,  0.205561
0.6375,  0.201834
0.6380,  0.201374
0.6385,  0.204401
0.6390,  0.209307
0.6395,  0.207450
0.6400,  0.207383
0.6405,  0.202762
0.6410,  0.198263
0.6415,  0.200217
0.6420,  0.198774
0.6425,  0.195610
0.6430,  0.193288
0.6435,  0.196214
0.6440,  0.200720
0.6445,  0.207658
0.6450,  0.213112
0.6455,  0.213318
0.6460,  0.213294
0.6465,  0.214268
0.6470,  0.214631
0.6475,  0.211821
0.6480,  0.210146
0.6485,  0.206415
0.6490,  0.202724
0.6495,  0.210049
0.6500,  0.216381
0.6505,  0.226024
0.6510,  0.233498
0.6515,  0.230781
0.6520,  0.228145
0.6525,  0.222469
0.6530,  0.218834
0.6535,  0.207782
0.6540,  0.204792
0.6545,  0.208930
0.6550,  0.220285
0.6555,  0.225681
0.6560,  0.216912
0.6565,  0.192641
0.6570,  0.157083
0.6575,  0.167886
0.6580,  0.179744
0.6585,  0.190706
0.6590,  0.203727
0.6595,  0.197179
0.6600,  0.192500
0.6605,  0.191930
0.6610,  0.192360
0.6615,  0.188302
0.6620,  0.188292
0.6625,  0.189048
0.6630,  0.187884
0.6635,  0.191970
0.6640,  0.192897
0.6645,  0.195446
0.6650,  0.195444
0.6655,  0.190754
0.6660,  0.186898
0.6665,  0.184880
0.6670,  0.180995
0.6675,  0.181107
0.6680,  0.183299
0.6685,  0.187419
0.6690,  0.190380
0.6695,  0.186864
0.6700,  0.186278
0.6705,  0.186380
0.6710,  0.185775
0.6715,  0.188835
0.6720,  0.188199
0.6725,  0.187722
0.6730,  0.186229
0.6735,  0.183640
0.6740,  0.182299
0.6745,  0.181502
0.6750,  0.183290
0.6755,  0.186184
0.6760,  0.187667
0.6765,  0.189944
0.6770,  0.190245
0.6775,  0.190708
0.6780,  0.188394
0.6785,  0.188774
0.6790,  0.189236
0.6795,  0.192211
0.6800,  0.194720
0.6805,  0.192174
0.6810,  0.191310
0.6815,  0.189796
0.6820,  0.193257
0.6825,  0.196179
0.6830,  0.201160
0.6835,  0.203783
0.6840,  0.200578
0.6845,  0.204044
0.6850,  0.210561
0.6855,  0.235257
0.6860,  0.271103
0.6865,  0.308644
0.6870,  0.332212
0.6875,  0.340701
0.6880,  0.341055
0.6885,  0.334924
0.6890,  0.331464
0.6895,  0.325561
0.6900,  0.313056
0.6905,  0.301202
0.6910,  0.285148
0.6915,  0.274283
0.6920,  0.267788
0.6925,  0.267706
0.6930,  0.270378
0.6935,  0.270367
0.6940,  0.268796
0.6945,  0.266807
0.6950,  0.264625
0.6955,  0.257691
0.6960,  0.248235
0.6965,  0.244491
0.6970,  0.242336
0.6975,  0.247337
0.6980,  0.252170
0.6985,  0.257067
0.6990,  0.262760
0.6995,  0.263727
0.7000,  0.261627
0.7005,  0.255248
0.7010,  0.250794
0.7015,  0.255404
0.7020,  0.256783
0.7025,  0.257112
0.7030,  0.255479
0.7035,  0.260005
0.7040,  0.265439
0.7045,  0.268075
0.7050,  0.270555
0.7055,  0.264713
0.7060,  0.260691
0.7065,  0.257231
0.7070,  0.253583
0.7075,  0.252535
0.7080,  0.250479
0.7085,  0.246459
0.7090,  0.246008
0.7095,  0.248385
0.7100,  0.248992
0.7105,  0.246425
0.7110,  0.246050
0.7115,  0.247816
0.7120,  0.248932
0.7125,  0.255009
0.7130,  0.254678
0.7135,  0.253667
0.7140,  0.257021
0.7145,  0.258106
0.7150,  0.265694
0.7155,  0.280723
0.7160,  0.308559
0.7165,  0.338019
0.7170,  0.370933
0.7175,  0.400376
0.7180,  0.423800
0.7185,  0.442851
0.7190,  0.451571
0.7195,  0.451881
0.7200,  0.437142
0.7205,  0.416716
0.7210,  0.390506
0.7215,  0.367843
0.7220,  0.363670
0.7225,  0.375868
0.7230,  0.392750
0.7235,  0.408359
0.7240,  0.421344
0.7245,  0.428832
0.7250,  0.432467
0.7255,  0.428432
0.7260,  0.428346
0.7265,  0.426272
0.7270,  0.426013
0.7275,  0.420967
0.7280,  0.421710
0.7285,  0.420880
0.7290,  0.418839
0.7295,  0.417063
0.7300,  0.411574
0.7305,  0.406753
0.7310,  0.400776
0.7315,  0.389752
0.7320,  0.373382
0.7325,  0.352545
0.7330,  0.334183
0.7335,  0.320302
0.7340,  0.309058
0.7345,  0.306386
0.7350,  0.307885
0.7355,  0.310752
0.7360,  0.311026
0.7365,  0.309805
0.7370,  0.304969
0.7375,  0.297570
0.7380,  0.288265
0.7385,  0.285702
0.7390,  0.278231
0.7395,  0.275163
0.7400,  0.275142
0.7405,  0.274284
0.7410,  0.270219
0.7415,  0.272972
0.7420,  0.274604
0.7425,  0.277398
0.7430,  0.279452
0.7435,  0.273850
0.7440,  0.269671
0.7445,  0.266231
0.7450,  0.266625
0.7455,  0.271356
0.7460,  0.270549
0.7465,  0.276198
0.7470,  0.282402
0.7475,  0.282765
0.7480,  0.281353
0.7485,  0.277599
0.7490,  0.272846
0.7495,  0.271665
0.7500,  0.271660
0.7505,  0.277971
0.7510,  0.284553
0.7515,  0.290774
0.7520,  0.293971
0.7525,  0.286851
0.7530,  0.278522
0.7535,  0.272837
0.7540,  0.270190
0.7545,  0.270776
0.7550,  0.275505
0.7555,  0.276319
0.7560,  0.281189
0.7565,  0.284061
0.7570,  0.283495
0.7575,  0.292249
0.7580,  0.318428
0.7585,  0.382729
0.7590,  0.508544
0.7595,  0.681883
0.7600,  0.883057
0.7605,  1.019775
0.7610,  1.052273
0.7615,  1.021382
0.7620,  0.976994
0.7625,  0.961995
0.7630,  0.952958
0.7635,  0.912339
0.7640,  0.854387
0.7645,  0.785459
0.7650,  0.714522
0.7655,  0.640817
0.7660,  0.565341
0.7665,  0.493007
0.7670,  0.435390
0.7675,  0.388917
0.7680,  0.355813
0.7685,  0.338916
0.7690,  0.335183
0.7695,  0.331476
0.7700,  0.322801
0.7705,  0.316653
0.7710,  0.312915
0.7715,  0.306743
0.7720,  0.305122
0.7725,  0.304985
0.7730,  0.305135
0.7735,  0.309135
0.7740,  0.308126
0.7745,  0.307737
0.7750,  0.305155
0.7755,  0.308190
0.7760,  0.312497
0.7765,  0.313775
0.7770,  0.314701
0.7775,  0.309664
0.7780,  0.309308
0.7785,  0.307938
0.7790,  0.306082
0.7795,  0.307133
0.7800,  0.305419
0.7805,  0.305959
0.7810,  0.318474
0.7815,  0.321355
0.7820,  0.323879
0.7825,  0.328331
0.7830,  0.329691
0.7835,  0.331823
0.7840,  0.329917
0.7845,  0.324840
0.7850,  0.316620
0.7855,  0.317378
0.7860,  0.317816
0.7865,  0.319161
0.7870,  0.321706
0.7875,  0.328604
0.7880,  0.344293
0.7885,  0.350603
0.7890,  0.357373
0.7895,  0.355149
0.7900,  0.345702
0.7905,  0.340683
0.7910,  0.342287
0.7915,  0.349227
0.7920,  0.360927
0.7925,  0.361217
0.7930,  0.360062
0.7935,  0.355022
0.7940,  0.352844
0.7945,  0.353090
0.7950,  0.348490
0.7955,  0.357091
0.7960,  0.361896
0.7965,  0.360040
0.7970,  0.354990
0.7975,  0.351838
0.7980,  0.351534
0.7985,  0.361549
0.7990,  0.366285
0.7995,  0.374168
0.8000,  0.382045
0.8005,  0.384156
0.8010,  0.387387
0.8015,  0.381201
0.8020,  0.376391
0.8025,  0.378579
0.8030,  0.378051
0.8035,  0.384666
0.8040,  0.381212
0.8045,  0.378897
0.8050,  0.377284
0.8055,  0.388409
0.8060,  0.383749
0.8065,  0.371079
0.8070,  0.364890
0.8075,  0.363190
0.8080,  0.367223
0.8085,  0.367319
0.8090,  0.368027
0.8095,  0.372311
0.8100,  0.375629
0.8105,  0.380335
0.8110,  0.386812
0.8115,  0.403834
0.8120,  0.421924
0.8125,  0.447452
0.8130,  0.464142
0.8135,  0.487425
0.8140,  0.510935
0.8145,  0.531384
0.8150,  0.553382
0.8155,  0.572212
0.8160,  0.589161
0.8165,  0.609847
0.8170,  0.614969
0.8175,  0.615345
0.8180,  0.612494
0.8185,  0.598326
0.8190,  0.573692
0.8195,  0.551674
0.8200,  0.542812
0.8205,  0.539586
0.8210,  0.541196
0.8215,  0.559880
0.8220,  0.596135
0.8225,  0.649069
0.8230,  0.652613
0.8235,  0.619500
0.8240,  0.570718
0.8245,  0.538025
0.8250,  0.518599
0.8255,  0.511928
0.8260,  0.510480
0.8265,  0.518759
0.8270,  0.532741
0.8275,  0.546922
0.8280,  0.572642
0.8285,  0.567615
0.8290,  0.565099
0.8295,  0.556105
0.8300,  0.538816
0.8305,  0.532373
0.8310,  0.519816
0.8315,  0.519101
0.8320,  0.534998
0.8325,  0.523118
0.8330,  0.521121
0.8335,  0.517571
0.8340,  0.509627
0.8345,  0.505745
0.8350,  0.485495
0.8355,  0.474281
0.8360,  0.465928
0.8365,  0.466167
0.8370,  0.463717
0.8375,  0.471466
0.8380,  0.464308
0.8385,  0.473011
0.8390,  0.465252
0.8395,  0.455889
0.8400,  0.430662
0.8405,  0.429006
0.8410,  0.431615
0.8415,  0.441609
0.8420,  0.434298
0.8425,  0.436540
0.8430,  0.441984
0.8435,  0.438817
0.8440,  0.447247
0.8445,  0.438051
0.8450,  0.426587
0.8455,  0.423929
0.8460,  0.426133
0.8465,  0.431665
0.8470,  0.434304
0.8475,  0.447873
0.8480,  0.457458
0.8485,  0.461768
0.8490,  0.456986
0.8495,  0.454845
0.8500,  0.445122
0.8505,  0.453649
0.8510,  0.444122
0.8515,  0.449039
0.8520,  0.454081
0.8525,  0.443769
0.8530,  0.446779
0.8535,  0.459898
0.8540,  0.460913
0.8545,  0.491501
0.8550,  0.506811
0.8555,  0.498013
0.8560,  0.492172
0.8565,  0.470406
0.8570,  0.469297
0.8575,  0.465999
0.8580,  0.476976
0.8585,  0.487003
0.8590,  0.494798
0.8595,  0.514184
0.8600,  0.528225
0.8605,  0.506087
0.8610,  0.509387
0.8615,  0.502962
0.8620,  0.490920
0.8625,  0.485027
0.8630,  0.474850
0.8635,  0.465396
0.8640,  0.466990
0.8645,  0.477157
0.8650,  0.498380
0.8655,  0.529571
0.8660,  0.527268
0.8665,  0.544281
0.8670,  0.545967
0.8675,  0.531432
0.8680,  0.504757
0.8685,  0.506196
0.8690,  0.521227
0.8695,  0.532913
0.8700,  0.548850
0.8705,  0.550342
0.8710,  0.553270
0.8715,  0.551469
0.8720,  0.557656
0.8725,  0.550932
0.8730,  0.560672
0.8735,  0.554054
0.8740,  0.566733
0.8745,  0.566896
0.8750,  0.557224
0.8755,  0.577891
0.8760,  0.601221
0.8765,  0.605462
0.8770,  0.603900
0.8775,  0.603279
0.8780,  0.601812
0.8785,  0.598937
0.8790,  0.568079
0.8795,  0.556050
0.8800,  0.543411
0.8805,  0.577323
0.8810,  0.584582
0.8815,  0.597912
0.8820,  0.611707
0.8825,  0.598095
0.8830,  0.603886
0.8835,  0.595460
0.8840,  0.585691
0.8845,  0.570993
0.8850,  0.584128
0.8855,  0.594674
0.8860,  0.618946
0.8865,  0.615139
0.8870,  0.634520
0.8875,  0.650719
0.8880,  0.640158
0.8885,  0.643635
0.8890,  0.625815
0.8895,  0.629931
0.8900,  0.616832
