0.3500,  0.277400
0.3505,  0.332819
0.3510,  0.303242
0.3515,  0.262190
0.3520,  0.222300
0.3525,  0.185184
0.3530,  0.233617
0.3535,  0.283487
0.3540,  0.306649
0.3545,  0.333406
0.3550,  0.306714
0.3555,  0.290171
0.3560,  0.258413
0.3565,  0.220758
0.3570,  0.196947
0.3575,  0.156256
0.3580,  0.121439
0.3585,  0.055896
0.3590,  0.204125
0.3595,  0.323617
0.3600,  0.303571
0.3605,  0.287583
0.3610,  0.244506
0.3615,  0.190197
0.3620,  0.230379
0.3625,  0.269748
0.3630,  0.258308
0.3635,  0.246104
0.3640,  0.242780
0.3645,  0.222427
0.3650,  0.251104
0.3655,  0.279724
0.3660,  0.286530
0.3665,  0.303302
0.3670,  0.278239
0.3675,  0.251994
0.3680,  0.223053
0.3685,  0.197314
0.3690,  0.243277
0.3695,  0.286658
0.3700,  0.261111
0.3705,  0.236190
0.3710,  0.259163
0.3715,  0.281736
0.3720,  0.251101
0.3725,  0.224517
0.3730,  0.191461
0.3735,  0.150498
0.3740,  0.151197
0.3745,  0.147296
0.3750,  0.216672
0.3755,  0.270622
0.3760,  0.261765
0.3765,  0.247343
0.3770,  0.293561
0.3775,  0.336761
0.3780,  0.331974
0.3785,  0.339025
0.3790,  0.256774
0.3795,  0.162734
0.3800,  0.213958
0.3805,  0.270337
0.3810,  0.249253
0.3815,  0.236202
0.3820,  0.157986
0.3825,  0.058338
0.3830,  0.025348
0.3835,  -0.026360
0.3840,  0.122458
0.3845,  0.237305
0.3850,  0.245687
0.3855,  0.256370
0.3860,  0.243491
0.3865,  0.236481
0.3870,  0.231508
0.3875,  0.219232
0.3880,  0.192275
0.3885,  0.162162
0.3890,  0.211368
0.3895,  0.253201
0.3900,  0.258364
0.3905,  0.266604
0.3910,  0.291785
0.3915,  0.335653
0.3920,  0.262692
0.3925,  0.181663
0.3930,  0.022013
0.3935,  -0.221153
0.3940,  0.028597
0.3945,  0.204014
0.3950,  0.293989
0.3955,  0.387382
0.3960,  0.240483
0.3965,  0.049030
0.3970,  0.063657
0.3975,  0.055690
0.3980,  0.226092
0.3985,  0.342047
0.3990,  0.324653
0.3995,  0.316632
0.4000,  0.287619
0.4005,  0.264120
0.4010,  0.258468
0.4015,  0.257932
0.4020,  0.245189
0.4025,  0.237764
0.4030,  0.217775
0.4035,  0.198793
0.4040,  0.194582
0.4045,  0.193897
0.4050,  0.195008
0.4055,  0.196900
0.4060,  0.181612
0.4065,  0.165045
0.4070,  0.176281
0.4075,  0.182877
0.4080,  0.202137
0.4085,  0.224775
0.4090,  0.220443
0.4095,  0.217279
0.4100,  0.171747
0.4105,  0.117657
0.4110,  0.181258
0.4115,  0.240808
0.4120,  0.229169
0.4125,  0.214505
0.4130,  0.201178
0.4135,  0.191848
0.4140,  0.187186
0.4145,  0.180561
0.4150,  0.178203
0.4155,  0.170092
0.4160,  0.188584
0.4165,  0.212086
0.4170,  0.176007
0.4175,  0.139344
0.4180,  0.148719
0.4185,  0.158531
0.4190,  0.167574
0.4195,  0.169852
0.4200,  0.180843
0.4205,  0.190930
0.4210,  0.194395
0.4215,  0.205272
0.4220,  0.162654
0.4225,  0.115273
0.4230,  0.151475
0.4235,  0.181396
0.4240,  0.189929
0.4245,  0.199420
0.4250,  0.185080
0.4255,  0.169987
0.4260,  0.176215
0.4265,  0.185837
0.4270,  0.162247
0.4275,  0.135361
0.4280,  0.148076
0.4285,  0.164816
0.4290,  0.156760
0.4295,  0.150501
0.4300,  0.071579
0.4305,  -0.037510
0.4310,  0.130987
0.4315,  0.253865
0.4320,  0.215227
0.4325,  0.183236
0.4330,  0.192046
0.4335,  0.201065
0.4340,  0.179090
0.4345,  0.157352
0.4350,  0.161144
0.4355,  0.161580
0.4360,  0.197293
0.4365,  0.234997
0.4370,  0.206387
0.4375,  0.183799
0.4380,  0.134293
0.4385,  0.075079
0.4390,  0.137054
0.4395,  0.191967
0.4400,  0.160734
0.4405,  0.127844
0.4410,  0.168592
0.4415,  0.202895
0.4420,  0.201370
0.4425,  0.201288
0.4430,  0.178100
0.4435,  0.155385
0.4440,  0.164775
0.4445,  0.180003
0.4450,  0.151491
0.4455,  0.121182
0.4460,  0.136272
0.4465,  0.148543
0.4470,  0.178896
0.4475,  0.206339
0.4480,  0.181870
0.4485,  0.156352
0.4490,  0.158206
0.4495,  0.158853
0.4500,  0.172310
0.4505,  0.191007
0.4510,  0.184097
0.4515,  0.180943
0.4520,  0.154779
0.4525,  0.127847
0.4530,  0.133734
0.4535,  0.141151
0.4540,  0.147105
0.4545,  0.151282
0.4550,  0.159712
0.4555,  0.167745
0.4560,  0.172361
0.4565,  0.178340
0.4570,  0.184425
0.4575,  0.190161
0.4580,  0.165790
0.4585,  0.141508
0.4590,  0.148967
0.4595,  0.152351
0.4600,  0.153968
0.4605,  0.155351
0.4610,  0.154936
0.4615,  0.155097
0.4620,  0.163399
0.4625,  0.172971
0.4630,  0.161814
0.4635,  0.154552
0.4640,  0.147559
0.4645,  0.139688
0.4650,  0.157931
0.4655,  0.180106
0.4660,  0.158885
0.4665,  0.136065
0.4670,  0.158631
0.4675,  0.173315
0.4680,  0.166336
0.4685,  0.163537
0.4690,  0.164783
0.4695,  0.169927
0.4700,  0.150670
0.4705,  0.127435
0.4710,  0.154401
0.4715,  0.180574
0.4720,  0.181694
0.4725,  0.182745
0.4730,  0.172228
0.4735,  0.160567
0.4740,  0.170580
0.4745,  0.181692
0.4750,  0.174947
0.4755,  0.168840
0.4760,  0.157809
0.4765,  0.146593
0.4770,  0.171140
0.4775,  0.193077
0.4780,  0.176402
0.4785,  0.160414
0.4790,  0.173082
0.4795,  0.183726
0.4800,  0.172284
0.4805,  0.164288
0.4810,  0.175594
0.4815,  0.185952
0.4820,  0.174377
0.4825,  0.166375
0.4830,  0.167985
0.4835,  0.171351
0.4840,  0.170810
0.4845,  0.177510
0.4850,  0.169233
0.4855,  0.158756
0.4860,  0.125492
0.4865,  0.077533
0.4870,  0.122504
0.4875,  0.161239
0.4880,  0.168962
0.4885,  0.175181
0.4890,  0.173045
0.4895,  0.173862
0.4900,  0.179394
0.4905,  0.191776
0.4910,  0.173876
0.4915,  0.154307
0.4920,  0.154980
0.4925,  0.152562
0.4930,  0.146643
0.4935,  0.137262
0.4940,  0.166034
0.4945,  0.196349
0.4950,  0.166962
0.4955,  0.137806
0.4960,  0.156340
0.4965,  0.175120
0.4970,  0.179085
0.4975,  0.185805
0.4980,  0.158867
0.4985,  0.128307
0.4990,  0.153716
0.4995,  0.179798
0.5000,  0.162205
0.5005,  0.142978
0.5010,  0.135894
0.5015,  0.125285
0.5020,  0.141127
0.5025,  0.158302
0.5030,  0.167284
0.5035,  0.174328
0.5040,  0.160673
0.5045,  0.141326
0.5050,  0.159992
0.5055,  0.180881
0.5060,  0.172744
0.5065,  0.167284
0.5070,  0.159110
0.5075,  0.149407
0.5080,  0.151483
0.5085,  0.152432
0.5090,  0.151285
0.5095,  0.149582
0.5100,  0.153609
0.5105,  0.157726
0.5110,  0.167148
0.5115,  0.178279
0.5120,  0.155540
0.5125,  0.134437
0.5130,  0.140790
0.5135,  0.142981
0.5140,  0.146127
0.5145,  0.149200
0.5150,  0.159360
0.5155,  0.177922
0.5160,  0.144910
0.5165,  0.107124
0.5170,  0.129483
0.5175,  0.144226
0.5180,  0.123084
0.5185,  0.097928
0.5190,  0.130626
0.5195,  0.161787
0.5200,  0.154537
0.5205,  0.147902
0.5210,  0.158783
0.5215,  0.171015
0.5220,  0.150749
0.5225,  0.130088
0.5230,  0.140592
0.5235,  0.149606
0.5240,  0.158988
0.5245,  0.173484
0.5250,  0.174414
0.5255,  0.179843
0.5260,  0.135868
0.5265,  0.081459
0.5270,  0.115451
0.5275,  0.141816
0.5280,  0.147693
0.5285,  0.154759
0.5290,  0.153457
0.5295,  0.151391
0.5300,  0.152824
0.5305,  0.157661
0.5310,  0.163238
0.5315,  0.171778
0.5320,  0.137338
0.5325,  0.097574
0.5330,  0.134254
0.5335,  0.166654
0.5340,  0.147361
0.5345,  0.127687
0.5350,  0.152516
0.5355,  0.179100
0.5360,  0.155714
0.5365,  0.131193
0.5370,  0.134231
0.5375,  0.138345
0.5380,  0.145551
0.5385,  0.153521
0.5390,  0.144625
0.5395,  0.135536
0.5400,  0.126055
0.5405,  0.114013
0.5410,  0.138429
0.5415,  0.161276
0.5420,  0.146334
0.5425,  0.130544
0.5430,  0.139526
0.5435,  0.147863
0.5440,  0.145263
0.5445,  0.144361
0.5450,  0.149730
0.5455,  0.155071
0.5460,  0.152944
0.5465,  0.151526
0.5470,  0.142703
0.5475,  0.132842
0.5480,  0.139368
0.5485,  0.144202
0.5490,  0.149361
0.5495,  0.156037
0.5500,  0.149274
0.5505,  0.142116
0.5510,  0.144360
0.5515,  0.147446
0.5520,  0.143649
0.5525,  0.137999
0.5530,  0.143890
0.5535,  0.149411
0.5540,  0.151884
0.5545,  0.155064
0.5550,  0.159097
0.5555,  0.163513
0.5560,  0.151180
0.5565,  0.139198
0.5570,  0.148981
0.5575,  0.158745
0.5580,  0.149169
0.5585,  0.137461
0.5590,  0.140649
0.5595,  0.145114
0.5600,  0.151138
0.5605,  0.156385
0.5610,  0.152109
0.5615,  0.147627
0.5620,  0.152371
0.5625,  0.157814
0.5630,  0.161402
0.5635,  0.165414
0.5640,  0.165850
0.5645,  0.166472
0.5650,  0.155237
0.5655,  0.142450
0.5660,  0.147779
0.5665,  0.154285
0.5670,  0.167974
0.5675,  0.182824
0.5680,  0.168119
0.5685,  0.153250
0.5690,  0.167667
0.5695,  0.181630
0.5700,  0.163434
0.5705,  0.142257
0.5710,  0.150579
0.5715,  0.155401
0.5720,  0.164943
0.5725,  0.175038
0.5730,  0.169980
0.5735,  0.167581
0.5740,  0.167607
0.5745,  0.168426
0.5750,  0.161199
0.5755,  0.152057
0.5760,  0.155162
0.5765,  0.159960
0.5770,  0.164440
0.5775,  0.166772
0.5780,  0.150949
0.5785,  0.132100
0.5790,  0.138163
0.5795,  0.143762
0.5800,  0.143139
0.5805,  0.144596
0.5810,  0.147214
0.5815,  0.148982
0.5820,  0.153747
0.5825,  0.156457
0.5830,  0.151078
0.5835,  0.148963
0.5840,  0.150475
0.5845,  0.153481
0.5850,  0.139141
0.5855,  0.123301
0.5860,  0.136702
0.5865,  0.153487
0.5870,  0.167641
0.5875,  0.186390
0.5880,  0.181551
0.5885,  0.170223
0.5890,  0.140015
0.5895,  0.103377
0.5900,  0.148236
0.5905,  0.190416
0.5910,  0.181400
0.5915,  0.170456
0.5920,  0.169603
0.5925,  0.170513
0.5930,  0.167351
0.5935,  0.165805
0.5940,  0.162180
0.5945,  0.157081
0.5950,  0.159885
0.5955,  0.161430
0.5960,  0.165222
0.5965,  0.170169
0.5970,  0.164114
0.5975,  0.157334
0.5980,  0.151973
0.5985,  0.146516
0.5990,  0.152744
0.5995,  0.158833
0.6000,  0.155429
0.6005,  0.152341
0.6010,  0.155112
0.6015,  0.154790
0.6020,  0.142810
0.6025,  0.129916
0.6030,  0.142005
0.6035,  0.155535
0.6040,  0.154782
0.6045,  0.156010
0.6050,  0.154355
0.6055,  0.149893
0.6060,  0.146086
0.6065,  0.145252
0.6070,  0.146800
0.6075,  0.148351
0.6080,  0.148173
0.6085,  0.149433
0.6090,  0.154721
0.6095,  0.158328
0.6100,  0.149030
0.6105,  0.138334
0.6110,  0.146364
0.6115,  0.156602
0.6120,  0.148684
0.6125,  0.140781
0.6130,  0.137411
0.6135,  0.132932
0.6140,  0.144307
0.6145,  0.156791
0.6150,  0.163299
0.6155,  0.167449
0.6160,  0.141605
0.6165,  0.109988
0.6170,  0.129190
0.6175,  0.150581
0.6180,  0.155213
0.6185,  0.158867
0.6190,  0.154335
0.6195,  0.150165
0.6200,  0.158125
0.6205,  0.166469
0.6210,  0.158225
0.6215,  0.150494
0.6220,  0.158588
0.6225,  0.167041
0.6230,  0.157126
0.6235,  0.150762
0.6240,  0.153463
0.6245,  0.153618
0.6250,  0.149517
0.6255,  0.143990
0.6260,  0.159131
0.6265,  0.175344
0.6270,  0.178363
0.6275,  0.180399
0.6280,  0.182107
0.6285,  0.185215
0.6290,  0.185254
0.6295,  0.185157
0.6300,  0.181857
0.6305,  0.174446
0.6310,  0.164032
0.6315,  0.156217
0.6320,  0.150478
0.6325,  0.147805
0.6330,  0.148020
0.6335,  0.149655
0.6340,  0.152337
0.6345,  0.156864
0.6350,  0.160021
0.6355,  0.161066
0.6360,  0.162576
0.6365,  0.157943
0.6370,  0.151831
0.6375,  0.148369
0.6380,  0.147973
0.6385,  0.149530
0.6390,  0.152924
0.6395,  0.155023
0.6400,  0.154357
0.6405,  0.153071
0.6410,  0.149034
0.6415,  0.150407
0.6420,  0.148651
0.6425,  0.147168
0.6430,  0.147080
0.6435,  0.145481
0.6440,  0.147446
0.6445,  0.153389
0.6450,  0.158359
0.6455,  0.162274
0.6460,  0.166031
0.6465,  0.166689
0.6470,  0.164822
0.6475,  0.162450
0.6480,  0.158332
0.6485,  0.152869
0.6490,  0.146473
0.6495,  0.148643
0.6500,  0.152078
0.6505,  0.157296
0.6510,  0.163895
0.6515,  0.162403
0.6520,  0.159150
0.6525,  0.157997
0.6530,  0.160231
0.6535,  0.155190
0.6540,  0.156532
0.6545,  0.165975
0.6550,  0.177393
0.6555,  0.173890
0.6560,  0.151538
0.6565,  0.116283
0.6570,  0.077253
0.6575,  0.088848
0.6580,  0.103800
0.6585,  0.117375
0.6590,  0.131116
0.6595,  0.126829
0.6600,  0.124255
0.6605,  0.121962
0.6610,  0.122846
0.6615,  0.120835
0.6620,  0.120004
0.6625,  0.120093
0.6630,  0.118528
0.6635,  0.120574
0.6640,  0.121627
0.6645,  0.121355
0.6650,  0.122010
0.6655,  0.121387
0.6660,  0.118964
0.6665,  0.117791
0.6670,  0.115744
0.6675,  0.114874
0.6680,  0.113878
0.6685,  0.117521
0.6690,  0.120102
0.6695,  0.115872
0.6700,  0.114816
0.6705,  0.114879
0.6710,  0.115885
0.6715,  0.116748
0.6720,  0.115590
0.6725,  0.116587
0.6730,  0.116036
0.6735,  0.116231
0.6740,  0.116492
0.6745,  0.115000
0.6750,  0.113303
0.6755,  0.112888
0.6760,  0.113819
0.6765,  0.114213
0.6770,  0.114944
0.6775,  0.115067
0.6780,  0.113024
0.6785,  0.111858
0.6790,  0.112043
0.6795,  0.113384
0.6800,  0.114525
0.6805,  0.114162
0.6810,  0.110400
0.6815,  0.110162
0.6820,  0.113060
0.6825,  0.116873
0.6830,  0.121204
0.6835,  0.124405
0.6840,  0.124831
0.6845,  0.127094
0.6850,  0.141127
0.6855,  0.176271
0.6860,  0.217239
0.6865,  0.247467
0.6870,  0.259290
0.6875,  0.255642
0.6880,  0.249463
0.6885,  0.240140
0.6890,  0.233128
0.6895,  0.224867
0.6900,  0.214916
0.6905,  0.205583
0.6910,  0.195852
0.6915,  0.190714
0.6920,  0.190514
0.6925,  0.191851
0.6930,  0.196049
0.6935,  0.196246
0.6940,  0.192259
0.6945,  0.181978
0.6950,  0.172089
0.6955,  0.162566
0.6960,  0.152941
0.6965,  0.148548
0.6970,  0.148609
0.6975,  0.156223
0.6980,  0.164262
0.6985,  0.170903
0.6990,  0.175889
0.6995,  0.178324
0.7000,  0.177058
0.7005,  0.174597
0.7010,  0.166254
0.7015,  0.163698
0.7020,  0.159301
0.7025,  0.158386
0.7030,  0.155402
0.7035,  0.156934
0.7040,  0.158834
0.7045,  0.161938
0.7050,  0.165024
0.7055,  0.162503
0.7060,  0.161193
0.7065,  0.159954
0.7070,  0.154910
0.7075,  0.150178
0.7080,  0.148392
0.7085,  0.144784
0.7090,  0.140796
0.7095,  0.139838
0.7100,  0.139934
0.7105,  0.137696
0.7110,  0.138836
0.7115,  0.141752
0.7120,  0.143325
0.7125,  0.144375
0.7130,  0.144591
0.7135,  0.146622
0.7140,  0.147051
0.7145,  0.151021
0.7150,  0.163517
0.7155,  0.186483
0.7160,  0.224219
0.7165,  0.264545
0.7170,  0.303898
0.7175,  0.331819
0.7180,  0.350906
0.7185,  0.363209
0.7190,  0.359013
0.7195,  0.344574
0.7200,  0.317227
0.7205,  0.283705
0.7210,  0.253188
0.7215,  0.236881
0.7220,  0.247923
0.7225,  0.269810
0.7230,  0.291578
0.7235,  0.309122
0.7240,  0.318254
0.7245,  0.323955
0.7250,  0.324411
0.7255,  0.320392
0.7260,  0.321286
0.7265,  0.318366
0.7270,  0.313382
0.7275,  0.309627
0.7280,  0.304716
0.7285,  0.292924
0.7290,  0.282297
0.7295,  0.279878
0.7300,  0.277361
0.7305,  0.270542
0.7310,  0.262935
0.7315,  0.249014
0.7320,  0.229957
0.7325,  0.212415
0.7330,  0.196785
0.7335,  0.184505
0.7340,  0.179174
0.7345,  0.178237
0.7350,  0.179098
0.7355,  0.180695
0.7360,  0.176529
0.7365,  0.172457
0.7370,  0.174181
0.7375,  0.170693
0.7380,  0.165956
0.7385,  0.156890
0.7390,  0.148675
0.7395,  0.144553
0.7400,  0.139538
0.7405,  0.133859
0.7410,  0.126159
0.7415,  0.126484
0.7420,  0.128249
0.7425,  0.129918
0.7430,  0.133724
0.7435,  0.132689
0.7440,  0.133490
0.7445,  0.133091
0.7450,  0.129255
0.7455,  0.127100
0.7460,  0.124797
0.7465,  0.122662
0.7470,  0.125348
0.7475,  0.124146
0.7480,  0.124448
0.7485,  0.130264
0.7490,  0.131067
0.7495,  0.132112
0.7500,  0.131062
0.7505,  0.129843
0.7510,  0.125240
0.7515,  0.121138
0.7520,  0.121044
0.7525,  0.120629
0.7530,  0.120614
0.7535,  0.122202
0.7540,  0.126132
0.7545,  0.125877
0.7550,  0.125056
0.7555,  0.128360
0.7560,  0.128185
0.7565,  0.129637
0.7570,  0.129879
0.7575,  0.147146
0.7580,  0.199556
0.7585,  0.302145
0.7590,  0.448531
0.7595,  0.613844
0.7600,  0.725328
0.7605,  0.755205
0.7610,  0.731396
0.7615,  0.708974
0.7620,  0.708661
0.7625,  0.705284
0.7630,  0.677868
0.7635,  0.625508
0.7640,  0.564465
0.7645,  0.495092
0.7650,  0.428068
0.7655,  0.356626
0.7660,  0.297525
0.7665,  0.244552
0.7670,  0.212325
0.7675,  0.194091
0.7680,  0.181549
0.7685,  0.166854
0.7690,  0.153582
0.7695,  0.140799
0.7700,  0.134050
0.7705,  0.128485
0.7710,  0.125804
0.7715,  0.127173
0.7720,  0.130513
0.7725,  0.129877
0.7730,  0.134269
0.7735,  0.137505
0.7740,  0.132501
0.7745,  0.125189
0.7750,  0.118699
0.7755,  0.114894
0.7760,  0.113263
0.7765,  0.112599
0.7770,  0.119163
0.7775,  0.116618
0.7780,  0.113185
0.7785,  0.112316
0.7790,  0.112573
0.7795,  0.120004
0.7800,  0.121004
0.7805,  0.124580
0.7810,  0.122559
0.7815,  0.119776
0.7820,  0.115622
0.7825,  0.113062
0.7830,  0.112524
0.7835,  0.117407
0.7840,  0.122797
0.7845,  0.126643
0.7850,  0.129890
0.7855,  0.131848
0.7860,  0.130000
0.7865,  0.130882
0.7870,  0.129412
0.7875,  0.127573
0.7880,  0.135284
0.7885,  0.138372
0.7890,  0.143009
0.7895,  0.145647
0.7900,  0.153932
0.7905,  0.158118
0.7910,  0.151379
0.7915,  0.143798
0.7920,  0.145202
0.7925,  0.148730
0.7930,  0.147381
0.7935,  0.144616
0.7940,  0.139865
0.7945,  0.132248
0.7950,  0.132343
0.7955,  0.136397
0.7960,  0.141428
0.7965,  0.143205
0.7970,  0.141807
0.7975,  0.141457
0.7980,  0.141060
0.7985,  0.143546
0.7990,  0.139785
0.7995,  0.140121
0.8000,  0.141547
0.8005,  0.144546
0.8010,  0.145727
0.8015,  0.145542
0.8020,  0.144066
0.8025,  0.147229
0.8030,  0.148916
0.8035,  0.148564
0.8040,  0.146607
0.8045,  0.135117
0.8050,  0.127517
0.8055,  0.119041
0.8060,  0.115310
0.8065,  0.118318
0.8070,  0.122180
0.8075,  0.124991
0.8080,  0.127797
0.8085,  0.127213
0.8090,  0.125887
0.8095,  0.134962
0.8100,  0.143649
0.8105,  0.156592
0.8110,  0.169992
0.8115,  0.187270
0.8120,  0.208502
0.8125,  0.234961
0.8130,  0.253623
0.8135,  0.273900
0.8140,  0.283484
0.8145,  0.297650
0.8150,  0.317191
0.8155,  0.335932
0.8160,  0.345826
0.8165,  0.349326
0.8170,  0.340175
0.8175,  0.326424
0.8180,  0.307945
0.8185,  0.286427
0.8190,  0.264010
0.8195,  0.247967
0.8200,  0.232680
0.8205,  0.229925
0.8210,  0.251206
0.8215,  0.289027
0.8220,  0.320391
0.8225,  0.316535
0.8230,  0.292464
0.8235,  0.261601
0.8240,  0.237390
0.8245,  0.220860
0.8250,  0.213508
0.8255,  0.219594
0.8260,  0.235517
0.8265,  0.242220
0.8270,  0.252444
0.8275,  0.259347
0.8280,  0.266425
0.8285,  0.254681
0.8290,  0.240393
0.8295,  0.232732
0.8300,  0.228523
0.8305,  0.225914
0.8310,  0.217410
0.8315,  0.210372
0.8320,  0.208151
0.8325,  0.205477
0.8330,  0.205272
0.8335,  0.204387
0.8340,  0.195454
0.8345,  0.183037
0.8350,  0.165103
0.8355,  0.149408
0.8360,  0.144443
0.8365,  0.142393
0.8370,  0.139250
0.8375,  0.140150
0.8380,  0.142172
0.8385,  0.138581
0.8390,  0.134804
0.8395,  0.122956
0.8400,  0.111561
0.8405,  0.102486
0.8410,  0.097584
0.8415,  0.098473
0.8420,  0.109420
0.8425,  0.116527
0.8430,  0.119706
0.8435,  0.113509
0.8440,  0.115340
0.8445,  0.120072
0.8450,  0.116110
0.8455,  0.113492
0.8460,  0.116029
0.8465,  0.101805
0.8470,  0.095030
0.8475,  0.091987
0.8480,  0.097622
0.8485,  0.100523
0.8490,  0.097253
0.8495,  0.093832
0.8500,  0.079594
0.8505,  0.083395
0.8510,  0.092562
0.8515,  0.092655
0.8520,  0.102399
0.8525,  0.097329
0.8530,  0.099030
0.8535,  0.089665
0.8540,  0.057293
0.8545,  0.070331
0.8550,  0.075517
0.8555,  0.083765
0.8560,  0.105518
0.8565,  0.097387
0.8570,  0.090697
0.8575,  0.085431
0.8580,  0.083828
0.8585,  0.084014
0.8590,  0.093977
0.8595,  0.099664
0.8600,  0.097495
0.8605,  0.100548
0.8610,  0.103126
0.8615,  0.096472
0.8620,  0.083898
0.8625,  0.078343
0.8630,  0.080165
0.8635,  0.082738
0.8640,  0.090938
0.8645,  0.090856
0.8650,  0.091947
0.8655,  0.095105
0.8660,  0.082029
0.8665,  0.072634
0.8670,  0.069654
0.8675,  0.076957
0.8680,  0.078137
0.8685,  0.065123
0.8690,  0.061196
0.8695,  0.058551
0.8700,  0.069340
0.8705,  0.072758
0.8710,  0.076473
0.8715,  0.088065
0.8720,  0.099546
0.8725,  0.097921
0.8730,  0.105233
0.8735,  0.108967
0.8740,  0.104634
0.8745,  0.093088
0.8750,  0.080448
0.8755,  0.079584
0.8760,  0.078257
0.8765,  0.083381
0.8770,  0.088036
0.8775,  0.089065
0.8780,  0.094361
0.8785,  0.088106
0.8790,  0.090687
0.8795,  0.090167
0.8800,  0.077581
0.8805,  0.078736
0.8810,  0.075605
0.8815,  0.066816
0.8820,  0.061999
0.8825,  0.058998
0.8830,  0.062532
0.8835,  0.065399
0.8840,  0.077209
0.8845,  0.083980
0.8850,  0.088256
0.8855,  0.086873
0.8860,  0.067547
0.8865,  0.058585
0.8870,  0.062110
0.8875,  0.067137
0.8880,  0.071554
0.8885,  0.081375
0.8890,  0.091038
0.8895,  0.100516
0.8900,  0.095916
