0.3500,  0.183127
0.3505,  0.246477
0.3510,  0.214348
0.3515,  0.180278
0.3520,  0.140046
0.3525,  0.100590
0.3530,  0.153342
0.3535,  0.198519
0.3540,  0.214609
0.3545,  0.237175
0.3550,  0.206669
0.3555,  0.183903
0.3560,  0.146703
0.3565,  0.120401
0.3570,  0.088448
0.3575,  0.043866
0.3580,  -0.006570
0.3585,  -0.066781
0.3590,  0.107719
0.3595,  0.251256
0.3600,  0.233130
0.3605,  0.215825
0.3610,  0.158876
0.3615,  0.101210
0.3620,  0.147889
0.3625,  0.192121
0.3630,  0.178431
0.3635,  0.158989
0.3640,  0.143315
0.3645,  0.124549
0.3650,  0.159940
0.3655,  0.196399
0.3660,  0.210530
0.3665,  0.231333
0.3670,  0.205511
0.3675,  0.181023
0.3680,  0.143632
0.3685,  0.104667
0.3690,  0.151926
0.3695,  0.201724
0.3700,  0.167959
0.3705,  0.133948
0.3710,  0.157607
0.3715,  0.187844
0.3720,  0.163474
0.3725,  0.135440
0.3730,  0.099248
0.3735,  0.054990
0.3740,  0.058579
0.3745,  0.059740
0.3750,  0.141792
0.3755,  0.206694
0.3760,  0.193317
0.3765,  0.172554
0.3770,  0.222015
0.3775,  0.268810
0.3780,  0.265303
0.3785,  0.270654
0.3790,  0.173808
0.3795,  0.067623
0.3800,  0.126776
0.3805,  0.192329
0.3810,  0.171407
0.3815,  0.159841
0.3820,  0.076728
0.3825,  -0.031091
0.3830,  -0.062640
0.3835,  -0.112430
0.3840,  0.051169
0.3845,  0.171594
0.3850,  0.174272
0.3855,  0.182814
0.3860,  0.165195
0.3865,  0.153486
0.3870,  0.152466
0.3875,  0.150590
0.3880,  0.134034
0.3885,  0.108215
0.3890,  0.169101
0.3895,  0.216291
0.3900,  0.213357
0.3905,  0.210048
0.3910,  0.225277
0.3915,  0.263604
0.3920,  0.176218
0.3925,  0.084537
0.3930,  -0.096315
0.3935,  -0.360896
0.3940,  -0.063821
0.3945,  0.146885
0.3950,  0.256604
0.3955,  0.363506
0.3960,  0.198709
0.3965,  -0.015400
0.3970,  -0.003072
0.3975,  -0.014662
0.3980,  0.177242
0.3985,  0.308742
0.3990,  0.286148
0.3995,  0.273328
0.4000,  0.238956
0.4005,  0.208905
0.4010,  0.199372
0.4015,  0.198374
0.4020,  0.187238
0.4025,  0.182148
0.4030,  0.160282
0.4035,  0.138879
0.4040,  0.135234
0.4045,  0.135132
0.4050,  0.135227
0.4055,  0.135215
0.4060,  0.115600
0.4065,  0.096378
0.4070,  0.107354
0.4075,  0.115498
0.4080,  0.142855
0.4085,  0.171689
0.4090,  0.168222
0.4095,  0.164341
0.4100,  0.114702
0.4105,  0.055688
0.4110,  0.124743
0.4115,  0.187118
0.4120,  0.170287
0.4125,  0.153802
0.4130,  0.141044
0.4135,  0.130403
0.4140,  0.121286
0.4145,  0.111835
0.4150,  0.108298
0.4155,  0.105119
0.4160,  0.128625
0.4165,  0.157961
0.4170,  0.121002
0.4175,  0.078956
0.4180,  0.088025
0.4185,  0.096815
0.4190,  0.102647
0.4195,  0.104365
0.4200,  0.117925
0.4205,  0.133281
0.4210,  0.140601
0.4215,  0.152285
0.4220,  0.101891
0.4225,  0.047826
0.4230,  0.086796
0.4235,  0.124541
0.4240,  0.139277
0.4245,  0.157534
0.4250,  0.143738
0.4255,  0.126378
0.4260,  0.129117
0.4265,  0.134785
0.4270,  0.098815
0.4275,  0.063063
0.4280,  0.075730
0.4285,  0.095678
0.4290,  0.086847
0.4295,  0.080601
0.4300,  -0.004538
0.4305,  -0.119696
0.4310,  0.073558
0.4315,  0.214681
0.4320,  0.176368
0.4325,  0.139853
0.4330,  0.146965
0.4335,  0.156794
0.4340,  0.130139
0.4345,  0.104584
0.4350,  0.103797
0.4355,  0.100274
0.4360,  0.141195
0.4365,  0.184931
0.4370,  0.156399
0.4375,  0.133933
0.4380,  0.083035
0.4385,  0.021818
0.4390,  0.094097
0.4395,  0.158151
0.4400,  0.123767
0.4405,  0.083477
0.4410,  0.125288
0.4415,  0.162736
0.4420,  0.161970
0.4425,  0.161326
0.4430,  0.135528
0.4435,  0.113696
0.4440,  0.127507
0.4445,  0.145585
0.4450,  0.112259
0.4455,  0.074171
0.4460,  0.088181
0.4465,  0.100682
0.4470,  0.135611
0.4475,  0.168434
0.4480,  0.140124
0.4485,  0.108591
0.4490,  0.112978
0.4495,  0.114750
0.4500,  0.129559
0.4505,  0.144281
0.4510,  0.136004
0.4515,  0.130523
0.4520,  0.101848
0.4525,  0.073915
0.4530,  0.089398
0.4535,  0.100800
0.4540,  0.109054
0.4545,  0.111722
0.4550,  0.119500
0.4555,  0.126412
0.4560,  0.128242
0.4565,  0.130053
0.4570,  0.132299
0.4575,  0.137190
0.4580,  0.110845
0.4585,  0.085933
0.4590,  0.099715
0.4595,  0.109885
0.4600,  0.115911
0.4605,  0.122118
0.4610,  0.122252
0.4615,  0.119353
0.4620,  0.125310
0.4625,  0.134242
0.4630,  0.120495
0.4635,  0.109987
0.4640,  0.100551
0.4645,  0.091420
0.4650,  0.113041
0.4655,  0.134386
0.4660,  0.113580
0.4665,  0.091297
0.4670,  0.117516
0.4675,  0.138429
0.4680,  0.133449
0.4685,  0.130836
0.4690,  0.134959
0.4695,  0.141654
0.4700,  0.118036
0.4705,  0.087832
0.4710,  0.117441
0.4715,  0.146146
0.4720,  0.144848
0.4725,  0.145805
0.4730,  0.135800
0.4735,  0.124344
0.4740,  0.135035
0.4745,  0.148669
0.4750,  0.143058
0.4755,  0.136532
0.4760,  0.122529
0.4765,  0.107537
0.4770,  0.132361
0.4775,  0.156597
0.4780,  0.138948
0.4785,  0.121462
0.4790,  0.135974
0.4795,  0.149794
0.4800,  0.137362
0.4805,  0.126685
0.4810,  0.138489
0.4815,  0.149245
0.4820,  0.136356
0.4825,  0.128131
0.4830,  0.131486
0.4835,  0.137821
0.4840,  0.138660
0.4845,  0.144287
0.4850,  0.130561
0.4855,  0.118353
0.4860,  0.082506
0.4865,  0.032279
0.4870,  0.084840
0.4875,  0.129984
0.4880,  0.140341
0.4885,  0.147905
0.4890,  0.145465
0.4895,  0.146631
0.4900,  0.152371
0.4905,  0.162439
0.4910,  0.139186
0.4915,  0.115797
0.4920,  0.116936
0.4925,  0.115223
0.4930,  0.108298
0.4935,  0.099638
0.4940,  0.133872
0.4945,  0.167491
0.4950,  0.135033
0.4955,  0.101716
0.4960,  0.122545
0.4965,  0.143210
0.4970,  0.147242
0.4975,  0.154377
0.4980,  0.122772
0.4985,  0.087382
0.4990,  0.116176
0.4995,  0.146661
0.5000,  0.127881
0.5005,  0.107370
0.5010,  0.100346
0.5015,  0.088332
0.5020,  0.105915
0.5025,  0.124916
0.5030,  0.135282
0.5035,  0.143632
0.5040,  0.126383
0.5045,  0.105400
0.5050,  0.126325
0.5055,  0.148397
0.5060,  0.137632
0.5065,  0.131744
0.5070,  0.122841
0.5075,  0.111575
0.5080,  0.114509
0.5085,  0.116662
0.5090,  0.115789
0.5095,  0.114083
0.5100,  0.119272
0.5105,  0.124675
0.5110,  0.135056
0.5115,  0.146055
0.5120,  0.119303
0.5125,  0.093834
0.5130,  0.098519
0.5135,  0.100970
0.5140,  0.109501
0.5145,  0.116218
0.5150,  0.126991
0.5155,  0.146809
0.5160,  0.110491
0.5165,  0.067895
0.5170,  0.093698
0.5175,  0.112922
0.5180,  0.091353
0.5185,  0.062618
0.5190,  0.097403
0.5195,  0.130551
0.5200,  0.120228
0.5205,  0.111788
0.5210,  0.125410
0.5215,  0.139938
0.5220,  0.117809
0.5225,  0.093222
0.5230,  0.105265
0.5235,  0.115414
0.5240,  0.126449
0.5245,  0.141380
0.5250,  0.140208
0.5255,  0.144367
0.5260,  0.094093
0.5265,  0.034472
0.5270,  0.073134
0.5275,  0.103961
0.5280,  0.109892
0.5285,  0.116673
0.5290,  0.114287
0.5295,  0.114007
0.5300,  0.117295
0.5305,  0.123789
0.5310,  0.127687
0.5315,  0.137079
0.5320,  0.098922
0.5325,  0.055589
0.5330,  0.096461
0.5335,  0.131955
0.5340,  0.111403
0.5345,  0.089296
0.5350,  0.116582
0.5355,  0.146115
0.5360,  0.120458
0.5365,  0.095752
0.5370,  0.100204
0.5375,  0.103584
0.5380,  0.112556
0.5385,  0.123597
0.5390,  0.113304
0.5395,  0.101567
0.5400,  0.089597
0.5405,  0.075453
0.5410,  0.102242
0.5415,  0.126639
0.5420,  0.111375
0.5425,  0.095269
0.5430,  0.105432
0.5435,  0.114910
0.5440,  0.112813
0.5445,  0.112802
0.5450,  0.118417
0.5455,  0.124127
0.5460,  0.121045
0.5465,  0.116354
0.5470,  0.107098
0.5475,  0.095170
0.5480,  0.099858
0.5485,  0.104559
0.5490,  0.110385
0.5495,  0.117214
0.5500,  0.110752
0.5505,  0.104504
0.5510,  0.108419
0.5515,  0.112897
0.5520,  0.109406
0.5525,  0.103034
0.5530,  0.110434
0.5535,  0.116370
0.5540,  0.118309
0.5545,  0.121362
0.5550,  0.123525
0.5555,  0.126825
0.5560,  0.111838
0.5565,  0.098258
0.5570,  0.109080
0.5575,  0.121034
0.5580,  0.112182
0.5585,  0.102993
0.5590,  0.108595
0.5595,  0.111056
0.5600,  0.115705
0.5605,  0.119878
0.5610,  0.114395
0.5615,  0.108442
0.5620,  0.112661
0.5625,  0.118875
0.5630,  0.122201
0.5635,  0.125965
0.5640,  0.127430
0.5645,  0.129735
0.5650,  0.120763
0.5655,  0.107397
0.5660,  0.112423
0.5665,  0.117905
0.5670,  0.130795
0.5675,  0.146218
0.5680,  0.129373
0.5685,  0.112328
0.5690,  0.128853
0.5695,  0.145809
0.5700,  0.127027
0.5705,  0.104593
0.5710,  0.112810
0.5715,  0.117906
0.5720,  0.129173
0.5725,  0.140294
0.5730,  0.133561
0.5735,  0.129592
0.5740,  0.129580
0.5745,  0.130391
0.5750,  0.122245
0.5755,  0.111600
0.5760,  0.114459
0.5765,  0.119449
0.5770,  0.123956
0.5775,  0.131252
0.5780,  0.114049
0.5785,  0.093035
0.5790,  0.101049
0.5795,  0.109188
0.5800,  0.108872
0.5805,  0.108285
0.5810,  0.108438
0.5815,  0.110083
0.5820,  0.114616
0.5825,  0.117634
0.5830,  0.113997
0.5835,  0.111708
0.5840,  0.114377
0.5845,  0.119419
0.5850,  0.105781
0.5855,  0.088992
0.5860,  0.103622
0.5865,  0.119625
0.5870,  0.134679
0.5875,  0.156014
0.5880,  0.150500
0.5885,  0.137445
0.5890,  0.105300
0.5895,  0.064172
0.5900,  0.113590
0.5905,  0.161222
0.5910,  0.150108
0.5915,  0.139039
0.5920,  0.139261
0.5925,  0.141578
0.5930,  0.136760
0.5935,  0.135859
0.5940,  0.129988
0.5945,  0.123883
0.5950,  0.125181
0.5955,  0.126932
0.5960,  0.129825
0.5965,  0.134379
0.5970,  0.127642
0.5975,  0.120666
0.5980,  0.114226
0.5985,  0.111058
0.5990,  0.120247
0.5995,  0.127339
0.6000,  0.122531
0.6005,  0.119100
0.6010,  0.120750
0.6015,  0.117792
0.6020,  0.102205
0.6025,  0.087117
0.6030,  0.101864
0.6035,  0.116666
0.6040,  0.116905
0.6045,  0.119407
0.6050,  0.119854
0.6055,  0.116332
0.6060,  0.113633
0.6065,  0.112815
0.6070,  0.115111
0.6075,  0.118848
0.6080,  0.116804
0.6085,  0.114290
0.6090,  0.119032
0.6095,  0.122143
0.6100,  0.112195
0.6105,  0.101968
0.6110,  0.112591
0.6115,  0.124129
0.6120,  0.115761
0.6125,  0.108464
0.6130,  0.105766
0.6135,  0.102237
0.6140,  0.112848
0.6145,  0.126755
0.6150,  0.130124
0.6155,  0.130728
0.6160,  0.099236
0.6165,  0.065392
0.6170,  0.090210
0.6175,  0.118110
0.6180,  0.126445
0.6185,  0.132081
0.6190,  0.130002
0.6195,  0.125480
0.6200,  0.133654
0.6205,  0.142567
0.6210,  0.132890
0.6215,  0.120832
0.6220,  0.126644
0.6225,  0.132550
0.6230,  0.122938
0.6235,  0.116564
0.6240,  0.121409
0.6245,  0.122156
0.6250,  0.116688
0.6255,  0.110828
0.6260,  0.129851
0.6265,  0.147835
0.6270,  0.147395
0.6275,  0.147578
0.6280,  0.147830
0.6285,  0.150715
0.6290,  0.149903
0.6295,  0.149220
0.6300,  0.144820
0.6305,  0.137125
0.6310,  0.128536
0.6315,  0.127851
0.6320,  0.123623
0.6325,  0.122471
0.6330,  0.124571
0.6335,  0.126398
0.6340,  0.128849
0.6345,  0.130469
0.6350,  0.134873
0.6355,  0.133931
0.6360,  0.132989
0.6365,  0.126988
0.6370,  0.122193
0.6375,  0.121949
0.6380,  0.124874
0.6385,  0.129058
0.6390,  0.131383
0.6395,  0.126301
0.6400,  0.124045
0.6405,  0.119659
0.6410,  0.115523
0.6415,  0.115409
0.6420,  0.113138
0.6425,  0.111155
0.6430,  0.109942
0.6435,  0.110663
0.6440,  0.114358
0.6445,  0.122936
0.6450,  0.132635
0.6455,  0.137007
0.6460,  0.141215
0.6465,  0.143018
0.6470,  0.141723
0.6475,  0.138511
0.6480,  0.137667
0.6485,  0.131032
0.6490,  0.120932
0.6495,  0.122567
0.6500,  0.127417
0.6505,  0.136021
0.6510,  0.145083
0.6515,  0.144741
0.6520,  0.142375
0.6525,  0.141163
0.6530,  0.140529
0.6535,  0.132320
0.6540,  0.131935
0.6545,  0.141702
0.6550,  0.153464
0.6555,  0.145761
0.6560,  0.124346
0.6565,  0.089368
0.6570,  0.051955
0.6575,  0.064425
0.6580,  0.078336
0.6585,  0.093936
0.6590,  0.112630
0.6595,  0.106741
0.6600,  0.100509
0.6605,  0.094426
0.6610,  0.092590
0.6615,  0.089987
0.6620,  0.090161
0.6625,  0.092923
0.6630,  0.093456
0.6635,  0.096642
0.6640,  0.097858
0.6645,  0.099709
0.6650,  0.101701
0.6655,  0.100233
0.6660,  0.096133
0.6665,  0.091806
0.6670,  0.086264
0.6675,  0.087251
0.6680,  0.085492
0.6685,  0.087459
0.6690,  0.089633
0.6695,  0.087593
0.6700,  0.086738
0.6705,  0.086433
0.6710,  0.087409
0.6715,  0.092578
0.6720,  0.093882
0.6725,  0.091815
0.6730,  0.089970
0.6735,  0.086095
0.6740,  0.081159
0.6745,  0.080695
0.6750,  0.080086
0.6755,  0.083754
0.6760,  0.089448
0.6765,  0.095541
0.6770,  0.097535
0.6775,  0.096729
0.6780,  0.095776
0.6785,  0.095620
0.6790,  0.092048
0.6795,  0.087931
0.6800,  0.086276
0.6805,  0.083315
0.6810,  0.082875
0.6815,  0.083314
0.6820,  0.086873
0.6825,  0.091996
0.6830,  0.096800
0.6835,  0.102482
0.6840,  0.103065
0.6845,  0.102975
0.6850,  0.114881
0.6855,  0.146861
0.6860,  0.184448
0.6865,  0.214373
0.6870,  0.226829
0.6875,  0.220035
0.6880,  0.215565
0.6885,  0.213899
0.6890,  0.212742
0.6895,  0.208378
0.6900,  0.201325
0.6905,  0.189376
0.6910,  0.181235
0.6915,  0.176981
0.6920,  0.175202
0.6925,  0.173345
0.6930,  0.174761
0.6935,  0.172081
0.6940,  0.170951
0.6945,  0.164999
0.6950,  0.158494
0.6955,  0.148484
0.6960,  0.137877
0.6965,  0.132240
0.6970,  0.126439
0.6975,  0.132841
0.6980,  0.139668
0.6985,  0.150080
0.6990,  0.160331
0.6995,  0.158864
0.7000,  0.153750
0.7005,  0.149740
0.7010,  0.143957
0.7015,  0.148685
0.7020,  0.148698
0.7025,  0.142931
0.7030,  0.139251
0.7035,  0.146144
0.7040,  0.150554
0.7045,  0.152973
0.7050,  0.155785
0.7055,  0.152897
0.7060,  0.149268
0.7065,  0.139054
0.7070,  0.133649
0.7075,  0.129935
0.7080,  0.126377
0.7085,  0.124744
0.7090,  0.123991
0.7095,  0.127003
0.7100,  0.129374
0.7105,  0.130361
0.7110,  0.131105
0.7115,  0.128006
0.7120,  0.125716
0.7125,  0.127728
0.7130,  0.129508
0.7135,  0.133607
0.7140,  0.140219
0.7145,  0.146727
0.7150,  0.159816
0.7155,  0.184807
0.7160,  0.224832
0.7165,  0.267245
0.7170,  0.306433
0.7175,  0.335857
0.7180,  0.355350
0.7185,  0.364567
0.7190,  0.362690
0.7195,  0.347363
0.7200,  0.318835
0.7205,  0.284524
0.7210,  0.257106
0.7215,  0.246310
0.7220,  0.255359
0.7225,  0.273247
0.7230,  0.294639
0.7235,  0.311010
0.7240,  0.323277
0.7245,  0.321873
0.7250,  0.322307
0.7255,  0.319322
0.7260,  0.318406
0.7265,  0.318042
0.7270,  0.318803
0.7275,  0.313854
0.7280,  0.312071
0.7285,  0.305198
0.7290,  0.297429
0.7295,  0.292425
0.7300,  0.283055
0.7305,  0.271999
0.7310,  0.256584
0.7315,  0.236041
0.7320,  0.219558
0.7325,  0.209113
0.7330,  0.197504
0.7335,  0.182909
0.7340,  0.178462
0.7345,  0.176175
0.7350,  0.176669
0.7355,  0.175323
0.7360,  0.175505
0.7365,  0.167004
0.7370,  0.164600
0.7375,  0.157843
0.7380,  0.152302
0.7385,  0.146999
0.7390,  0.138658
0.7395,  0.134731
0.7400,  0.130083
0.7405,  0.127622
0.7410,  0.126474
0.7415,  0.132395
0.7420,  0.130959
0.7425,  0.131378
0.7430,  0.131881
0.7435,  0.123088
0.7440,  0.121663
0.7445,  0.113789
0.7450,  0.109882
0.7455,  0.109047
0.7460,  0.108384
0.7465,  0.109680
0.7470,  0.117046
0.7475,  0.112928
0.7480,  0.112146
0.7485,  0.110330
0.7490,  0.109712
0.7495,  0.111193
0.7500,  0.113201
0.7505,  0.112092
0.7510,  0.113062
0.7515,  0.109214
0.7520,  0.106411
0.7525,  0.107753
0.7530,  0.108146
0.7535,  0.105679
0.7540,  0.108226
0.7545,  0.107486
0.7550,  0.109347
0.7555,  0.107193
0.7560,  0.105472
0.7565,  0.103662
0.7570,  0.106975
0.7575,  0.127000
0.7580,  0.180669
0.7585,  0.283630
0.7590,  0.434033
0.7595,  0.603377
0.7600,  0.730906
0.7605,  0.774704
0.7610,  0.745018
0.7615,  0.701771
0.7620,  0.691989
0.7625,  0.683416
0.7630,  0.662334
0.7635,  0.614561
0.7640,  0.552078
0.7645,  0.484333
0.7650,  0.420606
0.7655,  0.357683
0.7660,  0.299825
0.7665,  0.242504
0.7670,  0.200017
0.7675,  0.170655
0.7680,  0.158383
0.7685,  0.154106
0.7690,  0.150099
0.7695,  0.143335
0.7700,  0.132361
0.7705,  0.129909
0.7710,  0.127060
0.7715,  0.127141
0.7720,  0.125412
0.7725,  0.120109
0.7730,  0.119868
0.7735,  0.111977
0.7740,  0.107163
0.7745,  0.104234
0.7750,  0.105927
0.7755,  0.108541
0.7760,  0.113092
0.7765,  0.116879
0.7770,  0.121285
0.7775,  0.121744
0.7780,  0.120800
0.7785,  0.126336
0.7790,  0.121098
0.7795,  0.120252
0.7800,  0.112595
0.7805,  0.105818
0.7810,  0.106824
0.7815,  0.115731
0.7820,  0.118673
0.7825,  0.121051
0.7830,  0.123163
0.7835,  0.124538
0.7840,  0.120373
0.7845,  0.116560
0.7850,  0.117203
0.7855,  0.113939
0.7860,  0.110287
0.7865,  0.113266
0.7870,  0.121784
0.7875,  0.133353
0.7880,  0.143329
0.7885,  0.143505
0.7890,  0.147654
0.7895,  0.147222
0.7900,  0.142695
0.7905,  0.145063
0.7910,  0.144635
0.7915,  0.139200
0.7920,  0.137956
0.7925,  0.135468
0.7930,  0.127805
0.7935,  0.126580
0.7940,  0.126312
0.7945,  0.129139
0.7950,  0.133859
0.7955,  0.137526
0.7960,  0.140257
0.7965,  0.142964
0.7970,  0.138500
0.7975,  0.132815
0.7980,  0.126427
0.7985,  0.125386
0.7990,  0.127818
0.7995,  0.131743
0.8000,  0.140987
0.8005,  0.146780
0.8010,  0.157319
0.8015,  0.160162
0.8020,  0.147844
0.8025,  0.140560
0.8030,  0.141109
0.8035,  0.143094
0.8040,  0.141639
0.8045,  0.134814
0.8050,  0.133446
0.8055,  0.137082
0.8060,  0.134346
0.8065,  0.128793
0.8070,  0.128711
0.8075,  0.126439
0.8080,  0.126733
0.8085,  0.130989
0.8090,  0.135811
0.8095,  0.143348
0.8100,  0.155118
0.8105,  0.163899
0.8110,  0.173887
0.8115,  0.192816
0.8120,  0.212517
0.8125,  0.235762
0.8130,  0.260588
0.8135,  0.282741
0.8140,  0.307463
0.8145,  0.324596
0.8150,  0.343484
0.8155,  0.349059
0.8160,  0.349691
0.8165,  0.350938
0.8170,  0.343235
0.8175,  0.340699
0.8180,  0.327160
0.8185,  0.308509
0.8190,  0.288310
0.8195,  0.272820
0.8200,  0.250514
0.8205,  0.235843
0.8210,  0.257534
0.8215,  0.292332
0.8220,  0.337043
0.8225,  0.363721
0.8230,  0.336561
0.8235,  0.305119
0.8240,  0.267912
0.8245,  0.242198
0.8250,  0.236729
0.8255,  0.239588
0.8260,  0.251981
0.8265,  0.255022
0.8270,  0.258708
0.8275,  0.257767
0.8280,  0.259667
0.8285,  0.269697
0.8290,  0.266548
0.8295,  0.261431
0.8300,  0.251449
0.8305,  0.253026
0.8310,  0.244300
0.8315,  0.240224
0.8320,  0.229351
0.8325,  0.225208
0.8330,  0.214431
0.8335,  0.198646
0.8340,  0.184284
0.8345,  0.177363
0.8350,  0.174946
0.8355,  0.178338
0.8360,  0.173304
0.8365,  0.164567
0.8370,  0.162555
0.8375,  0.161851
0.8380,  0.150335
0.8385,  0.144409
0.8390,  0.138115
0.8395,  0.137848
0.8400,  0.141572
0.8405,  0.130447
0.8410,  0.121646
0.8415,  0.117441
0.8420,  0.113561
0.8425,  0.124483
0.8430,  0.134718
0.8435,  0.124676
0.8440,  0.106443
0.8445,  0.094381
0.8450,  0.097018
0.8455,  0.097031
0.8460,  0.101706
0.8465,  0.105136
0.8470,  0.109303
0.8475,  0.117848
0.8480,  0.126365
0.8485,  0.121499
0.8490,  0.115591
0.8495,  0.100110
0.8500,  0.079511
0.8505,  0.079323
0.8510,  0.086883
0.8515,  0.095775
0.8520,  0.111213
0.8525,  0.116183
0.8530,  0.118884
0.8535,  0.108930
0.8540,  0.076729
0.8545,  0.086826
0.8550,  0.081149
0.8555,  0.097126
0.8560,  0.110342
0.8565,  0.101382
0.8570,  0.113261
0.8575,  0.115905
0.8580,  0.115749
0.8585,  0.108911
0.8590,  0.098035
0.8595,  0.090686
0.8600,  0.088604
0.8605,  0.094657
0.8610,  0.103924
0.8615,  0.097619
0.8620,  0.082526
0.8625,  0.084781
0.8630,  0.075613
0.8635,  0.079106
0.8640,  0.100432
0.8645,  0.116167
0.8650,  0.114128
0.8655,  0.100039
0.8660,  0.064717
0.8665,  0.065908
0.8670,  0.062066
0.8675,  0.058957
0.8680,  0.052172
0.8685,  0.061070
0.8690,  0.073064
0.8695,  0.083228
0.8700,  0.092039
0.8705,  0.085279
0.8710,  0.087866
0.8715,  0.096489
0.8720,  0.108104
0.8725,  0.113238
0.8730,  0.110059
0.8735,  0.103977
0.8740,  0.109831
0.8745,  0.108647
0.8750,  0.107560
0.8755,  0.107015
0.8760,  0.101860
0.8765,  0.106341
0.8770,  0.102186
0.8775,  0.107802
0.8780,  0.114142
0.8785,  0.101775
0.8790,  0.100238
0.8795,  0.100707
0.8800,  0.096893
0.8805,  0.102139
0.8810,  0.096456
0.8815,  0.089866
0.8820,  0.089773
0.8825,  0.091238
0.8830,  0.080848
0.8835,  0.068340
0.8840,  0.067064
0.8845,  0.070297
0.8850,  0.085486
0.8855,  0.100020
0.8860,  0.108554
0.8865,  0.102190
0.8870,  0.089150
0.8875,  0.095748
0.8880,  0.093409
0.8885,  0.089364
0.8890,  0.090469
0.8895,  0.095828
0.8900,  0.109845
