0.3500,  4.743989
0.3505,  4.239932
0.3510,  3.877586
0.3515,  3.757312
0.3520,  3.545794
0.3525,  3.308080
0.3530,  3.103967
0.3535,  2.857284
0.3540,  2.622503
0.3545,  2.433764
0.3550,  2.309386
0.3555,  2.268060
0.3560,  2.273236
0.3565,  2.379884
0.3570,  2.668095
0.3575,  2.972875
0.3580,  3.495520
0.3585,  3.939393
0.3590,  4.264120
0.3595,  4.367277
0.3600,  4.140389
0.3605,  3.766014
0.3610,  3.313539
0.3615,  2.900708
0.3620,  2.690680
0.3625,  2.525834
0.3630,  2.326638
0.3635,  2.141156
0.3640,  1.975883
0.3645,  1.823400
0.3650,  1.725966
0.3655,  1.664503
0.3660,  1.573296
0.3665,  1.517281
0.3670,  1.446640
0.3675,  1.386163
0.3680,  1.319408
0.3685,  1.256663
0.3690,  1.285937
0.3695,  1.326894
0.3700,  1.289007
0.3705,  1.249012
0.3710,  1.273266
0.3715,  1.315328
0.3720,  1.315377
0.3725,  1.325448
0.3730,  1.335200
0.3735,  1.342666
0.3740,  1.405079
0.3745,  1.442190
0.3750,  1.527599
0.3755,  1.573752
0.3760,  1.519629
0.3765,  1.430752
0.3770,  1.399176
0.3775,  1.374020
0.3780,  1.315844
0.3785,  1.290965
0.3790,  1.184566
0.3795,  1.079029
0.3800,  1.133563
0.3805,  1.190748
0.3810,  1.177203
0.3815,  1.193300
0.3820,  1.159753
0.3825,  1.140058
0.3830,  1.236400
0.3835,  1.307356
0.3840,  1.559587
0.3845,  1.728990
0.3850,  1.733300
0.3855,  1.708373
0.3860,  1.633746
0.3865,  1.575337
0.3870,  1.526217
0.3875,  1.483325
0.3880,  1.424555
0.3885,  1.341684
0.3890,  1.342537
0.3895,  1.327389
0.3900,  1.265500
0.3905,  1.208924
0.3910,  1.183944
0.3915,  1.194853
0.3920,  1.098017
0.3925,  1.028240
0.3930,  0.909759
0.3935,  0.728580
0.3940,  1.103225
0.3945,  1.359332
0.3950,  1.466096
0.3955,  1.533227
0.3960,  1.325335
0.3965,  1.083739
0.3970,  1.078582
0.3975,  1.040219
0.3980,  1.183894
0.3985,  1.240882
0.3990,  1.141169
0.3995,  1.061408
0.4000,  0.967301
0.4005,  0.887517
0.4010,  0.835310
0.4015,  0.796237
0.4020,  0.754672
0.4025,  0.730843
0.4030,  0.694851
0.4035,  0.658296
0.4040,  0.643496
0.4045,  0.637666
0.4050,  0.634646
0.4055,  0.636920
0.4060,  0.625870
0.4065,  0.614280
0.4070,  0.633660
0.4075,  0.648941
0.4080,  0.676945
0.4085,  0.697432
0.4090,  0.679918
0.4095,  0.662933
0.4100,  0.603709
0.4105,  0.543229
0.4110,  0.616680
0.4115,  0.681346
0.4120,  0.662160
0.4125,  0.641355
0.4130,  0.620807
0.4135,  0.605835
0.4140,  0.595656
0.4145,  0.584767
0.4150,  0.581266
0.4155,  0.576691
0.4160,  0.595641
0.4165,  0.616458
0.4170,  0.573241
0.4175,  0.526162
0.4180,  0.532856
0.4185,  0.545938
0.4190,  0.555129
0.4195,  0.559178
0.4200,  0.574693
0.4205,  0.591740
0.4210,  0.601032
0.4215,  0.613524
0.4220,  0.560112
0.4225,  0.498780
0.4230,  0.536093
0.4235,  0.572300
0.4240,  0.584841
0.4245,  0.600489
0.4250,  0.581571
0.4255,  0.563867
0.4260,  0.569571
0.4265,  0.578682
0.4270,  0.548758
0.4275,  0.516370
0.4280,  0.534480
0.4285,  0.557733
0.4290,  0.552959
0.4295,  0.550110
0.4300,  0.468547
0.4305,  0.364296
0.4310,  0.581341
0.4315,  0.739317
0.4320,  0.706104
0.4325,  0.664861
0.4330,  0.657476
0.4335,  0.648335
0.4340,  0.608376
0.4345,  0.572291
0.4350,  0.560854
0.4355,  0.550098
0.4360,  0.581295
0.4365,  0.614786
0.4370,  0.571886
0.4375,  0.539434
0.4380,  0.482924
0.4385,  0.418054
0.4390,  0.490410
0.4395,  0.556406
0.4400,  0.527381
0.4405,  0.490987
0.4410,  0.532883
0.4415,  0.571279
0.4420,  0.567097
0.4425,  0.555759
0.4430,  0.519609
0.4435,  0.490651
0.4440,  0.497765
0.4445,  0.507689
0.4450,  0.470020
0.4455,  0.427463
0.4460,  0.440797
0.4465,  0.453614
0.4470,  0.487821
0.4475,  0.518837
0.4480,  0.485412
0.4485,  0.448518
0.4490,  0.448902
0.4495,  0.446893
0.4500,  0.462299
0.4505,  0.476696
0.4510,  0.463092
0.4515,  0.452218
0.4520,  0.417377
0.4525,  0.386263
0.4530,  0.398929
0.4535,  0.410134
0.4540,  0.420455
0.4545,  0.426129
0.4550,  0.436936
0.4555,  0.444641
0.4560,  0.445387
0.4565,  0.448881
0.4570,  0.446931
0.4575,  0.448633
0.4580,  0.420128
0.4585,  0.393355
0.4590,  0.405225
0.4595,  0.414163
0.4600,  0.420145
0.4605,  0.425249
0.4610,  0.424081
0.4615,  0.421488
0.4620,  0.427828
0.4625,  0.436126
0.4630,  0.417867
0.4635,  0.402604
0.4640,  0.392178
0.4645,  0.382782
0.4650,  0.404688
0.4655,  0.428197
0.4660,  0.403995
0.4665,  0.379856
0.4670,  0.403935
0.4675,  0.421738
0.4680,  0.415400
0.4685,  0.413765
0.4690,  0.414950
0.4695,  0.416684
0.4700,  0.391564
0.4705,  0.360738
0.4710,  0.389515
0.4715,  0.416763
0.4720,  0.415405
0.4725,  0.414429
0.4730,  0.398986
0.4735,  0.382640
0.4740,  0.390527
0.4745,  0.400761
0.4750,  0.387939
0.4755,  0.373037
0.4760,  0.353287
0.4765,  0.335896
0.4770,  0.360266
0.4775,  0.383684
0.4780,  0.363777
0.4785,  0.344408
0.4790,  0.356504
0.4795,  0.366735
0.4800,  0.353874
0.4805,  0.344103
0.4810,  0.353157
0.4815,  0.362226
0.4820,  0.343535
0.4825,  0.330133
0.4830,  0.327891
0.4835,  0.327649
0.4840,  0.321662
0.4845,  0.321471
0.4850,  0.305728
0.4855,  0.293032
0.4860,  0.261651
0.4865,  0.220360
0.4870,  0.284108
0.4875,  0.334890
0.4880,  0.345718
0.4885,  0.352587
0.4890,  0.348979
0.4895,  0.345240
0.4900,  0.344233
0.4905,  0.347586
0.4910,  0.317684
0.4915,  0.289561
0.4920,  0.288151
0.4925,  0.286744
0.4930,  0.283480
0.4935,  0.275823
0.4940,  0.307593
0.4945,  0.339702
0.4950,  0.301208
0.4955,  0.264790
0.4960,  0.280819
0.4965,  0.297309
0.4970,  0.296395
0.4975,  0.298596
0.4980,  0.265783
0.4985,  0.230572
0.4990,  0.257611
0.4995,  0.285198
0.5000,  0.262096
0.5005,  0.238987
0.5010,  0.233649
0.5015,  0.224856
0.5020,  0.245830
0.5025,  0.265809
0.5030,  0.274310
0.5035,  0.281476
0.5040,  0.264727
0.5045,  0.246021
0.5050,  0.268480
0.5055,  0.289533
0.5060,  0.274920
0.5065,  0.262912
0.5070,  0.250014
0.5075,  0.238418
0.5080,  0.241795
0.5085,  0.244418
0.5090,  0.243126
0.5095,  0.240576
0.5100,  0.245426
0.5105,  0.250321
0.5110,  0.260711
0.5115,  0.270957
0.5120,  0.241880
0.5125,  0.214705
0.5130,  0.219479
0.5135,  0.222051
0.5140,  0.230898
0.5145,  0.238033
0.5150,  0.246838
0.5155,  0.259005
0.5160,  0.214831
0.5165,  0.172139
0.5170,  0.205528
0.5175,  0.234767
0.5180,  0.222775
0.5185,  0.201415
0.5190,  0.241204
0.5195,  0.276520
0.5200,  0.266018
0.5205,  0.254374
0.5210,  0.261651
0.5215,  0.270376
0.5220,  0.243682
0.5225,  0.218831
0.5230,  0.233353
0.5235,  0.245845
0.5240,  0.256226
0.5245,  0.267047
0.5250,  0.258616
0.5255,  0.255200
0.5260,  0.201294
0.5265,  0.144093
0.5270,  0.193902
0.5275,  0.235004
0.5280,  0.247365
0.5285,  0.255255
0.5290,  0.250622
0.5295,  0.244614
0.5300,  0.244410
0.5305,  0.245746
0.5310,  0.243883
0.5315,  0.246368
0.5320,  0.206316
0.5325,  0.165498
0.5330,  0.211426
0.5335,  0.251581
0.5340,  0.233970
0.5345,  0.213122
0.5350,  0.238724
0.5355,  0.265505
0.5360,  0.237049
0.5365,  0.210504
0.5370,  0.216256
0.5375,  0.221217
0.5380,  0.229211
0.5385,  0.238118
0.5390,  0.224722
0.5395,  0.213189
0.5400,  0.203715
0.5405,  0.192854
0.5410,  0.223226
0.5415,  0.250660
0.5420,  0.236635
0.5425,  0.222401
0.5430,  0.234582
0.5435,  0.242824
0.5440,  0.238510
0.5445,  0.236472
0.5450,  0.241191
0.5455,  0.245226
0.5460,  0.240470
0.5465,  0.236482
0.5470,  0.227260
0.5475,  0.217318
0.5480,  0.227005
0.5485,  0.235247
0.5490,  0.242022
0.5495,  0.248440
0.5500,  0.239087
0.5505,  0.230797
0.5510,  0.234661
0.5515,  0.237721
0.5520,  0.232034
0.5525,  0.227179
0.5530,  0.236151
0.5535,  0.244237
0.5540,  0.247239
0.5545,  0.248415
0.5550,  0.248436
0.5555,  0.251211
0.5560,  0.236711
0.5565,  0.223381
0.5570,  0.233758
0.5575,  0.245069
0.5580,  0.235330
0.5585,  0.224925
0.5590,  0.235221
0.5595,  0.244452
0.5600,  0.252821
0.5605,  0.259047
0.5610,  0.253997
0.5615,  0.246227
0.5620,  0.250453
0.5625,  0.256576
0.5630,  0.258273
0.5635,  0.260633
0.5640,  0.260620
0.5645,  0.262547
0.5650,  0.252371
0.5655,  0.241690
0.5660,  0.251476
0.5665,  0.259235
0.5670,  0.271606
0.5675,  0.285786
0.5680,  0.268253
0.5685,  0.251227
0.5690,  0.266117
0.5695,  0.281446
0.5700,  0.263219
0.5705,  0.245018
0.5710,  0.261918
0.5715,  0.271943
0.5720,  0.284973
0.5725,  0.296271
0.5730,  0.287452
0.5735,  0.280965
0.5740,  0.278660
0.5745,  0.278449
0.5750,  0.271669
0.5755,  0.263521
0.5760,  0.268341
0.5765,  0.276390
0.5770,  0.283955
0.5775,  0.290543
0.5780,  0.275668
0.5785,  0.257663
0.5790,  0.268408
0.5795,  0.277408
0.5800,  0.277686
0.5805,  0.278320
0.5810,  0.280351
0.5815,  0.282144
0.5820,  0.285012
0.5825,  0.285457
0.5830,  0.277285
0.5835,  0.272095
0.5840,  0.274138
0.5845,  0.280524
0.5850,  0.268768
0.5855,  0.256353
0.5860,  0.274697
0.5865,  0.290689
0.5870,  0.296615
0.5875,  0.305383
0.5880,  0.293628
0.5885,  0.287042
0.5890,  0.270380
0.5895,  0.246272
0.5900,  0.307847
0.5905,  0.357878
0.5910,  0.344673
0.5915,  0.330237
0.5920,  0.327441
0.5925,  0.325740
0.5930,  0.317201
0.5935,  0.316214
0.5940,  0.313518
0.5945,  0.312251
0.5950,  0.319693
0.5955,  0.322988
0.5960,  0.325722
0.5965,  0.328189
0.5970,  0.319605
0.5975,  0.313481
0.5980,  0.307672
0.5985,  0.304085
0.5990,  0.314603
0.5995,  0.323419
0.6000,  0.317509
0.6005,  0.313329
0.6010,  0.315929
0.6015,  0.316061
0.6020,  0.304306
0.6025,  0.290939
0.6030,  0.305034
0.6035,  0.322438
0.6040,  0.321194
0.6045,  0.321244
0.6050,  0.320120
0.6055,  0.314670
0.6060,  0.311973
0.6065,  0.309927
0.6070,  0.307596
0.6075,  0.309229
0.6080,  0.310808
0.6085,  0.316585
0.6090,  0.326658
0.6095,  0.332390
0.6100,  0.324321
0.6105,  0.313761
0.6110,  0.324663
0.6115,  0.335089
0.6120,  0.325927
0.6125,  0.318824
0.6130,  0.318046
0.6135,  0.319726
0.6140,  0.333221
0.6145,  0.344518
0.6150,  0.347906
0.6155,  0.352779
0.6160,  0.329314
0.6165,  0.303043
0.6170,  0.332068
0.6175,  0.358801
0.6180,  0.363481
0.6185,  0.366913
0.6190,  0.363088
0.6195,  0.354611
0.6200,  0.358578
0.6205,  0.362918
0.6210,  0.350746
0.6215,  0.340759
0.6220,  0.353091
0.6225,  0.365155
0.6230,  0.356760
0.6235,  0.351043
0.6240,  0.354785
0.6245,  0.356226
0.6250,  0.352775
0.6255,  0.348472
0.6260,  0.367519
0.6265,  0.385583
0.6270,  0.389116
0.6275,  0.392935
0.6280,  0.399149
0.6285,  0.406695
0.6290,  0.406909
0.6295,  0.404153
0.6300,  0.397937
0.6305,  0.389473
0.6310,  0.380437
0.6315,  0.377376
0.6320,  0.374486
0.6325,  0.376422
0.6330,  0.381239
0.6335,  0.385458
0.6340,  0.388872
0.6345,  0.392301
0.6350,  0.395877
0.6355,  0.397076
0.6360,  0.399129
0.6365,  0.393393
0.6370,  0.386008
0.6375,  0.379835
0.6380,  0.375828
0.6385,  0.376768
0.6390,  0.379086
0.6395,  0.382239
0.6400,  0.386380
0.6405,  0.390477
0.6410,  0.390930
0.6415,  0.392587
0.6420,  0.391999
0.6425,  0.390873
0.6430,  0.388779
0.6435,  0.388559
0.6440,  0.391433
0.6445,  0.398304
0.6450,  0.408288
0.6455,  0.416267
0.6460,  0.422887
0.6465,  0.427302
0.6470,  0.429603
0.6475,  0.424046
0.6480,  0.419083
0.6485,  0.414136
0.6490,  0.412074
0.6495,  0.420103
0.6500,  0.426068
0.6505,  0.430836
0.6510,  0.438261
0.6515,  0.438906
0.6520,  0.441437
0.6525,  0.439678
0.6530,  0.434675
0.6535,  0.420669
0.6540,  0.413738
0.6545,  0.411570
0.6550,  0.418241
0.6555,  0.425653
0.6560,  0.431010
0.6565,  0.429223
0.6570,  0.403973
0.6575,  0.417676
0.6580,  0.427592
0.6585,  0.436973
0.6590,  0.448724
0.6595,  0.437849
0.6600,  0.432240
0.6605,  0.425977
0.6610,  0.421717
0.6615,  0.414859
0.6620,  0.410535
0.6625,  0.408838
0.6630,  0.413361
0.6635,  0.424382
0.6640,  0.432071
0.6645,  0.439420
0.6650,  0.442983
0.6655,  0.439608
0.6660,  0.433411
0.6665,  0.428255
0.6670,  0.424670
0.6675,  0.426593
0.6680,  0.425637
0.6685,  0.430175
0.6690,  0.436835
0.6695,  0.439190
0.6700,  0.443000
0.6705,  0.444448
0.6710,  0.448052
0.6715,  0.451595
0.6720,  0.452529
0.6725,  0.451592
0.6730,  0.447549
0.6735,  0.441375
0.6740,  0.440370
0.6745,  0.441226
0.6750,  0.446189
0.6755,  0.453192
0.6760,  0.460696
0.6765,  0.466723
0.6770,  0.471329
0.6775,  0.472698
0.6780,  0.471920
0.6785,  0.470644
0.6790,  0.466359
0.6795,  0.465132
0.6800,  0.467921
0.6805,  0.468293
0.6810,  0.470315
0.6815,  0.473757
0.6820,  0.482047
0.6825,  0.492625
0.6830,  0.500469
0.6835,  0.504320
0.6840,  0.503406
0.6845,  0.502122
0.6850,  0.501322
0.6855,  0.513625
0.6860,  0.543875
0.6865,  0.593367
0.6870,  0.648317
0.6875,  0.687777
0.6880,  0.710631
0.6885,  0.712162
0.6890,  0.710672
0.6895,  0.707756
0.6900,  0.697171
0.6905,  0.681164
0.6910,  0.664886
0.6915,  0.655390
0.6920,  0.645209
0.6925,  0.639400
0.6930,  0.640889
0.6935,  0.637801
0.6940,  0.641925
0.6945,  0.642611
0.6950,  0.645172
0.6955,  0.640309
0.6960,  0.630091
0.6965,  0.619398
0.6970,  0.610948
0.6975,  0.610890
0.6980,  0.616319
0.6985,  0.623782
0.6990,  0.632355
0.6995,  0.636353
0.7000,  0.637357
0.7005,  0.640151
0.7010,  0.638776
0.7015,  0.642091
0.7020,  0.644297
0.7025,  0.645774
0.7030,  0.644713
0.7035,  0.649004
0.7040,  0.649345
0.7045,  0.651615
0.7050,  0.652793
0.7055,  0.646775
0.7060,  0.644538
0.7065,  0.648171
0.7070,  0.648397
0.7075,  0.642550
0.7080,  0.636850
0.7085,  0.634527
0.7090,  0.633103
0.7095,  0.636774
0.7100,  0.638035
0.7105,  0.636416
0.7110,  0.643145
0.7115,  0.650456
0.7120,  0.657069
0.7125,  0.662036
0.7130,  0.664390
0.7135,  0.663058
0.7140,  0.665286
0.7145,  0.667510
0.7150,  0.674305
0.7155,  0.687107
0.7160,  0.722268
0.7165,  0.770617
0.7170,  0.839681
0.7175,  0.913497
0.7180,  0.986353
0.7185,  1.042603
0.7190,  1.072230
0.7195,  1.097895
0.7200,  1.103473
0.7205,  1.074651
0.7210,  1.023205
0.7215,  0.965414
0.7220,  0.932889
0.7225,  0.928719
0.7230,  0.952630
0.7235,  0.990249
0.7240,  1.029301
0.7245,  1.055744
0.7250,  1.062428
0.7255,  1.059664
0.7260,  1.054428
0.7265,  1.049237
0.7270,  1.048206
0.7275,  1.039642
0.7280,  1.039126
0.7285,  1.035588
0.7290,  1.029700
0.7295,  1.034590
0.7300,  1.032082
0.7305,  1.023456
0.7310,  1.018151
0.7315,  1.002987
0.7320,  0.976484
0.7325,  0.949669
0.7330,  0.926630
0.7335,  0.896601
0.7340,  0.878298
0.7345,  0.867252
0.7350,  0.869328
0.7355,  0.870946
0.7360,  0.873071
0.7365,  0.873555
0.7370,  0.873593
0.7375,  0.865614
0.7380,  0.860721
0.7385,  0.855838
0.7390,  0.854218
0.7395,  0.850924
0.7400,  0.847538
0.7405,  0.846095
0.7410,  0.851863
0.7415,  0.867476
0.7420,  0.865285
0.7425,  0.863711
0.7430,  0.858977
0.7435,  0.843352
0.7440,  0.839964
0.7445,  0.842364
0.7450,  0.845275
0.7455,  0.852978
0.7460,  0.861882
0.7465,  0.864470
0.7470,  0.867178
0.7475,  0.866466
0.7480,  0.860055
0.7485,  0.854686
0.7490,  0.850040
0.7495,  0.854756
0.7500,  0.859078
0.7505,  0.870535
0.7510,  0.881625
0.7515,  0.893572
0.7520,  0.899340
0.7525,  0.900492
0.7530,  0.899767
0.7535,  0.901752
0.7540,  0.895477
0.7545,  0.886744
0.7550,  0.887673
0.7555,  0.890965
0.7560,  0.907306
0.7565,  0.926251
0.7570,  0.938065
0.7575,  0.960394
0.7580,  1.003105
0.7585,  1.088867
0.7590,  1.277025
0.7595,  1.657043
0.7600,  2.470074
0.7605,  4.466487
0.7610,  Infinity
0.7615,  Infinity
0.7620,  Infinity
0.7625,  Infinity
0.7630,  Infinity
0.7635,  Infinity
0.7640,  Infinity
0.7645,  7.144298
0.7650,  4.043800
0.7655,  2.802884
0.7660,  2.278283
0.7665,  1.940515
0.7670,  1.721054
0.7675,  1.553380
0.7680,  1.432199
0.7685,  1.341478
0.7690,  1.270083
0.7695,  1.219766
0.7700,  1.186620
0.7705,  1.161655
0.7710,  1.142674
0.7715,  1.152910
0.7720,  1.139348
0.7725,  1.126913
0.7730,  1.124746
0.7735,  1.123378
0.7740,  1.125420
0.7745,  1.142684
0.7750,  1.149261
0.7755,  1.152101
0.7760,  1.156834
0.7765,  1.155111
0.7770,  1.147823
0.7775,  1.148537
0.7780,  1.158248
0.7785,  1.154385
0.7790,  1.149436
0.7795,  1.166974
0.7800,  1.193813
0.7805,  1.216667
0.7810,  1.228432
0.7815,  1.220142
0.7820,  1.210782
0.7825,  1.218639
0.7830,  1.224562
0.7835,  1.239033
0.7840,  1.276679
0.7845,  1.313894
0.7850,  1.349277
0.7855,  1.340955
0.7860,  1.342840
0.7865,  1.352134
0.7870,  1.365609
0.7875,  1.375199
0.7880,  1.386729
0.7885,  1.383588
0.7890,  1.407209
0.7895,  1.440073
0.7900,  1.463356
0.7905,  1.478055
0.7910,  1.513964
0.7915,  1.561532
0.7920,  1.598001
0.7925,  1.608734
0.7930,  1.585731
0.7935,  1.573923
0.7940,  1.558080
0.7945,  1.562696
0.7950,  1.564064
0.7955,  1.586146
0.7960,  1.603813
0.7965,  1.630658
0.7970,  1.661468
0.7975,  1.677204
0.7980,  1.672222
0.7985,  1.655969
0.7990,  1.636075
0.7995,  1.618147
0.8000,  1.638003
0.8005,  1.667248
0.8010,  1.719795
0.8015,  1.731940
0.8020,  1.761560
0.8025,  1.767003
0.8030,  1.785055
0.8035,  1.784994
0.8040,  1.815049
0.8045,  1.842125
0.8050,  1.846314
0.8055,  1.852319
0.8060,  1.846382
0.8065,  1.864078
0.8070,  1.879536
0.8075,  1.926329
0.8080,  1.970061
0.8085,  1.985787
0.8090,  2.046605
0.8095,  2.095387
0.8100,  2.152255
0.8105,  2.209563
0.8110,  2.300297
0.8115,  2.405806
0.8120,  2.545583
0.8125,  2.963948
0.8130,  3.412250
0.8135,  4.034541
0.8140,  5.166397
0.8145,  6.177701
0.8150,  7.244758
0.8155,  Infinity
0.8160,  Infinity
0.8165,  Infinity
0.8170,  Infinity
0.8175,  Infinity
0.8180,  Infinity
0.8185,  Infinity
0.8190,  Infinity
0.8195,  Infinity
0.8200,  Infinity
0.8205,  Infinity
0.8210,  Infinity
0.8215,  Infinity
0.8220,  Infinity
0.8225,  Infinity
0.8230,  Infinity
0.8235,  Infinity
0.8240,  Infinity
0.8245,  Infinity
0.8250,  Infinity
0.8255,  Infinity
0.8260,  Infinity
0.8265,  Infinity
0.8270,  Infinity
0.8275,  Infinity
0.8280,  Infinity
0.8285,  Infinity
0.8290,  Infinity
0.8295,  Infinity
0.8300,  Infinity
0.8305,  Infinity
0.8310,  Infinity
0.8315,  Infinity
0.8320,  Infinity
0.8325,  Infinity
0.8330,  Infinity
0.8335,  Infinity
0.8340,  Infinity
0.8345,  Infinity
0.8350,  Infinity
0.8355,  Infinity
0.8360,  Infinity
0.8365,  Infinity
0.8370,  Infinity
0.8375,  Infinity
0.8380,  Infinity
0.8385,  Infinity
0.8390,  Infinity
0.8395,  Infinity
0.8400,  Infinity
0.8405,  Infinity
0.8410,  Infinity
0.8415,  Infinity
0.8420,  Infinity
0.8425,  Infinity
0.8430,  Infinity
0.8435,  Infinity
0.8440,  Infinity
0.8445,  Infinity
0.8450,  Infinity
0.8455,  Infinity
0.8460,  Infinity
0.8465,  Infinity
0.8470,  Infinity
0.8475,  Infinity
0.8480,  Infinity
0.8485,  Infinity
0.8490,  Infinity
0.8495,  Infinity
0.8500,  Infinity
0.8505,  Infinity
0.8510,  Infinity
0.8515,  Infinity
0.8520,  Infinity
0.8525,  Infinity
0.8530,  Infinity
0.8535,  Infinity
0.8540,  Infinity
0.8545,  Infinity
0.8550,  Infinity
0.8555,  Infinity
0.8560,  Infinity
0.8565,  Infinity
0.8570,  Infinity
0.8575,  Infinity
0.8580,  Infinity
0.8585,  Infinity
0.8590,  Infinity
0.8595,  Infinity
0.8600,  Infinity
0.8605,  Infinity
0.8610,  Infinity
0.8615,  Infinity
0.8620,  Infinity
0.8625,  Infinity
0.8630,  Infinity
0.8635,  Infinity
0.8640,  Infinity
0.8645,  Infinity
0.8650,  Infinity
0.8655,  Infinity
0.8660,  Infinity
0.8665,  Infinity
0.8670,  Infinity
0.8675,  Infinity
0.8680,  Infinity
0.8685,  Infinity
0.8690,  Infinity
0.8695,  Infinity
0.8700,  Infinity
0.8705,  Infinity
0.8710,  Infinity
0.8715,  Infinity
0.8720,  Infinity
0.8725,  Infinity
0.8730,  Infinity
0.8735,  Infinity
0.8740,  Infinity
0.8745,  Infinity
0.8750,  Infinity
0.8755,  Infinity
0.8760,  Infinity
0.8765,  Infinity
0.8770,  Infinity
0.8775,  Infinity
0.8780,  Infinity
0.8785,  Infinity
0.8790,  Infinity
0.8795,  Infinity
0.8800,  Infinity
0.8805,  Infinity
0.8810,  Infinity
0.8815,  Infinity
0.8820,  Infinity
0.8825,  Infinity
0.8830,  Infinity
0.8835,  Infinity
0.8840,  Infinity
0.8845,  Infinity
0.8850,  Infinity
0.8855,  Infinity
0.8860,  Infinity
0.8865,  Infinity
0.8870,  Infinity
0.8875,  Infinity
0.8880,  Infinity
0.8885,  Infinity
0.8890,  Infinity
0.8895,  Infinity
0.8900,  Infinity
