0.3500,  1.254939
0.3505,  1.292269
0.3510,  1.239751
0.3515,  1.184234
0.3520,  1.136103
0.3525,  1.073440
0.3530,  1.087301
0.3535,  1.102013
0.3540,  1.114864
0.3545,  1.126508
0.3550,  1.076040
0.3555,  1.056258
0.3560,  1.020939
0.3565,  1.019017
0.3570,  1.022288
0.3575,  1.019312
0.3580,  1.015708
0.3585,  0.974431
0.3590,  1.124104
0.3595,  1.241687
0.3600,  1.210436
0.3605,  1.174814
0.3610,  1.107679
0.3615,  1.032603
0.3620,  1.058965
0.3625,  1.084845
0.3630,  1.044055
0.3635,  1.009959
0.3640,  0.977195
0.3645,  0.938804
0.3650,  0.939460
0.3655,  0.935266
0.3660,  0.919528
0.3665,  0.904820
0.3670,  0.847394
0.3675,  0.807044
0.3680,  0.758505
0.3685,  0.712608
0.3690,  0.745594
0.3695,  0.780845
0.3700,  0.744866
0.3705,  0.714662
0.3710,  0.737962
0.3715,  0.760858
0.3720,  0.733569
0.3725,  0.710846
0.3730,  0.687957
0.3735,  0.668653
0.3740,  0.695129
0.3745,  0.709905
0.3750,  0.795761
0.3755,  0.859463
0.3760,  0.847738
0.3765,  0.822324
0.3770,  0.852278
0.3775,  0.874704
0.3780,  0.850818
0.3785,  0.842528
0.3790,  0.740256
0.3795,  0.630476
0.3800,  0.679516
0.3805,  0.730679
0.3810,  0.703289
0.3815,  0.693149
0.3820,  0.622779
0.3825,  0.547460
0.3830,  0.562936
0.3835,  0.568453
0.3840,  0.766507
0.3845,  0.904775
0.3850,  0.910083
0.3855,  0.903663
0.3860,  0.871241
0.3865,  0.837097
0.3870,  0.808192
0.3875,  0.784782
0.3880,  0.749402
0.3885,  0.708909
0.3890,  0.748899
0.3895,  0.778151
0.3900,  0.765323
0.3905,  0.750046
0.3910,  0.748106
0.3915,  0.763068
0.3920,  0.658902
0.3925,  0.564290
0.3930,  0.415567
0.3935,  0.200669
0.3940,  0.512530
0.3945,  0.730009
0.3950,  0.831351
0.3955,  0.919053
0.3960,  0.751841
0.3965,  0.545363
0.3970,  0.559060
0.3975,  0.548564
0.3980,  0.722629
0.3985,  0.826280
0.3990,  0.778334
0.3995,  0.739491
0.4000,  0.677578
0.4005,  0.619091
0.4010,  0.581626
0.4015,  0.552744
0.4020,  0.520230
0.4025,  0.501090
0.4030,  0.467385
0.4035,  0.439810
0.4040,  0.433256
0.4045,  0.433020
0.4050,  0.436099
0.4055,  0.440925
0.4060,  0.429097
0.4065,  0.413353
0.4070,  0.427765
0.4075,  0.438125
0.4080,  0.462821
0.4085,  0.486605
0.4090,  0.476115
0.4095,  0.465900
0.4100,  0.418069
0.4105,  0.366486
0.4110,  0.434789
0.4115,  0.493735
0.4120,  0.473650
0.4125,  0.449175
0.4130,  0.430969
0.4135,  0.420026
0.4140,  0.414777
0.4145,  0.406539
0.4150,  0.399186
0.4155,  0.392332
0.4160,  0.413750
0.4165,  0.437548
0.4170,  0.395119
0.4175,  0.348793
0.4180,  0.355646
0.4185,  0.366950
0.4190,  0.378233
0.4195,  0.385246
0.4200,  0.401527
0.4205,  0.412216
0.4210,  0.416291
0.4215,  0.424296
0.4220,  0.374643
0.4225,  0.319319
0.4230,  0.357925
0.4235,  0.391395
0.4240,  0.400094
0.4245,  0.414403
0.4250,  0.402207
0.4255,  0.388257
0.4260,  0.392283
0.4265,  0.398847
0.4270,  0.366766
0.4275,  0.334143
0.4280,  0.348040
0.4285,  0.362475
0.4290,  0.349183
0.4295,  0.347229
0.4300,  0.265766
0.4305,  0.167736
0.4310,  0.368061
0.4315,  0.522294
0.4320,  0.490791
0.4325,  0.451746
0.4330,  0.445441
0.4335,  0.444392
0.4340,  0.412341
0.4345,  0.382722
0.4350,  0.379197
0.4355,  0.375372
0.4360,  0.409562
0.4365,  0.443051
0.4370,  0.403538
0.4375,  0.371780
0.4380,  0.317213
0.4385,  0.255987
0.4390,  0.325357
0.4395,  0.390372
0.4400,  0.362622
0.4405,  0.328363
0.4410,  0.369604
0.4415,  0.405297
0.4420,  0.401169
0.4425,  0.396043
0.4430,  0.367804
0.4435,  0.343919
0.4440,  0.351480
0.4445,  0.360917
0.4450,  0.327535
0.4455,  0.290101
0.4460,  0.306209
0.4465,  0.318192
0.4470,  0.353473
0.4475,  0.386357
0.4480,  0.358152
0.4485,  0.325500
0.4490,  0.325004
0.4495,  0.323482
0.4500,  0.333992
0.4505,  0.349063
0.4510,  0.338837
0.4515,  0.328493
0.4520,  0.295519
0.4525,  0.265831
0.4530,  0.273600
0.4535,  0.282601
0.4540,  0.289915
0.4545,  0.297813
0.4550,  0.309876
0.4555,  0.319280
0.4560,  0.322735
0.4565,  0.325433
0.4570,  0.323572
0.4575,  0.325337
0.4580,  0.298726
0.4585,  0.273277
0.4590,  0.284310
0.4595,  0.291974
0.4600,  0.296664
0.4605,  0.300206
0.4610,  0.301656
0.4615,  0.302484
0.4620,  0.309725
0.4625,  0.315716
0.4630,  0.298035
0.4635,  0.285020
0.4640,  0.274755
0.4645,  0.265958
0.4650,  0.286492
0.4655,  0.308066
0.4660,  0.283339
0.4665,  0.259437
0.4670,  0.283367
0.4675,  0.303454
0.4680,  0.299066
0.4685,  0.298003
0.4690,  0.297500
0.4695,  0.298400
0.4700,  0.273841
0.4705,  0.248378
0.4710,  0.278538
0.4715,  0.307571
0.4720,  0.304440
0.4725,  0.300990
0.4730,  0.289099
0.4735,  0.276626
0.4740,  0.284890
0.4745,  0.296886
0.4750,  0.289842
0.4755,  0.280043
0.4760,  0.264759
0.4765,  0.250402
0.4770,  0.273005
0.4775,  0.293623
0.4780,  0.274350
0.4785,  0.256851
0.4790,  0.269154
0.4795,  0.280657
0.4800,  0.270585
0.4805,  0.263083
0.4810,  0.272853
0.4815,  0.281334
0.4820,  0.264528
0.4825,  0.252479
0.4830,  0.253575
0.4835,  0.255315
0.4840,  0.249718
0.4845,  0.249736
0.4850,  0.233536
0.4855,  0.221543
0.4860,  0.192689
0.4865,  0.153536
0.4870,  0.212180
0.4875,  0.260514
0.4880,  0.273279
0.4885,  0.281498
0.4890,  0.279258
0.4895,  0.276050
0.4900,  0.273460
0.4905,  0.275909
0.4910,  0.249484
0.4915,  0.226869
0.4920,  0.227765
0.4925,  0.226044
0.4930,  0.220909
0.4935,  0.212484
0.4940,  0.243701
0.4945,  0.275420
0.4950,  0.243311
0.4955,  0.209507
0.4960,  0.226276
0.4965,  0.243018
0.4970,  0.242869
0.4975,  0.244588
0.4980,  0.212599
0.4985,  0.178867
0.4990,  0.205268
0.4995,  0.231665
0.5000,  0.210930
0.5005,  0.189886
0.5010,  0.185029
0.5015,  0.177159
0.5020,  0.197702
0.5025,  0.216543
0.5030,  0.225254
0.5035,  0.231044
0.5040,  0.215723
0.5045,  0.198113
0.5050,  0.220671
0.5055,  0.242311
0.5060,  0.228988
0.5065,  0.217913
0.5070,  0.205757
0.5075,  0.193495
0.5080,  0.195824
0.5085,  0.198146
0.5090,  0.196652
0.5095,  0.194280
0.5100,  0.199697
0.5105,  0.204471
0.5110,  0.214654
0.5115,  0.224029
0.5120,  0.195415
0.5125,  0.167834
0.5130,  0.169893
0.5135,  0.173179
0.5140,  0.182667
0.5145,  0.191157
0.5150,  0.201204
0.5155,  0.214829
0.5160,  0.173363
0.5165,  0.131952
0.5170,  0.161497
0.5175,  0.187042
0.5180,  0.174256
0.5185,  0.153887
0.5190,  0.191134
0.5195,  0.224028
0.5200,  0.214183
0.5205,  0.203653
0.5210,  0.211372
0.5215,  0.221076
0.5220,  0.198394
0.5225,  0.175852
0.5230,  0.189969
0.5235,  0.200717
0.5240,  0.209160
0.5245,  0.220028
0.5250,  0.212788
0.5255,  0.210473
0.5260,  0.159654
0.5265,  0.105977
0.5270,  0.152305
0.5275,  0.190752
0.5280,  0.201779
0.5285,  0.210016
0.5290,  0.206615
0.5295,  0.202536
0.5300,  0.203097
0.5305,  0.204861
0.5310,  0.204283
0.5315,  0.208622
0.5320,  0.169154
0.5325,  0.129376
0.5330,  0.170717
0.5335,  0.208316
0.5340,  0.192833
0.5345,  0.174830
0.5350,  0.199867
0.5355,  0.224644
0.5360,  0.196875
0.5365,  0.170909
0.5370,  0.175822
0.5375,  0.180403
0.5380,  0.188290
0.5385,  0.196155
0.5390,  0.183626
0.5395,  0.174273
0.5400,  0.165187
0.5405,  0.154341
0.5410,  0.183033
0.5415,  0.209076
0.5420,  0.194903
0.5425,  0.180333
0.5430,  0.191717
0.5435,  0.200430
0.5440,  0.197777
0.5445,  0.195935
0.5450,  0.200484
0.5455,  0.203339
0.5460,  0.199349
0.5465,  0.195596
0.5470,  0.186772
0.5475,  0.177684
0.5480,  0.184634
0.5485,  0.190393
0.5490,  0.196625
0.5495,  0.202798
0.5500,  0.195662
0.5505,  0.188895
0.5510,  0.191253
0.5515,  0.193472
0.5520,  0.189538
0.5525,  0.185434
0.5530,  0.193498
0.5535,  0.201283
0.5540,  0.204423
0.5545,  0.205623
0.5550,  0.206659
0.5555,  0.208894
0.5560,  0.194253
0.5565,  0.180262
0.5570,  0.188866
0.5575,  0.199123
0.5580,  0.190667
0.5585,  0.180033
0.5590,  0.188169
0.5595,  0.196628
0.5600,  0.204407
0.5605,  0.209546
0.5610,  0.203605
0.5615,  0.197917
0.5620,  0.202465
0.5625,  0.208669
0.5630,  0.212223
0.5635,  0.215905
0.5640,  0.217511
0.5645,  0.219055
0.5650,  0.209553
0.5655,  0.200552
0.5660,  0.208423
0.5665,  0.214437
0.5670,  0.226978
0.5675,  0.239791
0.5680,  0.223154
0.5685,  0.207313
0.5690,  0.222184
0.5695,  0.237179
0.5700,  0.219742
0.5705,  0.200700
0.5710,  0.214367
0.5715,  0.223161
0.5720,  0.233905
0.5725,  0.243976
0.5730,  0.236820
0.5735,  0.232120
0.5740,  0.231824
0.5745,  0.231937
0.5750,  0.225177
0.5755,  0.217165
0.5760,  0.223833
0.5765,  0.230079
0.5770,  0.234246
0.5775,  0.239517
0.5780,  0.223631
0.5785,  0.205998
0.5790,  0.216018
0.5795,  0.224797
0.5800,  0.224401
0.5805,  0.224811
0.5810,  0.226804
0.5815,  0.229130
0.5820,  0.232948
0.5825,  0.235103
0.5830,  0.229884
0.5835,  0.223633
0.5840,  0.224724
0.5845,  0.230374
0.5850,  0.218077
0.5855,  0.205497
0.5860,  0.222563
0.5865,  0.236999
0.5870,  0.243458
0.5875,  0.253062
0.5880,  0.242899
0.5885,  0.235119
0.5890,  0.218207
0.5895,  0.195138
0.5900,  0.253855
0.5905,  0.302147
0.5910,  0.290263
0.5915,  0.276654
0.5920,  0.274823
0.5925,  0.273021
0.5930,  0.265548
0.5935,  0.262312
0.5940,  0.258375
0.5945,  0.255796
0.5950,  0.262118
0.5955,  0.263805
0.5960,  0.265349
0.5965,  0.266878
0.5970,  0.258117
0.5975,  0.252151
0.5980,  0.245978
0.5985,  0.241293
0.5990,  0.250070
0.5995,  0.260316
0.6000,  0.256490
0.6005,  0.253857
0.6010,  0.256866
0.6015,  0.256910
0.6020,  0.246594
0.6025,  0.235329
0.6030,  0.248311
0.6035,  0.261716
0.6040,  0.260431
0.6045,  0.259650
0.6050,  0.258962
0.6055,  0.255187
0.6060,  0.251057
0.6065,  0.246866
0.6070,  0.244919
0.6075,  0.246239
0.6080,  0.245328
0.6085,  0.247631
0.6090,  0.253243
0.6095,  0.258070
0.6100,  0.251099
0.6105,  0.241910
0.6110,  0.251326
0.6115,  0.260537
0.6120,  0.249847
0.6125,  0.242228
0.6130,  0.243244
0.6135,  0.244271
0.6140,  0.258359
0.6145,  0.269442
0.6150,  0.272009
0.6155,  0.275042
0.6160,  0.251873
0.6165,  0.225936
0.6170,  0.251166
0.6175,  0.275719
0.6180,  0.281371
0.6185,  0.286617
0.6190,  0.282924
0.6195,  0.277820
0.6200,  0.282907
0.6205,  0.288007
0.6210,  0.274609
0.6215,  0.261763
0.6220,  0.267967
0.6225,  0.276350
0.6230,  0.268883
0.6235,  0.263206
0.6240,  0.268504
0.6245,  0.272048
0.6250,  0.269174
0.6255,  0.264205
0.6260,  0.279867
0.6265,  0.295201
0.6270,  0.296568
0.6275,  0.297304
0.6280,  0.298911
0.6285,  0.304020
0.6290,  0.307495
0.6295,  0.311023
0.6300,  0.308064
0.6305,  0.302764
0.6310,  0.297006
0.6315,  0.296797
0.6320,  0.294719
0.6325,  0.293383
0.6330,  0.292781
0.6335,  0.292475
0.6340,  0.294508
0.6345,  0.297269
0.6350,  0.301576
0.6355,  0.306288
0.6360,  0.308730
0.6365,  0.304877
0.6370,  0.297960
0.6375,  0.290885
0.6380,  0.287535
0.6385,  0.286431
0.6390,  0.287005
0.6395,  0.286079
0.6400,  0.287080
0.6405,  0.290443
0.6410,  0.292126
0.6415,  0.296102
0.6420,  0.294969
0.6425,  0.290237
0.6430,  0.285217
0.6435,  0.283580
0.6440,  0.285425
0.6445,  0.289057
0.6450,  0.297192
0.6455,  0.302880
0.6460,  0.309734
0.6465,  0.315251
0.6470,  0.318028
0.6475,  0.314989
0.6480,  0.311402
0.6485,  0.309755
0.6490,  0.306704
0.6495,  0.314449
0.6500,  0.318172
0.6505,  0.322788
0.6510,  0.330454
0.6515,  0.332585
0.6520,  0.333678
0.6525,  0.330723
0.6530,  0.329057
0.6535,  0.317418
0.6540,  0.309901
0.6545,  0.307856
0.6550,  0.313493
0.6555,  0.317568
0.6560,  0.317720
0.6565,  0.309017
0.6570,  0.282615
0.6575,  0.293274
0.6580,  0.303424
0.6585,  0.315081
0.6590,  0.327847
0.6595,  0.322983
0.6600,  0.318951
0.6605,  0.312444
0.6610,  0.307886
0.6615,  0.300955
0.6620,  0.296585
0.6625,  0.295433
0.6630,  0.295637
0.6635,  0.301156
0.6640,  0.305240
0.6645,  0.308474
0.6650,  0.311283
0.6655,  0.310431
0.6660,  0.306660
0.6665,  0.302772
0.6670,  0.296455
0.6675,  0.297189
0.6680,  0.296118
0.6685,  0.297537
0.6690,  0.301701
0.6695,  0.302542
0.6700,  0.306057
0.6705,  0.307603
0.6710,  0.312382
0.6715,  0.317765
0.6720,  0.322517
0.6725,  0.325694
0.6730,  0.320529
0.6735,  0.314955
0.6740,  0.314211
0.6745,  0.315344
0.6750,  0.315687
0.6755,  0.318432
0.6760,  0.318026
0.6765,  0.320851
0.6770,  0.327078
0.6775,  0.332066
0.6780,  0.332944
0.6785,  0.333338
0.6790,  0.332660
0.6795,  0.329782
0.6800,  0.324528
0.6805,  0.319986
0.6810,  0.318679
0.6815,  0.319782
0.6820,  0.321046
0.6825,  0.323369
0.6830,  0.329972
0.6835,  0.335189
0.6840,  0.338328
0.6845,  0.340659
0.6850,  0.342375
0.6855,  0.352502
0.6860,  0.376834
0.6865,  0.416754
0.6870,  0.463928
0.6875,  0.493636
0.6880,  0.508498
0.6885,  0.508380
0.6890,  0.506550
0.6895,  0.504680
0.6900,  0.501969
0.6905,  0.495467
0.6910,  0.482224
0.6915,  0.471313
0.6920,  0.460860
0.6925,  0.453496
0.6930,  0.450607
0.6935,  0.447836
0.6940,  0.447845
0.6945,  0.445683
0.6950,  0.441668
0.6955,  0.434766
0.6960,  0.427176
0.6965,  0.419292
0.6970,  0.414000
0.6975,  0.416447
0.6980,  0.423895
0.6985,  0.429198
0.6990,  0.432489
0.6995,  0.433498
0.7000,  0.434278
0.7005,  0.433476
0.7010,  0.428709
0.7015,  0.433073
0.7020,  0.436177
0.7025,  0.439612
0.7030,  0.440034
0.7035,  0.443874
0.7040,  0.445538
0.7045,  0.446670
0.7050,  0.449613
0.7055,  0.448886
0.7060,  0.446959
0.7065,  0.440268
0.7070,  0.437997
0.7075,  0.431567
0.7080,  0.426939
0.7085,  0.423085
0.7090,  0.420174
0.7095,  0.422230
0.7100,  0.420640
0.7105,  0.418667
0.7110,  0.418643
0.7115,  0.419778
0.7120,  0.418808
0.7125,  0.423086
0.7130,  0.425036
0.7135,  0.431979
0.7140,  0.439501
0.7145,  0.447061
0.7150,  0.453536
0.7155,  0.463281
0.7160,  0.483511
0.7165,  0.514147
0.7170,  0.562176
0.7175,  0.615700
0.7180,  0.666298
0.7185,  0.710407
0.7190,  0.745189
0.7195,  0.775751
0.7200,  0.781388
0.7205,  0.758006
0.7210,  0.714823
0.7215,  0.662131
0.7220,  0.626875
0.7225,  0.620535
0.7230,  0.631964
0.7235,  0.653529
0.7240,  0.683329
0.7245,  0.702932
0.7250,  0.720019
0.7255,  0.725884
0.7260,  0.727171
0.7265,  0.727283
0.7270,  0.733005
0.7275,  0.735825
0.7280,  0.732234
0.7285,  0.722136
0.7290,  0.713172
0.7295,  0.710147
0.7300,  0.703667
0.7305,  0.695108
0.7310,  0.686072
0.7315,  0.675651
0.7320,  0.658685
0.7325,  0.632274
0.7330,  0.600504
0.7335,  0.573006
0.7340,  0.548283
0.7345,  0.536012
0.7350,  0.530531
0.7355,  0.532472
0.7360,  0.534222
0.7365,  0.534954
0.7370,  0.532543
0.7375,  0.526072
0.7380,  0.522343
0.7385,  0.524981
0.7390,  0.522158
0.7395,  0.511272
0.7400,  0.502323
0.7405,  0.495902
0.7410,  0.491236
0.7415,  0.496047
0.7420,  0.502270
0.7425,  0.504854
0.7430,  0.509290
0.7435,  0.514710
0.7440,  0.516591
0.7445,  0.515157
0.7450,  0.510179
0.7455,  0.508489
0.7460,  0.504546
0.7465,  0.503815
0.7470,  0.503586
0.7475,  0.504415
0.7480,  0.511107
0.7485,  0.518069
0.7490,  0.517870
0.7495,  0.521678
0.7500,  0.529773
0.7505,  0.538330
0.7510,  0.534860
0.7515,  0.523074
0.7520,  0.516502
0.7525,  0.513619
0.7530,  0.517965
0.7535,  0.522781
0.7540,  0.530006
0.7545,  0.530172
0.7550,  0.531517
0.7555,  0.532538
0.7560,  0.530815
0.7565,  0.530394
0.7570,  0.526524
0.7575,  0.531585
0.7580,  0.549940
0.7585,  0.602816
0.7590,  0.716983
0.7595,  0.933761
0.7600,  1.270072
0.7605,  1.670950
0.7610,  1.980703
0.7615,  2.078050
0.7620,  1.977769
0.7625,  1.868375
0.7630,  1.820120
0.7635,  1.769901
0.7640,  1.664373
0.7645,  1.510422
0.7650,  1.359997
0.7655,  1.233456
0.7660,  1.111442
0.7665,  1.005654
0.7670,  0.899250
0.7675,  0.819514
0.7680,  0.760692
0.7685,  0.709290
0.7690,  0.677297
0.7695,  0.652358
0.7700,  0.643549
0.7705,  0.640154
0.7710,  0.638000
0.7715,  0.636774
0.7720,  0.641906
0.7725,  0.633225
0.7730,  0.630232
0.7735,  0.623687
0.7740,  0.623005
0.7745,  0.615067
0.7750,  0.613564
0.7755,  0.614830
0.7760,  0.613039
0.7765,  0.617668
0.7770,  0.624450
0.7775,  0.634980
0.7780,  0.636842
0.7785,  0.635300
0.7790,  0.637686
0.7795,  0.638507
0.7800,  0.638552
0.7805,  0.635013
0.7810,  0.624004
0.7815,  0.618202
0.7820,  0.611987
0.7825,  0.613513
0.7830,  0.625345
0.7835,  0.639212
0.7840,  0.652186
0.7845,  0.653176
0.7850,  0.649496
0.7855,  0.635810
0.7860,  0.636533
0.7865,  0.636543
0.7870,  0.642126
0.7875,  0.653336
0.7880,  0.668578
0.7885,  0.687006
0.7890,  0.706844
0.7895,  0.717188
0.7900,  0.716850
0.7905,  0.718909
0.7910,  0.714227
0.7915,  0.717489
0.7920,  0.723369
0.7925,  0.728419
0.7930,  0.743328
0.7935,  0.750038
0.7940,  0.756711
0.7945,  0.758840
0.7950,  0.770035
0.7955,  0.780046
0.7960,  0.785715
0.7965,  0.789030
0.7970,  0.791182
0.7975,  0.789625
0.7980,  0.772192
0.7985,  0.757595
0.7990,  0.759325
0.7995,  0.776855
0.8000,  0.789392
0.8005,  0.800943
0.8010,  0.813474
0.8015,  0.812730
0.8020,  0.808346
0.8025,  0.806684
0.8030,  0.800203
0.8035,  0.794538
0.8040,  0.801151
0.8045,  0.818190
0.8050,  0.823254
0.8055,  0.819983
0.8060,  0.827757
0.8065,  0.830939
0.8070,  0.818030
0.8075,  0.802662
0.8080,  0.805502
0.8085,  0.803097
0.8090,  0.798274
0.8095,  0.814985
0.8100,  0.837695
0.8105,  0.874330
0.8110,  0.900069
0.8115,  0.926365
0.8120,  0.961054
0.8125,  0.998861
0.8130,  1.042491
0.8135,  1.091579
0.8140,  1.133996
0.8145,  1.201014
0.8150,  1.267978
0.8155,  1.332476
0.8160,  1.388668
0.8165,  1.454375
0.8170,  1.514841
0.8175,  1.544141
0.8180,  1.523392
0.8185,  1.496154
0.8190,  1.449987
0.8195,  1.391328
0.8200,  1.316919
0.8205,  1.264820
0.8210,  1.238123
0.8215,  1.257042
0.8220,  1.345812
0.8225,  1.485958
0.8230,  1.557646
0.8235,  1.547091
0.8240,  1.482213
0.8245,  1.371158
0.8250,  1.277439
0.8255,  1.225158
0.8260,  1.212428
0.8265,  1.234907
0.8270,  1.291314
0.8275,  1.319571
0.8280,  1.366559
0.8285,  1.397705
0.8290,  1.412645
0.8295,  1.403531
0.8300,  1.379601
0.8305,  1.338347
0.8310,  1.308763
0.8315,  1.290048
0.8320,  1.277495
0.8325,  1.309959
0.8330,  1.334342
0.8335,  1.336641
0.8340,  1.321556
0.8345,  1.289314
0.8350,  1.249597
0.8355,  1.206620
0.8360,  1.182453
0.8365,  1.145546
0.8370,  1.106699
0.8375,  1.090979
0.8380,  1.088102
0.8385,  1.108763
0.8390,  1.123824
0.8395,  1.111788
0.8400,  1.111629
0.8405,  1.096265
0.8410,  1.096966
0.8415,  1.087265
0.8420,  1.092137
0.8425,  1.076222
0.8430,  1.093740
0.8435,  1.112911
0.8440,  1.144271
0.8445,  1.162386
0.8450,  1.175549
0.8455,  1.191872
0.8460,  1.173830
0.8465,  1.169485
0.8470,  1.156387
0.8475,  1.140193
0.8480,  1.117917
0.8485,  1.115431
0.8490,  1.161580
0.8495,  1.246034
0.8500,  1.311393
0.8505,  1.349918
0.8510,  1.375930
0.8515,  1.355560
0.8520,  1.331560
0.8525,  1.310388
0.8530,  1.340761
0.8535,  1.422534
0.8540,  1.512747
0.8545,  1.607319
0.8550,  1.626230
0.8555,  1.594627
0.8560,  1.546482
0.8565,  1.456984
0.8570,  1.389314
0.8575,  1.357977
0.8580,  1.364960
0.8585,  1.405115
0.8590,  1.446137
0.8595,  1.472332
0.8600,  1.514819
0.8605,  1.538941
0.8610,  1.532566
0.8615,  1.555570
0.8620,  1.538079
0.8625,  1.481540
0.8630,  1.437380
0.8635,  1.449783
0.8640,  1.480178
0.8645,  1.500438
0.8650,  1.620035
0.8655,  1.831298
0.8660,  2.002528
0.8665,  2.265158
0.8670,  2.356845
0.8675,  2.192131
0.8680,  2.034247
0.8685,  1.852541
0.8690,  1.753899
0.8695,  1.702446
0.8700,  1.745502
0.8705,  1.799307
0.8710,  1.852142
0.8715,  1.960193
0.8720,  1.969439
0.8725,  1.943990
0.8730,  1.972805
0.8735,  2.017187
0.8740,  2.107027
0.8745,  2.107556
0.8750,  2.139918
0.8755,  2.171774
0.8760,  2.237292
0.8765,  2.386526
0.8770,  2.522161
0.8775,  2.680975
0.8780,  2.679428
0.8785,  2.636968
0.8790,  2.646023
0.8795,  2.557360
0.8800,  2.571561
0.8805,  2.642792
0.8810,  2.765773
0.8815,  3.246175
0.8820,  3.483304
0.8825,  3.939472
0.8830,  5.064408
0.8835,  4.486671
0.8840,  4.027698
0.8845,  3.493338
0.8850,  3.243753
0.8855,  3.414910
0.8860,  3.571281
0.8865,  4.090921
0.8870,  4.803817
0.8875,  5.010116
0.8880,  5.701689
0.8885,  6.977023
0.8890,  5.376112
0.8895,  4.846203
0.8900,  4.892615
