0.3500,  0.171224
0.3505,  0.242347
0.3510,  0.208697
0.3515,  0.170541
0.3520,  0.129091
0.3525,  0.086355
0.3530,  0.136459
0.3535,  0.183562
0.3540,  0.202561
0.3545,  0.236563
0.3550,  0.211636
0.3555,  0.191492
0.3560,  0.150222
0.3565,  0.109256
0.3570,  0.073417
0.3575,  0.028225
0.3580,  -0.016758
0.3585,  -0.079825
0.3590,  0.092857
0.3595,  0.236393
0.3600,  0.221467
0.3605,  0.205606
0.3610,  0.152616
0.3615,  0.092091
0.3620,  0.133184
0.3625,  0.176499
0.3630,  0.166000
0.3635,  0.152494
0.3640,  0.143105
0.3645,  0.128856
0.3650,  0.167890
0.3655,  0.204404
0.3660,  0.217858
0.3665,  0.235335
0.3670,  0.207513
0.3675,  0.184429
0.3680,  0.150079
0.3685,  0.113934
0.3690,  0.158455
0.3695,  0.206001
0.3700,  0.174376
0.3705,  0.140814
0.3710,  0.160161
0.3715,  0.183400
0.3720,  0.148286
0.3725,  0.112620
0.3730,  0.074942
0.3735,  0.034050
0.3740,  0.042401
0.3745,  0.047959
0.3750,  0.133943
0.3755,  0.204910
0.3760,  0.201232
0.3765,  0.185921
0.3770,  0.231688
0.3775,  0.272722
0.3780,  0.266897
0.3785,  0.271818
0.3790,  0.176032
0.3795,  0.069187
0.3800,  0.125287
0.3805,  0.188335
0.3810,  0.161764
0.3815,  0.141841
0.3820,  0.050516
0.3825,  -0.061837
0.3830,  -0.090762
0.3835,  -0.131825
0.3840,  0.043049
0.3845,  0.172949
0.3850,  0.182995
0.3855,  0.195584
0.3860,  0.182841
0.3865,  0.172696
0.3870,  0.166366
0.3875,  0.159987
0.3880,  0.143588
0.3885,  0.121071
0.3890,  0.178985
0.3895,  0.226701
0.3900,  0.228068
0.3905,  0.229042
0.3910,  0.245139
0.3915,  0.278301
0.3920,  0.183090
0.3925,  0.082066
0.3930,  -0.100557
0.3935,  -0.358444
0.3940,  -0.060119
0.3945,  0.151516
0.3950,  0.257830
0.3955,  0.356824
0.3960,  0.189133
0.3965,  -0.020346
0.3970,  0.002800
0.3975,  0.003232
0.3980,  0.204685
0.3985,  0.343565
0.3990,  0.324043
0.3995,  0.312549
0.4000,  0.278927
0.4005,  0.246846
0.4010,  0.230752
0.4015,  0.223324
0.4020,  0.209832
0.4025,  0.201711
0.4030,  0.174346
0.4035,  0.148260
0.4040,  0.141203
0.4045,  0.139805
0.4050,  0.140989
0.4055,  0.143031
0.4060,  0.126660
0.4065,  0.109918
0.4070,  0.122278
0.4075,  0.132377
0.4080,  0.160505
0.4085,  0.186957
0.4090,  0.180047
0.4095,  0.175727
0.4100,  0.129925
0.4105,  0.075668
0.4110,  0.148348
0.4115,  0.212958
0.4120,  0.196639
0.4125,  0.178071
0.4130,  0.160676
0.4135,  0.147788
0.4140,  0.140740
0.4145,  0.133507
0.4150,  0.133197
0.4155,  0.131932
0.4160,  0.156799
0.4165,  0.184822
0.4170,  0.146870
0.4175,  0.102387
0.4180,  0.108582
0.4185,  0.115789
0.4190,  0.120268
0.4195,  0.119639
0.4200,  0.133178
0.4205,  0.146740
0.4210,  0.152122
0.4215,  0.161914
0.4220,  0.111993
0.4225,  0.057586
0.4230,  0.094963
0.4235,  0.130531
0.4240,  0.144848
0.4245,  0.163889
0.4250,  0.149705
0.4255,  0.131699
0.4260,  0.133743
0.4265,  0.139918
0.4270,  0.108479
0.4275,  0.076422
0.4280,  0.088909
0.4285,  0.105283
0.4290,  0.090959
0.4295,  0.082054
0.4300,  -0.003323
0.4305,  -0.112859
0.4310,  0.086127
0.4315,  0.235837
0.4320,  0.204321
0.4325,  0.171086
0.4330,  0.174998
0.4335,  0.181526
0.4340,  0.152913
0.4345,  0.125400
0.4350,  0.125929
0.4355,  0.125008
0.4360,  0.167408
0.4365,  0.210184
0.4370,  0.178625
0.4375,  0.154864
0.4380,  0.103618
0.4385,  0.040453
0.4390,  0.110069
0.4395,  0.173104
0.4400,  0.141194
0.4405,  0.103995
0.4410,  0.145100
0.4415,  0.182094
0.4420,  0.181523
0.4425,  0.179809
0.4430,  0.153824
0.4435,  0.133476
0.4440,  0.145560
0.4445,  0.159152
0.4450,  0.127176
0.4455,  0.090785
0.4460,  0.106794
0.4465,  0.119752
0.4470,  0.155768
0.4475,  0.189245
0.4480,  0.160872
0.4485,  0.129801
0.4490,  0.134863
0.4495,  0.136029
0.4500,  0.153165
0.4505,  0.170440
0.4510,  0.160549
0.4515,  0.156769
0.4520,  0.125394
0.4525,  0.095178
0.4530,  0.104898
0.4535,  0.114573
0.4540,  0.121150
0.4545,  0.124812
0.4550,  0.134167
0.4555,  0.143976
0.4560,  0.148798
0.4565,  0.151098
0.4570,  0.153359
0.4575,  0.158442
0.4580,  0.133092
0.4585,  0.107238
0.4590,  0.117934
0.4595,  0.126357
0.4600,  0.132352
0.4605,  0.137013
0.4610,  0.136350
0.4615,  0.135048
0.4620,  0.143490
0.4625,  0.153178
0.4630,  0.138346
0.4635,  0.128031
0.4640,  0.119265
0.4645,  0.109245
0.4650,  0.129717
0.4655,  0.152027
0.4660,  0.129128
0.4665,  0.105937
0.4670,  0.131004
0.4675,  0.150464
0.4680,  0.144529
0.4685,  0.143114
0.4690,  0.145059
0.4695,  0.148488
0.4700,  0.128000
0.4705,  0.102809
0.4710,  0.133760
0.4715,  0.164349
0.4720,  0.164638
0.4725,  0.165798
0.4730,  0.155192
0.4735,  0.144580
0.4740,  0.155664
0.4745,  0.168810
0.4750,  0.162711
0.4755,  0.156149
0.4760,  0.143143
0.4765,  0.129533
0.4770,  0.154267
0.4775,  0.177700
0.4780,  0.159690
0.4785,  0.142771
0.4790,  0.156510
0.4795,  0.168646
0.4800,  0.157355
0.4805,  0.148684
0.4810,  0.159819
0.4815,  0.171054
0.4820,  0.159833
0.4825,  0.149355
0.4830,  0.151672
0.4835,  0.156480
0.4840,  0.155086
0.4845,  0.158402
0.4850,  0.142869
0.4855,  0.129006
0.4860,  0.094449
0.4865,  0.048159
0.4870,  0.104012
0.4875,  0.150752
0.4880,  0.163110
0.4885,  0.172303
0.4890,  0.170566
0.4895,  0.170316
0.4900,  0.173403
0.4905,  0.181790
0.4910,  0.158373
0.4915,  0.135373
0.4920,  0.138678
0.4925,  0.139624
0.4930,  0.135366
0.4935,  0.125229
0.4940,  0.157765
0.4945,  0.190202
0.4950,  0.155724
0.4955,  0.122111
0.4960,  0.142561
0.4965,  0.162469
0.4970,  0.166089
0.4975,  0.172786
0.4980,  0.142719
0.4985,  0.108655
0.4990,  0.134982
0.4995,  0.162760
0.5000,  0.142153
0.5005,  0.120524
0.5010,  0.114586
0.5015,  0.104564
0.5020,  0.124907
0.5025,  0.145144
0.5030,  0.155678
0.5035,  0.163631
0.5040,  0.146251
0.5045,  0.125091
0.5050,  0.146678
0.5055,  0.169631
0.5060,  0.157713
0.5065,  0.148612
0.5070,  0.138655
0.5075,  0.128195
0.5080,  0.131934
0.5085,  0.133517
0.5090,  0.131867
0.5095,  0.129119
0.5100,  0.133238
0.5105,  0.137837
0.5110,  0.147951
0.5115,  0.158243
0.5120,  0.130944
0.5125,  0.106682
0.5130,  0.112718
0.5135,  0.115994
0.5140,  0.122500
0.5145,  0.126839
0.5150,  0.135651
0.5155,  0.151832
0.5160,  0.112918
0.5165,  0.071039
0.5170,  0.100117
0.5175,  0.122765
0.5180,  0.104643
0.5185,  0.078724
0.5190,  0.114473
0.5195,  0.148650
0.5200,  0.139938
0.5205,  0.130554
0.5210,  0.139989
0.5215,  0.152177
0.5220,  0.129205
0.5225,  0.105933
0.5230,  0.119436
0.5235,  0.129662
0.5240,  0.138380
0.5245,  0.150591
0.5250,  0.146113
0.5255,  0.147044
0.5260,  0.096556
0.5265,  0.039805
0.5270,  0.082957
0.5275,  0.117655
0.5280,  0.126175
0.5285,  0.132349
0.5290,  0.128818
0.5295,  0.125915
0.5300,  0.127212
0.5305,  0.131994
0.5310,  0.134183
0.5315,  0.141164
0.5320,  0.102922
0.5325,  0.059914
0.5330,  0.101497
0.5335,  0.137793
0.5340,  0.118493
0.5345,  0.097756
0.5350,  0.124625
0.5355,  0.153570
0.5360,  0.127283
0.5365,  0.100703
0.5370,  0.104373
0.5375,  0.109410
0.5380,  0.118381
0.5385,  0.128786
0.5390,  0.117270
0.5395,  0.106027
0.5400,  0.094220
0.5405,  0.081020
0.5410,  0.109623
0.5415,  0.135321
0.5420,  0.118541
0.5425,  0.102080
0.5430,  0.113752
0.5435,  0.122638
0.5440,  0.119153
0.5445,  0.116125
0.5450,  0.120741
0.5455,  0.125077
0.5460,  0.122166
0.5465,  0.119921
0.5470,  0.109647
0.5475,  0.099677
0.5480,  0.106496
0.5485,  0.112816
0.5490,  0.118994
0.5495,  0.125612
0.5500,  0.117171
0.5505,  0.110070
0.5510,  0.113519
0.5515,  0.116462
0.5520,  0.111582
0.5525,  0.106601
0.5530,  0.114225
0.5535,  0.121705
0.5540,  0.123795
0.5545,  0.126996
0.5550,  0.129157
0.5555,  0.131763
0.5560,  0.117538
0.5565,  0.104345
0.5570,  0.113247
0.5575,  0.124473
0.5580,  0.115502
0.5585,  0.105548
0.5590,  0.112254
0.5595,  0.116669
0.5600,  0.122775
0.5605,  0.126408
0.5610,  0.119510
0.5615,  0.112533
0.5620,  0.116944
0.5625,  0.122963
0.5630,  0.125941
0.5635,  0.129990
0.5640,  0.131399
0.5645,  0.132878
0.5650,  0.121986
0.5655,  0.109735
0.5660,  0.115780
0.5665,  0.121827
0.5670,  0.134185
0.5675,  0.146964
0.5680,  0.129423
0.5685,  0.113852
0.5690,  0.130791
0.5695,  0.147519
0.5700,  0.128253
0.5705,  0.104843
0.5710,  0.114564
0.5715,  0.119887
0.5720,  0.129614
0.5725,  0.140660
0.5730,  0.134370
0.5735,  0.130197
0.5740,  0.129819
0.5745,  0.129250
0.5750,  0.121324
0.5755,  0.112178
0.5760,  0.115568
0.5765,  0.120635
0.5770,  0.126296
0.5775,  0.131705
0.5780,  0.114129
0.5785,  0.095676
0.5790,  0.104153
0.5795,  0.111310
0.5800,  0.110798
0.5805,  0.110331
0.5810,  0.110654
0.5815,  0.111840
0.5820,  0.115460
0.5825,  0.119118
0.5830,  0.114233
0.5835,  0.110745
0.5840,  0.113698
0.5845,  0.119499
0.5850,  0.105841
0.5855,  0.090057
0.5860,  0.103910
0.5865,  0.119059
0.5870,  0.128962
0.5875,  0.143526
0.5880,  0.134227
0.5885,  0.122457
0.5890,  0.094193
0.5895,  0.058733
0.5900,  0.111613
0.5905,  0.159383
0.5910,  0.149840
0.5915,  0.138491
0.5920,  0.137140
0.5925,  0.137878
0.5930,  0.133248
0.5935,  0.133394
0.5940,  0.129276
0.5945,  0.125254
0.5950,  0.129593
0.5955,  0.128982
0.5960,  0.129762
0.5965,  0.134458
0.5970,  0.128312
0.5975,  0.121414
0.5980,  0.115238
0.5985,  0.108703
0.5990,  0.115856
0.5995,  0.124419
0.6000,  0.121614
0.6005,  0.119144
0.6010,  0.121301
0.6015,  0.120060
0.6020,  0.109086
0.6025,  0.096556
0.6030,  0.110200
0.6035,  0.125065
0.6040,  0.121802
0.6045,  0.121227
0.6050,  0.121041
0.6055,  0.118462
0.6060,  0.116367
0.6065,  0.113565
0.6070,  0.113206
0.6075,  0.113553
0.6080,  0.112045
0.6085,  0.112791
0.6090,  0.117811
0.6095,  0.121677
0.6100,  0.112889
0.6105,  0.101797
0.6110,  0.111846
0.6115,  0.122867
0.6120,  0.113746
0.6125,  0.106991
0.6130,  0.106966
0.6135,  0.105077
0.6140,  0.115785
0.6145,  0.127298
0.6150,  0.130709
0.6155,  0.133257
0.6160,  0.105248
0.6165,  0.074009
0.6170,  0.098727
0.6175,  0.123864
0.6180,  0.129400
0.6185,  0.135181
0.6190,  0.132806
0.6195,  0.128267
0.6200,  0.134885
0.6205,  0.140764
0.6210,  0.126256
0.6215,  0.113471
0.6220,  0.122153
0.6225,  0.132740
0.6230,  0.126406
0.6235,  0.120413
0.6240,  0.126145
0.6245,  0.127392
0.6250,  0.121031
0.6255,  0.111463
0.6260,  0.125352
0.6265,  0.140412
0.6270,  0.142026
0.6275,  0.144462
0.6280,  0.146903
0.6285,  0.150863
0.6290,  0.149521
0.6295,  0.148163
0.6300,  0.144513
0.6305,  0.135722
0.6310,  0.128894
0.6315,  0.127450
0.6320,  0.123948
0.6325,  0.122460
0.6330,  0.124539
0.6335,  0.126350
0.6340,  0.128229
0.6345,  0.132590
0.6350,  0.135511
0.6355,  0.136723
0.6360,  0.136204
0.6365,  0.130718
0.6370,  0.123897
0.6375,  0.120250
0.6380,  0.121100
0.6385,  0.124273
0.6390,  0.127596
0.6395,  0.126769
0.6400,  0.124893
0.6405,  0.122153
0.6410,  0.119251
0.6415,  0.120869
0.6420,  0.119360
0.6425,  0.116268
0.6430,  0.114571
0.6435,  0.115146
0.6440,  0.118407
0.6445,  0.122157
0.6450,  0.129460
0.6455,  0.133425
0.6460,  0.138427
0.6465,  0.140279
0.6470,  0.137358
0.6475,  0.131463
0.6480,  0.129310
0.6485,  0.124688
0.6490,  0.119303
0.6495,  0.124641
0.6500,  0.127143
0.6505,  0.131879
0.6510,  0.138629
0.6515,  0.137792
0.6520,  0.136101
0.6525,  0.132210
0.6530,  0.129389
0.6535,  0.120270
0.6540,  0.118149
0.6545,  0.123708
0.6550,  0.133114
0.6555,  0.131852
0.6560,  0.118889
0.6565,  0.092771
0.6570,  0.056677
0.6575,  0.067883
0.6580,  0.080777
0.6585,  0.095300
0.6590,  0.111198
0.6595,  0.107635
0.6600,  0.103762
0.6605,  0.099994
0.6610,  0.096685
0.6615,  0.092865
0.6620,  0.090906
0.6625,  0.091571
0.6630,  0.092795
0.6635,  0.096020
0.6640,  0.097783
0.6645,  0.100176
0.6650,  0.100611
0.6655,  0.097482
0.6660,  0.091404
0.6665,  0.086433
0.6670,  0.082006
0.6675,  0.083471
0.6680,  0.084031
0.6685,  0.086742
0.6690,  0.089242
0.6695,  0.088905
0.6700,  0.090178
0.6705,  0.091101
0.6710,  0.093243
0.6715,  0.095462
0.6720,  0.094545
0.6725,  0.093489
0.6730,  0.089252
0.6735,  0.082535
0.6740,  0.082856
0.6745,  0.084729
0.6750,  0.086755
0.6755,  0.091558
0.6760,  0.095601
0.6765,  0.096574
0.6770,  0.095037
0.6775,  0.091950
0.6780,  0.088222
0.6785,  0.088633
0.6790,  0.088972
0.6795,  0.087765
0.6800,  0.087774
0.6805,  0.087988
0.6810,  0.087629
0.6815,  0.085495
0.6820,  0.087092
0.6825,  0.089638
0.6830,  0.095842
0.6835,  0.101027
0.6840,  0.103013
0.6845,  0.102262
0.6850,  0.104121
0.6855,  0.123620
0.6860,  0.153246
0.6865,  0.186431
0.6870,  0.210908
0.6875,  0.216641
0.6880,  0.213818
0.6885,  0.208989
0.6890,  0.204178
0.6895,  0.198553
0.6900,  0.190137
0.6905,  0.179879
0.6910,  0.170340
0.6915,  0.165611
0.6920,  0.162429
0.6925,  0.161575
0.6930,  0.165370
0.6935,  0.167556
0.6940,  0.167327
0.6945,  0.165965
0.6950,  0.158391
0.6955,  0.147043
0.6960,  0.135760
0.6965,  0.127516
0.6970,  0.123119
0.6975,  0.128893
0.6980,  0.137615
0.6985,  0.145034
0.6990,  0.152088
0.6995,  0.151415
0.7000,  0.143526
0.7005,  0.137039
0.7010,  0.131072
0.7015,  0.131819
0.7020,  0.133373
0.7025,  0.132424
0.7030,  0.128825
0.7035,  0.130964
0.7040,  0.136930
0.7045,  0.141754
0.7050,  0.145675
0.7055,  0.142504
0.7060,  0.139409
0.7065,  0.133114
0.7070,  0.128975
0.7075,  0.123799
0.7080,  0.120049
0.7085,  0.118747
0.7090,  0.118552
0.7095,  0.117464
0.7100,  0.118361
0.7105,  0.119410
0.7110,  0.122851
0.7115,  0.126916
0.7120,  0.128191
0.7125,  0.128502
0.7130,  0.126954
0.7135,  0.126707
0.7140,  0.127108
0.7145,  0.129703
0.7150,  0.136733
0.7155,  0.153509
0.7160,  0.182652
0.7165,  0.215231
0.7170,  0.254155
0.7175,  0.283754
0.7180,  0.305758
0.7185,  0.321029
0.7190,  0.328459
0.7195,  0.326266
0.7200,  0.308091
0.7205,  0.282982
0.7210,  0.252568
0.7215,  0.230169
0.7220,  0.225535
0.7225,  0.236888
0.7230,  0.252911
0.7235,  0.269386
0.7240,  0.283531
0.7245,  0.291326
0.7250,  0.295851
0.7255,  0.296785
0.7260,  0.295947
0.7265,  0.293406
0.7270,  0.290011
0.7275,  0.284195
0.7280,  0.281606
0.7285,  0.276590
0.7290,  0.271660
0.7295,  0.273471
0.7300,  0.273055
0.7305,  0.269401
0.7310,  0.259876
0.7315,  0.240437
0.7320,  0.218749
0.7325,  0.199851
0.7330,  0.184762
0.7335,  0.169814
0.7340,  0.160460
0.7345,  0.156992
0.7350,  0.156050
0.7355,  0.159455
0.7360,  0.159192
0.7365,  0.152734
0.7370,  0.143646
0.7375,  0.131690
0.7380,  0.129560
0.7385,  0.131115
0.7390,  0.126105
0.7395,  0.120245
0.7400,  0.114892
0.7405,  0.115200
0.7410,  0.112137
0.7415,  0.115653
0.7420,  0.117082
0.7425,  0.116023
0.7430,  0.117437
0.7435,  0.112897
0.7440,  0.108790
0.7445,  0.107046
0.7450,  0.105807
0.7455,  0.104145
0.7460,  0.102071
0.7465,  0.099338
0.7470,  0.102202
0.7475,  0.103682
0.7480,  0.108294
0.7485,  0.108532
0.7490,  0.105968
0.7495,  0.102508
0.7500,  0.098291
0.7505,  0.098711
0.7510,  0.100573
0.7515,  0.101467
0.7520,  0.101937
0.7525,  0.100367
0.7530,  0.099563
0.7535,  0.098748
0.7540,  0.097849
0.7545,  0.096949
0.7550,  0.095286
0.7555,  0.095542
0.7560,  0.098352
0.7565,  0.098443
0.7570,  0.097338
0.7575,  0.104972
0.7580,  0.134825
0.7585,  0.198817
0.7590,  0.306401
0.7595,  0.457312
0.7600,  0.602018
0.7605,  0.680130
0.7610,  0.689651
0.7615,  0.667695
0.7620,  0.654321
0.7625,  0.645812
0.7630,  0.628378
0.7635,  0.591085
0.7640,  0.542052
0.7645,  0.480787
0.7650,  0.420259
0.7655,  0.360784
0.7660,  0.307273
0.7665,  0.255937
0.7670,  0.204100
0.7675,  0.175851
0.7680,  0.156056
0.7685,  0.142629
0.7690,  0.135824
0.7695,  0.129771
0.7700,  0.125154
0.7705,  0.116175
0.7710,  0.106513
0.7715,  0.106698
0.7720,  0.107417
0.7725,  0.101034
0.7730,  0.097519
0.7735,  0.091126
0.7740,  0.087001
0.7745,  0.082686
0.7750,  0.077568
0.7755,  0.081070
0.7760,  0.085013
0.7765,  0.090195
0.7770,  0.098674
0.7775,  0.100516
0.7780,  0.099327
0.7785,  0.096260
0.7790,  0.093727
0.7795,  0.096019
0.7800,  0.094028
0.7805,  0.091239
0.7810,  0.087307
0.7815,  0.082893
0.7820,  0.084925
0.7825,  0.090271
0.7830,  0.093064
0.7835,  0.094155
0.7840,  0.091480
0.7845,  0.090334
0.7850,  0.091601
0.7855,  0.093950
0.7860,  0.093435
0.7865,  0.099297
0.7870,  0.109295
0.7875,  0.116972
0.7880,  0.120511
0.7885,  0.120087
0.7890,  0.118977
0.7895,  0.112325
0.7900,  0.105265
0.7905,  0.107112
0.7910,  0.105199
0.7915,  0.105082
0.7920,  0.108446
0.7925,  0.110896
0.7930,  0.108464
0.7935,  0.109387
0.7940,  0.106395
0.7945,  0.101450
0.7950,  0.098841
0.7955,  0.107866
0.7960,  0.116883
0.7965,  0.117295
0.7970,  0.115084
0.7975,  0.106706
0.7980,  0.103665
0.7985,  0.104362
0.7990,  0.110303
0.7995,  0.120410
0.8000,  0.131198
0.8005,  0.130400
0.8010,  0.125502
0.8015,  0.125497
0.8020,  0.119125
0.8025,  0.114934
0.8030,  0.109948
0.8035,  0.104231
0.8040,  0.107517
0.8045,  0.109309
0.8050,  0.107401
0.8055,  0.101638
0.8060,  0.098132
0.8065,  0.097075
0.8070,  0.096173
0.8075,  0.093170
0.8080,  0.092412
0.8085,  0.095416
0.8090,  0.099171
0.8095,  0.109666
0.8100,  0.124338
0.8105,  0.134022
0.8110,  0.146261
0.8115,  0.160276
0.8120,  0.173461
0.8125,  0.189816
0.8130,  0.209760
0.8135,  0.235081
0.8140,  0.253686
0.8145,  0.266089
0.8150,  0.286173
0.8155,  0.309040
0.8160,  0.322956
0.8165,  0.329654
0.8170,  0.335051
0.8175,  0.328207
0.8180,  0.314343
0.8185,  0.290008
0.8190,  0.258114
0.8195,  0.233945
0.8200,  0.213049
0.8205,  0.203384
0.8210,  0.217738
0.8215,  0.249704
0.8220,  0.292320
0.8225,  0.318409
0.8230,  0.307937
0.8235,  0.273959
0.8240,  0.238139
0.8245,  0.206219
0.8250,  0.187642
0.8255,  0.179817
0.8260,  0.179516
0.8265,  0.183674
0.8270,  0.197590
0.8275,  0.218548
0.8280,  0.237843
0.8285,  0.236268
0.8290,  0.231084
0.8295,  0.220936
0.8300,  0.210399
0.8305,  0.204914
0.8310,  0.197990
0.8315,  0.192827
0.8320,  0.185157
0.8325,  0.183364
0.8330,  0.175169
0.8335,  0.170153
0.8340,  0.162947
0.8345,  0.157387
0.8350,  0.150894
0.8355,  0.143529
0.8360,  0.130642
0.8365,  0.119593
0.8370,  0.114040
0.8375,  0.113798
0.8380,  0.113370
0.8385,  0.115981
0.8390,  0.116490
0.8395,  0.108914
0.8400,  0.105371
0.8405,  0.102744
0.8410,  0.099621
0.8415,  0.098599
0.8420,  0.094738
0.8425,  0.089805
0.8430,  0.090261
0.8435,  0.090669
0.8440,  0.084625
0.8445,  0.083605
0.8450,  0.077816
0.8455,  0.075047
0.8460,  0.083660
0.8465,  0.089330
0.8470,  0.091567
0.8475,  0.089345
0.8480,  0.082862
0.8485,  0.073827
0.8490,  0.071503
0.8495,  0.070557
0.8500,  0.064190
0.8505,  0.073719
0.8510,  0.073761
0.8515,  0.074988
0.8520,  0.090579
0.8525,  0.070028
0.8530,  0.058759
0.8535,  0.053168
0.8540,  0.031947
0.8545,  0.054040
0.8550,  0.062370
0.8555,  0.063725
0.8560,  0.074877
0.8565,  0.069324
0.8570,  0.063488
0.8575,  0.055534
0.8580,  0.057635
0.8585,  0.055989
0.8590,  0.060180
0.8595,  0.060116
0.8600,  0.059027
0.8605,  0.062787
0.8610,  0.063352
0.8615,  0.054595
0.8620,  0.051080
0.8625,  0.050947
0.8630,  0.048631
0.8635,  0.049482
0.8640,  0.059188
0.8645,  0.054434
0.8650,  0.057494
0.8655,  0.047527
0.8660,  0.035100
0.8665,  0.045358
0.8670,  0.049494
0.8675,  0.046057
0.8680,  0.052210
0.8685,  0.056565
0.8690,  0.055491
0.8695,  0.056550
0.8700,  0.059537
0.8705,  0.052307
0.8710,  0.053946
0.8715,  0.058554
0.8720,  0.076380
0.8725,  0.079334
0.8730,  0.073800
0.8735,  0.071188
0.8740,  0.066399
0.8745,  0.056991
0.8750,  0.054029
0.8755,  0.049493
0.8760,  0.054008
0.8765,  0.057898
0.8770,  0.058899
0.8775,  0.058713
0.8780,  0.060400
0.8785,  0.056726
0.8790,  0.057753
0.8795,  0.064475
0.8800,  0.056246
0.8805,  0.052531
0.8810,  0.045506
0.8815,  0.045718
0.8820,  0.040444
0.8825,  0.041789
0.8830,  0.043661
0.8835,  0.047275
0.8840,  0.053668
0.8845,  0.054830
0.8850,  0.059591
0.8855,  0.054660
0.8860,  0.051960
0.8865,  0.058789
0.8870,  0.055081
0.8875,  0.065364
0.8880,  0.073171
0.8885,  0.076701
0.8890,  0.078708
0.8895,  0.074471
0.8900,  0.066527
