0.3500,  0.023587
0.3505,  0.080791
0.3510,  0.058957
0.3515,  0.031262
0.3520,  -0.002539
0.3525,  -0.042265
0.3530,  -0.002117
0.3535,  0.030831
0.3540,  0.049614
0.3545,  0.075274
0.3550,  0.056624
0.3555,  0.048968
0.3560,  0.018600
0.3565,  -0.011662
0.3570,  -0.045773
0.3575,  -0.084453
0.3580,  -0.133590
0.3585,  -0.188708
0.3590,  -0.042933
0.3595,  0.082398
0.3600,  0.065418
0.3605,  0.053687
0.3610,  0.011668
0.3615,  -0.032216
0.3620,  0.013222
0.3625,  0.057120
0.3630,  0.046272
0.3635,  0.033013
0.3640,  0.022101
0.3645,  0.006980
0.3650,  0.034546
0.3655,  0.061207
0.3660,  0.071957
0.3665,  0.088161
0.3670,  0.062736
0.3675,  0.042409
0.3680,  0.013094
0.3685,  -0.019605
0.3690,  0.017792
0.3695,  0.059823
0.3700,  0.032852
0.3705,  0.005542
0.3710,  0.024384
0.3715,  0.047518
0.3720,  0.021247
0.3725,  -0.006867
0.3730,  -0.039096
0.3735,  -0.071195
0.3740,  -0.060648
0.3745,  -0.057974
0.3750,  0.012931
0.3755,  0.073057
0.3760,  0.068874
0.3765,  0.059503
0.3770,  0.106013
0.3775,  0.144001
0.3780,  0.136527
0.3785,  0.139507
0.3790,  0.054116
0.3795,  -0.042604
0.3800,  0.003134
0.3805,  0.052590
0.3810,  0.027780
0.3815,  0.012687
0.3820,  -0.062732
0.3825,  -0.156064
0.3830,  -0.172498
0.3835,  -0.198179
0.3840,  -0.045156
0.3845,  0.071016
0.3850,  0.078270
0.3855,  0.083632
0.3860,  0.067018
0.3865,  0.053990
0.3870,  0.049711
0.3875,  0.044419
0.3880,  0.027319
0.3885,  0.008808
0.3890,  0.064034
0.3895,  0.106745
0.3900,  0.106463
0.3905,  0.106078
0.3910,  0.121089
0.3915,  0.149359
0.3920,  0.065442
0.3925,  -0.018860
0.3930,  -0.173147
0.3935,  -0.394286
0.3940,  -0.134866
0.3945,  0.049000
0.3950,  0.139563
0.3955,  0.225475
0.3960,  0.082446
0.3965,  -0.100049
0.3970,  -0.081591
0.3975,  -0.080202
0.3980,  0.092300
0.3985,  0.210680
0.3990,  0.195618
0.3995,  0.186400
0.4000,  0.154421
0.4005,  0.125660
0.4010,  0.114042
0.4015,  0.107316
0.4020,  0.094060
0.4025,  0.088226
0.4030,  0.067799
0.4035,  0.047567
0.4040,  0.041815
0.4045,  0.041574
0.4050,  0.045036
0.4055,  0.046739
0.4060,  0.032611
0.4065,  0.018755
0.4070,  0.030277
0.4075,  0.039480
0.4080,  0.062983
0.4085,  0.084718
0.4090,  0.076893
0.4095,  0.071100
0.4100,  0.030171
0.4105,  -0.017040
0.4110,  0.043969
0.4115,  0.098868
0.4120,  0.084284
0.4125,  0.069419
0.4130,  0.056867
0.4135,  0.046675
0.4140,  0.040762
0.4145,  0.034127
0.4150,  0.032764
0.4155,  0.030770
0.4160,  0.049314
0.4165,  0.071390
0.4170,  0.038519
0.4175,  0.002636
0.4180,  0.009883
0.4185,  0.020508
0.4190,  0.030681
0.4195,  0.034850
0.4200,  0.048488
0.4205,  0.062390
0.4210,  0.068497
0.4215,  0.075797
0.4220,  0.033165
0.4225,  -0.012730
0.4230,  0.017806
0.4235,  0.049647
0.4240,  0.059059
0.4245,  0.069990
0.4250,  0.059149
0.4255,  0.046639
0.4260,  0.050294
0.4265,  0.057892
0.4270,  0.028908
0.4275,  0.001449
0.4280,  0.013061
0.4285,  0.026449
0.4290,  0.012625
0.4295,  0.002685
0.4300,  -0.068306
0.4305,  -0.161969
0.4310,  0.009164
0.4315,  0.135521
0.4320,  0.108752
0.4325,  0.080958
0.4330,  0.083150
0.4335,  0.089301
0.4340,  0.065339
0.4345,  0.041920
0.4350,  0.041941
0.4355,  0.042067
0.4360,  0.077788
0.4365,  0.115195
0.4370,  0.089138
0.4375,  0.067447
0.4380,  0.022834
0.4385,  -0.029631
0.4390,  0.032814
0.4395,  0.087099
0.4400,  0.060252
0.4405,  0.029753
0.4410,  0.066463
0.4415,  0.098995
0.4420,  0.096937
0.4425,  0.095707
0.4430,  0.073765
0.4435,  0.053776
0.4440,  0.063115
0.4445,  0.076095
0.4450,  0.047837
0.4455,  0.017138
0.4460,  0.032016
0.4465,  0.045424
0.4470,  0.079203
0.4475,  0.109064
0.4480,  0.084282
0.4485,  0.054415
0.4490,  0.055505
0.4495,  0.056706
0.4500,  0.071229
0.4505,  0.085888
0.4510,  0.079000
0.4515,  0.074858
0.4520,  0.048757
0.4525,  0.023519
0.4530,  0.036307
0.4535,  0.045487
0.4540,  0.052083
0.4545,  0.056478
0.4550,  0.065481
0.4555,  0.071309
0.4560,  0.072500
0.4565,  0.076055
0.4570,  0.080101
0.4575,  0.084457
0.4580,  0.061038
0.4585,  0.036512
0.4590,  0.045307
0.4595,  0.053481
0.4600,  0.059535
0.4605,  0.065008
0.4610,  0.066710
0.4615,  0.067371
0.4620,  0.074328
0.4625,  0.080595
0.4630,  0.064834
0.4635,  0.054597
0.4640,  0.047139
0.4645,  0.040103
0.4650,  0.059154
0.4655,  0.077538
0.4660,  0.058257
0.4665,  0.039880
0.4670,  0.064498
0.4675,  0.085051
0.4680,  0.083138
0.4685,  0.081263
0.4690,  0.081773
0.4695,  0.085506
0.4700,  0.066274
0.4705,  0.042208
0.4710,  0.068595
0.4715,  0.094710
0.4720,  0.095643
0.4725,  0.097856
0.4730,  0.090020
0.4735,  0.080502
0.4740,  0.087535
0.4745,  0.096143
0.4750,  0.089987
0.4755,  0.085485
0.4760,  0.075687
0.4765,  0.063942
0.4770,  0.086325
0.4775,  0.105892
0.4780,  0.089749
0.4785,  0.074299
0.4790,  0.085454
0.4795,  0.096785
0.4800,  0.089047
0.4805,  0.084289
0.4810,  0.097567
0.4815,  0.108212
0.4820,  0.097089
0.4825,  0.086850
0.4830,  0.087682
0.4835,  0.091742
0.4840,  0.089933
0.4845,  0.091483
0.4850,  0.077993
0.4855,  0.067206
0.4860,  0.038201
0.4865,  -0.001270
0.4870,  0.046718
0.4875,  0.087964
0.4880,  0.099346
0.4885,  0.107761
0.4890,  0.107498
0.4895,  0.107316
0.4900,  0.109096
0.4905,  0.116449
0.4910,  0.096433
0.4915,  0.076019
0.4920,  0.076965
0.4925,  0.076726
0.4930,  0.071876
0.4935,  0.065423
0.4940,  0.095708
0.4945,  0.123315
0.4950,  0.094375
0.4955,  0.065317
0.4960,  0.082139
0.4965,  0.099149
0.4970,  0.100979
0.4975,  0.105424
0.4980,  0.078794
0.4985,  0.050383
0.4990,  0.074230
0.4995,  0.098341
0.5000,  0.080700
0.5005,  0.062958
0.5010,  0.059059
0.5015,  0.052027
0.5020,  0.069824
0.5025,  0.085947
0.5030,  0.093437
0.5035,  0.100620
0.5040,  0.085312
0.5045,  0.067898
0.5050,  0.085732
0.5055,  0.105192
0.5060,  0.096016
0.5065,  0.089026
0.5070,  0.079731
0.5075,  0.070227
0.5080,  0.073677
0.5085,  0.075596
0.5090,  0.074342
0.5095,  0.073251
0.5100,  0.078675
0.5105,  0.083621
0.5110,  0.092365
0.5115,  0.101687
0.5120,  0.078141
0.5125,  0.057511
0.5130,  0.062585
0.5135,  0.064623
0.5140,  0.070229
0.5145,  0.073628
0.5150,  0.081838
0.5155,  0.096303
0.5160,  0.063790
0.5165,  0.026894
0.5170,  0.050531
0.5175,  0.070160
0.5180,  0.055354
0.5185,  0.033453
0.5190,  0.064288
0.5195,  0.093242
0.5200,  0.084594
0.5205,  0.076080
0.5210,  0.085119
0.5215,  0.094682
0.5220,  0.076228
0.5225,  0.058053
0.5230,  0.070077
0.5235,  0.079658
0.5240,  0.088087
0.5245,  0.098804
0.5250,  0.095692
0.5255,  0.095470
0.5260,  0.050521
0.5265,  0.001625
0.5270,  0.039133
0.5275,  0.068664
0.5280,  0.075175
0.5285,  0.080808
0.5290,  0.078754
0.5295,  0.078063
0.5300,  0.080939
0.5305,  0.085051
0.5310,  0.087841
0.5315,  0.092313
0.5320,  0.059920
0.5325,  0.023579
0.5330,  0.058588
0.5335,  0.089484
0.5340,  0.073015
0.5345,  0.055010
0.5350,  0.077611
0.5355,  0.101426
0.5360,  0.078977
0.5365,  0.057319
0.5370,  0.061679
0.5375,  0.064980
0.5380,  0.070314
0.5385,  0.077634
0.5390,  0.067682
0.5395,  0.058380
0.5400,  0.048916
0.5405,  0.037952
0.5410,  0.061887
0.5415,  0.084554
0.5420,  0.071918
0.5425,  0.059484
0.5430,  0.069385
0.5435,  0.077895
0.5440,  0.075541
0.5445,  0.074153
0.5450,  0.078716
0.5455,  0.081662
0.5460,  0.077434
0.5465,  0.074028
0.5470,  0.065876
0.5475,  0.057235
0.5480,  0.063960
0.5485,  0.069040
0.5490,  0.074857
0.5495,  0.081624
0.5500,  0.075862
0.5505,  0.069798
0.5510,  0.072479
0.5515,  0.075209
0.5520,  0.070625
0.5525,  0.065582
0.5530,  0.071621
0.5535,  0.078016
0.5540,  0.079415
0.5545,  0.081965
0.5550,  0.084154
0.5555,  0.087091
0.5560,  0.075599
0.5565,  0.064178
0.5570,  0.072918
0.5575,  0.082284
0.5580,  0.073515
0.5585,  0.064666
0.5590,  0.070244
0.5595,  0.074649
0.5600,  0.079118
0.5605,  0.081881
0.5610,  0.076250
0.5615,  0.071839
0.5620,  0.076619
0.5625,  0.082864
0.5630,  0.086327
0.5635,  0.089785
0.5640,  0.090576
0.5645,  0.091965
0.5650,  0.083430
0.5655,  0.071783
0.5660,  0.076721
0.5665,  0.081284
0.5670,  0.092409
0.5675,  0.103834
0.5680,  0.088896
0.5685,  0.074541
0.5690,  0.088113
0.5695,  0.102532
0.5700,  0.088217
0.5705,  0.069401
0.5710,  0.076422
0.5715,  0.080758
0.5720,  0.088715
0.5725,  0.097579
0.5730,  0.091612
0.5735,  0.088283
0.5740,  0.087129
0.5745,  0.087350
0.5750,  0.080723
0.5755,  0.072320
0.5760,  0.074385
0.5765,  0.077919
0.5770,  0.082993
0.5775,  0.089028
0.5780,  0.074540
0.5785,  0.058025
0.5790,  0.064919
0.5795,  0.070701
0.5800,  0.070088
0.5805,  0.069196
0.5810,  0.070039
0.5815,  0.073277
0.5820,  0.077071
0.5825,  0.079072
0.5830,  0.075914
0.5835,  0.072014
0.5840,  0.074665
0.5845,  0.078730
0.5850,  0.066634
0.5855,  0.053156
0.5860,  0.065655
0.5865,  0.077605
0.5870,  0.086603
0.5875,  0.100246
0.5880,  0.093558
0.5885,  0.084815
0.5890,  0.062211
0.5895,  0.032988
0.5900,  0.078161
0.5905,  0.118282
0.5910,  0.107626
0.5915,  0.097409
0.5920,  0.096094
0.5925,  0.093871
0.5930,  0.089355
0.5935,  0.089354
0.5940,  0.087300
0.5945,  0.082480
0.5950,  0.084785
0.5955,  0.086265
0.5960,  0.089945
0.5965,  0.094196
0.5970,  0.089274
0.5975,  0.083878
0.5980,  0.077410
0.5985,  0.072762
0.5990,  0.079841
0.5995,  0.086256
0.6000,  0.082669
0.6005,  0.079794
0.6010,  0.082277
0.6015,  0.082106
0.6020,  0.071586
0.6025,  0.059705
0.6030,  0.072455
0.6035,  0.085629
0.6040,  0.083297
0.6045,  0.084167
0.6050,  0.082855
0.6055,  0.080333
0.6060,  0.077763
0.6065,  0.075468
0.6070,  0.076059
0.6075,  0.078669
0.6080,  0.077928
0.6085,  0.078831
0.6090,  0.085067
0.6095,  0.089450
0.6100,  0.081522
0.6105,  0.072409
0.6110,  0.081309
0.6115,  0.090368
0.6120,  0.082544
0.6125,  0.076345
0.6130,  0.073440
0.6135,  0.070564
0.6140,  0.079992
0.6145,  0.089649
0.6150,  0.091944
0.6155,  0.092937
0.6160,  0.069289
0.6165,  0.043691
0.6170,  0.066075
0.6175,  0.088521
0.6180,  0.093752
0.6185,  0.097377
0.6190,  0.096249
0.6195,  0.091299
0.6200,  0.096853
0.6205,  0.102175
0.6210,  0.091745
0.6215,  0.079775
0.6220,  0.085148
0.6225,  0.094048
0.6230,  0.088435
0.6235,  0.082532
0.6240,  0.086381
0.6245,  0.087710
0.6250,  0.083081
0.6255,  0.076783
0.6260,  0.089783
0.6265,  0.102322
0.6270,  0.101870
0.6275,  0.105290
0.6280,  0.108839
0.6285,  0.112813
0.6290,  0.113114
0.6295,  0.111762
0.6300,  0.106021
0.6305,  0.098864
0.6310,  0.090841
0.6315,  0.088497
0.6320,  0.085415
0.6325,  0.086064
0.6330,  0.088569
0.6335,  0.089614
0.6340,  0.092172
0.6345,  0.095084
0.6350,  0.097709
0.6355,  0.098289
0.6360,  0.096116
0.6365,  0.093658
0.6370,  0.091148
0.6375,  0.089863
0.6380,  0.090668
0.6385,  0.092813
0.6390,  0.095958
0.6395,  0.094947
0.6400,  0.093689
0.6405,  0.089272
0.6410,  0.084713
0.6415,  0.086356
0.6420,  0.087467
0.6425,  0.087516
0.6430,  0.085626
0.6435,  0.084855
0.6440,  0.084146
0.6445,  0.088356
0.6450,  0.095179
0.6455,  0.097524
0.6460,  0.098753
0.6465,  0.098308
0.6470,  0.095994
0.6475,  0.093169
0.6480,  0.092857
0.6485,  0.091868
0.6490,  0.090986
0.6495,  0.094871
0.6500,  0.097620
0.6505,  0.101359
0.6510,  0.104575
0.6515,  0.102485
0.6520,  0.099130
0.6525,  0.095603
0.6530,  0.093402
0.6535,  0.086119
0.6540,  0.084955
0.6545,  0.091123
0.6550,  0.101627
0.6555,  0.101709
0.6560,  0.089811
0.6565,  0.067658
0.6570,  0.036019
0.6575,  0.045275
0.6580,  0.053870
0.6585,  0.065810
0.6590,  0.080863
0.6595,  0.076440
0.6600,  0.072492
0.6605,  0.068112
0.6610,  0.066132
0.6615,  0.063824
0.6620,  0.064329
0.6625,  0.065898
0.6630,  0.066826
0.6635,  0.068292
0.6640,  0.067268
0.6645,  0.066957
0.6650,  0.068243
0.6655,  0.064857
0.6660,  0.061754
0.6665,  0.061184
0.6670,  0.059005
0.6675,  0.063020
0.6680,  0.063464
0.6685,  0.064680
0.6690,  0.066131
0.6695,  0.063990
0.6700,  0.063148
0.6705,  0.062528
0.6710,  0.063288
0.6715,  0.066407
0.6720,  0.065836
0.6725,  0.065147
0.6730,  0.063136
0.6735,  0.058620
0.6740,  0.057461
0.6745,  0.057558
0.6750,  0.057414
0.6755,  0.060894
0.6760,  0.062030
0.6765,  0.064865
0.6770,  0.064975
0.6775,  0.063269
0.6780,  0.061500
0.6785,  0.060518
0.6790,  0.059291
0.6795,  0.058821
0.6800,  0.058472
0.6805,  0.059511
0.6810,  0.056966
0.6815,  0.056790
0.6820,  0.060335
0.6825,  0.063787
0.6830,  0.065844
0.6835,  0.066721
0.6840,  0.065857
0.6845,  0.062801
0.6850,  0.068194
0.6855,  0.090079
0.6860,  0.119912
0.6865,  0.151570
0.6870,  0.174764
0.6875,  0.176744
0.6880,  0.173266
0.6885,  0.167942
0.6890,  0.164347
0.6895,  0.158421
0.6900,  0.152024
0.6905,  0.141888
0.6910,  0.133971
0.6915,  0.125318
0.6920,  0.120541
0.6925,  0.119904
0.6930,  0.120755
0.6935,  0.120679
0.6940,  0.119246
0.6945,  0.120797
0.6950,  0.118813
0.6955,  0.111207
0.6960,  0.102217
0.6965,  0.096264
0.6970,  0.091447
0.6975,  0.095313
0.6980,  0.099454
0.6985,  0.105959
0.6990,  0.112090
0.6995,  0.112538
0.7000,  0.112026
0.7005,  0.110186
0.7010,  0.107699
0.7015,  0.110507
0.7020,  0.108317
0.7025,  0.103583
0.7030,  0.099568
0.7035,  0.100823
0.7040,  0.104793
0.7045,  0.108882
0.7050,  0.114183
0.7055,  0.111683
0.7060,  0.107199
0.7065,  0.101632
0.7070,  0.098172
0.7075,  0.093692
0.7080,  0.090493
0.7085,  0.089647
0.7090,  0.087919
0.7095,  0.090254
0.7100,  0.089748
0.7105,  0.089169
0.7110,  0.090483
0.7115,  0.087411
0.7120,  0.084607
0.7125,  0.086665
0.7130,  0.089553
0.7135,  0.093924
0.7140,  0.099505
0.7145,  0.105558
0.7150,  0.114354
0.7155,  0.128456
0.7160,  0.151099
0.7165,  0.178069
0.7170,  0.204760
0.7175,  0.225861
0.7180,  0.247121
0.7185,  0.256315
0.7190,  0.260365
0.7195,  0.259597
0.7200,  0.248115
0.7205,  0.224868
0.7210,  0.197353
0.7215,  0.176002
0.7220,  0.181524
0.7225,  0.193221
0.7230,  0.210465
0.7235,  0.225607
0.7240,  0.240465
0.7245,  0.245476
0.7250,  0.245714
0.7255,  0.239438
0.7260,  0.233680
0.7265,  0.231493
0.7270,  0.231488
0.7275,  0.230186
0.7280,  0.230306
0.7285,  0.226741
0.7290,  0.220506
0.7295,  0.217860
0.7300,  0.212772
0.7305,  0.208900
0.7310,  0.202029
0.7315,  0.189079
0.7320,  0.174109
0.7325,  0.160302
0.7330,  0.147468
0.7335,  0.131740
0.7340,  0.123206
0.7345,  0.120480
0.7350,  0.120563
0.7355,  0.123315
0.7360,  0.124364
0.7365,  0.118290
0.7370,  0.118222
0.7375,  0.114813
0.7380,  0.109900
0.7385,  0.102311
0.7390,  0.096545
0.7395,  0.093078
0.7400,  0.091363
0.7405,  0.090517
0.7410,  0.087154
0.7415,  0.087773
0.7420,  0.085836
0.7425,  0.087179
0.7430,  0.089667
0.7435,  0.086090
0.7440,  0.085543
0.7445,  0.081181
0.7450,  0.076689
0.7455,  0.076869
0.7460,  0.077905
0.7465,  0.079727
0.7470,  0.081694
0.7475,  0.076946
0.7480,  0.076912
0.7485,  0.077452
0.7490,  0.078283
0.7495,  0.077138
0.7500,  0.077434
0.7505,  0.080262
0.7510,  0.083765
0.7515,  0.084691
0.7520,  0.083643
0.7525,  0.084423
0.7530,  0.083228
0.7535,  0.077948
0.7540,  0.075807
0.7545,  0.072079
0.7550,  0.072544
0.7555,  0.071174
0.7560,  0.073059
0.7565,  0.076630
0.7570,  0.078467
0.7575,  0.090219
0.7580,  0.118491
0.7585,  0.177151
0.7590,  0.275396
0.7595,  0.402091
0.7600,  0.528595
0.7605,  0.594596
0.7610,  0.596742
0.7615,  0.566605
0.7620,  0.545412
0.7625,  0.537551
0.7630,  0.527769
0.7635,  0.495652
0.7640,  0.450619
0.7645,  0.398682
0.7650,  0.349709
0.7655,  0.297888
0.7660,  0.245899
0.7665,  0.197933
0.7670,  0.156371
0.7675,  0.129563
0.7680,  0.115863
0.7685,  0.109221
0.7690,  0.105248
0.7695,  0.103288
0.7700,  0.097970
0.7705,  0.094472
0.7710,  0.090377
0.7715,  0.083277
0.7720,  0.080865
0.7725,  0.074925
0.7730,  0.075402
0.7735,  0.073157
0.7740,  0.073315
0.7745,  0.069763
0.7750,  0.070741
0.7755,  0.075452
0.7760,  0.078416
0.7765,  0.083144
0.7770,  0.083964
0.7775,  0.084489
0.7780,  0.083245
0.7785,  0.085081
0.7790,  0.080287
0.7795,  0.077509
0.7800,  0.078184
0.7805,  0.077552
0.7810,  0.079603
0.7815,  0.080174
0.7820,  0.077509
0.7825,  0.077150
0.7830,  0.073553
0.7835,  0.069057
0.7840,  0.071453
0.7845,  0.067056
0.7850,  0.067085
0.7855,  0.065588
0.7860,  0.072317
0.7865,  0.078727
0.7870,  0.083842
0.7875,  0.084629
0.7880,  0.088538
0.7885,  0.088204
0.7890,  0.092863
0.7895,  0.089011
0.7900,  0.085529
0.7905,  0.084028
0.7910,  0.081060
0.7915,  0.081707
0.7920,  0.081961
0.7925,  0.084505
0.7930,  0.086053
0.7935,  0.090951
0.7940,  0.088322
0.7945,  0.083909
0.7950,  0.081015
0.7955,  0.081245
0.7960,  0.083927
0.7965,  0.087613
0.7970,  0.088728
0.7975,  0.089005
0.7980,  0.088929
0.7985,  0.089127
0.7990,  0.085798
0.7995,  0.089422
0.8000,  0.094588
0.8005,  0.096231
0.8010,  0.095723
0.8015,  0.098286
0.8020,  0.092085
0.8025,  0.085689
0.8030,  0.085059
0.8035,  0.086394
0.8040,  0.087599
0.8045,  0.089291
0.8050,  0.095567
0.8055,  0.098814
0.8060,  0.089968
0.8065,  0.079933
0.8070,  0.077157
0.8075,  0.071292
0.8080,  0.070601
0.8085,  0.071909
0.8090,  0.075656
0.8095,  0.081590
0.8100,  0.096734
0.8105,  0.105738
0.8110,  0.113796
0.8115,  0.119919
0.8120,  0.127559
0.8125,  0.137681
0.8130,  0.155153
0.8135,  0.171740
0.8140,  0.192931
0.8145,  0.209879
0.8150,  0.230480
0.8155,  0.248134
0.8160,  0.263052
0.8165,  0.274026
0.8170,  0.273128
0.8175,  0.258064
0.8180,  0.237322
0.8185,  0.214877
0.8190,  0.194343
0.8195,  0.182098
0.8200,  0.168534
0.8205,  0.158189
0.8210,  0.169037
0.8215,  0.193056
0.8220,  0.228085
0.8225,  0.260681
0.8230,  0.255364
0.8235,  0.229625
0.8240,  0.204988
0.8245,  0.177881
0.8250,  0.161773
0.8255,  0.152009
0.8260,  0.156034
0.8265,  0.165678
0.8270,  0.172737
0.8275,  0.183091
0.8280,  0.191348
0.8285,  0.194513
0.8290,  0.184813
0.8295,  0.174741
0.8300,  0.168417
0.8305,  0.161313
0.8310,  0.154282
0.8315,  0.154571
0.8320,  0.155329
0.8325,  0.157663
0.8330,  0.157904
0.8335,  0.150353
0.8340,  0.138536
0.8345,  0.132367
0.8350,  0.122227
0.8355,  0.116823
0.8360,  0.107048
0.8365,  0.096031
0.8370,  0.093398
0.8375,  0.095557
0.8380,  0.099936
0.8385,  0.103851
0.8390,  0.098976
0.8395,  0.092396
0.8400,  0.089229
0.8405,  0.080308
0.8410,  0.072794
0.8415,  0.067064
0.8420,  0.057212
0.8425,  0.056656
0.8430,  0.055961
0.8435,  0.053693
0.8440,  0.054381
0.8445,  0.064452
0.8450,  0.071627
0.8455,  0.067009
0.8460,  0.068365
0.8465,  0.058810
0.8470,  0.056167
0.8475,  0.053425
0.8480,  0.055257
0.8485,  0.055300
0.8490,  0.056209
0.8495,  0.058498
0.8500,  0.049971
0.8505,  0.058965
0.8510,  0.059139
0.8515,  0.060550
0.8520,  0.068914
0.8525,  0.053977
0.8530,  0.043227
0.8535,  0.029468
0.8540,  0.008107
0.8545,  0.026172
0.8550,  0.034714
0.8555,  0.049168
0.8560,  0.061932
0.8565,  0.057246
0.8570,  0.063246
0.8575,  0.059963
0.8580,  0.058684
0.8585,  0.051859
0.8590,  0.036994
0.8595,  0.029220
0.8600,  0.034919
0.8605,  0.043805
0.8610,  0.050920
0.8615,  0.055183
0.8620,  0.046837
0.8625,  0.049526
0.8630,  0.043973
0.8635,  0.045609
0.8640,  0.053197
0.8645,  0.043972
0.8650,  0.030004
0.8655,  0.022363
0.8660,  0.006359
0.8665,  0.020189
0.8670,  0.032720
0.8675,  0.039115
0.8680,  0.028242
0.8685,  0.030858
0.8690,  0.036712
0.8695,  0.041470
0.8700,  0.042870
0.8705,  0.032043
0.8710,  0.035392
0.8715,  0.040663
0.8720,  0.054570
0.8725,  0.058697
0.8730,  0.056526
0.8735,  0.050744
0.8740,  0.054588
0.8745,  0.056362
0.8750,  0.052662
0.8755,  0.047585
0.8760,  0.041372
0.8765,  0.048465
0.8770,  0.054410
0.8775,  0.057332
0.8780,  0.062074
0.8785,  0.061534
0.8790,  0.065068
0.8795,  0.062695
0.8800,  0.055698
0.8805,  0.047000
0.8810,  0.033133
0.8815,  0.027053
0.8820,  0.034195
0.8825,  0.035428
0.8830,  0.044462
0.8835,  0.040607
0.8840,  0.041429
0.8845,  0.038110
0.8850,  0.035238
0.8855,  0.037261
0.8860,  0.042014
0.8865,  0.044699
0.8870,  0.039028
0.8875,  0.036773
0.8880,  0.037870
0.8885,  0.037486
0.8890,  0.050854
0.8895,  0.057143
0.8900,  0.061660
