0.3500,  0.001253
0.3505,  0.046765
0.3510,  0.020660
0.3515,  -0.005002
0.3520,  -0.026763
0.3525,  -0.054835
0.3530,  -0.018335
0.3535,  0.013802
0.3540,  0.030314
0.3545,  0.046049
0.3550,  0.029469
0.3555,  0.020614
0.3560,  -0.001477
0.3565,  -0.023873
0.3570,  -0.044863
0.3575,  -0.071952
0.3580,  -0.107961
0.3585,  -0.157482
0.3590,  -0.037085
0.3595,  0.067203
0.3600,  0.055658
0.3605,  0.046677
0.3610,  0.012466
0.3615,  -0.027769
0.3620,  0.008367
0.3625,  0.043315
0.3630,  0.033956
0.3635,  0.019068
0.3640,  0.006606
0.3645,  -0.009591
0.3650,  0.012850
0.3655,  0.034266
0.3660,  0.041655
0.3665,  0.055039
0.3670,  0.037942
0.3675,  0.023999
0.3680,  0.002042
0.3685,  -0.022837
0.3690,  0.012909
0.3695,  0.046880
0.3700,  0.022283
0.3705,  -0.004798
0.3710,  0.010349
0.3715,  0.030914
0.3720,  0.009312
0.3725,  -0.012288
0.3730,  -0.035935
0.3735,  -0.061649
0.3740,  -0.051411
0.3745,  -0.047843
0.3750,  0.012711
0.3755,  0.060385
0.3760,  0.052192
0.3765,  0.034910
0.3770,  0.065896
0.3775,  0.096161
0.3780,  0.090847
0.3785,  0.094602
0.3790,  0.025741
0.3795,  -0.050034
0.3800,  -0.005354
0.3805,  0.043952
0.3810,  0.028310
0.3815,  0.022206
0.3820,  -0.033893
0.3825,  -0.108957
0.3830,  -0.128568
0.3835,  -0.164366
0.3840,  -0.042853
0.3845,  0.047966
0.3850,  0.049113
0.3855,  0.052867
0.3860,  0.041535
0.3865,  0.033608
0.3870,  0.028608
0.3875,  0.025408
0.3880,  0.013497
0.3885,  -0.002498
0.3890,  0.042544
0.3895,  0.075566
0.3900,  0.072431
0.3905,  0.070241
0.3910,  0.081232
0.3915,  0.105522
0.3920,  0.037702
0.3925,  -0.030164
0.3930,  -0.156339
0.3935,  -0.341957
0.3940,  -0.121778
0.3945,  0.030731
0.3950,  0.107184
0.3955,  0.181762
0.3960,  0.059375
0.3965,  -0.098221
0.3970,  -0.086412
0.3975,  -0.091087
0.3980,  0.050003
0.3985,  0.145245
0.3990,  0.129809
0.3995,  0.123724
0.4000,  0.100862
0.4005,  0.078011
0.4010,  0.068485
0.4015,  0.066717
0.4020,  0.060263
0.4025,  0.058568
0.4030,  0.043593
0.4035,  0.027581
0.4040,  0.024137
0.4045,  0.024443
0.4050,  0.024594
0.4055,  0.025036
0.4060,  0.012880
0.4065,  -0.000495
0.4070,  0.007686
0.4075,  0.014107
0.4080,  0.032620
0.4085,  0.052511
0.4090,  0.051060
0.4095,  0.048603
0.4100,  0.012762
0.4105,  -0.028993
0.4110,  0.022319
0.4115,  0.066738
0.4120,  0.052739
0.4125,  0.039087
0.4130,  0.027414
0.4135,  0.018668
0.4140,  0.015636
0.4145,  0.011448
0.4150,  0.009859
0.4155,  0.008529
0.4160,  0.028654
0.4165,  0.049241
0.4170,  0.021982
0.4175,  -0.009587
0.4180,  -0.004455
0.4185,  0.001536
0.4190,  0.005166
0.4195,  0.008530
0.4200,  0.021314
0.4205,  0.032183
0.4210,  0.037110
0.4215,  0.042906
0.4220,  0.005981
0.4225,  -0.033989
0.4230,  -0.005898
0.4235,  0.021805
0.4240,  0.033663
0.4245,  0.045975
0.4250,  0.032957
0.4255,  0.019404
0.4260,  0.023190
0.4265,  0.027923
0.4270,  0.004053
0.4275,  -0.018072
0.4280,  -0.008274
0.4285,  0.005977
0.4290,  -0.001117
0.4295,  -0.006136
0.4300,  -0.065432
0.4305,  -0.148137
0.4310,  -0.007496
0.4315,  0.097896
0.4320,  0.069620
0.4325,  0.042852
0.4330,  0.047128
0.4335,  0.054385
0.4340,  0.032722
0.4345,  0.014001
0.4350,  0.015206
0.4355,  0.014352
0.4360,  0.044486
0.4365,  0.075850
0.4370,  0.055056
0.4375,  0.037623
0.4380,  -0.000625
0.4385,  -0.045129
0.4390,  0.006250
0.4395,  0.051083
0.4400,  0.025812
0.4405,  -0.001901
0.4410,  0.030440
0.4415,  0.058295
0.4420,  0.057329
0.4425,  0.057536
0.4430,  0.039642
0.4435,  0.024894
0.4440,  0.035190
0.4445,  0.046668
0.4450,  0.022452
0.4455,  -0.004080
0.4460,  0.007920
0.4465,  0.017769
0.4470,  0.042277
0.4475,  0.064272
0.4480,  0.042393
0.4485,  0.019245
0.4490,  0.022670
0.4495,  0.024198
0.4500,  0.036530
0.4505,  0.049588
0.4510,  0.044299
0.4515,  0.040766
0.4520,  0.020901
0.4525,  0.001840
0.4530,  0.009574
0.4535,  0.014363
0.4540,  0.018110
0.4545,  0.019280
0.4550,  0.024637
0.4555,  0.031003
0.4560,  0.034011
0.4565,  0.037500
0.4570,  0.040002
0.4575,  0.044181
0.4580,  0.024650
0.4585,  0.005209
0.4590,  0.014266
0.4595,  0.021990
0.4600,  0.027333
0.4605,  0.031410
0.4610,  0.031236
0.4615,  0.028372
0.4620,  0.032543
0.4625,  0.038211
0.4630,  0.026448
0.4635,  0.019752
0.4640,  0.016744
0.4645,  0.013167
0.4650,  0.030629
0.4655,  0.046723
0.4660,  0.028551
0.4665,  0.009573
0.4670,  0.025653
0.4675,  0.038462
0.4680,  0.033622
0.4685,  0.031978
0.4690,  0.033805
0.4695,  0.038300
0.4700,  0.023267
0.4705,  0.003183
0.4710,  0.025890
0.4715,  0.047122
0.4720,  0.045104
0.4725,  0.044946
0.4730,  0.035967
0.4735,  0.027309
0.4740,  0.035519
0.4745,  0.044978
0.4750,  0.040573
0.4755,  0.035656
0.4760,  0.025900
0.4765,  0.016454
0.4770,  0.036388
0.4775,  0.055101
0.4780,  0.042776
0.4785,  0.031477
0.4790,  0.042823
0.4795,  0.052711
0.4800,  0.044395
0.4805,  0.036671
0.4810,  0.044435
0.4815,  0.052809
0.4820,  0.042490
0.4825,  0.036754
0.4830,  0.039549
0.4835,  0.043640
0.4840,  0.043706
0.4845,  0.047437
0.4850,  0.039734
0.4855,  0.032306
0.4860,  0.007841
0.4865,  -0.027416
0.4870,  0.011103
0.4875,  0.044073
0.4880,  0.051922
0.4885,  0.058448
0.4890,  0.057212
0.4895,  0.056981
0.4900,  0.059108
0.4905,  0.066169
0.4910,  0.050333
0.4915,  0.034208
0.4920,  0.036381
0.4925,  0.036082
0.4930,  0.030698
0.4935,  0.023377
0.4940,  0.047015
0.4945,  0.071827
0.4950,  0.047873
0.4955,  0.024487
0.4960,  0.040558
0.4965,  0.056413
0.4970,  0.059932
0.4975,  0.064062
0.4980,  0.041026
0.4985,  0.015730
0.4990,  0.036063
0.4995,  0.057498
0.5000,  0.042723
0.5005,  0.027425
0.5010,  0.023704
0.5015,  0.016809
0.5020,  0.030797
0.5025,  0.044797
0.5030,  0.051235
0.5035,  0.056988
0.5040,  0.045584
0.5045,  0.030187
0.5050,  0.045485
0.5055,  0.061960
0.5060,  0.054381
0.5065,  0.049099
0.5070,  0.042101
0.5075,  0.034836
0.5080,  0.037580
0.5085,  0.038664
0.5090,  0.037727
0.5095,  0.036426
0.5100,  0.040008
0.5105,  0.043547
0.5110,  0.051147
0.5115,  0.059593
0.5120,  0.040042
0.5125,  0.022029
0.5130,  0.026316
0.5135,  0.028046
0.5140,  0.033289
0.5145,  0.037000
0.5150,  0.044146
0.5155,  0.057179
0.5160,  0.029918
0.5165,  0.000518
0.5170,  0.022146
0.5175,  0.038842
0.5180,  0.024606
0.5185,  0.003878
0.5190,  0.029036
0.5195,  0.053250
0.5200,  0.045385
0.5205,  0.038915
0.5210,  0.047294
0.5215,  0.057451
0.5220,  0.041637
0.5225,  0.024805
0.5230,  0.034615
0.5235,  0.042324
0.5240,  0.049189
0.5245,  0.058522
0.5250,  0.056358
0.5255,  0.058187
0.5260,  0.022357
0.5265,  -0.018523
0.5270,  0.012890
0.5275,  0.037066
0.5280,  0.042147
0.5285,  0.046726
0.5290,  0.044685
0.5295,  0.042949
0.5300,  0.044489
0.5305,  0.047294
0.5310,  0.048095
0.5315,  0.053981
0.5320,  0.027071
0.5325,  -0.002907
0.5330,  0.028604
0.5335,  0.055950
0.5340,  0.042154
0.5345,  0.026559
0.5350,  0.046077
0.5355,  0.067060
0.5360,  0.048394
0.5365,  0.029548
0.5370,  0.031398
0.5375,  0.034268
0.5380,  0.039903
0.5385,  0.047854
0.5390,  0.041477
0.5395,  0.033536
0.5400,  0.026379
0.5405,  0.017529
0.5410,  0.037784
0.5415,  0.055716
0.5420,  0.043566
0.5425,  0.031229
0.5430,  0.039064
0.5435,  0.046405
0.5440,  0.043613
0.5445,  0.042944
0.5450,  0.047928
0.5455,  0.051632
0.5460,  0.049379
0.5465,  0.047242
0.5470,  0.039881
0.5475,  0.031785
0.5480,  0.036496
0.5485,  0.040759
0.5490,  0.045738
0.5495,  0.051120
0.5500,  0.045261
0.5505,  0.039501
0.5510,  0.041296
0.5515,  0.043490
0.5520,  0.040654
0.5525,  0.036936
0.5530,  0.043275
0.5535,  0.049193
0.5540,  0.051836
0.5545,  0.053438
0.5550,  0.054315
0.5555,  0.057392
0.5560,  0.048288
0.5565,  0.038248
0.5570,  0.045013
0.5575,  0.053400
0.5580,  0.046774
0.5585,  0.039206
0.5590,  0.043086
0.5595,  0.046342
0.5600,  0.050594
0.5605,  0.053939
0.5610,  0.049779
0.5615,  0.045557
0.5620,  0.050005
0.5625,  0.055469
0.5630,  0.058100
0.5635,  0.060680
0.5640,  0.061848
0.5645,  0.063757
0.5650,  0.056088
0.5655,  0.046235
0.5660,  0.051331
0.5665,  0.055368
0.5670,  0.065556
0.5675,  0.077470
0.5680,  0.065592
0.5685,  0.053060
0.5690,  0.064277
0.5695,  0.076493
0.5700,  0.062262
0.5705,  0.044510
0.5710,  0.051909
0.5715,  0.056219
0.5720,  0.064249
0.5725,  0.074310
0.5730,  0.069700
0.5735,  0.067169
0.5740,  0.066862
0.5745,  0.067554
0.5750,  0.063128
0.5755,  0.056536
0.5760,  0.059148
0.5765,  0.063118
0.5770,  0.067055
0.5775,  0.072464
0.5780,  0.060789
0.5785,  0.046306
0.5790,  0.052429
0.5795,  0.058368
0.5800,  0.059309
0.5805,  0.060406
0.5810,  0.062486
0.5815,  0.065102
0.5820,  0.067549
0.5825,  0.070025
0.5830,  0.065961
0.5835,  0.062700
0.5840,  0.063444
0.5845,  0.066676
0.5850,  0.057257
0.5855,  0.047201
0.5860,  0.059369
0.5865,  0.071488
0.5870,  0.080568
0.5875,  0.093934
0.5880,  0.091313
0.5885,  0.085721
0.5890,  0.066119
0.5895,  0.038646
0.5900,  0.074760
0.5905,  0.108007
0.5910,  0.099803
0.5915,  0.091050
0.5920,  0.090447
0.5925,  0.090864
0.5930,  0.086359
0.5935,  0.085829
0.5940,  0.083071
0.5945,  0.080431
0.5950,  0.083449
0.5955,  0.083714
0.5960,  0.085697
0.5965,  0.088954
0.5970,  0.082973
0.5975,  0.078347
0.5980,  0.073156
0.5985,  0.069463
0.5990,  0.074317
0.5995,  0.080933
0.6000,  0.078341
0.6005,  0.075309
0.6010,  0.077776
0.6015,  0.077821
0.6020,  0.068212
0.6025,  0.057898
0.6030,  0.067855
0.6035,  0.078809
0.6040,  0.078554
0.6045,  0.079346
0.6050,  0.077616
0.6055,  0.074256
0.6060,  0.072579
0.6065,  0.071568
0.6070,  0.072311
0.6075,  0.073723
0.6080,  0.072352
0.6085,  0.072506
0.6090,  0.075313
0.6095,  0.077212
0.6100,  0.071310
0.6105,  0.063750
0.6110,  0.071797
0.6115,  0.081194
0.6120,  0.076894
0.6125,  0.072468
0.6130,  0.071579
0.6135,  0.069049
0.6140,  0.075747
0.6145,  0.084125
0.6150,  0.088195
0.6155,  0.091637
0.6160,  0.071177
0.6165,  0.048322
0.6170,  0.066140
0.6175,  0.084132
0.6180,  0.088106
0.6185,  0.092064
0.6190,  0.089196
0.6195,  0.084228
0.6200,  0.089033
0.6205,  0.094476
0.6210,  0.085879
0.6215,  0.077866
0.6220,  0.085305
0.6225,  0.092076
0.6230,  0.084683
0.6235,  0.078973
0.6240,  0.081657
0.6245,  0.082026
0.6250,  0.078777
0.6255,  0.074885
0.6260,  0.087274
0.6265,  0.099921
0.6270,  0.101528
0.6275,  0.103853
0.6280,  0.105775
0.6285,  0.108575
0.6290,  0.107225
0.6295,  0.105549
0.6300,  0.102124
0.6305,  0.098129
0.6310,  0.092071
0.6315,  0.089980
0.6320,  0.088315
0.6325,  0.089224
0.6330,  0.091363
0.6335,  0.094142
0.6340,  0.095480
0.6345,  0.096405
0.6350,  0.098208
0.6355,  0.098746
0.6360,  0.098042
0.6365,  0.093886
0.6370,  0.090011
0.6375,  0.088858
0.6380,  0.088880
0.6385,  0.089667
0.6390,  0.092044
0.6395,  0.092411
0.6400,  0.093092
0.6405,  0.093244
0.6410,  0.090514
0.6415,  0.089557
0.6420,  0.086476
0.6425,  0.082542
0.6430,  0.079153
0.6435,  0.078744
0.6440,  0.082323
0.6445,  0.087201
0.6450,  0.094601
0.6455,  0.099968
0.6460,  0.104669
0.6465,  0.107339
0.6470,  0.106048
0.6475,  0.103005
0.6480,  0.100797
0.6485,  0.097534
0.6490,  0.091423
0.6495,  0.092013
0.6500,  0.093718
0.6505,  0.099599
0.6510,  0.106944
0.6515,  0.106743
0.6520,  0.104664
0.6525,  0.102535
0.6530,  0.101476
0.6535,  0.095786
0.6540,  0.096483
0.6545,  0.104233
0.6550,  0.114564
0.6555,  0.113433
0.6560,  0.102273
0.6565,  0.078455
0.6570,  0.047534
0.6575,  0.054875
0.6580,  0.064789
0.6585,  0.074792
0.6590,  0.087143
0.6595,  0.084752
0.6600,  0.081276
0.6605,  0.078727
0.6610,  0.078660
0.6615,  0.076012
0.6620,  0.076444
0.6625,  0.077455
0.6630,  0.077259
0.6635,  0.079611
0.6640,  0.080749
0.6645,  0.080672
0.6650,  0.081704
0.6655,  0.080084
0.6660,  0.078190
0.6665,  0.076550
0.6670,  0.073364
0.6675,  0.072933
0.6680,  0.071872
0.6685,  0.074078
0.6690,  0.076336
0.6695,  0.076273
0.6700,  0.077221
0.6705,  0.077310
0.6710,  0.077021
0.6715,  0.077850
0.6720,  0.078409
0.6725,  0.080207
0.6730,  0.080280
0.6735,  0.078992
0.6740,  0.078241
0.6745,  0.078406
0.6750,  0.077868
0.6755,  0.078745
0.6760,  0.079462
0.6765,  0.081374
0.6770,  0.082040
0.6775,  0.079165
0.6780,  0.078353
0.6785,  0.079170
0.6790,  0.078573
0.6795,  0.078089
0.6800,  0.077277
0.6805,  0.076674
0.6810,  0.076560
0.6815,  0.075780
0.6820,  0.077565
0.6825,  0.081016
0.6830,  0.085500
0.6835,  0.086837
0.6840,  0.086443
0.6845,  0.086553
0.6850,  0.092809
0.6855,  0.112601
0.6860,  0.140517
0.6865,  0.167940
0.6870,  0.184142
0.6875,  0.186188
0.6880,  0.185234
0.6885,  0.179793
0.6890,  0.174130
0.6895,  0.166437
0.6900,  0.158612
0.6905,  0.151151
0.6910,  0.142938
0.6915,  0.139898
0.6920,  0.140374
0.6925,  0.142207
0.6930,  0.146837
0.6935,  0.147629
0.6940,  0.146987
0.6945,  0.143163
0.6950,  0.137120
0.6955,  0.127861
0.6960,  0.119697
0.6965,  0.116274
0.6970,  0.113449
0.6975,  0.117811
0.6980,  0.123469
0.6985,  0.128295
0.6990,  0.134377
0.6995,  0.133238
0.7000,  0.126978
0.7005,  0.126274
0.7010,  0.126438
0.7015,  0.132833
0.7020,  0.133234
0.7025,  0.131292
0.7030,  0.126592
0.7035,  0.126268
0.7040,  0.127624
0.7045,  0.130088
0.7050,  0.131670
0.7055,  0.128840
0.7060,  0.125514
0.7065,  0.120038
0.7070,  0.119352
0.7075,  0.118852
0.7080,  0.117117
0.7085,  0.115377
0.7090,  0.111788
0.7095,  0.108394
0.7100,  0.107270
0.7105,  0.107603
0.7110,  0.110195
0.7115,  0.109589
0.7120,  0.108736
0.7125,  0.110461
0.7130,  0.109604
0.7135,  0.111384
0.7140,  0.116222
0.7145,  0.121358
0.7150,  0.130239
0.7155,  0.146937
0.7160,  0.171947
0.7165,  0.201077
0.7170,  0.230585
0.7175,  0.254296
0.7180,  0.274322
0.7185,  0.289705
0.7190,  0.294231
0.7195,  0.291860
0.7200,  0.273276
0.7205,  0.247943
0.7210,  0.222886
0.7215,  0.206954
0.7220,  0.206252
0.7225,  0.216322
0.7230,  0.231121
0.7235,  0.246545
0.7240,  0.261174
0.7245,  0.270882
0.7250,  0.275879
0.7255,  0.275901
0.7260,  0.273418
0.7265,  0.269752
0.7270,  0.267620
0.7275,  0.263043
0.7280,  0.259910
0.7285,  0.256174
0.7290,  0.252136
0.7295,  0.246655
0.7300,  0.240987
0.7305,  0.234563
0.7310,  0.226816
0.7315,  0.213090
0.7320,  0.198659
0.7325,  0.183642
0.7330,  0.170868
0.7335,  0.158576
0.7340,  0.151098
0.7345,  0.148384
0.7350,  0.146827
0.7355,  0.144144
0.7360,  0.138953
0.7365,  0.134200
0.7370,  0.132627
0.7375,  0.128701
0.7380,  0.127727
0.7385,  0.127597
0.7390,  0.121594
0.7395,  0.117180
0.7400,  0.110734
0.7405,  0.104250
0.7410,  0.101705
0.7415,  0.105048
0.7420,  0.107318
0.7425,  0.108981
0.7430,  0.110042
0.7435,  0.106675
0.7440,  0.108914
0.7445,  0.107173
0.7450,  0.104389
0.7455,  0.101993
0.7460,  0.098256
0.7465,  0.100651
0.7470,  0.103050
0.7475,  0.102162
0.7480,  0.103154
0.7485,  0.103695
0.7490,  0.103911
0.7495,  0.105830
0.7500,  0.107167
0.7505,  0.108604
0.7510,  0.108874
0.7515,  0.109521
0.7520,  0.108953
0.7525,  0.107787
0.7530,  0.105967
0.7535,  0.102878
0.7540,  0.099596
0.7545,  0.097240
0.7550,  0.100590
0.7555,  0.103249
0.7560,  0.104543
0.7565,  0.104087
0.7570,  0.105667
0.7575,  0.112098
0.7580,  0.134796
0.7585,  0.188059
0.7590,  0.281370
0.7595,  0.414189
0.7600,  0.532509
0.7605,  0.593113
0.7610,  0.595932
0.7615,  0.574418
0.7620,  0.552696
0.7625,  0.542651
0.7630,  0.528785
0.7635,  0.497274
0.7640,  0.453288
0.7645,  0.400647
0.7650,  0.353277
0.7655,  0.306932
0.7660,  0.260411
0.7665,  0.214183
0.7670,  0.177610
0.7675,  0.157104
0.7680,  0.146267
0.7685,  0.142929
0.7690,  0.138734
0.7695,  0.131660
0.7700,  0.126106
0.7705,  0.121643
0.7710,  0.117317
0.7715,  0.114674
0.7720,  0.115269
0.7725,  0.108730
0.7730,  0.106054
0.7735,  0.104648
0.7740,  0.104835
0.7745,  0.102287
0.7750,  0.101208
0.7755,  0.100553
0.7760,  0.100895
0.7765,  0.101615
0.7770,  0.106843
0.7775,  0.108520
0.7780,  0.108347
0.7785,  0.106330
0.7790,  0.102142
0.7795,  0.100658
0.7800,  0.100664
0.7805,  0.100825
0.7810,  0.101429
0.7815,  0.099580
0.7820,  0.095586
0.7825,  0.097036
0.7830,  0.097960
0.7835,  0.099463
0.7840,  0.100771
0.7845,  0.097973
0.7850,  0.097308
0.7855,  0.102682
0.7860,  0.107937
0.7865,  0.114520
0.7870,  0.115982
0.7875,  0.117354
0.7880,  0.123369
0.7885,  0.125488
0.7890,  0.126314
0.7895,  0.126738
0.7900,  0.123797
0.7905,  0.125478
0.7910,  0.124032
0.7915,  0.126141
0.7920,  0.127764
0.7925,  0.124653
0.7930,  0.119872
0.7935,  0.114656
0.7940,  0.112328
0.7945,  0.116360
0.7950,  0.120156
0.7955,  0.129313
0.7960,  0.133953
0.7965,  0.133457
0.7970,  0.132764
0.7975,  0.127434
0.7980,  0.122997
0.7985,  0.121289
0.7990,  0.122745
0.7995,  0.133583
0.8000,  0.141322
0.8005,  0.146613
0.8010,  0.147503
0.8015,  0.145390
0.8020,  0.141567
0.8025,  0.139943
0.8030,  0.139159
0.8035,  0.142249
0.8040,  0.139650
0.8045,  0.135061
0.8050,  0.130514
0.8055,  0.128327
0.8060,  0.125216
0.8065,  0.127782
0.8070,  0.132021
0.8075,  0.131452
0.8080,  0.128183
0.8085,  0.124816
0.8090,  0.125108
0.8095,  0.130593
0.8100,  0.135825
0.8105,  0.143387
0.8110,  0.154728
0.8115,  0.169101
0.8120,  0.186956
0.8125,  0.205185
0.8130,  0.225417
0.8135,  0.242241
0.8140,  0.257576
0.8145,  0.273981
0.8150,  0.290322
0.8155,  0.302976
0.8160,  0.310791
0.8165,  0.318791
0.8170,  0.318660
0.8175,  0.307541
0.8180,  0.296119
0.8185,  0.283010
0.8190,  0.265821
0.8195,  0.251546
0.8200,  0.238557
0.8205,  0.233085
0.8210,  0.240656
0.8215,  0.264437
0.8220,  0.293978
0.8225,  0.315547
0.8230,  0.311496
0.8235,  0.278454
0.8240,  0.244055
0.8245,  0.223292
0.8250,  0.211487
0.8255,  0.208324
0.8260,  0.211456
0.8265,  0.219483
0.8270,  0.225674
0.8275,  0.232547
0.8280,  0.245132
0.8285,  0.253161
0.8290,  0.250663
0.8295,  0.239426
0.8300,  0.228993
0.8305,  0.222335
0.8310,  0.223517
0.8315,  0.217924
0.8320,  0.206588
0.8325,  0.200114
0.8330,  0.195985
0.8335,  0.187675
0.8340,  0.177023
0.8345,  0.169657
0.8350,  0.170541
0.8355,  0.164320
0.8360,  0.158022
0.8365,  0.159465
0.8370,  0.154190
0.8375,  0.148854
0.8380,  0.139975
0.8385,  0.140908
0.8390,  0.136924
0.8395,  0.133285
0.8400,  0.130209
0.8405,  0.131698
0.8410,  0.131998
0.8415,  0.135125
0.8420,  0.135364
0.8425,  0.130311
0.8430,  0.119699
0.8435,  0.116730
0.8440,  0.112524
0.8445,  0.113110
0.8450,  0.117929
0.8455,  0.122675
0.8460,  0.125065
0.8465,  0.125692
0.8470,  0.125108
0.8475,  0.123682
0.8480,  0.121081
0.8485,  0.117191
0.8490,  0.113746
0.8495,  0.111866
0.8500,  0.104341
0.8505,  0.104514
0.8510,  0.106825
0.8515,  0.116205
0.8520,  0.118979
0.8525,  0.105828
0.8530,  0.110061
0.8535,  0.111407
0.8540,  0.100810
0.8545,  0.114645
0.8550,  0.124857
0.8555,  0.122953
0.8560,  0.123600
0.8565,  0.114726
0.8570,  0.112193
0.8575,  0.115804
0.8580,  0.121743
0.8585,  0.121696
0.8590,  0.119547
0.8595,  0.113159
0.8600,  0.108398
0.8605,  0.103352
0.8610,  0.105136
0.8615,  0.106918
0.8620,  0.109750
0.8625,  0.110378
0.8630,  0.111005
0.8635,  0.117587
0.8640,  0.124027
0.8645,  0.109109
0.8650,  0.104840
0.8655,  0.105321
0.8660,  0.092932
0.8665,  0.099698
0.8670,  0.105194
0.8675,  0.109758
0.8680,  0.113791
0.8685,  0.108512
0.8690,  0.105079
0.8695,  0.107498
0.8700,  0.114547
0.8705,  0.122335
0.8710,  0.124161
0.8715,  0.131790
0.8720,  0.141588
0.8725,  0.137942
0.8730,  0.133909
0.8735,  0.134079
0.8740,  0.133099
0.8745,  0.123989
0.8750,  0.128893
0.8755,  0.127397
0.8760,  0.119317
0.8765,  0.114849
0.8770,  0.108842
0.8775,  0.115481
0.8780,  0.131513
0.8785,  0.138784
0.8790,  0.143163
0.8795,  0.145034
0.8800,  0.145864
0.8805,  0.140384
0.8810,  0.133040
0.8815,  0.124532
0.8820,  0.114701
0.8825,  0.118381
0.8830,  0.118653
0.8835,  0.130359
0.8840,  0.129693
0.8845,  0.131113
0.8850,  0.129050
0.8855,  0.129267
0.8860,  0.127727
0.8865,  0.126224
0.8870,  0.123052
0.8875,  0.125731
0.8880,  0.132344
0.8885,  0.147359
0.8890,  0.150414
0.8895,  0.157563
0.8900,  0.161176
