0.3500,  0.270822
0.3505,  0.331369
0.3510,  0.293712
0.3515,  0.264746
0.3520,  0.230589
0.3525,  0.180980
0.3530,  0.222842
0.3535,  0.267667
0.3540,  0.285370
0.3545,  0.306812
0.3550,  0.276585
0.3555,  0.260124
0.3560,  0.225764
0.3565,  0.190888
0.3570,  0.150712
0.3575,  0.110465
0.3580,  0.065142
0.3585,  0.008939
0.3590,  0.189285
0.3595,  0.338752
0.3600,  0.327993
0.3605,  0.313190
0.3610,  0.258511
0.3615,  0.199450
0.3620,  0.247187
0.3625,  0.286548
0.3630,  0.266279
0.3635,  0.246965
0.3640,  0.235942
0.3645,  0.221216
0.3650,  0.258368
0.3655,  0.292259
0.3660,  0.302206
0.3665,  0.312287
0.3670,  0.281172
0.3675,  0.253121
0.3680,  0.215245
0.3685,  0.175904
0.3690,  0.221480
0.3695,  0.268964
0.3700,  0.238601
0.3705,  0.205589
0.3710,  0.224384
0.3715,  0.246827
0.3720,  0.215301
0.3725,  0.189146
0.3730,  0.158332
0.3735,  0.122802
0.3740,  0.136994
0.3745,  0.140506
0.3750,  0.217880
0.3755,  0.280359
0.3760,  0.273911
0.3765,  0.257907
0.3770,  0.305739
0.3775,  0.348814
0.3780,  0.338241
0.3785,  0.337144
0.3790,  0.236741
0.3795,  0.128741
0.3800,  0.187109
0.3805,  0.248823
0.3810,  0.220915
0.3815,  0.203730
0.3820,  0.115768
0.3825,  0.011032
0.3830,  -0.010251
0.3835,  -0.051170
0.3840,  0.125345
0.3845,  0.259640
0.3850,  0.268937
0.3855,  0.280353
0.3860,  0.263374
0.3865,  0.244675
0.3870,  0.236617
0.3875,  0.228626
0.3880,  0.209465
0.3885,  0.186588
0.3890,  0.245952
0.3895,  0.291844
0.3900,  0.291325
0.3905,  0.292697
0.3910,  0.306408
0.3915,  0.334004
0.3920,  0.234341
0.3925,  0.134237
0.3930,  -0.044273
0.3935,  -0.300440
0.3940,  0.005217
0.3945,  0.222050
0.3950,  0.332154
0.3955,  0.433875
0.3960,  0.262754
0.3965,  0.046033
0.3970,  0.066177
0.3975,  0.065548
0.3980,  0.264745
0.3985,  0.399365
0.3990,  0.379176
0.3995,  0.370431
0.4000,  0.337476
0.4005,  0.304439
0.4010,  0.289765
0.4015,  0.281452
0.4020,  0.262992
0.4025,  0.253488
0.4030,  0.228136
0.4035,  0.203871
0.4040,  0.198827
0.4045,  0.196065
0.4050,  0.193571
0.4055,  0.191921
0.4060,  0.171925
0.4065,  0.153415
0.4070,  0.167454
0.4075,  0.180878
0.4080,  0.212074
0.4085,  0.240009
0.4090,  0.233482
0.4095,  0.229912
0.4100,  0.182311
0.4105,  0.125761
0.4110,  0.196519
0.4115,  0.259348
0.4120,  0.240885
0.4125,  0.220743
0.4130,  0.202944
0.4135,  0.189059
0.4140,  0.182855
0.4145,  0.177292
0.4150,  0.175572
0.4155,  0.171963
0.4160,  0.199861
0.4165,  0.228721
0.4170,  0.184954
0.4175,  0.137139
0.4180,  0.142908
0.4185,  0.153082
0.4190,  0.159817
0.4195,  0.160969
0.4200,  0.176759
0.4205,  0.193312
0.4210,  0.203296
0.4215,  0.215333
0.4220,  0.167307
0.4225,  0.113002
0.4230,  0.149011
0.4235,  0.184932
0.4240,  0.196935
0.4245,  0.214471
0.4250,  0.200846
0.4255,  0.180508
0.4260,  0.184003
0.4265,  0.192576
0.4270,  0.160709
0.4275,  0.128861
0.4280,  0.138731
0.4285,  0.155763
0.4290,  0.142900
0.4295,  0.135405
0.4300,  0.046754
0.4305,  -0.063591
0.4310,  0.134014
0.4315,  0.283609
0.4320,  0.252175
0.4325,  0.217501
0.4330,  0.220490
0.4335,  0.225397
0.4340,  0.195560
0.4345,  0.168754
0.4350,  0.172819
0.4355,  0.175417
0.4360,  0.215464
0.4365,  0.255689
0.4370,  0.223498
0.4375,  0.196044
0.4380,  0.140898
0.4385,  0.076796
0.4390,  0.145911
0.4395,  0.208681
0.4400,  0.175121
0.4405,  0.138497
0.4410,  0.183080
0.4415,  0.222409
0.4420,  0.222397
0.4425,  0.221477
0.4430,  0.195558
0.4435,  0.174807
0.4440,  0.188885
0.4445,  0.204630
0.4450,  0.170093
0.4455,  0.131426
0.4460,  0.146641
0.4465,  0.159199
0.4470,  0.193998
0.4475,  0.227052
0.4480,  0.199555
0.4485,  0.169886
0.4490,  0.175726
0.4495,  0.181105
0.4500,  0.198787
0.4505,  0.216925
0.4510,  0.204528
0.4515,  0.196912
0.4520,  0.161923
0.4525,  0.131409
0.4530,  0.140793
0.4535,  0.149777
0.4540,  0.156253
0.4545,  0.158617
0.4550,  0.167979
0.4555,  0.176767
0.4560,  0.181927
0.4565,  0.188408
0.4570,  0.193592
0.4575,  0.201181
0.4580,  0.175185
0.4585,  0.147303
0.4590,  0.157087
0.4595,  0.165256
0.4600,  0.170735
0.4605,  0.175240
0.4610,  0.174510
0.4615,  0.171196
0.4620,  0.177961
0.4625,  0.187331
0.4630,  0.172223
0.4635,  0.164352
0.4640,  0.159305
0.4645,  0.150719
0.4650,  0.171646
0.4655,  0.192426
0.4660,  0.167774
0.4665,  0.143120
0.4670,  0.166465
0.4675,  0.186487
0.4680,  0.181882
0.4685,  0.178230
0.4690,  0.180118
0.4695,  0.184614
0.4700,  0.165738
0.4705,  0.139419
0.4710,  0.172085
0.4715,  0.204696
0.4720,  0.205028
0.4725,  0.204735
0.4730,  0.192828
0.4735,  0.179878
0.4740,  0.188239
0.4745,  0.198159
0.4750,  0.189684
0.4755,  0.182861
0.4760,  0.171719
0.4765,  0.160857
0.4770,  0.187778
0.4775,  0.211913
0.4780,  0.194335
0.4785,  0.177285
0.4790,  0.191005
0.4795,  0.202450
0.4800,  0.189660
0.4805,  0.182244
0.4810,  0.193754
0.4815,  0.202684
0.4820,  0.188753
0.4825,  0.178752
0.4830,  0.181769
0.4835,  0.186157
0.4840,  0.184817
0.4845,  0.187746
0.4850,  0.174902
0.4855,  0.163221
0.4860,  0.128872
0.4865,  0.081702
0.4870,  0.136635
0.4875,  0.182181
0.4880,  0.194436
0.4885,  0.204940
0.4890,  0.203388
0.4895,  0.203167
0.4900,  0.206978
0.4905,  0.214987
0.4910,  0.190835
0.4915,  0.167069
0.4920,  0.169784
0.4925,  0.169550
0.4930,  0.163548
0.4935,  0.154445
0.4940,  0.187449
0.4945,  0.221422
0.4950,  0.186377
0.4955,  0.153210
0.4960,  0.174275
0.4965,  0.195329
0.4970,  0.197718
0.4975,  0.202688
0.4980,  0.171097
0.4985,  0.135733
0.4990,  0.161501
0.4995,  0.189198
0.5000,  0.167432
0.5005,  0.144415
0.5010,  0.138943
0.5015,  0.130507
0.5020,  0.151297
0.5025,  0.171087
0.5030,  0.180544
0.5035,  0.189209
0.5040,  0.172427
0.5045,  0.151114
0.5050,  0.172465
0.5055,  0.194585
0.5060,  0.183097
0.5065,  0.173715
0.5070,  0.163047
0.5075,  0.151863
0.5080,  0.154894
0.5085,  0.156776
0.5090,  0.155004
0.5095,  0.152900
0.5100,  0.158094
0.5105,  0.163581
0.5110,  0.174595
0.5115,  0.185199
0.5120,  0.158168
0.5125,  0.131515
0.5130,  0.135698
0.5135,  0.137415
0.5140,  0.145321
0.5145,  0.150863
0.5150,  0.159937
0.5155,  0.176358
0.5160,  0.135488
0.5165,  0.093140
0.5170,  0.122640
0.5175,  0.147917
0.5180,  0.131832
0.5185,  0.106931
0.5190,  0.143612
0.5195,  0.177643
0.5200,  0.167567
0.5205,  0.157586
0.5210,  0.166639
0.5215,  0.178697
0.5220,  0.155756
0.5225,  0.133461
0.5230,  0.147971
0.5235,  0.157936
0.5240,  0.166663
0.5245,  0.179353
0.5250,  0.174876
0.5255,  0.175019
0.5260,  0.122493
0.5265,  0.064996
0.5270,  0.109551
0.5275,  0.143209
0.5280,  0.150362
0.5285,  0.156853
0.5290,  0.154510
0.5295,  0.152794
0.5300,  0.154939
0.5305,  0.158433
0.5310,  0.159973
0.5315,  0.167057
0.5320,  0.127994
0.5325,  0.086543
0.5330,  0.130299
0.5335,  0.169740
0.5340,  0.151104
0.5345,  0.128873
0.5350,  0.153999
0.5355,  0.181659
0.5360,  0.154373
0.5365,  0.128295
0.5370,  0.133114
0.5375,  0.137604
0.5380,  0.145057
0.5385,  0.154637
0.5390,  0.142761
0.5395,  0.132164
0.5400,  0.122404
0.5405,  0.109284
0.5410,  0.135477
0.5415,  0.159825
0.5420,  0.143791
0.5425,  0.128284
0.5430,  0.139742
0.5435,  0.149896
0.5440,  0.147379
0.5445,  0.146439
0.5450,  0.152106
0.5455,  0.156697
0.5460,  0.152123
0.5465,  0.148694
0.5470,  0.139516
0.5475,  0.128169
0.5480,  0.134562
0.5485,  0.140505
0.5490,  0.147072
0.5495,  0.153250
0.5500,  0.144443
0.5505,  0.137289
0.5510,  0.141118
0.5515,  0.144488
0.5520,  0.140238
0.5525,  0.133926
0.5530,  0.141314
0.5535,  0.149531
0.5540,  0.153654
0.5545,  0.156397
0.5550,  0.157664
0.5555,  0.160039
0.5560,  0.146118
0.5565,  0.132363
0.5570,  0.141282
0.5575,  0.151886
0.5580,  0.143047
0.5585,  0.133665
0.5590,  0.140528
0.5595,  0.145482
0.5600,  0.149682
0.5605,  0.152667
0.5610,  0.146494
0.5615,  0.141292
0.5620,  0.146330
0.5625,  0.152249
0.5630,  0.154724
0.5635,  0.157718
0.5640,  0.157899
0.5645,  0.160130
0.5650,  0.150139
0.5655,  0.139614
0.5660,  0.145581
0.5665,  0.151952
0.5670,  0.165347
0.5675,  0.179517
0.5680,  0.160843
0.5685,  0.142903
0.5690,  0.157926
0.5695,  0.173453
0.5700,  0.154083
0.5705,  0.132178
0.5710,  0.143600
0.5715,  0.150767
0.5720,  0.162116
0.5725,  0.173649
0.5730,  0.165832
0.5735,  0.161858
0.5740,  0.160807
0.5745,  0.160470
0.5750,  0.152952
0.5755,  0.143381
0.5760,  0.146184
0.5765,  0.149755
0.5770,  0.154371
0.5775,  0.159374
0.5780,  0.142694
0.5785,  0.123409
0.5790,  0.134551
0.5795,  0.143263
0.5800,  0.142764
0.5805,  0.141468
0.5810,  0.141672
0.5815,  0.142777
0.5820,  0.146314
0.5825,  0.149315
0.5830,  0.145494
0.5835,  0.141785
0.5840,  0.144250
0.5845,  0.149162
0.5850,  0.134109
0.5855,  0.117822
0.5860,  0.133023
0.5865,  0.148604
0.5870,  0.159153
0.5875,  0.174565
0.5880,  0.165529
0.5885,  0.157384
0.5890,  0.129082
0.5895,  0.094421
0.5900,  0.146662
0.5905,  0.193473
0.5910,  0.182070
0.5915,  0.170717
0.5920,  0.170272
0.5925,  0.170645
0.5930,  0.165433
0.5935,  0.164057
0.5940,  0.159744
0.5945,  0.156004
0.5950,  0.160983
0.5955,  0.163039
0.5960,  0.166404
0.5965,  0.169537
0.5970,  0.160769
0.5975,  0.154449
0.5980,  0.147725
0.5985,  0.142373
0.5990,  0.149076
0.5995,  0.158196
0.6000,  0.154357
0.6005,  0.150997
0.6010,  0.152581
0.6015,  0.150487
0.6020,  0.137829
0.6025,  0.124981
0.6030,  0.138887
0.6035,  0.154138
0.6040,  0.152357
0.6045,  0.154858
0.6050,  0.154640
0.6055,  0.152392
0.6060,  0.150161
0.6065,  0.148605
0.6070,  0.148439
0.6075,  0.150161
0.6080,  0.150404
0.6085,  0.150783
0.6090,  0.156103
0.6095,  0.158908
0.6100,  0.149075
0.6105,  0.136901
0.6110,  0.147258
0.6115,  0.159527
0.6120,  0.151472
0.6125,  0.144742
0.6130,  0.143627
0.6135,  0.140826
0.6140,  0.152425
0.6145,  0.164035
0.6150,  0.168166
0.6155,  0.169913
0.6160,  0.141349
0.6165,  0.109646
0.6170,  0.133440
0.6175,  0.158197
0.6180,  0.162975
0.6185,  0.168708
0.6190,  0.167638
0.6195,  0.163046
0.6200,  0.169277
0.6205,  0.174948
0.6210,  0.161863
0.6215,  0.149049
0.6220,  0.156783
0.6225,  0.166716
0.6230,  0.158006
0.6235,  0.152742
0.6240,  0.158240
0.6245,  0.160920
0.6250,  0.157165
0.6255,  0.150264
0.6260,  0.165255
0.6265,  0.181559
0.6270,  0.182173
0.6275,  0.180993
0.6280,  0.182037
0.6285,  0.185885
0.6290,  0.185830
0.6295,  0.185335
0.6300,  0.181332
0.6305,  0.174419
0.6310,  0.168255
0.6315,  0.166294
0.6320,  0.163475
0.6325,  0.162480
0.6330,  0.162354
0.6335,  0.162202
0.6340,  0.163706
0.6345,  0.168383
0.6350,  0.172859
0.6355,  0.174861
0.6360,  0.172576
0.6365,  0.167117
0.6370,  0.160542
0.6375,  0.157510
0.6380,  0.157767
0.6385,  0.159527
0.6390,  0.162655
0.6395,  0.165083
0.6400,  0.165718
0.6405,  0.164807
0.6410,  0.160874
0.6415,  0.161208
0.6420,  0.158765
0.6425,  0.155318
0.6430,  0.153338
0.6435,  0.153033
0.6440,  0.155185
0.6445,  0.160457
0.6450,  0.168968
0.6455,  0.175125
0.6460,  0.180246
0.6465,  0.181818
0.6470,  0.178132
0.6475,  0.171894
0.6480,  0.168468
0.6485,  0.162741
0.6490,  0.157421
0.6495,  0.163865
0.6500,  0.168148
0.6505,  0.174928
0.6510,  0.184214
0.6515,  0.182691
0.6520,  0.178837
0.6525,  0.176789
0.6530,  0.177365
0.6535,  0.166374
0.6540,  0.160534
0.6545,  0.162648
0.6550,  0.171320
0.6555,  0.170911
0.6560,  0.162510
0.6565,  0.139721
0.6570,  0.102972
0.6575,  0.114353
0.6580,  0.128013
0.6585,  0.141884
0.6590,  0.156881
0.6595,  0.150242
0.6600,  0.143627
0.6605,  0.138343
0.6610,  0.134872
0.6615,  0.130657
0.6620,  0.129849
0.6625,  0.130859
0.6630,  0.132533
0.6635,  0.139053
0.6640,  0.143238
0.6645,  0.147657
0.6650,  0.150302
0.6655,  0.144858
0.6660,  0.137406
0.6665,  0.131650
0.6670,  0.127799
0.6675,  0.127496
0.6680,  0.127121
0.6685,  0.129314
0.6690,  0.130477
0.6695,  0.128105
0.6700,  0.130294
0.6705,  0.134291
0.6710,  0.136836
0.6715,  0.140574
0.6720,  0.140690
0.6725,  0.139149
0.6730,  0.131776
0.6735,  0.124160
0.6740,  0.121601
0.6745,  0.120520
0.6750,  0.122850
0.6755,  0.128342
0.6760,  0.133946
0.6765,  0.139131
0.6770,  0.141305
0.6775,  0.140758
0.6780,  0.137020
0.6785,  0.134647
0.6790,  0.132423
0.6795,  0.130125
0.6800,  0.129339
0.6805,  0.128995
0.6810,  0.130923
0.6815,  0.134533
0.6820,  0.138172
0.6825,  0.138219
0.6830,  0.140812
0.6835,  0.142895
0.6840,  0.145389
0.6845,  0.143664
0.6850,  0.146577
0.6855,  0.167161
0.6860,  0.200317
0.6865,  0.234665
0.6870,  0.261896
0.6875,  0.267150
0.6880,  0.265172
0.6885,  0.261054
0.6890,  0.256414
0.6895,  0.254064
0.6900,  0.249673
0.6905,  0.242459
0.6910,  0.231085
0.6915,  0.222360
0.6920,  0.213806
0.6925,  0.209656
0.6930,  0.211633
0.6935,  0.211135
0.6940,  0.211233
0.6945,  0.209876
0.6950,  0.208003
0.6955,  0.200256
0.6960,  0.190325
0.6965,  0.182111
0.6970,  0.175250
0.6975,  0.178388
0.6980,  0.182952
0.6985,  0.186850
0.6990,  0.192950
0.6995,  0.192596
0.7000,  0.190523
0.7005,  0.191344
0.7010,  0.186804
0.7015,  0.193210
0.7020,  0.192247
0.7025,  0.190333
0.7030,  0.187216
0.7035,  0.187675
0.7040,  0.187619
0.7045,  0.193534
0.7050,  0.197290
0.7055,  0.193955
0.7060,  0.189761
0.7065,  0.181576
0.7070,  0.176288
0.7075,  0.171260
0.7080,  0.171790
0.7085,  0.171390
0.7090,  0.169716
0.7095,  0.169980
0.7100,  0.170243
0.7105,  0.171093
0.7110,  0.171434
0.7115,  0.171510
0.7120,  0.172609
0.7125,  0.182221
0.7130,  0.183013
0.7135,  0.184723
0.7140,  0.184699
0.7145,  0.187203
0.7150,  0.193761
0.7155,  0.208921
0.7160,  0.236371
0.7165,  0.267225
0.7170,  0.306612
0.7175,  0.341494
0.7180,  0.371566
0.7185,  0.388369
0.7190,  0.399310
0.7195,  0.398407
0.7200,  0.379964
0.7205,  0.352640
0.7210,  0.321243
0.7215,  0.296123
0.7220,  0.288563
0.7225,  0.298078
0.7230,  0.315034
0.7235,  0.329937
0.7240,  0.343394
0.7245,  0.352431
0.7250,  0.360065
0.7255,  0.362806
0.7260,  0.365396
0.7265,  0.367869
0.7270,  0.366914
0.7275,  0.362069
0.7280,  0.351452
0.7285,  0.340502
0.7290,  0.330906
0.7295,  0.325610
0.7300,  0.324905
0.7305,  0.327843
0.7310,  0.320920
0.7315,  0.307336
0.7320,  0.290458
0.7325,  0.272621
0.7330,  0.250459
0.7335,  0.232243
0.7340,  0.222775
0.7345,  0.221016
0.7350,  0.219038
0.7355,  0.220891
0.7360,  0.219644
0.7365,  0.215719
0.7370,  0.209158
0.7375,  0.199400
0.7380,  0.196779
0.7385,  0.195851
0.7390,  0.190189
0.7395,  0.187429
0.7400,  0.180897
0.7405,  0.175098
0.7410,  0.170597
0.7415,  0.176740
0.7420,  0.178942
0.7425,  0.179826
0.7430,  0.182326
0.7435,  0.177699
0.7440,  0.178781
0.7445,  0.178222
0.7450,  0.174415
0.7455,  0.169760
0.7460,  0.165851
0.7465,  0.164013
0.7470,  0.162992
0.7475,  0.162839
0.7480,  0.163590
0.7485,  0.165791
0.7490,  0.168164
0.7495,  0.169704
0.7500,  0.170423
0.7505,  0.171776
0.7510,  0.170529
0.7515,  0.169064
0.7520,  0.165566
0.7525,  0.161703
0.7530,  0.157114
0.7535,  0.157256
0.7540,  0.162957
0.7545,  0.163647
0.7550,  0.168659
0.7555,  0.171210
0.7560,  0.175933
0.7565,  0.178680
0.7570,  0.176436
0.7575,  0.179095
0.7580,  0.199787
0.7585,  0.261124
0.7590,  0.375502
0.7595,  0.538650
0.7600,  0.695434
0.7605,  0.791612
0.7610,  0.811657
0.7615,  0.794090
0.7620,  0.773198
0.7625,  0.771739
0.7630,  0.756891
0.7635,  0.715832
0.7640,  0.659196
0.7645,  0.585743
0.7650,  0.517639
0.7655,  0.458079
0.7660,  0.399678
0.7665,  0.342376
0.7670,  0.292533
0.7675,  0.261316
0.7680,  0.238217
0.7685,  0.219793
0.7690,  0.209591
0.7695,  0.200060
0.7700,  0.189529
0.7705,  0.180134
0.7710,  0.175619
0.7715,  0.178600
0.7720,  0.183811
0.7725,  0.182274
0.7730,  0.183867
0.7735,  0.176125
0.7740,  0.173445
0.7745,  0.169943
0.7750,  0.166172
0.7755,  0.167421
0.7760,  0.164567
0.7765,  0.161790
0.7770,  0.165800
0.7775,  0.169408
0.7780,  0.173297
0.7785,  0.178279
0.7790,  0.177527
0.7795,  0.178416
0.7800,  0.176420
0.7805,  0.174857
0.7810,  0.173590
0.7815,  0.171561
0.7820,  0.165731
0.7825,  0.160146
0.7830,  0.160624
0.7835,  0.165970
0.7840,  0.167750
0.7845,  0.170955
0.7850,  0.175261
0.7855,  0.173764
0.7860,  0.173284
0.7865,  0.178423
0.7870,  0.180048
0.7875,  0.181729
0.7880,  0.184464
0.7885,  0.190703
0.7890,  0.200362
0.7895,  0.208082
0.7900,  0.212230
0.7905,  0.213408
0.7910,  0.213829
0.7915,  0.210068
0.7920,  0.206205
0.7925,  0.203232
0.7930,  0.204100
0.7935,  0.202008
0.7940,  0.201143
0.7945,  0.196325
0.7950,  0.193657
0.7955,  0.197255
0.7960,  0.201248
0.7965,  0.214379
0.7970,  0.218336
0.7975,  0.214961
0.7980,  0.208318
0.7985,  0.202621
0.7990,  0.197526
0.7995,  0.194172
0.8000,  0.197254
0.8005,  0.202884
0.8010,  0.209567
0.8015,  0.214324
0.8020,  0.216610
0.8025,  0.213747
0.8030,  0.205175
0.8035,  0.204526
0.8040,  0.207281
0.8045,  0.204945
0.8050,  0.195259
0.8055,  0.193644
0.8060,  0.189941
0.8065,  0.187913
0.8070,  0.193847
0.8075,  0.199589
0.8080,  0.199463
0.8085,  0.199823
0.8090,  0.197855
0.8095,  0.202695
0.8100,  0.209058
0.8105,  0.220669
0.8110,  0.233552
0.8115,  0.245977
0.8120,  0.261876
0.8125,  0.284220
0.8130,  0.305780
0.8135,  0.336018
0.8140,  0.365642
0.8145,  0.387372
0.8150,  0.413540
0.8155,  0.424648
0.8160,  0.423546
0.8165,  0.425279
0.8170,  0.428572
0.8175,  0.426323
0.8180,  0.413317
0.8185,  0.409223
0.8190,  0.389197
0.8195,  0.375224
0.8200,  0.351887
0.8205,  0.329378
0.8210,  0.325534
0.8215,  0.340251
0.8220,  0.376218
0.8225,  0.405055
0.8230,  0.410653
0.8235,  0.389778
0.8240,  0.362142
0.8245,  0.334615
0.8250,  0.317698
0.8255,  0.309124
0.8260,  0.312317
0.8265,  0.320536
0.8270,  0.327757
0.8275,  0.344905
0.8280,  0.359897
0.8285,  0.357452
0.8290,  0.348133
0.8295,  0.339066
0.8300,  0.333008
0.8305,  0.329145
0.8310,  0.330821
0.8315,  0.326952
0.8320,  0.319449
0.8325,  0.309265
0.8330,  0.290482
0.8335,  0.276047
0.8340,  0.264286
0.8345,  0.256834
0.8350,  0.260211
0.8355,  0.261113
0.8360,  0.258333
0.8365,  0.251959
0.8370,  0.240289
0.8375,  0.230761
0.8380,  0.221087
0.8385,  0.209494
0.8390,  0.204816
0.8395,  0.199547
0.8400,  0.209088
0.8405,  0.208161
0.8410,  0.206805
0.8415,  0.207809
0.8420,  0.215398
0.8425,  0.219952
0.8430,  0.214386
0.8435,  0.211037
0.8440,  0.204801
0.8445,  0.197952
0.8450,  0.185817
0.8455,  0.182353
0.8460,  0.188589
0.8465,  0.187398
0.8470,  0.187865
0.8475,  0.192311
0.8480,  0.197868
0.8485,  0.201131
0.8490,  0.193561
0.8495,  0.179452
0.8500,  0.163399
0.8505,  0.173422
0.8510,  0.176142
0.8515,  0.181784
0.8520,  0.198410
0.8525,  0.196277
0.8530,  0.198349
0.8535,  0.194975
0.8540,  0.168041
0.8545,  0.186387
0.8550,  0.181804
0.8555,  0.184878
0.8560,  0.194463
0.8565,  0.192609
0.8570,  0.190965
0.8575,  0.189397
0.8580,  0.192161
0.8585,  0.193365
0.8590,  0.192594
0.8595,  0.187877
0.8600,  0.185816
0.8605,  0.178172
0.8610,  0.175173
0.8615,  0.182233
0.8620,  0.183480
0.8625,  0.185521
0.8630,  0.189103
0.8635,  0.198628
0.8640,  0.217158
0.8645,  0.206354
0.8650,  0.203783
0.8655,  0.197578
0.8660,  0.179701
0.8665,  0.177792
0.8670,  0.169867
0.8675,  0.171528
0.8680,  0.180121
0.8685,  0.182803
0.8690,  0.189865
0.8695,  0.202866
0.8700,  0.202348
0.8705,  0.195148
0.8710,  0.197898
0.8715,  0.198912
0.8720,  0.207127
0.8725,  0.202664
0.8730,  0.198682
0.8735,  0.185554
0.8740,  0.192563
0.8745,  0.205688
0.8750,  0.212113
0.8755,  0.214339
0.8760,  0.215964
0.8765,  0.207825
0.8770,  0.204505
0.8775,  0.199360
0.8780,  0.207780
0.8785,  0.210791
0.8790,  0.205080
0.8795,  0.202317
0.8800,  0.215644
0.8805,  0.217788
0.8810,  0.214891
0.8815,  0.201999
0.8820,  0.194627
0.8825,  0.187093
0.8830,  0.184794
0.8835,  0.189473
0.8840,  0.201066
0.8845,  0.195507
0.8850,  0.202385
0.8855,  0.218058
0.8860,  0.227827
0.8865,  0.238554
0.8870,  0.218451
0.8875,  0.211679
0.8880,  0.210921
0.8885,  0.221427
0.8890,  0.228452
0.8895,  0.234669
0.8900,  0.237496
