0.3500,  0.324266
0.3505,  0.379084
0.3510,  0.346810
0.3515,  0.308071
0.3520,  0.264372
0.3525,  0.219567
0.3530,  0.260794
0.3535,  0.294704
0.3540,  0.313770
0.3545,  0.335728
0.3550,  0.312777
0.3555,  0.298605
0.3560,  0.266728
0.3565,  0.243430
0.3570,  0.222055
0.3575,  0.194152
0.3580,  0.153612
0.3585,  0.092088
0.3590,  0.245646
0.3595,  0.373610
0.3600,  0.358719
0.3605,  0.342933
0.3610,  0.296231
0.3615,  0.239286
0.3620,  0.277925
0.3625,  0.308166
0.3630,  0.289234
0.3635,  0.272148
0.3640,  0.263452
0.3645,  0.246556
0.3650,  0.274739
0.3655,  0.298740
0.3660,  0.298609
0.3665,  0.303222
0.3670,  0.273581
0.3675,  0.246917
0.3680,  0.213957
0.3685,  0.183697
0.3690,  0.228255
0.3695,  0.268669
0.3700,  0.235430
0.3705,  0.201832
0.3710,  0.218923
0.3715,  0.242425
0.3720,  0.214864
0.3725,  0.189962
0.3730,  0.162085
0.3735,  0.132202
0.3740,  0.142755
0.3745,  0.146786
0.3750,  0.229293
0.3755,  0.294737
0.3760,  0.286678
0.3765,  0.267355
0.3770,  0.307380
0.3775,  0.341870
0.3780,  0.331006
0.3785,  0.332397
0.3790,  0.241339
0.3795,  0.142691
0.3800,  0.193046
0.3805,  0.246663
0.3810,  0.222326
0.3815,  0.213670
0.3820,  0.143368
0.3825,  0.051655
0.3830,  0.037317
0.3835,  0.007762
0.3840,  0.171834
0.3845,  0.295378
0.3850,  0.304309
0.3855,  0.309435
0.3860,  0.293424
0.3865,  0.280557
0.3870,  0.267494
0.3875,  0.254760
0.3880,  0.232888
0.3885,  0.208651
0.3890,  0.261583
0.3895,  0.300375
0.3900,  0.294601
0.3905,  0.288993
0.3910,  0.296305
0.3915,  0.318910
0.3920,  0.229263
0.3925,  0.142299
0.3930,  -0.012611
0.3935,  -0.234043
0.3940,  0.050708
0.3945,  0.244709
0.3950,  0.336205
0.3955,  0.420610
0.3960,  0.264369
0.3965,  0.076082
0.3970,  0.099878
0.3975,  0.096903
0.3980,  0.270747
0.3985,  0.385047
0.3990,  0.358888
0.3995,  0.341233
0.4000,  0.301808
0.4005,  0.265166
0.4010,  0.246623
0.4015,  0.236186
0.4020,  0.218490
0.4025,  0.206978
0.4030,  0.182229
0.4035,  0.158739
0.4040,  0.151128
0.4045,  0.150554
0.4050,  0.150728
0.4055,  0.152453
0.4060,  0.140707
0.4065,  0.126678
0.4070,  0.139337
0.4075,  0.149139
0.4080,  0.172991
0.4085,  0.196750
0.4090,  0.191820
0.4095,  0.185709
0.4100,  0.141505
0.4105,  0.089578
0.4110,  0.153789
0.4115,  0.212111
0.4120,  0.195855
0.4125,  0.178104
0.4130,  0.164104
0.4135,  0.154818
0.4140,  0.148656
0.4145,  0.139938
0.4150,  0.136462
0.4155,  0.131776
0.4160,  0.152818
0.4165,  0.176922
0.4170,  0.141248
0.4175,  0.104311
0.4180,  0.112975
0.4185,  0.122933
0.4190,  0.131037
0.4195,  0.134712
0.4200,  0.148880
0.4205,  0.161240
0.4210,  0.167803
0.4215,  0.178581
0.4220,  0.131061
0.4225,  0.082086
0.4230,  0.116182
0.4235,  0.148968
0.4240,  0.161028
0.4245,  0.174370
0.4250,  0.159673
0.4255,  0.142361
0.4260,  0.145720
0.4265,  0.152704
0.4270,  0.123716
0.4275,  0.094153
0.4280,  0.106614
0.4285,  0.124396
0.4290,  0.114626
0.4295,  0.108775
0.4300,  0.032758
0.4305,  -0.064170
0.4310,  0.115945
0.4315,  0.250641
0.4320,  0.221972
0.4325,  0.188906
0.4330,  0.189622
0.4335,  0.191762
0.4340,  0.163250
0.4345,  0.138233
0.4350,  0.138706
0.4355,  0.136532
0.4360,  0.172504
0.4365,  0.210706
0.4370,  0.180050
0.4375,  0.154138
0.4380,  0.106177
0.4385,  0.050678
0.4390,  0.115513
0.4395,  0.174672
0.4400,  0.148600
0.4405,  0.117013
0.4410,  0.154739
0.4415,  0.188510
0.4420,  0.185663
0.4425,  0.182647
0.4430,  0.159495
0.4435,  0.139433
0.4440,  0.149336
0.4445,  0.162827
0.4450,  0.131790
0.4455,  0.097092
0.4460,  0.111486
0.4465,  0.124433
0.4470,  0.158055
0.4475,  0.187915
0.4480,  0.160557
0.4485,  0.131742
0.4490,  0.134786
0.4495,  0.137203
0.4500,  0.151626
0.4505,  0.168674
0.4510,  0.160429
0.4515,  0.152699
0.4520,  0.125314
0.4525,  0.095914
0.4530,  0.105740
0.4535,  0.113937
0.4540,  0.122166
0.4545,  0.126116
0.4550,  0.134587
0.4555,  0.142922
0.4560,  0.145638
0.4565,  0.147570
0.4570,  0.148542
0.4575,  0.152795
0.4580,  0.129688
0.4585,  0.107443
0.4590,  0.118742
0.4595,  0.126401
0.4600,  0.132260
0.4605,  0.137229
0.4610,  0.136415
0.4615,  0.134387
0.4620,  0.140588
0.4625,  0.147003
0.4630,  0.132167
0.4635,  0.122903
0.4640,  0.115829
0.4645,  0.109071
0.4650,  0.129175
0.4655,  0.149597
0.4660,  0.128013
0.4665,  0.107432
0.4670,  0.129919
0.4675,  0.148093
0.4680,  0.143004
0.4685,  0.141227
0.4690,  0.142622
0.4695,  0.147311
0.4700,  0.129290
0.4705,  0.106666
0.4710,  0.135868
0.4715,  0.164063
0.4720,  0.163006
0.4725,  0.161285
0.4730,  0.149173
0.4735,  0.136943
0.4740,  0.145864
0.4745,  0.157274
0.4750,  0.150744
0.4755,  0.143536
0.4760,  0.132044
0.4765,  0.119934
0.4770,  0.142859
0.4775,  0.164341
0.4780,  0.146445
0.4785,  0.129883
0.4790,  0.143346
0.4795,  0.154358
0.4800,  0.143418
0.4805,  0.136464
0.4810,  0.146583
0.4815,  0.155245
0.4820,  0.140334
0.4825,  0.130451
0.4830,  0.134980
0.4835,  0.139111
0.4840,  0.136593
0.4845,  0.137393
0.4850,  0.124531
0.4855,  0.112620
0.4860,  0.082175
0.4865,  0.041239
0.4870,  0.092212
0.4875,  0.135138
0.4880,  0.146030
0.4885,  0.154854
0.4890,  0.153744
0.4895,  0.153119
0.4900,  0.154403
0.4905,  0.158927
0.4910,  0.135730
0.4915,  0.113160
0.4920,  0.115058
0.4925,  0.116032
0.4930,  0.111583
0.4935,  0.104763
0.4940,  0.134147
0.4945,  0.163030
0.4950,  0.132116
0.4955,  0.100981
0.4960,  0.117601
0.4965,  0.134915
0.4970,  0.136253
0.4975,  0.141200
0.4980,  0.114297
0.4985,  0.084483
0.4990,  0.109486
0.4995,  0.135453
0.5000,  0.117012
0.5005,  0.097456
0.5010,  0.091655
0.5015,  0.082563
0.5020,  0.100358
0.5025,  0.117998
0.5030,  0.126181
0.5035,  0.132635
0.5040,  0.115763
0.5045,  0.096623
0.5050,  0.118011
0.5055,  0.138952
0.5060,  0.127865
0.5065,  0.119098
0.5070,  0.109347
0.5075,  0.098903
0.5080,  0.101708
0.5085,  0.103742
0.5090,  0.102821
0.5095,  0.101140
0.5100,  0.106421
0.5105,  0.112416
0.5110,  0.122438
0.5115,  0.131980
0.5120,  0.106839
0.5125,  0.083987
0.5130,  0.088386
0.5135,  0.089560
0.5140,  0.096818
0.5145,  0.103012
0.5150,  0.112155
0.5155,  0.126328
0.5160,  0.089259
0.5165,  0.050300
0.5170,  0.076592
0.5175,  0.098970
0.5180,  0.084418
0.5185,  0.061988
0.5190,  0.095184
0.5195,  0.125373
0.5200,  0.115872
0.5205,  0.106099
0.5210,  0.115611
0.5215,  0.127612
0.5220,  0.107728
0.5225,  0.086611
0.5230,  0.099018
0.5235,  0.108497
0.5240,  0.116133
0.5245,  0.126605
0.5250,  0.122209
0.5255,  0.122147
0.5260,  0.076129
0.5265,  0.024584
0.5270,  0.063893
0.5275,  0.095512
0.5280,  0.102927
0.5285,  0.108918
0.5290,  0.105762
0.5295,  0.103118
0.5300,  0.105153
0.5305,  0.107572
0.5310,  0.109265
0.5315,  0.115304
0.5320,  0.080214
0.5325,  0.042626
0.5330,  0.082055
0.5335,  0.116274
0.5340,  0.099637
0.5345,  0.080764
0.5350,  0.105061
0.5355,  0.130345
0.5360,  0.106244
0.5365,  0.083125
0.5370,  0.085764
0.5375,  0.089249
0.5380,  0.096768
0.5385,  0.104838
0.5390,  0.094350
0.5395,  0.085326
0.5400,  0.076277
0.5405,  0.064915
0.5410,  0.090785
0.5415,  0.114010
0.5420,  0.099330
0.5425,  0.084065
0.5430,  0.094100
0.5435,  0.102238
0.5440,  0.098696
0.5445,  0.097458
0.5450,  0.103470
0.5455,  0.107107
0.5460,  0.103227
0.5465,  0.100064
0.5470,  0.091646
0.5475,  0.082816
0.5480,  0.089177
0.5485,  0.094167
0.5490,  0.100345
0.5495,  0.107494
0.5500,  0.099943
0.5505,  0.093327
0.5510,  0.096041
0.5515,  0.098809
0.5520,  0.094847
0.5525,  0.089704
0.5530,  0.098399
0.5535,  0.106215
0.5540,  0.110259
0.5545,  0.111484
0.5550,  0.112288
0.5555,  0.114181
0.5560,  0.100328
0.5565,  0.088100
0.5570,  0.098042
0.5575,  0.108082
0.5580,  0.098828
0.5585,  0.089610
0.5590,  0.095398
0.5595,  0.100569
0.5600,  0.104808
0.5605,  0.107561
0.5610,  0.102579
0.5615,  0.098042
0.5620,  0.103824
0.5625,  0.109042
0.5630,  0.112073
0.5635,  0.116433
0.5640,  0.118460
0.5645,  0.118797
0.5650,  0.108965
0.5655,  0.098123
0.5660,  0.104646
0.5665,  0.111051
0.5670,  0.123322
0.5675,  0.134983
0.5680,  0.117912
0.5685,  0.102827
0.5690,  0.117556
0.5695,  0.132855
0.5700,  0.116045
0.5705,  0.096088
0.5710,  0.105530
0.5715,  0.110333
0.5720,  0.119044
0.5725,  0.127011
0.5730,  0.120595
0.5735,  0.117498
0.5740,  0.117474
0.5745,  0.118543
0.5750,  0.112040
0.5755,  0.103144
0.5760,  0.105502
0.5765,  0.108940
0.5770,  0.112120
0.5775,  0.117661
0.5780,  0.103922
0.5785,  0.086601
0.5790,  0.094620
0.5795,  0.102635
0.5800,  0.103256
0.5805,  0.103508
0.5810,  0.104358
0.5815,  0.105032
0.5820,  0.107089
0.5825,  0.108791
0.5830,  0.104462
0.5835,  0.101418
0.5840,  0.103014
0.5845,  0.109035
0.5850,  0.096468
0.5855,  0.083558
0.5860,  0.097607
0.5865,  0.110023
0.5870,  0.117895
0.5875,  0.131263
0.5880,  0.125123
0.5885,  0.117277
0.5890,  0.095944
0.5895,  0.067336
0.5900,  0.116578
0.5905,  0.158758
0.5910,  0.146630
0.5915,  0.134752
0.5920,  0.133672
0.5925,  0.133808
0.5930,  0.128978
0.5935,  0.129054
0.5940,  0.127026
0.5945,  0.124371
0.5950,  0.128196
0.5955,  0.129053
0.5960,  0.132692
0.5965,  0.137205
0.5970,  0.130355
0.5975,  0.124007
0.5980,  0.117725
0.5985,  0.111349
0.5990,  0.117220
0.5995,  0.123196
0.6000,  0.117653
0.6005,  0.114816
0.6010,  0.118868
0.6015,  0.119467
0.6020,  0.108947
0.6025,  0.098731
0.6030,  0.110394
0.6035,  0.122309
0.6040,  0.119103
0.6045,  0.118269
0.6050,  0.117085
0.6055,  0.115715
0.6060,  0.114700
0.6065,  0.113505
0.6070,  0.113850
0.6075,  0.114615
0.6080,  0.115574
0.6085,  0.117931
0.6090,  0.122933
0.6095,  0.125272
0.6100,  0.116276
0.6105,  0.106231
0.6110,  0.117146
0.6115,  0.128545
0.6120,  0.120829
0.6125,  0.113738
0.6130,  0.113000
0.6135,  0.111630
0.6140,  0.120845
0.6145,  0.130187
0.6150,  0.133882
0.6155,  0.136399
0.6160,  0.111813
0.6165,  0.085230
0.6170,  0.110097
0.6175,  0.135252
0.6180,  0.139838
0.6185,  0.143713
0.6190,  0.139605
0.6195,  0.134096
0.6200,  0.138376
0.6205,  0.142659
0.6210,  0.131495
0.6215,  0.120508
0.6220,  0.129495
0.6225,  0.139336
0.6230,  0.131522
0.6235,  0.124893
0.6240,  0.128209
0.6245,  0.131813
0.6250,  0.127638
0.6255,  0.119944
0.6260,  0.134374
0.6265,  0.150738
0.6270,  0.151755
0.6275,  0.153544
0.6280,  0.156626
0.6285,  0.161276
0.6290,  0.160646
0.6295,  0.157584
0.6300,  0.152986
0.6305,  0.146757
0.6310,  0.142052
0.6315,  0.142933
0.6320,  0.141458
0.6325,  0.140904
0.6330,  0.140613
0.6335,  0.142181
0.6340,  0.143945
0.6345,  0.147537
0.6350,  0.150155
0.6355,  0.150796
0.6360,  0.151174
0.6365,  0.149523
0.6370,  0.144355
0.6375,  0.140517
0.6380,  0.140054
0.6385,  0.141534
0.6390,  0.145425
0.6395,  0.145822
0.6400,  0.143982
0.6405,  0.140990
0.6410,  0.137183
0.6415,  0.137766
0.6420,  0.134732
0.6425,  0.131457
0.6430,  0.130413
0.6435,  0.131392
0.6440,  0.134391
0.6445,  0.141592
0.6450,  0.149835
0.6455,  0.154089
0.6460,  0.158935
0.6465,  0.161731
0.6470,  0.160524
0.6475,  0.157702
0.6480,  0.154918
0.6485,  0.151964
0.6490,  0.146838
0.6495,  0.152116
0.6500,  0.156935
0.6505,  0.162178
0.6510,  0.168748
0.6515,  0.167448
0.6520,  0.168275
0.6525,  0.165532
0.6530,  0.162655
0.6535,  0.154845
0.6540,  0.151337
0.6545,  0.157454
0.6550,  0.170918
0.6555,  0.172241
0.6560,  0.163891
0.6565,  0.137939
0.6570,  0.102177
0.6575,  0.110304
0.6580,  0.120383
0.6585,  0.131422
0.6590,  0.143803
0.6595,  0.137887
0.6600,  0.132798
0.6605,  0.129372
0.6610,  0.128378
0.6615,  0.126021
0.6620,  0.125588
0.6625,  0.124819
0.6630,  0.123846
0.6635,  0.127583
0.6640,  0.128844
0.6645,  0.131516
0.6650,  0.133652
0.6655,  0.132313
0.6660,  0.128734
0.6665,  0.126492
0.6670,  0.123832
0.6675,  0.123880
0.6680,  0.122649
0.6685,  0.124984
0.6690,  0.127251
0.6695,  0.124608
0.6700,  0.125400
0.6705,  0.127145
0.6710,  0.129460
0.6715,  0.133156
0.6720,  0.133332
0.6725,  0.134061
0.6730,  0.132446
0.6735,  0.130122
0.6740,  0.132754
0.6745,  0.133324
0.6750,  0.133132
0.6755,  0.134649
0.6760,  0.136866
0.6765,  0.139509
0.6770,  0.138800
0.6775,  0.137213
0.6780,  0.135344
0.6785,  0.133614
0.6790,  0.133346
0.6795,  0.133765
0.6800,  0.135095
0.6805,  0.135649
0.6810,  0.135500
0.6815,  0.135795
0.6820,  0.138070
0.6825,  0.140004
0.6830,  0.143594
0.6835,  0.148353
0.6840,  0.148956
0.6845,  0.148253
0.6850,  0.152964
0.6855,  0.172827
0.6860,  0.205327
0.6865,  0.241454
0.6870,  0.268037
0.6875,  0.275866
0.6880,  0.273709
0.6885,  0.265650
0.6890,  0.258003
0.6895,  0.251426
0.6900,  0.246798
0.6905,  0.237791
0.6910,  0.226970
0.6915,  0.224257
0.6920,  0.221794
0.6925,  0.224470
0.6930,  0.231765
0.6935,  0.233911
0.6940,  0.232639
0.6945,  0.230630
0.6950,  0.224878
0.6955,  0.215743
0.6960,  0.203778
0.6965,  0.194111
0.6970,  0.186684
0.6975,  0.190371
0.6980,  0.199444
0.6985,  0.209229
0.6990,  0.216751
0.6995,  0.217717
0.7000,  0.215255
0.7005,  0.211526
0.7010,  0.206203
0.7015,  0.209308
0.7020,  0.211258
0.7025,  0.210854
0.7030,  0.209693
0.7035,  0.212465
0.7040,  0.212481
0.7045,  0.212286
0.7050,  0.213307
0.7055,  0.212525
0.7060,  0.213771
0.7065,  0.212333
0.7070,  0.205688
0.7075,  0.202954
0.7080,  0.202239
0.7085,  0.202414
0.7090,  0.198439
0.7095,  0.199498
0.7100,  0.198933
0.7105,  0.200717
0.7110,  0.203074
0.7115,  0.201795
0.7120,  0.201166
0.7125,  0.202663
0.7130,  0.202418
0.7135,  0.205284
0.7140,  0.207911
0.7145,  0.212468
0.7150,  0.219578
0.7155,  0.236588
0.7160,  0.266607
0.7165,  0.303649
0.7170,  0.347214
0.7175,  0.386268
0.7180,  0.415620
0.7185,  0.435471
0.7190,  0.446430
0.7195,  0.450235
0.7200,  0.433251
0.7205,  0.402635
0.7210,  0.369646
0.7215,  0.343826
0.7220,  0.337957
0.7225,  0.347961
0.7230,  0.366259
0.7235,  0.384677
0.7240,  0.403725
0.7245,  0.412710
0.7250,  0.412399
0.7255,  0.409952
0.7260,  0.410719
0.7265,  0.411284
0.7270,  0.412723
0.7275,  0.412157
0.7280,  0.414466
0.7285,  0.409982
0.7290,  0.405662
0.7295,  0.403240
0.7300,  0.396320
0.7305,  0.389984
0.7310,  0.377345
0.7315,  0.359020
0.7320,  0.338483
0.7325,  0.317676
0.7330,  0.296256
0.7335,  0.279478
0.7340,  0.269285
0.7345,  0.266337
0.7350,  0.266333
0.7355,  0.265506
0.7360,  0.264402
0.7365,  0.258027
0.7370,  0.252527
0.7375,  0.245438
0.7380,  0.243372
0.7385,  0.244111
0.7390,  0.237670
0.7395,  0.232320
0.7400,  0.227437
0.7405,  0.227872
0.7410,  0.224995
0.7415,  0.224925
0.7420,  0.225227
0.7425,  0.225032
0.7430,  0.225368
0.7435,  0.221203
0.7440,  0.221294
0.7445,  0.221215
0.7450,  0.218683
0.7455,  0.218380
0.7460,  0.217677
0.7465,  0.219810
0.7470,  0.223054
0.7475,  0.226438
0.7480,  0.227207
0.7485,  0.225046
0.7490,  0.221028
0.7495,  0.223662
0.7500,  0.221300
0.7505,  0.220255
0.7510,  0.223164
0.7515,  0.229855
0.7520,  0.233983
0.7525,  0.233427
0.7530,  0.234652
0.7535,  0.233175
0.7540,  0.228640
0.7545,  0.225058
0.7550,  0.224072
0.7555,  0.222897
0.7560,  0.221812
0.7565,  0.226142
0.7570,  0.225532
0.7575,  0.234554
0.7580,  0.264214
0.7585,  0.328056
0.7590,  0.446558
0.7595,  0.620017
0.7600,  0.806988
0.7605,  0.930865
0.7610,  0.951664
0.7615,  0.914047
0.7620,  0.874534
0.7625,  0.858489
0.7630,  0.852586
0.7635,  0.819673
0.7640,  0.763885
0.7645,  0.704011
0.7650,  0.635094
0.7655,  0.564089
0.7660,  0.492377
0.7665,  0.428981
0.7670,  0.369051
0.7675,  0.332509
0.7680,  0.310832
0.7685,  0.292635
0.7690,  0.282615
0.7695,  0.276349
0.7700,  0.271646
0.7705,  0.270386
0.7710,  0.263389
0.7715,  0.258788
0.7720,  0.257856
0.7725,  0.259142
0.7730,  0.261647
0.7735,  0.262416
0.7740,  0.262460
0.7745,  0.259632
0.7750,  0.254716
0.7755,  0.252673
0.7760,  0.253047
0.7765,  0.251841
0.7770,  0.257670
0.7775,  0.261880
0.7780,  0.265793
0.7785,  0.257761
0.7790,  0.252249
0.7795,  0.254548
0.7800,  0.259104
0.7805,  0.259573
0.7810,  0.259640
0.7815,  0.256880
0.7820,  0.254336
0.7825,  0.255078
0.7830,  0.255267
0.7835,  0.256547
0.7840,  0.259102
0.7845,  0.261305
0.7850,  0.261753
0.7855,  0.260153
0.7860,  0.262713
0.7865,  0.268135
0.7870,  0.270357
0.7875,  0.278506
0.7880,  0.285277
0.7885,  0.290329
0.7890,  0.297757
0.7895,  0.300581
0.7900,  0.295623
0.7905,  0.293961
0.7910,  0.292429
0.7915,  0.290316
0.7920,  0.292284
0.7925,  0.297062
0.7930,  0.300571
0.7935,  0.301822
0.7940,  0.299772
0.7945,  0.297753
0.7950,  0.298802
0.7955,  0.310474
0.7960,  0.316095
0.7965,  0.315049
0.7970,  0.322470
0.7975,  0.316827
0.7980,  0.315487
0.7985,  0.311116
0.7990,  0.317076
0.7995,  0.327088
0.8000,  0.331585
0.8005,  0.337479
0.8010,  0.336871
0.8015,  0.329316
0.8020,  0.328618
0.8025,  0.330654
0.8030,  0.323599
0.8035,  0.331052
0.8040,  0.332228
0.8045,  0.331992
0.8050,  0.325249
0.8055,  0.317243
0.8060,  0.316942
0.8065,  0.319316
0.8070,  0.323115
0.8075,  0.326343
0.8080,  0.322694
0.8085,  0.318753
0.8090,  0.319486
0.8095,  0.335935
0.8100,  0.349165
0.8105,  0.361315
0.8110,  0.370980
0.8115,  0.384988
0.8120,  0.408476
0.8125,  0.436051
0.8130,  0.458698
0.8135,  0.479899
0.8140,  0.510652
0.8145,  0.544795
0.8150,  0.578152
0.8155,  0.604228
0.8160,  0.627309
0.8165,  0.640331
0.8170,  0.630734
0.8175,  0.612484
0.8180,  0.591218
0.8185,  0.573504
0.8190,  0.559069
0.8195,  0.538724
0.8200,  0.522326
0.8205,  0.503677
0.8210,  0.504098
0.8215,  0.532670
0.8220,  0.574650
0.8225,  0.626047
0.8230,  0.630075
0.8235,  0.594735
0.8240,  0.548470
0.8245,  0.508502
0.8250,  0.474730
0.8255,  0.456654
0.8260,  0.452543
0.8265,  0.466418
0.8270,  0.490010
0.8275,  0.512429
0.8280,  0.541101
0.8285,  0.553945
0.8290,  0.547362
0.8295,  0.542409
0.8300,  0.526741
0.8305,  0.516911
0.8310,  0.519193
0.8315,  0.521634
0.8320,  0.528210
0.8325,  0.527252
0.8330,  0.513410
0.8335,  0.496035
0.8340,  0.464609
0.8345,  0.441314
0.8350,  0.433701
0.8355,  0.421470
0.8360,  0.417626
0.8365,  0.419341
0.8370,  0.418709
0.8375,  0.420365
0.8380,  0.418516
0.8385,  0.410719
0.8390,  0.410765
0.8395,  0.410208
0.8400,  0.402963
0.8405,  0.393183
0.8410,  0.385457
0.8415,  0.380040
0.8420,  0.371688
0.8425,  0.365627
0.8430,  0.367685
0.8435,  0.369178
0.8440,  0.373194
0.8445,  0.383806
0.8450,  0.379597
0.8455,  0.372536
0.8460,  0.369089
0.8465,  0.377680
0.8470,  0.390810
0.8475,  0.387801
0.8480,  0.390394
0.8485,  0.393413
0.8490,  0.402868
0.8495,  0.405769
0.8500,  0.397143
0.8505,  0.394395
0.8510,  0.388241
0.8515,  0.389122
0.8520,  0.392185
0.8525,  0.387741
0.8530,  0.400596
0.8535,  0.417528
0.8540,  0.420155
0.8545,  0.451537
0.8550,  0.460838
0.8555,  0.452129
0.8560,  0.446869
0.8565,  0.430843
0.8570,  0.425917
0.8575,  0.412061
0.8580,  0.406593
0.8585,  0.406573
0.8590,  0.412165
0.8595,  0.417242
0.8600,  0.413635
0.8605,  0.419510
0.8610,  0.427560
0.8615,  0.428341
0.8620,  0.423798
0.8625,  0.428826
0.8630,  0.432171
0.8635,  0.445090
0.8640,  0.455608
0.8645,  0.451012
0.8650,  0.455188
0.8655,  0.471443
0.8660,  0.450782
0.8665,  0.452287
0.8670,  0.450014
0.8675,  0.441567
0.8680,  0.443567
0.8685,  0.435511
0.8690,  0.440655
0.8695,  0.442637
0.8700,  0.453877
0.8705,  0.459085
0.8710,  0.472489
0.8715,  0.471183
0.8720,  0.482833
0.8725,  0.488160
0.8730,  0.491608
0.8735,  0.492102
0.8740,  0.492163
0.8745,  0.490643
0.8750,  0.499112
0.8755,  0.501475
0.8760,  0.503061
0.8765,  0.501150
0.8770,  0.501463
0.8775,  0.507368
0.8780,  0.520737
0.8785,  0.538587
0.8790,  0.545844
0.8795,  0.553803
0.8800,  0.567883
0.8805,  0.574257
0.8810,  0.556384
0.8815,  0.543896
0.8820,  0.527440
0.8825,  0.525402
0.8830,  0.535041
0.8835,  0.514251
0.8840,  0.512230
0.8845,  0.522733
0.8850,  0.530598
0.8855,  0.528019
0.8860,  0.546001
0.8865,  0.567416
0.8870,  0.580208
0.8875,  0.590490
0.8880,  0.583991
0.8885,  0.584822
0.8890,  0.586929
0.8895,  0.576905
0.8900,  0.578782
