0.3500,  0.316068
0.3505,  0.358954
0.3510,  0.329368
0.3515,  0.299458
0.3520,  0.264050
0.3525,  0.230632
0.3530,  0.263577
0.3535,  0.294734
0.3540,  0.307422
0.3545,  0.333135
0.3550,  0.313983
0.3555,  0.305347
0.3560,  0.268918
0.3565,  0.252073
0.3570,  0.239656
0.3575,  0.214418
0.3580,  0.184225
0.3585,  0.136069
0.3590,  0.264663
0.3595,  0.370346
0.3600,  0.361746
0.3605,  0.352585
0.3610,  0.307901
0.3615,  0.249772
0.3620,  0.274343
0.3625,  0.298259
0.3630,  0.287582
0.3635,  0.275701
0.3640,  0.271336
0.3645,  0.267183
0.3650,  0.288920
0.3655,  0.306232
0.3660,  0.306046
0.3665,  0.313233
0.3670,  0.288700
0.3675,  0.265650
0.3680,  0.235770
0.3685,  0.206022
0.3690,  0.239683
0.3695,  0.278281
0.3700,  0.255285
0.3705,  0.228232
0.3710,  0.246209
0.3715,  0.270402
0.3720,  0.252866
0.3725,  0.238434
0.3730,  0.217606
0.3735,  0.187557
0.3740,  0.194083
0.3745,  0.193749
0.3750,  0.249031
0.3755,  0.292818
0.3760,  0.284306
0.3765,  0.273227
0.3770,  0.314614
0.3775,  0.347400
0.3780,  0.341119
0.3785,  0.340729
0.3790,  0.255233
0.3795,  0.166025
0.3800,  0.210520
0.3805,  0.262617
0.3810,  0.251799
0.3815,  0.248395
0.3820,  0.183482
0.3825,  0.099892
0.3830,  0.084078
0.3835,  0.054887
0.3840,  0.185688
0.3845,  0.287161
0.3850,  0.299218
0.3855,  0.308673
0.3860,  0.294062
0.3865,  0.284596
0.3870,  0.280670
0.3875,  0.274984
0.3880,  0.255959
0.3885,  0.228118
0.3890,  0.265664
0.3895,  0.298781
0.3900,  0.294407
0.3905,  0.289767
0.3910,  0.303754
0.3915,  0.336505
0.3920,  0.268414
0.3925,  0.201054
0.3930,  0.071635
0.3935,  -0.124944
0.3940,  0.105648
0.3945,  0.261053
0.3950,  0.337236
0.3955,  0.415249
0.3960,  0.286741
0.3965,  0.119780
0.3970,  0.131185
0.3975,  0.126443
0.3980,  0.276033
0.3985,  0.375998
0.3990,  0.355512
0.3995,  0.342116
0.4000,  0.307886
0.4005,  0.276024
0.4010,  0.261963
0.4015,  0.255575
0.4020,  0.241302
0.4025,  0.234673
0.4030,  0.217709
0.4035,  0.198685
0.4040,  0.194139
0.4045,  0.193867
0.4050,  0.194518
0.4055,  0.196840
0.4060,  0.186975
0.4065,  0.179122
0.4070,  0.193775
0.4075,  0.203689
0.4080,  0.224942
0.4085,  0.244137
0.4090,  0.238375
0.4095,  0.231038
0.4100,  0.188436
0.4105,  0.140952
0.4110,  0.190973
0.4115,  0.239174
0.4120,  0.227793
0.4125,  0.216671
0.4130,  0.206544
0.4135,  0.199229
0.4140,  0.197365
0.4145,  0.193038
0.4150,  0.190033
0.4155,  0.187124
0.4160,  0.202980
0.4165,  0.222189
0.4170,  0.188631
0.4175,  0.152702
0.4180,  0.158413
0.4185,  0.168232
0.4190,  0.179806
0.4195,  0.185429
0.4200,  0.196264
0.4205,  0.204223
0.4210,  0.207203
0.4215,  0.213557
0.4220,  0.176693
0.4225,  0.133394
0.4230,  0.161979
0.4235,  0.190692
0.4240,  0.203285
0.4245,  0.215911
0.4250,  0.203516
0.4255,  0.192586
0.4260,  0.195729
0.4265,  0.202080
0.4270,  0.175828
0.4275,  0.153930
0.4280,  0.168071
0.4285,  0.182715
0.4290,  0.177561
0.4295,  0.170286
0.4300,  0.103041
0.4305,  0.015138
0.4310,  0.163643
0.4315,  0.272855
0.4320,  0.246890
0.4325,  0.214850
0.4330,  0.219209
0.4335,  0.228892
0.4340,  0.209198
0.4345,  0.190068
0.4350,  0.189887
0.4355,  0.187100
0.4360,  0.216517
0.4365,  0.247712
0.4370,  0.223064
0.4375,  0.203445
0.4380,  0.162138
0.4385,  0.113398
0.4390,  0.168648
0.4395,  0.219348
0.4400,  0.195622
0.4405,  0.167127
0.4410,  0.200227
0.4415,  0.227214
0.4420,  0.224301
0.4425,  0.223415
0.4430,  0.202203
0.4435,  0.185655
0.4440,  0.196805
0.4445,  0.207633
0.4450,  0.181458
0.4455,  0.153209
0.4460,  0.164157
0.4465,  0.173393
0.4470,  0.201939
0.4475,  0.228142
0.4480,  0.205577
0.4485,  0.182407
0.4490,  0.186490
0.4495,  0.188092
0.4500,  0.199491
0.4505,  0.213012
0.4510,  0.204203
0.4515,  0.197764
0.4520,  0.172348
0.4525,  0.150263
0.4530,  0.161823
0.4535,  0.170737
0.4540,  0.177301
0.4545,  0.182738
0.4550,  0.191651
0.4555,  0.200690
0.4560,  0.200465
0.4565,  0.201564
0.4570,  0.202828
0.4575,  0.206360
0.4580,  0.185756
0.4585,  0.162914
0.4590,  0.171524
0.4595,  0.180318
0.4600,  0.185752
0.4605,  0.188044
0.4610,  0.185954
0.4615,  0.183235
0.4620,  0.187962
0.4625,  0.195121
0.4630,  0.183586
0.4635,  0.175577
0.4640,  0.170042
0.4645,  0.164904
0.4650,  0.182830
0.4655,  0.199689
0.4660,  0.182602
0.4665,  0.165125
0.4670,  0.186624
0.4675,  0.205182
0.4680,  0.200932
0.4685,  0.199907
0.4690,  0.201728
0.4695,  0.202485
0.4700,  0.184087
0.4705,  0.164127
0.4710,  0.185613
0.4715,  0.209380
0.4720,  0.209633
0.4725,  0.208788
0.4730,  0.198911
0.4735,  0.187593
0.4740,  0.194960
0.4745,  0.205268
0.4750,  0.201240
0.4755,  0.196677
0.4760,  0.185322
0.4765,  0.173630
0.4770,  0.192590
0.4775,  0.209637
0.4780,  0.193839
0.4785,  0.180077
0.4790,  0.192132
0.4795,  0.202529
0.4800,  0.194936
0.4805,  0.188840
0.4810,  0.198528
0.4815,  0.207388
0.4820,  0.195545
0.4825,  0.187677
0.4830,  0.188359
0.4835,  0.191518
0.4840,  0.191326
0.4845,  0.194687
0.4850,  0.183382
0.4855,  0.173856
0.4860,  0.147700
0.4865,  0.109934
0.4870,  0.151362
0.4875,  0.186728
0.4880,  0.195384
0.4885,  0.202646
0.4890,  0.201694
0.4895,  0.201332
0.4900,  0.202196
0.4905,  0.207296
0.4910,  0.188083
0.4915,  0.170887
0.4920,  0.173298
0.4925,  0.174145
0.4930,  0.170566
0.4935,  0.163293
0.4940,  0.188243
0.4945,  0.214002
0.4950,  0.187641
0.4955,  0.161003
0.4960,  0.175305
0.4965,  0.190109
0.4970,  0.191810
0.4975,  0.195884
0.4980,  0.171778
0.4985,  0.145325
0.4990,  0.168153
0.4995,  0.191010
0.5000,  0.176133
0.5005,  0.160619
0.5010,  0.156474
0.5015,  0.149299
0.5020,  0.163905
0.5025,  0.178231
0.5030,  0.184556
0.5035,  0.189917
0.5040,  0.176433
0.5045,  0.159749
0.5050,  0.176351
0.5055,  0.191720
0.5060,  0.182959
0.5065,  0.177656
0.5070,  0.170690
0.5075,  0.163303
0.5080,  0.166395
0.5085,  0.168154
0.5090,  0.167172
0.5095,  0.166019
0.5100,  0.170009
0.5105,  0.172996
0.5110,  0.180515
0.5115,  0.189345
0.5120,  0.167754
0.5125,  0.148170
0.5130,  0.152124
0.5135,  0.154717
0.5140,  0.160943
0.5145,  0.164730
0.5150,  0.173543
0.5155,  0.186169
0.5160,  0.155627
0.5165,  0.123618
0.5170,  0.145882
0.5175,  0.162932
0.5180,  0.147953
0.5185,  0.126614
0.5190,  0.154200
0.5195,  0.181116
0.5200,  0.174343
0.5205,  0.167732
0.5210,  0.175724
0.5215,  0.186061
0.5220,  0.168631
0.5225,  0.150227
0.5230,  0.160843
0.5235,  0.168130
0.5240,  0.174754
0.5245,  0.184214
0.5250,  0.181572
0.5255,  0.181687
0.5260,  0.141616
0.5265,  0.097277
0.5270,  0.131275
0.5275,  0.158099
0.5280,  0.165013
0.5285,  0.171293
0.5290,  0.170092
0.5295,  0.167905
0.5300,  0.169049
0.5305,  0.171793
0.5310,  0.172780
0.5315,  0.177293
0.5320,  0.147327
0.5325,  0.115527
0.5330,  0.148841
0.5335,  0.178204
0.5340,  0.163724
0.5345,  0.147766
0.5350,  0.168199
0.5355,  0.189050
0.5360,  0.168811
0.5365,  0.149569
0.5370,  0.152963
0.5375,  0.157242
0.5380,  0.163942
0.5385,  0.171242
0.5390,  0.161124
0.5395,  0.151042
0.5400,  0.141373
0.5405,  0.130721
0.5410,  0.152334
0.5415,  0.172440
0.5420,  0.160920
0.5425,  0.149694
0.5430,  0.158678
0.5435,  0.165777
0.5440,  0.162453
0.5445,  0.160981
0.5450,  0.164033
0.5455,  0.168006
0.5460,  0.163932
0.5465,  0.161443
0.5470,  0.155100
0.5475,  0.147149
0.5480,  0.153706
0.5485,  0.159549
0.5490,  0.166052
0.5495,  0.171056
0.5500,  0.163260
0.5505,  0.157269
0.5510,  0.159344
0.5515,  0.162638
0.5520,  0.157682
0.5525,  0.151918
0.5530,  0.159970
0.5535,  0.167792
0.5540,  0.169202
0.5545,  0.170218
0.5550,  0.171475
0.5555,  0.174008
0.5560,  0.163052
0.5565,  0.152880
0.5570,  0.160855
0.5575,  0.170563
0.5580,  0.163628
0.5585,  0.154871
0.5590,  0.161070
0.5595,  0.165816
0.5600,  0.168931
0.5605,  0.171408
0.5610,  0.166577
0.5615,  0.161506
0.5620,  0.164630
0.5625,  0.169522
0.5630,  0.172237
0.5635,  0.175396
0.5640,  0.177546
0.5645,  0.180105
0.5650,  0.172062
0.5655,  0.162891
0.5660,  0.167080
0.5665,  0.169409
0.5670,  0.179001
0.5675,  0.189950
0.5680,  0.176881
0.5685,  0.164304
0.5690,  0.176628
0.5695,  0.189632
0.5700,  0.175395
0.5705,  0.157772
0.5710,  0.164965
0.5715,  0.167717
0.5720,  0.175130
0.5725,  0.183907
0.5730,  0.179396
0.5735,  0.176649
0.5740,  0.176528
0.5745,  0.177073
0.5750,  0.171403
0.5755,  0.164381
0.5760,  0.166703
0.5765,  0.171296
0.5770,  0.176112
0.5775,  0.180873
0.5780,  0.168226
0.5785,  0.154503
0.5790,  0.160616
0.5795,  0.165128
0.5800,  0.164368
0.5805,  0.164366
0.5810,  0.164540
0.5815,  0.166802
0.5820,  0.169442
0.5825,  0.170423
0.5830,  0.166325
0.5835,  0.165492
0.5840,  0.168613
0.5845,  0.173561
0.5850,  0.162313
0.5855,  0.150042
0.5860,  0.161558
0.5865,  0.173690
0.5870,  0.183054
0.5875,  0.198168
0.5880,  0.195344
0.5885,  0.190742
0.5890,  0.169843
0.5895,  0.140534
0.5900,  0.179813
0.5905,  0.214161
0.5910,  0.204072
0.5915,  0.194399
0.5920,  0.193208
0.5925,  0.193836
0.5930,  0.190124
0.5935,  0.190121
0.5940,  0.188961
0.5945,  0.185968
0.5950,  0.190317
0.5955,  0.191319
0.5960,  0.193059
0.5965,  0.196123
0.5970,  0.189236
0.5975,  0.181571
0.5980,  0.175663
0.5985,  0.172729
0.5990,  0.178127
0.5995,  0.184036
0.6000,  0.179903
0.6005,  0.176526
0.6010,  0.178324
0.6015,  0.177784
0.6020,  0.168390
0.6025,  0.158028
0.6030,  0.169382
0.6035,  0.180770
0.6040,  0.177802
0.6045,  0.178151
0.6050,  0.177761
0.6055,  0.175406
0.6060,  0.174081
0.6065,  0.175807
0.6070,  0.177011
0.6075,  0.178218
0.6080,  0.177096
0.6085,  0.175907
0.6090,  0.178245
0.6095,  0.180412
0.6100,  0.172723
0.6105,  0.164859
0.6110,  0.173698
0.6115,  0.183542
0.6120,  0.178018
0.6125,  0.172701
0.6130,  0.171991
0.6135,  0.170019
0.6140,  0.178619
0.6145,  0.184957
0.6150,  0.187909
0.6155,  0.191113
0.6160,  0.170029
0.6165,  0.146034
0.6170,  0.164776
0.6175,  0.185967
0.6180,  0.190112
0.6185,  0.192801
0.6190,  0.190987
0.6195,  0.186038
0.6200,  0.191675
0.6205,  0.198693
0.6210,  0.190560
0.6215,  0.182494
0.6220,  0.187892
0.6225,  0.193740
0.6230,  0.187720
0.6235,  0.182435
0.6240,  0.187437
0.6245,  0.188165
0.6250,  0.182590
0.6255,  0.176733
0.6260,  0.189881
0.6265,  0.204364
0.6270,  0.207139
0.6275,  0.208869
0.6280,  0.211286
0.6285,  0.214459
0.6290,  0.213519
0.6295,  0.212001
0.6300,  0.207519
0.6305,  0.201472
0.6310,  0.197209
0.6315,  0.196327
0.6320,  0.195199
0.6325,  0.195202
0.6330,  0.196702
0.6335,  0.196587
0.6340,  0.196909
0.6345,  0.200791
0.6350,  0.203618
0.6355,  0.204707
0.6360,  0.204664
0.6365,  0.201232
0.6370,  0.195639
0.6375,  0.192391
0.6380,  0.191624
0.6385,  0.193703
0.6390,  0.196162
0.6395,  0.195775
0.6400,  0.197836
0.6405,  0.195413
0.6410,  0.191831
0.6415,  0.192364
0.6420,  0.188680
0.6425,  0.185649
0.6430,  0.184441
0.6435,  0.186175
0.6440,  0.192164
0.6445,  0.198824
0.6450,  0.207130
0.6455,  0.212747
0.6460,  0.216291
0.6465,  0.215350
0.6470,  0.211525
0.6475,  0.208070
0.6480,  0.206354
0.6485,  0.202771
0.6490,  0.198100
0.6495,  0.200068
0.6500,  0.203577
0.6505,  0.208735
0.6510,  0.213397
0.6515,  0.214019
0.6520,  0.210272
0.6525,  0.208872
0.6530,  0.207862
0.6535,  0.203777
0.6540,  0.205614
0.6545,  0.213881
0.6550,  0.223878
0.6555,  0.222993
0.6560,  0.210962
0.6565,  0.186513
0.6570,  0.155741
0.6575,  0.162762
0.6580,  0.171938
0.6585,  0.181256
0.6590,  0.193269
0.6595,  0.189436
0.6600,  0.186424
0.6605,  0.184652
0.6610,  0.183661
0.6615,  0.180870
0.6620,  0.179726
0.6625,  0.179724
0.6630,  0.181384
0.6635,  0.185286
0.6640,  0.186301
0.6645,  0.185644
0.6650,  0.186657
0.6655,  0.183666
0.6660,  0.178997
0.6665,  0.175856
0.6670,  0.173472
0.6675,  0.174726
0.6680,  0.173678
0.6685,  0.175566
0.6690,  0.179436
0.6695,  0.179706
0.6700,  0.179007
0.6705,  0.179849
0.6710,  0.181747
0.6715,  0.184545
0.6720,  0.188733
0.6725,  0.191017
0.6730,  0.188413
0.6735,  0.185234
0.6740,  0.184945
0.6745,  0.182027
0.6750,  0.178523
0.6755,  0.176978
0.6760,  0.179026
0.6765,  0.182394
0.6770,  0.186308
0.6775,  0.185339
0.6780,  0.184103
0.6785,  0.181808
0.6790,  0.179975
0.6795,  0.180059
0.6800,  0.180803
0.6805,  0.182932
0.6810,  0.186472
0.6815,  0.186869
0.6820,  0.188544
0.6825,  0.192055
0.6830,  0.196758
0.6835,  0.198695
0.6840,  0.197199
0.6845,  0.196245
0.6850,  0.202594
0.6855,  0.224293
0.6860,  0.254971
0.6865,  0.286233
0.6870,  0.303683
0.6875,  0.305580
0.6880,  0.302883
0.6885,  0.294465
0.6890,  0.287978
0.6895,  0.283344
0.6900,  0.277420
0.6905,  0.269414
0.6910,  0.265970
0.6915,  0.265140
0.6920,  0.264425
0.6925,  0.264923
0.6930,  0.266734
0.6935,  0.266362
0.6940,  0.265834
0.6945,  0.263732
0.6950,  0.260889
0.6955,  0.253378
0.6960,  0.245458
0.6965,  0.237528
0.6970,  0.229813
0.6975,  0.229532
0.6980,  0.236784
0.6985,  0.245480
0.6990,  0.253941
0.6995,  0.256969
0.7000,  0.257260
0.7005,  0.259095
0.7010,  0.254261
0.7015,  0.253927
0.7020,  0.251640
0.7025,  0.248240
0.7030,  0.244876
0.7035,  0.247618
0.7040,  0.249278
0.7045,  0.250449
0.7050,  0.253417
0.7055,  0.248900
0.7060,  0.243885
0.7065,  0.236326
0.7070,  0.231328
0.7075,  0.228955
0.7080,  0.230913
0.7085,  0.233442
0.7090,  0.236499
0.7095,  0.237975
0.7100,  0.237095
0.7105,  0.235643
0.7110,  0.235639
0.7115,  0.233445
0.7120,  0.235006
0.7125,  0.239696
0.7130,  0.238752
0.7135,  0.241307
0.7140,  0.243768
0.7145,  0.247100
0.7150,  0.256200
0.7155,  0.273089
0.7160,  0.299897
0.7165,  0.334795
0.7170,  0.372597
0.7175,  0.402752
0.7180,  0.429881
0.7185,  0.449089
0.7190,  0.452320
0.7195,  0.449092
0.7200,  0.425914
0.7205,  0.393914
0.7210,  0.364617
0.7215,  0.346706
0.7220,  0.348009
0.7225,  0.360466
0.7230,  0.379727
0.7235,  0.394637
0.7240,  0.406141
0.7245,  0.406966
0.7250,  0.407060
0.7255,  0.408249
0.7260,  0.411473
0.7265,  0.416459
0.7270,  0.422131
0.7275,  0.423525
0.7280,  0.417737
0.7285,  0.409924
0.7290,  0.399831
0.7295,  0.392298
0.7300,  0.388281
0.7305,  0.381218
0.7310,  0.375739
0.7315,  0.362717
0.7320,  0.347565
0.7325,  0.329335
0.7330,  0.307778
0.7335,  0.295517
0.7340,  0.287864
0.7345,  0.284220
0.7350,  0.284144
0.7355,  0.287068
0.7360,  0.287652
0.7365,  0.287283
0.7370,  0.282301
0.7375,  0.275482
0.7380,  0.273700
0.7385,  0.268041
0.7390,  0.262159
0.7395,  0.260598
0.7400,  0.255528
0.7405,  0.249388
0.7410,  0.245717
0.7415,  0.246889
0.7420,  0.247715
0.7425,  0.247797
0.7430,  0.248612
0.7435,  0.241989
0.7440,  0.243486
0.7445,  0.246321
0.7450,  0.243776
0.7455,  0.243143
0.7460,  0.242934
0.7465,  0.240312
0.7470,  0.240173
0.7475,  0.238263
0.7480,  0.242517
0.7485,  0.247875
0.7490,  0.250846
0.7495,  0.252334
0.7500,  0.249866
0.7505,  0.247497
0.7510,  0.249085
0.7515,  0.245838
0.7520,  0.243369
0.7525,  0.244060
0.7530,  0.245605
0.7535,  0.245526
0.7540,  0.241844
0.7545,  0.242352
0.7550,  0.245331
0.7555,  0.242760
0.7560,  0.241263
0.7565,  0.243089
0.7570,  0.248114
0.7575,  0.256273
0.7580,  0.290542
0.7585,  0.361247
0.7590,  0.481045
0.7595,  0.627263
0.7600,  0.767587
0.7605,  0.846379
0.7610,  0.843085
0.7615,  0.815069
0.7620,  0.792203
0.7625,  0.782371
0.7630,  0.773585
0.7635,  0.743820
0.7640,  0.688577
0.7645,  0.629165
0.7650,  0.575205
0.7655,  0.521869
0.7660,  0.461625
0.7665,  0.406762
0.7670,  0.360049
0.7675,  0.326963
0.7680,  0.305243
0.7685,  0.293406
0.7690,  0.290152
0.7695,  0.282494
0.7700,  0.273657
0.7705,  0.270268
0.7710,  0.267796
0.7715,  0.265779
0.7720,  0.259499
0.7725,  0.256454
0.7730,  0.257210
0.7735,  0.259632
0.7740,  0.258018
0.7745,  0.254143
0.7750,  0.246979
0.7755,  0.246626
0.7760,  0.248297
0.7765,  0.254857
0.7770,  0.264871
0.7775,  0.267077
0.7780,  0.266050
0.7785,  0.266019
0.7790,  0.263019
0.7795,  0.265958
0.7800,  0.267564
0.7805,  0.270877
0.7810,  0.274076
0.7815,  0.269492
0.7820,  0.263657
0.7825,  0.265792
0.7830,  0.274608
0.7835,  0.279907
0.7840,  0.276115
0.7845,  0.273218
0.7850,  0.273195
0.7855,  0.272165
0.7860,  0.272281
0.7865,  0.283040
0.7870,  0.287997
0.7875,  0.291783
0.7880,  0.291366
0.7885,  0.296638
0.7890,  0.302140
0.7895,  0.305166
0.7900,  0.299485
0.7905,  0.298571
0.7910,  0.301665
0.7915,  0.300187
0.7920,  0.303714
0.7925,  0.301419
0.7930,  0.301936
0.7935,  0.301988
0.7940,  0.299150
0.7945,  0.303102
0.7950,  0.304391
0.7955,  0.306734
0.7960,  0.309117
0.7965,  0.304698
0.7970,  0.302486
0.7975,  0.295293
0.7980,  0.290194
0.7985,  0.295008
0.7990,  0.301802
0.7995,  0.310593
0.8000,  0.313047
0.8005,  0.319683
0.8010,  0.321616
0.8015,  0.315249
0.8020,  0.314297
0.8025,  0.314285
0.8030,  0.310223
0.8035,  0.310353
0.8040,  0.313098
0.8045,  0.310511
0.8050,  0.309470
0.8055,  0.311993
0.8060,  0.304037
0.8065,  0.304795
0.8070,  0.307607
0.8075,  0.312102
0.8080,  0.306455
0.8085,  0.304956
0.8090,  0.309980
0.8095,  0.322746
0.8100,  0.328776
0.8105,  0.345666
0.8110,  0.361537
0.8115,  0.381030
0.8120,  0.398724
0.8125,  0.411921
0.8130,  0.432949
0.8135,  0.461373
0.8140,  0.489292
0.8145,  0.511047
0.8150,  0.534041
0.8155,  0.556103
0.8160,  0.573498
0.8165,  0.602954
0.8170,  0.617000
0.8175,  0.605011
0.8180,  0.574608
0.8185,  0.541596
0.8190,  0.517114
0.8195,  0.499786
0.8200,  0.480381
0.8205,  0.461331
0.8210,  0.467865
0.8215,  0.498339
0.8220,  0.534953
0.8225,  0.560340
0.8230,  0.556756
0.8235,  0.525467
0.8240,  0.487054
0.8245,  0.459952
0.8250,  0.442103
0.8255,  0.431384
0.8260,  0.435581
0.8265,  0.442903
0.8270,  0.462332
0.8275,  0.474467
0.8280,  0.489703
0.8285,  0.488806
0.8290,  0.489404
0.8295,  0.486242
0.8300,  0.473019
0.8305,  0.460235
0.8310,  0.457028
0.8315,  0.454504
0.8320,  0.453778
0.8325,  0.460276
0.8330,  0.467556
0.8335,  0.463181
0.8340,  0.446896
0.8345,  0.426188
0.8350,  0.410127
0.8355,  0.391145
0.8360,  0.379085
0.8365,  0.376080
0.8370,  0.383725
0.8375,  0.387484
0.8380,  0.391996
0.8385,  0.383148
0.8390,  0.374516
0.8395,  0.366957
0.8400,  0.357899
0.8405,  0.345794
0.8410,  0.347299
0.8415,  0.354482
0.8420,  0.346054
0.8425,  0.339657
0.8430,  0.348699
0.8435,  0.347175
0.8440,  0.349073
0.8445,  0.352880
0.8450,  0.346009
0.8455,  0.348609
0.8460,  0.349197
0.8465,  0.352080
0.8470,  0.348594
0.8475,  0.344610
0.8480,  0.336431
0.8485,  0.339852
0.8490,  0.351102
0.8495,  0.361339
0.8500,  0.362312
0.8505,  0.384965
0.8510,  0.379412
0.8515,  0.378184
0.8520,  0.382210
0.8525,  0.371409
0.8530,  0.373557
0.8535,  0.388087
0.8540,  0.374583
0.8545,  0.379445
0.8550,  0.352005
0.8555,  0.343344
0.8560,  0.343120
0.8565,  0.342730
0.8570,  0.354591
0.8575,  0.366288
0.8580,  0.379258
0.8585,  0.369551
0.8590,  0.365003
0.8595,  0.362573
0.8600,  0.360587
0.8605,  0.360747
0.8610,  0.370771
0.8615,  0.367156
0.8620,  0.370198
0.8625,  0.377243
0.8630,  0.375960
0.8635,  0.371406
0.8640,  0.380458
0.8645,  0.369121
0.8650,  0.368885
0.8655,  0.390475
0.8660,  0.386737
0.8665,  0.400066
0.8670,  0.406171
0.8675,  0.410676
0.8680,  0.412061
0.8685,  0.410283
0.8690,  0.401724
0.8695,  0.410167
0.8700,  0.421260
0.8705,  0.418801
0.8710,  0.415107
0.8715,  0.403525
0.8720,  0.402688
0.8725,  0.408450
0.8730,  0.408780
0.8735,  0.400987
0.8740,  0.411357
0.8745,  0.414344
0.8750,  0.429394
0.8755,  0.426541
0.8760,  0.428327
0.8765,  0.425167
0.8770,  0.417911
0.8775,  0.425916
0.8780,  0.435121
0.8785,  0.436959
0.8790,  0.437106
0.8795,  0.431731
0.8800,  0.425449
0.8805,  0.422101
0.8810,  0.409281
0.8815,  0.413878
0.8820,  0.407338
0.8825,  0.414987
0.8830,  0.442390
0.8835,  0.466788
0.8840,  0.461167
0.8845,  0.457953
0.8850,  0.444897
0.8855,  0.453719
0.8860,  0.465625
0.8865,  0.471036
0.8870,  0.451131
0.8875,  0.457231
0.8880,  0.453728
0.8885,  0.446986
0.8890,  0.444193
0.8895,  0.446314
0.8900,  0.435003
