0.3500,  -0.006825
0.3505,  0.042480
0.3510,  0.021910
0.3515,  -0.000072
0.3520,  -0.026344
0.3525,  -0.063154
0.3530,  -0.023512
0.3535,  0.006999
0.3540,  0.015048
0.3545,  0.034211
0.3550,  0.015675
0.3555,  0.007914
0.3560,  -0.020607
0.3565,  -0.044161
0.3570,  -0.071339
0.3575,  -0.105947
0.3580,  -0.146961
0.3585,  -0.192399
0.3590,  -0.054034
0.3595,  0.056797
0.3600,  0.046420
0.3605,  0.037963
0.3610,  -0.001512
0.3615,  -0.046533
0.3620,  -0.015969
0.3625,  0.017033
0.3630,  0.005260
0.3635,  -0.005338
0.3640,  -0.012087
0.3645,  -0.020567
0.3650,  0.008324
0.3655,  0.032731
0.3660,  0.042826
0.3665,  0.057849
0.3670,  0.036282
0.3675,  0.016554
0.3680,  -0.012200
0.3685,  -0.041414
0.3690,  -0.005852
0.3695,  0.030183
0.3700,  0.005446
0.3705,  -0.020817
0.3710,  -0.004761
0.3715,  0.016553
0.3720,  -0.003880
0.3725,  -0.023997
0.3730,  -0.050109
0.3735,  -0.079281
0.3740,  -0.072355
0.3745,  -0.069859
0.3750,  -0.006704
0.3755,  0.043418
0.3760,  0.036917
0.3765,  0.025604
0.3770,  0.066380
0.3775,  0.103910
0.3780,  0.102792
0.3785,  0.108628
0.3790,  0.034104
0.3795,  -0.047917
0.3800,  -0.004109
0.3805,  0.040736
0.3810,  0.017871
0.3815,  0.005090
0.3820,  -0.061099
0.3825,  -0.143163
0.3830,  -0.158816
0.3835,  -0.189477
0.3840,  -0.056815
0.3845,  0.043013
0.3850,  0.047189
0.3855,  0.052909
0.3860,  0.038638
0.3865,  0.027690
0.3870,  0.022902
0.3875,  0.020542
0.3880,  0.011617
0.3885,  -0.004411
0.3890,  0.040466
0.3895,  0.076689
0.3900,  0.075495
0.3905,  0.076731
0.3910,  0.091722
0.3915,  0.117914
0.3920,  0.043815
0.3925,  -0.032328
0.3930,  -0.171836
0.3935,  -0.369677
0.3940,  -0.133128
0.3945,  0.035700
0.3950,  0.118006
0.3955,  0.193587
0.3960,  0.062425
0.3965,  -0.101297
0.3970,  -0.085939
0.3975,  -0.086715
0.3980,  0.066510
0.3985,  0.171246
0.3990,  0.156438
0.3995,  0.147701
0.4000,  0.120969
0.4005,  0.097434
0.4010,  0.088839
0.4015,  0.085268
0.4020,  0.073911
0.4025,  0.066557
0.4030,  0.046259
0.4035,  0.027986
0.4040,  0.024306
0.4045,  0.024798
0.4050,  0.026900
0.4055,  0.028355
0.4060,  0.015546
0.4065,  0.002854
0.4070,  0.011697
0.4075,  0.018966
0.4080,  0.041282
0.4085,  0.063146
0.4090,  0.059161
0.4095,  0.055228
0.4100,  0.017582
0.4105,  -0.026731
0.4110,  0.027075
0.4115,  0.074231
0.4120,  0.059134
0.4125,  0.044441
0.4130,  0.032909
0.4135,  0.025310
0.4140,  0.020898
0.4145,  0.016734
0.4150,  0.015881
0.4155,  0.014577
0.4160,  0.034129
0.4165,  0.056678
0.4170,  0.027680
0.4175,  -0.006064
0.4180,  -0.001206
0.4185,  0.005974
0.4190,  0.012465
0.4195,  0.015677
0.4200,  0.027569
0.4205,  0.039042
0.4210,  0.044317
0.4215,  0.051715
0.4220,  0.015474
0.4225,  -0.023668
0.4230,  0.005709
0.4235,  0.034417
0.4240,  0.042930
0.4245,  0.051157
0.4250,  0.039023
0.4255,  0.026460
0.4260,  0.027755
0.4265,  0.034643
0.4270,  0.011467
0.4275,  -0.012190
0.4280,  -0.000555
0.4285,  0.012255
0.4290,  0.001874
0.4295,  -0.004623
0.4300,  -0.069888
0.4305,  -0.153459
0.4310,  -0.000333
0.4315,  0.111470
0.4320,  0.084991
0.4325,  0.059398
0.4330,  0.062353
0.4335,  0.066074
0.4340,  0.044383
0.4345,  0.024152
0.4350,  0.025322
0.4355,  0.026923
0.4360,  0.060316
0.4365,  0.093344
0.4370,  0.068011
0.4375,  0.047703
0.4380,  0.008709
0.4385,  -0.037002
0.4390,  0.018249
0.4395,  0.066987
0.4400,  0.042843
0.4405,  0.016271
0.4410,  0.049585
0.4415,  0.077899
0.4420,  0.075994
0.4425,  0.075692
0.4430,  0.057118
0.4435,  0.041312
0.4440,  0.050498
0.4445,  0.061762
0.4450,  0.034642
0.4455,  0.004659
0.4460,  0.016808
0.4465,  0.027956
0.4470,  0.057250
0.4475,  0.084363
0.4480,  0.062807
0.4485,  0.037311
0.4490,  0.037980
0.4495,  0.039424
0.4500,  0.053914
0.4505,  0.067498
0.4510,  0.060309
0.4515,  0.057424
0.4520,  0.033041
0.4525,  0.010563
0.4530,  0.019491
0.4535,  0.026657
0.4540,  0.034132
0.4545,  0.036332
0.4550,  0.042568
0.4555,  0.050069
0.4560,  0.053015
0.4565,  0.057779
0.4570,  0.059729
0.4575,  0.063314
0.4580,  0.043259
0.4585,  0.023060
0.4590,  0.033990
0.4595,  0.043814
0.4600,  0.048706
0.4605,  0.052257
0.4610,  0.051982
0.4615,  0.050230
0.4620,  0.055515
0.4625,  0.061900
0.4630,  0.049975
0.4635,  0.041657
0.4640,  0.035288
0.4645,  0.028565
0.4650,  0.045285
0.4655,  0.062248
0.4660,  0.045090
0.4665,  0.027551
0.4670,  0.048413
0.4675,  0.064106
0.4680,  0.060160
0.4685,  0.059443
0.4690,  0.061265
0.4695,  0.065341
0.4700,  0.048710
0.4705,  0.028114
0.4710,  0.052889
0.4715,  0.075992
0.4720,  0.075734
0.4725,  0.077203
0.4730,  0.070030
0.4735,  0.061386
0.4740,  0.069410
0.4745,  0.078096
0.4750,  0.072465
0.4755,  0.066882
0.4760,  0.057706
0.4765,  0.048072
0.4770,  0.067806
0.4775,  0.086093
0.4780,  0.073512
0.4785,  0.061153
0.4790,  0.071615
0.4795,  0.082585
0.4800,  0.074645
0.4805,  0.067692
0.4810,  0.077504
0.4815,  0.087046
0.4820,  0.077173
0.4825,  0.069581
0.4830,  0.071494
0.4835,  0.075002
0.4840,  0.073847
0.4845,  0.076467
0.4850,  0.066233
0.4855,  0.056849
0.4860,  0.031563
0.4865,  -0.004420
0.4870,  0.037373
0.4875,  0.073189
0.4880,  0.083237
0.4885,  0.090599
0.4890,  0.089146
0.4895,  0.089297
0.4900,  0.090913
0.4905,  0.096252
0.4910,  0.077710
0.4915,  0.059984
0.4920,  0.060949
0.4925,  0.060995
0.4930,  0.057594
0.4935,  0.051168
0.4940,  0.076973
0.4945,  0.101185
0.4950,  0.076364
0.4955,  0.051238
0.4960,  0.067461
0.4965,  0.083365
0.4970,  0.085129
0.4975,  0.088919
0.4980,  0.064945
0.4985,  0.039219
0.4990,  0.060439
0.4995,  0.081952
0.5000,  0.066536
0.5005,  0.051135
0.5010,  0.047308
0.5015,  0.040026
0.5020,  0.055187
0.5025,  0.069450
0.5030,  0.076705
0.5035,  0.082363
0.5040,  0.069764
0.5045,  0.054449
0.5050,  0.071223
0.5055,  0.088231
0.5060,  0.079011
0.5065,  0.071775
0.5070,  0.063772
0.5075,  0.055140
0.5080,  0.057745
0.5085,  0.059559
0.5090,  0.058681
0.5095,  0.057608
0.5100,  0.062556
0.5105,  0.066922
0.5110,  0.075221
0.5115,  0.083555
0.5120,  0.062216
0.5125,  0.042289
0.5130,  0.046223
0.5135,  0.048604
0.5140,  0.055070
0.5145,  0.060052
0.5150,  0.068269
0.5155,  0.081352
0.5160,  0.050478
0.5165,  0.017226
0.5170,  0.038395
0.5175,  0.056054
0.5180,  0.043298
0.5185,  0.024509
0.5190,  0.052793
0.5195,  0.079327
0.5200,  0.071998
0.5205,  0.064624
0.5210,  0.072321
0.5215,  0.081352
0.5220,  0.063425
0.5225,  0.046458
0.5230,  0.057824
0.5235,  0.065653
0.5240,  0.073149
0.5245,  0.082956
0.5250,  0.079945
0.5255,  0.079932
0.5260,  0.040431
0.5265,  -0.003038
0.5270,  0.030582
0.5275,  0.057105
0.5280,  0.063388
0.5285,  0.068236
0.5290,  0.066475
0.5295,  0.064841
0.5300,  0.066327
0.5305,  0.069267
0.5310,  0.069724
0.5315,  0.074151
0.5320,  0.044717
0.5325,  0.013034
0.5330,  0.046284
0.5335,  0.074874
0.5340,  0.060541
0.5345,  0.044675
0.5350,  0.065654
0.5355,  0.087733
0.5360,  0.067083
0.5365,  0.046584
0.5370,  0.050112
0.5375,  0.053541
0.5380,  0.059504
0.5385,  0.066501
0.5390,  0.058459
0.5395,  0.050192
0.5400,  0.042592
0.5405,  0.031920
0.5410,  0.053119
0.5415,  0.073422
0.5420,  0.062337
0.5425,  0.050365
0.5430,  0.058514
0.5435,  0.065656
0.5440,  0.063037
0.5445,  0.061388
0.5450,  0.064741
0.5455,  0.068359
0.5460,  0.066289
0.5465,  0.063911
0.5470,  0.056332
0.5475,  0.047926
0.5480,  0.053500
0.5485,  0.057927
0.5490,  0.062586
0.5495,  0.067627
0.5500,  0.062085
0.5505,  0.057080
0.5510,  0.060090
0.5515,  0.062428
0.5520,  0.058796
0.5525,  0.055277
0.5530,  0.061705
0.5535,  0.067877
0.5540,  0.069381
0.5545,  0.071400
0.5550,  0.072412
0.5555,  0.074716
0.5560,  0.063687
0.5565,  0.053295
0.5570,  0.061025
0.5575,  0.069756
0.5580,  0.062707
0.5585,  0.055741
0.5590,  0.061315
0.5595,  0.065287
0.5600,  0.068158
0.5605,  0.071204
0.5610,  0.067203
0.5615,  0.062844
0.5620,  0.066559
0.5625,  0.071600
0.5630,  0.074058
0.5635,  0.077578
0.5640,  0.077847
0.5645,  0.077970
0.5650,  0.069602
0.5655,  0.060293
0.5660,  0.065120
0.5665,  0.069461
0.5670,  0.078317
0.5675,  0.089875
0.5680,  0.077622
0.5685,  0.065366
0.5690,  0.077957
0.5695,  0.090677
0.5700,  0.076167
0.5705,  0.059122
0.5710,  0.065346
0.5715,  0.069493
0.5720,  0.076589
0.5725,  0.084314
0.5730,  0.079510
0.5735,  0.077897
0.5740,  0.078623
0.5745,  0.080171
0.5750,  0.074428
0.5755,  0.066784
0.5760,  0.068207
0.5765,  0.070772
0.5770,  0.073255
0.5775,  0.077848
0.5780,  0.064491
0.5785,  0.050222
0.5790,  0.057688
0.5795,  0.063901
0.5800,  0.063444
0.5805,  0.064062
0.5810,  0.065853
0.5815,  0.066783
0.5820,  0.067929
0.5825,  0.068832
0.5830,  0.065143
0.5835,  0.062050
0.5840,  0.064461
0.5845,  0.068760
0.5850,  0.058282
0.5855,  0.046229
0.5860,  0.057359
0.5865,  0.068041
0.5870,  0.075580
0.5875,  0.087883
0.5880,  0.082182
0.5885,  0.075092
0.5890,  0.053902
0.5895,  0.027555
0.5900,  0.068793
0.5905,  0.104672
0.5910,  0.095070
0.5915,  0.086368
0.5920,  0.086359
0.5925,  0.086056
0.5930,  0.081274
0.5935,  0.080632
0.5940,  0.078104
0.5945,  0.075403
0.5950,  0.078137
0.5955,  0.079625
0.5960,  0.081734
0.5965,  0.085009
0.5970,  0.079892
0.5975,  0.074595
0.5980,  0.071479
0.5985,  0.068238
0.5990,  0.073694
0.5995,  0.079686
0.6000,  0.075932
0.6005,  0.073870
0.6010,  0.076580
0.6015,  0.076631
0.6020,  0.067145
0.6025,  0.055585
0.6030,  0.064570
0.6035,  0.075772
0.6040,  0.074100
0.6045,  0.075319
0.6050,  0.075809
0.6055,  0.073379
0.6060,  0.071428
0.6065,  0.069871
0.6070,  0.069841
0.6075,  0.071834
0.6080,  0.072706
0.6085,  0.073982
0.6090,  0.077098
0.6095,  0.078666
0.6100,  0.071051
0.6105,  0.063523
0.6110,  0.071799
0.6115,  0.080571
0.6120,  0.072597
0.6125,  0.065329
0.6130,  0.062458
0.6135,  0.060167
0.6140,  0.068632
0.6145,  0.077455
0.6150,  0.081225
0.6155,  0.085064
0.6160,  0.064189
0.6165,  0.040272
0.6170,  0.058976
0.6175,  0.078817
0.6180,  0.084345
0.6185,  0.087349
0.6190,  0.085356
0.6195,  0.080735
0.6200,  0.086231
0.6205,  0.092078
0.6210,  0.083220
0.6215,  0.073942
0.6220,  0.079738
0.6225,  0.086376
0.6230,  0.079982
0.6235,  0.075282
0.6240,  0.078751
0.6245,  0.079362
0.6250,  0.073254
0.6255,  0.066170
0.6260,  0.078433
0.6265,  0.091475
0.6270,  0.094999
0.6275,  0.099643
0.6280,  0.102200
0.6285,  0.104128
0.6290,  0.103088
0.6295,  0.100488
0.6300,  0.096064
0.6305,  0.089934
0.6310,  0.084349
0.6315,  0.083975
0.6320,  0.081964
0.6325,  0.081336
0.6330,  0.082447
0.6335,  0.083035
0.6340,  0.084780
0.6345,  0.085683
0.6350,  0.088011
0.6355,  0.088764
0.6360,  0.087983
0.6365,  0.085409
0.6370,  0.081377
0.6375,  0.079976
0.6380,  0.081663
0.6385,  0.083459
0.6390,  0.086317
0.6395,  0.085295
0.6400,  0.083784
0.6405,  0.080327
0.6410,  0.075518
0.6415,  0.074568
0.6420,  0.072407
0.6425,  0.071100
0.6430,  0.071583
0.6435,  0.073535
0.6440,  0.075806
0.6445,  0.080303
0.6450,  0.087596
0.6455,  0.091109
0.6460,  0.092542
0.6465,  0.092134
0.6470,  0.090195
0.6475,  0.087606
0.6480,  0.086415
0.6485,  0.082673
0.6490,  0.078345
0.6495,  0.081228
0.6500,  0.084955
0.6505,  0.089507
0.6510,  0.094677
0.6515,  0.094613
0.6520,  0.093127
0.6525,  0.088323
0.6530,  0.085867
0.6535,  0.079753
0.6540,  0.079726
0.6545,  0.085366
0.6550,  0.093965
0.6555,  0.093256
0.6560,  0.082874
0.6565,  0.060055
0.6570,  0.031127
0.6575,  0.038507
0.6580,  0.047274
0.6585,  0.058362
0.6590,  0.071590
0.6595,  0.067665
0.6600,  0.065294
0.6605,  0.062193
0.6610,  0.059182
0.6615,  0.055757
0.6620,  0.055335
0.6625,  0.056764
0.6630,  0.059321
0.6635,  0.062095
0.6640,  0.062302
0.6645,  0.063365
0.6650,  0.064481
0.6655,  0.062104
0.6660,  0.060734
0.6665,  0.059195
0.6670,  0.054906
0.6675,  0.055152
0.6680,  0.054597
0.6685,  0.057247
0.6690,  0.058719
0.6695,  0.056933
0.6700,  0.056909
0.6705,  0.058065
0.6710,  0.059724
0.6715,  0.062166
0.6720,  0.061821
0.6725,  0.059460
0.6730,  0.057654
0.6735,  0.055604
0.6740,  0.053121
0.6745,  0.051393
0.6750,  0.052367
0.6755,  0.054811
0.6760,  0.056446
0.6765,  0.058742
0.6770,  0.058144
0.6775,  0.056628
0.6780,  0.055929
0.6785,  0.053918
0.6790,  0.052997
0.6795,  0.052973
0.6800,  0.053331
0.6805,  0.053627
0.6810,  0.055954
0.6815,  0.057093
0.6820,  0.060346
0.6825,  0.062397
0.6830,  0.063902
0.6835,  0.064407
0.6840,  0.064972
0.6845,  0.063553
0.6850,  0.066285
0.6855,  0.083604
0.6860,  0.111295
0.6865,  0.137677
0.6870,  0.156671
0.6875,  0.159961
0.6880,  0.157229
0.6885,  0.154373
0.6890,  0.151331
0.6895,  0.147275
0.6900,  0.144055
0.6905,  0.134740
0.6910,  0.128013
0.6915,  0.120332
0.6920,  0.114701
0.6925,  0.112293
0.6930,  0.114853
0.6935,  0.115186
0.6940,  0.117374
0.6945,  0.117155
0.6950,  0.111861
0.6955,  0.101830
0.6960,  0.092660
0.6965,  0.090095
0.6970,  0.084993
0.6975,  0.086740
0.6980,  0.090173
0.6985,  0.094823
0.6990,  0.100098
0.6995,  0.101212
0.7000,  0.099679
0.7005,  0.100171
0.7010,  0.098915
0.7015,  0.103468
0.7020,  0.104825
0.7025,  0.103914
0.7030,  0.099309
0.7035,  0.098715
0.7040,  0.100604
0.7045,  0.102975
0.7050,  0.104776
0.7055,  0.102545
0.7060,  0.098832
0.7065,  0.093648
0.7070,  0.091774
0.7075,  0.090138
0.7080,  0.087273
0.7085,  0.085197
0.7090,  0.083238
0.7095,  0.085360
0.7100,  0.084053
0.7105,  0.083720
0.7110,  0.084427
0.7115,  0.082530
0.7120,  0.080080
0.7125,  0.078666
0.7130,  0.078591
0.7135,  0.081417
0.7140,  0.084508
0.7145,  0.090047
0.7150,  0.099304
0.7155,  0.114785
0.7160,  0.138037
0.7165,  0.162214
0.7170,  0.186757
0.7175,  0.207450
0.7180,  0.227657
0.7185,  0.241896
0.7190,  0.243717
0.7195,  0.243240
0.7200,  0.233204
0.7205,  0.213103
0.7210,  0.189987
0.7215,  0.171743
0.7220,  0.168788
0.7225,  0.177045
0.7230,  0.192595
0.7235,  0.205633
0.7240,  0.214839
0.7245,  0.221282
0.7250,  0.223517
0.7255,  0.221846
0.7260,  0.220108
0.7265,  0.220442
0.7270,  0.219070
0.7275,  0.211935
0.7280,  0.212647
0.7285,  0.209128
0.7290,  0.202551
0.7295,  0.200446
0.7300,  0.194152
0.7305,  0.191134
0.7310,  0.185935
0.7315,  0.175021
0.7320,  0.162447
0.7325,  0.152410
0.7330,  0.141538
0.7335,  0.128595
0.7340,  0.121311
0.7345,  0.113812
0.7350,  0.108630
0.7355,  0.108845
0.7360,  0.107595
0.7365,  0.105617
0.7370,  0.109159
0.7375,  0.107394
0.7380,  0.106756
0.7385,  0.101667
0.7390,  0.097096
0.7395,  0.091788
0.7400,  0.086612
0.7405,  0.080702
0.7410,  0.075916
0.7415,  0.075620
0.7420,  0.077155
0.7425,  0.079330
0.7430,  0.084618
0.7435,  0.084273
0.7440,  0.085698
0.7445,  0.083255
0.7450,  0.079183
0.7455,  0.078041
0.7460,  0.076903
0.7465,  0.075834
0.7470,  0.078911
0.7475,  0.076258
0.7480,  0.076260
0.7485,  0.076198
0.7490,  0.074765
0.7495,  0.075249
0.7500,  0.079804
0.7505,  0.082874
0.7510,  0.083241
0.7515,  0.080251
0.7520,  0.075495
0.7525,  0.073514
0.7530,  0.071340
0.7535,  0.066756
0.7540,  0.065368
0.7545,  0.067292
0.7550,  0.073089
0.7555,  0.075685
0.7560,  0.077899
0.7565,  0.077997
0.7570,  0.080827
0.7575,  0.084478
0.7580,  0.106578
0.7585,  0.156669
0.7590,  0.245355
0.7595,  0.363191
0.7600,  0.488727
0.7605,  0.556263
0.7610,  0.569184
0.7615,  0.546074
0.7620,  0.526445
0.7625,  0.513436
0.7630,  0.497058
0.7635,  0.470544
0.7640,  0.433833
0.7645,  0.386600
0.7650,  0.334274
0.7655,  0.284516
0.7660,  0.235935
0.7665,  0.187624
0.7670,  0.150234
0.7675,  0.128563
0.7680,  0.116337
0.7685,  0.109742
0.7690,  0.107829
0.7695,  0.102769
0.7700,  0.090580
0.7705,  0.083940
0.7710,  0.080314
0.7715,  0.077921
0.7720,  0.078763
0.7725,  0.077066
0.7730,  0.081064
0.7735,  0.081428
0.7740,  0.079708
0.7745,  0.076052
0.7750,  0.077355
0.7755,  0.075347
0.7760,  0.069736
0.7765,  0.067401
0.7770,  0.070124
0.7775,  0.072515
0.7780,  0.074784
0.7785,  0.077701
0.7790,  0.074205
0.7795,  0.075626
0.7800,  0.078538
0.7805,  0.079509
0.7810,  0.081558
0.7815,  0.080108
0.7820,  0.077627
0.7825,  0.076624
0.7830,  0.072398
0.7835,  0.067651
0.7840,  0.070782
0.7845,  0.070775
0.7850,  0.070844
0.7855,  0.069686
0.7860,  0.070404
0.7865,  0.074986
0.7870,  0.076686
0.7875,  0.075490
0.7880,  0.078323
0.7885,  0.082945
0.7890,  0.088722
0.7895,  0.090614
0.7900,  0.091224
0.7905,  0.094564
0.7910,  0.094030
0.7915,  0.090835
0.7920,  0.088601
0.7925,  0.090529
0.7930,  0.086204
0.7935,  0.086049
0.7940,  0.083204
0.7945,  0.083416
0.7950,  0.077085
0.7955,  0.077380
0.7960,  0.082301
0.7965,  0.088297
0.7970,  0.091476
0.7975,  0.090886
0.7980,  0.091122
0.7985,  0.091647
0.7990,  0.091865
0.7995,  0.090819
0.8000,  0.093660
0.8005,  0.089028
0.8010,  0.088567
0.8015,  0.088320
0.8020,  0.079594
0.8025,  0.076829
0.8030,  0.084958
0.8035,  0.093399
0.8040,  0.093884
0.8045,  0.089340
0.8050,  0.085357
0.8055,  0.079701
0.8060,  0.075726
0.8065,  0.074888
0.8070,  0.077247
0.8075,  0.077907
0.8080,  0.081474
0.8085,  0.084344
0.8090,  0.082053
0.8095,  0.085677
0.8100,  0.095955
0.8105,  0.101323
0.8110,  0.106416
0.8115,  0.111708
0.8120,  0.121370
0.8125,  0.134615
0.8130,  0.152698
0.8135,  0.171505
0.8140,  0.191203
0.8145,  0.210175
0.8150,  0.237771
0.8155,  0.250111
0.8160,  0.254089
0.8165,  0.254677
0.8170,  0.246421
0.8175,  0.234650
0.8180,  0.225239
0.8185,  0.207499
0.8190,  0.190093
0.8195,  0.182739
0.8200,  0.168744
0.8205,  0.156838
0.8210,  0.162850
0.8215,  0.182922
0.8220,  0.210669
0.8225,  0.235001
0.8230,  0.234892
0.8235,  0.215303
0.8240,  0.189913
0.8245,  0.175973
0.8250,  0.156768
0.8255,  0.157336
0.8260,  0.167582
0.8265,  0.164758
0.8270,  0.171077
0.8275,  0.179974
0.8280,  0.187325
0.8285,  0.190617
0.8290,  0.187246
0.8295,  0.173941
0.8300,  0.164401
0.8305,  0.162090
0.8310,  0.154984
0.8315,  0.156284
0.8320,  0.159410
0.8325,  0.165611
0.8330,  0.158776
0.8335,  0.149330
0.8340,  0.140925
0.8345,  0.134269
0.8350,  0.127114
0.8355,  0.121793
0.8360,  0.116878
0.8365,  0.110554
0.8370,  0.109077
0.8375,  0.103062
0.8380,  0.093026
0.8385,  0.089101
0.8390,  0.088541
0.8395,  0.079606
0.8400,  0.077907
0.8405,  0.075753
0.8410,  0.078667
0.8415,  0.079725
0.8420,  0.077600
0.8425,  0.079336
0.8430,  0.072687
0.8435,  0.067768
0.8440,  0.060245
0.8445,  0.061943
0.8450,  0.063220
0.8455,  0.069137
0.8460,  0.064356
0.8465,  0.059594
0.8470,  0.058409
0.8475,  0.060695
0.8480,  0.066459
0.8485,  0.067427
0.8490,  0.068659
0.8495,  0.064834
0.8500,  0.053601
0.8505,  0.057366
0.8510,  0.056595
0.8515,  0.057508
0.8520,  0.055729
0.8525,  0.044180
0.8530,  0.043830
0.8535,  0.044219
0.8540,  0.035302
0.8545,  0.051455
0.8550,  0.051560
0.8555,  0.055941
0.8560,  0.061563
0.8565,  0.058384
0.8570,  0.063491
0.8575,  0.067710
0.8580,  0.067901
0.8585,  0.061013
0.8590,  0.052746
0.8595,  0.049950
0.8600,  0.046331
0.8605,  0.043511
0.8610,  0.043500
0.8615,  0.042426
0.8620,  0.043477
0.8625,  0.048699
0.8630,  0.047128
0.8635,  0.041978
0.8640,  0.048991
0.8645,  0.045431
0.8650,  0.039195
0.8655,  0.034569
0.8660,  0.029190
0.8665,  0.041632
0.8670,  0.050252
0.8675,  0.054527
0.8680,  0.044030
0.8685,  0.048130
0.8690,  0.058577
0.8695,  0.064675
0.8700,  0.073201
0.8705,  0.068094
0.8710,  0.063578
0.8715,  0.057081
0.8720,  0.065758
0.8725,  0.070863
0.8730,  0.062467
0.8735,  0.067221
0.8740,  0.072013
0.8745,  0.069243
0.8750,  0.076122
0.8755,  0.068319
0.8760,  0.060311
0.8765,  0.066802
0.8770,  0.065083
0.8775,  0.067826
0.8780,  0.072215
0.8785,  0.066016
0.8790,  0.064010
0.8795,  0.062288
0.8800,  0.058664
0.8805,  0.063983
0.8810,  0.063268
0.8815,  0.060927
0.8820,  0.057255
0.8825,  0.056542
0.8830,  0.052149
0.8835,  0.050707
0.8840,  0.048620
0.8845,  0.048039
0.8850,  0.052527
0.8855,  0.060009
0.8860,  0.067736
0.8865,  0.071524
0.8870,  0.062788
0.8875,  0.054432
0.8880,  0.051760
0.8885,  0.047520
0.8890,  0.050113
0.8895,  0.057683
0.8900,  0.068796
