0.3500,  0.381297
0.3505,  0.429094
0.3510,  0.400634
0.3515,  0.373557
0.3520,  0.343394
0.3525,  0.308748
0.3530,  0.343077
0.3535,  0.374216
0.3540,  0.390113
0.3545,  0.408814
0.3550,  0.388923
0.3555,  0.376595
0.3560,  0.346898
0.3565,  0.318728
0.3570,  0.297696
0.3575,  0.267405
0.3580,  0.231979
0.3585,  0.183595
0.3590,  0.311103
0.3595,  0.412222
0.3600,  0.394729
0.3605,  0.378313
0.3610,  0.337182
0.3615,  0.292336
0.3620,  0.326757
0.3625,  0.359223
0.3630,  0.348486
0.3635,  0.335601
0.3640,  0.328037
0.3645,  0.315399
0.3650,  0.339711
0.3655,  0.361637
0.3660,  0.368034
0.3665,  0.377416
0.3670,  0.355293
0.3675,  0.336391
0.3680,  0.310173
0.3685,  0.283843
0.3690,  0.320058
0.3695,  0.353984
0.3700,  0.328203
0.3705,  0.304118
0.3710,  0.318896
0.3715,  0.336819
0.3720,  0.312114
0.3725,  0.289858
0.3730,  0.264001
0.3735,  0.234424
0.3740,  0.241441
0.3745,  0.241426
0.3750,  0.300206
0.3755,  0.345635
0.3760,  0.335285
0.3765,  0.318854
0.3770,  0.352831
0.3775,  0.384254
0.3780,  0.378826
0.3785,  0.380782
0.3790,  0.306071
0.3795,  0.228845
0.3800,  0.277320
0.3805,  0.325784
0.3810,  0.306066
0.3815,  0.294374
0.3820,  0.228237
0.3825,  0.148388
0.3830,  0.132026
0.3835,  0.098153
0.3840,  0.225995
0.3845,  0.322365
0.3850,  0.322094
0.3855,  0.320683
0.3860,  0.306152
0.3865,  0.295526
0.3870,  0.286178
0.3875,  0.277826
0.3880,  0.261554
0.3885,  0.241174
0.3890,  0.286940
0.3895,  0.322862
0.3900,  0.319593
0.3905,  0.318362
0.3910,  0.331432
0.3915,  0.356213
0.3920,  0.284382
0.3925,  0.214395
0.3930,  0.085285
0.3935,  -0.104415
0.3940,  0.128452
0.3945,  0.287753
0.3950,  0.360578
0.3955,  0.425341
0.3960,  0.285547
0.3965,  0.118138
0.3970,  0.138939
0.3975,  0.143391
0.3980,  0.292614
0.3985,  0.390962
0.3990,  0.372113
0.3995,  0.358017
0.4000,  0.326829
0.4005,  0.304606
0.4010,  0.297552
0.4015,  0.294361
0.4020,  0.286231
0.4025,  0.282697
0.4030,  0.263645
0.4035,  0.246564
0.4040,  0.244920
0.4045,  0.243540
0.4050,  0.243867
0.4055,  0.246505
0.4060,  0.234009
0.4065,  0.220180
0.4070,  0.229761
0.4075,  0.236080
0.4080,  0.254243
0.4085,  0.271894
0.4090,  0.265721
0.4095,  0.261069
0.4100,  0.222177
0.4105,  0.178652
0.4110,  0.234039
0.4115,  0.280818
0.4120,  0.265174
0.4125,  0.251629
0.4130,  0.240115
0.4135,  0.230673
0.4140,  0.225832
0.4145,  0.220638
0.4150,  0.218233
0.4155,  0.215592
0.4160,  0.234574
0.4165,  0.254300
0.4170,  0.221346
0.4175,  0.188285
0.4180,  0.195578
0.4185,  0.202204
0.4190,  0.207184
0.4195,  0.211429
0.4200,  0.220719
0.4205,  0.228243
0.4210,  0.234309
0.4215,  0.242227
0.4220,  0.201162
0.4225,  0.158298
0.4230,  0.188819
0.4235,  0.216583
0.4240,  0.227814
0.4245,  0.238147
0.4250,  0.224590
0.4255,  0.210601
0.4260,  0.213563
0.4265,  0.216136
0.4270,  0.193760
0.4275,  0.171062
0.4280,  0.181331
0.4285,  0.195083
0.4290,  0.186379
0.4295,  0.178809
0.4300,  0.112480
0.4305,  0.028354
0.4310,  0.177469
0.4315,  0.284497
0.4320,  0.254362
0.4325,  0.223168
0.4330,  0.221760
0.4335,  0.225603
0.4340,  0.206246
0.4345,  0.185950
0.4350,  0.188042
0.4355,  0.189088
0.4360,  0.218266
0.4365,  0.248269
0.4370,  0.225423
0.4375,  0.206320
0.4380,  0.164987
0.4385,  0.120780
0.4390,  0.178362
0.4395,  0.226980
0.4400,  0.199201
0.4405,  0.168202
0.4410,  0.200220
0.4415,  0.228635
0.4420,  0.226208
0.4425,  0.225969
0.4430,  0.206532
0.4435,  0.189152
0.4440,  0.199299
0.4445,  0.210831
0.4450,  0.183556
0.4455,  0.156674
0.4460,  0.169238
0.4465,  0.177042
0.4470,  0.203437
0.4475,  0.229130
0.4480,  0.203232
0.4485,  0.178487
0.4490,  0.181659
0.4495,  0.184845
0.4500,  0.197125
0.4505,  0.210137
0.4510,  0.200669
0.4515,  0.196667
0.4520,  0.172516
0.4525,  0.148120
0.4530,  0.160366
0.4535,  0.170936
0.4540,  0.173065
0.4545,  0.173877
0.4550,  0.182480
0.4555,  0.187115
0.4560,  0.188935
0.4565,  0.191648
0.4570,  0.192136
0.4575,  0.194011
0.4580,  0.173230
0.4585,  0.153444
0.4590,  0.162356
0.4595,  0.169697
0.4600,  0.174405
0.4605,  0.177058
0.4610,  0.175759
0.4615,  0.174247
0.4620,  0.178513
0.4625,  0.184934
0.4630,  0.175427
0.4635,  0.166986
0.4640,  0.160733
0.4645,  0.155513
0.4650,  0.171654
0.4655,  0.186192
0.4660,  0.169567
0.4665,  0.150805
0.4670,  0.167518
0.4675,  0.183417
0.4680,  0.179708
0.4685,  0.174902
0.4690,  0.175233
0.4695,  0.177304
0.4700,  0.159633
0.4705,  0.140565
0.4710,  0.165248
0.4715,  0.185441
0.4720,  0.185750
0.4725,  0.187185
0.4730,  0.175588
0.4735,  0.165370
0.4740,  0.175162
0.4745,  0.184339
0.4750,  0.178335
0.4755,  0.173211
0.4760,  0.163437
0.4765,  0.153099
0.4770,  0.172567
0.4775,  0.190056
0.4780,  0.177267
0.4785,  0.164251
0.4790,  0.173671
0.4795,  0.183599
0.4800,  0.176970
0.4805,  0.169399
0.4810,  0.177760
0.4815,  0.188037
0.4820,  0.178808
0.4825,  0.169796
0.4830,  0.171955
0.4835,  0.176586
0.4840,  0.175169
0.4845,  0.177873
0.4850,  0.168818
0.4855,  0.161085
0.4860,  0.135896
0.4865,  0.101980
0.4870,  0.144141
0.4875,  0.176613
0.4880,  0.181950
0.4885,  0.187235
0.4890,  0.186851
0.4895,  0.187621
0.4900,  0.191151
0.4905,  0.197729
0.4910,  0.179027
0.4915,  0.161300
0.4920,  0.164921
0.4925,  0.165946
0.4930,  0.161799
0.4935,  0.156085
0.4940,  0.181106
0.4945,  0.204613
0.4950,  0.179404
0.4955,  0.154768
0.4960,  0.169587
0.4965,  0.186375
0.4970,  0.189379
0.4975,  0.191875
0.4980,  0.168882
0.4985,  0.145599
0.4990,  0.167395
0.4995,  0.188927
0.5000,  0.173761
0.5005,  0.158429
0.5010,  0.154211
0.5015,  0.148600
0.5020,  0.164569
0.5025,  0.178479
0.5030,  0.184638
0.5035,  0.191435
0.5040,  0.177869
0.5045,  0.162529
0.5050,  0.181048
0.5055,  0.197271
0.5060,  0.187344
0.5065,  0.181282
0.5070,  0.172819
0.5075,  0.164905
0.5080,  0.168937
0.5085,  0.171412
0.5090,  0.169703
0.5095,  0.167370
0.5100,  0.170943
0.5105,  0.174711
0.5110,  0.182210
0.5115,  0.190731
0.5120,  0.170032
0.5125,  0.150148
0.5130,  0.153299
0.5135,  0.157045
0.5140,  0.162583
0.5145,  0.166040
0.5150,  0.174291
0.5155,  0.187204
0.5160,  0.155048
0.5165,  0.122595
0.5170,  0.147156
0.5175,  0.165793
0.5180,  0.151003
0.5185,  0.129947
0.5190,  0.155702
0.5195,  0.178622
0.5200,  0.169156
0.5205,  0.162074
0.5210,  0.170694
0.5215,  0.181384
0.5220,  0.165167
0.5225,  0.148843
0.5230,  0.159846
0.5235,  0.169417
0.5240,  0.176562
0.5245,  0.185401
0.5250,  0.182215
0.5255,  0.183631
0.5260,  0.145583
0.5265,  0.103125
0.5270,  0.137185
0.5275,  0.163866
0.5280,  0.169536
0.5285,  0.172844
0.5290,  0.168258
0.5295,  0.166693
0.5300,  0.169225
0.5305,  0.173437
0.5310,  0.176873
0.5315,  0.182179
0.5320,  0.152351
0.5325,  0.121329
0.5330,  0.153926
0.5335,  0.181922
0.5340,  0.167596
0.5345,  0.150467
0.5350,  0.169806
0.5355,  0.190674
0.5360,  0.169689
0.5365,  0.150138
0.5370,  0.154871
0.5375,  0.158721
0.5380,  0.164400
0.5385,  0.170280
0.5390,  0.161084
0.5395,  0.152885
0.5400,  0.145608
0.5405,  0.135952
0.5410,  0.157435
0.5415,  0.176688
0.5420,  0.164560
0.5425,  0.151945
0.5430,  0.159709
0.5435,  0.168006
0.5440,  0.165983
0.5445,  0.163857
0.5450,  0.167072
0.5455,  0.171536
0.5460,  0.168418
0.5465,  0.166384
0.5470,  0.159129
0.5475,  0.151714
0.5480,  0.157289
0.5485,  0.161656
0.5490,  0.165684
0.5495,  0.170440
0.5500,  0.164089
0.5505,  0.157599
0.5510,  0.159925
0.5515,  0.162191
0.5520,  0.157542
0.5525,  0.153411
0.5530,  0.160412
0.5535,  0.165919
0.5540,  0.167963
0.5545,  0.170215
0.5550,  0.170482
0.5555,  0.172667
0.5560,  0.162524
0.5565,  0.152499
0.5570,  0.161595
0.5575,  0.170291
0.5580,  0.162887
0.5585,  0.154298
0.5590,  0.160074
0.5595,  0.163448
0.5600,  0.168309
0.5605,  0.172802
0.5610,  0.167372
0.5615,  0.162993
0.5620,  0.167786
0.5625,  0.172768
0.5630,  0.175003
0.5635,  0.177343
0.5640,  0.177142
0.5645,  0.178286
0.5650,  0.170339
0.5655,  0.160996
0.5660,  0.167649
0.5665,  0.172785
0.5670,  0.182937
0.5675,  0.194104
0.5680,  0.182006
0.5685,  0.170352
0.5690,  0.182973
0.5695,  0.195537
0.5700,  0.181188
0.5705,  0.164148
0.5710,  0.172197
0.5715,  0.179021
0.5720,  0.186404
0.5725,  0.194829
0.5730,  0.190916
0.5735,  0.189226
0.5740,  0.189820
0.5745,  0.191598
0.5750,  0.187075
0.5755,  0.181582
0.5760,  0.185029
0.5765,  0.188236
0.5770,  0.191637
0.5775,  0.195375
0.5780,  0.182635
0.5785,  0.168644
0.5790,  0.174981
0.5795,  0.180205
0.5800,  0.178090
0.5805,  0.176308
0.5810,  0.177026
0.5815,  0.177741
0.5820,  0.179926
0.5825,  0.182867
0.5830,  0.179360
0.5835,  0.175457
0.5840,  0.177645
0.5845,  0.180222
0.5850,  0.168719
0.5855,  0.157810
0.5860,  0.170632
0.5865,  0.183808
0.5870,  0.194397
0.5875,  0.209018
0.5880,  0.204784
0.5885,  0.200692
0.5890,  0.182982
0.5895,  0.156974
0.5900,  0.195634
0.5905,  0.228159
0.5910,  0.217016
0.5915,  0.206490
0.5920,  0.205307
0.5925,  0.205605
0.5930,  0.201629
0.5935,  0.199283
0.5940,  0.198094
0.5945,  0.196654
0.5950,  0.199338
0.5955,  0.199309
0.5960,  0.201088
0.5965,  0.202792
0.5970,  0.196104
0.5975,  0.189737
0.5980,  0.185350
0.5985,  0.181571
0.5990,  0.185526
0.5995,  0.191094
0.6000,  0.188864
0.6005,  0.185177
0.6010,  0.186904
0.6015,  0.186579
0.6020,  0.176703
0.6025,  0.165113
0.6030,  0.173547
0.6035,  0.184152
0.6040,  0.181968
0.6045,  0.182117
0.6050,  0.182394
0.6055,  0.181521
0.6060,  0.180556
0.6065,  0.178729
0.6070,  0.178040
0.6075,  0.178382
0.6080,  0.177581
0.6085,  0.178795
0.6090,  0.182978
0.6095,  0.186423
0.6100,  0.180276
0.6105,  0.172318
0.6110,  0.179786
0.6115,  0.187090
0.6120,  0.178831
0.6125,  0.172284
0.6130,  0.170614
0.6135,  0.169515
0.6140,  0.178462
0.6145,  0.187723
0.6150,  0.190959
0.6155,  0.193190
0.6160,  0.172583
0.6165,  0.149509
0.6170,  0.167146
0.6175,  0.183428
0.6180,  0.184735
0.6185,  0.188505
0.6190,  0.185311
0.6195,  0.182866
0.6200,  0.188710
0.6205,  0.192963
0.6210,  0.183908
0.6215,  0.175624
0.6220,  0.181939
0.6225,  0.188936
0.6230,  0.184093
0.6235,  0.179686
0.6240,  0.182628
0.6245,  0.184685
0.6250,  0.182313
0.6255,  0.177467
0.6260,  0.190883
0.6265,  0.205198
0.6270,  0.207892
0.6275,  0.211333
0.6280,  0.214790
0.6285,  0.218014
0.6290,  0.216320
0.6295,  0.213733
0.6300,  0.209399
0.6305,  0.204261
0.6310,  0.196460
0.6315,  0.193475
0.6320,  0.190823
0.6325,  0.187337
0.6330,  0.185585
0.6335,  0.185666
0.6340,  0.186659
0.6345,  0.189113
0.6350,  0.191571
0.6355,  0.192022
0.6360,  0.190213
0.6365,  0.187071
0.6370,  0.182313
0.6375,  0.178202
0.6380,  0.176383
0.6385,  0.177198
0.6390,  0.180720
0.6395,  0.181260
0.6400,  0.181683
0.6405,  0.181361
0.6410,  0.178146
0.6415,  0.178127
0.6420,  0.176095
0.6425,  0.172860
0.6430,  0.171339
0.6435,  0.170683
0.6440,  0.172680
0.6445,  0.178196
0.6450,  0.185583
0.6455,  0.191290
0.6460,  0.197588
0.6465,  0.201951
0.6470,  0.204451
0.6475,  0.202529
0.6480,  0.198330
0.6485,  0.192940
0.6490,  0.184953
0.6495,  0.185284
0.6500,  0.186179
0.6505,  0.188618
0.6510,  0.193787
0.6515,  0.195005
0.6520,  0.194841
0.6525,  0.192789
0.6530,  0.190112
0.6535,  0.183465
0.6540,  0.181020
0.6545,  0.185490
0.6550,  0.196054
0.6555,  0.196627
0.6560,  0.189570
0.6565,  0.169329
0.6570,  0.138507
0.6575,  0.142460
0.6580,  0.147241
0.6585,  0.157525
0.6590,  0.171729
0.6595,  0.169052
0.6600,  0.166964
0.6605,  0.163660
0.6610,  0.161431
0.6615,  0.157564
0.6620,  0.155093
0.6625,  0.156020
0.6630,  0.158237
0.6635,  0.161684
0.6640,  0.165450
0.6645,  0.168238
0.6650,  0.169108
0.6655,  0.165680
0.6660,  0.162057
0.6665,  0.157561
0.6670,  0.152628
0.6675,  0.151844
0.6680,  0.151920
0.6685,  0.152484
0.6690,  0.154940
0.6695,  0.154984
0.6700,  0.156634
0.6705,  0.159166
0.6710,  0.158966
0.6715,  0.161791
0.6720,  0.161977
0.6725,  0.158844
0.6730,  0.156789
0.6735,  0.153620
0.6740,  0.149836
0.6745,  0.148960
0.6750,  0.149197
0.6755,  0.150831
0.6760,  0.154152
0.6765,  0.157490
0.6770,  0.159712
0.6775,  0.160272
0.6780,  0.159318
0.6785,  0.157795
0.6790,  0.155451
0.6795,  0.153818
0.6800,  0.152312
0.6805,  0.150422
0.6810,  0.150725
0.6815,  0.151855
0.6820,  0.153561
0.6825,  0.157440
0.6830,  0.161100
0.6835,  0.163190
0.6840,  0.165237
0.6845,  0.165799
0.6850,  0.171576
0.6855,  0.192984
0.6860,  0.224647
0.6865,  0.261584
0.6870,  0.293210
0.6875,  0.307108
0.6880,  0.302373
0.6885,  0.291352
0.6890,  0.279685
0.6895,  0.270265
0.6900,  0.262193
0.6905,  0.252860
0.6910,  0.243709
0.6915,  0.238286
0.6920,  0.235350
0.6925,  0.236128
0.6930,  0.237855
0.6935,  0.238793
0.6940,  0.238611
0.6945,  0.234138
0.6950,  0.227665
0.6955,  0.218061
0.6960,  0.208227
0.6965,  0.199760
0.6970,  0.194205
0.6975,  0.196748
0.6980,  0.203064
0.6985,  0.211071
0.6990,  0.219591
0.6995,  0.220229
0.7000,  0.218549
0.7005,  0.215521
0.7010,  0.212127
0.7015,  0.211390
0.7020,  0.210713
0.7025,  0.207981
0.7030,  0.203092
0.7035,  0.203884
0.7040,  0.204469
0.7045,  0.206371
0.7050,  0.210326
0.7055,  0.207488
0.7060,  0.202973
0.7065,  0.198131
0.7070,  0.192981
0.7075,  0.187390
0.7080,  0.184056
0.7085,  0.181320
0.7090,  0.178970
0.7095,  0.180501
0.7100,  0.180235
0.7105,  0.181858
0.7110,  0.184068
0.7115,  0.184472
0.7120,  0.186626
0.7125,  0.187457
0.7130,  0.188528
0.7135,  0.191627
0.7140,  0.194855
0.7145,  0.200075
0.7150,  0.210696
0.7155,  0.228222
0.7160,  0.256775
0.7165,  0.294578
0.7170,  0.335488
0.7175,  0.371216
0.7180,  0.397844
0.7185,  0.413812
0.7190,  0.417585
0.7195,  0.412051
0.7200,  0.391048
0.7205,  0.357987
0.7210,  0.322044
0.7215,  0.294859
0.7220,  0.285931
0.7225,  0.295277
0.7230,  0.317678
0.7235,  0.341945
0.7240,  0.361049
0.7245,  0.370492
0.7250,  0.373231
0.7255,  0.369402
0.7260,  0.365703
0.7265,  0.364802
0.7270,  0.362005
0.7275,  0.358453
0.7280,  0.354111
0.7285,  0.347663
0.7290,  0.341893
0.7295,  0.338277
0.7300,  0.335985
0.7305,  0.331306
0.7310,  0.321231
0.7315,  0.306220
0.7320,  0.286754
0.7325,  0.266143
0.7330,  0.247059
0.7335,  0.232935
0.7340,  0.224725
0.7345,  0.221756
0.7350,  0.221749
0.7355,  0.224038
0.7360,  0.224561
0.7365,  0.222477
0.7370,  0.219361
0.7375,  0.213229
0.7380,  0.208802
0.7385,  0.204401
0.7390,  0.199313
0.7395,  0.194641
0.7400,  0.189243
0.7405,  0.183726
0.7410,  0.180215
0.7415,  0.181327
0.7420,  0.181188
0.7425,  0.180714
0.7430,  0.180141
0.7435,  0.177113
0.7440,  0.174298
0.7445,  0.172828
0.7450,  0.170069
0.7455,  0.169079
0.7460,  0.168997
0.7465,  0.167997
0.7470,  0.168622
0.7475,  0.167132
0.7480,  0.165866
0.7485,  0.165716
0.7490,  0.165727
0.7495,  0.167007
0.7500,  0.167996
0.7505,  0.168225
0.7510,  0.168185
0.7515,  0.167840
0.7520,  0.167160
0.7525,  0.165786
0.7530,  0.164354
0.7535,  0.163389
0.7540,  0.161897
0.7545,  0.162691
0.7550,  0.164664
0.7555,  0.165181
0.7560,  0.165976
0.7565,  0.165843
0.7570,  0.166732
0.7575,  0.176158
0.7580,  0.205926
0.7585,  0.269677
0.7590,  0.379587
0.7595,  0.540269
0.7600,  0.714409
0.7605,  0.837011
0.7610,  0.864258
0.7615,  0.816873
0.7620,  0.762549
0.7625,  0.738270
0.7630,  0.726540
0.7635,  0.702326
0.7640,  0.654489
0.7645,  0.586789
0.7650,  0.513671
0.7655,  0.442733
0.7660,  0.377727
0.7665,  0.319506
0.7670,  0.270890
0.7675,  0.240954
0.7680,  0.219920
0.7685,  0.207018
0.7690,  0.199011
0.7695,  0.191328
0.7700,  0.186035
0.7705,  0.179909
0.7710,  0.176296
0.7715,  0.173610
0.7720,  0.170783
0.7725,  0.170813
0.7730,  0.169738
0.7735,  0.166276
0.7740,  0.163759
0.7745,  0.161105
0.7750,  0.156807
0.7755,  0.156172
0.7760,  0.156807
0.7765,  0.157448
0.7770,  0.161687
0.7775,  0.162897
0.7780,  0.162053
0.7785,  0.160950
0.7790,  0.159026
0.7795,  0.159407
0.7800,  0.160623
0.7805,  0.161547
0.7810,  0.162269
0.7815,  0.160680
0.7820,  0.159923
0.7825,  0.160427
0.7830,  0.159895
0.7835,  0.161968
0.7840,  0.163129
0.7845,  0.165230
0.7850,  0.167436
0.7855,  0.168556
0.7860,  0.171734
0.7865,  0.173800
0.7870,  0.176920
0.7875,  0.182099
0.7880,  0.186588
0.7885,  0.192908
0.7890,  0.198810
0.7895,  0.200332
0.7900,  0.200933
0.7905,  0.197410
0.7910,  0.195257
0.7915,  0.194589
0.7920,  0.192746
0.7925,  0.193445
0.7930,  0.191217
0.7935,  0.188011
0.7940,  0.185497
0.7945,  0.183891
0.7950,  0.183949
0.7955,  0.190009
0.7960,  0.195921
0.7965,  0.198299
0.7970,  0.197809
0.7975,  0.192961
0.7980,  0.188708
0.7985,  0.187098
0.7990,  0.187821
0.7995,  0.193280
0.8000,  0.197215
0.8005,  0.201163
0.8010,  0.204259
0.8015,  0.201885
0.8020,  0.200686
0.8025,  0.198068
0.8030,  0.196978
0.8035,  0.195109
0.8040,  0.191848
0.8045,  0.188074
0.8050,  0.181981
0.8055,  0.178527
0.8060,  0.178597
0.8065,  0.177635
0.8070,  0.179118
0.8075,  0.178419
0.8080,  0.178762
0.8085,  0.182032
0.8090,  0.185687
0.8095,  0.196639
0.8100,  0.204283
0.8105,  0.215268
0.8110,  0.227785
0.8115,  0.239584
0.8120,  0.257595
0.8125,  0.279081
0.8130,  0.303658
0.8135,  0.328031
0.8140,  0.350267
0.8145,  0.369726
0.8150,  0.385582
0.8155,  0.398158
0.8160,  0.409426
0.8165,  0.413577
0.8170,  0.412271
0.8175,  0.402735
0.8180,  0.389062
0.8185,  0.371378
0.8190,  0.349280
0.8195,  0.330073
0.8200,  0.307863
0.8205,  0.292997
0.8210,  0.297719
0.8215,  0.320166
0.8220,  0.358033
0.8225,  0.391900
0.8230,  0.396713
0.8235,  0.370219
0.8240,  0.328499
0.8245,  0.292285
0.8250,  0.270908
0.8255,  0.266696
0.8260,  0.271955
0.8265,  0.280491
0.8270,  0.292837
0.8275,  0.306813
0.8280,  0.315384
0.8285,  0.315937
0.8290,  0.309477
0.8295,  0.299291
0.8300,  0.291889
0.8305,  0.283595
0.8310,  0.278850
0.8315,  0.275431
0.8320,  0.270600
0.8325,  0.266513
0.8330,  0.260842
0.8335,  0.250234
0.8340,  0.238035
0.8345,  0.230547
0.8350,  0.223363
0.8355,  0.218632
0.8360,  0.215869
0.8365,  0.209122
0.8370,  0.204011
0.8375,  0.200490
0.8380,  0.196168
0.8385,  0.192118
0.8390,  0.186069
0.8395,  0.179653
0.8400,  0.175944
0.8405,  0.174583
0.8410,  0.174033
0.8415,  0.173221
0.8420,  0.173041
0.8425,  0.170538
0.8430,  0.168418
0.8435,  0.166789
0.8440,  0.161507
0.8445,  0.158937
0.8450,  0.157121
0.8455,  0.156131
0.8460,  0.159000
0.8465,  0.159631
0.8470,  0.160032
0.8475,  0.161124
0.8480,  0.162958
0.8485,  0.160098
0.8490,  0.158897
0.8495,  0.157355
0.8500,  0.149178
0.8505,  0.153583
0.8510,  0.153991
0.8515,  0.154439
0.8520,  0.161416
0.8525,  0.151486
0.8530,  0.149385
0.8535,  0.147717
0.8540,  0.137633
0.8545,  0.151189
0.8550,  0.150912
0.8555,  0.146501
0.8560,  0.145127
0.8565,  0.141116
0.8570,  0.143184
0.8575,  0.147280
0.8580,  0.153188
0.8585,  0.152150
0.8590,  0.150341
0.8595,  0.149333
0.8600,  0.147934
0.8605,  0.146375
0.8610,  0.147107
0.8615,  0.146215
0.8620,  0.143605
0.8625,  0.142617
0.8630,  0.142661
0.8635,  0.145511
0.8640,  0.152042
0.8645,  0.144581
0.8650,  0.141525
0.8655,  0.137488
0.8660,  0.127146
0.8665,  0.134945
0.8670,  0.132021
0.8675,  0.127919
0.8680,  0.128243
0.8685,  0.129836
0.8690,  0.134428
0.8695,  0.139840
0.8700,  0.144737
0.8705,  0.145987
0.8710,  0.146747
0.8715,  0.149512
0.8720,  0.151808
0.8725,  0.151350
0.8730,  0.153249
0.8735,  0.152124
0.8740,  0.152751
0.8745,  0.153281
0.8750,  0.153663
0.8755,  0.153737
0.8760,  0.150118
0.8765,  0.152198
0.8770,  0.151306
0.8775,  0.150151
0.8780,  0.152603
0.8785,  0.149785
0.8790,  0.149874
0.8795,  0.150770
0.8800,  0.149347
0.8805,  0.149169
0.8810,  0.146458
0.8815,  0.143368
0.8820,  0.141125
0.8825,  0.141783
0.8830,  0.145263
0.8835,  0.147471
0.8840,  0.150543
0.8845,  0.148134
0.8850,  0.148194
0.8855,  0.148350
0.8860,  0.146310
0.8865,  0.148697
0.8870,  0.150022
0.8875,  0.148464
0.8880,  0.149518
0.8885,  0.148524
0.8890,  0.148358
0.8895,  0.154298
0.8900,  0.157984
