0.3500,  0.967258
0.3505,  0.999428
0.3510,  0.953042
0.3515,  0.902436
0.3520,  0.839499
0.3525,  0.784608
0.3530,  0.796524
0.3535,  0.813529
0.3540,  0.822901
0.3545,  0.855754
0.3550,  0.838949
0.3555,  0.849530
0.3560,  0.810213
0.3565,  0.804604
0.3570,  0.807475
0.3575,  0.789723
0.3580,  0.760443
0.3585,  0.703036
0.3590,  0.862591
0.3595,  0.988012
0.3600,  0.958973
0.3605,  0.932551
0.3610,  0.871108
0.3615,  0.787999
0.3620,  0.809047
0.3625,  0.827200
0.3630,  0.796872
0.3635,  0.764628
0.3640,  0.740905
0.3645,  0.714302
0.3650,  0.725225
0.3655,  0.734281
0.3660,  0.723909
0.3665,  0.725227
0.3670,  0.693191
0.3675,  0.664250
0.3680,  0.626528
0.3685,  0.590177
0.3690,  0.629879
0.3695,  0.675764
0.3700,  0.649258
0.3705,  0.621282
0.3710,  0.640582
0.3715,  0.664882
0.3720,  0.641072
0.3725,  0.627579
0.3730,  0.607836
0.3735,  0.578512
0.3740,  0.594609
0.3745,  0.589874
0.3750,  0.654487
0.3755,  0.711053
0.3760,  0.697936
0.3765,  0.676652
0.3770,  0.709958
0.3775,  0.731132
0.3780,  0.711136
0.3785,  0.705000
0.3790,  0.603104
0.3795,  0.497203
0.3800,  0.550278
0.3805,  0.612414
0.3810,  0.600564
0.3815,  0.603169
0.3820,  0.539053
0.3825,  0.455141
0.3830,  0.455292
0.3835,  0.431268
0.3840,  0.585048
0.3845,  0.704620
0.3850,  0.716687
0.3855,  0.726285
0.3860,  0.706246
0.3865,  0.687371
0.3870,  0.674204
0.3875,  0.663269
0.3880,  0.635089
0.3885,  0.597122
0.3890,  0.637786
0.3895,  0.669154
0.3900,  0.655913
0.3905,  0.644340
0.3910,  0.657310
0.3915,  0.692331
0.3920,  0.609384
0.3925,  0.536689
0.3930,  0.395823
0.3935,  0.170410
0.3940,  0.438185
0.3945,  0.622242
0.3950,  0.718193
0.3955,  0.814181
0.3960,  0.661639
0.3965,  0.463876
0.3970,  0.473240
0.3975,  0.459932
0.3980,  0.623311
0.3985,  0.718815
0.3990,  0.673979
0.3995,  0.641579
0.4000,  0.588082
0.4005,  0.541757
0.4010,  0.515140
0.4015,  0.497690
0.4020,  0.474407
0.4025,  0.461246
0.4030,  0.436100
0.4035,  0.409742
0.4040,  0.401494
0.4045,  0.399677
0.4050,  0.399739
0.4055,  0.403239
0.4060,  0.390765
0.4065,  0.376842
0.4070,  0.389946
0.4075,  0.400355
0.4080,  0.427286
0.4085,  0.452202
0.4090,  0.447168
0.4095,  0.439209
0.4100,  0.388548
0.4105,  0.331696
0.4110,  0.392190
0.4115,  0.446882
0.4120,  0.431367
0.4125,  0.414483
0.4130,  0.399430
0.4135,  0.387428
0.4140,  0.382413
0.4145,  0.375011
0.4150,  0.374347
0.4155,  0.375255
0.4160,  0.398060
0.4165,  0.421011
0.4170,  0.381565
0.4175,  0.339774
0.4180,  0.346023
0.4185,  0.355684
0.4190,  0.369193
0.4195,  0.375338
0.4200,  0.390526
0.4205,  0.401615
0.4210,  0.403995
0.4215,  0.408255
0.4220,  0.365532
0.4225,  0.316396
0.4230,  0.348745
0.4235,  0.382171
0.4240,  0.391157
0.4245,  0.406436
0.4250,  0.390199
0.4255,  0.377702
0.4260,  0.380171
0.4265,  0.388809
0.4270,  0.357454
0.4275,  0.332819
0.4280,  0.350990
0.4285,  0.365667
0.4290,  0.357105
0.4295,  0.350598
0.4300,  0.274500
0.4305,  0.177399
0.4310,  0.357605
0.4315,  0.491133
0.4320,  0.459545
0.4325,  0.420924
0.4330,  0.416524
0.4335,  0.418043
0.4340,  0.389673
0.4345,  0.369324
0.4350,  0.371902
0.4355,  0.367963
0.4360,  0.400707
0.4365,  0.433772
0.4370,  0.400317
0.4375,  0.375927
0.4380,  0.327951
0.4385,  0.270736
0.4390,  0.334074
0.4395,  0.392968
0.4400,  0.366175
0.4405,  0.333990
0.4410,  0.371897
0.4415,  0.401837
0.4420,  0.394847
0.4425,  0.389344
0.4430,  0.359600
0.4435,  0.336008
0.4440,  0.346863
0.4445,  0.360324
0.4450,  0.331974
0.4455,  0.300410
0.4460,  0.315571
0.4465,  0.325773
0.4470,  0.354045
0.4475,  0.382581
0.4480,  0.353815
0.4485,  0.326056
0.4490,  0.327279
0.4495,  0.326750
0.4500,  0.338877
0.4505,  0.353501
0.4510,  0.343850
0.4515,  0.331653
0.4520,  0.302113
0.4525,  0.274552
0.4530,  0.283789
0.4535,  0.297610
0.4540,  0.310083
0.4545,  0.318908
0.4550,  0.329646
0.4555,  0.337800
0.4560,  0.335790
0.4565,  0.337163
0.4570,  0.336920
0.4575,  0.339893
0.4580,  0.315675
0.4585,  0.289764
0.4590,  0.300054
0.4595,  0.308310
0.4600,  0.312636
0.4605,  0.317762
0.4610,  0.318992
0.4615,  0.318672
0.4620,  0.324550
0.4625,  0.330646
0.4630,  0.313371
0.4635,  0.301002
0.4640,  0.290708
0.4645,  0.280666
0.4650,  0.302965
0.4655,  0.325192
0.4660,  0.308990
0.4665,  0.289165
0.4670,  0.310740
0.4675,  0.329553
0.4680,  0.322121
0.4685,  0.318759
0.4690,  0.318918
0.4695,  0.323328
0.4700,  0.302664
0.4705,  0.277962
0.4710,  0.305948
0.4715,  0.335061
0.4720,  0.335730
0.4725,  0.335080
0.4730,  0.321275
0.4735,  0.307058
0.4740,  0.312780
0.4745,  0.320122
0.4750,  0.312406
0.4755,  0.306518
0.4760,  0.294009
0.4765,  0.281311
0.4770,  0.303804
0.4775,  0.323046
0.4780,  0.301897
0.4785,  0.283476
0.4790,  0.295217
0.4795,  0.305071
0.4800,  0.294907
0.4805,  0.285098
0.4810,  0.292277
0.4815,  0.301624
0.4820,  0.288186
0.4825,  0.280632
0.4830,  0.280625
0.4835,  0.282639
0.4840,  0.279222
0.4845,  0.283168
0.4850,  0.270359
0.4855,  0.259932
0.4860,  0.230896
0.4865,  0.188818
0.4870,  0.239378
0.4875,  0.280273
0.4880,  0.288757
0.4885,  0.295199
0.4890,  0.291151
0.4895,  0.289393
0.4900,  0.290623
0.4905,  0.295347
0.4910,  0.271036
0.4915,  0.248898
0.4920,  0.251037
0.4925,  0.250182
0.4930,  0.242857
0.4935,  0.235070
0.4940,  0.263875
0.4945,  0.293692
0.4950,  0.261723
0.4955,  0.230345
0.4960,  0.248208
0.4965,  0.266190
0.4970,  0.267279
0.4975,  0.271505
0.4980,  0.242816
0.4985,  0.211741
0.4990,  0.237302
0.4995,  0.262895
0.5000,  0.243845
0.5005,  0.224748
0.5010,  0.219557
0.5015,  0.211741
0.5020,  0.229459
0.5025,  0.246774
0.5030,  0.254373
0.5035,  0.260244
0.5040,  0.245673
0.5045,  0.225403
0.5050,  0.244275
0.5055,  0.263421
0.5060,  0.253137
0.5065,  0.245361
0.5070,  0.236336
0.5075,  0.227425
0.5080,  0.230719
0.5085,  0.231932
0.5090,  0.230172
0.5095,  0.228484
0.5100,  0.232753
0.5105,  0.235903
0.5110,  0.244448
0.5115,  0.254019
0.5120,  0.228104
0.5125,  0.204181
0.5130,  0.208060
0.5135,  0.210791
0.5140,  0.218455
0.5145,  0.222933
0.5150,  0.233045
0.5155,  0.247843
0.5160,  0.213080
0.5165,  0.175255
0.5170,  0.201749
0.5175,  0.222989
0.5180,  0.206386
0.5185,  0.182001
0.5190,  0.214023
0.5195,  0.244044
0.5200,  0.233545
0.5205,  0.225353
0.5210,  0.235627
0.5215,  0.248692
0.5220,  0.227064
0.5225,  0.203868
0.5230,  0.215819
0.5235,  0.222859
0.5240,  0.229749
0.5245,  0.238614
0.5250,  0.234318
0.5255,  0.235908
0.5260,  0.191261
0.5265,  0.141689
0.5270,  0.183721
0.5275,  0.215026
0.5280,  0.221576
0.5285,  0.227336
0.5290,  0.224255
0.5295,  0.220828
0.5300,  0.222029
0.5305,  0.224550
0.5310,  0.225712
0.5315,  0.231717
0.5320,  0.197339
0.5325,  0.160535
0.5330,  0.199147
0.5335,  0.232520
0.5340,  0.214386
0.5345,  0.195235
0.5350,  0.219150
0.5355,  0.243172
0.5360,  0.218156
0.5365,  0.194580
0.5370,  0.199319
0.5375,  0.204384
0.5380,  0.212852
0.5385,  0.221106
0.5390,  0.210485
0.5395,  0.199719
0.5400,  0.188104
0.5405,  0.176273
0.5410,  0.202804
0.5415,  0.226797
0.5420,  0.212105
0.5425,  0.199180
0.5430,  0.209635
0.5435,  0.216313
0.5440,  0.213089
0.5445,  0.212063
0.5450,  0.215744
0.5455,  0.219994
0.5460,  0.217203
0.5465,  0.215514
0.5470,  0.208266
0.5475,  0.198032
0.5480,  0.202958
0.5485,  0.207504
0.5490,  0.213964
0.5495,  0.219904
0.5500,  0.211571
0.5505,  0.204595
0.5510,  0.206536
0.5515,  0.209591
0.5520,  0.205954
0.5525,  0.201886
0.5530,  0.209734
0.5535,  0.216844
0.5540,  0.220233
0.5545,  0.221106
0.5550,  0.222933
0.5555,  0.225490
0.5560,  0.212630
0.5565,  0.200240
0.5570,  0.209518
0.5575,  0.219846
0.5580,  0.211352
0.5585,  0.200966
0.5590,  0.206224
0.5595,  0.209419
0.5600,  0.212402
0.5605,  0.216786
0.5610,  0.211537
0.5615,  0.206401
0.5620,  0.211391
0.5625,  0.217674
0.5630,  0.220840
0.5635,  0.224533
0.5640,  0.224817
0.5645,  0.227116
0.5650,  0.216560
0.5655,  0.205679
0.5660,  0.212423
0.5665,  0.217155
0.5670,  0.228885
0.5675,  0.241622
0.5680,  0.225852
0.5685,  0.209522
0.5690,  0.224023
0.5695,  0.240346
0.5700,  0.223391
0.5705,  0.202829
0.5710,  0.211042
0.5715,  0.214657
0.5720,  0.224529
0.5725,  0.235613
0.5730,  0.229540
0.5735,  0.227019
0.5740,  0.226431
0.5745,  0.226171
0.5750,  0.219723
0.5755,  0.212065
0.5760,  0.216025
0.5765,  0.221233
0.5770,  0.225975
0.5775,  0.230981
0.5780,  0.216188
0.5785,  0.198844
0.5790,  0.206710
0.5795,  0.213261
0.5800,  0.212228
0.5805,  0.212169
0.5810,  0.212578
0.5815,  0.214949
0.5820,  0.217637
0.5825,  0.219850
0.5830,  0.214281
0.5835,  0.211040
0.5840,  0.213331
0.5845,  0.219939
0.5850,  0.207924
0.5855,  0.194841
0.5860,  0.209869
0.5865,  0.225713
0.5870,  0.236154
0.5875,  0.253725
0.5880,  0.251493
0.5885,  0.249203
0.5890,  0.228088
0.5895,  0.196171
0.5900,  0.243985
0.5905,  0.286310
0.5910,  0.273498
0.5915,  0.260132
0.5920,  0.256637
0.5925,  0.255931
0.5930,  0.250263
0.5935,  0.250741
0.5940,  0.248390
0.5945,  0.247849
0.5950,  0.250396
0.5955,  0.250184
0.5960,  0.252302
0.5965,  0.254540
0.5970,  0.244761
0.5975,  0.237459
0.5980,  0.231004
0.5985,  0.227427
0.5990,  0.235420
0.5995,  0.241450
0.6000,  0.235189
0.6005,  0.229975
0.6010,  0.231726
0.6015,  0.230886
0.6020,  0.219730
0.6025,  0.206377
0.6030,  0.217798
0.6035,  0.231875
0.6040,  0.230906
0.6045,  0.232133
0.6050,  0.231240
0.6055,  0.228198
0.6060,  0.226369
0.6065,  0.227574
0.6070,  0.228078
0.6075,  0.229830
0.6080,  0.230140
0.6085,  0.229753
0.6090,  0.234266
0.6095,  0.236615
0.6100,  0.227102
0.6105,  0.216961
0.6110,  0.226853
0.6115,  0.236897
0.6120,  0.229487
0.6125,  0.223873
0.6130,  0.224956
0.6135,  0.223613
0.6140,  0.231808
0.6145,  0.241160
0.6150,  0.245751
0.6155,  0.248769
0.6160,  0.225525
0.6165,  0.197477
0.6170,  0.218775
0.6175,  0.240732
0.6180,  0.245333
0.6185,  0.251139
0.6190,  0.250202
0.6195,  0.244405
0.6200,  0.251564
0.6205,  0.258729
0.6210,  0.247174
0.6215,  0.235844
0.6220,  0.242512
0.6225,  0.252763
0.6230,  0.246448
0.6235,  0.244568
0.6240,  0.251468
0.6245,  0.252294
0.6250,  0.247499
0.6255,  0.239811
0.6260,  0.253045
0.6265,  0.268506
0.6270,  0.270479
0.6275,  0.270736
0.6280,  0.273911
0.6285,  0.279282
0.6290,  0.282297
0.6295,  0.284127
0.6300,  0.281102
0.6305,  0.272401
0.6310,  0.263122
0.6315,  0.258707
0.6320,  0.255238
0.6325,  0.252775
0.6330,  0.255051
0.6335,  0.256674
0.6340,  0.258447
0.6345,  0.264001
0.6350,  0.268135
0.6355,  0.266457
0.6360,  0.264858
0.6365,  0.260090
0.6370,  0.253104
0.6375,  0.248573
0.6380,  0.248885
0.6385,  0.253676
0.6390,  0.259175
0.6395,  0.259979
0.6400,  0.260409
0.6405,  0.259986
0.6410,  0.253491
0.6415,  0.253092
0.6420,  0.251781
0.6425,  0.250323
0.6430,  0.250463
0.6435,  0.253664
0.6440,  0.257022
0.6445,  0.265527
0.6450,  0.275501
0.6455,  0.280570
0.6460,  0.285071
0.6465,  0.288428
0.6470,  0.290615
0.6475,  0.291875
0.6480,  0.289808
0.6485,  0.287633
0.6490,  0.282808
0.6495,  0.285728
0.6500,  0.287156
0.6505,  0.291135
0.6510,  0.297332
0.6515,  0.295926
0.6520,  0.290819
0.6525,  0.287172
0.6530,  0.284412
0.6535,  0.277346
0.6540,  0.277995
0.6545,  0.287453
0.6550,  0.300738
0.6555,  0.303480
0.6560,  0.295845
0.6565,  0.270416
0.6570,  0.232791
0.6575,  0.237789
0.6580,  0.246978
0.6585,  0.259288
0.6590,  0.273402
0.6595,  0.268731
0.6600,  0.261896
0.6605,  0.256256
0.6610,  0.254359
0.6615,  0.250117
0.6620,  0.248755
0.6625,  0.248559
0.6630,  0.250165
0.6635,  0.251277
0.6640,  0.250507
0.6645,  0.251931
0.6650,  0.255241
0.6655,  0.254725
0.6660,  0.252623
0.6665,  0.250826
0.6670,  0.250524
0.6675,  0.251109
0.6680,  0.250266
0.6685,  0.251798
0.6690,  0.253485
0.6695,  0.250934
0.6700,  0.250669
0.6705,  0.251670
0.6710,  0.253406
0.6715,  0.256634
0.6720,  0.259057
0.6725,  0.260592
0.6730,  0.258160
0.6735,  0.255653
0.6740,  0.255404
0.6745,  0.255557
0.6750,  0.254982
0.6755,  0.258726
0.6760,  0.262162
0.6765,  0.264547
0.6770,  0.265380
0.6775,  0.263062
0.6780,  0.261644
0.6785,  0.262767
0.6790,  0.262001
0.6795,  0.263022
0.6800,  0.266444
0.6805,  0.270127
0.6810,  0.272970
0.6815,  0.269774
0.6820,  0.270359
0.6825,  0.274267
0.6830,  0.279602
0.6835,  0.282351
0.6840,  0.284122
0.6845,  0.283747
0.6850,  0.288884
0.6855,  0.313315
0.6860,  0.350131
0.6865,  0.390856
0.6870,  0.420564
0.6875,  0.429256
0.6880,  0.426596
0.6885,  0.418706
0.6890,  0.414810
0.6895,  0.410041
0.6900,  0.402334
0.6905,  0.393676
0.6910,  0.391042
0.6915,  0.389388
0.6920,  0.391325
0.6925,  0.393892
0.6930,  0.400252
0.6935,  0.402011
0.6940,  0.404750
0.6945,  0.400688
0.6950,  0.394393
0.6955,  0.382779
0.6960,  0.372967
0.6965,  0.362852
0.6970,  0.353922
0.6975,  0.357000
0.6980,  0.369051
0.6985,  0.376469
0.6990,  0.384187
0.6995,  0.386472
0.7000,  0.389261
0.7005,  0.390959
0.7010,  0.388793
0.7015,  0.390757
0.7020,  0.390000
0.7025,  0.389800
0.7030,  0.385016
0.7035,  0.387439
0.7040,  0.387303
0.7045,  0.387432
0.7050,  0.388810
0.7055,  0.381407
0.7060,  0.375695
0.7065,  0.369744
0.7070,  0.361104
0.7075,  0.357141
0.7080,  0.357656
0.7085,  0.358471
0.7090,  0.364070
0.7095,  0.367231
0.7100,  0.366988
0.7105,  0.364060
0.7110,  0.365880
0.7115,  0.362767
0.7120,  0.362196
0.7125,  0.361003
0.7130,  0.364192
0.7135,  0.371274
0.7140,  0.381084
0.7145,  0.392235
0.7150,  0.406432
0.7155,  0.430289
0.7160,  0.476887
0.7165,  0.527539
0.7170,  0.582732
0.7175,  0.629272
0.7180,  0.673127
0.7185,  0.704967
0.7190,  0.720533
0.7195,  0.720742
0.7200,  0.694324
0.7205,  0.648505
0.7210,  0.601742
0.7215,  0.563064
0.7220,  0.561933
0.7225,  0.574369
0.7230,  0.595397
0.7235,  0.616910
0.7240,  0.637767
0.7245,  0.647491
0.7250,  0.655855
0.7255,  0.657346
0.7260,  0.663272
0.7265,  0.669617
0.7270,  0.671337
0.7275,  0.669780
0.7280,  0.666630
0.7285,  0.663281
0.7290,  0.651987
0.7295,  0.641833
0.7300,  0.630709
0.7305,  0.626648
0.7310,  0.621966
0.7315,  0.607838
0.7320,  0.582075
0.7325,  0.550768
0.7330,  0.514102
0.7335,  0.493361
0.7340,  0.483285
0.7345,  0.478386
0.7350,  0.479176
0.7355,  0.481030
0.7360,  0.480587
0.7365,  0.481536
0.7370,  0.473380
0.7375,  0.459853
0.7380,  0.457722
0.7385,  0.454356
0.7390,  0.450296
0.7395,  0.442180
0.7400,  0.432115
0.7405,  0.423454
0.7410,  0.419763
0.7415,  0.420988
0.7420,  0.421715
0.7425,  0.418988
0.7430,  0.415857
0.7435,  0.405527
0.7440,  0.410539
0.7445,  0.413749
0.7450,  0.405937
0.7455,  0.407698
0.7460,  0.411011
0.7465,  0.411630
0.7470,  0.409771
0.7475,  0.406909
0.7480,  0.414571
0.7485,  0.421407
0.7490,  0.420010
0.7495,  0.419692
0.7500,  0.420994
0.7505,  0.421763
0.7510,  0.418188
0.7515,  0.408449
0.7520,  0.406160
0.7525,  0.407684
0.7530,  0.410017
0.7535,  0.412241
0.7540,  0.417095
0.7545,  0.422511
0.7550,  0.425875
0.7555,  0.424154
0.7560,  0.424325
0.7565,  0.424177
0.7570,  0.427990
0.7575,  0.433431
0.7580,  0.473158
0.7585,  0.564327
0.7590,  0.726357
0.7595,  0.957318
0.7600,  1.229145
0.7605,  1.425897
0.7610,  1.462511
0.7615,  1.411631
0.7620,  1.339346
0.7625,  1.295856
0.7630,  1.277088
0.7635,  1.230317
0.7640,  1.162988
0.7645,  1.062520
0.7650,  0.971754
0.7655,  0.879064
0.7660,  0.778129
0.7665,  0.687874
0.7670,  0.616795
0.7675,  0.569120
0.7680,  0.537312
0.7685,  0.514083
0.7690,  0.500839
0.7695,  0.491578
0.7700,  0.487442
0.7705,  0.487255
0.7710,  0.485515
0.7715,  0.486475
0.7720,  0.481174
0.7725,  0.479616
0.7730,  0.481653
0.7735,  0.477470
0.7740,  0.476427
0.7745,  0.477735
0.7750,  0.476051
0.7755,  0.477428
0.7760,  0.476661
0.7765,  0.477377
0.7770,  0.485908
0.7775,  0.491940
0.7780,  0.495805
0.7785,  0.497044
0.7790,  0.489562
0.7795,  0.486273
0.7800,  0.483436
0.7805,  0.485966
0.7810,  0.503530
0.7815,  0.506493
0.7820,  0.509591
0.7825,  0.514571
0.7830,  0.513275
0.7835,  0.510725
0.7840,  0.507746
0.7845,  0.506952
0.7850,  0.507231
0.7855,  0.508370
0.7860,  0.516837
0.7865,  0.540673
0.7870,  0.541406
0.7875,  0.544889
0.7880,  0.560162
0.7885,  0.577839
0.7890,  0.585166
0.7895,  0.594395
0.7900,  0.586952
0.7905,  0.576866
0.7910,  0.579583
0.7915,  0.577560
0.7920,  0.587147
0.7925,  0.592547
0.7930,  0.586951
0.7935,  0.579142
0.7940,  0.576601
0.7945,  0.587492
0.7950,  0.593994
0.7955,  0.600601
0.7960,  0.594260
0.7965,  0.586899
0.7970,  0.585660
0.7975,  0.584739
0.7980,  0.584541
0.7985,  0.589327
0.7990,  0.601793
0.7995,  0.621212
0.8000,  0.628341
0.8005,  0.629603
0.8010,  0.631292
0.8015,  0.619337
0.8020,  0.624898
0.8025,  0.625043
0.8030,  0.633354
0.8035,  0.646408
0.8040,  0.653007
0.8045,  0.642898
0.8050,  0.639250
0.8055,  0.642039
0.8060,  0.631263
0.8065,  0.630701
0.8070,  0.645532
0.8075,  0.655748
0.8080,  0.644811
0.8085,  0.651173
0.8090,  0.662395
0.8095,  0.692218
0.8100,  0.710974
0.8105,  0.736655
0.8110,  0.769747
0.8115,  0.796143
0.8120,  0.817934
0.8125,  0.829733
0.8130,  0.869915
0.8135,  0.933550
0.8140,  0.982725
0.8145,  1.050677
0.8150,  1.135838
0.8155,  1.219374
0.8160,  1.304725
0.8165,  1.353681
0.8170,  1.365550
0.8175,  1.311855
0.8180,  1.230757
0.8185,  1.171291
0.8190,  1.141215
0.8195,  1.100884
0.8200,  1.048912
0.8205,  0.995776
0.8210,  1.007185
0.8215,  1.064053
0.8220,  1.143334
0.8225,  1.227248
0.8230,  1.208576
0.8235,  1.143144
0.8240,  1.060213
0.8245,  0.989515
0.8250,  0.947149
0.8255,  0.920590
0.8260,  0.937529
0.8265,  0.966006
0.8270,  1.033225
0.8275,  1.075932
0.8280,  1.111970
0.8285,  1.093307
0.8290,  1.078015
0.8295,  1.054558
0.8300,  1.030672
0.8305,  1.027371
0.8310,  1.050793
0.8315,  1.060291
0.8320,  1.057074
0.8325,  1.050653
0.8330,  1.046288
0.8335,  1.012895
0.8340,  0.955718
0.8345,  0.919775
0.8350,  0.908861
0.8355,  0.894656
0.8360,  0.882835
0.8365,  0.899012
0.8370,  0.904943
0.8375,  0.902306
0.8380,  0.891209
0.8385,  0.874008
0.8390,  0.859393
0.8395,  0.844262
0.8400,  0.834326
0.8405,  0.833223
0.8410,  0.834443
0.8415,  0.847622
0.8420,  0.853306
0.8425,  0.862137
0.8430,  0.869976
0.8435,  0.847539
0.8440,  0.837925
0.8445,  0.815678
0.8450,  0.804686
0.8455,  0.810220
0.8460,  0.805434
0.8465,  0.807929
0.8470,  0.802866
0.8475,  0.817405
0.8480,  0.824309
0.8485,  0.832007
0.8490,  0.840651
0.8495,  0.870913
0.8500,  0.893193
0.8505,  0.920090
0.8510,  0.942113
0.8515,  0.981349
0.8520,  0.994509
0.8525,  0.987611
0.8530,  1.013614
0.8535,  1.040204
0.8540,  1.077719
0.8545,  1.083444
0.8550,  1.011091
0.8555,  0.959934
0.8560,  0.925088
0.8565,  0.900124
0.8570,  0.912323
0.8575,  0.936423
0.8580,  0.951546
0.8585,  0.958080
0.8590,  0.963074
0.8595,  0.968878
0.8600,  0.958512
0.8605,  0.962541
0.8610,  0.953293
0.8615,  0.939771
0.8620,  0.924152
0.8625,  0.941193
0.8630,  0.975599
0.8635,  0.982732
0.8640,  1.016220
0.8645,  0.999579
0.8650,  1.031880
0.8655,  1.096090
0.8660,  1.123592
0.8665,  1.170637
0.8670,  1.212510
0.8675,  1.225673
0.8680,  1.231461
0.8685,  1.207381
0.8690,  1.154360
0.8695,  1.181532
0.8700,  1.196022
0.8705,  1.180805
0.8710,  1.143843
0.8715,  1.123843
0.8720,  1.115150
0.8725,  1.138014
0.8730,  1.194273
0.8735,  1.198266
0.8740,  1.262224
0.8745,  1.297407
0.8750,  1.349741
0.8755,  1.337369
0.8760,  1.322456
0.8765,  1.330378
0.8770,  1.320727
0.8775,  1.347495
0.8780,  1.344725
0.8785,  1.400890
0.8790,  1.438618
0.8795,  1.459504
0.8800,  1.482838
0.8805,  1.492149
0.8810,  1.460103
0.8815,  1.407424
0.8820,  1.407076
0.8825,  1.441061
0.8830,  1.503500
0.8835,  1.516448
0.8840,  1.570286
0.8845,  1.647795
0.8850,  1.638576
0.8855,  1.605723
0.8860,  1.580330
0.8865,  1.546257
0.8870,  1.553560
0.8875,  1.595155
0.8880,  1.557963
0.8885,  1.577971
0.8890,  1.568456
0.8895,  1.627958
0.8900,  1.633682
