0.3500,  0.293278
0.3505,  0.350587
0.3510,  0.325391
0.3515,  0.299939
0.3520,  0.263472
0.3525,  0.224312
0.3530,  0.255664
0.3535,  0.295857
0.3540,  0.318240
0.3545,  0.349241
0.3550,  0.329613
0.3555,  0.309908
0.3560,  0.273778
0.3565,  0.233147
0.3570,  0.199845
0.3575,  0.163389
0.3580,  0.119689
0.3585,  0.066060
0.3590,  0.214102
0.3595,  0.334528
0.3600,  0.321049
0.3605,  0.309105
0.3610,  0.262459
0.3615,  0.212987
0.3620,  0.245144
0.3625,  0.283510
0.3630,  0.273200
0.3635,  0.258615
0.3640,  0.237935
0.3645,  0.222722
0.3650,  0.257785
0.3655,  0.290982
0.3660,  0.302917
0.3665,  0.315680
0.3670,  0.290315
0.3675,  0.263423
0.3680,  0.232444
0.3685,  0.203141
0.3690,  0.244668
0.3695,  0.284193
0.3700,  0.255797
0.3705,  0.227428
0.3710,  0.247143
0.3715,  0.272642
0.3720,  0.248680
0.3725,  0.225518
0.3730,  0.199643
0.3735,  0.173123
0.3740,  0.185727
0.3745,  0.181421
0.3750,  0.242337
0.3755,  0.290723
0.3760,  0.277086
0.3765,  0.253696
0.3770,  0.287918
0.3775,  0.324533
0.3780,  0.323942
0.3785,  0.337954
0.3790,  0.261339
0.3795,  0.168874
0.3800,  0.218675
0.3805,  0.274946
0.3810,  0.255631
0.3815,  0.246730
0.3820,  0.174328
0.3825,  0.082880
0.3830,  0.057447
0.3835,  0.007259
0.3840,  0.145695
0.3845,  0.251648
0.3850,  0.251178
0.3855,  0.254102
0.3860,  0.239593
0.3865,  0.229619
0.3870,  0.228068
0.3875,  0.220432
0.3880,  0.199447
0.3885,  0.176873
0.3890,  0.230965
0.3895,  0.272447
0.3900,  0.271632
0.3905,  0.278078
0.3910,  0.300218
0.3915,  0.332741
0.3920,  0.251875
0.3925,  0.166631
0.3930,  0.009076
0.3935,  -0.221190
0.3940,  0.033542
0.3945,  0.209819
0.3950,  0.301926
0.3955,  0.396431
0.3960,  0.254154
0.3965,  0.067457
0.3970,  0.080182
0.3975,  0.064270
0.3980,  0.224635
0.3985,  0.335730
0.3990,  0.316466
0.3995,  0.308462
0.4000,  0.281111
0.4005,  0.257994
0.4010,  0.252483
0.4015,  0.254204
0.4020,  0.247140
0.4025,  0.246363
0.4030,  0.227865
0.4035,  0.206982
0.4040,  0.205247
0.4045,  0.206709
0.4050,  0.206662
0.4055,  0.208339
0.4060,  0.193274
0.4065,  0.175213
0.4070,  0.181524
0.4075,  0.181270
0.4080,  0.197100
0.4085,  0.219940
0.4090,  0.215957
0.4095,  0.214320
0.4100,  0.175312
0.4105,  0.127011
0.4110,  0.188732
0.4115,  0.244690
0.4120,  0.229395
0.4125,  0.214360
0.4130,  0.202197
0.4135,  0.190468
0.4140,  0.183404
0.4145,  0.175337
0.4150,  0.171453
0.4155,  0.170286
0.4160,  0.192909
0.4165,  0.219566
0.4170,  0.187668
0.4175,  0.153269
0.4180,  0.162090
0.4185,  0.170607
0.4190,  0.179003
0.4195,  0.177923
0.4200,  0.186420
0.4205,  0.194570
0.4210,  0.195528
0.4215,  0.203165
0.4220,  0.159697
0.4225,  0.112644
0.4230,  0.146914
0.4235,  0.177670
0.4240,  0.186794
0.4245,  0.202624
0.4250,  0.191036
0.4255,  0.177948
0.4260,  0.181543
0.4265,  0.187550
0.4270,  0.160124
0.4275,  0.133795
0.4280,  0.146327
0.4285,  0.164660
0.4290,  0.154561
0.4295,  0.144562
0.4300,  0.065318
0.4305,  -0.039854
0.4310,  0.120506
0.4315,  0.241361
0.4320,  0.210220
0.4325,  0.182496
0.4330,  0.191833
0.4335,  0.201107
0.4340,  0.180368
0.4345,  0.156425
0.4350,  0.154683
0.4355,  0.150742
0.4360,  0.186429
0.4365,  0.226108
0.4370,  0.202298
0.4375,  0.180327
0.4380,  0.138297
0.4385,  0.086943
0.4390,  0.150010
0.4395,  0.203187
0.4400,  0.171177
0.4405,  0.137634
0.4410,  0.172981
0.4415,  0.204267
0.4420,  0.200826
0.4425,  0.198162
0.4430,  0.174108
0.4435,  0.155144
0.4440,  0.168468
0.4445,  0.183388
0.4450,  0.157030
0.4455,  0.126878
0.4460,  0.139391
0.4465,  0.147128
0.4470,  0.176212
0.4475,  0.205292
0.4480,  0.181273
0.4485,  0.155156
0.4490,  0.156978
0.4495,  0.155990
0.4500,  0.166814
0.4505,  0.180870
0.4510,  0.173943
0.4515,  0.173711
0.4520,  0.148655
0.4525,  0.123373
0.4530,  0.133594
0.4535,  0.140997
0.4540,  0.148031
0.4545,  0.151557
0.4550,  0.159849
0.4555,  0.167750
0.4560,  0.170377
0.4565,  0.172656
0.4570,  0.172675
0.4575,  0.176283
0.4580,  0.152781
0.4585,  0.130558
0.4590,  0.140843
0.4595,  0.147959
0.4600,  0.153061
0.4605,  0.156329
0.4610,  0.156645
0.4615,  0.158834
0.4620,  0.167186
0.4625,  0.174813
0.4630,  0.161816
0.4635,  0.151663
0.4640,  0.142435
0.4645,  0.132638
0.4650,  0.150112
0.4655,  0.171167
0.4660,  0.152709
0.4665,  0.133727
0.4670,  0.157485
0.4675,  0.175147
0.4680,  0.170342
0.4685,  0.166092
0.4690,  0.169518
0.4695,  0.172571
0.4700,  0.154054
0.4705,  0.129538
0.4710,  0.153572
0.4715,  0.177116
0.4720,  0.173535
0.4725,  0.174206
0.4730,  0.163750
0.4735,  0.152862
0.4740,  0.163541
0.4745,  0.177590
0.4750,  0.174812
0.4755,  0.172114
0.4760,  0.162163
0.4765,  0.149515
0.4770,  0.171519
0.4775,  0.190780
0.4780,  0.172420
0.4785,  0.154944
0.4790,  0.167343
0.4795,  0.177578
0.4800,  0.168767
0.4805,  0.161626
0.4810,  0.171963
0.4815,  0.182280
0.4820,  0.170976
0.4825,  0.164099
0.4830,  0.169875
0.4835,  0.174019
0.4840,  0.171913
0.4845,  0.176146
0.4850,  0.164877
0.4855,  0.152831
0.4860,  0.117156
0.4865,  0.068182
0.4870,  0.111937
0.4875,  0.151532
0.4880,  0.162408
0.4885,  0.172117
0.4890,  0.173242
0.4895,  0.175811
0.4900,  0.179861
0.4905,  0.188914
0.4910,  0.169110
0.4915,  0.149485
0.4920,  0.150154
0.4925,  0.147292
0.4930,  0.139512
0.4935,  0.129993
0.4940,  0.160175
0.4945,  0.190437
0.4950,  0.162679
0.4955,  0.135629
0.4960,  0.153516
0.4965,  0.173042
0.4970,  0.177677
0.4975,  0.183067
0.4980,  0.155214
0.4985,  0.124359
0.4990,  0.148727
0.4995,  0.173379
0.5000,  0.155127
0.5005,  0.136515
0.5010,  0.132236
0.5015,  0.124388
0.5020,  0.142644
0.5025,  0.160320
0.5030,  0.169743
0.5035,  0.177123
0.5040,  0.162140
0.5045,  0.142929
0.5050,  0.160562
0.5055,  0.180466
0.5060,  0.171161
0.5065,  0.164067
0.5070,  0.156276
0.5075,  0.146130
0.5080,  0.147250
0.5085,  0.148549
0.5090,  0.148529
0.5095,  0.147474
0.5100,  0.151530
0.5105,  0.155129
0.5110,  0.164285
0.5115,  0.174277
0.5120,  0.151214
0.5125,  0.130292
0.5130,  0.135908
0.5135,  0.137384
0.5140,  0.142191
0.5145,  0.146930
0.5150,  0.157385
0.5155,  0.174846
0.5160,  0.142186
0.5165,  0.104510
0.5170,  0.127527
0.5175,  0.144212
0.5180,  0.124113
0.5185,  0.097240
0.5190,  0.126924
0.5195,  0.157454
0.5200,  0.149163
0.5205,  0.141373
0.5210,  0.153081
0.5215,  0.167269
0.5220,  0.147514
0.5225,  0.124558
0.5230,  0.135145
0.5235,  0.144150
0.5240,  0.153633
0.5245,  0.168355
0.5250,  0.170305
0.5255,  0.175828
0.5260,  0.131990
0.5265,  0.077737
0.5270,  0.110177
0.5275,  0.135975
0.5280,  0.141314
0.5285,  0.146924
0.5290,  0.143775
0.5295,  0.142448
0.5300,  0.146344
0.5305,  0.152255
0.5310,  0.157833
0.5315,  0.167198
0.5320,  0.133653
0.5325,  0.096041
0.5330,  0.131621
0.5335,  0.163127
0.5340,  0.143837
0.5345,  0.123412
0.5350,  0.147520
0.5355,  0.173816
0.5360,  0.151366
0.5365,  0.128690
0.5370,  0.132494
0.5375,  0.136352
0.5380,  0.144183
0.5385,  0.154500
0.5390,  0.147360
0.5395,  0.137750
0.5400,  0.126633
0.5405,  0.112135
0.5410,  0.134982
0.5415,  0.156419
0.5420,  0.141933
0.5425,  0.127396
0.5430,  0.135642
0.5435,  0.143084
0.5440,  0.140960
0.5445,  0.140675
0.5450,  0.146168
0.5455,  0.152345
0.5460,  0.150753
0.5465,  0.149085
0.5470,  0.140346
0.5475,  0.129696
0.5480,  0.133288
0.5485,  0.136841
0.5490,  0.142076
0.5495,  0.148672
0.5500,  0.141711
0.5505,  0.135483
0.5510,  0.137743
0.5515,  0.141060
0.5520,  0.137705
0.5525,  0.132718
0.5530,  0.139195
0.5535,  0.145718
0.5540,  0.147845
0.5545,  0.150725
0.5550,  0.152320
0.5555,  0.154921
0.5560,  0.142495
0.5565,  0.130822
0.5570,  0.140557
0.5575,  0.150876
0.5580,  0.142111
0.5585,  0.131514
0.5590,  0.134459
0.5595,  0.137502
0.5600,  0.142624
0.5605,  0.148372
0.5610,  0.145158
0.5615,  0.140541
0.5620,  0.144771
0.5625,  0.150340
0.5630,  0.153371
0.5635,  0.155977
0.5640,  0.156520
0.5645,  0.158147
0.5650,  0.149577
0.5655,  0.137260
0.5660,  0.142598
0.5665,  0.148003
0.5670,  0.161272
0.5675,  0.177366
0.5680,  0.163537
0.5685,  0.149003
0.5690,  0.163231
0.5695,  0.177505
0.5700,  0.159228
0.5705,  0.136748
0.5710,  0.144470
0.5715,  0.149203
0.5720,  0.156936
0.5725,  0.167366
0.5730,  0.163970
0.5735,  0.163530
0.5740,  0.164398
0.5745,  0.164671
0.5750,  0.157909
0.5755,  0.148194
0.5760,  0.151951
0.5765,  0.157129
0.5770,  0.160259
0.5775,  0.163563
0.5780,  0.145760
0.5785,  0.127513
0.5790,  0.134755
0.5795,  0.140938
0.5800,  0.141152
0.5805,  0.141284
0.5810,  0.141970
0.5815,  0.144699
0.5820,  0.148661
0.5825,  0.150908
0.5830,  0.144493
0.5835,  0.141031
0.5840,  0.143558
0.5845,  0.150355
0.5850,  0.138401
0.5855,  0.125049
0.5860,  0.139840
0.5865,  0.157332
0.5870,  0.173838
0.5875,  0.196421
0.5880,  0.193739
0.5885,  0.183357
0.5890,  0.153485
0.5895,  0.115663
0.5900,  0.156880
0.5905,  0.196850
0.5910,  0.185526
0.5915,  0.174517
0.5920,  0.174306
0.5925,  0.177320
0.5930,  0.175525
0.5935,  0.177522
0.5940,  0.175700
0.5945,  0.171093
0.5950,  0.172471
0.5955,  0.171533
0.5960,  0.173348
0.5965,  0.175702
0.5970,  0.167863
0.5975,  0.159623
0.5980,  0.151929
0.5985,  0.145676
0.5990,  0.152884
0.5995,  0.161071
0.6000,  0.158204
0.6005,  0.155218
0.6010,  0.155144
0.6015,  0.151484
0.6020,  0.137376
0.6025,  0.122595
0.6030,  0.135342
0.6035,  0.150210
0.6040,  0.149718
0.6045,  0.151648
0.6050,  0.150825
0.6055,  0.147011
0.6060,  0.144438
0.6065,  0.143322
0.6070,  0.145087
0.6075,  0.147162
0.6080,  0.148044
0.6085,  0.149548
0.6090,  0.154936
0.6095,  0.156310
0.6100,  0.145176
0.6105,  0.133792
0.6110,  0.142450
0.6115,  0.152589
0.6120,  0.145839
0.6125,  0.140598
0.6130,  0.140185
0.6135,  0.140456
0.6140,  0.150060
0.6145,  0.159798
0.6150,  0.162215
0.6155,  0.163238
0.6160,  0.136003
0.6165,  0.103842
0.6170,  0.124389
0.6175,  0.145936
0.6180,  0.151717
0.6185,  0.156480
0.6190,  0.153613
0.6195,  0.149599
0.6200,  0.156015
0.6205,  0.163118
0.6210,  0.153182
0.6215,  0.144305
0.6220,  0.151903
0.6225,  0.161427
0.6230,  0.153698
0.6235,  0.149464
0.6240,  0.153351
0.6245,  0.153259
0.6250,  0.148484
0.6255,  0.141984
0.6260,  0.155178
0.6265,  0.172260
0.6270,  0.177947
0.6275,  0.180407
0.6280,  0.183985
0.6285,  0.189355
0.6290,  0.189582
0.6295,  0.187214
0.6300,  0.180155
0.6305,  0.170723
0.6310,  0.160668
0.6315,  0.157641
0.6320,  0.154184
0.6325,  0.153147
0.6330,  0.155218
0.6335,  0.158259
0.6340,  0.162544
0.6345,  0.165862
0.6350,  0.166894
0.6355,  0.164142
0.6360,  0.159127
0.6365,  0.152727
0.6370,  0.147014
0.6375,  0.144334
0.6380,  0.143885
0.6385,  0.144965
0.6390,  0.146814
0.6395,  0.148854
0.6400,  0.150336
0.6405,  0.148821
0.6410,  0.144485
0.6415,  0.145309
0.6420,  0.142431
0.6425,  0.139635
0.6430,  0.139105
0.6435,  0.140964
0.6440,  0.145538
0.6445,  0.152081
0.6450,  0.160901
0.6455,  0.166451
0.6460,  0.173829
0.6465,  0.180168
0.6470,  0.182817
0.6475,  0.180452
0.6480,  0.176470
0.6485,  0.170930
0.6490,  0.161354
0.6495,  0.161127
0.6500,  0.162057
0.6505,  0.167210
0.6510,  0.173874
0.6515,  0.172608
0.6520,  0.169451
0.6525,  0.167982
0.6530,  0.167253
0.6535,  0.161968
0.6540,  0.163966
0.6545,  0.175359
0.6550,  0.185582
0.6555,  0.177013
0.6560,  0.154557
0.6565,  0.119245
0.6570,  0.081712
0.6575,  0.091163
0.6580,  0.103093
0.6585,  0.118017
0.6590,  0.131946
0.6595,  0.126992
0.6600,  0.121196
0.6605,  0.119212
0.6610,  0.121301
0.6615,  0.120047
0.6620,  0.119240
0.6625,  0.121543
0.6630,  0.122688
0.6635,  0.124572
0.6640,  0.124953
0.6645,  0.124746
0.6650,  0.127869
0.6655,  0.126111
0.6660,  0.121066
0.6665,  0.117319
0.6670,  0.113559
0.6675,  0.115184
0.6680,  0.116480
0.6685,  0.119276
0.6690,  0.121678
0.6695,  0.120423
0.6700,  0.118301
0.6705,  0.116549
0.6710,  0.116041
0.6715,  0.119207
0.6720,  0.120718
0.6725,  0.121497
0.6730,  0.118298
0.6735,  0.115459
0.6740,  0.113740
0.6745,  0.111163
0.6750,  0.108585
0.6755,  0.107589
0.6760,  0.109487
0.6765,  0.115428
0.6770,  0.118878
0.6775,  0.119012
0.6780,  0.119147
0.6785,  0.119616
0.6790,  0.116803
0.6795,  0.116796
0.6800,  0.115517
0.6805,  0.112427
0.6810,  0.110540
0.6815,  0.113055
0.6820,  0.116261
0.6825,  0.117260
0.6830,  0.120164
0.6835,  0.122766
0.6840,  0.120996
0.6845,  0.125144
0.6850,  0.140315
0.6855,  0.175325
0.6860,  0.215411
0.6865,  0.247617
0.6870,  0.262548
0.6875,  0.261111
0.6880,  0.255495
0.6885,  0.249489
0.6890,  0.241963
0.6895,  0.229763
0.6900,  0.216263
0.6905,  0.207307
0.6910,  0.203624
0.6915,  0.205193
0.6920,  0.207923
0.6925,  0.210661
0.6930,  0.213564
0.6935,  0.213575
0.6940,  0.206740
0.6945,  0.196252
0.6950,  0.185783
0.6955,  0.173997
0.6960,  0.166237
0.6965,  0.162799
0.6970,  0.162701
0.6975,  0.170137
0.6980,  0.178982
0.6985,  0.186825
0.6990,  0.195104
0.6995,  0.196865
0.7000,  0.191304
0.7005,  0.188190
0.7010,  0.184028
0.7015,  0.183867
0.7020,  0.178648
0.7025,  0.170547
0.7030,  0.166264
0.7035,  0.170460
0.7040,  0.175325
0.7045,  0.181244
0.7050,  0.186305
0.7055,  0.183061
0.7060,  0.176761
0.7065,  0.170553
0.7070,  0.166702
0.7075,  0.165049
0.7080,  0.157205
0.7085,  0.149543
0.7090,  0.144064
0.7095,  0.144233
0.7100,  0.145293
0.7105,  0.149257
0.7110,  0.153539
0.7115,  0.155289
0.7120,  0.156293
0.7125,  0.158214
0.7130,  0.157631
0.7135,  0.158916
0.7140,  0.164967
0.7145,  0.174036
0.7150,  0.191645
0.7155,  0.220888
0.7160,  0.259124
0.7165,  0.295415
0.7170,  0.330327
0.7175,  0.359299
0.7180,  0.387562
0.7185,  0.407672
0.7190,  0.407959
0.7195,  0.396192
0.7200,  0.363150
0.7205,  0.322757
0.7210,  0.290126
0.7215,  0.273605
0.7220,  0.277074
0.7225,  0.299152
0.7230,  0.324812
0.7235,  0.344791
0.7240,  0.359976
0.7245,  0.368597
0.7250,  0.366075
0.7255,  0.364828
0.7260,  0.366218
0.7265,  0.367834
0.7270,  0.366472
0.7275,  0.358416
0.7280,  0.348045
0.7285,  0.333364
0.7290,  0.324079
0.7295,  0.317573
0.7300,  0.311310
0.7305,  0.302860
0.7310,  0.290190
0.7315,  0.273650
0.7320,  0.253502
0.7325,  0.233996
0.7330,  0.214732
0.7335,  0.201705
0.7340,  0.193621
0.7345,  0.188333
0.7350,  0.189554
0.7355,  0.191408
0.7360,  0.192487
0.7365,  0.193975
0.7370,  0.190659
0.7375,  0.184035
0.7380,  0.180929
0.7385,  0.182418
0.7390,  0.171688
0.7395,  0.163289
0.7400,  0.152327
0.7405,  0.141176
0.7410,  0.135674
0.7415,  0.135143
0.7420,  0.140568
0.7425,  0.146002
0.7430,  0.150381
0.7435,  0.145044
0.7440,  0.142838
0.7445,  0.138018
0.7450,  0.135422
0.7455,  0.133519
0.7460,  0.129822
0.7465,  0.128643
0.7470,  0.130980
0.7475,  0.128485
0.7480,  0.127236
0.7485,  0.124574
0.7490,  0.125666
0.7495,  0.131737
0.7500,  0.135988
0.7505,  0.137481
0.7510,  0.135785
0.7515,  0.132373
0.7520,  0.130139
0.7525,  0.124507
0.7530,  0.118359
0.7535,  0.116699
0.7540,  0.116370
0.7545,  0.115102
0.7550,  0.114928
0.7555,  0.117494
0.7560,  0.119917
0.7565,  0.117767
0.7570,  0.123292
0.7575,  0.144581
0.7580,  0.202814
0.7585,  0.303802
0.7590,  0.452128
0.7595,  0.610657
0.7600,  0.724543
0.7605,  0.758686
0.7610,  0.738447
0.7615,  0.713278
0.7620,  0.716138
0.7625,  0.713538
0.7630,  0.694677
0.7635,  0.641955
0.7640,  0.574248
0.7645,  0.505298
0.7650,  0.435468
0.7655,  0.363542
0.7660,  0.305806
0.7665,  0.255383
0.7670,  0.212860
0.7675,  0.189256
0.7680,  0.174416
0.7685,  0.164950
0.7690,  0.163645
0.7695,  0.157889
0.7700,  0.153595
0.7705,  0.146430
0.7710,  0.139233
0.7715,  0.136382
0.7720,  0.130825
0.7725,  0.119631
0.7730,  0.118592
0.7735,  0.115705
0.7740,  0.116588
0.7745,  0.117601
0.7750,  0.115385
0.7755,  0.116879
0.7760,  0.119724
0.7765,  0.119702
0.7770,  0.121931
0.7775,  0.117838
0.7780,  0.116848
0.7785,  0.117446
0.7790,  0.113188
0.7795,  0.108346
0.7800,  0.109709
0.7805,  0.108449
0.7810,  0.109520
0.7815,  0.116766
0.7820,  0.124287
0.7825,  0.125011
0.7830,  0.122752
0.7835,  0.124310
0.7840,  0.118582
0.7845,  0.118057
0.7850,  0.119515
0.7855,  0.120316
0.7860,  0.124587
0.7865,  0.136829
0.7870,  0.147337
0.7875,  0.153704
0.7880,  0.163311
0.7885,  0.171438
0.7890,  0.170727
0.7895,  0.169197
0.7900,  0.160478
0.7905,  0.156595
0.7910,  0.153440
0.7915,  0.155141
0.7920,  0.157072
0.7925,  0.157302
0.7930,  0.166206
0.7935,  0.164288
0.7940,  0.153984
0.7945,  0.153741
0.7950,  0.147851
0.7955,  0.150498
0.7960,  0.151129
0.7965,  0.151177
0.7970,  0.149303
0.7975,  0.145720
0.7980,  0.144816
0.7985,  0.147557
0.7990,  0.148575
0.7995,  0.157127
0.8000,  0.168553
0.8005,  0.177515
0.8010,  0.179916
0.8015,  0.167792
0.8020,  0.162710
0.8025,  0.152776
0.8030,  0.140979
0.8035,  0.137027
0.8040,  0.137036
0.8045,  0.143245
0.8050,  0.140550
0.8055,  0.138850
0.8060,  0.142504
0.8065,  0.151897
0.8070,  0.151367
0.8075,  0.143435
0.8080,  0.139404
0.8085,  0.131164
0.8090,  0.133442
0.8095,  0.143491
0.8100,  0.161202
0.8105,  0.176770
0.8110,  0.193205
0.8115,  0.215407
0.8120,  0.238324
0.8125,  0.271071
0.8130,  0.296146
0.8135,  0.317708
0.8140,  0.336849
0.8145,  0.358806
0.8150,  0.370065
0.8155,  0.380767
0.8160,  0.385703
0.8165,  0.399950
0.8170,  0.400381
0.8175,  0.395169
0.8180,  0.378091
0.8185,  0.362713
0.8190,  0.320279
0.8195,  0.289760
0.8200,  0.267171
0.8205,  0.257481
0.8210,  0.274396
0.8215,  0.314992
0.8220,  0.364605
0.8225,  0.382865
0.8230,  0.366875
0.8235,  0.333269
0.8240,  0.295899
0.8245,  0.275934
0.8250,  0.263719
0.8255,  0.260998
0.8260,  0.261065
0.8265,  0.269884
0.8270,  0.280446
0.8275,  0.284970
0.8280,  0.293764
0.8285,  0.288474
0.8290,  0.289262
0.8295,  0.279234
0.8300,  0.268959
0.8305,  0.258155
0.8310,  0.250473
0.8315,  0.245502
0.8320,  0.235771
0.8325,  0.226015
0.8330,  0.207544
0.8335,  0.197624
0.8340,  0.190547
0.8345,  0.187592
0.8350,  0.190801
0.8355,  0.191993
0.8360,  0.187310
0.8365,  0.183942
0.8370,  0.172758
0.8375,  0.155016
0.8380,  0.137586
0.8385,  0.127227
0.8390,  0.125914
0.8395,  0.131129
0.8400,  0.144220
0.8405,  0.143715
0.8410,  0.146465
0.8415,  0.142102
0.8420,  0.139397
0.8425,  0.131266
0.8430,  0.116093
0.8435,  0.107568
0.8440,  0.102636
0.8445,  0.100237
0.8450,  0.099743
0.8455,  0.106760
0.8460,  0.111628
0.8465,  0.116050
0.8470,  0.119953
0.8475,  0.124192
0.8480,  0.130725
0.8485,  0.126776
0.8490,  0.119458
0.8495,  0.113329
0.8500,  0.104484
0.8505,  0.097724
0.8510,  0.095196
0.8515,  0.109711
0.8520,  0.137220
0.8525,  0.141322
0.8530,  0.147320
0.8535,  0.137485
0.8540,  0.107050
0.8545,  0.100795
0.8550,  0.090935
0.8555,  0.089718
0.8560,  0.088028
0.8565,  0.072098
0.8570,  0.070796
0.8575,  0.082230
0.8580,  0.100851
0.8585,  0.110003
0.8590,  0.125245
0.8595,  0.124022
0.8600,  0.117685
0.8605,  0.113322
0.8610,  0.099075
0.8615,  0.094876
0.8620,  0.094524
0.8625,  0.086977
0.8630,  0.084847
0.8635,  0.095554
0.8640,  0.114805
0.8645,  0.116935
0.8650,  0.119559
0.8655,  0.111587
0.8660,  0.084834
0.8665,  0.071693
0.8670,  0.057332
0.8675,  0.052890
0.8680,  0.054973
0.8685,  0.059228
0.8690,  0.075447
0.8695,  0.096966
0.8700,  0.112865
0.8705,  0.112651
0.8710,  0.114166
0.8715,  0.112560
0.8720,  0.106956
0.8725,  0.099532
0.8730,  0.091882
0.8735,  0.086960
0.8740,  0.076927
0.8745,  0.075685
0.8750,  0.091749
0.8755,  0.103249
0.8760,  0.115513
0.8765,  0.123523
0.8770,  0.115216
0.8775,  0.116454
0.8780,  0.106015
0.8785,  0.101929
0.8790,  0.093613
0.8795,  0.093148
0.8800,  0.080291
0.8805,  0.072277
0.8810,  0.072119
0.8815,  0.086236
0.8820,  0.097447
0.8825,  0.107597
0.8830,  0.114136
0.8835,  0.102415
0.8840,  0.097372
0.8845,  0.101386
0.8850,  0.094953
0.8855,  0.090721
0.8860,  0.095341
0.8865,  0.104641
0.8870,  0.109700
0.8875,  0.116684
0.8880,  0.118536
0.8885,  0.121099
0.8890,  0.119177
0.8895,  0.112590
0.8900,  0.111748
