0.3500,  0.387289
0.3505,  0.433320
0.3510,  0.396544
0.3515,  0.358963
0.3520,  0.312965
0.3525,  0.271664
0.3530,  0.309784
0.3535,  0.349144
0.3540,  0.368066
0.3545,  0.397038
0.3550,  0.384748
0.3555,  0.377970
0.3560,  0.335524
0.3565,  0.301919
0.3570,  0.276882
0.3575,  0.232770
0.3580,  0.187677
0.3585,  0.131174
0.3590,  0.293594
0.3595,  0.429287
0.3600,  0.415171
0.3605,  0.405838
0.3610,  0.360571
0.3615,  0.306824
0.3620,  0.347338
0.3625,  0.379066
0.3630,  0.360897
0.3635,  0.343326
0.3640,  0.324033
0.3645,  0.296294
0.3650,  0.320230
0.3655,  0.337971
0.3660,  0.338377
0.3665,  0.350035
0.3670,  0.322790
0.3675,  0.300716
0.3680,  0.268262
0.3685,  0.232196
0.3690,  0.273612
0.3695,  0.312965
0.3700,  0.282496
0.3705,  0.250960
0.3710,  0.269486
0.3715,  0.293948
0.3720,  0.263954
0.3725,  0.237734
0.3730,  0.209202
0.3735,  0.174025
0.3740,  0.184313
0.3745,  0.193331
0.3750,  0.277302
0.3755,  0.344120
0.3760,  0.337796
0.3765,  0.318083
0.3770,  0.356977
0.3775,  0.387888
0.3780,  0.370671
0.3785,  0.366942
0.3790,  0.272206
0.3795,  0.171242
0.3800,  0.223097
0.3805,  0.277817
0.3810,  0.252179
0.3815,  0.242004
0.3820,  0.171025
0.3825,  0.085631
0.3830,  0.080943
0.3835,  0.054748
0.3840,  0.218674
0.3845,  0.337404
0.3850,  0.341207
0.3855,  0.345781
0.3860,  0.329905
0.3865,  0.314453
0.3870,  0.303412
0.3875,  0.295299
0.3880,  0.275104
0.3885,  0.249535
0.3890,  0.306634
0.3895,  0.346758
0.3900,  0.337640
0.3905,  0.328131
0.3910,  0.335211
0.3915,  0.358752
0.3920,  0.264501
0.3925,  0.172385
0.3930,  0.012314
0.3935,  -0.216193
0.3940,  0.074988
0.3945,  0.279862
0.3950,  0.380303
0.3955,  0.474002
0.3960,  0.318122
0.3965,  0.125627
0.3970,  0.150942
0.3975,  0.146371
0.3980,  0.320090
0.3985,  0.432649
0.3990,  0.402310
0.3995,  0.380344
0.4000,  0.334570
0.4005,  0.292386
0.4010,  0.273483
0.4015,  0.265010
0.4020,  0.247767
0.4025,  0.237594
0.4030,  0.214149
0.4035,  0.193296
0.4040,  0.187092
0.4045,  0.185628
0.4050,  0.187850
0.4055,  0.189369
0.4060,  0.174639
0.4065,  0.160202
0.4070,  0.173377
0.4075,  0.184329
0.4080,  0.210019
0.4085,  0.232230
0.4090,  0.226349
0.4095,  0.223322
0.4100,  0.178581
0.4105,  0.126773
0.4110,  0.192302
0.4115,  0.250262
0.4120,  0.233172
0.4125,  0.213483
0.4130,  0.196710
0.4135,  0.184955
0.4140,  0.178236
0.4145,  0.169763
0.4150,  0.167110
0.4155,  0.163862
0.4160,  0.185628
0.4165,  0.212932
0.4170,  0.177045
0.4175,  0.136352
0.4180,  0.142654
0.4185,  0.151138
0.4190,  0.158091
0.4195,  0.158291
0.4200,  0.169309
0.4205,  0.180451
0.4210,  0.185638
0.4215,  0.196869
0.4220,  0.151900
0.4225,  0.102415
0.4230,  0.141464
0.4235,  0.176533
0.4240,  0.187579
0.4245,  0.202509
0.4250,  0.187271
0.4255,  0.170656
0.4260,  0.173558
0.4265,  0.180381
0.4270,  0.150976
0.4275,  0.124230
0.4280,  0.138107
0.4285,  0.156241
0.4290,  0.144720
0.4295,  0.138679
0.4300,  0.055854
0.4305,  -0.048197
0.4310,  0.140380
0.4315,  0.280926
0.4320,  0.250565
0.4325,  0.216793
0.4330,  0.215940
0.4335,  0.218200
0.4340,  0.190079
0.4345,  0.162904
0.4350,  0.163093
0.4355,  0.160793
0.4360,  0.197812
0.4365,  0.236799
0.4370,  0.208263
0.4375,  0.186223
0.4380,  0.138027
0.4385,  0.082020
0.4390,  0.148175
0.4395,  0.205742
0.4400,  0.175335
0.4405,  0.140975
0.4410,  0.181703
0.4415,  0.217286
0.4420,  0.215609
0.4425,  0.214454
0.4430,  0.188245
0.4435,  0.165114
0.4440,  0.176371
0.4445,  0.192105
0.4450,  0.161062
0.4455,  0.123463
0.4460,  0.136562
0.4465,  0.146601
0.4470,  0.177900
0.4475,  0.207748
0.4480,  0.180483
0.4485,  0.152243
0.4490,  0.157168
0.4495,  0.158457
0.4500,  0.174453
0.4505,  0.191468
0.4510,  0.182038
0.4515,  0.174909
0.4520,  0.142967
0.4525,  0.114960
0.4530,  0.125973
0.4535,  0.133643
0.4540,  0.139075
0.4545,  0.145309
0.4550,  0.156976
0.4555,  0.167025
0.4560,  0.172359
0.4565,  0.175526
0.4570,  0.174765
0.4575,  0.177326
0.4580,  0.151440
0.4585,  0.128148
0.4590,  0.138769
0.4595,  0.146192
0.4600,  0.151896
0.4605,  0.156551
0.4610,  0.156470
0.4615,  0.155500
0.4620,  0.163041
0.4625,  0.171367
0.4630,  0.156774
0.4635,  0.146359
0.4640,  0.138545
0.4645,  0.131121
0.4650,  0.152653
0.4655,  0.173752
0.4660,  0.150864
0.4665,  0.128046
0.4670,  0.149662
0.4675,  0.166999
0.4680,  0.162067
0.4685,  0.162277
0.4690,  0.165549
0.4695,  0.171547
0.4700,  0.153146
0.4705,  0.129487
0.4710,  0.157641
0.4715,  0.183782
0.4720,  0.182133
0.4725,  0.181363
0.4730,  0.168370
0.4735,  0.154165
0.4740,  0.161963
0.4745,  0.172925
0.4750,  0.166401
0.4755,  0.160070
0.4760,  0.148464
0.4765,  0.137624
0.4770,  0.163630
0.4775,  0.187241
0.4780,  0.169668
0.4785,  0.152029
0.4790,  0.164284
0.4795,  0.173938
0.4800,  0.162155
0.4805,  0.153026
0.4810,  0.162683
0.4815,  0.172382
0.4820,  0.159463
0.4825,  0.148798
0.4830,  0.150435
0.4835,  0.152200
0.4840,  0.148896
0.4845,  0.150845
0.4850,  0.138736
0.4855,  0.127732
0.4860,  0.098508
0.4865,  0.056224
0.4870,  0.108806
0.4875,  0.152935
0.4880,  0.162894
0.4885,  0.170008
0.4890,  0.168093
0.4895,  0.167475
0.4900,  0.169341
0.4905,  0.177227
0.4910,  0.155018
0.4915,  0.132963
0.4920,  0.134208
0.4925,  0.132892
0.4930,  0.128530
0.4935,  0.121134
0.4940,  0.150211
0.4945,  0.180356
0.4950,  0.148533
0.4955,  0.116246
0.4960,  0.133294
0.4965,  0.150944
0.4970,  0.154081
0.4975,  0.159192
0.4980,  0.129305
0.4985,  0.097206
0.4990,  0.123519
0.4995,  0.150715
0.5000,  0.131470
0.5005,  0.110636
0.5010,  0.104582
0.5015,  0.095821
0.5020,  0.114229
0.5025,  0.131659
0.5030,  0.140340
0.5035,  0.146354
0.5040,  0.130077
0.5045,  0.111072
0.5050,  0.130641
0.5055,  0.152051
0.5060,  0.141242
0.5065,  0.133068
0.5070,  0.123071
0.5075,  0.113514
0.5080,  0.116432
0.5085,  0.117759
0.5090,  0.115824
0.5095,  0.114315
0.5100,  0.120302
0.5105,  0.126305
0.5110,  0.136979
0.5115,  0.147699
0.5120,  0.121509
0.5125,  0.095638
0.5130,  0.098716
0.5135,  0.100041
0.5140,  0.107249
0.5145,  0.113541
0.5150,  0.123352
0.5155,  0.137796
0.5160,  0.101078
0.5165,  0.061834
0.5170,  0.088749
0.5175,  0.111883
0.5180,  0.096973
0.5185,  0.074382
0.5190,  0.108834
0.5195,  0.140570
0.5200,  0.130062
0.5205,  0.119860
0.5210,  0.128466
0.5215,  0.139974
0.5220,  0.119008
0.5225,  0.098741
0.5230,  0.112211
0.5235,  0.121187
0.5240,  0.128465
0.5245,  0.139521
0.5250,  0.135733
0.5255,  0.136374
0.5260,  0.088616
0.5265,  0.035909
0.5270,  0.076833
0.5275,  0.109192
0.5280,  0.116634
0.5285,  0.123092
0.5290,  0.120417
0.5295,  0.118263
0.5300,  0.120919
0.5305,  0.124321
0.5310,  0.125681
0.5315,  0.131141
0.5320,  0.094465
0.5325,  0.055452
0.5330,  0.094892
0.5335,  0.128949
0.5340,  0.110490
0.5345,  0.090212
0.5350,  0.114672
0.5355,  0.141443
0.5360,  0.117315
0.5365,  0.092975
0.5370,  0.096784
0.5375,  0.101234
0.5380,  0.107831
0.5385,  0.116707
0.5390,  0.106163
0.5395,  0.095758
0.5400,  0.087109
0.5405,  0.076807
0.5410,  0.102105
0.5415,  0.124259
0.5420,  0.109606
0.5425,  0.095487
0.5430,  0.107361
0.5435,  0.118101
0.5440,  0.116733
0.5445,  0.115965
0.5450,  0.119929
0.5455,  0.123747
0.5460,  0.118638
0.5465,  0.114571
0.5470,  0.104699
0.5475,  0.095411
0.5480,  0.102570
0.5485,  0.107773
0.5490,  0.112781
0.5495,  0.119212
0.5500,  0.112283
0.5505,  0.105673
0.5510,  0.108451
0.5515,  0.110870
0.5520,  0.105982
0.5525,  0.101649
0.5530,  0.110617
0.5535,  0.117789
0.5540,  0.120094
0.5545,  0.121032
0.5550,  0.121675
0.5555,  0.124738
0.5560,  0.111791
0.5565,  0.099583
0.5570,  0.109320
0.5575,  0.120120
0.5580,  0.110535
0.5585,  0.101110
0.5590,  0.107955
0.5595,  0.112639
0.5600,  0.117243
0.5605,  0.121697
0.5610,  0.115666
0.5615,  0.110640
0.5620,  0.117399
0.5625,  0.124899
0.5630,  0.127941
0.5635,  0.130072
0.5640,  0.129760
0.5645,  0.132046
0.5650,  0.122834
0.5655,  0.111424
0.5660,  0.116453
0.5665,  0.121731
0.5670,  0.133932
0.5675,  0.146716
0.5680,  0.130474
0.5685,  0.115627
0.5690,  0.130202
0.5695,  0.144447
0.5700,  0.126312
0.5705,  0.105605
0.5710,  0.116724
0.5715,  0.123398
0.5720,  0.131769
0.5725,  0.140515
0.5730,  0.132770
0.5735,  0.129412
0.5740,  0.129988
0.5745,  0.130686
0.5750,  0.124144
0.5755,  0.116503
0.5760,  0.120570
0.5765,  0.124262
0.5770,  0.127461
0.5775,  0.132871
0.5780,  0.116287
0.5785,  0.098576
0.5790,  0.106168
0.5795,  0.112333
0.5800,  0.111529
0.5805,  0.112125
0.5810,  0.114154
0.5815,  0.117113
0.5820,  0.121071
0.5825,  0.124829
0.5830,  0.120781
0.5835,  0.118303
0.5840,  0.119591
0.5845,  0.124355
0.5850,  0.111820
0.5855,  0.097386
0.5860,  0.111279
0.5865,  0.124919
0.5870,  0.133027
0.5875,  0.146293
0.5880,  0.140681
0.5885,  0.135420
0.5890,  0.114185
0.5895,  0.082811
0.5900,  0.132435
0.5905,  0.175025
0.5910,  0.162885
0.5915,  0.149297
0.5920,  0.146238
0.5925,  0.145458
0.5930,  0.140050
0.5935,  0.140265
0.5940,  0.139636
0.5945,  0.137807
0.5950,  0.141738
0.5955,  0.141532
0.5960,  0.143433
0.5965,  0.147549
0.5970,  0.140264
0.5975,  0.133437
0.5980,  0.126551
0.5985,  0.121856
0.5990,  0.128625
0.5995,  0.135942
0.6000,  0.131071
0.6005,  0.127068
0.6010,  0.130239
0.6015,  0.131655
0.6020,  0.120837
0.6025,  0.109586
0.6030,  0.122611
0.6035,  0.136754
0.6040,  0.135303
0.6045,  0.135021
0.6050,  0.133020
0.6055,  0.128654
0.6060,  0.126369
0.6065,  0.126555
0.6070,  0.128707
0.6075,  0.131364
0.6080,  0.131277
0.6085,  0.133323
0.6090,  0.138695
0.6095,  0.142255
0.6100,  0.131703
0.6105,  0.120129
0.6110,  0.129295
0.6115,  0.138649
0.6120,  0.129357
0.6125,  0.122538
0.6130,  0.122183
0.6135,  0.119837
0.6140,  0.130889
0.6145,  0.142082
0.6150,  0.146090
0.6155,  0.151156
0.6160,  0.128891
0.6165,  0.101690
0.6170,  0.125350
0.6175,  0.148150
0.6180,  0.152199
0.6185,  0.155512
0.6190,  0.151943
0.6195,  0.147575
0.6200,  0.152904
0.6205,  0.158297
0.6210,  0.147937
0.6215,  0.138734
0.6220,  0.147021
0.6225,  0.155472
0.6230,  0.147700
0.6235,  0.141691
0.6240,  0.144440
0.6245,  0.145211
0.6250,  0.141412
0.6255,  0.134833
0.6260,  0.148864
0.6265,  0.165172
0.6270,  0.167818
0.6275,  0.170471
0.6280,  0.174878
0.6285,  0.179508
0.6290,  0.178853
0.6295,  0.177166
0.6300,  0.172747
0.6305,  0.165399
0.6310,  0.156437
0.6315,  0.154207
0.6320,  0.153004
0.6325,  0.152885
0.6330,  0.153707
0.6335,  0.156598
0.6340,  0.160373
0.6345,  0.165177
0.6350,  0.167477
0.6355,  0.168208
0.6360,  0.168122
0.6365,  0.163211
0.6370,  0.158259
0.6375,  0.155422
0.6380,  0.155142
0.6385,  0.155600
0.6390,  0.158551
0.6395,  0.160360
0.6400,  0.160139
0.6405,  0.155995
0.6410,  0.151687
0.6415,  0.152617
0.6420,  0.152111
0.6425,  0.148886
0.6430,  0.146020
0.6435,  0.147967
0.6440,  0.150932
0.6445,  0.156422
0.6450,  0.163995
0.6455,  0.168849
0.6460,  0.174886
0.6465,  0.179026
0.6470,  0.179442
0.6475,  0.177163
0.6480,  0.175931
0.6485,  0.171587
0.6490,  0.165693
0.6495,  0.169216
0.6500,  0.172631
0.6505,  0.177703
0.6510,  0.184437
0.6515,  0.183094
0.6520,  0.184386
0.6525,  0.179412
0.6530,  0.178139
0.6535,  0.169782
0.6540,  0.167317
0.6545,  0.173058
0.6550,  0.183117
0.6555,  0.186253
0.6560,  0.174715
0.6565,  0.149922
0.6570,  0.114344
0.6575,  0.122432
0.6580,  0.133138
0.6585,  0.146059
0.6590,  0.161844
0.6595,  0.155984
0.6600,  0.150630
0.6605,  0.146104
0.6610,  0.144122
0.6615,  0.138867
0.6620,  0.135680
0.6625,  0.136345
0.6630,  0.137706
0.6635,  0.141221
0.6640,  0.143420
0.6645,  0.146668
0.6650,  0.149292
0.6655,  0.147871
0.6660,  0.145597
0.6665,  0.142537
0.6670,  0.140799
0.6675,  0.142648
0.6680,  0.140561
0.6685,  0.140933
0.6690,  0.142073
0.6695,  0.139166
0.6700,  0.140175
0.6705,  0.142390
0.6710,  0.145918
0.6715,  0.151184
0.6720,  0.153152
0.6725,  0.154471
0.6730,  0.154997
0.6735,  0.151151
0.6740,  0.148313
0.6745,  0.143829
0.6750,  0.141778
0.6755,  0.142266
0.6760,  0.144831
0.6765,  0.148270
0.6770,  0.149844
0.6775,  0.150885
0.6780,  0.152075
0.6785,  0.152906
0.6790,  0.151845
0.6795,  0.151417
0.6800,  0.150697
0.6805,  0.147712
0.6810,  0.146328
0.6815,  0.149047
0.6820,  0.153842
0.6825,  0.157202
0.6830,  0.161931
0.6835,  0.164611
0.6840,  0.164753
0.6845,  0.167018
0.6850,  0.172674
0.6855,  0.193289
0.6860,  0.224989
0.6865,  0.258374
0.6870,  0.282082
0.6875,  0.291013
0.6880,  0.293592
0.6885,  0.289790
0.6890,  0.286678
0.6895,  0.281928
0.6900,  0.275416
0.6905,  0.265002
0.6910,  0.251861
0.6915,  0.242108
0.6920,  0.237299
0.6925,  0.238403
0.6930,  0.242010
0.6935,  0.243217
0.6940,  0.245086
0.6945,  0.243921
0.6950,  0.241944
0.6955,  0.236127
0.6960,  0.225194
0.6965,  0.217048
0.6970,  0.213448
0.6975,  0.216705
0.6980,  0.221623
0.6985,  0.227303
0.6990,  0.231747
0.6995,  0.232213
0.7000,  0.231098
0.7005,  0.232393
0.7010,  0.235355
0.7015,  0.239107
0.7020,  0.240906
0.7025,  0.241508
0.7030,  0.240607
0.7035,  0.236470
0.7040,  0.233485
0.7045,  0.234190
0.7050,  0.234154
0.7055,  0.228727
0.7060,  0.224262
0.7065,  0.222956
0.7070,  0.221730
0.7075,  0.225309
0.7080,  0.226454
0.7085,  0.225698
0.7090,  0.225518
0.7095,  0.223817
0.7100,  0.218610
0.7105,  0.216159
0.7110,  0.217838
0.7115,  0.214309
0.7120,  0.212312
0.7125,  0.214230
0.7130,  0.215887
0.7135,  0.220560
0.7140,  0.225631
0.7145,  0.232239
0.7150,  0.240285
0.7155,  0.258188
0.7160,  0.291246
0.7165,  0.327323
0.7170,  0.369725
0.7175,  0.409034
0.7180,  0.443132
0.7185,  0.464009
0.7190,  0.474799
0.7195,  0.478104
0.7200,  0.464195
0.7205,  0.433045
0.7210,  0.400765
0.7215,  0.370761
0.7220,  0.363802
0.7225,  0.370166
0.7230,  0.389657
0.7235,  0.411544
0.7240,  0.432956
0.7245,  0.445074
0.7250,  0.453026
0.7255,  0.459305
0.7260,  0.458675
0.7265,  0.457388
0.7270,  0.450954
0.7275,  0.439789
0.7280,  0.435410
0.7285,  0.427043
0.7290,  0.420618
0.7295,  0.419101
0.7300,  0.419539
0.7305,  0.417489
0.7310,  0.411679
0.7315,  0.398068
0.7320,  0.377425
0.7325,  0.353614
0.7330,  0.331981
0.7335,  0.310434
0.7340,  0.296287
0.7345,  0.287832
0.7350,  0.285551
0.7355,  0.285850
0.7360,  0.286941
0.7365,  0.286873
0.7370,  0.284498
0.7375,  0.277293
0.7380,  0.274237
0.7385,  0.272142
0.7390,  0.260723
0.7395,  0.252455
0.7400,  0.246963
0.7405,  0.240559
0.7410,  0.237421
0.7415,  0.240281
0.7420,  0.242017
0.7425,  0.246001
0.7430,  0.253452
0.7435,  0.256143
0.7440,  0.250583
0.7445,  0.249133
0.7450,  0.243933
0.7455,  0.238670
0.7460,  0.234557
0.7465,  0.238310
0.7470,  0.240880
0.7475,  0.241712
0.7480,  0.245617
0.7485,  0.249399
0.7490,  0.252692
0.7495,  0.255636
0.7500,  0.253703
0.7505,  0.256752
0.7510,  0.254068
0.7515,  0.248459
0.7520,  0.246971
0.7525,  0.246111
0.7530,  0.249376
0.7535,  0.253711
0.7540,  0.251747
0.7545,  0.252523
0.7550,  0.255164
0.7555,  0.252883
0.7560,  0.246938
0.7565,  0.242968
0.7570,  0.241067
0.7575,  0.249260
0.7580,  0.278494
0.7585,  0.344097
0.7590,  0.465736
0.7595,  0.645071
0.7600,  0.842084
0.7605,  0.991782
0.7610,  1.029347
0.7615,  0.997388
0.7620,  0.961337
0.7625,  0.944558
0.7630,  0.922722
0.7635,  0.874358
0.7640,  0.813579
0.7645,  0.743668
0.7650,  0.672252
0.7655,  0.603858
0.7660,  0.535668
0.7665,  0.467893
0.7670,  0.411211
0.7675,  0.374972
0.7680,  0.342999
0.7685,  0.320760
0.7690,  0.306744
0.7695,  0.297931
0.7700,  0.292089
0.7705,  0.291716
0.7710,  0.289008
0.7715,  0.295466
0.7720,  0.299887
0.7725,  0.298670
0.7730,  0.300389
0.7735,  0.288585
0.7740,  0.283055
0.7745,  0.277360
0.7750,  0.272289
0.7755,  0.271379
0.7760,  0.274179
0.7765,  0.282001
0.7770,  0.291451
0.7775,  0.295710
0.7780,  0.294227
0.7785,  0.293135
0.7790,  0.288146
0.7795,  0.286674
0.7800,  0.282740
0.7805,  0.280791
0.7810,  0.283317
0.7815,  0.282529
0.7820,  0.283270
0.7825,  0.290678
0.7830,  0.296868
0.7835,  0.301999
0.7840,  0.307011
0.7845,  0.306105
0.7850,  0.301907
0.7855,  0.296985
0.7860,  0.294895
0.7865,  0.299057
0.7870,  0.302931
0.7875,  0.311662
0.7880,  0.323274
0.7885,  0.332130
0.7890,  0.341432
0.7895,  0.345205
0.7900,  0.342233
0.7905,  0.338778
0.7910,  0.334043
0.7915,  0.334476
0.7920,  0.330486
0.7925,  0.329080
0.7930,  0.327886
0.7935,  0.328922
0.7940,  0.333396
0.7945,  0.344022
0.7950,  0.353678
0.7955,  0.363578
0.7960,  0.369833
0.7965,  0.373034
0.7970,  0.364701
0.7975,  0.358317
0.7980,  0.353663
0.7985,  0.354839
0.7990,  0.353359
0.7995,  0.361418
0.8000,  0.371118
0.8005,  0.378459
0.8010,  0.384265
0.8015,  0.384062
0.8020,  0.374894
0.8025,  0.365640
0.8030,  0.360706
0.8035,  0.364715
0.8040,  0.369913
0.8045,  0.378384
0.8050,  0.377660
0.8055,  0.369396
0.8060,  0.368192
0.8065,  0.368308
0.8070,  0.374350
0.8075,  0.369163
0.8080,  0.356609
0.8085,  0.349317
0.8090,  0.345635
0.8095,  0.348530
0.8100,  0.358467
0.8105,  0.375242
0.8110,  0.397248
0.8115,  0.418435
0.8120,  0.450079
0.8125,  0.484317
0.8130,  0.513991
0.8135,  0.539739
0.8140,  0.566363
0.8145,  0.582252
0.8150,  0.613217
0.8155,  0.659892
0.8160,  0.686765
0.8165,  0.685325
0.8170,  0.688269
0.8175,  0.692201
0.8180,  0.677819
0.8185,  0.656954
0.8190,  0.622908
0.8195,  0.589366
0.8200,  0.560087
0.8205,  0.541673
0.8210,  0.551560
0.8215,  0.579685
0.8220,  0.638392
0.8225,  0.695667
0.8230,  0.706648
0.8235,  0.685748
0.8240,  0.633217
0.8245,  0.578911
0.8250,  0.539930
0.8255,  0.524470
0.8260,  0.521463
0.8265,  0.532907
0.8270,  0.553019
0.8275,  0.582707
0.8280,  0.611729
0.8285,  0.620169
0.8290,  0.613229
0.8295,  0.597330
0.8300,  0.576629
0.8305,  0.557837
0.8310,  0.553951
0.8315,  0.551649
0.8320,  0.548108
0.8325,  0.544624
0.8330,  0.546527
0.8335,  0.548037
0.8340,  0.535204
0.8345,  0.521689
0.8350,  0.508119
0.8355,  0.497777
0.8360,  0.480466
0.8365,  0.464539
0.8370,  0.455992
0.8375,  0.459415
0.8380,  0.468241
0.8385,  0.470160
0.8390,  0.472878
0.8395,  0.467109
0.8400,  0.457984
0.8405,  0.451489
0.8410,  0.444192
0.8415,  0.440155
0.8420,  0.424827
0.8425,  0.420771
0.8430,  0.420064
0.8435,  0.427259
0.8440,  0.434399
0.8445,  0.437146
0.8450,  0.434915
0.8455,  0.433950
0.8460,  0.428674
0.8465,  0.420178
0.8470,  0.412254
0.8475,  0.426220
0.8480,  0.444910
0.8485,  0.449519
0.8490,  0.462811
0.8495,  0.478878
0.8500,  0.477659
0.8505,  0.483576
0.8510,  0.481119
0.8515,  0.460734
0.8520,  0.452653
0.8525,  0.431466
0.8530,  0.439036
0.8535,  0.451381
0.8540,  0.475777
0.8545,  0.518198
0.8550,  0.530646
0.8555,  0.523703
0.8560,  0.517279
0.8565,  0.499190
0.8570,  0.490955
0.8575,  0.473788
0.8580,  0.468492
0.8585,  0.467343
0.8590,  0.475504
0.8595,  0.477707
0.8600,  0.481418
0.8605,  0.486686
0.8610,  0.496804
0.8615,  0.504412
0.8620,  0.505860
0.8625,  0.493022
0.8630,  0.483900
0.8635,  0.493743
0.8640,  0.504035
0.8645,  0.501417
0.8650,  0.516312
0.8655,  0.534352
0.8660,  0.555555
0.8665,  0.565251
0.8670,  0.548410
0.8675,  0.535543
0.8680,  0.534647
0.8685,  0.532405
0.8690,  0.540931
0.8695,  0.541248
0.8700,  0.546409
0.8705,  0.543332
0.8710,  0.562521
0.8715,  0.569406
0.8720,  0.573789
0.8725,  0.571436
0.8730,  0.566784
0.8735,  0.565836
0.8740,  0.575022
0.8745,  0.580756
0.8750,  0.577667
0.8755,  0.570855
0.8760,  0.584570
0.8765,  0.590350
0.8770,  0.582476
0.8775,  0.579284
0.8780,  0.590863
0.8785,  0.586230
0.8790,  0.588363
0.8795,  0.589002
0.8800,  0.590487
0.8805,  0.603117
0.8810,  0.611356
0.8815,  0.622586
0.8820,  0.632791
0.8825,  0.636225
0.8830,  0.619985
0.8835,  0.622816
0.8840,  0.617196
0.8845,  0.598912
0.8850,  0.597510
0.8855,  0.614254
0.8860,  0.629885
0.8865,  0.662142
0.8870,  0.695103
0.8875,  0.692825
0.8880,  0.675885
0.8885,  0.675607
0.8890,  0.664275
0.8895,  0.659220
0.8900,  0.671505
