0.3500,  1.318495
0.3505,  1.364518
0.3510,  1.318040
0.3515,  1.269212
0.3520,  1.241703
0.3525,  1.177231
0.3530,  1.182534
0.3535,  1.165304
0.3540,  1.151983
0.3545,  1.149529
0.3550,  1.094112
0.3555,  1.062098
0.3560,  1.037704
0.3565,  1.021197
0.3570,  1.026794
0.3575,  1.039684
0.3580,  1.055825
0.3585,  1.028151
0.3590,  1.211968
0.3595,  1.331463
0.3600,  1.315049
0.3605,  1.277733
0.3610,  1.208355
0.3615,  1.104570
0.3620,  1.105018
0.3625,  1.099013
0.3630,  1.061010
0.3635,  1.035743
0.3640,  0.997920
0.3645,  0.958329
0.3650,  0.962856
0.3655,  0.976133
0.3660,  0.961156
0.3665,  0.938090
0.3670,  0.875860
0.3675,  0.833290
0.3680,  0.783949
0.3685,  0.728209
0.3690,  0.758202
0.3695,  0.797173
0.3700,  0.771945
0.3705,  0.746631
0.3710,  0.772858
0.3715,  0.796809
0.3720,  0.774761
0.3725,  0.759549
0.3730,  0.738832
0.3735,  0.722171
0.3740,  0.759882
0.3745,  0.777430
0.3750,  0.856449
0.3755,  0.906374
0.3760,  0.877333
0.3765,  0.831593
0.3770,  0.843917
0.3775,  0.854488
0.3780,  0.823495
0.3785,  0.814559
0.3790,  0.716254
0.3795,  0.614287
0.3800,  0.678586
0.3805,  0.751745
0.3810,  0.739924
0.3815,  0.739742
0.3820,  0.668517
0.3825,  0.587688
0.3830,  0.603314
0.3835,  0.599078
0.3840,  0.793744
0.3845,  0.934727
0.3850,  0.947257
0.3855,  0.953304
0.3860,  0.937037
0.3865,  0.919063
0.3870,  0.892319
0.3875,  0.866293
0.3880,  0.827398
0.3885,  0.776713
0.3890,  0.807456
0.3895,  0.822123
0.3900,  0.786640
0.3905,  0.758277
0.3910,  0.754972
0.3915,  0.777028
0.3920,  0.689092
0.3925,  0.614807
0.3930,  0.476310
0.3935,  0.268787
0.3940,  0.597887
0.3945,  0.805578
0.3950,  0.896039
0.3955,  0.982321
0.3960,  0.804494
0.3965,  0.586230
0.3970,  0.591126
0.3975,  0.561577
0.3980,  0.719059
0.3985,  0.818713
0.3990,  0.772500
0.3995,  0.737465
0.4000,  0.679035
0.4005,  0.622353
0.4010,  0.587747
0.4015,  0.567972
0.4020,  0.542485
0.4025,  0.525340
0.4030,  0.493359
0.4035,  0.463945
0.4040,  0.453236
0.4045,  0.447484
0.4050,  0.442983
0.4055,  0.443956
0.4060,  0.431180
0.4065,  0.415711
0.4070,  0.429580
0.4075,  0.441301
0.4080,  0.469920
0.4085,  0.493884
0.4090,  0.484428
0.4095,  0.481912
0.4100,  0.432402
0.4105,  0.373244
0.4110,  0.441857
0.4115,  0.500465
0.4120,  0.480591
0.4125,  0.459653
0.4130,  0.441515
0.4135,  0.428259
0.4140,  0.419822
0.4145,  0.409654
0.4150,  0.404824
0.4155,  0.402441
0.4160,  0.424119
0.4165,  0.446893
0.4170,  0.402618
0.4175,  0.356412
0.4180,  0.363322
0.4185,  0.375265
0.4190,  0.386329
0.4195,  0.389590
0.4200,  0.408950
0.4205,  0.424053
0.4210,  0.429029
0.4215,  0.439332
0.4220,  0.388745
0.4225,  0.331151
0.4230,  0.366993
0.4235,  0.403004
0.4240,  0.417130
0.4245,  0.433168
0.4250,  0.417540
0.4255,  0.403705
0.4260,  0.406646
0.4265,  0.411645
0.4270,  0.379855
0.4275,  0.351888
0.4280,  0.362316
0.4285,  0.380547
0.4290,  0.366317
0.4295,  0.361179
0.4300,  0.283451
0.4305,  0.180172
0.4310,  0.386250
0.4315,  0.544344
0.4320,  0.518054
0.4325,  0.475056
0.4330,  0.471446
0.4335,  0.470327
0.4340,  0.435420
0.4345,  0.401115
0.4350,  0.398035
0.4355,  0.394120
0.4360,  0.427198
0.4365,  0.456634
0.4370,  0.418453
0.4375,  0.388936
0.4380,  0.334675
0.4385,  0.273923
0.4390,  0.343646
0.4395,  0.406282
0.4400,  0.375565
0.4405,  0.339773
0.4410,  0.381104
0.4415,  0.416930
0.4420,  0.413286
0.4425,  0.407820
0.4430,  0.377637
0.4435,  0.352994
0.4440,  0.362275
0.4445,  0.374166
0.4450,  0.340013
0.4455,  0.304341
0.4460,  0.321329
0.4465,  0.333479
0.4470,  0.367826
0.4475,  0.400254
0.4480,  0.373095
0.4485,  0.339002
0.4490,  0.339763
0.4495,  0.339261
0.4500,  0.352499
0.4505,  0.368982
0.4510,  0.361063
0.4515,  0.353004
0.4520,  0.322425
0.4525,  0.295841
0.4530,  0.310781
0.4535,  0.320562
0.4540,  0.325979
0.4545,  0.328513
0.4550,  0.338838
0.4555,  0.347156
0.4560,  0.349158
0.4565,  0.346451
0.4570,  0.344290
0.4575,  0.347345
0.4580,  0.323876
0.4585,  0.297570
0.4590,  0.308173
0.4595,  0.315110
0.4600,  0.321169
0.4605,  0.324977
0.4610,  0.323193
0.4615,  0.322314
0.4620,  0.328350
0.4625,  0.334611
0.4630,  0.316235
0.4635,  0.303549
0.4640,  0.294737
0.4645,  0.286514
0.4650,  0.312208
0.4655,  0.336724
0.4660,  0.313180
0.4665,  0.290526
0.4670,  0.314976
0.4675,  0.336957
0.4680,  0.333477
0.4685,  0.333092
0.4690,  0.332214
0.4695,  0.334462
0.4700,  0.313325
0.4705,  0.288704
0.4710,  0.317523
0.4715,  0.346595
0.4720,  0.342116
0.4725,  0.338287
0.4730,  0.326236
0.4735,  0.313493
0.4740,  0.322282
0.4745,  0.332248
0.4750,  0.322144
0.4755,  0.310654
0.4760,  0.292529
0.4765,  0.275552
0.4770,  0.301004
0.4775,  0.323373
0.4780,  0.302818
0.4785,  0.283526
0.4790,  0.295946
0.4795,  0.306255
0.4800,  0.292784
0.4805,  0.283051
0.4810,  0.292526
0.4815,  0.299855
0.4820,  0.283431
0.4825,  0.272825
0.4830,  0.274098
0.4835,  0.276561
0.4840,  0.274445
0.4845,  0.275835
0.4850,  0.259283
0.4855,  0.246519
0.4860,  0.216177
0.4865,  0.173294
0.4870,  0.230061
0.4875,  0.277228
0.4880,  0.288900
0.4885,  0.296470
0.4890,  0.292766
0.4895,  0.289878
0.4900,  0.288677
0.4905,  0.292494
0.4910,  0.265465
0.4915,  0.240575
0.4920,  0.240957
0.4925,  0.238117
0.4930,  0.232296
0.4935,  0.223833
0.4940,  0.255284
0.4945,  0.286467
0.4950,  0.251663
0.4955,  0.218364
0.4960,  0.237436
0.4965,  0.254686
0.4970,  0.255799
0.4975,  0.259412
0.4980,  0.227039
0.4985,  0.193161
0.4990,  0.220068
0.4995,  0.247334
0.5000,  0.226480
0.5005,  0.204882
0.5010,  0.199261
0.5015,  0.190006
0.5020,  0.209636
0.5025,  0.228904
0.5030,  0.237398
0.5035,  0.245068
0.5040,  0.229601
0.5045,  0.208440
0.5050,  0.229654
0.5055,  0.251945
0.5060,  0.238175
0.5065,  0.226225
0.5070,  0.213444
0.5075,  0.201395
0.5080,  0.205106
0.5085,  0.207687
0.5090,  0.207747
0.5095,  0.205848
0.5100,  0.210209
0.5105,  0.214472
0.5110,  0.223744
0.5115,  0.232880
0.5120,  0.204714
0.5125,  0.180110
0.5130,  0.184531
0.5135,  0.187649
0.5140,  0.195388
0.5145,  0.202993
0.5150,  0.213105
0.5155,  0.227551
0.5160,  0.186308
0.5165,  0.144375
0.5170,  0.173835
0.5175,  0.199443
0.5180,  0.184790
0.5185,  0.161785
0.5190,  0.197766
0.5195,  0.229256
0.5200,  0.217563
0.5205,  0.206661
0.5210,  0.216215
0.5215,  0.229973
0.5220,  0.208718
0.5225,  0.185682
0.5230,  0.196929
0.5235,  0.204972
0.5240,  0.212699
0.5245,  0.223463
0.5250,  0.217532
0.5255,  0.217542
0.5260,  0.168244
0.5265,  0.113816
0.5270,  0.159992
0.5275,  0.197486
0.5280,  0.206623
0.5285,  0.212245
0.5290,  0.207285
0.5295,  0.202348
0.5300,  0.204065
0.5305,  0.208269
0.5310,  0.208891
0.5315,  0.212392
0.5320,  0.172222
0.5325,  0.131253
0.5330,  0.174512
0.5335,  0.212164
0.5340,  0.193527
0.5345,  0.172885
0.5350,  0.198319
0.5355,  0.226291
0.5360,  0.200581
0.5365,  0.175371
0.5370,  0.179729
0.5375,  0.184217
0.5380,  0.191692
0.5385,  0.199954
0.5390,  0.187261
0.5395,  0.175008
0.5400,  0.164591
0.5405,  0.154720
0.5410,  0.183693
0.5415,  0.210512
0.5420,  0.196993
0.5425,  0.183894
0.5430,  0.195588
0.5435,  0.204067
0.5440,  0.200115
0.5445,  0.197070
0.5450,  0.201537
0.5455,  0.203125
0.5460,  0.198672
0.5465,  0.196089
0.5470,  0.187004
0.5475,  0.178194
0.5480,  0.186283
0.5485,  0.192678
0.5490,  0.197450
0.5495,  0.202305
0.5500,  0.194695
0.5505,  0.189288
0.5510,  0.192992
0.5515,  0.195266
0.5520,  0.190390
0.5525,  0.186292
0.5530,  0.196276
0.5535,  0.203998
0.5540,  0.205795
0.5545,  0.206025
0.5550,  0.206466
0.5555,  0.207786
0.5560,  0.193458
0.5565,  0.181572
0.5570,  0.191899
0.5575,  0.202133
0.5580,  0.193341
0.5585,  0.184904
0.5590,  0.193810
0.5595,  0.200096
0.5600,  0.206122
0.5605,  0.211069
0.5610,  0.204555
0.5615,  0.198438
0.5620,  0.204018
0.5625,  0.210871
0.5630,  0.214649
0.5635,  0.219254
0.5640,  0.219000
0.5645,  0.219232
0.5650,  0.207547
0.5655,  0.194675
0.5660,  0.200728
0.5665,  0.208043
0.5670,  0.222125
0.5675,  0.236339
0.5680,  0.220624
0.5685,  0.206914
0.5690,  0.223286
0.5695,  0.238803
0.5700,  0.220924
0.5705,  0.200409
0.5710,  0.213016
0.5715,  0.217923
0.5720,  0.224641
0.5725,  0.233652
0.5730,  0.225207
0.5735,  0.219099
0.5740,  0.217998
0.5745,  0.218953
0.5750,  0.211551
0.5755,  0.201995
0.5760,  0.205054
0.5765,  0.208852
0.5770,  0.213840
0.5775,  0.219859
0.5780,  0.206680
0.5785,  0.191204
0.5790,  0.200686
0.5795,  0.206990
0.5800,  0.207147
0.5805,  0.209206
0.5810,  0.211159
0.5815,  0.213375
0.5820,  0.216158
0.5825,  0.218989
0.5830,  0.214283
0.5835,  0.211400
0.5840,  0.212511
0.5845,  0.218682
0.5850,  0.204952
0.5855,  0.189810
0.5860,  0.204758
0.5865,  0.219008
0.5870,  0.227885
0.5875,  0.241696
0.5880,  0.233901
0.5885,  0.230731
0.5890,  0.211893
0.5895,  0.184709
0.5900,  0.241010
0.5905,  0.287916
0.5910,  0.275260
0.5915,  0.260293
0.5920,  0.255736
0.5925,  0.253448
0.5930,  0.246358
0.5935,  0.245301
0.5940,  0.242305
0.5945,  0.240964
0.5950,  0.246539
0.5955,  0.249022
0.5960,  0.251230
0.5965,  0.253125
0.5970,  0.244123
0.5975,  0.237048
0.5980,  0.230578
0.5985,  0.228284
0.5990,  0.237556
0.5995,  0.245288
0.6000,  0.241129
0.6005,  0.237272
0.6010,  0.240833
0.6015,  0.240764
0.6020,  0.229128
0.6025,  0.216478
0.6030,  0.229645
0.6035,  0.244970
0.6040,  0.242956
0.6045,  0.243559
0.6050,  0.244250
0.6055,  0.240315
0.6060,  0.236667
0.6065,  0.232300
0.6070,  0.230774
0.6075,  0.233542
0.6080,  0.234595
0.6085,  0.237573
0.6090,  0.243226
0.6095,  0.248610
0.6100,  0.239884
0.6105,  0.229445
0.6110,  0.239377
0.6115,  0.248353
0.6120,  0.238126
0.6125,  0.230311
0.6130,  0.231128
0.6135,  0.233850
0.6140,  0.246200
0.6145,  0.259038
0.6150,  0.263929
0.6155,  0.267837
0.6160,  0.244125
0.6165,  0.215348
0.6170,  0.238184
0.6175,  0.260954
0.6180,  0.264490
0.6185,  0.269467
0.6190,  0.267816
0.6195,  0.261825
0.6200,  0.265641
0.6205,  0.269401
0.6210,  0.256323
0.6215,  0.244703
0.6220,  0.253359
0.6225,  0.264363
0.6230,  0.259914
0.6235,  0.255437
0.6240,  0.261679
0.6245,  0.265209
0.6250,  0.262834
0.6255,  0.257624
0.6260,  0.273098
0.6265,  0.286330
0.6270,  0.286433
0.6275,  0.288207
0.6280,  0.291739
0.6285,  0.296086
0.6290,  0.297378
0.6295,  0.297059
0.6300,  0.296537
0.6305,  0.292947
0.6310,  0.284058
0.6315,  0.280463
0.6320,  0.276897
0.6325,  0.275535
0.6330,  0.277401
0.6335,  0.281394
0.6340,  0.287429
0.6345,  0.292513
0.6350,  0.298686
0.6355,  0.300893
0.6360,  0.302197
0.6365,  0.295183
0.6370,  0.286272
0.6375,  0.277795
0.6380,  0.275231
0.6385,  0.276281
0.6390,  0.278862
0.6395,  0.280183
0.6400,  0.280783
0.6405,  0.283020
0.6410,  0.281890
0.6415,  0.283423
0.6420,  0.282889
0.6425,  0.280958
0.6430,  0.279117
0.6435,  0.278212
0.6440,  0.277636
0.6445,  0.285830
0.6450,  0.296159
0.6455,  0.303578
0.6460,  0.312562
0.6465,  0.318073
0.6470,  0.321657
0.6475,  0.322003
0.6480,  0.320942
0.6485,  0.317568
0.6490,  0.312123
0.6495,  0.316101
0.6500,  0.319336
0.6505,  0.325409
0.6510,  0.332220
0.6515,  0.331745
0.6520,  0.332937
0.6525,  0.329215
0.6530,  0.324630
0.6535,  0.314454
0.6540,  0.310116
0.6545,  0.311181
0.6550,  0.321635
0.6555,  0.325951
0.6560,  0.319511
0.6565,  0.301403
0.6570,  0.268343
0.6575,  0.279883
0.6580,  0.292014
0.6585,  0.303848
0.6590,  0.319059
0.6595,  0.313790
0.6600,  0.306440
0.6605,  0.298763
0.6610,  0.294623
0.6615,  0.286690
0.6620,  0.281242
0.6625,  0.281387
0.6630,  0.289744
0.6635,  0.295417
0.6640,  0.301810
0.6645,  0.306578
0.6650,  0.305069
0.6655,  0.298243
0.6660,  0.295401
0.6665,  0.290115
0.6670,  0.286463
0.6675,  0.286457
0.6680,  0.287055
0.6685,  0.291022
0.6690,  0.293517
0.6695,  0.294193
0.6700,  0.299793
0.6705,  0.302271
0.6710,  0.306578
0.6715,  0.311872
0.6720,  0.315343
0.6725,  0.317211
0.6730,  0.314698
0.6735,  0.309805
0.6740,  0.304654
0.6745,  0.305723
0.6750,  0.310011
0.6755,  0.312162
0.6760,  0.313023
0.6765,  0.315836
0.6770,  0.318541
0.6775,  0.317408
0.6780,  0.317414
0.6785,  0.316652
0.6790,  0.312519
0.6795,  0.312627
0.6800,  0.315395
0.6805,  0.318857
0.6810,  0.324578
0.6815,  0.327269
0.6820,  0.332529
0.6825,  0.337482
0.6830,  0.340454
0.6835,  0.340472
0.6840,  0.341333
0.6845,  0.338928
0.6850,  0.341062
0.6855,  0.360083
0.6860,  0.398392
0.6865,  0.446486
0.6870,  0.489187
0.6875,  0.509557
0.6880,  0.517373
0.6885,  0.513199
0.6890,  0.508073
0.6895,  0.500803
0.6900,  0.489934
0.6905,  0.481407
0.6910,  0.473004
0.6915,  0.466663
0.6920,  0.463002
0.6925,  0.458781
0.6930,  0.461993
0.6935,  0.461891
0.6940,  0.459283
0.6945,  0.464706
0.6950,  0.460562
0.6955,  0.449290
0.6960,  0.433966
0.6965,  0.423716
0.6970,  0.420646
0.6975,  0.423661
0.6980,  0.436207
0.6985,  0.447776
0.6990,  0.458268
0.6995,  0.464149
0.7000,  0.464333
0.7005,  0.462171
0.7010,  0.458343
0.7015,  0.462485
0.7020,  0.461736
0.7025,  0.460722
0.7030,  0.459698
0.7035,  0.457686
0.7040,  0.464405
0.7045,  0.473148
0.7050,  0.477083
0.7055,  0.476000
0.7060,  0.471313
0.7065,  0.460126
0.7070,  0.459479
0.7075,  0.453411
0.7080,  0.449391
0.7085,  0.443170
0.7090,  0.438626
0.7095,  0.436104
0.7100,  0.438660
0.7105,  0.442279
0.7110,  0.444572
0.7115,  0.446077
0.7120,  0.449468
0.7125,  0.454881
0.7130,  0.455808
0.7135,  0.455080
0.7140,  0.455916
0.7145,  0.458036
0.7150,  0.465914
0.7155,  0.482498
0.7160,  0.525955
0.7165,  0.583488
0.7170,  0.649581
0.7175,  0.708201
0.7180,  0.764105
0.7185,  0.809554
0.7190,  0.843673
0.7195,  0.847381
0.7200,  0.828199
0.7205,  0.792964
0.7210,  0.736290
0.7215,  0.689721
0.7220,  0.669757
0.7225,  0.681446
0.7230,  0.710011
0.7235,  0.744807
0.7240,  0.776977
0.7245,  0.796072
0.7250,  0.807119
0.7255,  0.815630
0.7260,  0.818377
0.7265,  0.816513
0.7270,  0.813346
0.7275,  0.796942
0.7280,  0.792919
0.7285,  0.784310
0.7290,  0.776698
0.7295,  0.771674
0.7300,  0.769383
0.7305,  0.764080
0.7310,  0.749712
0.7315,  0.724638
0.7320,  0.696436
0.7325,  0.665659
0.7330,  0.638954
0.7335,  0.624701
0.7340,  0.610655
0.7345,  0.602862
0.7350,  0.602385
0.7355,  0.603453
0.7360,  0.604194
0.7365,  0.594205
0.7370,  0.582908
0.7375,  0.570600
0.7380,  0.560857
0.7385,  0.557855
0.7390,  0.553818
0.7395,  0.554723
0.7400,  0.554659
0.7405,  0.550316
0.7410,  0.544847
0.7415,  0.547592
0.7420,  0.554085
0.7425,  0.559317
0.7430,  0.560833
0.7435,  0.566908
0.7440,  0.571734
0.7445,  0.568967
0.7450,  0.564413
0.7455,  0.563243
0.7460,  0.565393
0.7465,  0.564335
0.7470,  0.555683
0.7475,  0.545832
0.7480,  0.542855
0.7485,  0.548258
0.7490,  0.560468
0.7495,  0.568793
0.7500,  0.575207
0.7505,  0.583340
0.7510,  0.589025
0.7515,  0.593129
0.7520,  0.590977
0.7525,  0.581739
0.7530,  0.572630
0.7535,  0.571579
0.7540,  0.571858
0.7545,  0.557844
0.7550,  0.558603
0.7555,  0.559384
0.7560,  0.562338
0.7565,  0.568157
0.7570,  0.571218
0.7575,  0.585809
0.7580,  0.622369
0.7585,  0.711197
0.7590,  0.874610
0.7595,  1.144713
0.7600,  1.548116
0.7605,  1.984214
0.7610,  2.259795
0.7615,  2.276826
0.7620,  2.154666
0.7625,  2.129009
0.7630,  2.112592
0.7635,  2.011225
0.7640,  1.825339
0.7645,  1.632515
0.7650,  1.436425
0.7655,  1.293036
0.7660,  1.158399
0.7665,  1.038336
0.7670,  0.955483
0.7675,  0.903148
0.7680,  0.860538
0.7685,  0.831339
0.7690,  0.800538
0.7695,  0.768247
0.7700,  0.744425
0.7705,  0.723157
0.7710,  0.704956
0.7715,  0.697350
0.7720,  0.697549
0.7725,  0.691080
0.7730,  0.697588
0.7735,  0.704093
0.7740,  0.709563
0.7745,  0.698355
0.7750,  0.691656
0.7755,  0.695963
0.7760,  0.697743
0.7765,  0.697201
0.7770,  0.702822
0.7775,  0.707116
0.7780,  0.699733
0.7785,  0.699783
0.7790,  0.700427
0.7795,  0.712820
0.7800,  0.718721
0.7805,  0.719045
0.7810,  0.717697
0.7815,  0.715888
0.7820,  0.702427
0.7825,  0.690182
0.7830,  0.690284
0.7835,  0.707392
0.7840,  0.720481
0.7845,  0.741207
0.7850,  0.751346
0.7855,  0.766801
0.7860,  0.780759
0.7865,  0.795151
0.7870,  0.798893
0.7875,  0.792688
0.7880,  0.806357
0.7885,  0.812712
0.7890,  0.823358
0.7895,  0.830901
0.7900,  0.843358
0.7905,  0.848476
0.7910,  0.862805
0.7915,  0.883232
0.7920,  0.901634
0.7925,  0.912570
0.7930,  0.911912
0.7935,  0.909688
0.7940,  0.902228
0.7945,  0.891188
0.7950,  0.897087
0.7955,  0.915818
0.7960,  0.927628
0.7965,  0.945577
0.7970,  0.946859
0.7975,  0.930778
0.7980,  0.922186
0.7985,  0.932244
0.7990,  0.923066
0.7995,  0.932733
0.8000,  0.940834
0.8005,  0.951799
0.8010,  0.975565
0.8015,  0.973465
0.8020,  0.966120
0.8025,  0.985077
0.8030,  1.003016
0.8035,  1.010142
0.8040,  1.009312
0.8045,  0.995007
0.8050,  0.974040
0.8055,  0.953502
0.8060,  0.938989
0.8065,  0.930483
0.8070,  0.923047
0.8075,  0.926483
0.8080,  0.944811
0.8085,  0.946245
0.8090,  0.975275
0.8095,  1.017057
0.8100,  1.037396
0.8105,  1.053700
0.8110,  1.083744
0.8115,  1.132037
0.8120,  1.169230
0.8125,  1.214933
0.8130,  1.286098
0.8135,  1.356256
0.8140,  1.464278
0.8145,  1.562801
0.8150,  1.688922
0.8155,  1.802889
0.8160,  1.958596
0.8165,  2.088454
0.8170,  2.153952
0.8175,  2.228785
0.8180,  2.247620
0.8185,  2.179638
0.8190,  2.091349
0.8195,  1.981647
0.8200,  1.819057
0.8205,  1.691278
0.8210,  1.650941
0.8215,  1.720647
0.8220,  1.894817
0.8225,  2.202287
0.8230,  2.470603
0.8235,  2.403403
0.8240,  2.126853
0.8245,  1.872400
0.8250,  1.723494
0.8255,  1.642586
0.8260,  1.587820
0.8265,  1.570330
0.8270,  1.597626
0.8275,  1.656750
0.8280,  1.767947
0.8285,  1.868152
0.8290,  1.981129
0.8295,  1.997954
0.8300,  1.896120
0.8305,  1.831809
0.8310,  1.829190
0.8315,  1.763260
0.8320,  1.732227
0.8325,  1.708827
0.8330,  1.684372
0.8335,  1.694154
0.8340,  1.698420
0.8345,  1.723771
0.8350,  1.693630
0.8355,  1.682693
0.8360,  1.661961
0.8365,  1.544242
0.8370,  1.509035
0.8375,  1.493486
0.8380,  1.483506
0.8385,  1.471113
0.8390,  1.483356
0.8395,  1.498748
0.8400,  1.535959
0.8405,  1.568587
0.8410,  1.566194
0.8415,  1.526898
0.8420,  1.512656
0.8425,  1.447453
0.8430,  1.425821
0.8435,  1.427659
0.8440,  1.439053
0.8445,  1.432658
0.8450,  1.461533
0.8455,  1.506859
0.8460,  1.503605
0.8465,  1.497098
0.8470,  1.533037
0.8475,  1.593258
0.8480,  1.653363
0.8485,  1.684622
0.8490,  1.707052
0.8495,  1.789600
0.8500,  1.844040
0.8505,  1.949988
0.8510,  2.069658
0.8515,  2.119799
0.8520,  2.158733
0.8525,  2.276598
0.8530,  2.374759
0.8535,  2.510930
0.8540,  2.561630
0.8545,  2.436046
0.8550,  2.392099
0.8555,  2.408978
0.8560,  2.406151
0.8565,  2.356782
0.8570,  2.473152
0.8575,  2.367814
0.8580,  2.336964
0.8585,  2.275464
0.8590,  2.277026
0.8595,  2.276015
0.8600,  2.272654
0.8605,  2.227448
0.8610,  2.072322
0.8615,  2.117841
0.8620,  2.207077
0.8625,  2.204340
0.8630,  2.301236
0.8635,  2.474768
0.8640,  2.543517
0.8645,  2.901365
0.8650,  3.750622
0.8655,  6.155997
0.8660,  8.109239
0.8665,  5.267359
0.8670,  4.161782
0.8675,  3.814446
0.8680,  3.817081
0.8685,  4.568322
0.8690,  6.680846
0.8695,  Infinity
0.8700,  Infinity
0.8705,  Infinity
0.8710,  3.825557
0.8715,  3.281083
0.8720,  3.047675
0.8725,  3.128214
0.8730,  4.464129
0.8735,  6.245921
0.8740,  Infinity
0.8745,  Infinity
0.8750,  Infinity
0.8755,  Infinity
0.8760,  Infinity
0.8765,  Infinity
0.8770,  Infinity
0.8775,  Infinity
0.8780,  Infinity
0.8785,  3.941024
0.8790,  3.363244
0.8795,  3.492057
0.8800,  3.934057
0.8805,  4.739279
0.8810,  Infinity
0.8815,  Infinity
0.8820,  Infinity
0.8825,  Infinity
0.8830,  Infinity
0.8835,  6.173530
0.8840,  4.644407
0.8845,  4.619739
0.8850,  5.569164
0.8855,  5.388722
0.8860,  Infinity
0.8865,  Infinity
0.8870,  Infinity
0.8875,  Infinity
0.8880,  Infinity
0.8885,  4.589363
0.8890,  3.602526
0.8895,  3.779385
0.8900,  4.584329
