0.3500,  1.838169
0.3505,  1.905088
0.3510,  1.801802
0.3515,  1.711080
0.3520,  1.635876
0.3525,  1.535098
0.3530,  1.504219
0.3535,  1.487622
0.3540,  1.473973
0.3545,  1.483165
0.3550,  1.476134
0.3555,  1.511985
0.3560,  1.528706
0.3565,  1.562829
0.3570,  1.625542
0.3575,  1.686381
0.3580,  1.647046
0.3585,  1.533443
0.3590,  1.656602
0.3595,  1.738582
0.3600,  1.680250
0.3605,  1.646903
0.3610,  1.574392
0.3615,  1.465031
0.3620,  1.482271
0.3625,  1.511449
0.3630,  1.470047
0.3635,  1.417517
0.3640,  1.377671
0.3645,  1.328874
0.3650,  1.326644
0.3655,  1.321857
0.3660,  1.294407
0.3665,  1.289998
0.3670,  1.240765
0.3675,  1.189492
0.3680,  1.130191
0.3685,  1.077100
0.3690,  1.120223
0.3695,  1.167180
0.3700,  1.139215
0.3705,  1.124325
0.3710,  1.161971
0.3715,  1.199682
0.3720,  1.192164
0.3725,  1.181682
0.3730,  1.154151
0.3735,  1.126557
0.3740,  1.135156
0.3745,  1.136114
0.3750,  1.219352
0.3755,  1.276824
0.3760,  1.254220
0.3765,  1.212729
0.3770,  1.231030
0.3775,  1.253129
0.3780,  1.234615
0.3785,  1.234001
0.3790,  1.130255
0.3795,  1.014500
0.3800,  1.063085
0.3805,  1.111323
0.3810,  1.072533
0.3815,  1.059308
0.3820,  1.000442
0.3825,  0.925062
0.3830,  0.930913
0.3835,  0.929787
0.3840,  1.142682
0.3845,  1.301599
0.3850,  1.318722
0.3855,  1.323075
0.3860,  1.296440
0.3865,  1.272682
0.3870,  1.249182
0.3875,  1.222951
0.3880,  1.184432
0.3885,  1.135883
0.3890,  1.169220
0.3895,  1.184498
0.3900,  1.147135
0.3905,  1.110766
0.3910,  1.102694
0.3915,  1.125365
0.3920,  1.030018
0.3925,  0.949973
0.3930,  0.812806
0.3935,  0.597276
0.3940,  0.925997
0.3945,  1.138745
0.3950,  1.227763
0.3955,  1.304883
0.3960,  1.119255
0.3965,  0.897431
0.3970,  0.914232
0.3975,  0.897162
0.3980,  1.063465
0.3985,  1.159817
0.3990,  1.106461
0.3995,  1.068992
0.4000,  1.009094
0.4005,  0.953096
0.4010,  0.917877
0.4015,  0.888665
0.4020,  0.848816
0.4025,  0.822182
0.4030,  0.783374
0.4035,  0.751890
0.4040,  0.741043
0.4045,  0.733204
0.4050,  0.731265
0.4055,  0.736648
0.4060,  0.728071
0.4065,  0.718700
0.4070,  0.736367
0.4075,  0.744391
0.4080,  0.771956
0.4085,  0.800440
0.4090,  0.791305
0.4095,  0.780354
0.4100,  0.729108
0.4105,  0.671332
0.4110,  0.737527
0.4115,  0.794598
0.4120,  0.771486
0.4125,  0.747493
0.4130,  0.733010
0.4135,  0.727804
0.4140,  0.723843
0.4145,  0.711433
0.4150,  0.702658
0.4155,  0.696672
0.4160,  0.716498
0.4165,  0.743118
0.4170,  0.699336
0.4175,  0.647825
0.4180,  0.653567
0.4185,  0.668480
0.4190,  0.679346
0.4195,  0.684330
0.4200,  0.704610
0.4205,  0.721782
0.4210,  0.726873
0.4215,  0.737377
0.4220,  0.684851
0.4225,  0.628583
0.4230,  0.664768
0.4235,  0.695722
0.4240,  0.701819
0.4245,  0.711482
0.4250,  0.693189
0.4255,  0.672777
0.4260,  0.674794
0.4265,  0.683484
0.4270,  0.663303
0.4275,  0.633873
0.4280,  0.647373
0.4285,  0.668467
0.4290,  0.663124
0.4295,  0.655631
0.4300,  0.578412
0.4305,  0.473851
0.4310,  0.681941
0.4315,  0.826658
0.4320,  0.788042
0.4325,  0.740670
0.4330,  0.732173
0.4335,  0.730867
0.4340,  0.695571
0.4345,  0.664865
0.4350,  0.661942
0.4355,  0.660006
0.4360,  0.695710
0.4365,  0.736665
0.4370,  0.702828
0.4375,  0.672801
0.4380,  0.614316
0.4385,  0.548679
0.4390,  0.622935
0.4395,  0.686187
0.4400,  0.653956
0.4405,  0.615337
0.4410,  0.654381
0.4415,  0.690158
0.4420,  0.689182
0.4425,  0.687869
0.4430,  0.660071
0.4435,  0.634286
0.4440,  0.640271
0.4445,  0.648740
0.4450,  0.607501
0.4455,  0.561659
0.4460,  0.573780
0.4465,  0.587316
0.4470,  0.625417
0.4475,  0.660588
0.4480,  0.636408
0.4485,  0.605645
0.4490,  0.606344
0.4495,  0.607639
0.4500,  0.617311
0.4505,  0.631949
0.4510,  0.622049
0.4515,  0.612896
0.4520,  0.577154
0.4525,  0.543160
0.4530,  0.550745
0.4535,  0.564056
0.4540,  0.570724
0.4545,  0.570195
0.4550,  0.577787
0.4555,  0.589854
0.4560,  0.594828
0.4565,  0.598401
0.4570,  0.596789
0.4575,  0.599532
0.4580,  0.574483
0.4585,  0.550017
0.4590,  0.557082
0.4595,  0.563963
0.4600,  0.569773
0.4605,  0.573686
0.4610,  0.574910
0.4615,  0.573552
0.4620,  0.578717
0.4625,  0.587408
0.4630,  0.571998
0.4635,  0.563902
0.4640,  0.556612
0.4645,  0.546823
0.4650,  0.567115
0.4655,  0.587043
0.4660,  0.558519
0.4665,  0.533265
0.4670,  0.557780
0.4675,  0.579142
0.4680,  0.571145
0.4685,  0.568842
0.4690,  0.570529
0.4695,  0.576043
0.4700,  0.555021
0.4705,  0.530813
0.4710,  0.562608
0.4715,  0.594405
0.4720,  0.592382
0.4725,  0.587803
0.4730,  0.570405
0.4735,  0.554024
0.4740,  0.559155
0.4745,  0.566129
0.4750,  0.554043
0.4755,  0.541938
0.4760,  0.527751
0.4765,  0.514735
0.4770,  0.541655
0.4775,  0.564572
0.4780,  0.543898
0.4785,  0.527425
0.4790,  0.541477
0.4795,  0.551764
0.4800,  0.535461
0.4805,  0.524402
0.4810,  0.533814
0.4815,  0.538904
0.4820,  0.521538
0.4825,  0.507097
0.4830,  0.507737
0.4835,  0.508027
0.4840,  0.504130
0.4845,  0.506319
0.4850,  0.492135
0.4855,  0.478670
0.4860,  0.445842
0.4865,  0.401201
0.4870,  0.456888
0.4875,  0.504101
0.4880,  0.516739
0.4885,  0.523930
0.4890,  0.518434
0.4895,  0.514827
0.4900,  0.514569
0.4905,  0.520108
0.4910,  0.493517
0.4915,  0.466165
0.4920,  0.465392
0.4925,  0.462436
0.4930,  0.455549
0.4935,  0.447734
0.4940,  0.480749
0.4945,  0.512751
0.4950,  0.475440
0.4955,  0.438670
0.4960,  0.455371
0.4965,  0.471891
0.4970,  0.473764
0.4975,  0.480141
0.4980,  0.448829
0.4985,  0.415012
0.4990,  0.443209
0.4995,  0.471240
0.5000,  0.450892
0.5005,  0.427466
0.5010,  0.419807
0.5015,  0.409927
0.5020,  0.429691
0.5025,  0.449258
0.5030,  0.457927
0.5035,  0.465143
0.5040,  0.447328
0.5045,  0.427362
0.5050,  0.448643
0.5055,  0.469594
0.5060,  0.456651
0.5065,  0.445777
0.5070,  0.434589
0.5075,  0.422311
0.5080,  0.424050
0.5085,  0.425962
0.5090,  0.423637
0.5095,  0.421047
0.5100,  0.425058
0.5105,  0.430398
0.5110,  0.441852
0.5115,  0.452270
0.5120,  0.422365
0.5125,  0.394102
0.5130,  0.398948
0.5135,  0.402746
0.5140,  0.410382
0.5145,  0.415481
0.5150,  0.424176
0.5155,  0.438756
0.5160,  0.397837
0.5165,  0.354812
0.5170,  0.385227
0.5175,  0.411175
0.5180,  0.396949
0.5185,  0.375570
0.5190,  0.414844
0.5195,  0.448790
0.5200,  0.436239
0.5205,  0.425033
0.5210,  0.434504
0.5215,  0.446037
0.5220,  0.420695
0.5225,  0.395664
0.5230,  0.410283
0.5235,  0.419924
0.5240,  0.426340
0.5245,  0.435229
0.5250,  0.428374
0.5255,  0.427453
0.5260,  0.376160
0.5265,  0.319768
0.5270,  0.365572
0.5275,  0.402196
0.5280,  0.412057
0.5285,  0.418030
0.5290,  0.413098
0.5295,  0.409209
0.5300,  0.411967
0.5305,  0.415332
0.5310,  0.414958
0.5315,  0.420561
0.5320,  0.380694
0.5325,  0.337998
0.5330,  0.380900
0.5335,  0.418511
0.5340,  0.401441
0.5345,  0.382636
0.5350,  0.409042
0.5355,  0.434243
0.5360,  0.403933
0.5365,  0.376341
0.5370,  0.381032
0.5375,  0.386145
0.5380,  0.393296
0.5385,  0.401536
0.5390,  0.386760
0.5395,  0.376845
0.5400,  0.368037
0.5405,  0.358169
0.5410,  0.387450
0.5415,  0.412711
0.5420,  0.396658
0.5425,  0.380233
0.5430,  0.390279
0.5435,  0.398850
0.5440,  0.396028
0.5445,  0.393989
0.5450,  0.400173
0.5455,  0.405468
0.5460,  0.400310
0.5465,  0.396583
0.5470,  0.387405
0.5475,  0.378263
0.5480,  0.386550
0.5485,  0.391586
0.5490,  0.396624
0.5495,  0.403320
0.5500,  0.395920
0.5505,  0.387992
0.5510,  0.389323
0.5515,  0.390223
0.5520,  0.384048
0.5525,  0.376554
0.5530,  0.386214
0.5535,  0.395874
0.5540,  0.398104
0.5545,  0.400661
0.5550,  0.401015
0.5555,  0.404009
0.5560,  0.389821
0.5565,  0.376216
0.5570,  0.386130
0.5575,  0.396186
0.5580,  0.385375
0.5585,  0.375300
0.5590,  0.382709
0.5595,  0.390970
0.5600,  0.398560
0.5605,  0.403414
0.5610,  0.396500
0.5615,  0.389307
0.5620,  0.393808
0.5625,  0.399479
0.5630,  0.402396
0.5635,  0.404613
0.5640,  0.402435
0.5645,  0.402588
0.5650,  0.392462
0.5655,  0.382571
0.5660,  0.389191
0.5665,  0.396791
0.5670,  0.410773
0.5675,  0.424969
0.5680,  0.404477
0.5685,  0.386110
0.5690,  0.401220
0.5695,  0.417828
0.5700,  0.399770
0.5705,  0.378401
0.5710,  0.389537
0.5715,  0.394205
0.5720,  0.402353
0.5725,  0.410875
0.5730,  0.403825
0.5735,  0.400838
0.5740,  0.401745
0.5745,  0.401545
0.5750,  0.394152
0.5755,  0.386327
0.5760,  0.389203
0.5765,  0.391892
0.5770,  0.394023
0.5775,  0.400241
0.5780,  0.382677
0.5785,  0.364312
0.5790,  0.374271
0.5795,  0.383070
0.5800,  0.385236
0.5805,  0.388564
0.5810,  0.390819
0.5815,  0.392724
0.5820,  0.394739
0.5825,  0.393629
0.5830,  0.387405
0.5835,  0.381422
0.5840,  0.382414
0.5845,  0.389515
0.5850,  0.377274
0.5855,  0.365100
0.5860,  0.381519
0.5865,  0.394712
0.5870,  0.401400
0.5875,  0.414032
0.5880,  0.408107
0.5885,  0.402062
0.5890,  0.379345
0.5895,  0.348700
0.5900,  0.405024
0.5905,  0.452986
0.5910,  0.442289
0.5915,  0.428660
0.5920,  0.423506
0.5925,  0.421247
0.5930,  0.412694
0.5935,  0.412651
0.5940,  0.410257
0.5945,  0.407479
0.5950,  0.411449
0.5955,  0.413086
0.5960,  0.413991
0.5965,  0.414534
0.5970,  0.404228
0.5975,  0.396968
0.5980,  0.392903
0.5985,  0.391009
0.5990,  0.402726
0.5995,  0.411431
0.6000,  0.406624
0.6005,  0.402465
0.6010,  0.403531
0.6015,  0.401993
0.6020,  0.388157
0.6025,  0.373925
0.6030,  0.384874
0.6035,  0.399202
0.6040,  0.396707
0.6045,  0.400879
0.6050,  0.402627
0.6055,  0.399060
0.6060,  0.396035
0.6065,  0.394249
0.6070,  0.394833
0.6075,  0.397808
0.6080,  0.399558
0.6085,  0.399083
0.6090,  0.404225
0.6095,  0.407764
0.6100,  0.399414
0.6105,  0.387575
0.6110,  0.397360
0.6115,  0.407008
0.6120,  0.397654
0.6125,  0.390523
0.6130,  0.390743
0.6135,  0.390230
0.6140,  0.404244
0.6145,  0.413369
0.6150,  0.414629
0.6155,  0.415854
0.6160,  0.386459
0.6165,  0.354980
0.6170,  0.381451
0.6175,  0.409712
0.6180,  0.416080
0.6185,  0.424297
0.6190,  0.423450
0.6195,  0.419381
0.6200,  0.425980
0.6205,  0.432081
0.6210,  0.418310
0.6215,  0.404764
0.6220,  0.410450
0.6225,  0.419087
0.6230,  0.408256
0.6235,  0.400441
0.6240,  0.407115
0.6245,  0.412309
0.6250,  0.410074
0.6255,  0.406260
0.6260,  0.423391
0.6265,  0.438881
0.6270,  0.437238
0.6275,  0.439049
0.6280,  0.442610
0.6285,  0.449992
0.6290,  0.453105
0.6295,  0.452112
0.6300,  0.445842
0.6305,  0.437386
0.6310,  0.428276
0.6315,  0.427114
0.6320,  0.424480
0.6325,  0.425262
0.6330,  0.425042
0.6335,  0.424370
0.6340,  0.425755
0.6345,  0.429691
0.6350,  0.431974
0.6355,  0.429921
0.6360,  0.428507
0.6365,  0.424226
0.6370,  0.419727
0.6375,  0.417333
0.6380,  0.417823
0.6385,  0.421357
0.6390,  0.429215
0.6395,  0.430000
0.6400,  0.428053
0.6405,  0.425644
0.6410,  0.422704
0.6415,  0.421187
0.6420,  0.417423
0.6425,  0.413732
0.6430,  0.413837
0.6435,  0.418970
0.6440,  0.423372
0.6445,  0.429671
0.6450,  0.440399
0.6455,  0.445084
0.6460,  0.450026
0.6465,  0.452435
0.6470,  0.451440
0.6475,  0.447997
0.6480,  0.445622
0.6485,  0.439651
0.6490,  0.433981
0.6495,  0.439213
0.6500,  0.442135
0.6505,  0.448602
0.6510,  0.458121
0.6515,  0.456715
0.6520,  0.456205
0.6525,  0.451992
0.6530,  0.446971
0.6535,  0.438202
0.6540,  0.434649
0.6545,  0.438530
0.6550,  0.453057
0.6555,  0.456885
0.6560,  0.450056
0.6565,  0.429087
0.6570,  0.389800
0.6575,  0.396635
0.6580,  0.408331
0.6585,  0.422484
0.6590,  0.437225
0.6595,  0.432887
0.6600,  0.427478
0.6605,  0.420220
0.6610,  0.416617
0.6615,  0.411614
0.6620,  0.411695
0.6625,  0.412790
0.6630,  0.417553
0.6635,  0.425786
0.6640,  0.428936
0.6645,  0.429515
0.6650,  0.426747
0.6655,  0.417794
0.6660,  0.412665
0.6665,  0.407304
0.6670,  0.404758
0.6675,  0.409433
0.6680,  0.409104
0.6685,  0.412210
0.6690,  0.416411
0.6695,  0.416009
0.6700,  0.416586
0.6705,  0.420082
0.6710,  0.422829
0.6715,  0.427051
0.6720,  0.426402
0.6725,  0.425651
0.6730,  0.423255
0.6735,  0.417355
0.6740,  0.415475
0.6745,  0.411610
0.6750,  0.409154
0.6755,  0.414889
0.6760,  0.420674
0.6765,  0.423436
0.6770,  0.425053
0.6775,  0.428565
0.6780,  0.431701
0.6785,  0.428783
0.6790,  0.427624
0.6795,  0.425561
0.6800,  0.424618
0.6805,  0.425717
0.6810,  0.429713
0.6815,  0.433260
0.6820,  0.439258
0.6825,  0.443662
0.6830,  0.449907
0.6835,  0.448180
0.6840,  0.447818
0.6845,  0.447528
0.6850,  0.450223
0.6855,  0.466901
0.6860,  0.503210
0.6865,  0.551016
0.6870,  0.593893
0.6875,  0.616588
0.6880,  0.618040
0.6885,  0.611990
0.6890,  0.608881
0.6895,  0.600366
0.6900,  0.588677
0.6905,  0.574084
0.6910,  0.561926
0.6915,  0.555467
0.6920,  0.549550
0.6925,  0.545995
0.6930,  0.545734
0.6935,  0.543811
0.6940,  0.549577
0.6945,  0.549308
0.6950,  0.547844
0.6955,  0.541522
0.6960,  0.531471
0.6965,  0.522254
0.6970,  0.514463
0.6975,  0.515539
0.6980,  0.522270
0.6985,  0.530588
0.6990,  0.541710
0.6995,  0.544764
0.7000,  0.539625
0.7005,  0.540571
0.7010,  0.544086
0.7015,  0.547707
0.7020,  0.547454
0.7025,  0.545291
0.7030,  0.545513
0.7035,  0.546581
0.7040,  0.547767
0.7045,  0.549400
0.7050,  0.554070
0.7055,  0.555276
0.7060,  0.556528
0.7065,  0.548719
0.7070,  0.537424
0.7075,  0.531489
0.7080,  0.530186
0.7085,  0.528539
0.7090,  0.526407
0.7095,  0.526721
0.7100,  0.532525
0.7105,  0.531747
0.7110,  0.532042
0.7115,  0.530797
0.7120,  0.528109
0.7125,  0.523253
0.7130,  0.522849
0.7135,  0.525013
0.7140,  0.536763
0.7145,  0.548202
0.7150,  0.558773
0.7155,  0.580662
0.7160,  0.623911
0.7165,  0.667905
0.7170,  0.717528
0.7175,  0.760286
0.7180,  0.801610
0.7185,  0.842175
0.7190,  0.860222
0.7195,  0.867033
0.7200,  0.853771
0.7205,  0.821070
0.7210,  0.774107
0.7215,  0.723471
0.7220,  0.714287
0.7225,  0.724902
0.7230,  0.751110
0.7235,  0.778870
0.7240,  0.812567
0.7245,  0.826660
0.7250,  0.830698
0.7255,  0.834193
0.7260,  0.837488
0.7265,  0.842435
0.7270,  0.842467
0.7275,  0.825398
0.7280,  0.818457
0.7285,  0.812053
0.7290,  0.807362
0.7295,  0.802772
0.7300,  0.791555
0.7305,  0.783304
0.7310,  0.772016
0.7315,  0.760322
0.7320,  0.739864
0.7325,  0.718341
0.7330,  0.690741
0.7335,  0.663142
0.7340,  0.656930
0.7345,  0.654482
0.7350,  0.651638
0.7355,  0.651523
0.7360,  0.646479
0.7365,  0.638195
0.7370,  0.629625
0.7375,  0.622008
0.7380,  0.614326
0.7385,  0.605904
0.7390,  0.598534
0.7395,  0.599559
0.7400,  0.593761
0.7405,  0.588842
0.7410,  0.587897
0.7415,  0.597973
0.7420,  0.601333
0.7425,  0.602200
0.7430,  0.601920
0.7435,  0.597657
0.7440,  0.595071
0.7445,  0.596261
0.7450,  0.595328
0.7455,  0.595080
0.7460,  0.584680
0.7465,  0.579709
0.7470,  0.583193
0.7475,  0.577751
0.7480,  0.577473
0.7485,  0.578800
0.7490,  0.585771
0.7495,  0.592335
0.7500,  0.594479
0.7505,  0.600173
0.7510,  0.607711
0.7515,  0.621775
0.7520,  0.624438
0.7525,  0.628657
0.7530,  0.622555
0.7535,  0.621402
0.7540,  0.611747
0.7545,  0.604389
0.7550,  0.601661
0.7555,  0.599437
0.7560,  0.607462
0.7565,  0.617041
0.7570,  0.618325
0.7575,  0.640249
0.7580,  0.678884
0.7585,  0.756622
0.7590,  0.903703
0.7595,  1.124393
0.7600,  1.447038
0.7605,  1.778591
0.7610,  1.968729
0.7615,  1.960781
0.7620,  1.871763
0.7625,  1.832211
0.7630,  1.810544
0.7635,  1.733715
0.7640,  1.622777
0.7645,  1.460529
0.7650,  1.304539
0.7655,  1.181466
0.7660,  1.077839
0.7665,  0.971515
0.7670,  0.874372
0.7675,  0.823023
0.7680,  0.784017
0.7685,  0.758735
0.7690,  0.737744
0.7695,  0.718072
0.7700,  0.700021
0.7705,  0.685979
0.7710,  0.675148
0.7715,  0.673009
0.7720,  0.681280
0.7725,  0.683414
0.7730,  0.680158
0.7735,  0.674452
0.7740,  0.668080
0.7745,  0.670130
0.7750,  0.682256
0.7755,  0.682422
0.7760,  0.682330
0.7765,  0.678694
0.7770,  0.676507
0.7775,  0.677183
0.7780,  0.682660
0.7785,  0.687120
0.7790,  0.692000
0.7795,  0.710101
0.7800,  0.723361
0.7805,  0.722162
0.7810,  0.708704
0.7815,  0.699999
0.7820,  0.703755
0.7825,  0.695152
0.7830,  0.696373
0.7835,  0.699193
0.7840,  0.716338
0.7845,  0.720169
0.7850,  0.725131
0.7855,  0.737276
0.7860,  0.740580
0.7865,  0.755804
0.7870,  0.761208
0.7875,  0.773823
0.7880,  0.787932
0.7885,  0.794011
0.7890,  0.809226
0.7895,  0.813635
0.7900,  0.808936
0.7905,  0.810821
0.7910,  0.808411
0.7915,  0.811621
0.7920,  0.823417
0.7925,  0.832048
0.7930,  0.824766
0.7935,  0.819685
0.7940,  0.806032
0.7945,  0.793359
0.7950,  0.791533
0.7955,  0.806647
0.7960,  0.820400
0.7965,  0.833101
0.7970,  0.833680
0.7975,  0.826487
0.7980,  0.816675
0.7985,  0.805567
0.7990,  0.803518
0.7995,  0.808911
0.8000,  0.815352
0.8005,  0.821512
0.8010,  0.838562
0.8015,  0.853499
0.8020,  0.864342
0.8025,  0.872031
0.8030,  0.869571
0.8035,  0.881514
0.8040,  0.876031
0.8045,  0.872830
0.8050,  0.863748
0.8055,  0.869804
0.8060,  0.880060
0.8065,  0.885284
0.8070,  0.879008
0.8075,  0.872323
0.8080,  0.884119
0.8085,  0.895925
0.8090,  0.909237
0.8095,  0.942104
0.8100,  0.950963
0.8105,  0.951641
0.8110,  0.965543
0.8115,  0.984434
0.8120,  1.011460
0.8125,  1.062457
0.8130,  1.145418
0.8135,  1.211637
0.8140,  1.249866
0.8145,  1.291995
0.8150,  1.345465
0.8155,  1.411348
0.8160,  1.483058
0.8165,  1.519748
0.8170,  1.530941
0.8175,  1.533441
0.8180,  1.553970
0.8185,  1.544010
0.8190,  1.496270
0.8195,  1.432397
0.8200,  1.364955
0.8205,  1.294739
0.8210,  1.267518
0.8215,  1.316997
0.8220,  1.409464
0.8225,  1.490292
0.8230,  1.544837
0.8235,  1.513068
0.8240,  1.436176
0.8245,  1.387421
0.8250,  1.337734
0.8255,  1.308951
0.8260,  1.276653
0.8265,  1.254517
0.8270,  1.273940
0.8275,  1.284550
0.8280,  1.314423
0.8285,  1.370494
0.8290,  1.399268
0.8295,  1.387605
0.8300,  1.375584
0.8305,  1.365353
0.8310,  1.352928
0.8315,  1.333993
0.8320,  1.313600
0.8325,  1.325034
0.8330,  1.333962
0.8335,  1.323799
0.8340,  1.280775
0.8345,  1.240559
0.8350,  1.219796
0.8355,  1.210772
0.8360,  1.199293
0.8365,  1.191327
0.8370,  1.192989
0.8375,  1.173549
0.8380,  1.139357
0.8385,  1.136890
0.8390,  1.142880
0.8395,  1.153095
0.8400,  1.151837
0.8405,  1.146244
0.8410,  1.159892
0.8415,  1.188425
0.8420,  1.226230
0.8425,  1.253820
0.8430,  1.259946
0.8435,  1.252372
0.8440,  1.228933
0.8445,  1.184426
0.8450,  1.168437
0.8455,  1.187994
0.8460,  1.198188
0.8465,  1.234784
0.8470,  1.252244
0.8475,  1.229358
0.8480,  1.205572
0.8485,  1.202826
0.8490,  1.235848
0.8495,  1.261384
0.8500,  1.256727
0.8505,  1.287514
0.8510,  1.299539
0.8515,  1.331324
0.8520,  1.323965
0.8525,  1.318491
0.8530,  1.332466
0.8535,  1.376295
0.8540,  1.454567
0.8545,  1.533318
0.8550,  1.522736
0.8555,  1.451774
0.8560,  1.398178
0.8565,  1.363930
0.8570,  1.350018
0.8575,  1.302726
0.8580,  1.326478
0.8585,  1.366387
0.8590,  1.376929
0.8595,  1.361808
0.8600,  1.374717
0.8605,  1.394756
0.8610,  1.380521
0.8615,  1.409992
0.8620,  1.433340
0.8625,  1.508796
0.8630,  1.549912
0.8635,  1.498600
0.8640,  1.469050
0.8645,  1.494973
0.8650,  1.592978
0.8655,  1.700003
0.8660,  1.817311
0.8665,  1.830901
0.8670,  1.824911
0.8675,  1.800845
0.8680,  1.757650
0.8685,  1.749017
0.8690,  1.724910
0.8695,  1.755909
0.8700,  1.694882
0.8705,  1.631067
0.8710,  1.660812
0.8715,  1.659031
0.8720,  1.708789
0.8725,  1.783891
0.8730,  1.863780
0.8735,  1.941755
0.8740,  2.018137
0.8745,  2.078414
0.8750,  2.049556
0.8755,  2.039833
0.8760,  1.978624
0.8765,  2.025477
0.8770,  2.145623
0.8775,  2.328877
0.8780,  2.495299
0.8785,  2.402652
0.8790,  2.454365
0.8795,  2.461236
0.8800,  2.347011
0.8805,  2.262097
0.8810,  2.222772
0.8815,  2.256723
0.8820,  2.270495
0.8825,  2.438803
0.8830,  2.453175
0.8835,  2.535945
0.8840,  2.542097
0.8845,  2.585411
0.8850,  2.769807
0.8855,  2.947592
0.8860,  2.875563
0.8865,  2.815016
0.8870,  2.679727
0.8875,  2.784038
0.8880,  2.723652
0.8885,  2.784729
0.8890,  2.604676
0.8895,  2.675698
0.8900,  2.925501
