0.3500,  Infinity
0.3505,  Infinity
0.3510,  7.570033
0.3515,  5.311707
0.3520,  4.975438
0.3525,  3.936091
0.3530,  3.448854
0.3535,  3.294215
0.3540,  2.967045
0.3545,  2.926001
0.3550,  2.959134
0.3555,  3.082375
0.3560,  3.228176
0.3565,  3.853707
0.3570,  6.036011
0.3575,  Infinity
0.3580,  Infinity
0.3585,  Infinity
0.3590,  Infinity
0.3595,  Infinity
0.3600,  Infinity
0.3605,  Infinity
0.3610,  6.995303
0.3615,  4.621438
0.3620,  3.921007
0.3625,  3.407155
0.3630,  3.047708
0.3635,  2.747908
0.3640,  2.564171
0.3645,  2.348764
0.3650,  2.205146
0.3655,  2.070356
0.3660,  1.969242
0.3665,  1.934589
0.3670,  1.861821
0.3675,  1.814938
0.3680,  1.738808
0.3685,  1.652429
0.3690,  1.665072
0.3695,  1.685529
0.3700,  1.652732
0.3705,  1.648108
0.3710,  1.668184
0.3715,  1.677168
0.3720,  1.681880
0.3725,  1.714058
0.3730,  1.729397
0.3735,  1.739994
0.3740,  1.774683
0.3745,  1.785953
0.3750,  1.877902
0.3755,  1.922910
0.3760,  1.866035
0.3765,  1.774666
0.3770,  1.743322
0.3775,  1.711158
0.3780,  1.644399
0.3785,  1.619726
0.3790,  1.514179
0.3795,  1.413707
0.3800,  1.476893
0.3805,  1.536220
0.3810,  1.521193
0.3815,  1.547702
0.3820,  1.540155
0.3825,  1.536383
0.3830,  1.619740
0.3835,  1.665520
0.3840,  1.905876
0.3845,  2.066070
0.3850,  2.044215
0.3855,  2.020343
0.3860,  1.965619
0.3865,  1.926398
0.3870,  1.884659
0.3875,  1.840218
0.3880,  1.796892
0.3885,  1.725473
0.3890,  1.710700
0.3895,  1.663918
0.3900,  1.568194
0.3905,  1.483975
0.3910,  1.445931
0.3915,  1.458872
0.3920,  1.360312
0.3925,  1.293298
0.3930,  1.200030
0.3935,  1.045715
0.3940,  1.422445
0.3945,  1.667545
0.3950,  1.767934
0.3955,  1.827465
0.3960,  1.628353
0.3965,  1.392351
0.3970,  1.366549
0.3975,  1.302548
0.3980,  1.432741
0.3985,  1.491475
0.3990,  1.405762
0.3995,  1.349212
0.4000,  1.272267
0.4005,  1.200298
0.4010,  1.149537
0.4015,  1.105616
0.4020,  1.057560
0.4025,  1.021828
0.4030,  0.973142
0.4035,  0.930286
0.4040,  0.911247
0.4045,  0.902615
0.4050,  0.902493
0.4055,  0.908259
0.4060,  0.890387
0.4065,  0.870180
0.4070,  0.888512
0.4075,  0.906566
0.4080,  0.938320
0.4085,  0.965992
0.4090,  0.954128
0.4095,  0.941629
0.4100,  0.882359
0.4105,  0.817002
0.4110,  0.880362
0.4115,  0.936317
0.4120,  0.911926
0.4125,  0.890526
0.4130,  0.875152
0.4135,  0.869878
0.4140,  0.870040
0.4145,  0.865076
0.4150,  0.859246
0.4155,  0.853192
0.4160,  0.872714
0.4165,  0.894641
0.4170,  0.849388
0.4175,  0.797634
0.4180,  0.800726
0.4185,  0.806718
0.4190,  0.816420
0.4195,  0.822613
0.4200,  0.843441
0.4205,  0.861660
0.4210,  0.869751
0.4215,  0.885250
0.4220,  0.839642
0.4225,  0.780387
0.4230,  0.810134
0.4235,  0.838765
0.4240,  0.845576
0.4245,  0.853942
0.4250,  0.836754
0.4255,  0.819434
0.4260,  0.818957
0.4265,  0.830602
0.4270,  0.806481
0.4275,  0.769182
0.4280,  0.786458
0.4285,  0.814709
0.4290,  0.808689
0.4295,  0.810707
0.4300,  0.733522
0.4305,  0.631896
0.4310,  0.839064
0.4315,  0.984705
0.4320,  0.940047
0.4325,  0.894481
0.4330,  0.887609
0.4335,  0.878649
0.4340,  0.833446
0.4345,  0.798577
0.4350,  0.801478
0.4355,  0.804625
0.4360,  0.837844
0.4365,  0.865617
0.4370,  0.819157
0.4375,  0.782526
0.4380,  0.721931
0.4385,  0.653608
0.4390,  0.723179
0.4395,  0.788266
0.4400,  0.761896
0.4405,  0.730748
0.4410,  0.777043
0.4415,  0.815109
0.4420,  0.809081
0.4425,  0.801607
0.4430,  0.769308
0.4435,  0.739262
0.4440,  0.743088
0.4445,  0.748016
0.4450,  0.706912
0.4455,  0.663171
0.4460,  0.677982
0.4465,  0.693070
0.4470,  0.734655
0.4475,  0.766905
0.4480,  0.736501
0.4485,  0.706160
0.4490,  0.705975
0.4495,  0.704826
0.4500,  0.713177
0.4505,  0.726002
0.4510,  0.713312
0.4515,  0.698840
0.4520,  0.662917
0.4525,  0.627553
0.4530,  0.632325
0.4535,  0.645539
0.4540,  0.657015
0.4545,  0.662961
0.4550,  0.677162
0.4555,  0.686808
0.4560,  0.687660
0.4565,  0.687188
0.4570,  0.685113
0.4575,  0.689379
0.4580,  0.662498
0.4585,  0.634911
0.4590,  0.640470
0.4595,  0.648084
0.4600,  0.654393
0.4605,  0.658157
0.4610,  0.661443
0.4615,  0.661816
0.4620,  0.666325
0.4625,  0.671293
0.4630,  0.653297
0.4635,  0.644057
0.4640,  0.634159
0.4645,  0.622014
0.4650,  0.642509
0.4655,  0.662985
0.4660,  0.637915
0.4665,  0.612652
0.4670,  0.634171
0.4675,  0.653254
0.4680,  0.652213
0.4685,  0.653469
0.4690,  0.654964
0.4695,  0.656793
0.4700,  0.628929
0.4705,  0.600768
0.4710,  0.629616
0.4715,  0.656971
0.4720,  0.655590
0.4725,  0.650744
0.4730,  0.635822
0.4735,  0.621553
0.4740,  0.627669
0.4745,  0.634638
0.4750,  0.622041
0.4755,  0.608807
0.4760,  0.592161
0.4765,  0.578864
0.4770,  0.605318
0.4775,  0.626916
0.4780,  0.604084
0.4785,  0.584893
0.4790,  0.598445
0.4795,  0.609983
0.4800,  0.594050
0.4805,  0.585299
0.4810,  0.590799
0.4815,  0.596828
0.4820,  0.577828
0.4825,  0.562734
0.4830,  0.558100
0.4835,  0.555516
0.4840,  0.550414
0.4845,  0.550961
0.4850,  0.534678
0.4855,  0.522025
0.4860,  0.490572
0.4865,  0.449615
0.4870,  0.509010
0.4875,  0.559574
0.4880,  0.573010
0.4885,  0.580267
0.4890,  0.575210
0.4895,  0.570143
0.4900,  0.565367
0.4905,  0.565940
0.4910,  0.535917
0.4915,  0.507178
0.4920,  0.508799
0.4925,  0.507891
0.4930,  0.500623
0.4935,  0.490040
0.4940,  0.520861
0.4945,  0.550584
0.4950,  0.513993
0.4955,  0.476050
0.4960,  0.493078
0.4965,  0.509209
0.4970,  0.509053
0.4975,  0.512875
0.4980,  0.481525
0.4985,  0.449606
0.4990,  0.478468
0.4995,  0.505052
0.5000,  0.483257
0.5005,  0.460238
0.5010,  0.453947
0.5015,  0.444952
0.5020,  0.464384
0.5025,  0.481799
0.5030,  0.489730
0.5035,  0.496331
0.5040,  0.479749
0.5045,  0.461107
0.5050,  0.483162
0.5055,  0.505476
0.5060,  0.491998
0.5065,  0.480226
0.5070,  0.467918
0.5075,  0.454752
0.5080,  0.456952
0.5085,  0.457101
0.5090,  0.454819
0.5095,  0.452235
0.5100,  0.456574
0.5105,  0.461762
0.5110,  0.472027
0.5115,  0.481233
0.5120,  0.450817
0.5125,  0.424755
0.5130,  0.431346
0.5135,  0.434159
0.5140,  0.442269
0.5145,  0.448895
0.5150,  0.456068
0.5155,  0.467025
0.5160,  0.422844
0.5165,  0.378423
0.5170,  0.408725
0.5175,  0.436678
0.5180,  0.425144
0.5185,  0.405847
0.5190,  0.445046
0.5195,  0.479153
0.5200,  0.468559
0.5205,  0.458141
0.5210,  0.466050
0.5215,  0.474158
0.5220,  0.448091
0.5225,  0.422016
0.5230,  0.437341
0.5235,  0.448598
0.5240,  0.457155
0.5245,  0.466731
0.5250,  0.459536
0.5255,  0.456751
0.5260,  0.404269
0.5265,  0.347782
0.5270,  0.394619
0.5275,  0.432827
0.5280,  0.442041
0.5285,  0.448370
0.5290,  0.442929
0.5295,  0.437474
0.5300,  0.437812
0.5305,  0.438634
0.5310,  0.436508
0.5315,  0.440322
0.5320,  0.400694
0.5325,  0.359920
0.5330,  0.404868
0.5335,  0.444189
0.5340,  0.427852
0.5345,  0.409204
0.5350,  0.434951
0.5355,  0.458274
0.5360,  0.427317
0.5365,  0.400393
0.5370,  0.405985
0.5375,  0.411489
0.5380,  0.418215
0.5385,  0.427025
0.5390,  0.414866
0.5395,  0.403555
0.5400,  0.394373
0.5405,  0.384197
0.5410,  0.413651
0.5415,  0.439778
0.5420,  0.424430
0.5425,  0.407625
0.5430,  0.416879
0.5435,  0.426585
0.5440,  0.425000
0.5445,  0.423951
0.5450,  0.428975
0.5455,  0.433350
0.5460,  0.430776
0.5465,  0.426402
0.5470,  0.416086
0.5475,  0.404566
0.5480,  0.409555
0.5485,  0.413084
0.5490,  0.419072
0.5495,  0.428333
0.5500,  0.422119
0.5505,  0.415013
0.5510,  0.417093
0.5515,  0.420400
0.5520,  0.416975
0.5525,  0.410773
0.5530,  0.418380
0.5535,  0.426346
0.5540,  0.428406
0.5545,  0.430719
0.5550,  0.429417
0.5555,  0.429955
0.5560,  0.414727
0.5565,  0.401334
0.5570,  0.412104
0.5575,  0.424011
0.5580,  0.415253
0.5585,  0.406897
0.5590,  0.413759
0.5595,  0.421119
0.5600,  0.428522
0.5605,  0.434775
0.5610,  0.427799
0.5615,  0.420089
0.5620,  0.424307
0.5625,  0.429201
0.5630,  0.431121
0.5635,  0.433302
0.5640,  0.432444
0.5645,  0.434442
0.5650,  0.425753
0.5655,  0.417067
0.5660,  0.424744
0.5665,  0.431226
0.5670,  0.443406
0.5675,  0.457530
0.5680,  0.437772
0.5685,  0.419510
0.5690,  0.433564
0.5695,  0.449664
0.5700,  0.432859
0.5705,  0.413180
0.5710,  0.426639
0.5715,  0.432436
0.5720,  0.442459
0.5725,  0.452050
0.5730,  0.442211
0.5735,  0.435123
0.5740,  0.433059
0.5745,  0.432750
0.5750,  0.425355
0.5755,  0.416283
0.5760,  0.419361
0.5765,  0.424097
0.5770,  0.427861
0.5775,  0.434359
0.5780,  0.417961
0.5785,  0.397911
0.5790,  0.407226
0.5795,  0.415262
0.5800,  0.416430
0.5805,  0.419238
0.5810,  0.422737
0.5815,  0.424644
0.5820,  0.427142
0.5825,  0.427795
0.5830,  0.419677
0.5835,  0.414064
0.5840,  0.416348
0.5845,  0.420972
0.5850,  0.408861
0.5855,  0.397891
0.5860,  0.416087
0.5865,  0.429980
0.5870,  0.434316
0.5875,  0.443891
0.5880,  0.433642
0.5885,  0.427345
0.5890,  0.411302
0.5895,  0.385270
0.5900,  0.443623
0.5905,  0.491462
0.5910,  0.478869
0.5915,  0.464940
0.5920,  0.460226
0.5925,  0.457453
0.5930,  0.449805
0.5935,  0.451243
0.5940,  0.449863
0.5945,  0.446117
0.5950,  0.452235
0.5955,  0.453543
0.5960,  0.455087
0.5965,  0.457383
0.5970,  0.447814
0.5975,  0.438995
0.5980,  0.433347
0.5985,  0.428488
0.5990,  0.438562
0.5995,  0.446251
0.6000,  0.441363
0.6005,  0.437727
0.6010,  0.440984
0.6015,  0.441156
0.6020,  0.429015
0.6025,  0.416908
0.6030,  0.432937
0.6035,  0.448410
0.6040,  0.444340
0.6045,  0.444952
0.6050,  0.445121
0.6055,  0.441540
0.6060,  0.438188
0.6065,  0.436335
0.6070,  0.436269
0.6075,  0.437958
0.6080,  0.439055
0.6085,  0.438517
0.6090,  0.443667
0.6095,  0.448041
0.6100,  0.439184
0.6105,  0.428608
0.6110,  0.439947
0.6115,  0.450579
0.6120,  0.440587
0.6125,  0.433111
0.6130,  0.434039
0.6135,  0.434364
0.6140,  0.445549
0.6145,  0.455324
0.6150,  0.455138
0.6155,  0.457102
0.6160,  0.430276
0.6165,  0.401105
0.6170,  0.426851
0.6175,  0.452868
0.6180,  0.457682
0.6185,  0.465794
0.6190,  0.465413
0.6195,  0.461358
0.6200,  0.465456
0.6205,  0.469841
0.6210,  0.454817
0.6215,  0.441134
0.6220,  0.450068
0.6225,  0.462291
0.6230,  0.458092
0.6235,  0.455952
0.6240,  0.460930
0.6245,  0.463304
0.6250,  0.458590
0.6255,  0.451531
0.6260,  0.466231
0.6265,  0.480090
0.6270,  0.481180
0.6275,  0.486687
0.6280,  0.494548
0.6285,  0.500529
0.6290,  0.502631
0.6295,  0.499978
0.6300,  0.493711
0.6305,  0.485138
0.6310,  0.475421
0.6315,  0.474556
0.6320,  0.472539
0.6325,  0.476012
0.6330,  0.478151
0.6335,  0.478099
0.6340,  0.479867
0.6345,  0.482044
0.6350,  0.479853
0.6355,  0.476687
0.6360,  0.474117
0.6365,  0.470738
0.6370,  0.466699
0.6375,  0.465047
0.6380,  0.466659
0.6385,  0.470577
0.6390,  0.473716
0.6395,  0.475462
0.6400,  0.477270
0.6405,  0.478302
0.6410,  0.474701
0.6415,  0.475744
0.6420,  0.472320
0.6425,  0.468949
0.6430,  0.467332
0.6435,  0.470092
0.6440,  0.470522
0.6445,  0.475107
0.6450,  0.484551
0.6455,  0.492635
0.6460,  0.501125
0.6465,  0.507004
0.6470,  0.506041
0.6475,  0.502150
0.6480,  0.497387
0.6485,  0.491034
0.6490,  0.491085
0.6495,  0.503216
0.6500,  0.509521
0.6505,  0.514038
0.6510,  0.519131
0.6515,  0.517203
0.6520,  0.514538
0.6525,  0.508936
0.6530,  0.503219
0.6535,  0.490164
0.6540,  0.478931
0.6545,  0.475196
0.6550,  0.485232
0.6555,  0.492052
0.6560,  0.496169
0.6565,  0.488390
0.6570,  0.460929
0.6575,  0.471745
0.6580,  0.483688
0.6585,  0.496031
0.6590,  0.508989
0.6595,  0.500005
0.6600,  0.490636
0.6605,  0.479544
0.6610,  0.472986
0.6615,  0.466738
0.6620,  0.462268
0.6625,  0.461982
0.6630,  0.466201
0.6635,  0.475003
0.6640,  0.481589
0.6645,  0.482748
0.6650,  0.484196
0.6655,  0.479791
0.6660,  0.472955
0.6665,  0.466437
0.6670,  0.463048
0.6675,  0.469516
0.6680,  0.470442
0.6685,  0.475926
0.6690,  0.482836
0.6695,  0.483588
0.6700,  0.482580
0.6705,  0.482099
0.6710,  0.482514
0.6715,  0.483460
0.6720,  0.484878
0.6725,  0.484602
0.6730,  0.483438
0.6735,  0.481444
0.6740,  0.482455
0.6745,  0.481477
0.6750,  0.483097
0.6755,  0.488658
0.6760,  0.496506
0.6765,  0.501253
0.6770,  0.504238
0.6775,  0.505479
0.6780,  0.501881
0.6785,  0.500128
0.6790,  0.499096
0.6795,  0.497354
0.6800,  0.496741
0.6805,  0.497443
0.6810,  0.500496
0.6815,  0.502607
0.6820,  0.508316
0.6825,  0.512345
0.6830,  0.516781
0.6835,  0.517670
0.6840,  0.519179
0.6845,  0.517433
0.6850,  0.520914
0.6855,  0.534884
0.6860,  0.571246
0.6865,  0.624149
0.6870,  0.679950
0.6875,  0.716446
0.6880,  0.730403
0.6885,  0.726509
0.6890,  0.720701
0.6895,  0.711280
0.6900,  0.696581
0.6905,  0.680069
0.6910,  0.660291
0.6915,  0.648043
0.6920,  0.639211
0.6925,  0.635255
0.6930,  0.638460
0.6935,  0.638777
0.6940,  0.643893
0.6945,  0.642463
0.6950,  0.644514
0.6955,  0.643101
0.6960,  0.636746
0.6965,  0.627321
0.6970,  0.617087
0.6975,  0.614863
0.6980,  0.620577
0.6985,  0.627837
0.6990,  0.630412
0.6995,  0.627675
0.7000,  0.624548
0.7005,  0.627486
0.7010,  0.630978
0.7015,  0.634590
0.7020,  0.638609
0.7025,  0.641221
0.7030,  0.641021
0.7035,  0.641480
0.7040,  0.644855
0.7045,  0.651941
0.7050,  0.657935
0.7055,  0.654687
0.7060,  0.650740
0.7065,  0.644828
0.7070,  0.636681
0.7075,  0.628654
0.7080,  0.625062
0.7085,  0.621547
0.7090,  0.618262
0.7095,  0.619816
0.7100,  0.622026
0.7105,  0.626272
0.7110,  0.632476
0.7115,  0.632483
0.7120,  0.629344
0.7125,  0.627638
0.7130,  0.627422
0.7135,  0.625770
0.7140,  0.641276
0.7145,  0.654270
0.7150,  0.664526
0.7155,  0.677738
0.7160,  0.709430
0.7165,  0.756329
0.7170,  0.814431
0.7175,  0.873283
0.7180,  0.934338
0.7185,  0.987843
0.7190,  1.027157
0.7195,  1.050149
0.7200,  1.040005
0.7205,  1.004128
0.7210,  0.961320
0.7215,  0.912546
0.7220,  0.885521
0.7225,  0.881141
0.7230,  0.903420
0.7235,  0.927034
0.7240,  0.956461
0.7245,  0.975830
0.7250,  0.988382
0.7255,  0.996745
0.7260,  0.996227
0.7265,  0.999879
0.7270,  1.005424
0.7275,  0.989696
0.7280,  0.983925
0.7285,  0.981878
0.7290,  0.975606
0.7295,  0.970947
0.7300,  0.959721
0.7305,  0.946558
0.7310,  0.934337
0.7315,  0.920019
0.7320,  0.898324
0.7325,  0.872981
0.7330,  0.847438
0.7335,  0.827593
0.7340,  0.812682
0.7345,  0.801294
0.7350,  0.797685
0.7355,  0.801308
0.7360,  0.800401
0.7365,  0.795078
0.7370,  0.787701
0.7375,  0.777554
0.7380,  0.773527
0.7385,  0.775443
0.7390,  0.776032
0.7395,  0.775866
0.7400,  0.772409
0.7405,  0.768075
0.7410,  0.769035
0.7415,  0.776871
0.7420,  0.772651
0.7425,  0.760329
0.7430,  0.753666
0.7435,  0.744398
0.7440,  0.742183
0.7445,  0.744031
0.7450,  0.747830
0.7455,  0.747597
0.7460,  0.734004
0.7465,  0.735461
0.7470,  0.740517
0.7475,  0.739203
0.7480,  0.745929
0.7485,  0.748113
0.7490,  0.739800
0.7495,  0.735264
0.7500,  0.735128
0.7505,  0.744659
0.7510,  0.751710
0.7515,  0.771806
0.7520,  0.782088
0.7525,  0.785488
0.7530,  0.776295
0.7535,  0.776766
0.7540,  0.773380
0.7545,  0.769501
0.7550,  0.766043
0.7555,  0.767124
0.7560,  0.777921
0.7565,  0.787480
0.7570,  0.789615
0.7575,  0.806238
0.7580,  0.847261
0.7585,  0.928551
0.7590,  1.084531
0.7595,  1.360918
0.7600,  1.834709
0.7605,  2.545913
0.7610,  3.458377
0.7615,  3.846056
0.7620,  3.418505
0.7625,  3.200506
0.7630,  3.085227
0.7635,  2.866904
0.7640,  2.661037
0.7645,  2.306096
0.7650,  1.994160
0.7655,  1.755789
0.7660,  1.559001
0.7665,  1.386833
0.7670,  1.244555
0.7675,  1.161071
0.7680,  1.094062
0.7685,  1.041691
0.7690,  1.000935
0.7695,  0.960493
0.7700,  0.928411
0.7705,  0.914010
0.7710,  0.907717
0.7715,  0.906598
0.7720,  0.915708
0.7725,  0.923880
0.7730,  0.920289
0.7735,  0.911480
0.7740,  0.904989
0.7745,  0.900075
0.7750,  0.890558
0.7755,  0.889552
0.7760,  0.893438
0.7765,  0.899864
0.7770,  0.903612
0.7775,  0.906793
0.7780,  0.917816
0.7785,  0.920863
0.7790,  0.926377
0.7795,  0.942814
0.7800,  0.954299
0.7805,  0.957166
0.7810,  0.968641
0.7815,  0.973765
0.7820,  0.967814
0.7825,  0.953911
0.7830,  0.950414
0.7835,  0.943865
0.7840,  0.955868
0.7845,  0.972639
0.7850,  0.994092
0.7855,  1.001917
0.7860,  1.001178
0.7865,  1.015299
0.7870,  1.022076
0.7875,  1.048564
0.7880,  1.074922
0.7885,  1.085316
0.7890,  1.101831
0.7895,  1.123019
0.7900,  1.123897
0.7905,  1.144406
0.7910,  1.150436
0.7915,  1.167678
0.7920,  1.179008
0.7925,  1.186149
0.7930,  1.173881
0.7935,  1.160375
0.7940,  1.148631
0.7945,  1.130977
0.7950,  1.137566
0.7955,  1.141704
0.7960,  1.155320
0.7965,  1.156798
0.7970,  1.141636
0.7975,  1.138615
0.7980,  1.142443
0.7985,  1.137096
0.7990,  1.138149
0.7995,  1.171080
0.8000,  1.195556
0.8005,  1.209344
0.8010,  1.207806
0.8015,  1.219215
0.8020,  1.202568
0.8025,  1.210027
0.8030,  1.202818
0.8035,  1.208764
0.8040,  1.213188
0.8045,  1.244649
0.8050,  1.257067
0.8055,  1.244906
0.8060,  1.258551
0.8065,  1.258913
0.8070,  1.267341
0.8075,  1.283554
0.8080,  1.277764
0.8085,  1.274604
0.8090,  1.289018
0.8095,  1.326216
0.8100,  1.350201
0.8105,  1.399482
0.8110,  1.426574
0.8115,  1.465701
0.8120,  1.507666
0.8125,  1.601082
0.8130,  1.686677
0.8135,  1.762035
0.8140,  1.843037
0.8145,  1.979670
0.8150,  2.115636
0.8155,  2.338058
0.8160,  2.593753
0.8165,  2.672864
0.8170,  2.730834
0.8175,  2.726174
0.8180,  2.738811
0.8185,  2.736459
0.8190,  2.530954
0.8195,  2.405217
0.8200,  2.280600
0.8205,  2.133797
0.8210,  2.064644
0.8215,  2.173360
0.8220,  2.440852
0.8225,  2.962240
0.8230,  3.390175
0.8235,  3.181655
0.8240,  2.803891
0.8245,  2.471261
0.8250,  2.195056
0.8255,  2.044885
0.8260,  1.978493
0.8265,  1.971603
0.8270,  2.052884
0.8275,  2.158213
0.8280,  2.249741
0.8285,  2.341801
0.8290,  2.334626
0.8295,  2.269399
0.8300,  2.264303
0.8305,  2.281132
0.8310,  2.317602
0.8315,  2.406272
0.8320,  2.455330
0.8325,  2.580369
0.8330,  2.564408
0.8335,  2.524037
0.8340,  2.337876
0.8345,  2.223902
0.8350,  2.202044
0.8355,  2.169610
0.8360,  2.141592
0.8365,  2.067681
0.8370,  2.066354
0.8375,  2.060656
0.8380,  1.967018
0.8385,  2.001421
0.8390,  2.088554
0.8395,  2.106898
0.8400,  2.089027
0.8405,  2.024385
0.8410,  1.942649
0.8415,  1.896194
0.8420,  1.923846
0.8425,  1.938247
0.8430,  2.016204
0.8435,  2.157782
0.8440,  2.238148
0.8445,  2.230576
0.8450,  2.172785
0.8455,  2.118711
0.8460,  2.120693
0.8465,  2.171708
0.8470,  2.243395
0.8475,  2.294542
0.8480,  2.366807
0.8485,  2.437566
0.8490,  2.561217
0.8495,  2.755435
0.8500,  2.942056
0.8505,  3.053264
0.8510,  2.874047
0.8515,  2.943110
0.8520,  2.901786
0.8525,  3.098052
0.8530,  3.560923
0.8535,  4.501207
0.8540,  Infinity
0.8545,  Infinity
0.8550,  Infinity
0.8555,  6.636181
0.8560,  5.993446
0.8565,  Infinity
0.8570,  5.552172
0.8575,  3.924486
0.8580,  3.385912
0.8585,  3.110044
0.8590,  3.233367
0.8595,  3.607658
0.8600,  4.038747
0.8605,  5.317916
0.8610,  4.428150
0.8615,  4.261383
0.8620,  3.849373
0.8625,  5.427419
0.8630,  Infinity
0.8635,  Infinity
0.8640,  5.771425
0.8645,  Infinity
0.8650,  Infinity
0.8655,  Infinity
0.8660,  Infinity
0.8665,  Infinity
0.8670,  Infinity
0.8675,  Infinity
0.8680,  Infinity
0.8685,  Infinity
0.8690,  Infinity
0.8695,  Infinity
0.8700,  Infinity
0.8705,  Infinity
0.8710,  Infinity
0.8715,  Infinity
0.8720,  Infinity
0.8725,  Infinity
0.8730,  Infinity
0.8735,  Infinity
0.8740,  Infinity
0.8745,  Infinity
0.8750,  Infinity
0.8755,  Infinity
0.8760,  Infinity
0.8765,  Infinity
0.8770,  Infinity
0.8775,  Infinity
0.8780,  Infinity
0.8785,  Infinity
0.8790,  Infinity
0.8795,  Infinity
0.8800,  Infinity
0.8805,  Infinity
0.8810,  Infinity
0.8815,  Infinity
0.8820,  Infinity
0.8825,  Infinity
0.8830,  Infinity
0.8835,  Infinity
0.8840,  Infinity
0.8845,  Infinity
0.8850,  Infinity
0.8855,  Infinity
0.8860,  Infinity
0.8865,  Infinity
0.8870,  Infinity
0.8875,  Infinity
0.8880,  Infinity
0.8885,  7.556116
0.8890,  5.460268
0.8895,  6.807302
0.8900,  Infinity
