0.3500,  Infinity
0.3505,  Infinity
0.3510,  Infinity
0.3515,  Infinity
0.3520,  Infinity
0.3525,  Infinity
0.3530,  Infinity
0.3535,  Infinity
0.3540,  Infinity
0.3545,  Infinity
0.3550,  Infinity
0.3555,  Infinity
0.3560,  Infinity
0.3565,  Infinity
0.3570,  Infinity
0.3575,  Infinity
0.3580,  Infinity
0.3585,  Infinity
0.3590,  Infinity
0.3595,  Infinity
0.3600,  Infinity
0.3605,  Infinity
0.3610,  Infinity
0.3615,  Infinity
0.3620,  Infinity
0.3625,  Infinity
0.3630,  Infinity
0.3635,  Infinity
0.3640,  Infinity
0.3645,  Infinity
0.3650,  Infinity
0.3655,  Infinity
0.3660,  Infinity
0.3665,  Infinity
0.3670,  Infinity
0.3675,  Infinity
0.3680,  Infinity
0.3685,  Infinity
0.3690,  Infinity
0.3695,  Infinity
0.3700,  Infinity
0.3705,  Infinity
0.3710,  Infinity
0.3715,  Infinity
0.3720,  Infinity
0.3725,  Infinity
0.3730,  Infinity
0.3735,  Infinity
0.3740,  Infinity
0.3745,  Infinity
0.3750,  Infinity
0.3755,  Infinity
0.3760,  Infinity
0.3765,  Infinity
0.3770,  Infinity
0.3775,  Infinity
0.3780,  5.670518
0.3785,  4.269776
0.3790,  3.580063
0.3795,  3.214583
0.3800,  3.097198
0.3805,  3.152537
0.3810,  3.430202
0.3815,  4.309113
0.3820,  Infinity
0.3825,  Infinity
0.3830,  Infinity
0.3835,  Infinity
0.3840,  Infinity
0.3845,  Infinity
0.3850,  Infinity
0.3855,  Infinity
0.3860,  Infinity
0.3865,  Infinity
0.3870,  Infinity
0.3875,  Infinity
0.3880,  Infinity
0.3885,  Infinity
0.3890,  Infinity
0.3895,  5.004634
0.3900,  3.763067
0.3905,  3.137749
0.3910,  2.834094
0.3915,  2.737832
0.3920,  2.675743
0.3925,  2.839618
0.3930,  3.292726
0.3935,  4.286370
0.3940,  Infinity
0.3945,  Infinity
0.3950,  Infinity
0.3955,  Infinity
0.3960,  Infinity
0.3965,  Infinity
0.3970,  5.253019
0.3975,  3.481531
0.3980,  2.780313
0.3985,  2.405758
0.3990,  2.081887
0.3995,  1.879581
0.4000,  1.693083
0.4005,  1.542573
0.4010,  1.439717
0.4015,  1.361516
0.4020,  1.294766
0.4025,  1.257836
0.4030,  1.212267
0.4035,  1.164899
0.4040,  1.142556
0.4045,  1.133113
0.4050,  1.127103
0.4055,  1.129686
0.4060,  1.118652
0.4065,  1.107421
0.4070,  1.129174
0.4075,  1.146374
0.4080,  1.175593
0.4085,  1.199784
0.4090,  1.183472
0.4095,  1.171422
0.4100,  1.116772
0.4105,  1.052070
0.4110,  1.107728
0.4115,  1.158694
0.4120,  1.132642
0.4125,  1.104482
0.4130,  1.077356
0.4135,  1.049605
0.4140,  1.033447
0.4145,  1.019397
0.4150,  1.012305
0.4155,  1.010419
0.4160,  1.036085
0.4165,  1.059666
0.4170,  1.014063
0.4175,  0.959794
0.4180,  0.960655
0.4185,  0.974826
0.4190,  0.993365
0.4195,  0.995298
0.4200,  1.007187
0.4205,  1.021855
0.4210,  1.024471
0.4215,  1.035106
0.4220,  0.990467
0.4225,  0.934456
0.4230,  0.965975
0.4235,  1.006878
0.4240,  1.024709
0.4245,  1.047864
0.4250,  1.029598
0.4255,  1.012059
0.4260,  1.009111
0.4265,  1.009705
0.4270,  0.977657
0.4275,  0.949935
0.4280,  0.977907
0.4285,  1.003685
0.4290,  1.013092
0.4295,  1.030004
0.4300,  0.958768
0.4305,  0.857740
0.4310,  1.051633
0.4315,  1.190173
0.4320,  1.143933
0.4325,  1.087401
0.4330,  1.069728
0.4335,  1.049658
0.4340,  1.011958
0.4345,  0.978447
0.4350,  0.969182
0.4355,  0.954681
0.4360,  0.984662
0.4365,  1.015871
0.4370,  0.967360
0.4375,  0.923538
0.4380,  0.861291
0.4385,  0.797615
0.4390,  0.861870
0.4395,  0.923985
0.4400,  0.898645
0.4405,  0.863696
0.4410,  0.900877
0.4415,  0.928010
0.4420,  0.911304
0.4425,  0.893745
0.4430,  0.858752
0.4435,  0.833391
0.4440,  0.843361
0.4445,  0.853741
0.4450,  0.816670
0.4455,  0.774871
0.4460,  0.786022
0.4465,  0.794663
0.4470,  0.822689
0.4475,  0.851622
0.4480,  0.819962
0.4485,  0.787511
0.4490,  0.785152
0.4495,  0.782505
0.4500,  0.797472
0.4505,  0.810450
0.4510,  0.792023
0.4515,  0.772777
0.4520,  0.729533
0.4525,  0.698785
0.4530,  0.711712
0.4535,  0.729044
0.4540,  0.740993
0.4545,  0.750793
0.4550,  0.765656
0.4555,  0.776603
0.4560,  0.779327
0.4565,  0.779744
0.4570,  0.772473
0.4575,  0.772137
0.4580,  0.742492
0.4585,  0.709304
0.4590,  0.717837
0.4595,  0.726963
0.4600,  0.730505
0.4605,  0.733637
0.4610,  0.735335
0.4615,  0.733420
0.4620,  0.736757
0.4625,  0.739396
0.4630,  0.716595
0.4635,  0.702364
0.4640,  0.692716
0.4645,  0.685684
0.4650,  0.708439
0.4655,  0.729581
0.4660,  0.710600
0.4665,  0.687962
0.4670,  0.711474
0.4675,  0.731560
0.4680,  0.725209
0.4685,  0.722667
0.4690,  0.717093
0.4695,  0.719514
0.4700,  0.691778
0.4705,  0.661667
0.4710,  0.684734
0.4715,  0.710890
0.4720,  0.703847
0.4725,  0.697835
0.4730,  0.681128
0.4735,  0.663423
0.4740,  0.671498
0.4745,  0.679921
0.4750,  0.669048
0.4755,  0.656973
0.4760,  0.639467
0.4765,  0.621617
0.4770,  0.643489
0.4775,  0.660999
0.4780,  0.636137
0.4785,  0.614627
0.4790,  0.622300
0.4795,  0.627655
0.4800,  0.611065
0.4805,  0.599301
0.4810,  0.607078
0.4815,  0.615501
0.4820,  0.595415
0.4825,  0.579280
0.4830,  0.572507
0.4835,  0.567354
0.4840,  0.559827
0.4845,  0.559685
0.4850,  0.540779
0.4855,  0.528579
0.4860,  0.503714
0.4865,  0.467574
0.4870,  0.526803
0.4875,  0.573024
0.4880,  0.581994
0.4885,  0.586758
0.4890,  0.580504
0.4895,  0.572636
0.4900,  0.566933
0.4905,  0.566500
0.4910,  0.535447
0.4915,  0.507579
0.4920,  0.506256
0.4925,  0.504504
0.4930,  0.499095
0.4935,  0.489922
0.4940,  0.519054
0.4945,  0.549759
0.4950,  0.512960
0.4955,  0.475672
0.4960,  0.489849
0.4965,  0.505023
0.4970,  0.502924
0.4975,  0.506256
0.4980,  0.474373
0.4985,  0.438477
0.4990,  0.463049
0.4995,  0.487386
0.5000,  0.465999
0.5005,  0.444812
0.5010,  0.439787
0.5015,  0.433143
0.5020,  0.453072
0.5025,  0.471257
0.5030,  0.478952
0.5035,  0.485194
0.5040,  0.469775
0.5045,  0.448860
0.5050,  0.471184
0.5055,  0.488283
0.5060,  0.473822
0.5065,  0.464634
0.5070,  0.452802
0.5075,  0.441184
0.5080,  0.443299
0.5085,  0.443478
0.5090,  0.439498
0.5095,  0.435634
0.5100,  0.440193
0.5105,  0.444912
0.5110,  0.454352
0.5115,  0.464618
0.5120,  0.435129
0.5125,  0.408538
0.5130,  0.409149
0.5135,  0.410595
0.5140,  0.417074
0.5145,  0.422649
0.5150,  0.433473
0.5155,  0.446466
0.5160,  0.405722
0.5165,  0.364351
0.5170,  0.395050
0.5175,  0.423296
0.5180,  0.411135
0.5185,  0.390728
0.5190,  0.429648
0.5195,  0.463445
0.5200,  0.452124
0.5205,  0.441479
0.5210,  0.448685
0.5215,  0.457963
0.5220,  0.432797
0.5225,  0.409482
0.5230,  0.419873
0.5235,  0.428654
0.5240,  0.436055
0.5245,  0.445270
0.5250,  0.439926
0.5255,  0.438954
0.5260,  0.388393
0.5265,  0.334798
0.5270,  0.380411
0.5275,  0.416675
0.5280,  0.424301
0.5285,  0.429054
0.5290,  0.423394
0.5295,  0.416782
0.5300,  0.415648
0.5305,  0.417713
0.5310,  0.416957
0.5315,  0.422278
0.5320,  0.383404
0.5325,  0.343745
0.5330,  0.386461
0.5335,  0.425355
0.5340,  0.407991
0.5345,  0.387373
0.5350,  0.411670
0.5355,  0.436165
0.5360,  0.407235
0.5365,  0.379915
0.5370,  0.385430
0.5375,  0.391115
0.5380,  0.398766
0.5385,  0.407159
0.5390,  0.395202
0.5395,  0.385352
0.5400,  0.377332
0.5405,  0.366872
0.5410,  0.395630
0.5415,  0.421984
0.5420,  0.407141
0.5425,  0.393059
0.5430,  0.403392
0.5435,  0.412164
0.5440,  0.409595
0.5445,  0.408498
0.5450,  0.412454
0.5455,  0.417241
0.5460,  0.413014
0.5465,  0.407127
0.5470,  0.396395
0.5475,  0.384416
0.5480,  0.391441
0.5485,  0.398922
0.5490,  0.407242
0.5495,  0.412934
0.5500,  0.402791
0.5505,  0.394595
0.5510,  0.397650
0.5515,  0.400871
0.5520,  0.396329
0.5525,  0.390383
0.5530,  0.398663
0.5535,  0.407116
0.5540,  0.408380
0.5545,  0.410060
0.5550,  0.409909
0.5555,  0.411876
0.5560,  0.397799
0.5565,  0.385249
0.5570,  0.396327
0.5575,  0.407562
0.5580,  0.397361
0.5585,  0.387555
0.5590,  0.396810
0.5595,  0.406087
0.5600,  0.412490
0.5605,  0.415762
0.5610,  0.408643
0.5615,  0.401335
0.5620,  0.405813
0.5625,  0.412931
0.5630,  0.417843
0.5635,  0.423970
0.5640,  0.425585
0.5645,  0.426156
0.5650,  0.415348
0.5655,  0.403283
0.5660,  0.409475
0.5665,  0.413680
0.5670,  0.425997
0.5675,  0.440283
0.5680,  0.425068
0.5685,  0.410181
0.5690,  0.426249
0.5695,  0.442709
0.5700,  0.425144
0.5705,  0.403624
0.5710,  0.412668
0.5715,  0.419466
0.5720,  0.428363
0.5725,  0.437114
0.5730,  0.428665
0.5735,  0.424083
0.5740,  0.422420
0.5745,  0.421955
0.5750,  0.413814
0.5755,  0.405929
0.5760,  0.411771
0.5765,  0.417946
0.5770,  0.422748
0.5775,  0.429720
0.5780,  0.413854
0.5785,  0.394662
0.5790,  0.403805
0.5795,  0.411344
0.5800,  0.409456
0.5805,  0.408760
0.5810,  0.410204
0.5815,  0.415570
0.5820,  0.420734
0.5825,  0.423734
0.5830,  0.417919
0.5835,  0.414221
0.5840,  0.413655
0.5845,  0.417860
0.5850,  0.403215
0.5855,  0.388880
0.5860,  0.405930
0.5865,  0.422515
0.5870,  0.431633
0.5875,  0.449815
0.5880,  0.446703
0.5885,  0.446497
0.5890,  0.432343
0.5895,  0.408708
0.5900,  0.468105
0.5905,  0.516040
0.5910,  0.504987
0.5915,  0.490593
0.5920,  0.485642
0.5925,  0.482455
0.5930,  0.472986
0.5935,  0.472005
0.5940,  0.471681
0.5945,  0.470631
0.5950,  0.475549
0.5955,  0.477071
0.5960,  0.479270
0.5965,  0.481280
0.5970,  0.469920
0.5975,  0.458533
0.5980,  0.448270
0.5985,  0.440901
0.5990,  0.448916
0.5995,  0.457381
0.6000,  0.454728
0.6005,  0.450408
0.6010,  0.452379
0.6015,  0.449230
0.6020,  0.434529
0.6025,  0.421449
0.6030,  0.433846
0.6035,  0.447859
0.6040,  0.443678
0.6045,  0.446036
0.6050,  0.444725
0.6055,  0.441152
0.6060,  0.438906
0.6065,  0.439821
0.6070,  0.438584
0.6075,  0.438363
0.6080,  0.438856
0.6085,  0.439288
0.6090,  0.444784
0.6095,  0.451924
0.6100,  0.444821
0.6105,  0.434862
0.6110,  0.445539
0.6115,  0.453835
0.6120,  0.443890
0.6125,  0.435055
0.6130,  0.436313
0.6135,  0.438775
0.6140,  0.452857
0.6145,  0.462177
0.6150,  0.466291
0.6155,  0.471663
0.6160,  0.448053
0.6165,  0.420246
0.6170,  0.445796
0.6175,  0.469996
0.6180,  0.473168
0.6185,  0.480317
0.6190,  0.480413
0.6195,  0.475644
0.6200,  0.483341
0.6205,  0.488753
0.6210,  0.472875
0.6215,  0.459910
0.6220,  0.465723
0.6225,  0.475361
0.6230,  0.469330
0.6235,  0.467094
0.6240,  0.476257
0.6245,  0.482768
0.6250,  0.483868
0.6255,  0.480270
0.6260,  0.496999
0.6265,  0.508877
0.6270,  0.506187
0.6275,  0.508357
0.6280,  0.514634
0.6285,  0.523583
0.6290,  0.525116
0.6295,  0.523882
0.6300,  0.520270
0.6305,  0.512635
0.6310,  0.505305
0.6315,  0.504971
0.6320,  0.500017
0.6325,  0.495050
0.6330,  0.494314
0.6335,  0.494851
0.6340,  0.499248
0.6345,  0.506598
0.6350,  0.511389
0.6355,  0.513742
0.6360,  0.518345
0.6365,  0.517208
0.6370,  0.513145
0.6375,  0.507171
0.6380,  0.501316
0.6385,  0.499684
0.6390,  0.501317
0.6395,  0.500611
0.6400,  0.503505
0.6405,  0.503363
0.6410,  0.503556
0.6415,  0.509730
0.6420,  0.510637
0.6425,  0.511117
0.6430,  0.508685
0.6435,  0.509601
0.6440,  0.511618
0.6445,  0.514461
0.6450,  0.526606
0.6455,  0.535375
0.6460,  0.546605
0.6465,  0.557250
0.6470,  0.563488
0.6475,  0.566112
0.6480,  0.563313
0.6485,  0.561836
0.6490,  0.560291
0.6495,  0.567899
0.6500,  0.568094
0.6505,  0.570505
0.6510,  0.574057
0.6515,  0.572141
0.6520,  0.568249
0.6525,  0.564311
0.6530,  0.561016
0.6535,  0.550747
0.6540,  0.547112
0.6545,  0.553653
0.6550,  0.566930
0.6555,  0.581134
0.6560,  0.587293
0.6565,  0.575020
0.6570,  0.541403
0.6575,  0.547349
0.6580,  0.553225
0.6585,  0.558318
0.6590,  0.568412
0.6595,  0.559103
0.6600,  0.548382
0.6605,  0.540946
0.6610,  0.533872
0.6615,  0.525844
0.6620,  0.519073
0.6625,  0.516818
0.6630,  0.522897
0.6635,  0.529610
0.6640,  0.535144
0.6645,  0.541508
0.6650,  0.548556
0.6655,  0.549790
0.6660,  0.543957
0.6665,  0.539648
0.6670,  0.534605
0.6675,  0.533818
0.6680,  0.531652
0.6685,  0.533592
0.6690,  0.535111
0.6695,  0.531915
0.6700,  0.530257
0.6705,  0.533229
0.6710,  0.539726
0.6715,  0.550484
0.6720,  0.561307
0.6725,  0.567226
0.6730,  0.571099
0.6735,  0.566603
0.6740,  0.565202
0.6745,  0.562641
0.6750,  0.561484
0.6755,  0.563705
0.6760,  0.565813
0.6765,  0.569166
0.6770,  0.573174
0.6775,  0.577456
0.6780,  0.581013
0.6785,  0.587519
0.6790,  0.586211
0.6795,  0.585329
0.6800,  0.584273
0.6805,  0.582960
0.6810,  0.585715
0.6815,  0.585435
0.6820,  0.586847
0.6825,  0.592566
0.6830,  0.604451
0.6835,  0.618896
0.6840,  0.628910
0.6845,  0.633750
0.6850,  0.633439
0.6855,  0.648190
0.6860,  0.680576
0.6865,  0.728704
0.6870,  0.774838
0.6875,  0.809204
0.6880,  0.830196
0.6885,  0.836291
0.6890,  0.836090
0.6895,  0.837354
0.6900,  0.837984
0.6905,  0.835851
0.6910,  0.833596
0.6915,  0.823133
0.6920,  0.818433
0.6925,  0.812276
0.6930,  0.814510
0.6935,  0.816066
0.6940,  0.825012
0.6945,  0.826697
0.6950,  0.827614
0.6955,  0.824887
0.6960,  0.814629
0.6965,  0.797766
0.6970,  0.780214
0.6975,  0.777156
0.6980,  0.788018
0.6985,  0.801339
0.6990,  0.815489
0.6995,  0.821999
0.7000,  0.828853
0.7005,  0.830433
0.7010,  0.835045
0.7015,  0.843800
0.7020,  0.847870
0.7025,  0.851399
0.7030,  0.848934
0.7035,  0.850698
0.7040,  0.841085
0.7045,  0.834695
0.7050,  0.840875
0.7055,  0.828028
0.7060,  0.816606
0.7065,  0.806349
0.7070,  0.802883
0.7075,  0.803105
0.7080,  0.807052
0.7085,  0.803939
0.7090,  0.804215
0.7095,  0.803793
0.7100,  0.798612
0.7105,  0.800029
0.7110,  0.804841
0.7115,  0.808482
0.7120,  0.815895
0.7125,  0.830858
0.7130,  0.840217
0.7135,  0.847974
0.7140,  0.862360
0.7145,  0.871491
0.7150,  0.882168
0.7155,  0.901313
0.7160,  0.959735
0.7165,  1.042859
0.7170,  1.159880
0.7175,  1.283994
0.7180,  1.412396
0.7185,  1.531526
0.7190,  1.619150
0.7195,  1.687220
0.7200,  1.682235
0.7205,  1.609554
0.7210,  1.494960
0.7215,  1.363892
0.7220,  1.293011
0.7225,  1.277093
0.7230,  1.307404
0.7235,  1.372461
0.7240,  1.458889
0.7245,  1.539320
0.7250,  1.585174
0.7255,  1.591471
0.7260,  1.594186
0.7265,  1.589997
0.7270,  1.588494
0.7275,  1.575070
0.7280,  1.559929
0.7285,  1.568303
0.7290,  1.570196
0.7295,  1.581392
0.7300,  1.574696
0.7305,  1.550867
0.7310,  1.529824
0.7315,  1.484747
0.7320,  1.424403
0.7325,  1.365792
0.7330,  1.278943
0.7335,  1.229419
0.7340,  1.193943
0.7345,  1.168847
0.7350,  1.153100
0.7355,  1.150109
0.7360,  1.156345
0.7365,  1.168080
0.7370,  1.151782
0.7375,  1.124656
0.7380,  1.111918
0.7385,  1.102410
0.7390,  1.080908
0.7395,  1.065633
0.7400,  1.060495
0.7405,  1.065102
0.7410,  1.082329
0.7415,  1.094278
0.7420,  1.094492
0.7425,  1.088041
0.7430,  1.078474
0.7435,  1.056371
0.7440,  1.042010
0.7445,  1.025987
0.7450,  1.021904
0.7455,  1.041258
0.7460,  1.056310
0.7465,  1.061016
0.7470,  1.055067
0.7475,  1.049019
0.7480,  1.061124
0.7485,  1.072041
0.7490,  1.077711
0.7495,  1.079516
0.7500,  1.087850
0.7505,  1.096773
0.7510,  1.109577
0.7515,  1.115745
0.7520,  1.126734
0.7525,  1.142978
0.7530,  1.158657
0.7535,  1.161418
0.7540,  1.165339
0.7545,  1.164121
0.7550,  1.155333
0.7555,  1.142531
0.7560,  1.138395
0.7565,  1.146467
0.7570,  1.162548
0.7575,  1.193561
0.7580,  1.266447
0.7585,  1.432521
0.7590,  1.766335
0.7595,  2.574020
0.7600,  Infinity
0.7605,  Infinity
0.7610,  Infinity
0.7615,  Infinity
0.7620,  Infinity
0.7625,  Infinity
0.7630,  Infinity
0.7635,  Infinity
0.7640,  Infinity
0.7645,  Infinity
0.7650,  Infinity
0.7655,  Infinity
0.7660,  4.070579
0.7665,  2.758947
0.7670,  2.230997
0.7675,  1.941273
0.7680,  1.803274
0.7685,  1.727251
0.7690,  1.664863
0.7695,  1.602540
0.7700,  1.545405
0.7705,  1.504372
0.7710,  1.483531
0.7715,  1.462179
0.7720,  1.433720
0.7725,  1.430181
0.7730,  1.434552
0.7735,  1.454986
0.7740,  1.493887
0.7745,  1.523328
0.7750,  1.545547
0.7755,  1.547908
0.7760,  1.514644
0.7765,  1.493337
0.7770,  1.517672
0.7775,  1.540292
0.7780,  1.549233
0.7785,  1.545721
0.7790,  1.527339
0.7795,  1.559616
0.7800,  1.592396
0.7805,  1.604478
0.7810,  1.639652
0.7815,  1.630511
0.7820,  1.605047
0.7825,  1.601783
0.7830,  1.610834
0.7835,  1.652918
0.7840,  1.678300
0.7845,  1.713978
0.7850,  1.740361
0.7855,  1.741857
0.7860,  1.773791
0.7865,  1.855360
0.7870,  1.896117
0.7875,  1.925317
0.7880,  1.900792
0.7885,  1.955489
0.7890,  2.008657
0.7895,  2.085471
0.7900,  2.143222
0.7905,  2.169189
0.7910,  2.236596
0.7915,  2.300098
0.7920,  2.348240
0.7925,  2.280450
0.7930,  2.214583
0.7935,  2.212974
0.7940,  2.203310
0.7945,  2.297643
0.7950,  2.357002
0.7955,  2.461864
0.7960,  2.557903
0.7965,  2.627483
0.7970,  2.508447
0.7975,  2.533512
0.7980,  2.572447
0.7985,  2.748428
0.7990,  2.991823
0.7995,  3.014719
0.8000,  2.959571
0.8005,  3.209795
0.8010,  3.479986
0.8015,  3.422903
0.8020,  3.998440
0.8025,  5.190408
0.8030,  Infinity
0.8035,  Infinity
0.8040,  6.187052
0.8045,  4.535817
0.8050,  3.982101
0.8055,  3.771057
0.8060,  3.682237
0.8065,  4.921865
0.8070,  Infinity
0.8075,  Infinity
0.8080,  Infinity
0.8085,  Infinity
0.8090,  Infinity
0.8095,  Infinity
0.8100,  Infinity
0.8105,  Infinity
0.8110,  Infinity
0.8115,  Infinity
0.8120,  Infinity
0.8125,  Infinity
0.8130,  Infinity
0.8135,  Infinity
0.8140,  Infinity
0.8145,  Infinity
0.8150,  Infinity
0.8155,  Infinity
0.8160,  Infinity
0.8165,  Infinity
0.8170,  Infinity
0.8175,  Infinity
0.8180,  Infinity
0.8185,  Infinity
0.8190,  Infinity
0.8195,  Infinity
0.8200,  Infinity
0.8205,  Infinity
0.8210,  Infinity
0.8215,  Infinity
0.8220,  Infinity
0.8225,  Infinity
0.8230,  Infinity
0.8235,  Infinity
0.8240,  Infinity
0.8245,  Infinity
0.8250,  Infinity
0.8255,  Infinity
0.8260,  Infinity
0.8265,  Infinity
0.8270,  Infinity
0.8275,  Infinity
0.8280,  Infinity
0.8285,  Infinity
0.8290,  Infinity
0.8295,  Infinity
0.8300,  Infinity
0.8305,  Infinity
0.8310,  Infinity
0.8315,  Infinity
0.8320,  Infinity
0.8325,  Infinity
0.8330,  Infinity
0.8335,  Infinity
0.8340,  Infinity
0.8345,  Infinity
0.8350,  Infinity
0.8355,  Infinity
0.8360,  Infinity
0.8365,  Infinity
0.8370,  Infinity
0.8375,  Infinity
0.8380,  Infinity
0.8385,  Infinity
0.8390,  Infinity
0.8395,  Infinity
0.8400,  Infinity
0.8405,  Infinity
0.8410,  Infinity
0.8415,  Infinity
0.8420,  Infinity
0.8425,  Infinity
0.8430,  Infinity
0.8435,  Infinity
0.8440,  Infinity
0.8445,  Infinity
0.8450,  Infinity
0.8455,  Infinity
0.8460,  Infinity
0.8465,  Infinity
0.8470,  Infinity
0.8475,  Infinity
0.8480,  Infinity
0.8485,  Infinity
0.8490,  Infinity
0.8495,  Infinity
0.8500,  Infinity
0.8505,  Infinity
0.8510,  Infinity
0.8515,  Infinity
0.8520,  Infinity
0.8525,  Infinity
0.8530,  Infinity
0.8535,  Infinity
0.8540,  Infinity
0.8545,  Infinity
0.8550,  Infinity
0.8555,  Infinity
0.8560,  Infinity
0.8565,  Infinity
0.8570,  Infinity
0.8575,  Infinity
0.8580,  Infinity
0.8585,  Infinity
0.8590,  Infinity
0.8595,  Infinity
0.8600,  Infinity
0.8605,  Infinity
0.8610,  Infinity
0.8615,  Infinity
0.8620,  Infinity
0.8625,  Infinity
0.8630,  Infinity
0.8635,  Infinity
0.8640,  Infinity
0.8645,  Infinity
0.8650,  Infinity
0.8655,  Infinity
0.8660,  Infinity
0.8665,  Infinity
0.8670,  Infinity
0.8675,  Infinity
0.8680,  Infinity
0.8685,  Infinity
0.8690,  Infinity
0.8695,  Infinity
0.8700,  Infinity
0.8705,  Infinity
0.8710,  Infinity
0.8715,  Infinity
0.8720,  Infinity
0.8725,  Infinity
0.8730,  Infinity
0.8735,  Infinity
0.8740,  Infinity
0.8745,  Infinity
0.8750,  Infinity
0.8755,  Infinity
0.8760,  Infinity
0.8765,  Infinity
0.8770,  Infinity
0.8775,  Infinity
0.8780,  Infinity
0.8785,  Infinity
0.8790,  Infinity
0.8795,  Infinity
0.8800,  Infinity
0.8805,  Infinity
0.8810,  Infinity
0.8815,  Infinity
0.8820,  Infinity
0.8825,  Infinity
0.8830,  Infinity
0.8835,  Infinity
0.8840,  Infinity
0.8845,  Infinity
0.8850,  Infinity
0.8855,  Infinity
0.8860,  Infinity
0.8865,  Infinity
0.8870,  Infinity
0.8875,  Infinity
0.8880,  Infinity
0.8885,  Infinity
0.8890,  Infinity
0.8895,  Infinity
0.8900,  Infinity
