0.3500,  1.458403
0.3505,  1.491003
0.3510,  1.456415
0.3515,  1.402502
0.3520,  1.351702
0.3525,  1.274580
0.3530,  1.275837
0.3535,  1.297404
0.3540,  1.277859
0.3545,  1.268759
0.3550,  1.228969
0.3555,  1.187703
0.3560,  1.153102
0.3565,  1.133583
0.3570,  1.148870
0.3575,  1.167072
0.3580,  1.151782
0.3585,  1.096248
0.3590,  1.258408
0.3595,  1.393638
0.3600,  1.370886
0.3605,  1.343169
0.3610,  1.285993
0.3615,  1.228026
0.3620,  1.254631
0.3625,  1.264703
0.3630,  1.217346
0.3635,  1.170734
0.3640,  1.114118
0.3645,  1.051279
0.3650,  1.040951
0.3655,  1.027190
0.3660,  1.000347
0.3665,  0.989548
0.3670,  0.939804
0.3675,  0.897432
0.3680,  0.853396
0.3685,  0.807877
0.3690,  0.840900
0.3695,  0.875710
0.3700,  0.839531
0.3705,  0.806991
0.3710,  0.825582
0.3715,  0.843167
0.3720,  0.812041
0.3725,  0.795198
0.3730,  0.781464
0.3735,  0.766729
0.3740,  0.802777
0.3745,  0.827793
0.3750,  0.921666
0.3755,  0.989007
0.3760,  0.970457
0.3765,  0.932169
0.3770,  0.948632
0.3775,  0.956951
0.3780,  0.916492
0.3785,  0.892992
0.3790,  0.784053
0.3795,  0.677854
0.3800,  0.734190
0.3805,  0.788687
0.3810,  0.760201
0.3815,  0.760770
0.3820,  0.706555
0.3825,  0.639782
0.3830,  0.660032
0.3835,  0.657613
0.3840,  0.849599
0.3845,  0.985616
0.3850,  0.989498
0.3855,  0.977350
0.3860,  0.938059
0.3865,  0.909741
0.3870,  0.884323
0.3875,  0.855583
0.3880,  0.821511
0.3885,  0.786144
0.3890,  0.835316
0.3895,  0.864285
0.3900,  0.842630
0.3905,  0.817837
0.3910,  0.810144
0.3915,  0.829867
0.3920,  0.728302
0.3925,  0.638439
0.3930,  0.485398
0.3935,  0.266749
0.3940,  0.584904
0.3945,  0.807067
0.3950,  0.913436
0.3955,  0.999489
0.3960,  0.822461
0.3965,  0.615140
0.3970,  0.640647
0.3975,  0.631428
0.3980,  0.801988
0.3985,  0.895865
0.3990,  0.834202
0.3995,  0.786875
0.4000,  0.720190
0.4005,  0.662069
0.4010,  0.628283
0.4015,  0.605192
0.4020,  0.575278
0.4025,  0.554675
0.4030,  0.520431
0.4035,  0.490803
0.4040,  0.481004
0.4045,  0.477258
0.4050,  0.477053
0.4055,  0.476175
0.4060,  0.461719
0.4065,  0.450484
0.4070,  0.464316
0.4075,  0.470750
0.4080,  0.492078
0.4085,  0.511444
0.4090,  0.498464
0.4095,  0.490308
0.4100,  0.443058
0.4105,  0.387839
0.4110,  0.454537
0.4115,  0.513952
0.4120,  0.494179
0.4125,  0.474355
0.4130,  0.456218
0.4135,  0.445757
0.4140,  0.435640
0.4145,  0.425370
0.4150,  0.422776
0.4155,  0.418665
0.4160,  0.443634
0.4165,  0.469557
0.4170,  0.427418
0.4175,  0.381683
0.4180,  0.388085
0.4185,  0.397045
0.4190,  0.404511
0.4195,  0.409987
0.4200,  0.424527
0.4205,  0.437832
0.4210,  0.443233
0.4215,  0.452079
0.4220,  0.400895
0.4225,  0.346488
0.4230,  0.387074
0.4235,  0.422607
0.4240,  0.433443
0.4245,  0.450899
0.4250,  0.436156
0.4255,  0.419065
0.4260,  0.422976
0.4265,  0.427113
0.4270,  0.394984
0.4275,  0.360698
0.4280,  0.376228
0.4285,  0.394215
0.4290,  0.385721
0.4295,  0.376730
0.4300,  0.295081
0.4305,  0.193217
0.4310,  0.394762
0.4315,  0.542654
0.4320,  0.509734
0.4325,  0.476867
0.4330,  0.477627
0.4335,  0.476667
0.4340,  0.441961
0.4345,  0.410819
0.4350,  0.408549
0.4355,  0.403549
0.4360,  0.436249
0.4365,  0.469408
0.4370,  0.431906
0.4375,  0.400602
0.4380,  0.346463
0.4385,  0.287109
0.4390,  0.357696
0.4395,  0.421099
0.4400,  0.392025
0.4405,  0.356367
0.4410,  0.394776
0.4415,  0.428053
0.4420,  0.422040
0.4425,  0.416629
0.4430,  0.387991
0.4435,  0.363437
0.4440,  0.372614
0.4445,  0.384393
0.4450,  0.349952
0.4455,  0.311839
0.4460,  0.325575
0.4465,  0.337005
0.4470,  0.371072
0.4475,  0.401985
0.4480,  0.374102
0.4485,  0.344359
0.4490,  0.347351
0.4495,  0.345878
0.4500,  0.358892
0.4505,  0.373348
0.4510,  0.358648
0.4515,  0.344212
0.4520,  0.310760
0.4525,  0.280765
0.4530,  0.294437
0.4535,  0.306286
0.4540,  0.315681
0.4545,  0.321689
0.4550,  0.331621
0.4555,  0.342312
0.4560,  0.344600
0.4565,  0.346374
0.4570,  0.346211
0.4575,  0.348799
0.4580,  0.321521
0.4585,  0.295056
0.4590,  0.304065
0.4595,  0.313237
0.4600,  0.320334
0.4605,  0.325112
0.4610,  0.326033
0.4615,  0.324723
0.4620,  0.329991
0.4625,  0.336042
0.4630,  0.318831
0.4635,  0.307127
0.4640,  0.297640
0.4645,  0.287000
0.4650,  0.306365
0.4655,  0.327263
0.4660,  0.302712
0.4665,  0.278145
0.4670,  0.303189
0.4675,  0.321571
0.4680,  0.317669
0.4685,  0.315021
0.4690,  0.315936
0.4695,  0.317412
0.4700,  0.295108
0.4705,  0.269799
0.4710,  0.298027
0.4715,  0.324814
0.4720,  0.321049
0.4725,  0.321022
0.4730,  0.310115
0.4735,  0.297282
0.4740,  0.305619
0.4745,  0.316336
0.4750,  0.306270
0.4755,  0.294851
0.4760,  0.278048
0.4765,  0.263111
0.4770,  0.287226
0.4775,  0.309307
0.4780,  0.290541
0.4785,  0.272844
0.4790,  0.284067
0.4795,  0.292351
0.4800,  0.279717
0.4805,  0.270950
0.4810,  0.282207
0.4815,  0.292291
0.4820,  0.277572
0.4825,  0.265529
0.4830,  0.266496
0.4835,  0.269143
0.4840,  0.264473
0.4845,  0.263559
0.4850,  0.246244
0.4855,  0.233200
0.4860,  0.203052
0.4865,  0.163350
0.4870,  0.222087
0.4875,  0.270905
0.4880,  0.284806
0.4885,  0.294919
0.4890,  0.292753
0.4895,  0.289440
0.4900,  0.286608
0.4905,  0.288332
0.4910,  0.260667
0.4915,  0.235116
0.4920,  0.235500
0.4925,  0.235366
0.4930,  0.231613
0.4935,  0.224343
0.4940,  0.256083
0.4945,  0.285467
0.4950,  0.250152
0.4955,  0.215492
0.4960,  0.233154
0.4965,  0.250714
0.4970,  0.251396
0.4975,  0.253766
0.4980,  0.221456
0.4985,  0.187310
0.4990,  0.214034
0.4995,  0.241891
0.5000,  0.220923
0.5005,  0.198645
0.5010,  0.193535
0.5015,  0.186298
0.5020,  0.207737
0.5025,  0.227302
0.5030,  0.235743
0.5035,  0.240995
0.5040,  0.223540
0.5045,  0.204628
0.5050,  0.226586
0.5055,  0.247909
0.5060,  0.234549
0.5065,  0.224365
0.5070,  0.212192
0.5075,  0.200466
0.5080,  0.204475
0.5085,  0.207712
0.5090,  0.206047
0.5095,  0.203969
0.5100,  0.209019
0.5105,  0.214378
0.5110,  0.224189
0.5115,  0.232294
0.5120,  0.202848
0.5125,  0.176437
0.5130,  0.181626
0.5135,  0.186856
0.5140,  0.195477
0.5145,  0.201174
0.5150,  0.207998
0.5155,  0.219903
0.5160,  0.177943
0.5165,  0.135390
0.5170,  0.164406
0.5175,  0.192043
0.5180,  0.181367
0.5185,  0.162395
0.5190,  0.201239
0.5195,  0.235788
0.5200,  0.225867
0.5205,  0.214380
0.5210,  0.220751
0.5215,  0.230025
0.5220,  0.206689
0.5225,  0.183780
0.5230,  0.198814
0.5235,  0.210135
0.5240,  0.218427
0.5245,  0.228372
0.5250,  0.220554
0.5255,  0.216785
0.5260,  0.166058
0.5265,  0.113017
0.5270,  0.160430
0.5275,  0.199906
0.5280,  0.211447
0.5285,  0.219098
0.5290,  0.214567
0.5295,  0.209167
0.5300,  0.207487
0.5305,  0.208797
0.5310,  0.206484
0.5315,  0.210536
0.5320,  0.172443
0.5325,  0.133321
0.5330,  0.176786
0.5335,  0.215250
0.5340,  0.199978
0.5345,  0.180455
0.5350,  0.205039
0.5355,  0.230503
0.5360,  0.202455
0.5365,  0.176171
0.5370,  0.181143
0.5375,  0.186648
0.5380,  0.195372
0.5385,  0.204079
0.5390,  0.191140
0.5395,  0.179453
0.5400,  0.169511
0.5405,  0.159361
0.5410,  0.190193
0.5415,  0.217650
0.5420,  0.203085
0.5425,  0.188256
0.5430,  0.199558
0.5435,  0.208489
0.5440,  0.205034
0.5445,  0.203089
0.5450,  0.206736
0.5455,  0.209141
0.5460,  0.203412
0.5465,  0.199610
0.5470,  0.191961
0.5475,  0.183643
0.5480,  0.191758
0.5485,  0.197236
0.5490,  0.202925
0.5495,  0.209770
0.5500,  0.202747
0.5505,  0.195626
0.5510,  0.197467
0.5515,  0.198899
0.5520,  0.195186
0.5525,  0.189746
0.5530,  0.199662
0.5535,  0.207873
0.5540,  0.209221
0.5545,  0.209688
0.5550,  0.208450
0.5555,  0.209024
0.5560,  0.195067
0.5565,  0.183873
0.5570,  0.195032
0.5575,  0.207276
0.5580,  0.198948
0.5585,  0.190214
0.5590,  0.198188
0.5595,  0.205440
0.5600,  0.212884
0.5605,  0.218828
0.5610,  0.212939
0.5615,  0.207030
0.5620,  0.211409
0.5625,  0.217960
0.5630,  0.222319
0.5635,  0.226048
0.5640,  0.224982
0.5645,  0.223983
0.5650,  0.214228
0.5655,  0.202953
0.5660,  0.210846
0.5665,  0.217489
0.5670,  0.228301
0.5675,  0.240852
0.5680,  0.225257
0.5685,  0.210263
0.5690,  0.225448
0.5695,  0.241323
0.5700,  0.224166
0.5705,  0.204893
0.5710,  0.218864
0.5715,  0.226840
0.5720,  0.239252
0.5725,  0.251661
0.5730,  0.246487
0.5735,  0.241995
0.5740,  0.240519
0.5745,  0.239874
0.5750,  0.232269
0.5755,  0.224228
0.5760,  0.229375
0.5765,  0.235697
0.5770,  0.241741
0.5775,  0.247506
0.5780,  0.233340
0.5785,  0.216056
0.5790,  0.224772
0.5795,  0.232021
0.5800,  0.232165
0.5805,  0.232846
0.5810,  0.233944
0.5815,  0.236986
0.5820,  0.242025
0.5825,  0.245369
0.5830,  0.240555
0.5835,  0.235728
0.5840,  0.235236
0.5845,  0.238140
0.5850,  0.224321
0.5855,  0.210131
0.5860,  0.226281
0.5865,  0.241031
0.5870,  0.248487
0.5875,  0.260211
0.5880,  0.250405
0.5885,  0.244300
0.5890,  0.227746
0.5895,  0.201954
0.5900,  0.260094
0.5905,  0.308581
0.5910,  0.298065
0.5915,  0.285549
0.5920,  0.283128
0.5925,  0.280446
0.5930,  0.271379
0.5935,  0.267139
0.5940,  0.262043
0.5945,  0.260097
0.5950,  0.268659
0.5955,  0.273129
0.5960,  0.276752
0.5965,  0.280047
0.5970,  0.271889
0.5975,  0.264435
0.5980,  0.258400
0.5985,  0.254330
0.5990,  0.262437
0.5995,  0.268520
0.6000,  0.264959
0.6005,  0.260957
0.6010,  0.263856
0.6015,  0.265021
0.6020,  0.254715
0.6025,  0.243668
0.6030,  0.257601
0.6035,  0.272927
0.6040,  0.271112
0.6045,  0.272200
0.6050,  0.270775
0.6055,  0.266644
0.6060,  0.262283
0.6065,  0.258974
0.6070,  0.257949
0.6075,  0.257962
0.6080,  0.257581
0.6085,  0.259664
0.6090,  0.267807
0.6095,  0.275713
0.6100,  0.269163
0.6105,  0.259417
0.6110,  0.268918
0.6115,  0.277982
0.6120,  0.267226
0.6125,  0.258482
0.6130,  0.256684
0.6135,  0.257640
0.6140,  0.269868
0.6145,  0.283141
0.6150,  0.287409
0.6155,  0.291460
0.6160,  0.267422
0.6165,  0.241504
0.6170,  0.268609
0.6175,  0.292493
0.6180,  0.293567
0.6185,  0.295890
0.6190,  0.291838
0.6195,  0.286899
0.6200,  0.293996
0.6205,  0.300395
0.6210,  0.286731
0.6215,  0.273241
0.6220,  0.281472
0.6225,  0.292731
0.6230,  0.285075
0.6235,  0.279497
0.6240,  0.284647
0.6245,  0.287265
0.6250,  0.285128
0.6255,  0.281659
0.6260,  0.297483
0.6265,  0.311112
0.6270,  0.310727
0.6275,  0.314396
0.6280,  0.319466
0.6285,  0.325715
0.6290,  0.327244
0.6295,  0.328457
0.6300,  0.327358
0.6305,  0.324117
0.6310,  0.317037
0.6315,  0.311507
0.6320,  0.304462
0.6325,  0.302264
0.6330,  0.302708
0.6335,  0.306009
0.6340,  0.312797
0.6345,  0.321046
0.6350,  0.326240
0.6355,  0.327996
0.6360,  0.327141
0.6365,  0.321251
0.6370,  0.314070
0.6375,  0.306236
0.6380,  0.301247
0.6385,  0.301263
0.6390,  0.304972
0.6395,  0.305995
0.6400,  0.309366
0.6405,  0.310582
0.6410,  0.310288
0.6415,  0.311731
0.6420,  0.307857
0.6425,  0.302588
0.6430,  0.299108
0.6435,  0.297419
0.6440,  0.298881
0.6445,  0.301753
0.6450,  0.310308
0.6455,  0.316408
0.6460,  0.323707
0.6465,  0.329905
0.6470,  0.333394
0.6475,  0.331983
0.6480,  0.331947
0.6485,  0.327702
0.6490,  0.326002
0.6495,  0.332877
0.6500,  0.336584
0.6505,  0.341548
0.6510,  0.347624
0.6515,  0.348750
0.6520,  0.351506
0.6525,  0.350266
0.6530,  0.346930
0.6535,  0.334683
0.6540,  0.327123
0.6545,  0.323411
0.6550,  0.326453
0.6555,  0.332320
0.6560,  0.338161
0.6565,  0.331716
0.6570,  0.307579
0.6575,  0.321420
0.6580,  0.330012
0.6585,  0.340785
0.6590,  0.355049
0.6595,  0.348124
0.6600,  0.339667
0.6605,  0.333323
0.6610,  0.326403
0.6615,  0.317177
0.6620,  0.311938
0.6625,  0.308697
0.6630,  0.309971
0.6635,  0.317470
0.6640,  0.329045
0.6645,  0.335747
0.6650,  0.338390
0.6655,  0.335868
0.6660,  0.331610
0.6665,  0.327419
0.6670,  0.323617
0.6675,  0.323752
0.6680,  0.320824
0.6685,  0.320308
0.6690,  0.319600
0.6695,  0.318246
0.6700,  0.322298
0.6705,  0.329611
0.6710,  0.335128
0.6715,  0.342307
0.6720,  0.346725
0.6725,  0.347754
0.6730,  0.343942
0.6735,  0.336492
0.6740,  0.333076
0.6745,  0.330283
0.6750,  0.330642
0.6755,  0.334106
0.6760,  0.339887
0.6765,  0.347201
0.6770,  0.350268
0.6775,  0.351584
0.6780,  0.350721
0.6785,  0.350317
0.6790,  0.346706
0.6795,  0.343046
0.6800,  0.341973
0.6805,  0.341003
0.6810,  0.339545
0.6815,  0.339293
0.6820,  0.342683
0.6825,  0.348434
0.6830,  0.357836
0.6835,  0.364197
0.6840,  0.368297
0.6845,  0.371351
0.6850,  0.371198
0.6855,  0.381090
0.6860,  0.405006
0.6865,  0.443674
0.6870,  0.488244
0.6875,  0.520499
0.6880,  0.537321
0.6885,  0.541435
0.6890,  0.544672
0.6895,  0.542054
0.6900,  0.535514
0.6905,  0.525662
0.6910,  0.512047
0.6915,  0.499215
0.6920,  0.488900
0.6925,  0.481086
0.6930,  0.478017
0.6935,  0.473670
0.6940,  0.475392
0.6945,  0.477497
0.6950,  0.478787
0.6955,  0.474592
0.6960,  0.464338
0.6965,  0.457157
0.6970,  0.443724
0.6975,  0.442112
0.6980,  0.447798
0.6985,  0.454391
0.6990,  0.462994
0.6995,  0.466749
0.7000,  0.466065
0.7005,  0.467902
0.7010,  0.469790
0.7015,  0.476287
0.7020,  0.481108
0.7025,  0.482487
0.7030,  0.480000
0.7035,  0.476609
0.7040,  0.473322
0.7045,  0.472059
0.7050,  0.476243
0.7055,  0.473011
0.7060,  0.469169
0.7065,  0.462367
0.7070,  0.461941
0.7075,  0.459432
0.7080,  0.456267
0.7085,  0.453664
0.7090,  0.454080
0.7095,  0.456540
0.7100,  0.455724
0.7105,  0.453159
0.7110,  0.453625
0.7115,  0.453584
0.7120,  0.454057
0.7125,  0.461413
0.7130,  0.469120
0.7135,  0.473872
0.7140,  0.478141
0.7145,  0.481501
0.7150,  0.488581
0.7155,  0.501254
0.7160,  0.523710
0.7165,  0.555975
0.7170,  0.606593
0.7175,  0.656716
0.7180,  0.708218
0.7185,  0.761596
0.7190,  0.800671
0.7195,  0.826322
0.7200,  0.825007
0.7205,  0.799838
0.7210,  0.756130
0.7215,  0.700258
0.7220,  0.665902
0.7225,  0.656078
0.7230,  0.673471
0.7235,  0.704454
0.7240,  0.734614
0.7245,  0.755532
0.7250,  0.767578
0.7255,  0.782412
0.7260,  0.793766
0.7265,  0.797285
0.7270,  0.795167
0.7275,  0.785179
0.7280,  0.773539
0.7285,  0.757183
0.7290,  0.743382
0.7295,  0.740858
0.7300,  0.742351
0.7305,  0.742500
0.7310,  0.735759
0.7315,  0.719869
0.7320,  0.703381
0.7325,  0.674193
0.7330,  0.640765
0.7335,  0.617479
0.7340,  0.599127
0.7345,  0.582909
0.7350,  0.576575
0.7355,  0.575521
0.7360,  0.581141
0.7365,  0.585183
0.7370,  0.588686
0.7375,  0.579467
0.7380,  0.579411
0.7385,  0.577061
0.7390,  0.566601
0.7395,  0.557378
0.7400,  0.548029
0.7405,  0.542512
0.7410,  0.539745
0.7415,  0.548978
0.7420,  0.558733
0.7425,  0.564837
0.7430,  0.567331
0.7435,  0.567365
0.7440,  0.570575
0.7445,  0.565249
0.7450,  0.560605
0.7455,  0.559319
0.7460,  0.553272
0.7465,  0.552538
0.7470,  0.561151
0.7475,  0.564762
0.7480,  0.565796
0.7485,  0.575311
0.7490,  0.577835
0.7495,  0.577410
0.7500,  0.577496
0.7505,  0.581136
0.7510,  0.581166
0.7515,  0.578124
0.7520,  0.576845
0.7525,  0.580201
0.7530,  0.582725
0.7535,  0.581178
0.7540,  0.585108
0.7545,  0.591010
0.7550,  0.595656
0.7555,  0.593537
0.7560,  0.592691
0.7565,  0.587971
0.7570,  0.586173
0.7575,  0.589396
0.7580,  0.611887
0.7585,  0.664440
0.7590,  0.787243
0.7595,  1.019708
0.7600,  1.384336
0.7605,  1.837209
0.7610,  2.249110
0.7615,  2.356143
0.7620,  2.210134
0.7625,  2.091565
0.7630,  2.031945
0.7635,  1.960612
0.7640,  1.869020
0.7645,  1.733998
0.7650,  1.571009
0.7655,  1.410284
0.7660,  1.253123
0.7665,  1.117770
0.7670,  0.994971
0.7675,  0.903020
0.7680,  0.839522
0.7685,  0.797579
0.7690,  0.766096
0.7695,  0.739253
0.7700,  0.725670
0.7705,  0.719273
0.7710,  0.718552
0.7715,  0.721183
0.7720,  0.732752
0.7725,  0.726667
0.7730,  0.717663
0.7735,  0.701635
0.7740,  0.689456
0.7745,  0.685735
0.7750,  0.678447
0.7755,  0.680083
0.7760,  0.683348
0.7765,  0.688198
0.7770,  0.698504
0.7775,  0.702570
0.7780,  0.701534
0.7785,  0.707155
0.7790,  0.706258
0.7795,  0.701186
0.7800,  0.695261
0.7805,  0.691729
0.7810,  0.695635
0.7815,  0.694336
0.7820,  0.692028
0.7825,  0.697203
0.7830,  0.694517
0.7835,  0.704236
0.7840,  0.712145
0.7845,  0.716219
0.7850,  0.712858
0.7855,  0.700328
0.7860,  0.706571
0.7865,  0.724888
0.7870,  0.732640
0.7875,  0.752167
0.7880,  0.771115
0.7885,  0.795266
0.7890,  0.809800
0.7895,  0.814002
0.7900,  0.809817
0.7905,  0.804300
0.7910,  0.810149
0.7915,  0.813662
0.7920,  0.815962
0.7925,  0.826258
0.7930,  0.843979
0.7935,  0.860511
0.7940,  0.867797
0.7945,  0.870205
0.7950,  0.874288
0.7955,  0.874824
0.7960,  0.878665
0.7965,  0.882912
0.7970,  0.882664
0.7975,  0.880583
0.7980,  0.884095
0.7985,  0.891955
0.7990,  0.913496
0.7995,  0.923809
0.8000,  0.920686
0.8005,  0.920258
0.8010,  0.930295
0.8015,  0.920623
0.8020,  0.912735
0.8025,  0.912902
0.8030,  0.924654
0.8035,  0.932830
0.8040,  0.938891
0.8045,  0.952608
0.8050,  0.968934
0.8055,  0.968451
0.8060,  0.949612
0.8065,  0.930280
0.8070,  0.917015
0.8075,  0.905355
0.8080,  0.903342
0.8085,  0.920896
0.8090,  0.936918
0.8095,  0.958655
0.8100,  0.982342
0.8105,  1.002825
0.8110,  1.032340
0.8115,  1.069129
0.8120,  1.101800
0.8125,  1.137875
0.8130,  1.180955
0.8135,  1.223932
0.8140,  1.290931
0.8145,  1.361970
0.8150,  1.461001
0.8155,  1.581374
0.8160,  1.689174
0.8165,  1.758528
0.8170,  1.819327
0.8175,  1.842560
0.8180,  1.823340
0.8185,  1.769930
0.8190,  1.703565
0.8195,  1.668617
0.8200,  1.605871
0.8205,  1.533757
0.8210,  1.508385
0.8215,  1.553715
0.8220,  1.681038
0.8225,  1.843962
0.8230,  1.942646
0.8235,  1.889989
0.8240,  1.753349
0.8245,  1.575949
0.8250,  1.493216
0.8255,  1.453034
0.8260,  1.425263
0.8265,  1.447543
0.8270,  1.505103
0.8275,  1.581367
0.8280,  1.638956
0.8285,  1.647130
0.8290,  1.651183
0.8295,  1.631849
0.8300,  1.615297
0.8305,  1.582899
0.8310,  1.567026
0.8315,  1.585949
0.8320,  1.649488
0.8325,  1.663056
0.8330,  1.644697
0.8335,  1.596723
0.8340,  1.548431
0.8345,  1.509243
0.8350,  1.478058
0.8355,  1.445902
0.8360,  1.435313
0.8365,  1.398629
0.8370,  1.397606
0.8375,  1.420318
0.8380,  1.444826
0.8385,  1.464877
0.8390,  1.459941
0.8395,  1.440034
0.8400,  1.412133
0.8405,  1.382716
0.8410,  1.353038
0.8415,  1.356491
0.8420,  1.370669
0.8425,  1.379610
0.8430,  1.392593
0.8435,  1.398991
0.8440,  1.411272
0.8445,  1.406098
0.8450,  1.407932
0.8455,  1.402034
0.8460,  1.389589
0.8465,  1.369618
0.8470,  1.354677
0.8475,  1.392575
0.8480,  1.441297
0.8485,  1.473064
0.8490,  1.529223
0.8495,  1.623309
0.8500,  1.661158
0.8505,  1.678417
0.8510,  1.661339
0.8515,  1.613466
0.8520,  1.646780
0.8525,  1.705536
0.8530,  1.880172
0.8535,  2.155877
0.8540,  2.502614
0.8545,  2.735160
0.8550,  2.755718
0.8555,  2.367600
0.8560,  2.079248
0.8565,  1.904357
0.8570,  1.836547
0.8575,  1.818374
0.8580,  1.846475
0.8585,  1.904212
0.8590,  1.931710
0.8595,  1.943182
0.8600,  1.951589
0.8605,  1.996382
0.8610,  2.033709
0.8615,  2.019468
0.8620,  1.956959
0.8625,  1.923643
0.8630,  1.956813
0.8635,  2.012084
0.8640,  2.156603
0.8645,  2.266282
0.8650,  2.560706
0.8655,  2.981711
0.8660,  3.327575
0.8665,  3.270765
0.8670,  3.279495
0.8675,  2.927511
0.8680,  2.731924
0.8685,  2.661176
0.8690,  2.721671
0.8695,  2.768249
0.8700,  3.029869
0.8705,  3.110050
0.8710,  3.172607
0.8715,  3.065867
0.8720,  3.040063
0.8725,  3.110934
0.8730,  3.126210
0.8735,  3.131003
0.8740,  3.275429
0.8745,  3.540170
0.8750,  4.010765
0.8755,  4.709230
0.8760,  5.221954
0.8765,  5.296821
0.8770,  5.743986
0.8775,  Infinity
0.8780,  5.910526
0.8785,  5.502270
0.8790,  5.343994
0.8795,  7.647044
0.8800,  7.460087
0.8805,  6.401756
0.8810,  Infinity
0.8815,  Infinity
0.8820,  Infinity
0.8825,  Infinity
0.8830,  Infinity
0.8835,  Infinity
0.8840,  Infinity
0.8845,  Infinity
0.8850,  Infinity
0.8855,  Infinity
0.8860,  Infinity
0.8865,  Infinity
0.8870,  Infinity
0.8875,  Infinity
0.8880,  Infinity
0.8885,  Infinity
0.8890,  Infinity
0.8895,  Infinity
0.8900,  Infinity
