0.3500,  1.138612
0.3505,  1.196834
0.3510,  1.139100
0.3515,  1.074906
0.3520,  1.007196
0.3525,  0.944210
0.3530,  0.962087
0.3535,  0.982650
0.3540,  0.987151
0.3545,  1.015580
0.3550,  0.981900
0.3555,  0.959069
0.3560,  0.925802
0.3565,  0.910743
0.3570,  0.926055
0.3575,  0.931819
0.3580,  0.909210
0.3585,  0.850843
0.3590,  1.010190
0.3595,  1.152882
0.3600,  1.119781
0.3605,  1.085690
0.3610,  1.012605
0.3615,  0.928187
0.3620,  0.946675
0.3625,  0.963962
0.3630,  0.933468
0.3635,  0.905451
0.3640,  0.877691
0.3645,  0.839729
0.3650,  0.854226
0.3655,  0.859531
0.3660,  0.834015
0.3665,  0.818220
0.3670,  0.768790
0.3675,  0.730226
0.3680,  0.685887
0.3685,  0.641435
0.3690,  0.682484
0.3695,  0.724376
0.3700,  0.686958
0.3705,  0.653791
0.3710,  0.677250
0.3715,  0.703171
0.3720,  0.673230
0.3725,  0.651090
0.3730,  0.630442
0.3735,  0.607594
0.3740,  0.635638
0.3745,  0.653551
0.3750,  0.742115
0.3755,  0.806407
0.3760,  0.788037
0.3765,  0.757581
0.3770,  0.784412
0.3775,  0.800841
0.3780,  0.769139
0.3785,  0.757022
0.3790,  0.654695
0.3795,  0.545737
0.3800,  0.600238
0.3805,  0.661193
0.3810,  0.638467
0.3815,  0.634070
0.3820,  0.568485
0.3825,  0.491382
0.3830,  0.503311
0.3835,  0.498323
0.3840,  0.703052
0.3845,  0.847967
0.3850,  0.856174
0.3855,  0.857914
0.3860,  0.834905
0.3865,  0.810458
0.3870,  0.781440
0.3875,  0.752675
0.3880,  0.715171
0.3885,  0.672701
0.3890,  0.716851
0.3895,  0.746790
0.3900,  0.722542
0.3905,  0.701819
0.3910,  0.700393
0.3915,  0.719957
0.3920,  0.621053
0.3925,  0.532419
0.3930,  0.377205
0.3935,  0.148053
0.3940,  0.477164
0.3945,  0.703376
0.3950,  0.808390
0.3955,  0.900737
0.3960,  0.720725
0.3965,  0.501029
0.3970,  0.523207
0.3975,  0.514960
0.3980,  0.692012
0.3985,  0.795261
0.3990,  0.740302
0.3995,  0.696660
0.4000,  0.634408
0.4005,  0.576439
0.4010,  0.539279
0.4015,  0.513874
0.4020,  0.483571
0.4025,  0.464292
0.4030,  0.431497
0.4035,  0.402833
0.4040,  0.394888
0.4045,  0.394506
0.4050,  0.396772
0.4055,  0.402804
0.4060,  0.393010
0.4065,  0.376673
0.4070,  0.387867
0.4075,  0.397285
0.4080,  0.422708
0.4085,  0.446858
0.4090,  0.436394
0.4095,  0.425309
0.4100,  0.373290
0.4105,  0.317779
0.4110,  0.390559
0.4115,  0.454480
0.4120,  0.435379
0.4125,  0.412024
0.4130,  0.391879
0.4135,  0.378543
0.4140,  0.368768
0.4145,  0.358317
0.4150,  0.354724
0.4155,  0.349923
0.4160,  0.374558
0.4165,  0.401939
0.4170,  0.361733
0.4175,  0.316840
0.4180,  0.323423
0.4185,  0.334794
0.4190,  0.345258
0.4195,  0.348501
0.4200,  0.360201
0.4205,  0.373327
0.4210,  0.378676
0.4215,  0.387542
0.4220,  0.337989
0.4225,  0.280992
0.4230,  0.318816
0.4235,  0.358294
0.4240,  0.376755
0.4245,  0.395342
0.4250,  0.381193
0.4255,  0.361121
0.4260,  0.364960
0.4265,  0.374566
0.4270,  0.343160
0.4275,  0.311088
0.4280,  0.326917
0.4285,  0.346734
0.4290,  0.339038
0.4295,  0.334052
0.4300,  0.255348
0.4305,  0.150933
0.4310,  0.357874
0.4315,  0.505969
0.4320,  0.470422
0.4325,  0.430239
0.4330,  0.427626
0.4335,  0.424029
0.4340,  0.386808
0.4345,  0.352285
0.4350,  0.346942
0.4355,  0.340993
0.4360,  0.375468
0.4365,  0.414312
0.4370,  0.379028
0.4375,  0.351079
0.4380,  0.297047
0.4385,  0.235464
0.4390,  0.307139
0.4395,  0.370784
0.4400,  0.338355
0.4405,  0.299731
0.4410,  0.341265
0.4415,  0.376953
0.4420,  0.372713
0.4425,  0.368569
0.4430,  0.339745
0.4435,  0.313594
0.4440,  0.324557
0.4445,  0.338835
0.4450,  0.305151
0.4455,  0.266206
0.4460,  0.280637
0.4465,  0.292315
0.4470,  0.327510
0.4475,  0.360550
0.4480,  0.330182
0.4485,  0.294605
0.4490,  0.295947
0.4495,  0.298257
0.4500,  0.314497
0.4505,  0.331860
0.4510,  0.320748
0.4515,  0.311572
0.4520,  0.278106
0.4525,  0.246829
0.4530,  0.255146
0.4535,  0.265494
0.4540,  0.274200
0.4545,  0.277920
0.4550,  0.289026
0.4555,  0.299565
0.4560,  0.303472
0.4565,  0.307722
0.4570,  0.309080
0.4575,  0.313337
0.4580,  0.285432
0.4585,  0.255832
0.4590,  0.262954
0.4595,  0.269533
0.4600,  0.275562
0.4605,  0.281989
0.4610,  0.281655
0.4615,  0.278949
0.4620,  0.284716
0.4625,  0.292062
0.4630,  0.274306
0.4635,  0.260801
0.4640,  0.252446
0.4645,  0.245036
0.4650,  0.266944
0.4655,  0.290045
0.4660,  0.266718
0.4665,  0.243650
0.4670,  0.269063
0.4675,  0.287225
0.4680,  0.279502
0.4685,  0.276897
0.4690,  0.277989
0.4695,  0.281741
0.4700,  0.261878
0.4705,  0.235813
0.4710,  0.266609
0.4715,  0.293885
0.4720,  0.288928
0.4725,  0.284528
0.4730,  0.268478
0.4735,  0.252775
0.4740,  0.261300
0.4745,  0.273090
0.4750,  0.264128
0.4755,  0.254211
0.4760,  0.239287
0.4765,  0.225196
0.4770,  0.251855
0.4775,  0.274998
0.4780,  0.255050
0.4785,  0.237233
0.4790,  0.251010
0.4795,  0.261800
0.4800,  0.247501
0.4805,  0.237075
0.4810,  0.247554
0.4815,  0.257309
0.4820,  0.242260
0.4825,  0.230172
0.4830,  0.229873
0.4835,  0.232069
0.4840,  0.229622
0.4845,  0.229584
0.4850,  0.212527
0.4855,  0.198887
0.4860,  0.168140
0.4865,  0.125996
0.4870,  0.185590
0.4875,  0.234818
0.4880,  0.248235
0.4885,  0.257792
0.4890,  0.254785
0.4895,  0.251581
0.4900,  0.250105
0.4905,  0.254436
0.4910,  0.228086
0.4915,  0.202750
0.4920,  0.205397
0.4925,  0.205783
0.4930,  0.199889
0.4935,  0.190411
0.4940,  0.222067
0.4945,  0.255235
0.4950,  0.221064
0.4955,  0.186416
0.4960,  0.204558
0.4965,  0.220982
0.4970,  0.219734
0.4975,  0.222365
0.4980,  0.189205
0.4985,  0.154865
0.4990,  0.183107
0.4995,  0.210621
0.5000,  0.188135
0.5005,  0.165935
0.5010,  0.160801
0.5015,  0.152997
0.5020,  0.174182
0.5025,  0.192576
0.5030,  0.201436
0.5035,  0.209348
0.5040,  0.191839
0.5045,  0.172596
0.5050,  0.194057
0.5055,  0.215286
0.5060,  0.201032
0.5065,  0.189635
0.5070,  0.177168
0.5075,  0.166357
0.5080,  0.171351
0.5085,  0.174219
0.5090,  0.172281
0.5095,  0.169327
0.5100,  0.173449
0.5105,  0.177946
0.5110,  0.187984
0.5115,  0.198150
0.5120,  0.169442
0.5125,  0.142535
0.5130,  0.147382
0.5135,  0.150763
0.5140,  0.160227
0.5145,  0.167097
0.5150,  0.176268
0.5155,  0.190608
0.5160,  0.149682
0.5165,  0.107814
0.5170,  0.140799
0.5175,  0.168990
0.5180,  0.154710
0.5185,  0.131410
0.5190,  0.169165
0.5195,  0.203649
0.5200,  0.192757
0.5205,  0.181126
0.5210,  0.187804
0.5215,  0.197607
0.5220,  0.172757
0.5225,  0.149553
0.5230,  0.163706
0.5235,  0.175226
0.5240,  0.185160
0.5245,  0.196360
0.5250,  0.189223
0.5255,  0.186823
0.5260,  0.133193
0.5265,  0.076909
0.5270,  0.125118
0.5275,  0.164653
0.5280,  0.175268
0.5285,  0.181799
0.5290,  0.176545
0.5295,  0.172921
0.5300,  0.174591
0.5305,  0.177184
0.5310,  0.175283
0.5315,  0.179342
0.5320,  0.139228
0.5325,  0.097181
0.5330,  0.141133
0.5335,  0.180945
0.5340,  0.164222
0.5345,  0.145305
0.5350,  0.172582
0.5355,  0.199804
0.5360,  0.170776
0.5365,  0.143845
0.5370,  0.148621
0.5375,  0.154647
0.5380,  0.163911
0.5385,  0.171893
0.5390,  0.159124
0.5395,  0.147314
0.5400,  0.137591
0.5405,  0.127113
0.5410,  0.157644
0.5415,  0.184935
0.5420,  0.169592
0.5425,  0.154046
0.5430,  0.165153
0.5435,  0.174927
0.5440,  0.171997
0.5445,  0.170954
0.5450,  0.175205
0.5455,  0.178559
0.5460,  0.172796
0.5465,  0.169405
0.5470,  0.159874
0.5475,  0.150474
0.5480,  0.157827
0.5485,  0.163515
0.5490,  0.169698
0.5495,  0.176751
0.5500,  0.169588
0.5505,  0.163058
0.5510,  0.166049
0.5515,  0.168567
0.5520,  0.163760
0.5525,  0.157776
0.5530,  0.165440
0.5535,  0.172622
0.5540,  0.176471
0.5545,  0.179438
0.5550,  0.180599
0.5555,  0.182561
0.5560,  0.168024
0.5565,  0.155140
0.5570,  0.166066
0.5575,  0.177584
0.5580,  0.167748
0.5585,  0.157144
0.5590,  0.165405
0.5595,  0.173367
0.5600,  0.181193
0.5605,  0.187120
0.5610,  0.181572
0.5615,  0.175659
0.5620,  0.180965
0.5625,  0.186844
0.5630,  0.189773
0.5635,  0.192557
0.5640,  0.191839
0.5645,  0.191599
0.5650,  0.180919
0.5655,  0.168176
0.5660,  0.175783
0.5665,  0.183737
0.5670,  0.197618
0.5675,  0.212104
0.5680,  0.195507
0.5685,  0.180039
0.5690,  0.195896
0.5695,  0.211595
0.5700,  0.193977
0.5705,  0.173541
0.5710,  0.184756
0.5715,  0.191951
0.5720,  0.203009
0.5725,  0.214206
0.5730,  0.206615
0.5735,  0.202083
0.5740,  0.201002
0.5745,  0.201281
0.5750,  0.196159
0.5755,  0.189584
0.5760,  0.194231
0.5765,  0.199205
0.5770,  0.203904
0.5775,  0.209982
0.5780,  0.194230
0.5785,  0.176651
0.5790,  0.186636
0.5795,  0.194686
0.5800,  0.194066
0.5805,  0.195211
0.5810,  0.197239
0.5815,  0.200557
0.5820,  0.204940
0.5825,  0.206909
0.5830,  0.201717
0.5835,  0.197532
0.5840,  0.197365
0.5845,  0.200937
0.5850,  0.188381
0.5855,  0.175876
0.5860,  0.193895
0.5865,  0.210401
0.5870,  0.218396
0.5875,  0.229060
0.5880,  0.218395
0.5885,  0.210172
0.5890,  0.190080
0.5895,  0.161819
0.5900,  0.219315
0.5905,  0.267876
0.5910,  0.255011
0.5915,  0.241185
0.5920,  0.238865
0.5925,  0.238762
0.5930,  0.232497
0.5935,  0.231957
0.5940,  0.230445
0.5945,  0.227155
0.5950,  0.232546
0.5955,  0.234926
0.5960,  0.237112
0.5965,  0.238914
0.5970,  0.229291
0.5975,  0.222167
0.5980,  0.216669
0.5985,  0.213743
0.5990,  0.223814
0.5995,  0.233089
0.6000,  0.229302
0.6005,  0.226485
0.6010,  0.230220
0.6015,  0.230470
0.6020,  0.218887
0.6025,  0.205550
0.6030,  0.219423
0.6035,  0.232973
0.6040,  0.230612
0.6045,  0.229916
0.6050,  0.228266
0.6055,  0.224853
0.6060,  0.222507
0.6065,  0.221036
0.6070,  0.222412
0.6075,  0.224448
0.6080,  0.224855
0.6085,  0.226666
0.6090,  0.233070
0.6095,  0.236972
0.6100,  0.228035
0.6105,  0.217982
0.6110,  0.230003
0.6115,  0.241360
0.6120,  0.231673
0.6125,  0.225691
0.6130,  0.224852
0.6135,  0.223088
0.6140,  0.235064
0.6145,  0.245989
0.6150,  0.250408
0.6155,  0.255079
0.6160,  0.228642
0.6165,  0.199149
0.6170,  0.226392
0.6175,  0.251838
0.6180,  0.257157
0.6185,  0.261914
0.6190,  0.260727
0.6195,  0.256654
0.6200,  0.263761
0.6205,  0.269016
0.6210,  0.255302
0.6215,  0.242446
0.6220,  0.250551
0.6225,  0.262886
0.6230,  0.254673
0.6235,  0.248583
0.6240,  0.254735
0.6245,  0.259120
0.6250,  0.256798
0.6255,  0.251867
0.6260,  0.267997
0.6265,  0.283064
0.6270,  0.282525
0.6275,  0.283989
0.6280,  0.286982
0.6285,  0.290871
0.6290,  0.290390
0.6295,  0.289984
0.6300,  0.287299
0.6305,  0.280458
0.6310,  0.274056
0.6315,  0.272608
0.6320,  0.271821
0.6325,  0.270632
0.6330,  0.271475
0.6335,  0.273547
0.6340,  0.275213
0.6345,  0.278101
0.6350,  0.283036
0.6355,  0.284651
0.6360,  0.283807
0.6365,  0.279370
0.6370,  0.274871
0.6375,  0.272359
0.6380,  0.271711
0.6385,  0.274709
0.6390,  0.280494
0.6395,  0.282295
0.6400,  0.283869
0.6405,  0.283446
0.6410,  0.280589
0.6415,  0.280725
0.6420,  0.279362
0.6425,  0.276511
0.6430,  0.273182
0.6435,  0.274259
0.6440,  0.277895
0.6445,  0.284030
0.6450,  0.291952
0.6455,  0.294645
0.6460,  0.297618
0.6465,  0.300278
0.6470,  0.300816
0.6475,  0.296993
0.6480,  0.295118
0.6485,  0.294524
0.6490,  0.291208
0.6495,  0.297971
0.6500,  0.302066
0.6505,  0.307409
0.6510,  0.314614
0.6515,  0.316118
0.6520,  0.316579
0.6525,  0.310599
0.6530,  0.306201
0.6535,  0.293175
0.6540,  0.287118
0.6545,  0.289509
0.6550,  0.300871
0.6555,  0.309012
0.6560,  0.314983
0.6565,  0.304993
0.6570,  0.273296
0.6575,  0.284350
0.6580,  0.295135
0.6585,  0.305974
0.6590,  0.318228
0.6595,  0.312697
0.6600,  0.305385
0.6605,  0.300097
0.6610,  0.298264
0.6615,  0.293654
0.6620,  0.290689
0.6625,  0.289365
0.6630,  0.291603
0.6635,  0.299728
0.6640,  0.303317
0.6645,  0.305500
0.6650,  0.304948
0.6655,  0.302146
0.6660,  0.298625
0.6665,  0.293238
0.6670,  0.288191
0.6675,  0.289947
0.6680,  0.291261
0.6685,  0.296266
0.6690,  0.301899
0.6695,  0.303038
0.6700,  0.304995
0.6705,  0.307235
0.6710,  0.308918
0.6715,  0.311172
0.6720,  0.311504
0.6725,  0.311137
0.6730,  0.307265
0.6735,  0.303760
0.6740,  0.306489
0.6745,  0.307161
0.6750,  0.308446
0.6755,  0.312920
0.6760,  0.316644
0.6765,  0.320412
0.6770,  0.322214
0.6775,  0.322743
0.6780,  0.321285
0.6785,  0.318915
0.6790,  0.318630
0.6795,  0.319321
0.6800,  0.320965
0.6805,  0.321446
0.6810,  0.322107
0.6815,  0.322743
0.6820,  0.326358
0.6825,  0.331711
0.6830,  0.338240
0.6835,  0.340617
0.6840,  0.342320
0.6845,  0.341423
0.6850,  0.342965
0.6855,  0.358890
0.6860,  0.390751
0.6865,  0.435742
0.6870,  0.478327
0.6875,  0.505226
0.6880,  0.514327
0.6885,  0.511410
0.6890,  0.506755
0.6895,  0.497637
0.6900,  0.486265
0.6905,  0.472235
0.6910,  0.461202
0.6915,  0.454668
0.6920,  0.448502
0.6925,  0.448355
0.6930,  0.450539
0.6935,  0.453125
0.6940,  0.453707
0.6945,  0.448654
0.6950,  0.445193
0.6955,  0.438121
0.6960,  0.428839
0.6965,  0.424567
0.6970,  0.419192
0.6975,  0.419723
0.6980,  0.426222
0.6985,  0.429267
0.6990,  0.433062
0.6995,  0.432866
0.7000,  0.431317
0.7005,  0.428520
0.7010,  0.427377
0.7015,  0.431218
0.7020,  0.432705
0.7025,  0.435701
0.7030,  0.441800
0.7035,  0.446925
0.7040,  0.449884
0.7045,  0.454066
0.7050,  0.456498
0.7055,  0.449508
0.7060,  0.443797
0.7065,  0.435056
0.7070,  0.430997
0.7075,  0.428624
0.7080,  0.426010
0.7085,  0.424091
0.7090,  0.425829
0.7095,  0.430029
0.7100,  0.437013
0.7105,  0.442132
0.7110,  0.447139
0.7115,  0.445954
0.7120,  0.440315
0.7125,  0.436307
0.7130,  0.438275
0.7135,  0.443075
0.7140,  0.449702
0.7145,  0.455630
0.7150,  0.461754
0.7155,  0.476575
0.7160,  0.509506
0.7165,  0.546746
0.7170,  0.594508
0.7175,  0.642123
0.7180,  0.686046
0.7185,  0.723414
0.7190,  0.747944
0.7195,  0.765340
0.7200,  0.762979
0.7205,  0.741459
0.7210,  0.703843
0.7215,  0.666483
0.7220,  0.641642
0.7225,  0.639390
0.7230,  0.652567
0.7235,  0.671928
0.7240,  0.691939
0.7245,  0.710291
0.7250,  0.716147
0.7255,  0.720584
0.7260,  0.718378
0.7265,  0.715621
0.7270,  0.720190
0.7275,  0.721928
0.7280,  0.728442
0.7285,  0.724831
0.7290,  0.717728
0.7295,  0.712757
0.7300,  0.702113
0.7305,  0.697319
0.7310,  0.690798
0.7315,  0.675954
0.7320,  0.654253
0.7325,  0.629941
0.7330,  0.609409
0.7335,  0.590032
0.7340,  0.573835
0.7345,  0.563508
0.7350,  0.558388
0.7355,  0.557602
0.7360,  0.555057
0.7365,  0.552653
0.7370,  0.550404
0.7375,  0.544763
0.7380,  0.548145
0.7385,  0.554911
0.7390,  0.552235
0.7395,  0.545418
0.7400,  0.541667
0.7405,  0.538408
0.7410,  0.535495
0.7415,  0.536841
0.7420,  0.535856
0.7425,  0.531377
0.7430,  0.528973
0.7435,  0.525650
0.7440,  0.525751
0.7445,  0.529073
0.7450,  0.524753
0.7455,  0.525200
0.7460,  0.526736
0.7465,  0.531593
0.7470,  0.534040
0.7475,  0.530407
0.7480,  0.527027
0.7485,  0.524533
0.7490,  0.529804
0.7495,  0.538762
0.7500,  0.542641
0.7505,  0.549489
0.7510,  0.556903
0.7515,  0.561729
0.7520,  0.561899
0.7525,  0.557587
0.7530,  0.551560
0.7535,  0.546603
0.7540,  0.544778
0.7545,  0.549762
0.7550,  0.557901
0.7555,  0.566099
0.7560,  0.579935
0.7565,  0.590159
0.7570,  0.591340
0.7575,  0.592522
0.7580,  0.613210
0.7585,  0.677656
0.7590,  0.800888
0.7595,  1.022848
0.7600,  1.358244
0.7605,  1.745778
0.7610,  2.053606
0.7615,  2.131302
0.7620,  2.053106
0.7625,  1.974575
0.7630,  1.941492
0.7635,  1.858236
0.7640,  1.718892
0.7645,  1.540660
0.7650,  1.387061
0.7655,  1.245581
0.7660,  1.126974
0.7665,  1.012863
0.7670,  0.914808
0.7675,  0.845408
0.7680,  0.792335
0.7685,  0.751163
0.7690,  0.724070
0.7695,  0.697467
0.7700,  0.680473
0.7705,  0.667641
0.7710,  0.658932
0.7715,  0.657603
0.7720,  0.651542
0.7725,  0.653680
0.7730,  0.662235
0.7735,  0.664732
0.7740,  0.659273
0.7745,  0.658234
0.7750,  0.659243
0.7755,  0.656158
0.7760,  0.653756
0.7765,  0.651288
0.7770,  0.664103
0.7775,  0.669903
0.7780,  0.680613
0.7785,  0.685608
0.7790,  0.685398
0.7795,  0.684977
0.7800,  0.691274
0.7805,  0.695066
0.7810,  0.690107
0.7815,  0.683331
0.7820,  0.678822
0.7825,  0.682157
0.7830,  0.691079
0.7835,  0.702883
0.7840,  0.722467
0.7845,  0.730640
0.7850,  0.729901
0.7855,  0.724070
0.7860,  0.726103
0.7865,  0.721730
0.7870,  0.725389
0.7875,  0.729923
0.7880,  0.745166
0.7885,  0.764718
0.7890,  0.784725
0.7895,  0.798057
0.7900,  0.802947
0.7905,  0.796067
0.7910,  0.784205
0.7915,  0.786918
0.7920,  0.805638
0.7925,  0.817703
0.7930,  0.822916
0.7935,  0.824556
0.7940,  0.820425
0.7945,  0.820602
0.7950,  0.825575
0.7955,  0.841078
0.7960,  0.844858
0.7965,  0.846625
0.7970,  0.843858
0.7975,  0.831977
0.7980,  0.823689
0.7985,  0.820222
0.7990,  0.819467
0.7995,  0.834095
0.8000,  0.852633
0.8005,  0.873703
0.8010,  0.884868
0.8015,  0.887231
0.8020,  0.889433
0.8025,  0.886491
0.8030,  0.883586
0.8035,  0.875434
0.8040,  0.877329
0.8045,  0.878224
0.8050,  0.884711
0.8055,  0.892142
0.8060,  0.893953
0.8065,  0.906742
0.8070,  0.909259
0.8075,  0.916441
0.8080,  0.923066
0.8085,  0.926165
0.8090,  0.937946
0.8095,  0.956107
0.8100,  0.979284
0.8105,  1.002757
0.8110,  1.029419
0.8115,  1.065615
0.8120,  1.101356
0.8125,  1.130836
0.8130,  1.171380
0.8135,  1.220810
0.8140,  1.286096
0.8145,  1.345990
0.8150,  1.412692
0.8155,  1.493806
0.8160,  1.559046
0.8165,  1.638042
0.8170,  1.690757
0.8175,  1.710323
0.8180,  1.700385
0.8185,  1.647769
0.8190,  1.595332
0.8195,  1.519940
0.8200,  1.440987
0.8205,  1.375701
0.8210,  1.367242
0.8215,  1.421921
0.8220,  1.563007
0.8225,  1.711346
0.8230,  1.806193
0.8235,  1.746479
0.8240,  1.610348
0.8245,  1.483089
0.8250,  1.393795
0.8255,  1.348541
0.8260,  1.340731
0.8265,  1.347562
0.8270,  1.384263
0.8275,  1.430548
0.8280,  1.471739
0.8285,  1.505023
0.8290,  1.522746
0.8295,  1.544212
0.8300,  1.516041
0.8305,  1.489077
0.8310,  1.473742
0.8315,  1.464209
0.8320,  1.476125
0.8325,  1.518293
0.8330,  1.556409
0.8335,  1.548102
0.8340,  1.523000
0.8345,  1.507265
0.8350,  1.472376
0.8355,  1.420203
0.8360,  1.382766
0.8365,  1.343789
0.8370,  1.318987
0.8375,  1.318738
0.8380,  1.336352
0.8385,  1.367697
0.8390,  1.373132
0.8395,  1.367773
0.8400,  1.345566
0.8405,  1.331715
0.8410,  1.323294
0.8415,  1.315523
0.8420,  1.326780
0.8425,  1.316189
0.8430,  1.342520
0.8435,  1.376977
0.8440,  1.387995
0.8445,  1.395054
0.8450,  1.402459
0.8455,  1.383432
0.8460,  1.390955
0.8465,  1.362559
0.8470,  1.353473
0.8475,  1.351455
0.8480,  1.388369
0.8485,  1.441646
0.8490,  1.502229
0.8495,  1.562212
0.8500,  1.601860
0.8505,  1.626074
0.8510,  1.635924
0.8515,  1.613957
0.8520,  1.570545
0.8525,  1.566700
0.8530,  1.674409
0.8535,  1.881285
0.8540,  2.092805
0.8545,  2.251369
0.8550,  2.297222
0.8555,  2.141520
0.8560,  2.007131
0.8565,  1.858802
0.8570,  1.798292
0.8575,  1.722190
0.8580,  1.719511
0.8585,  1.721772
0.8590,  1.713342
0.8595,  1.718245
0.8600,  1.787966
0.8605,  1.922068
0.8610,  1.969728
0.8615,  1.961619
0.8620,  1.938347
0.8625,  1.876282
0.8630,  1.887526
0.8635,  1.906978
0.8640,  1.968529
0.8645,  2.091323
0.8650,  2.417578
0.8655,  2.929203
0.8660,  3.296383
0.8665,  3.762767
0.8670,  3.471448
0.8675,  3.212834
0.8680,  2.947054
0.8685,  2.697930
0.8690,  2.603083
0.8695,  2.717105
0.8700,  2.949950
0.8705,  3.113829
0.8710,  3.190905
0.8715,  3.079297
0.8720,  2.967317
0.8725,  2.978374
0.8730,  3.101156
0.8735,  3.204567
0.8740,  3.540195
0.8745,  3.954733
0.8750,  4.052739
0.8755,  4.600019
0.8760,  4.982322
0.8765,  5.699894
0.8770,  5.969990
0.8775,  6.030858
0.8780,  6.271658
0.8785,  7.420747
0.8790,  5.349370
0.8795,  5.508933
0.8800,  Infinity
0.8805,  Infinity
0.8810,  Infinity
0.8815,  Infinity
0.8820,  Infinity
0.8825,  Infinity
0.8830,  6.282247
0.8835,  6.032268
0.8840,  5.598048
0.8845,  7.229380
0.8850,  Infinity
0.8855,  Infinity
0.8860,  Infinity
0.8865,  Infinity
0.8870,  Infinity
0.8875,  Infinity
0.8880,  Infinity
0.8885,  Infinity
0.8890,  Infinity
0.8895,  Infinity
0.8900,  Infinity
