0.3500,  0.256219
0.3505,  0.318584
0.3510,  0.289616
0.3515,  0.267392
0.3520,  0.233829
0.3525,  0.200277
0.3530,  0.243912
0.3535,  0.272168
0.3540,  0.285294
0.3545,  0.298291
0.3550,  0.267345
0.3555,  0.247014
0.3560,  0.211861
0.3565,  0.179251
0.3570,  0.155991
0.3575,  0.126374
0.3580,  0.088319
0.3585,  0.045884
0.3590,  0.203782
0.3595,  0.325692
0.3600,  0.315035
0.3605,  0.293738
0.3610,  0.238049
0.3615,  0.176594
0.3620,  0.206275
0.3625,  0.241146
0.3630,  0.226278
0.3635,  0.223074
0.3640,  0.218368
0.3645,  0.212249
0.3650,  0.249193
0.3655,  0.278371
0.3660,  0.288543
0.3665,  0.294905
0.3670,  0.266259
0.3675,  0.241526
0.3680,  0.207986
0.3685,  0.173984
0.3690,  0.211443
0.3695,  0.249777
0.3700,  0.219469
0.3705,  0.190809
0.3710,  0.206472
0.3715,  0.223847
0.3720,  0.195139
0.3725,  0.170531
0.3730,  0.142627
0.3735,  0.112157
0.3740,  0.123025
0.3745,  0.127426
0.3750,  0.201363
0.3755,  0.260717
0.3760,  0.252234
0.3765,  0.230264
0.3770,  0.266834
0.3775,  0.302218
0.3780,  0.297606
0.3785,  0.303639
0.3790,  0.216333
0.3795,  0.122606
0.3800,  0.178770
0.3805,  0.234016
0.3810,  0.207079
0.3815,  0.189921
0.3820,  0.108085
0.3825,  0.008580
0.3830,  -0.016708
0.3835,  -0.056540
0.3840,  0.095260
0.3845,  0.210727
0.3850,  0.219947
0.3855,  0.232866
0.3860,  0.219402
0.3865,  0.206348
0.3870,  0.200273
0.3875,  0.197188
0.3880,  0.180457
0.3885,  0.154990
0.3890,  0.207914
0.3895,  0.247937
0.3900,  0.243659
0.3905,  0.239412
0.3910,  0.250565
0.3915,  0.277403
0.3920,  0.192491
0.3925,  0.109906
0.3930,  -0.041639
0.3935,  -0.262947
0.3940,  0.011005
0.3945,  0.199443
0.3950,  0.290661
0.3955,  0.377630
0.3960,  0.223878
0.3965,  0.034364
0.3970,  0.055295
0.3975,  0.051849
0.3980,  0.222392
0.3985,  0.339609
0.3990,  0.323372
0.3995,  0.313607
0.4000,  0.280588
0.4005,  0.250557
0.4010,  0.241692
0.4015,  0.240852
0.4020,  0.229161
0.4025,  0.221692
0.4030,  0.197935
0.4035,  0.172390
0.4040,  0.161297
0.4045,  0.156056
0.4050,  0.155775
0.4055,  0.160098
0.4060,  0.149248
0.4065,  0.136555
0.4070,  0.149722
0.4075,  0.157970
0.4080,  0.180435
0.4085,  0.202752
0.4090,  0.197349
0.4095,  0.192245
0.4100,  0.147793
0.4105,  0.096458
0.4110,  0.159703
0.4115,  0.216445
0.4120,  0.201808
0.4125,  0.183817
0.4130,  0.168215
0.4135,  0.158726
0.4140,  0.151744
0.4145,  0.145668
0.4150,  0.145343
0.4155,  0.146241
0.4160,  0.166363
0.4165,  0.187866
0.4170,  0.148921
0.4175,  0.108628
0.4180,  0.114155
0.4185,  0.123050
0.4190,  0.133309
0.4195,  0.137193
0.4200,  0.149489
0.4205,  0.161390
0.4210,  0.165898
0.4215,  0.174042
0.4220,  0.130904
0.4225,  0.083513
0.4230,  0.114535
0.4235,  0.146560
0.4240,  0.154950
0.4245,  0.168440
0.4250,  0.154448
0.4255,  0.139524
0.4260,  0.141838
0.4265,  0.151861
0.4270,  0.123065
0.4275,  0.094168
0.4280,  0.108911
0.4285,  0.126674
0.4290,  0.112549
0.4295,  0.102118
0.4300,  0.023189
0.4305,  -0.078008
0.4310,  0.100743
0.4315,  0.232832
0.4320,  0.206014
0.4325,  0.175429
0.4330,  0.179970
0.4335,  0.187817
0.4340,  0.162421
0.4345,  0.138534
0.4350,  0.136028
0.4355,  0.134664
0.4360,  0.171926
0.4365,  0.210616
0.4370,  0.184347
0.4375,  0.160610
0.4380,  0.111465
0.4385,  0.051973
0.4390,  0.112181
0.4395,  0.167005
0.4400,  0.137029
0.4405,  0.103505
0.4410,  0.143015
0.4415,  0.179438
0.4420,  0.181336
0.4425,  0.180976
0.4430,  0.155981
0.4435,  0.135719
0.4440,  0.147381
0.4445,  0.159920
0.4450,  0.127465
0.4455,  0.091969
0.4460,  0.106007
0.4465,  0.117554
0.4470,  0.150077
0.4475,  0.179319
0.4480,  0.155301
0.4485,  0.129097
0.4490,  0.131979
0.4495,  0.134058
0.4500,  0.148703
0.4505,  0.162952
0.4510,  0.154095
0.4515,  0.146731
0.4520,  0.119717
0.4525,  0.090478
0.4530,  0.097879
0.4535,  0.108226
0.4540,  0.118385
0.4545,  0.122971
0.4550,  0.132458
0.4555,  0.139922
0.4560,  0.142313
0.4565,  0.147141
0.4570,  0.149425
0.4575,  0.152675
0.4580,  0.127093
0.4585,  0.102481
0.4590,  0.110316
0.4595,  0.115944
0.4600,  0.120428
0.4605,  0.123204
0.4610,  0.122584
0.4615,  0.121978
0.4620,  0.129461
0.4625,  0.137793
0.4630,  0.124662
0.4635,  0.116684
0.4640,  0.109784
0.4645,  0.100422
0.4650,  0.118891
0.4655,  0.136013
0.4660,  0.111551
0.4665,  0.089374
0.4670,  0.112592
0.4675,  0.133164
0.4680,  0.129620
0.4685,  0.128804
0.4690,  0.131406
0.4695,  0.136052
0.4700,  0.116177
0.4705,  0.093364
0.4710,  0.120121
0.4715,  0.145474
0.4720,  0.142839
0.4725,  0.140618
0.4730,  0.128585
0.4735,  0.117156
0.4740,  0.126563
0.4745,  0.139077
0.4750,  0.134794
0.4755,  0.130336
0.4760,  0.120604
0.4765,  0.109491
0.4770,  0.132134
0.4775,  0.153904
0.4780,  0.138446
0.4785,  0.122497
0.4790,  0.135513
0.4795,  0.147901
0.4800,  0.138560
0.4805,  0.130418
0.4810,  0.140687
0.4815,  0.150815
0.4820,  0.136990
0.4825,  0.128402
0.4830,  0.131575
0.4835,  0.137371
0.4840,  0.136524
0.4845,  0.140270
0.4850,  0.127321
0.4855,  0.115053
0.4860,  0.085440
0.4865,  0.044762
0.4870,  0.093485
0.4875,  0.134364
0.4880,  0.144660
0.4885,  0.154072
0.4890,  0.153857
0.4895,  0.154902
0.4900,  0.157797
0.4905,  0.164609
0.4910,  0.143010
0.4915,  0.122108
0.4920,  0.122652
0.4925,  0.121910
0.4930,  0.116913
0.4935,  0.109752
0.4940,  0.138367
0.4945,  0.165973
0.4950,  0.136917
0.4955,  0.108232
0.4960,  0.125872
0.4965,  0.143970
0.4970,  0.146422
0.4975,  0.150294
0.4980,  0.122571
0.4985,  0.092970
0.4990,  0.117842
0.4995,  0.142548
0.5000,  0.123510
0.5005,  0.104813
0.5010,  0.100481
0.5015,  0.093614
0.5020,  0.113155
0.5025,  0.130715
0.5030,  0.139202
0.5035,  0.145166
0.5040,  0.131011
0.5045,  0.113960
0.5050,  0.133363
0.5055,  0.152835
0.5060,  0.141285
0.5065,  0.132950
0.5070,  0.122979
0.5075,  0.113023
0.5080,  0.116475
0.5085,  0.119093
0.5090,  0.118125
0.5095,  0.116687
0.5100,  0.122172
0.5105,  0.127437
0.5110,  0.136882
0.5115,  0.145384
0.5120,  0.119660
0.5125,  0.095479
0.5130,  0.099605
0.5135,  0.103227
0.5140,  0.110905
0.5145,  0.116745
0.5150,  0.125055
0.5155,  0.138028
0.5160,  0.103288
0.5165,  0.066660
0.5170,  0.093338
0.5175,  0.114821
0.5180,  0.098905
0.5185,  0.075371
0.5190,  0.107480
0.5195,  0.137508
0.5200,  0.127931
0.5205,  0.118390
0.5210,  0.127490
0.5215,  0.139624
0.5220,  0.119351
0.5225,  0.099047
0.5230,  0.113193
0.5235,  0.122447
0.5240,  0.130186
0.5245,  0.141294
0.5250,  0.137786
0.5255,  0.138226
0.5260,  0.092865
0.5265,  0.043071
0.5270,  0.082749
0.5275,  0.113587
0.5280,  0.119552
0.5285,  0.124298
0.5290,  0.121017
0.5295,  0.118540
0.5300,  0.120859
0.5305,  0.124979
0.5310,  0.126447
0.5315,  0.133140
0.5320,  0.098687
0.5325,  0.061257
0.5330,  0.098635
0.5335,  0.132146
0.5340,  0.114524
0.5345,  0.095541
0.5350,  0.118990
0.5355,  0.144248
0.5360,  0.121704
0.5365,  0.100398
0.5370,  0.104988
0.5375,  0.108943
0.5380,  0.116955
0.5385,  0.124720
0.5390,  0.115598
0.5395,  0.102827
0.5400,  0.091704
0.5405,  0.080600
0.5410,  0.106982
0.5415,  0.131668
0.5420,  0.119172
0.5425,  0.105612
0.5430,  0.115775
0.5435,  0.125831
0.5440,  0.124506
0.5445,  0.122487
0.5450,  0.125509
0.5455,  0.129317
0.5460,  0.124620
0.5465,  0.119895
0.5470,  0.110721
0.5475,  0.100383
0.5480,  0.106656
0.5485,  0.112128
0.5490,  0.118437
0.5495,  0.125264
0.5500,  0.119127
0.5505,  0.114224
0.5510,  0.115920
0.5515,  0.117151
0.5520,  0.111530
0.5525,  0.106160
0.5530,  0.114975
0.5535,  0.120725
0.5540,  0.121201
0.5545,  0.123328
0.5550,  0.125508
0.5555,  0.128840
0.5560,  0.116846
0.5565,  0.106510
0.5570,  0.116591
0.5575,  0.127598
0.5580,  0.119188
0.5585,  0.110232
0.5590,  0.115389
0.5595,  0.119924
0.5600,  0.124378
0.5605,  0.127862
0.5610,  0.122550
0.5615,  0.117337
0.5620,  0.122407
0.5625,  0.127672
0.5630,  0.131120
0.5635,  0.135383
0.5640,  0.135645
0.5645,  0.138146
0.5650,  0.130021
0.5655,  0.118693
0.5660,  0.122159
0.5665,  0.127055
0.5670,  0.138811
0.5675,  0.152432
0.5680,  0.138845
0.5685,  0.125333
0.5690,  0.139918
0.5695,  0.154907
0.5700,  0.139531
0.5705,  0.121170
0.5710,  0.133007
0.5715,  0.139204
0.5720,  0.146384
0.5725,  0.155540
0.5730,  0.149369
0.5735,  0.147111
0.5740,  0.148280
0.5745,  0.149867
0.5750,  0.143097
0.5755,  0.135243
0.5760,  0.138138
0.5765,  0.143559
0.5770,  0.150199
0.5775,  0.156852
0.5780,  0.140558
0.5785,  0.121489
0.5790,  0.128569
0.5795,  0.134653
0.5800,  0.134888
0.5805,  0.136920
0.5810,  0.139623
0.5815,  0.142137
0.5820,  0.144898
0.5825,  0.146941
0.5830,  0.142596
0.5835,  0.138877
0.5840,  0.139781
0.5845,  0.144184
0.5850,  0.131458
0.5855,  0.117447
0.5860,  0.131048
0.5865,  0.143456
0.5870,  0.151214
0.5875,  0.166056
0.5880,  0.160335
0.5885,  0.156589
0.5890,  0.137046
0.5895,  0.108657
0.5900,  0.156690
0.5905,  0.198091
0.5910,  0.186504
0.5915,  0.173850
0.5920,  0.172528
0.5925,  0.171969
0.5930,  0.166136
0.5935,  0.166473
0.5940,  0.162728
0.5945,  0.159509
0.5950,  0.163395
0.5955,  0.164913
0.5960,  0.167704
0.5965,  0.170470
0.5970,  0.161982
0.5975,  0.152487
0.5980,  0.145378
0.5985,  0.142454
0.5990,  0.149138
0.5995,  0.156921
0.6000,  0.152648
0.6005,  0.148681
0.6010,  0.152280
0.6015,  0.153020
0.6020,  0.142085
0.6025,  0.130116
0.6030,  0.141333
0.6035,  0.154223
0.6040,  0.152207
0.6045,  0.152564
0.6050,  0.151121
0.6055,  0.147586
0.6060,  0.144935
0.6065,  0.141801
0.6070,  0.140405
0.6075,  0.141440
0.6080,  0.140887
0.6085,  0.142536
0.6090,  0.147783
0.6095,  0.151321
0.6100,  0.142230
0.6105,  0.131150
0.6110,  0.140862
0.6115,  0.151068
0.6120,  0.142527
0.6125,  0.135920
0.6130,  0.137156
0.6135,  0.137021
0.6140,  0.146485
0.6145,  0.155956
0.6150,  0.159580
0.6155,  0.163090
0.6160,  0.139117
0.6165,  0.111294
0.6170,  0.133474
0.6175,  0.156290
0.6180,  0.160411
0.6185,  0.163879
0.6190,  0.159918
0.6195,  0.154609
0.6200,  0.160877
0.6205,  0.168789
0.6210,  0.159355
0.6215,  0.147951
0.6220,  0.154971
0.6225,  0.163866
0.6230,  0.156534
0.6235,  0.150285
0.6240,  0.151408
0.6245,  0.150723
0.6250,  0.145196
0.6255,  0.138009
0.6260,  0.152276
0.6265,  0.168627
0.6270,  0.171913
0.6275,  0.176189
0.6280,  0.182190
0.6285,  0.186714
0.6290,  0.186451
0.6295,  0.184851
0.6300,  0.181815
0.6305,  0.174182
0.6310,  0.166971
0.6315,  0.165020
0.6320,  0.163082
0.6325,  0.162012
0.6330,  0.163311
0.6335,  0.165139
0.6340,  0.168221
0.6345,  0.172370
0.6350,  0.176132
0.6355,  0.177123
0.6360,  0.176516
0.6365,  0.171596
0.6370,  0.162898
0.6375,  0.155598
0.6380,  0.153327
0.6385,  0.153196
0.6390,  0.154295
0.6395,  0.152485
0.6400,  0.153796
0.6405,  0.155572
0.6410,  0.152791
0.6415,  0.153024
0.6420,  0.150817
0.6425,  0.147901
0.6430,  0.146504
0.6435,  0.143234
0.6440,  0.141407
0.6445,  0.144443
0.6450,  0.152314
0.6455,  0.158392
0.6460,  0.166369
0.6465,  0.173665
0.6470,  0.176208
0.6475,  0.171463
0.6480,  0.167432
0.6485,  0.162265
0.6490,  0.155685
0.6495,  0.157896
0.6500,  0.158929
0.6505,  0.164393
0.6510,  0.174086
0.6515,  0.177102
0.6520,  0.178490
0.6525,  0.177483
0.6530,  0.177022
0.6535,  0.169534
0.6540,  0.165880
0.6545,  0.167312
0.6550,  0.172887
0.6555,  0.171883
0.6560,  0.162010
0.6565,  0.140783
0.6570,  0.106610
0.6575,  0.115128
0.6580,  0.128642
0.6585,  0.144482
0.6590,  0.159567
0.6595,  0.155065
0.6600,  0.150758
0.6605,  0.146361
0.6610,  0.143620
0.6615,  0.136986
0.6620,  0.133080
0.6625,  0.131354
0.6630,  0.131080
0.6635,  0.136978
0.6640,  0.140495
0.6645,  0.143350
0.6650,  0.146075
0.6655,  0.144129
0.6660,  0.140488
0.6665,  0.135287
0.6670,  0.127939
0.6675,  0.125444
0.6680,  0.122438
0.6685,  0.122813
0.6690,  0.125432
0.6695,  0.126831
0.6700,  0.132944
0.6705,  0.136294
0.6710,  0.138113
0.6715,  0.142807
0.6720,  0.141600
0.6725,  0.137461
0.6730,  0.134097
0.6735,  0.130736
0.6740,  0.128390
0.6745,  0.127460
0.6750,  0.125109
0.6755,  0.128010
0.6760,  0.130310
0.6765,  0.133845
0.6770,  0.139457
0.6775,  0.137492
0.6780,  0.136625
0.6785,  0.137269
0.6790,  0.135365
0.6795,  0.132690
0.6800,  0.130568
0.6805,  0.129054
0.6810,  0.126379
0.6815,  0.123173
0.6820,  0.125565
0.6825,  0.128455
0.6830,  0.133518
0.6835,  0.138609
0.6840,  0.140163
0.6845,  0.138401
0.6850,  0.140747
0.6855,  0.156306
0.6860,  0.184360
0.6865,  0.217494
0.6870,  0.246995
0.6875,  0.258050
0.6880,  0.258971
0.6885,  0.255065
0.6890,  0.254584
0.6895,  0.253711
0.6900,  0.247674
0.6905,  0.236644
0.6910,  0.228829
0.6915,  0.223374
0.6920,  0.217564
0.6925,  0.214925
0.6930,  0.216050
0.6935,  0.214257
0.6940,  0.210972
0.6945,  0.206907
0.6950,  0.200440
0.6955,  0.191723
0.6960,  0.182278
0.6965,  0.175077
0.6970,  0.169098
0.6975,  0.171386
0.6980,  0.177165
0.6985,  0.185954
0.6990,  0.195275
0.6995,  0.197504
0.7000,  0.193550
0.7005,  0.190967
0.7010,  0.188040
0.7015,  0.193180
0.7020,  0.193330
0.7025,  0.189205
0.7030,  0.184320
0.7035,  0.184011
0.7040,  0.184093
0.7045,  0.185181
0.7050,  0.187882
0.7055,  0.186623
0.7060,  0.185128
0.7065,  0.178841
0.7070,  0.176407
0.7075,  0.171061
0.7080,  0.166103
0.7085,  0.164427
0.7090,  0.163662
0.7095,  0.161994
0.7100,  0.157517
0.7105,  0.154949
0.7110,  0.155489
0.7115,  0.157862
0.7120,  0.160786
0.7125,  0.164349
0.7130,  0.162227
0.7135,  0.163916
0.7140,  0.165148
0.7145,  0.166539
0.7150,  0.172779
0.7155,  0.186689
0.7160,  0.215671
0.7165,  0.253893
0.7170,  0.293189
0.7175,  0.327237
0.7180,  0.354380
0.7185,  0.373452
0.7190,  0.384945
0.7195,  0.393383
0.7200,  0.382801
0.7205,  0.357575
0.7210,  0.325140
0.7215,  0.298065
0.7220,  0.288144
0.7225,  0.289899
0.7230,  0.304596
0.7235,  0.320242
0.7240,  0.339530
0.7245,  0.352880
0.7250,  0.361405
0.7255,  0.359387
0.7260,  0.359716
0.7265,  0.359686
0.7270,  0.358686
0.7275,  0.352949
0.7280,  0.350416
0.7285,  0.341047
0.7290,  0.331142
0.7295,  0.327753
0.7300,  0.325169
0.7305,  0.317485
0.7310,  0.309477
0.7315,  0.293531
0.7320,  0.275237
0.7325,  0.257830
0.7330,  0.235716
0.7335,  0.216646
0.7340,  0.202359
0.7345,  0.198802
0.7350,  0.195323
0.7355,  0.196018
0.7360,  0.195339
0.7365,  0.192444
0.7370,  0.189799
0.7375,  0.183809
0.7380,  0.180887
0.7385,  0.182106
0.7390,  0.179398
0.7395,  0.172987
0.7400,  0.167102
0.7405,  0.161516
0.7410,  0.154006
0.7415,  0.161325
0.7420,  0.160399
0.7425,  0.158831
0.7430,  0.160789
0.7435,  0.158207
0.7440,  0.157985
0.7445,  0.164366
0.7450,  0.166447
0.7455,  0.164736
0.7460,  0.160485
0.7465,  0.157085
0.7470,  0.154684
0.7475,  0.148908
0.7480,  0.148855
0.7485,  0.149636
0.7490,  0.149372
0.7495,  0.151863
0.7500,  0.156957
0.7505,  0.155618
0.7510,  0.149782
0.7515,  0.148623
0.7520,  0.145434
0.7525,  0.143960
0.7530,  0.141838
0.7535,  0.140362
0.7540,  0.140775
0.7545,  0.137217
0.7550,  0.130759
0.7555,  0.128265
0.7560,  0.129710
0.7565,  0.135088
0.7570,  0.130977
0.7575,  0.136080
0.7580,  0.157451
0.7585,  0.207495
0.7590,  0.312304
0.7595,  0.466193
0.7600,  0.627648
0.7605,  0.737384
0.7610,  0.772972
0.7615,  0.754524
0.7620,  0.733282
0.7625,  0.727228
0.7630,  0.728350
0.7635,  0.703023
0.7640,  0.650901
0.7645,  0.590928
0.7650,  0.521316
0.7655,  0.444018
0.7660,  0.374302
0.7665,  0.314305
0.7670,  0.272849
0.7675,  0.248139
0.7680,  0.230484
0.7685,  0.214233
0.7690,  0.197508
0.7695,  0.181081
0.7700,  0.171274
0.7705,  0.170370
0.7710,  0.166252
0.7715,  0.162309
0.7720,  0.163340
0.7725,  0.162490
0.7730,  0.161538
0.7735,  0.160546
0.7740,  0.155689
0.7745,  0.146611
0.7750,  0.137851
0.7755,  0.133248
0.7760,  0.133042
0.7765,  0.132122
0.7770,  0.139274
0.7775,  0.141702
0.7780,  0.142947
0.7785,  0.144413
0.7790,  0.145163
0.7795,  0.143883
0.7800,  0.144675
0.7805,  0.140435
0.7810,  0.140381
0.7815,  0.134294
0.7820,  0.128369
0.7825,  0.120895
0.7830,  0.115915
0.7835,  0.117836
0.7840,  0.122559
0.7845,  0.127343
0.7850,  0.132880
0.7855,  0.137341
0.7860,  0.139962
0.7865,  0.141774
0.7870,  0.146184
0.7875,  0.151620
0.7880,  0.157064
0.7885,  0.163875
0.7890,  0.171972
0.7895,  0.176492
0.7900,  0.177198
0.7905,  0.173820
0.7910,  0.173713
0.7915,  0.176327
0.7920,  0.178024
0.7925,  0.183206
0.7930,  0.170798
0.7935,  0.159967
0.7940,  0.159083
0.7945,  0.153623
0.7950,  0.150021
0.7955,  0.164484
0.7960,  0.174705
0.7965,  0.177710
0.7970,  0.181971
0.7975,  0.179040
0.7980,  0.175218
0.7985,  0.170915
0.7990,  0.169374
0.7995,  0.172889
0.8000,  0.176407
0.8005,  0.180708
0.8010,  0.184260
0.8015,  0.183427
0.8020,  0.190209
0.8025,  0.194511
0.8030,  0.192032
0.8035,  0.189502
0.8040,  0.184654
0.8045,  0.168995
0.8050,  0.154261
0.8055,  0.147076
0.8060,  0.147949
0.8065,  0.150267
0.8070,  0.154157
0.8075,  0.148547
0.8080,  0.150269
0.8085,  0.152808
0.8090,  0.156984
0.8095,  0.156274
0.8100,  0.161350
0.8105,  0.163078
0.8110,  0.170714
0.8115,  0.182004
0.8120,  0.196238
0.8125,  0.233268
0.8130,  0.260050
0.8135,  0.291300
0.8140,  0.319665
0.8145,  0.335628
0.8150,  0.360556
0.8155,  0.374835
0.8160,  0.380991
0.8165,  0.384792
0.8170,  0.376015
0.8175,  0.364157
0.8180,  0.350347
0.8185,  0.353837
0.8190,  0.349756
0.8195,  0.341601
0.8200,  0.326342
0.8205,  0.311591
0.8210,  0.316436
0.8215,  0.332047
0.8220,  0.357471
0.8225,  0.374746
0.8230,  0.369471
0.8235,  0.344740
0.8240,  0.314567
0.8245,  0.285752
0.8250,  0.272489
0.8255,  0.268488
0.8260,  0.273373
0.8265,  0.278047
0.8270,  0.288976
0.8275,  0.287055
0.8280,  0.290968
0.8285,  0.287174
0.8290,  0.286422
0.8295,  0.279814
0.8300,  0.275102
0.8305,  0.273951
0.8310,  0.278210
0.8315,  0.272651
0.8320,  0.263497
0.8325,  0.258339
0.8330,  0.249157
0.8335,  0.239785
0.8340,  0.224340
0.8345,  0.209371
0.8350,  0.195735
0.8355,  0.189800
0.8360,  0.194769
0.8365,  0.198398
0.8370,  0.199421
0.8375,  0.195484
0.8380,  0.178607
0.8385,  0.165596
0.8390,  0.156178
0.8395,  0.144804
0.8400,  0.145915
0.8405,  0.144176
0.8410,  0.146883
0.8415,  0.147041
0.8420,  0.139907
0.8425,  0.138981
0.8430,  0.134836
0.8435,  0.130029
0.8440,  0.125909
0.8445,  0.122468
0.8450,  0.113946
0.8455,  0.103315
0.8460,  0.102908
0.8465,  0.106353
0.8470,  0.112210
0.8475,  0.117883
0.8480,  0.125253
0.8485,  0.128028
0.8490,  0.129230
0.8495,  0.131809
0.8500,  0.121355
0.8505,  0.118909
0.8510,  0.116279
0.8515,  0.115891
0.8520,  0.138850
0.8525,  0.141393
0.8530,  0.142105
0.8535,  0.143832
0.8540,  0.136261
0.8545,  0.157528
0.8550,  0.153297
0.8555,  0.136927
0.8560,  0.135210
0.8565,  0.130484
0.8570,  0.124160
0.8575,  0.124564
0.8580,  0.129072
0.8585,  0.135434
0.8590,  0.140906
0.8595,  0.136366
0.8600,  0.131343
0.8605,  0.130261
0.8610,  0.127337
0.8615,  0.118130
0.8620,  0.113362
0.8625,  0.105289
0.8630,  0.108103
0.8635,  0.108329
0.8640,  0.121828
0.8645,  0.111753
0.8650,  0.110790
0.8655,  0.117493
0.8660,  0.115725
0.8665,  0.123221
0.8670,  0.119536
0.8675,  0.105559
0.8680,  0.103932
0.8685,  0.099208
0.8690,  0.101359
0.8695,  0.116349
0.8700,  0.137327
0.8705,  0.139319
0.8710,  0.134376
0.8715,  0.127929
0.8720,  0.128263
0.8725,  0.123515
0.8730,  0.119007
0.8735,  0.106741
0.8740,  0.105998
0.8745,  0.114848
0.8750,  0.122528
0.8755,  0.131102
0.8760,  0.132653
0.8765,  0.125400
0.8770,  0.120627
0.8775,  0.120667
0.8780,  0.118065
0.8785,  0.112127
0.8790,  0.108852
0.8795,  0.115336
0.8800,  0.122895
0.8805,  0.130951
0.8810,  0.131032
0.8815,  0.137649
0.8820,  0.141263
0.8825,  0.139527
0.8830,  0.134629
0.8835,  0.127047
0.8840,  0.115192
0.8845,  0.101347
0.8850,  0.106690
0.8855,  0.112617
0.8860,  0.121561
0.8865,  0.142546
0.8870,  0.158014
0.8875,  0.152393
0.8880,  0.147044
0.8885,  0.145176
0.8890,  0.143320
0.8895,  0.142430
0.8900,  0.159962
