0.3500,  0.090742
0.3505,  0.152507
0.3510,  0.120071
0.3515,  0.086320
0.3520,  0.051744
0.3525,  0.008595
0.3530,  0.047840
0.3535,  0.081388
0.3540,  0.099887
0.3545,  0.124542
0.3550,  0.103002
0.3555,  0.090196
0.3560,  0.055247
0.3565,  0.019811
0.3570,  -0.014809
0.3575,  -0.049972
0.3580,  -0.089422
0.3585,  -0.143249
0.3590,  0.011235
0.3595,  0.143618
0.3600,  0.131709
0.3605,  0.121322
0.3610,  0.075545
0.3615,  0.020871
0.3620,  0.057901
0.3625,  0.093506
0.3630,  0.084077
0.3635,  0.075494
0.3640,  0.072176
0.3645,  0.057990
0.3650,  0.095625
0.3655,  0.130371
0.3660,  0.140122
0.3665,  0.151305
0.3670,  0.119295
0.3675,  0.092602
0.3680,  0.057393
0.3685,  0.021482
0.3690,  0.065965
0.3695,  0.112395
0.3700,  0.087386
0.3705,  0.058098
0.3710,  0.076691
0.3715,  0.101059
0.3720,  0.075025
0.3725,  0.047453
0.3730,  0.016487
0.3735,  -0.019376
0.3740,  -0.012320
0.3745,  -0.011152
0.3750,  0.063771
0.3755,  0.125456
0.3760,  0.119270
0.3765,  0.105813
0.3770,  0.152992
0.3775,  0.194245
0.3780,  0.187573
0.3785,  0.190668
0.3790,  0.099859
0.3795,  -0.000690
0.3800,  0.050699
0.3805,  0.107188
0.3810,  0.084287
0.3815,  0.070109
0.3820,  -0.011437
0.3825,  -0.113460
0.3830,  -0.138579
0.3835,  -0.175929
0.3840,  -0.017329
0.3845,  0.102818
0.3850,  0.114643
0.3855,  0.129511
0.3860,  0.118079
0.3865,  0.106618
0.3870,  0.102002
0.3875,  0.095898
0.3880,  0.075052
0.3885,  0.049008
0.3890,  0.101309
0.3895,  0.142917
0.3900,  0.143003
0.3905,  0.144661
0.3910,  0.161285
0.3915,  0.193013
0.3920,  0.106131
0.3925,  0.015741
0.3930,  -0.148529
0.3935,  -0.386993
0.3940,  -0.112564
0.3945,  0.082933
0.3950,  0.180007
0.3955,  0.272612
0.3960,  0.120019
0.3965,  -0.073161
0.3970,  -0.053309
0.3975,  -0.053207
0.3980,  0.129041
0.3985,  0.252813
0.3990,  0.238473
0.3995,  0.232965
0.4000,  0.200982
0.4005,  0.170576
0.4010,  0.157858
0.4015,  0.152491
0.4020,  0.139519
0.4025,  0.134543
0.4030,  0.112751
0.4035,  0.089792
0.4040,  0.084426
0.4045,  0.082579
0.4050,  0.082368
0.4055,  0.083416
0.4060,  0.067987
0.4065,  0.053790
0.4070,  0.067689
0.4075,  0.078306
0.4080,  0.104206
0.4085,  0.127635
0.4090,  0.120759
0.4095,  0.116730
0.4100,  0.072966
0.4105,  0.020359
0.4110,  0.083466
0.4115,  0.140366
0.4120,  0.124792
0.4125,  0.108671
0.4130,  0.096499
0.4135,  0.088606
0.4140,  0.085541
0.4145,  0.080021
0.4150,  0.079797
0.4155,  0.077780
0.4160,  0.100662
0.4165,  0.125204
0.4170,  0.085829
0.4175,  0.043721
0.4180,  0.048632
0.4185,  0.057303
0.4190,  0.066943
0.4195,  0.071749
0.4200,  0.086401
0.4205,  0.100505
0.4210,  0.104108
0.4215,  0.111184
0.4220,  0.065929
0.4225,  0.019975
0.4230,  0.055361
0.4235,  0.088464
0.4240,  0.101307
0.4245,  0.113553
0.4250,  0.098757
0.4255,  0.082131
0.4260,  0.084973
0.4265,  0.092717
0.4270,  0.064145
0.4275,  0.033265
0.4280,  0.045396
0.4285,  0.062250
0.4290,  0.050861
0.4295,  0.042716
0.4300,  -0.037296
0.4305,  -0.141758
0.4310,  0.039091
0.4315,  0.171153
0.4320,  0.142416
0.4325,  0.113124
0.4330,  0.118830
0.4335,  0.124571
0.4340,  0.101573
0.4345,  0.078642
0.4350,  0.081301
0.4355,  0.079925
0.4360,  0.117151
0.4365,  0.154634
0.4370,  0.124449
0.4375,  0.100457
0.4380,  0.052683
0.4385,  -0.002616
0.4390,  0.061950
0.4395,  0.119545
0.4400,  0.090579
0.4405,  0.056256
0.4410,  0.095600
0.4415,  0.132237
0.4420,  0.131764
0.4425,  0.129593
0.4430,  0.105027
0.4435,  0.086071
0.4440,  0.099065
0.4445,  0.113538
0.4450,  0.084262
0.4455,  0.049854
0.4460,  0.063807
0.4465,  0.075331
0.4470,  0.106881
0.4475,  0.138871
0.4480,  0.113963
0.4485,  0.085650
0.4490,  0.089553
0.4495,  0.093083
0.4500,  0.106257
0.4505,  0.122169
0.4510,  0.113021
0.4515,  0.105794
0.4520,  0.075911
0.4525,  0.049788
0.4530,  0.060220
0.4535,  0.070680
0.4540,  0.076006
0.4545,  0.079866
0.4550,  0.089369
0.4555,  0.098604
0.4560,  0.103893
0.4565,  0.110075
0.4570,  0.112343
0.4575,  0.115495
0.4580,  0.089859
0.4585,  0.065781
0.4590,  0.075804
0.4595,  0.082579
0.4600,  0.087258
0.4605,  0.090968
0.4610,  0.091945
0.4615,  0.092627
0.4620,  0.099291
0.4625,  0.106152
0.4630,  0.092073
0.4635,  0.084036
0.4640,  0.078345
0.4645,  0.072912
0.4650,  0.093981
0.4655,  0.115119
0.4660,  0.094238
0.4665,  0.072354
0.4670,  0.095235
0.4675,  0.111372
0.4680,  0.105153
0.4685,  0.104972
0.4690,  0.108935
0.4695,  0.113038
0.4700,  0.092523
0.4705,  0.069063
0.4710,  0.098465
0.4715,  0.125561
0.4720,  0.122863
0.4725,  0.122260
0.4730,  0.111414
0.4735,  0.100922
0.4740,  0.110297
0.4745,  0.121350
0.4750,  0.114998
0.4755,  0.109956
0.4760,  0.100071
0.4765,  0.088745
0.4770,  0.112655
0.4775,  0.134478
0.4780,  0.117847
0.4785,  0.101373
0.4790,  0.113063
0.4795,  0.123896
0.4800,  0.114201
0.4805,  0.109898
0.4810,  0.121811
0.4815,  0.131530
0.4820,  0.119277
0.4825,  0.110382
0.4830,  0.112529
0.4835,  0.115746
0.4840,  0.114177
0.4845,  0.116792
0.4850,  0.104963
0.4855,  0.094925
0.4860,  0.065007
0.4865,  0.022665
0.4870,  0.072854
0.4875,  0.114728
0.4880,  0.125572
0.4885,  0.133173
0.4890,  0.131072
0.4895,  0.131255
0.4900,  0.134945
0.4905,  0.143183
0.4910,  0.121525
0.4915,  0.100539
0.4920,  0.100842
0.4925,  0.099499
0.4930,  0.094166
0.4935,  0.086621
0.4940,  0.115767
0.4945,  0.145930
0.4950,  0.116158
0.4955,  0.086430
0.4960,  0.104805
0.4965,  0.123209
0.4970,  0.127427
0.4975,  0.133906
0.4980,  0.105309
0.4985,  0.072951
0.4990,  0.098004
0.4995,  0.124422
0.5000,  0.105170
0.5005,  0.085576
0.5010,  0.081415
0.5015,  0.073682
0.5020,  0.092771
0.5025,  0.110661
0.5030,  0.119120
0.5035,  0.126153
0.5040,  0.110228
0.5045,  0.091116
0.5050,  0.110748
0.5055,  0.131668
0.5060,  0.121226
0.5065,  0.113978
0.5070,  0.103701
0.5075,  0.093316
0.5080,  0.097213
0.5085,  0.098628
0.5090,  0.096001
0.5095,  0.093731
0.5100,  0.099435
0.5105,  0.105035
0.5110,  0.115286
0.5115,  0.124997
0.5120,  0.099693
0.5125,  0.076434
0.5130,  0.080997
0.5135,  0.084289
0.5140,  0.091231
0.5145,  0.095257
0.5150,  0.102371
0.5155,  0.117479
0.5160,  0.081437
0.5165,  0.043273
0.5170,  0.069718
0.5175,  0.089747
0.5180,  0.072642
0.5185,  0.049679
0.5190,  0.084311
0.5195,  0.115835
0.5200,  0.106747
0.5205,  0.098590
0.5210,  0.108764
0.5215,  0.121715
0.5220,  0.100569
0.5225,  0.077838
0.5230,  0.090124
0.5235,  0.099488
0.5240,  0.107808
0.5245,  0.119125
0.5250,  0.115077
0.5255,  0.115128
0.5260,  0.067698
0.5265,  0.015159
0.5270,  0.055088
0.5275,  0.086607
0.5280,  0.094143
0.5285,  0.100196
0.5290,  0.097971
0.5295,  0.095899
0.5300,  0.097786
0.5305,  0.102263
0.5310,  0.103302
0.5315,  0.109995
0.5320,  0.075406
0.5325,  0.036866
0.5330,  0.075626
0.5335,  0.108807
0.5340,  0.090133
0.5345,  0.070387
0.5350,  0.094718
0.5355,  0.120924
0.5360,  0.096623
0.5365,  0.073857
0.5370,  0.078512
0.5375,  0.082422
0.5380,  0.089766
0.5385,  0.098748
0.5390,  0.087933
0.5395,  0.078170
0.5400,  0.068509
0.5405,  0.056939
0.5410,  0.082140
0.5415,  0.104869
0.5420,  0.089199
0.5425,  0.074050
0.5430,  0.084740
0.5435,  0.094451
0.5440,  0.093094
0.5445,  0.091970
0.5450,  0.096602
0.5455,  0.100463
0.5460,  0.096707
0.5465,  0.094817
0.5470,  0.086759
0.5475,  0.076332
0.5480,  0.082764
0.5485,  0.088339
0.5490,  0.092931
0.5495,  0.098099
0.5500,  0.091048
0.5505,  0.084986
0.5510,  0.087437
0.5515,  0.089998
0.5520,  0.085236
0.5525,  0.079866
0.5530,  0.087046
0.5535,  0.093354
0.5540,  0.095218
0.5545,  0.097638
0.5550,  0.099231
0.5555,  0.102876
0.5560,  0.090671
0.5565,  0.078257
0.5570,  0.087147
0.5575,  0.097519
0.5580,  0.089575
0.5585,  0.079387
0.5590,  0.084579
0.5595,  0.088102
0.5600,  0.093733
0.5605,  0.098685
0.5610,  0.094128
0.5615,  0.088853
0.5620,  0.092729
0.5625,  0.097494
0.5630,  0.100723
0.5635,  0.103946
0.5640,  0.103908
0.5645,  0.103810
0.5650,  0.094119
0.5655,  0.083657
0.5660,  0.090612
0.5665,  0.096750
0.5670,  0.109222
0.5675,  0.122365
0.5680,  0.105937
0.5685,  0.089615
0.5690,  0.103097
0.5695,  0.117892
0.5700,  0.100960
0.5705,  0.080429
0.5710,  0.090856
0.5715,  0.096496
0.5720,  0.103638
0.5725,  0.113779
0.5730,  0.108607
0.5735,  0.104164
0.5740,  0.103139
0.5745,  0.102679
0.5750,  0.095907
0.5755,  0.086766
0.5760,  0.089749
0.5765,  0.094599
0.5770,  0.099690
0.5775,  0.104723
0.5780,  0.089646
0.5785,  0.072445
0.5790,  0.080536
0.5795,  0.087650
0.5800,  0.086835
0.5805,  0.086797
0.5810,  0.089014
0.5815,  0.092406
0.5820,  0.096616
0.5825,  0.098264
0.5830,  0.091379
0.5835,  0.087177
0.5840,  0.089112
0.5845,  0.094310
0.5850,  0.082151
0.5855,  0.068112
0.5860,  0.081045
0.5865,  0.094757
0.5870,  0.105055
0.5875,  0.119276
0.5880,  0.111919
0.5885,  0.102822
0.5890,  0.079090
0.5895,  0.046996
0.5900,  0.094808
0.5905,  0.137560
0.5910,  0.126267
0.5915,  0.114548
0.5920,  0.113260
0.5925,  0.112110
0.5930,  0.105709
0.5935,  0.103826
0.5940,  0.099267
0.5945,  0.095673
0.5950,  0.099600
0.5955,  0.101814
0.5960,  0.105084
0.5965,  0.109265
0.5970,  0.103330
0.5975,  0.098119
0.5980,  0.093217
0.5985,  0.089986
0.5990,  0.096579
0.5995,  0.102568
0.6000,  0.097895
0.6005,  0.094759
0.6010,  0.097293
0.6015,  0.096669
0.6020,  0.085009
0.6025,  0.073476
0.6030,  0.085932
0.6035,  0.100021
0.6040,  0.097624
0.6045,  0.098145
0.6050,  0.097730
0.6055,  0.095837
0.6060,  0.094171
0.6065,  0.092623
0.6070,  0.092662
0.6075,  0.093523
0.6080,  0.092316
0.6085,  0.092993
0.6090,  0.097246
0.6095,  0.101278
0.6100,  0.093011
0.6105,  0.082754
0.6110,  0.092812
0.6115,  0.103757
0.6120,  0.096444
0.6125,  0.091067
0.6130,  0.090982
0.6135,  0.087421
0.6140,  0.095156
0.6145,  0.103982
0.6150,  0.107843
0.6155,  0.112089
0.6160,  0.088339
0.6165,  0.059779
0.6170,  0.081530
0.6175,  0.104461
0.6180,  0.109815
0.6185,  0.113010
0.6190,  0.108747
0.6195,  0.103243
0.6200,  0.107720
0.6205,  0.113895
0.6210,  0.104589
0.6215,  0.093992
0.6220,  0.101378
0.6225,  0.110011
0.6230,  0.102912
0.6235,  0.098270
0.6240,  0.101742
0.6245,  0.103176
0.6250,  0.097708
0.6255,  0.089941
0.6260,  0.103595
0.6265,  0.118621
0.6270,  0.121733
0.6275,  0.123667
0.6280,  0.124726
0.6285,  0.127733
0.6290,  0.126482
0.6295,  0.124393
0.6300,  0.121719
0.6305,  0.117148
0.6310,  0.110109
0.6315,  0.108110
0.6320,  0.105305
0.6325,  0.103902
0.6330,  0.104010
0.6335,  0.104242
0.6340,  0.106166
0.6345,  0.108971
0.6350,  0.111905
0.6355,  0.112076
0.6360,  0.111113
0.6365,  0.107888
0.6370,  0.103801
0.6375,  0.100229
0.6380,  0.099898
0.6385,  0.102244
0.6390,  0.105975
0.6395,  0.105696
0.6400,  0.105983
0.6405,  0.103777
0.6410,  0.098499
0.6415,  0.096765
0.6420,  0.093024
0.6425,  0.090249
0.6430,  0.088426
0.6435,  0.089660
0.6440,  0.093333
0.6445,  0.100162
0.6450,  0.107540
0.6455,  0.111207
0.6460,  0.113690
0.6465,  0.115417
0.6470,  0.112283
0.6475,  0.107445
0.6480,  0.105235
0.6485,  0.102475
0.6490,  0.099223
0.6495,  0.105082
0.6500,  0.108016
0.6505,  0.112662
0.6510,  0.119739
0.6515,  0.119175
0.6520,  0.116981
0.6525,  0.111416
0.6530,  0.108456
0.6535,  0.100196
0.6540,  0.098654
0.6545,  0.103411
0.6550,  0.115599
0.6555,  0.115415
0.6560,  0.104094
0.6565,  0.079425
0.6570,  0.041196
0.6575,  0.049427
0.6580,  0.061648
0.6585,  0.076325
0.6590,  0.092291
0.6595,  0.088230
0.6600,  0.082042
0.6605,  0.077899
0.6610,  0.076640
0.6615,  0.072456
0.6620,  0.070597
0.6625,  0.071442
0.6630,  0.074194
0.6635,  0.078237
0.6640,  0.079673
0.6645,  0.078751
0.6650,  0.080377
0.6655,  0.077183
0.6660,  0.073976
0.6665,  0.070373
0.6670,  0.066439
0.6675,  0.066276
0.6680,  0.064975
0.6685,  0.068613
0.6690,  0.073336
0.6695,  0.073779
0.6700,  0.075770
0.6705,  0.076802
0.6710,  0.072900
0.6715,  0.071764
0.6720,  0.072053
0.6725,  0.072794
0.6730,  0.070373
0.6735,  0.069641
0.6740,  0.070908
0.6745,  0.071015
0.6750,  0.072291
0.6755,  0.073831
0.6760,  0.074787
0.6765,  0.073854
0.6770,  0.075007
0.6775,  0.072778
0.6780,  0.070287
0.6785,  0.068185
0.6790,  0.065953
0.6795,  0.066090
0.6800,  0.067791
0.6805,  0.067269
0.6810,  0.067791
0.6815,  0.067536
0.6820,  0.071484
0.6825,  0.074604
0.6830,  0.077683
0.6835,  0.078837
0.6840,  0.079664
0.6845,  0.077730
0.6850,  0.081679
0.6855,  0.102346
0.6860,  0.132902
0.6865,  0.162026
0.6870,  0.183725
0.6875,  0.190575
0.6880,  0.189149
0.6885,  0.184350
0.6890,  0.178960
0.6895,  0.170336
0.6900,  0.160567
0.6905,  0.150420
0.6910,  0.146379
0.6915,  0.143321
0.6920,  0.139835
0.6925,  0.140455
0.6930,  0.145702
0.6935,  0.143281
0.6940,  0.142549
0.6945,  0.138502
0.6950,  0.132631
0.6955,  0.123876
0.6960,  0.114722
0.6965,  0.108828
0.6970,  0.106229
0.6975,  0.107079
0.6980,  0.113750
0.6985,  0.117553
0.6990,  0.122669
0.6995,  0.121970
0.7000,  0.118398
0.7005,  0.117285
0.7010,  0.112902
0.7015,  0.116481
0.7020,  0.118214
0.7025,  0.115648
0.7030,  0.113830
0.7035,  0.114491
0.7040,  0.115365
0.7045,  0.116890
0.7050,  0.119932
0.7055,  0.117686
0.7060,  0.114561
0.7065,  0.110778
0.7070,  0.106702
0.7075,  0.102766
0.7080,  0.099620
0.7085,  0.096829
0.7090,  0.093815
0.7095,  0.095291
0.7100,  0.096190
0.7105,  0.099255
0.7110,  0.102840
0.7115,  0.105076
0.7120,  0.103221
0.7125,  0.105248
0.7130,  0.105517
0.7135,  0.106322
0.7140,  0.108166
0.7145,  0.111356
0.7150,  0.117564
0.7155,  0.130223
0.7160,  0.156456
0.7165,  0.184973
0.7170,  0.217198
0.7175,  0.242984
0.7180,  0.263487
0.7185,  0.277201
0.7190,  0.279424
0.7195,  0.276409
0.7200,  0.260665
0.7205,  0.239867
0.7210,  0.214892
0.7215,  0.196196
0.7220,  0.197012
0.7225,  0.209746
0.7230,  0.226369
0.7235,  0.243215
0.7240,  0.256006
0.7245,  0.261445
0.7250,  0.261504
0.7255,  0.261698
0.7260,  0.261666
0.7265,  0.256050
0.7270,  0.250376
0.7275,  0.244673
0.7280,  0.240483
0.7285,  0.235435
0.7290,  0.230082
0.7295,  0.233081
0.7300,  0.231342
0.7305,  0.227920
0.7310,  0.219503
0.7315,  0.203491
0.7320,  0.185402
0.7325,  0.170591
0.7330,  0.154206
0.7335,  0.142084
0.7340,  0.136518
0.7345,  0.134541
0.7350,  0.136624
0.7355,  0.135669
0.7360,  0.135832
0.7365,  0.132489
0.7370,  0.126311
0.7375,  0.116117
0.7380,  0.109760
0.7385,  0.107137
0.7390,  0.101823
0.7395,  0.095839
0.7400,  0.091098
0.7405,  0.089068
0.7410,  0.088905
0.7415,  0.093500
0.7420,  0.096975
0.7425,  0.098164
0.7430,  0.097018
0.7435,  0.092260
0.7440,  0.086138
0.7445,  0.081187
0.7450,  0.076556
0.7455,  0.076672
0.7460,  0.076334
0.7465,  0.079481
0.7470,  0.082712
0.7475,  0.081218
0.7480,  0.081933
0.7485,  0.082729
0.7490,  0.082991
0.7495,  0.084611
0.7500,  0.084072
0.7505,  0.082755
0.7510,  0.081050
0.7515,  0.079471
0.7520,  0.081365
0.7525,  0.080092
0.7530,  0.079669
0.7535,  0.077769
0.7540,  0.078029
0.7545,  0.074358
0.7550,  0.074230
0.7555,  0.074993
0.7560,  0.076377
0.7565,  0.076759
0.7570,  0.075591
0.7575,  0.083448
0.7580,  0.112342
0.7585,  0.176123
0.7590,  0.282990
0.7595,  0.422862
0.7600,  0.558776
0.7605,  0.630739
0.7610,  0.629311
0.7615,  0.595369
0.7620,  0.570393
0.7625,  0.559228
0.7630,  0.544960
0.7635,  0.517367
0.7640,  0.479907
0.7645,  0.430226
0.7650,  0.374913
0.7655,  0.319434
0.7660,  0.264894
0.7665,  0.211617
0.7670,  0.166374
0.7675,  0.140903
0.7680,  0.123527
0.7685,  0.109921
0.7690,  0.107188
0.7695,  0.104240
0.7700,  0.104187
0.7705,  0.101414
0.7710,  0.096126
0.7715,  0.093678
0.7720,  0.089695
0.7725,  0.084202
0.7730,  0.083417
0.7735,  0.081010
0.7740,  0.073595
0.7745,  0.067464
0.7750,  0.064286
0.7755,  0.066703
0.7760,  0.068557
0.7765,  0.075076
0.7770,  0.084226
0.7775,  0.085992
0.7780,  0.081715
0.7785,  0.076957
0.7790,  0.073341
0.7795,  0.070574
0.7800,  0.066130
0.7805,  0.065064
0.7810,  0.065523
0.7815,  0.067918
0.7820,  0.071548
0.7825,  0.077254
0.7830,  0.081457
0.7835,  0.080571
0.7840,  0.080263
0.7845,  0.077578
0.7850,  0.078256
0.7855,  0.074274
0.7860,  0.073722
0.7865,  0.074884
0.7870,  0.080232
0.7875,  0.086632
0.7880,  0.092680
0.7885,  0.099200
0.7890,  0.102149
0.7895,  0.102771
0.7900,  0.100704
0.7905,  0.099835
0.7910,  0.091526
0.7915,  0.087724
0.7920,  0.090070
0.7925,  0.089668
0.7930,  0.094283
0.7935,  0.097287
0.7940,  0.097343
0.7945,  0.098285
0.7950,  0.096305
0.7955,  0.100460
0.7960,  0.098155
0.7965,  0.094477
0.7970,  0.091108
0.7975,  0.082203
0.7980,  0.077883
0.7985,  0.075982
0.7990,  0.076729
0.7995,  0.088977
0.8000,  0.098431
0.8005,  0.102002
0.8010,  0.105097
0.8015,  0.100528
0.8020,  0.091617
0.8025,  0.083444
0.8030,  0.082386
0.8035,  0.087930
0.8040,  0.092505
0.8045,  0.091625
0.8050,  0.088297
0.8055,  0.084703
0.8060,  0.081842
0.8065,  0.082790
0.8070,  0.084855
0.8075,  0.078299
0.8080,  0.074454
0.8085,  0.071553
0.8090,  0.069187
0.8095,  0.076790
0.8100,  0.088095
0.8105,  0.100188
0.8110,  0.119201
0.8115,  0.131115
0.8120,  0.143571
0.8125,  0.162851
0.8130,  0.181209
0.8135,  0.201203
0.8140,  0.213267
0.8145,  0.229710
0.8150,  0.246396
0.8155,  0.258474
0.8160,  0.270231
0.8165,  0.282639
0.8170,  0.288406
0.8175,  0.286102
0.8180,  0.276982
0.8185,  0.256551
0.8190,  0.234766
0.8195,  0.214994
0.8200,  0.184419
0.8205,  0.167880
0.8210,  0.171995
0.8215,  0.197710
0.8220,  0.229895
0.8225,  0.257233
0.8230,  0.263509
0.8235,  0.240710
0.8240,  0.210332
0.8245,  0.190638
0.8250,  0.172733
0.8255,  0.159605
0.8260,  0.154770
0.8265,  0.159210
0.8270,  0.168174
0.8275,  0.185350
0.8280,  0.203718
0.8285,  0.209676
0.8290,  0.217550
0.8295,  0.208910
0.8300,  0.192881
0.8305,  0.179162
0.8310,  0.168769
0.8315,  0.154280
0.8320,  0.146656
0.8325,  0.147148
0.8330,  0.149874
0.8335,  0.149665
0.8340,  0.149303
0.8345,  0.147476
0.8350,  0.140549
0.8355,  0.126969
0.8360,  0.117480
0.8365,  0.107199
0.8370,  0.094618
0.8375,  0.089966
0.8380,  0.090695
0.8385,  0.094323
0.8390,  0.091466
0.8395,  0.086739
0.8400,  0.087017
0.8405,  0.082451
0.8410,  0.077568
0.8415,  0.075884
0.8420,  0.068155
0.8425,  0.062802
0.8430,  0.057662
0.8435,  0.054984
0.8440,  0.053362
0.8445,  0.055066
0.8450,  0.062276
0.8455,  0.071470
0.8460,  0.075455
0.8465,  0.072451
0.8470,  0.072000
0.8475,  0.058922
0.8480,  0.054532
0.8485,  0.044854
0.8490,  0.040702
0.8495,  0.040425
0.8500,  0.041801
0.8505,  0.053840
0.8510,  0.055367
0.8515,  0.053937
0.8520,  0.062752
0.8525,  0.037250
0.8530,  0.026138
0.8535,  0.018348
0.8540,  0.007571
0.8545,  0.030034
0.8550,  0.044000
0.8555,  0.048174
0.8560,  0.059653
0.8565,  0.054280
0.8570,  0.049827
0.8575,  0.050560
0.8580,  0.051311
0.8585,  0.048618
0.8590,  0.044541
0.8595,  0.045933
0.8600,  0.043129
0.8605,  0.046743
0.8610,  0.050256
0.8615,  0.048949
0.8620,  0.055328
0.8625,  0.060463
0.8630,  0.056403
0.8635,  0.048900
0.8640,  0.046339
0.8645,  0.026298
0.8650,  0.012874
0.8655,  0.007417
0.8660,  -0.000772
0.8665,  0.022995
0.8670,  0.035769
0.8675,  0.035950
0.8680,  0.041523
0.8685,  0.039487
0.8690,  0.037865
0.8695,  0.041088
0.8700,  0.044738
0.8705,  0.039959
0.8710,  0.041595
0.8715,  0.051455
0.8720,  0.056062
0.8725,  0.050786
0.8730,  0.050774
0.8735,  0.053618
0.8740,  0.053011
0.8745,  0.050727
0.8750,  0.047382
0.8755,  0.039979
0.8760,  0.032801
0.8765,  0.028086
0.8770,  0.027119
0.8775,  0.035400
0.8780,  0.053051
0.8785,  0.068377
0.8790,  0.073918
0.8795,  0.067112
0.8800,  0.055592
0.8805,  0.038498
0.8810,  0.028499
0.8815,  0.023577
0.8820,  0.019854
0.8825,  0.022489
0.8830,  0.026826
0.8835,  0.034874
0.8840,  0.049194
0.8845,  0.055109
0.8850,  0.047953
0.8855,  0.026176
0.8860,  0.015063
0.8865,  0.014040
0.8870,  0.017041
0.8875,  0.023358
0.8880,  0.030505
0.8885,  0.049416
0.8890,  0.050997
0.8895,  0.054495
0.8900,  0.062468
