0.3500,  0.200518
0.3505,  0.263155
0.3510,  0.233393
0.3515,  0.201328
0.3520,  0.158156
0.3525,  0.110801
0.3530,  0.160217
0.3535,  0.198465
0.3540,  0.216790
0.3545,  0.248901
0.3550,  0.226509
0.3555,  0.214960
0.3560,  0.173153
0.3565,  0.134131
0.3570,  0.099211
0.3575,  0.048689
0.3580,  -0.001652
0.3585,  -0.062478
0.3590,  0.109044
0.3595,  0.247285
0.3600,  0.237671
0.3605,  0.224869
0.3610,  0.176664
0.3615,  0.123845
0.3620,  0.173329
0.3625,  0.217773
0.3630,  0.205303
0.3635,  0.186828
0.3640,  0.171729
0.3645,  0.148945
0.3650,  0.187533
0.3655,  0.226251
0.3660,  0.239631
0.3665,  0.252118
0.3670,  0.221283
0.3675,  0.200073
0.3680,  0.168453
0.3685,  0.132037
0.3690,  0.181024
0.3695,  0.232372
0.3700,  0.200743
0.3705,  0.163141
0.3710,  0.183967
0.3715,  0.209590
0.3720,  0.177930
0.3725,  0.146423
0.3730,  0.109243
0.3735,  0.069020
0.3740,  0.079137
0.3745,  0.083182
0.3750,  0.163646
0.3755,  0.226728
0.3760,  0.216122
0.3765,  0.196783
0.3770,  0.241439
0.3775,  0.284884
0.3780,  0.285621
0.3785,  0.296520
0.3790,  0.197912
0.3795,  0.086477
0.3800,  0.142095
0.3805,  0.203711
0.3810,  0.175543
0.3815,  0.158069
0.3820,  0.074254
0.3825,  -0.031225
0.3830,  -0.057069
0.3835,  -0.101203
0.3840,  0.070018
0.3845,  0.202821
0.3850,  0.212251
0.3855,  0.218165
0.3860,  0.199579
0.3865,  0.185364
0.3870,  0.175985
0.3875,  0.166089
0.3880,  0.146156
0.3885,  0.120232
0.3890,  0.177306
0.3895,  0.221473
0.3900,  0.222824
0.3905,  0.229621
0.3910,  0.251379
0.3915,  0.287376
0.3920,  0.191841
0.3925,  0.092314
0.3930,  -0.085678
0.3935,  -0.347273
0.3940,  -0.050660
0.3945,  0.159068
0.3950,  0.266562
0.3955,  0.370753
0.3960,  0.205827
0.3965,  -0.007283
0.3970,  0.011457
0.3975,  0.005103
0.3980,  0.198152
0.3985,  0.333784
0.3990,  0.316655
0.3995,  0.309122
0.4000,  0.276241
0.4005,  0.243870
0.4010,  0.230722
0.4015,  0.227077
0.4020,  0.215163
0.4025,  0.209755
0.4030,  0.188658
0.4035,  0.167218
0.4040,  0.163072
0.4045,  0.161592
0.4050,  0.161261
0.4055,  0.164151
0.4060,  0.150073
0.4065,  0.132734
0.4070,  0.142303
0.4075,  0.148662
0.4080,  0.172998
0.4085,  0.199245
0.4090,  0.193555
0.4095,  0.187792
0.4100,  0.138731
0.4105,  0.082633
0.4110,  0.154703
0.4115,  0.220854
0.4120,  0.206400
0.4125,  0.188548
0.4130,  0.172951
0.4135,  0.162450
0.4140,  0.156072
0.4145,  0.148342
0.4150,  0.145517
0.4155,  0.140502
0.4160,  0.162462
0.4165,  0.189036
0.4170,  0.149065
0.4175,  0.107839
0.4180,  0.117163
0.4185,  0.127615
0.4190,  0.138227
0.4195,  0.140126
0.4200,  0.152780
0.4205,  0.165738
0.4210,  0.170457
0.4215,  0.180232
0.4220,  0.131118
0.4225,  0.076677
0.4230,  0.115600
0.4235,  0.151101
0.4240,  0.161590
0.4245,  0.177106
0.4250,  0.159539
0.4255,  0.142015
0.4260,  0.147481
0.4265,  0.156400
0.4270,  0.125601
0.4275,  0.098121
0.4280,  0.109233
0.4285,  0.123960
0.4290,  0.107465
0.4295,  0.100390
0.4300,  0.012824
0.4305,  -0.101565
0.4310,  0.093953
0.4315,  0.238864
0.4320,  0.203861
0.4325,  0.167995
0.4330,  0.174921
0.4335,  0.185103
0.4340,  0.159815
0.4345,  0.137359
0.4350,  0.139108
0.4355,  0.136340
0.4360,  0.175993
0.4365,  0.218628
0.4370,  0.187743
0.4375,  0.160971
0.4380,  0.105646
0.4385,  0.041927
0.4390,  0.116146
0.4395,  0.182060
0.4400,  0.150246
0.4405,  0.111689
0.4410,  0.153645
0.4415,  0.191114
0.4420,  0.189774
0.4425,  0.190082
0.4430,  0.164698
0.4435,  0.142891
0.4440,  0.154779
0.4445,  0.169012
0.4450,  0.133591
0.4455,  0.096415
0.4460,  0.113685
0.4465,  0.127341
0.4470,  0.165449
0.4475,  0.199088
0.4480,  0.172062
0.4485,  0.140143
0.4490,  0.142883
0.4495,  0.141518
0.4500,  0.157458
0.4505,  0.174576
0.4510,  0.166577
0.4515,  0.160732
0.4520,  0.130147
0.4525,  0.099661
0.4530,  0.109618
0.4535,  0.118914
0.4540,  0.127482
0.4545,  0.132278
0.4550,  0.140886
0.4555,  0.151602
0.4560,  0.156173
0.4565,  0.160008
0.4570,  0.161323
0.4575,  0.164640
0.4580,  0.138734
0.4585,  0.112186
0.4590,  0.124135
0.4595,  0.133379
0.4600,  0.139154
0.4605,  0.144449
0.4610,  0.146151
0.4615,  0.144390
0.4620,  0.151443
0.4625,  0.161090
0.4630,  0.146010
0.4635,  0.135189
0.4640,  0.125937
0.4645,  0.115810
0.4650,  0.137721
0.4655,  0.160640
0.4660,  0.137428
0.4665,  0.114195
0.4670,  0.140774
0.4675,  0.158857
0.4680,  0.153786
0.4685,  0.153862
0.4690,  0.158436
0.4695,  0.165795
0.4700,  0.143683
0.4705,  0.115650
0.4710,  0.146490
0.4715,  0.176699
0.4720,  0.175087
0.4725,  0.175403
0.4730,  0.165076
0.4735,  0.153660
0.4740,  0.163018
0.4745,  0.174014
0.4750,  0.167035
0.4755,  0.160862
0.4760,  0.147098
0.4765,  0.132659
0.4770,  0.157994
0.4775,  0.181677
0.4780,  0.164254
0.4785,  0.147599
0.4790,  0.162865
0.4795,  0.176172
0.4800,  0.165720
0.4805,  0.156287
0.4810,  0.167203
0.4815,  0.178287
0.4820,  0.165372
0.4825,  0.157017
0.4830,  0.162080
0.4835,  0.165906
0.4840,  0.162197
0.4845,  0.165871
0.4850,  0.154407
0.4855,  0.143414
0.4860,  0.109625
0.4865,  0.059767
0.4870,  0.112940
0.4875,  0.158121
0.4880,  0.167990
0.4885,  0.175850
0.4890,  0.174643
0.4895,  0.175613
0.4900,  0.180825
0.4905,  0.190921
0.4910,  0.167996
0.4915,  0.144751
0.4920,  0.146937
0.4925,  0.146379
0.4930,  0.140690
0.4935,  0.132036
0.4940,  0.164826
0.4945,  0.199125
0.4950,  0.165818
0.4955,  0.132722
0.4960,  0.153118
0.4965,  0.174088
0.4970,  0.176973
0.4975,  0.180526
0.4980,  0.147938
0.4985,  0.113959
0.4990,  0.143047
0.4995,  0.173497
0.5000,  0.154457
0.5005,  0.132292
0.5010,  0.125504
0.5015,  0.115713
0.5020,  0.135655
0.5025,  0.154606
0.5030,  0.163410
0.5035,  0.169735
0.5040,  0.152622
0.5045,  0.132615
0.5050,  0.153056
0.5055,  0.176170
0.5060,  0.166141
0.5065,  0.158963
0.5070,  0.149701
0.5075,  0.140199
0.5080,  0.143709
0.5085,  0.145284
0.5090,  0.143264
0.5095,  0.140125
0.5100,  0.144381
0.5105,  0.148344
0.5110,  0.158157
0.5115,  0.169784
0.5120,  0.143830
0.5125,  0.118308
0.5130,  0.123812
0.5135,  0.127359
0.5140,  0.134362
0.5145,  0.139152
0.5150,  0.149557
0.5155,  0.168616
0.5160,  0.130225
0.5165,  0.087392
0.5170,  0.114630
0.5175,  0.135307
0.5180,  0.114316
0.5185,  0.086549
0.5190,  0.122199
0.5195,  0.155926
0.5200,  0.146583
0.5205,  0.137862
0.5210,  0.149911
0.5215,  0.164799
0.5220,  0.143943
0.5225,  0.119893
0.5230,  0.133619
0.5235,  0.143003
0.5240,  0.151209
0.5245,  0.164558
0.5250,  0.161746
0.5255,  0.165095
0.5260,  0.114495
0.5265,  0.056322
0.5270,  0.098495
0.5275,  0.131690
0.5280,  0.139124
0.5285,  0.144582
0.5290,  0.141562
0.5295,  0.139559
0.5300,  0.142507
0.5305,  0.147926
0.5310,  0.150571
0.5315,  0.158586
0.5320,  0.119315
0.5325,  0.077650
0.5330,  0.119679
0.5335,  0.156297
0.5340,  0.136182
0.5345,  0.114536
0.5350,  0.141939
0.5355,  0.171619
0.5360,  0.145175
0.5365,  0.119022
0.5370,  0.123446
0.5375,  0.126641
0.5380,  0.133570
0.5385,  0.143183
0.5390,  0.132126
0.5395,  0.120246
0.5400,  0.109598
0.5405,  0.097338
0.5410,  0.126258
0.5415,  0.151021
0.5420,  0.133014
0.5425,  0.117238
0.5430,  0.129269
0.5435,  0.139158
0.5440,  0.136347
0.5445,  0.134903
0.5450,  0.140452
0.5455,  0.146358
0.5460,  0.143128
0.5465,  0.138315
0.5470,  0.128125
0.5475,  0.117083
0.5480,  0.124218
0.5485,  0.130775
0.5490,  0.137759
0.5495,  0.144292
0.5500,  0.136317
0.5505,  0.129788
0.5510,  0.132515
0.5515,  0.134849
0.5520,  0.129668
0.5525,  0.123672
0.5530,  0.131546
0.5535,  0.139016
0.5540,  0.141669
0.5545,  0.145014
0.5550,  0.146524
0.5555,  0.149003
0.5560,  0.134742
0.5565,  0.121548
0.5570,  0.131632
0.5575,  0.143066
0.5580,  0.133358
0.5585,  0.121842
0.5590,  0.127708
0.5595,  0.132946
0.5600,  0.138740
0.5605,  0.144367
0.5610,  0.138789
0.5615,  0.132729
0.5620,  0.136617
0.5625,  0.141838
0.5630,  0.144455
0.5635,  0.148695
0.5640,  0.151545
0.5645,  0.154478
0.5650,  0.143119
0.5655,  0.129962
0.5660,  0.136625
0.5665,  0.142564
0.5670,  0.156130
0.5675,  0.170659
0.5680,  0.151752
0.5685,  0.133305
0.5690,  0.149785
0.5695,  0.166974
0.5700,  0.149143
0.5705,  0.127054
0.5710,  0.136785
0.5715,  0.142832
0.5720,  0.152427
0.5725,  0.161643
0.5730,  0.154320
0.5735,  0.151504
0.5740,  0.151409
0.5745,  0.150925
0.5750,  0.141368
0.5755,  0.130623
0.5760,  0.134937
0.5765,  0.142276
0.5770,  0.147600
0.5775,  0.154554
0.5780,  0.136721
0.5785,  0.115251
0.5790,  0.123369
0.5795,  0.130971
0.5800,  0.130516
0.5805,  0.131260
0.5810,  0.133299
0.5815,  0.135008
0.5820,  0.137992
0.5825,  0.140193
0.5830,  0.135541
0.5835,  0.131570
0.5840,  0.133387
0.5845,  0.140303
0.5850,  0.127108
0.5855,  0.111797
0.5860,  0.126294
0.5865,  0.141099
0.5870,  0.150899
0.5875,  0.168091
0.5880,  0.161750
0.5885,  0.151586
0.5890,  0.121719
0.5895,  0.083223
0.5900,  0.135125
0.5905,  0.182714
0.5910,  0.171351
0.5915,  0.159765
0.5920,  0.159595
0.5925,  0.160634
0.5930,  0.156240
0.5935,  0.156855
0.5940,  0.151985
0.5945,  0.147749
0.5950,  0.152849
0.5955,  0.154712
0.5960,  0.156699
0.5965,  0.159670
0.5970,  0.151848
0.5975,  0.144783
0.5980,  0.137857
0.5985,  0.133089
0.5990,  0.142190
0.5995,  0.150821
0.6000,  0.145396
0.6005,  0.140707
0.6010,  0.143374
0.6015,  0.141919
0.6020,  0.128274
0.6025,  0.114785
0.6030,  0.128833
0.6035,  0.145333
0.6040,  0.147059
0.6045,  0.148330
0.6050,  0.147954
0.6055,  0.144286
0.6060,  0.140994
0.6065,  0.138108
0.6070,  0.138207
0.6075,  0.140643
0.6080,  0.140511
0.6085,  0.142264
0.6090,  0.148293
0.6095,  0.152036
0.6100,  0.141836
0.6105,  0.129377
0.6110,  0.139290
0.6115,  0.151237
0.6120,  0.142051
0.6125,  0.134786
0.6130,  0.132244
0.6135,  0.129537
0.6140,  0.140495
0.6145,  0.152775
0.6150,  0.157629
0.6155,  0.160408
0.6160,  0.131445
0.6165,  0.097419
0.6170,  0.119241
0.6175,  0.143871
0.6180,  0.150999
0.6185,  0.157420
0.6190,  0.153744
0.6195,  0.147214
0.6200,  0.153752
0.6205,  0.161391
0.6210,  0.149337
0.6215,  0.137960
0.6220,  0.147488
0.6225,  0.159208
0.6230,  0.151426
0.6235,  0.145673
0.6240,  0.149128
0.6245,  0.150262
0.6250,  0.144755
0.6255,  0.137062
0.6260,  0.153407
0.6265,  0.169834
0.6270,  0.172574
0.6275,  0.173896
0.6280,  0.175290
0.6285,  0.179117
0.6290,  0.179380
0.6295,  0.179283
0.6300,  0.175034
0.6305,  0.167526
0.6310,  0.157938
0.6315,  0.152923
0.6320,  0.147601
0.6325,  0.145943
0.6330,  0.145994
0.6335,  0.146214
0.6340,  0.149055
0.6345,  0.152042
0.6350,  0.154322
0.6355,  0.155784
0.6360,  0.156677
0.6365,  0.152439
0.6370,  0.147370
0.6375,  0.142682
0.6380,  0.142650
0.6385,  0.144308
0.6390,  0.145687
0.6395,  0.147552
0.6400,  0.147291
0.6405,  0.145073
0.6410,  0.140963
0.6415,  0.142537
0.6420,  0.140736
0.6425,  0.136091
0.6430,  0.134599
0.6435,  0.133895
0.6440,  0.134892
0.6445,  0.143001
0.6450,  0.156291
0.6455,  0.161375
0.6460,  0.163653
0.6465,  0.163736
0.6470,  0.162561
0.6475,  0.158530
0.6480,  0.153642
0.6485,  0.146706
0.6490,  0.137798
0.6495,  0.141686
0.6500,  0.145900
0.6505,  0.153434
0.6510,  0.161946
0.6515,  0.163089
0.6520,  0.163274
0.6525,  0.159694
0.6530,  0.158770
0.6535,  0.151324
0.6540,  0.150836
0.6545,  0.156228
0.6550,  0.165783
0.6555,  0.161826
0.6560,  0.143763
0.6565,  0.111439
0.6570,  0.071147
0.6575,  0.081565
0.6580,  0.097715
0.6585,  0.115704
0.6590,  0.134178
0.6595,  0.130264
0.6600,  0.124507
0.6605,  0.120041
0.6610,  0.119561
0.6615,  0.116373
0.6620,  0.115112
0.6625,  0.115352
0.6630,  0.115521
0.6635,  0.123469
0.6640,  0.127896
0.6645,  0.129706
0.6650,  0.129622
0.6655,  0.125884
0.6660,  0.120968
0.6665,  0.116402
0.6670,  0.109576
0.6675,  0.108231
0.6680,  0.107325
0.6685,  0.111674
0.6690,  0.114293
0.6695,  0.113256
0.6700,  0.114832
0.6705,  0.116120
0.6710,  0.118825
0.6715,  0.121179
0.6720,  0.119611
0.6725,  0.117459
0.6730,  0.113119
0.6735,  0.108600
0.6740,  0.106417
0.6745,  0.104524
0.6750,  0.102410
0.6755,  0.104785
0.6760,  0.108193
0.6765,  0.112720
0.6770,  0.116457
0.6775,  0.121833
0.6780,  0.125005
0.6785,  0.124589
0.6790,  0.120424
0.6795,  0.115680
0.6800,  0.112660
0.6805,  0.110080
0.6810,  0.107651
0.6815,  0.105634
0.6820,  0.107469
0.6825,  0.110509
0.6830,  0.113721
0.6835,  0.117076
0.6840,  0.121844
0.6845,  0.122903
0.6850,  0.128304
0.6855,  0.154583
0.6860,  0.192645
0.6865,  0.227626
0.6870,  0.248624
0.6875,  0.247457
0.6880,  0.240433
0.6885,  0.235182
0.6890,  0.233150
0.6895,  0.227006
0.6900,  0.219162
0.6905,  0.210579
0.6910,  0.203391
0.6915,  0.196175
0.6920,  0.191682
0.6925,  0.189872
0.6930,  0.189980
0.6935,  0.188949
0.6940,  0.187332
0.6945,  0.183464
0.6950,  0.176863
0.6955,  0.166795
0.6960,  0.158399
0.6965,  0.152947
0.6970,  0.150417
0.6975,  0.157523
0.6980,  0.163754
0.6985,  0.169510
0.6990,  0.171883
0.6995,  0.170143
0.7000,  0.167212
0.7005,  0.161479
0.7010,  0.158717
0.7015,  0.160571
0.7020,  0.159404
0.7025,  0.156984
0.7030,  0.152825
0.7035,  0.154514
0.7040,  0.159421
0.7045,  0.166300
0.7050,  0.170750
0.7055,  0.169017
0.7060,  0.163871
0.7065,  0.157156
0.7070,  0.151854
0.7075,  0.150009
0.7080,  0.147250
0.7085,  0.143497
0.7090,  0.141136
0.7095,  0.141728
0.7100,  0.142403
0.7105,  0.145381
0.7110,  0.148614
0.7115,  0.149804
0.7120,  0.148085
0.7125,  0.148444
0.7130,  0.148302
0.7135,  0.146400
0.7140,  0.149594
0.7145,  0.154662
0.7150,  0.167362
0.7155,  0.189496
0.7160,  0.223490
0.7165,  0.257518
0.7170,  0.291048
0.7175,  0.317621
0.7180,  0.340667
0.7185,  0.357796
0.7190,  0.358538
0.7195,  0.349538
0.7200,  0.329401
0.7205,  0.298600
0.7210,  0.270673
0.7215,  0.257911
0.7220,  0.257704
0.7225,  0.268295
0.7230,  0.287743
0.7235,  0.304688
0.7240,  0.315883
0.7245,  0.318603
0.7250,  0.317586
0.7255,  0.316152
0.7260,  0.317758
0.7265,  0.316832
0.7270,  0.314875
0.7275,  0.316065
0.7280,  0.315473
0.7285,  0.306497
0.7290,  0.294981
0.7295,  0.290378
0.7300,  0.284577
0.7305,  0.277619
0.7310,  0.266348
0.7315,  0.251475
0.7320,  0.237037
0.7325,  0.224260
0.7330,  0.208628
0.7335,  0.195655
0.7340,  0.188719
0.7345,  0.186240
0.7350,  0.185121
0.7355,  0.183765
0.7360,  0.178072
0.7365,  0.170263
0.7370,  0.164735
0.7375,  0.160199
0.7380,  0.161259
0.7385,  0.160440
0.7390,  0.154025
0.7395,  0.147849
0.7400,  0.141666
0.7405,  0.135383
0.7410,  0.129360
0.7415,  0.135105
0.7420,  0.137805
0.7425,  0.139071
0.7430,  0.138833
0.7435,  0.132769
0.7440,  0.131255
0.7445,  0.130960
0.7450,  0.127263
0.7455,  0.127962
0.7460,  0.127529
0.7465,  0.132235
0.7470,  0.132496
0.7475,  0.126519
0.7480,  0.123151
0.7485,  0.123689
0.7490,  0.117963
0.7495,  0.116690
0.7500,  0.116718
0.7505,  0.117786
0.7510,  0.119907
0.7515,  0.124258
0.7520,  0.129519
0.7525,  0.130022
0.7530,  0.126721
0.7535,  0.123425
0.7540,  0.119960
0.7545,  0.119833
0.7550,  0.118038
0.7555,  0.118419
0.7560,  0.121621
0.7565,  0.121125
0.7570,  0.121601
0.7575,  0.132777
0.7580,  0.172904
0.7585,  0.257261
0.7590,  0.394887
0.7595,  0.558674
0.7600,  0.698600
0.7605,  0.759503
0.7610,  0.750018
0.7615,  0.715617
0.7620,  0.699533
0.7625,  0.688523
0.7630,  0.669768
0.7635,  0.632830
0.7640,  0.584954
0.7645,  0.523951
0.7650,  0.464964
0.7655,  0.398888
0.7660,  0.333888
0.7665,  0.273221
0.7670,  0.224956
0.7675,  0.192660
0.7680,  0.170846
0.7685,  0.157039
0.7690,  0.148588
0.7695,  0.144144
0.7700,  0.141005
0.7705,  0.141696
0.7710,  0.138573
0.7715,  0.133302
0.7720,  0.129286
0.7725,  0.126469
0.7730,  0.127174
0.7735,  0.119899
0.7740,  0.114664
0.7745,  0.107287
0.7750,  0.100623
0.7755,  0.104211
0.7760,  0.110170
0.7765,  0.112579
0.7770,  0.116486
0.7775,  0.114899
0.7780,  0.113226
0.7785,  0.108826
0.7790,  0.107183
0.7795,  0.106131
0.7800,  0.111057
0.7805,  0.115213
0.7810,  0.114322
0.7815,  0.118417
0.7820,  0.121598
0.7825,  0.123316
0.7830,  0.120528
0.7835,  0.116847
0.7840,  0.118980
0.7845,  0.119148
0.7850,  0.120684
0.7855,  0.119214
0.7860,  0.118609
0.7865,  0.121835
0.7870,  0.131166
0.7875,  0.133774
0.7880,  0.138555
0.7885,  0.144344
0.7890,  0.150139
0.7895,  0.146386
0.7900,  0.140666
0.7905,  0.134854
0.7910,  0.134406
0.7915,  0.132752
0.7920,  0.136436
0.7925,  0.137189
0.7930,  0.137193
0.7935,  0.138522
0.7940,  0.135437
0.7945,  0.132996
0.7950,  0.131600
0.7955,  0.140405
0.7960,  0.143212
0.7965,  0.142785
0.7970,  0.142694
0.7975,  0.139054
0.7980,  0.137726
0.7985,  0.139059
0.7990,  0.143401
0.7995,  0.148890
0.8000,  0.154215
0.8005,  0.160403
0.8010,  0.161154
0.8015,  0.155333
0.8020,  0.152762
0.8025,  0.147535
0.8030,  0.139082
0.8035,  0.139554
0.8040,  0.139310
0.8045,  0.146901
0.8050,  0.141872
0.8055,  0.137270
0.8060,  0.134076
0.8065,  0.133819
0.8070,  0.132977
0.8075,  0.124488
0.8080,  0.122854
0.8085,  0.122002
0.8090,  0.121300
0.8095,  0.133539
0.8100,  0.146674
0.8105,  0.162479
0.8110,  0.177354
0.8115,  0.188585
0.8120,  0.204726
0.8125,  0.222424
0.8130,  0.239007
0.8135,  0.259505
0.8140,  0.274189
0.8145,  0.293409
0.8150,  0.318375
0.8155,  0.337492
0.8160,  0.346199
0.8165,  0.354232
0.8170,  0.359428
0.8175,  0.352452
0.8180,  0.338168
0.8185,  0.312402
0.8190,  0.287527
0.8195,  0.267158
0.8200,  0.240744
0.8205,  0.229325
0.8210,  0.240427
0.8215,  0.277234
0.8220,  0.320342
0.8225,  0.349168
0.8230,  0.343244
0.8235,  0.307704
0.8240,  0.269265
0.8245,  0.235733
0.8250,  0.215675
0.8255,  0.206582
0.8260,  0.208986
0.8265,  0.216255
0.8270,  0.224803
0.8275,  0.245451
0.8280,  0.261849
0.8285,  0.259063
0.8290,  0.259432
0.8295,  0.247158
0.8300,  0.230523
0.8305,  0.225173
0.8310,  0.218959
0.8315,  0.215848
0.8320,  0.212522
0.8325,  0.210797
0.8330,  0.205020
0.8335,  0.195022
0.8340,  0.182923
0.8345,  0.179844
0.8350,  0.176247
0.8355,  0.168114
0.8360,  0.161367
0.8365,  0.156528
0.8370,  0.148280
0.8375,  0.135442
0.8380,  0.125753
0.8385,  0.126744
0.8390,  0.132031
0.8395,  0.137006
0.8400,  0.136267
0.8405,  0.135731
0.8410,  0.132682
0.8415,  0.127692
0.8420,  0.121990
0.8425,  0.112161
0.8430,  0.102485
0.8435,  0.097243
0.8440,  0.096074
0.8445,  0.104113
0.8450,  0.097657
0.8455,  0.098489
0.8460,  0.099892
0.8465,  0.097485
0.8470,  0.096488
0.8475,  0.092642
0.8480,  0.089452
0.8485,  0.083555
0.8490,  0.084078
0.8495,  0.081878
0.8500,  0.074358
0.8505,  0.080544
0.8510,  0.085005
0.8515,  0.094686
0.8520,  0.110331
0.8525,  0.109537
0.8530,  0.108553
0.8535,  0.086751
0.8540,  0.049345
0.8545,  0.061339
0.8550,  0.064582
0.8555,  0.064267
0.8560,  0.080481
0.8565,  0.079833
0.8570,  0.087428
0.8575,  0.092582
0.8580,  0.099153
0.8585,  0.091457
0.8590,  0.079533
0.8595,  0.069399
0.8600,  0.065715
0.8605,  0.069699
0.8610,  0.076194
0.8615,  0.076800
0.8620,  0.074576
0.8625,  0.076706
0.8630,  0.077353
0.8635,  0.076831
0.8640,  0.075739
0.8645,  0.066711
0.8650,  0.068595
0.8655,  0.069345
0.8660,  0.054991
0.8665,  0.065213
0.8670,  0.068577
0.8675,  0.065629
0.8680,  0.069499
0.8685,  0.071732
0.8690,  0.077031
0.8695,  0.075288
0.8700,  0.084427
0.8705,  0.077708
0.8710,  0.070784
0.8715,  0.071239
0.8720,  0.079840
0.8725,  0.077544
0.8730,  0.087795
0.8735,  0.095937
0.8740,  0.094631
0.8745,  0.091629
0.8750,  0.077183
0.8755,  0.072588
0.8760,  0.068182
0.8765,  0.072070
0.8770,  0.069693
0.8775,  0.076985
0.8780,  0.089573
0.8785,  0.094858
0.8790,  0.090837
0.8795,  0.087057
0.8800,  0.085488
0.8805,  0.086096
0.8810,  0.083386
0.8815,  0.078130
0.8820,  0.074144
0.8825,  0.076407
0.8830,  0.079648
0.8835,  0.075066
0.8840,  0.080597
0.8845,  0.078029
0.8850,  0.086504
0.8855,  0.087099
0.8860,  0.090211
0.8865,  0.095415
0.8870,  0.081895
0.8875,  0.071785
0.8880,  0.068272
0.8885,  0.070328
0.8890,  0.075125
0.8895,  0.080814
0.8900,  0.098081
