0.3500,  0.098171
0.3505,  0.153827
0.3510,  0.120289
0.3515,  0.084235
0.3520,  0.047161
0.3525,  0.006958
0.3530,  0.047669
0.3535,  0.085837
0.3540,  0.101902
0.3545,  0.131738
0.3550,  0.108205
0.3555,  0.096259
0.3560,  0.064103
0.3565,  0.028484
0.3570,  -0.000971
0.3575,  -0.033974
0.3580,  -0.075043
0.3585,  -0.128879
0.3590,  0.021374
0.3595,  0.143939
0.3600,  0.130373
0.3605,  0.116718
0.3610,  0.070227
0.3615,  0.024065
0.3620,  0.068105
0.3625,  0.109649
0.3630,  0.099461
0.3635,  0.088103
0.3640,  0.079691
0.3645,  0.069575
0.3650,  0.100806
0.3655,  0.128684
0.3660,  0.137676
0.3665,  0.148119
0.3670,  0.122578
0.3675,  0.100064
0.3680,  0.069032
0.3685,  0.037993
0.3690,  0.081834
0.3695,  0.125505
0.3700,  0.100773
0.3705,  0.074819
0.3710,  0.093362
0.3715,  0.116914
0.3720,  0.091718
0.3725,  0.064941
0.3730,  0.030688
0.3735,  -0.009171
0.3740,  -0.004259
0.3745,  -0.005589
0.3750,  0.063041
0.3755,  0.123833
0.3760,  0.121513
0.3765,  0.108365
0.3770,  0.151685
0.3775,  0.190711
0.3780,  0.187572
0.3785,  0.195542
0.3790,  0.112823
0.3795,  0.020787
0.3800,  0.073604
0.3805,  0.126955
0.3810,  0.101007
0.3815,  0.088843
0.3820,  0.015193
0.3825,  -0.078274
0.3830,  -0.102788
0.3835,  -0.145376
0.3840,  0.005219
0.3845,  0.119787
0.3850,  0.125579
0.3855,  0.133474
0.3860,  0.122023
0.3865,  0.111430
0.3870,  0.105954
0.3875,  0.100821
0.3880,  0.081998
0.3885,  0.057189
0.3890,  0.108229
0.3895,  0.149649
0.3900,  0.150729
0.3905,  0.154196
0.3910,  0.173642
0.3915,  0.206238
0.3920,  0.125675
0.3925,  0.041871
0.3930,  -0.113044
0.3935,  -0.339917
0.3940,  -0.079121
0.3945,  0.102173
0.3950,  0.191636
0.3955,  0.274375
0.3960,  0.124997
0.3965,  -0.057691
0.3970,  -0.036338
0.3975,  -0.038854
0.3980,  0.134249
0.3985,  0.254961
0.3990,  0.240731
0.3995,  0.234179
0.4000,  0.205924
0.4005,  0.178418
0.4010,  0.166668
0.4015,  0.162388
0.4020,  0.151233
0.4025,  0.146822
0.4030,  0.126846
0.4035,  0.105000
0.4040,  0.098608
0.4045,  0.095661
0.4050,  0.094321
0.4055,  0.096098
0.4060,  0.082324
0.4065,  0.067538
0.4070,  0.080397
0.4075,  0.091691
0.4080,  0.118133
0.4085,  0.142079
0.4090,  0.137392
0.4095,  0.133147
0.4100,  0.087974
0.4105,  0.036552
0.4110,  0.098217
0.4115,  0.155093
0.4120,  0.141925
0.4125,  0.128688
0.4130,  0.115649
0.4135,  0.105779
0.4140,  0.102265
0.4145,  0.095910
0.4150,  0.092290
0.4155,  0.085763
0.4160,  0.105990
0.4165,  0.130175
0.4170,  0.094806
0.4175,  0.055421
0.4180,  0.061684
0.4185,  0.070070
0.4190,  0.077737
0.4195,  0.081613
0.4200,  0.094419
0.4205,  0.107151
0.4210,  0.113744
0.4215,  0.124895
0.4220,  0.083053
0.4225,  0.035554
0.4230,  0.069449
0.4235,  0.099188
0.4240,  0.109282
0.4245,  0.121635
0.4250,  0.109122
0.4255,  0.094427
0.4260,  0.097308
0.4265,  0.105676
0.4270,  0.079230
0.4275,  0.054294
0.4280,  0.069164
0.4285,  0.086326
0.4290,  0.074533
0.4295,  0.067090
0.4300,  -0.009867
0.4305,  -0.112639
0.4310,  0.060486
0.4315,  0.187692
0.4320,  0.158725
0.4325,  0.125229
0.4330,  0.130524
0.4335,  0.139671
0.4340,  0.117679
0.4345,  0.095381
0.4350,  0.097785
0.4355,  0.097942
0.4360,  0.134425
0.4365,  0.169594
0.4370,  0.138929
0.4375,  0.115609
0.4380,  0.069785
0.4385,  0.016329
0.4390,  0.078347
0.4395,  0.133814
0.4400,  0.106050
0.4405,  0.074682
0.4410,  0.113206
0.4415,  0.148288
0.4420,  0.149532
0.4425,  0.149163
0.4430,  0.126571
0.4435,  0.108676
0.4440,  0.119209
0.4445,  0.131762
0.4450,  0.101237
0.4455,  0.067933
0.4460,  0.082045
0.4465,  0.093095
0.4470,  0.124492
0.4475,  0.154533
0.4480,  0.130673
0.4485,  0.103627
0.4490,  0.107785
0.4495,  0.111016
0.4500,  0.126242
0.4505,  0.142853
0.4510,  0.134569
0.4515,  0.127912
0.4520,  0.100047
0.4525,  0.073970
0.4530,  0.086352
0.4535,  0.096890
0.4540,  0.104123
0.4545,  0.107114
0.4550,  0.115644
0.4555,  0.124039
0.4560,  0.126887
0.4565,  0.130062
0.4570,  0.131847
0.4575,  0.134041
0.4580,  0.108133
0.4585,  0.083510
0.4590,  0.093445
0.4595,  0.100450
0.4600,  0.105537
0.4605,  0.110544
0.4610,  0.110873
0.4615,  0.109331
0.4620,  0.116090
0.4625,  0.124671
0.4630,  0.112502
0.4635,  0.105211
0.4640,  0.098746
0.4645,  0.092944
0.4650,  0.111414
0.4655,  0.130895
0.4660,  0.109549
0.4665,  0.088551
0.4670,  0.110369
0.4675,  0.128771
0.4680,  0.126116
0.4685,  0.126108
0.4690,  0.128822
0.4695,  0.131668
0.4700,  0.114068
0.4705,  0.091962
0.4710,  0.119707
0.4715,  0.145132
0.4720,  0.142317
0.4725,  0.142617
0.4730,  0.133261
0.4735,  0.122943
0.4740,  0.132176
0.4745,  0.144289
0.4750,  0.140074
0.4755,  0.134845
0.4760,  0.122290
0.4765,  0.110572
0.4770,  0.134740
0.4775,  0.156783
0.4780,  0.140261
0.4785,  0.123203
0.4790,  0.133052
0.4795,  0.143234
0.4800,  0.133699
0.4805,  0.128143
0.4810,  0.139318
0.4815,  0.149535
0.4820,  0.139159
0.4825,  0.132210
0.4830,  0.134684
0.4835,  0.137343
0.4840,  0.136548
0.4845,  0.140203
0.4850,  0.130048
0.4855,  0.119425
0.4860,  0.089265
0.4865,  0.047001
0.4870,  0.094701
0.4875,  0.135061
0.4880,  0.145551
0.4885,  0.154207
0.4890,  0.153396
0.4895,  0.153668
0.4900,  0.157503
0.4905,  0.166321
0.4910,  0.146452
0.4915,  0.126312
0.4920,  0.126797
0.4925,  0.124163
0.4930,  0.118950
0.4935,  0.111643
0.4940,  0.141399
0.4945,  0.170909
0.4950,  0.143033
0.4955,  0.115238
0.4960,  0.132235
0.4965,  0.148931
0.4970,  0.151091
0.4975,  0.155204
0.4980,  0.128179
0.4985,  0.098991
0.4990,  0.124089
0.4995,  0.149510
0.5000,  0.132087
0.5005,  0.113818
0.5010,  0.108993
0.5015,  0.100270
0.5020,  0.117453
0.5025,  0.133577
0.5030,  0.141321
0.5035,  0.147402
0.5040,  0.133677
0.5045,  0.116339
0.5050,  0.136363
0.5055,  0.156035
0.5060,  0.145672
0.5065,  0.137514
0.5070,  0.129003
0.5075,  0.120160
0.5080,  0.123412
0.5085,  0.125061
0.5090,  0.123863
0.5095,  0.122667
0.5100,  0.128386
0.5105,  0.134707
0.5110,  0.144350
0.5115,  0.153808
0.5120,  0.129734
0.5125,  0.106118
0.5130,  0.110235
0.5135,  0.111344
0.5140,  0.117646
0.5145,  0.123171
0.5150,  0.132158
0.5155,  0.147049
0.5160,  0.112545
0.5165,  0.076122
0.5170,  0.101662
0.5175,  0.121058
0.5180,  0.103814
0.5185,  0.080052
0.5190,  0.110725
0.5195,  0.138988
0.5200,  0.129385
0.5205,  0.121033
0.5210,  0.130968
0.5215,  0.143683
0.5220,  0.124348
0.5225,  0.104802
0.5230,  0.116970
0.5235,  0.126095
0.5240,  0.134657
0.5245,  0.146813
0.5250,  0.145291
0.5255,  0.147994
0.5260,  0.103193
0.5265,  0.051276
0.5270,  0.088163
0.5275,  0.116890
0.5280,  0.123450
0.5285,  0.129011
0.5290,  0.126794
0.5295,  0.124615
0.5300,  0.125206
0.5305,  0.128471
0.5310,  0.131511
0.5315,  0.138531
0.5320,  0.105312
0.5325,  0.068278
0.5330,  0.103907
0.5335,  0.135560
0.5340,  0.116917
0.5345,  0.098420
0.5350,  0.123339
0.5355,  0.149947
0.5360,  0.128083
0.5365,  0.105467
0.5370,  0.107806
0.5375,  0.110537
0.5380,  0.116892
0.5385,  0.124658
0.5390,  0.114889
0.5395,  0.104799
0.5400,  0.094670
0.5405,  0.083336
0.5410,  0.108964
0.5415,  0.133081
0.5420,  0.120347
0.5425,  0.107023
0.5430,  0.116916
0.5435,  0.124789
0.5440,  0.121745
0.5445,  0.121593
0.5450,  0.125912
0.5455,  0.129227
0.5460,  0.125955
0.5465,  0.122888
0.5470,  0.114900
0.5475,  0.105868
0.5480,  0.112256
0.5485,  0.117381
0.5490,  0.123054
0.5495,  0.129764
0.5500,  0.123519
0.5505,  0.117125
0.5510,  0.120072
0.5515,  0.122728
0.5520,  0.117905
0.5525,  0.112584
0.5530,  0.119431
0.5535,  0.125460
0.5540,  0.127336
0.5545,  0.129660
0.5550,  0.130931
0.5555,  0.133408
0.5560,  0.121387
0.5565,  0.109689
0.5570,  0.119071
0.5575,  0.129018
0.5580,  0.122240
0.5585,  0.112565
0.5590,  0.116320
0.5595,  0.120994
0.5600,  0.125691
0.5605,  0.128133
0.5610,  0.121237
0.5615,  0.115667
0.5620,  0.119999
0.5625,  0.125336
0.5630,  0.128584
0.5635,  0.133567
0.5640,  0.137159
0.5645,  0.139541
0.5650,  0.131630
0.5655,  0.120352
0.5660,  0.125068
0.5665,  0.129029
0.5670,  0.140092
0.5675,  0.153305
0.5680,  0.138445
0.5685,  0.123300
0.5690,  0.137110
0.5695,  0.150959
0.5700,  0.134291
0.5705,  0.114607
0.5710,  0.123262
0.5715,  0.127997
0.5720,  0.136193
0.5725,  0.145500
0.5730,  0.139072
0.5735,  0.135853
0.5740,  0.136408
0.5745,  0.136560
0.5750,  0.128861
0.5755,  0.121197
0.5760,  0.124141
0.5765,  0.128626
0.5770,  0.132890
0.5775,  0.137498
0.5780,  0.122407
0.5785,  0.103973
0.5790,  0.110825
0.5795,  0.117396
0.5800,  0.116817
0.5805,  0.116846
0.5810,  0.118069
0.5815,  0.120418
0.5820,  0.124050
0.5825,  0.126982
0.5830,  0.123834
0.5835,  0.121293
0.5840,  0.123495
0.5845,  0.128142
0.5850,  0.116613
0.5855,  0.104182
0.5860,  0.118260
0.5865,  0.130884
0.5870,  0.139929
0.5875,  0.153576
0.5880,  0.147895
0.5885,  0.138559
0.5890,  0.114742
0.5895,  0.082954
0.5900,  0.128421
0.5905,  0.168802
0.5910,  0.158491
0.5915,  0.148652
0.5920,  0.149322
0.5925,  0.149808
0.5930,  0.143160
0.5935,  0.140385
0.5940,  0.137536
0.5945,  0.135498
0.5950,  0.139609
0.5955,  0.141376
0.5960,  0.144811
0.5965,  0.148516
0.5970,  0.141493
0.5975,  0.134792
0.5980,  0.128741
0.5985,  0.123727
0.5990,  0.129884
0.5995,  0.136505
0.6000,  0.132293
0.6005,  0.128975
0.6010,  0.131292
0.6015,  0.130841
0.6020,  0.120518
0.6025,  0.109308
0.6030,  0.120181
0.6035,  0.133671
0.6040,  0.132379
0.6045,  0.132086
0.6050,  0.131816
0.6055,  0.130412
0.6060,  0.130439
0.6065,  0.130882
0.6070,  0.131123
0.6075,  0.132020
0.6080,  0.133433
0.6085,  0.134254
0.6090,  0.137540
0.6095,  0.138165
0.6100,  0.130370
0.6105,  0.121353
0.6110,  0.132625
0.6115,  0.145176
0.6120,  0.137017
0.6125,  0.129480
0.6130,  0.125755
0.6135,  0.121813
0.6140,  0.129746
0.6145,  0.139895
0.6150,  0.144731
0.6155,  0.148286
0.6160,  0.124896
0.6165,  0.098546
0.6170,  0.119564
0.6175,  0.140393
0.6180,  0.144172
0.6185,  0.147870
0.6190,  0.143828
0.6195,  0.138903
0.6200,  0.144505
0.6205,  0.150782
0.6210,  0.140746
0.6215,  0.130025
0.6220,  0.136402
0.6225,  0.145400
0.6230,  0.138624
0.6235,  0.134029
0.6240,  0.138617
0.6245,  0.140012
0.6250,  0.135553
0.6255,  0.129717
0.6260,  0.144506
0.6265,  0.158614
0.6270,  0.158670
0.6275,  0.159106
0.6280,  0.160938
0.6285,  0.165259
0.6290,  0.166506
0.6295,  0.168026
0.6300,  0.166790
0.6305,  0.161142
0.6310,  0.152064
0.6315,  0.146706
0.6320,  0.143962
0.6325,  0.143152
0.6330,  0.142791
0.6335,  0.142735
0.6340,  0.145097
0.6345,  0.149827
0.6350,  0.153997
0.6355,  0.157859
0.6360,  0.156560
0.6365,  0.152112
0.6370,  0.144123
0.6375,  0.138548
0.6380,  0.137221
0.6385,  0.138353
0.6390,  0.140879
0.6395,  0.139943
0.6400,  0.139378
0.6405,  0.138345
0.6410,  0.133762
0.6415,  0.134331
0.6420,  0.134323
0.6425,  0.132782
0.6430,  0.130039
0.6435,  0.129725
0.6440,  0.133986
0.6445,  0.139220
0.6450,  0.147382
0.6455,  0.152134
0.6460,  0.156815
0.6465,  0.159896
0.6470,  0.160005
0.6475,  0.154492
0.6480,  0.152343
0.6485,  0.150504
0.6490,  0.145743
0.6495,  0.150390
0.6500,  0.152519
0.6505,  0.157207
0.6510,  0.163317
0.6515,  0.160197
0.6520,  0.157349
0.6525,  0.153580
0.6530,  0.153052
0.6535,  0.147465
0.6540,  0.147939
0.6545,  0.154679
0.6550,  0.163711
0.6555,  0.162412
0.6560,  0.147635
0.6565,  0.117900
0.6570,  0.080539
0.6575,  0.090255
0.6580,  0.103176
0.6585,  0.116257
0.6590,  0.131292
0.6595,  0.129438
0.6600,  0.124339
0.6605,  0.121237
0.6610,  0.121192
0.6615,  0.121232
0.6620,  0.121983
0.6625,  0.122283
0.6630,  0.121673
0.6635,  0.125444
0.6640,  0.127458
0.6645,  0.127706
0.6650,  0.129327
0.6655,  0.127577
0.6660,  0.123586
0.6665,  0.118147
0.6670,  0.113417
0.6675,  0.113348
0.6680,  0.114382
0.6685,  0.117235
0.6690,  0.117939
0.6695,  0.115635
0.6700,  0.115340
0.6705,  0.114636
0.6710,  0.116435
0.6715,  0.119730
0.6720,  0.120509
0.6725,  0.120624
0.6730,  0.118293
0.6735,  0.114735
0.6740,  0.111772
0.6745,  0.110188
0.6750,  0.109587
0.6755,  0.112411
0.6760,  0.114517
0.6765,  0.117161
0.6770,  0.119148
0.6775,  0.120352
0.6780,  0.120624
0.6785,  0.119691
0.6790,  0.118220
0.6795,  0.117212
0.6800,  0.117073
0.6805,  0.116657
0.6810,  0.116441
0.6815,  0.116162
0.6820,  0.116083
0.6825,  0.118026
0.6830,  0.123516
0.6835,  0.128203
0.6840,  0.128173
0.6845,  0.127240
0.6850,  0.132367
0.6855,  0.154322
0.6860,  0.185021
0.6865,  0.215883
0.6870,  0.235511
0.6875,  0.236472
0.6880,  0.231825
0.6885,  0.223677
0.6890,  0.219472
0.6895,  0.212011
0.6900,  0.202752
0.6905,  0.194917
0.6910,  0.189309
0.6915,  0.189416
0.6920,  0.188392
0.6925,  0.187671
0.6930,  0.188983
0.6935,  0.190006
0.6940,  0.187628
0.6945,  0.183365
0.6950,  0.176561
0.6955,  0.165712
0.6960,  0.157284
0.6965,  0.150421
0.6970,  0.148089
0.6975,  0.154299
0.6980,  0.164320
0.6985,  0.171283
0.6990,  0.177680
0.6995,  0.177163
0.7000,  0.173668
0.7005,  0.170208
0.7010,  0.163513
0.7015,  0.166032
0.7020,  0.166647
0.7025,  0.164671
0.7030,  0.163233
0.7035,  0.164918
0.7040,  0.165459
0.7045,  0.169531
0.7050,  0.173510
0.7055,  0.171046
0.7060,  0.168049
0.7065,  0.161001
0.7070,  0.154498
0.7075,  0.148982
0.7080,  0.142442
0.7085,  0.139296
0.7090,  0.140046
0.7095,  0.141471
0.7100,  0.144380
0.7105,  0.145655
0.7110,  0.147527
0.7115,  0.147832
0.7120,  0.149336
0.7125,  0.152278
0.7130,  0.153426
0.7135,  0.151446
0.7140,  0.151581
0.7145,  0.157871
0.7150,  0.166539
0.7155,  0.184109
0.7160,  0.213405
0.7165,  0.244241
0.7170,  0.278401
0.7175,  0.308434
0.7180,  0.331439
0.7185,  0.352577
0.7190,  0.357121
0.7195,  0.354041
0.7200,  0.334296
0.7205,  0.304929
0.7210,  0.275936
0.7215,  0.259102
0.7220,  0.258779
0.7225,  0.271068
0.7230,  0.292017
0.7235,  0.306916
0.7240,  0.318864
0.7245,  0.318612
0.7250,  0.315075
0.7255,  0.310765
0.7260,  0.306883
0.7265,  0.306230
0.7270,  0.306443
0.7275,  0.301049
0.7280,  0.296288
0.7285,  0.291257
0.7290,  0.288453
0.7295,  0.286005
0.7300,  0.280585
0.7305,  0.272586
0.7310,  0.263005
0.7315,  0.245727
0.7320,  0.227901
0.7325,  0.211495
0.7330,  0.196011
0.7335,  0.186167
0.7340,  0.179583
0.7345,  0.174998
0.7350,  0.175787
0.7355,  0.176912
0.7360,  0.178047
0.7365,  0.176578
0.7370,  0.175874
0.7375,  0.170068
0.7380,  0.167689
0.7385,  0.164645
0.7390,  0.161195
0.7395,  0.159267
0.7400,  0.156355
0.7405,  0.154244
0.7410,  0.151515
0.7415,  0.151589
0.7420,  0.150653
0.7425,  0.149023
0.7430,  0.147765
0.7435,  0.143506
0.7440,  0.143211
0.7445,  0.142279
0.7450,  0.140790
0.7455,  0.143075
0.7460,  0.144511
0.7465,  0.144467
0.7470,  0.145718
0.7475,  0.142027
0.7480,  0.136199
0.7485,  0.129363
0.7490,  0.129685
0.7495,  0.131741
0.7500,  0.133015
0.7505,  0.131273
0.7510,  0.129450
0.7515,  0.129285
0.7520,  0.128803
0.7525,  0.126976
0.7530,  0.125230
0.7535,  0.122618
0.7540,  0.119149
0.7545,  0.118429
0.7550,  0.122507
0.7555,  0.120049
0.7560,  0.118220
0.7565,  0.117729
0.7570,  0.120788
0.7575,  0.133704
0.7580,  0.168218
0.7585,  0.236930
0.7590,  0.345505
0.7595,  0.484206
0.7600,  0.602208
0.7605,  0.654154
0.7610,  0.650144
0.7615,  0.628030
0.7620,  0.610860
0.7625,  0.605370
0.7630,  0.596104
0.7635,  0.566697
0.7640,  0.519424
0.7645,  0.464952
0.7650,  0.409096
0.7655,  0.356214
0.7660,  0.305225
0.7665,  0.260768
0.7670,  0.223235
0.7675,  0.202380
0.7680,  0.186541
0.7685,  0.173262
0.7690,  0.165178
0.7695,  0.156649
0.7700,  0.152957
0.7705,  0.147628
0.7710,  0.142212
0.7715,  0.139914
0.7720,  0.143941
0.7725,  0.139424
0.7730,  0.138451
0.7735,  0.135263
0.7740,  0.133580
0.7745,  0.123180
0.7750,  0.115394
0.7755,  0.120416
0.7760,  0.125610
0.7765,  0.130219
0.7770,  0.127867
0.7775,  0.124134
0.7780,  0.120215
0.7785,  0.119235
0.7790,  0.116248
0.7795,  0.118695
0.7800,  0.121241
0.7805,  0.121406
0.7810,  0.118277
0.7815,  0.114064
0.7820,  0.113591
0.7825,  0.112801
0.7830,  0.111100
0.7835,  0.107599
0.7840,  0.109170
0.7845,  0.111170
0.7850,  0.113378
0.7855,  0.110894
0.7860,  0.118421
0.7865,  0.127332
0.7870,  0.132142
0.7875,  0.132133
0.7880,  0.141120
0.7885,  0.145478
0.7890,  0.154278
0.7895,  0.157192
0.7900,  0.154296
0.7905,  0.153359
0.7910,  0.153149
0.7915,  0.154946
0.7920,  0.155562
0.7925,  0.155404
0.7930,  0.155702
0.7935,  0.150839
0.7940,  0.143915
0.7945,  0.140915
0.7950,  0.135512
0.7955,  0.139493
0.7960,  0.143127
0.7965,  0.144384
0.7970,  0.147552
0.7975,  0.146457
0.7980,  0.149997
0.7985,  0.154981
0.7990,  0.155405
0.7995,  0.153774
0.8000,  0.158017
0.8005,  0.153520
0.8010,  0.149463
0.8015,  0.150680
0.8020,  0.142209
0.8025,  0.137028
0.8030,  0.135382
0.8035,  0.136355
0.8040,  0.133064
0.8045,  0.126298
0.8050,  0.117864
0.8055,  0.118269
0.8060,  0.125272
0.8065,  0.131725
0.8070,  0.134004
0.8075,  0.127139
0.8080,  0.122977
0.8085,  0.124277
0.8090,  0.127117
0.8095,  0.136150
0.8100,  0.144868
0.8105,  0.155312
0.8110,  0.168218
0.8115,  0.178953
0.8120,  0.188373
0.8125,  0.211398
0.8130,  0.233950
0.8135,  0.252949
0.8140,  0.266434
0.8145,  0.288848
0.8150,  0.311713
0.8155,  0.333400
0.8160,  0.347857
0.8165,  0.348193
0.8170,  0.341416
0.8175,  0.326555
0.8180,  0.321752
0.8185,  0.315616
0.8190,  0.290601
0.8195,  0.270275
0.8200,  0.248734
0.8205,  0.235900
0.8210,  0.242967
0.8215,  0.262013
0.8220,  0.292740
0.8225,  0.316795
0.8230,  0.311308
0.8235,  0.287585
0.8240,  0.262076
0.8245,  0.235699
0.8250,  0.219179
0.8255,  0.214867
0.8260,  0.224103
0.8265,  0.233593
0.8270,  0.243150
0.8275,  0.255558
0.8280,  0.263443
0.8285,  0.255112
0.8290,  0.244835
0.8295,  0.230891
0.8300,  0.219435
0.8305,  0.218132
0.8310,  0.224303
0.8315,  0.225197
0.8320,  0.220707
0.8325,  0.210070
0.8330,  0.197823
0.8335,  0.185228
0.8340,  0.174738
0.8345,  0.164697
0.8350,  0.161315
0.8355,  0.160930
0.8360,  0.159199
0.8365,  0.149961
0.8370,  0.143382
0.8375,  0.139975
0.8380,  0.132446
0.8385,  0.130175
0.8390,  0.123115
0.8395,  0.121196
0.8400,  0.120602
0.8405,  0.123180
0.8410,  0.125932
0.8415,  0.124769
0.8420,  0.124438
0.8425,  0.121725
0.8430,  0.121841
0.8435,  0.122442
0.8440,  0.121585
0.8445,  0.117925
0.8450,  0.110363
0.8455,  0.106157
0.8460,  0.101369
0.8465,  0.100190
0.8470,  0.103871
0.8475,  0.107267
0.8480,  0.114455
0.8485,  0.112871
0.8490,  0.112252
0.8495,  0.110867
0.8500,  0.101661
0.8505,  0.101868
0.8510,  0.102850
0.8515,  0.107287
0.8520,  0.113242
0.8525,  0.099445
0.8530,  0.095478
0.8535,  0.092227
0.8540,  0.064525
0.8545,  0.078291
0.8550,  0.079152
0.8555,  0.091000
0.8560,  0.101584
0.8565,  0.102893
0.8570,  0.103531
0.8575,  0.105070
0.8580,  0.110460
0.8585,  0.101409
0.8590,  0.097093
0.8595,  0.095493
0.8600,  0.093331
0.8605,  0.093652
0.8610,  0.095205
0.8615,  0.094921
0.8620,  0.097438
0.8625,  0.096038
0.8630,  0.090557
0.8635,  0.092443
0.8640,  0.094462
0.8645,  0.087500
0.8650,  0.086806
0.8655,  0.085628
0.8660,  0.072735
0.8665,  0.075383
0.8670,  0.073061
0.8675,  0.072663
0.8680,  0.078903
0.8685,  0.075655
0.8690,  0.076632
0.8695,  0.076742
0.8700,  0.081537
0.8705,  0.082540
0.8710,  0.084309
0.8715,  0.078629
0.8720,  0.078407
0.8725,  0.084779
0.8730,  0.093425
0.8735,  0.095063
0.8740,  0.094839
0.8745,  0.100381
0.8750,  0.097308
0.8755,  0.086858
0.8760,  0.075866
0.8765,  0.087590
0.8770,  0.092946
0.8775,  0.098766
0.8780,  0.106094
0.8785,  0.096324
0.8790,  0.090081
0.8795,  0.085898
0.8800,  0.080657
0.8805,  0.079084
0.8810,  0.080960
0.8815,  0.088674
0.8820,  0.097473
0.8825,  0.098148
0.8830,  0.090104
0.8835,  0.079217
0.8840,  0.079251
0.8845,  0.076870
0.8850,  0.084741
0.8855,  0.093251
0.8860,  0.090713
0.8865,  0.083859
0.8870,  0.076822
0.8875,  0.070906
0.8880,  0.074198
0.8885,  0.081291
0.8890,  0.082365
0.8895,  0.091871
0.8900,  0.100383
