0.3500,  0.262321
0.3505,  0.325828
0.3510,  0.297779
0.3515,  0.270392
0.3520,  0.227066
0.3525,  0.188318
0.3530,  0.225370
0.3535,  0.258620
0.3540,  0.282120
0.3545,  0.311495
0.3550,  0.289053
0.3555,  0.275793
0.3560,  0.241642
0.3565,  0.209913
0.3570,  0.178592
0.3575,  0.138570
0.3580,  0.098502
0.3585,  0.032556
0.3590,  0.189684
0.3595,  0.319891
0.3600,  0.302872
0.3605,  0.287747
0.3610,  0.238469
0.3615,  0.179582
0.3620,  0.216957
0.3625,  0.256670
0.3630,  0.245646
0.3635,  0.230949
0.3640,  0.221230
0.3645,  0.214967
0.3650,  0.255558
0.3655,  0.292040
0.3660,  0.304072
0.3665,  0.314922
0.3670,  0.284113
0.3675,  0.258109
0.3680,  0.220951
0.3685,  0.178738
0.3690,  0.216696
0.3695,  0.256569
0.3700,  0.222066
0.3705,  0.191834
0.3710,  0.218888
0.3715,  0.252875
0.3720,  0.230617
0.3725,  0.206716
0.3730,  0.174823
0.3735,  0.135117
0.3740,  0.139459
0.3745,  0.131365
0.3750,  0.197403
0.3755,  0.256189
0.3760,  0.247040
0.3765,  0.225211
0.3770,  0.267836
0.3775,  0.314573
0.3780,  0.317732
0.3785,  0.332113
0.3790,  0.247244
0.3795,  0.145352
0.3800,  0.197794
0.3805,  0.259884
0.3810,  0.239001
0.3815,  0.225642
0.3820,  0.145397
0.3825,  0.044499
0.3830,  0.017072
0.3835,  -0.035655
0.3840,  0.116892
0.3845,  0.235766
0.3850,  0.235929
0.3855,  0.238811
0.3860,  0.227548
0.3865,  0.222842
0.3870,  0.223524
0.3875,  0.223071
0.3880,  0.208870
0.3885,  0.185151
0.3890,  0.240995
0.3895,  0.279616
0.3900,  0.267940
0.3905,  0.263638
0.3910,  0.278234
0.3915,  0.308248
0.3920,  0.217169
0.3925,  0.124883
0.3930,  -0.039274
0.3935,  -0.278264
0.3940,  0.004521
0.3945,  0.203016
0.3950,  0.307212
0.3955,  0.407027
0.3960,  0.246452
0.3965,  0.040360
0.3970,  0.056468
0.3975,  0.044672
0.3980,  0.222527
0.3985,  0.346666
0.3990,  0.328328
0.3995,  0.322296
0.4000,  0.293744
0.4005,  0.268674
0.4010,  0.261949
0.4015,  0.260392
0.4020,  0.249243
0.4025,  0.245364
0.4030,  0.225405
0.4035,  0.202155
0.4040,  0.195270
0.4045,  0.191624
0.4050,  0.188793
0.4055,  0.189241
0.4060,  0.173038
0.4065,  0.154817
0.4070,  0.161567
0.4075,  0.165829
0.4080,  0.190386
0.4085,  0.219690
0.4090,  0.219747
0.4095,  0.219497
0.4100,  0.176191
0.4105,  0.118549
0.4110,  0.181015
0.4115,  0.237413
0.4120,  0.215979
0.4125,  0.197903
0.4130,  0.182274
0.4135,  0.170883
0.4140,  0.167735
0.4145,  0.163382
0.4150,  0.163295
0.4155,  0.165009
0.4160,  0.193579
0.4165,  0.221777
0.4170,  0.187071
0.4175,  0.146170
0.4180,  0.152015
0.4185,  0.158286
0.4190,  0.164137
0.4195,  0.164169
0.4200,  0.174180
0.4205,  0.187855
0.4210,  0.193811
0.4215,  0.205030
0.4220,  0.159373
0.4225,  0.106235
0.4230,  0.142133
0.4235,  0.174071
0.4240,  0.185181
0.4245,  0.203680
0.4250,  0.193429
0.4255,  0.179850
0.4260,  0.183314
0.4265,  0.189977
0.4270,  0.154005
0.4275,  0.121814
0.4280,  0.128632
0.4285,  0.142702
0.4290,  0.131672
0.4295,  0.125056
0.4300,  0.044478
0.4305,  -0.060888
0.4310,  0.121269
0.4315,  0.260880
0.4320,  0.227266
0.4325,  0.192399
0.4330,  0.198180
0.4335,  0.203844
0.4340,  0.177195
0.4345,  0.149898
0.4350,  0.147306
0.4355,  0.144276
0.4360,  0.184040
0.4365,  0.226048
0.4370,  0.199852
0.4375,  0.174796
0.4380,  0.125550
0.4385,  0.069043
0.4390,  0.138007
0.4395,  0.197841
0.4400,  0.167161
0.4405,  0.132010
0.4410,  0.170087
0.4415,  0.204528
0.4420,  0.202475
0.4425,  0.202290
0.4430,  0.179316
0.4435,  0.160518
0.4440,  0.174577
0.4445,  0.188769
0.4450,  0.158953
0.4455,  0.124387
0.4460,  0.139139
0.4465,  0.148658
0.4470,  0.180445
0.4475,  0.211879
0.4480,  0.183045
0.4485,  0.153022
0.4490,  0.151612
0.4495,  0.151888
0.4500,  0.165967
0.4505,  0.183605
0.4510,  0.176089
0.4515,  0.174773
0.4520,  0.147768
0.4525,  0.118801
0.4530,  0.130860
0.4535,  0.140999
0.4540,  0.146542
0.4545,  0.148619
0.4550,  0.156571
0.4555,  0.163516
0.4560,  0.165167
0.4565,  0.167923
0.4570,  0.169604
0.4575,  0.175530
0.4580,  0.150422
0.4585,  0.124843
0.4590,  0.137600
0.4595,  0.145600
0.4600,  0.149996
0.4605,  0.154060
0.4610,  0.155509
0.4615,  0.155653
0.4620,  0.164043
0.4625,  0.172645
0.4630,  0.157173
0.4635,  0.146909
0.4640,  0.138187
0.4645,  0.129983
0.4650,  0.150980
0.4655,  0.172975
0.4660,  0.152061
0.4665,  0.131100
0.4670,  0.155382
0.4675,  0.173546
0.4680,  0.170812
0.4685,  0.169329
0.4690,  0.172187
0.4695,  0.175054
0.4700,  0.154103
0.4705,  0.125699
0.4710,  0.152108
0.4715,  0.178162
0.4720,  0.174597
0.4725,  0.176465
0.4730,  0.167178
0.4735,  0.157233
0.4740,  0.169558
0.4745,  0.184778
0.4750,  0.181429
0.4755,  0.175846
0.4760,  0.163404
0.4765,  0.149644
0.4770,  0.172537
0.4775,  0.194041
0.4780,  0.173815
0.4785,  0.155286
0.4790,  0.168166
0.4795,  0.179411
0.4800,  0.168474
0.4805,  0.161650
0.4810,  0.173953
0.4815,  0.186230
0.4820,  0.175015
0.4825,  0.166594
0.4830,  0.169376
0.4835,  0.176323
0.4840,  0.175810
0.4845,  0.180009
0.4850,  0.167422
0.4855,  0.154751
0.4860,  0.118680
0.4865,  0.069605
0.4870,  0.119025
0.4875,  0.161485
0.4880,  0.172986
0.4885,  0.184209
0.4890,  0.184851
0.4895,  0.185158
0.4900,  0.188480
0.4905,  0.197311
0.4910,  0.175272
0.4915,  0.153338
0.4920,  0.153810
0.4925,  0.151087
0.4930,  0.143783
0.4935,  0.133966
0.4940,  0.166545
0.4945,  0.199369
0.4950,  0.169556
0.4955,  0.139510
0.4960,  0.159857
0.4965,  0.180516
0.4970,  0.183651
0.4975,  0.187827
0.4980,  0.156506
0.4985,  0.122763
0.4990,  0.149137
0.4995,  0.177032
0.5000,  0.158182
0.5005,  0.138885
0.5010,  0.134226
0.5015,  0.124996
0.5020,  0.142896
0.5025,  0.160976
0.5030,  0.170374
0.5035,  0.177426
0.5040,  0.161708
0.5045,  0.142387
0.5050,  0.163740
0.5055,  0.185752
0.5060,  0.176055
0.5065,  0.168885
0.5070,  0.160477
0.5075,  0.148930
0.5080,  0.150664
0.5085,  0.152328
0.5090,  0.151425
0.5095,  0.149238
0.5100,  0.153908
0.5105,  0.158798
0.5110,  0.169330
0.5115,  0.179406
0.5120,  0.152962
0.5125,  0.128549
0.5130,  0.132983
0.5135,  0.135828
0.5140,  0.143020
0.5145,  0.149629
0.5150,  0.160000
0.5155,  0.177353
0.5160,  0.141277
0.5165,  0.100908
0.5170,  0.125995
0.5175,  0.145178
0.5180,  0.125815
0.5185,  0.098958
0.5190,  0.132061
0.5195,  0.163230
0.5200,  0.152353
0.5205,  0.142980
0.5210,  0.154934
0.5215,  0.169638
0.5220,  0.148442
0.5225,  0.125727
0.5230,  0.137706
0.5235,  0.148059
0.5240,  0.156212
0.5245,  0.169218
0.5250,  0.169373
0.5255,  0.174791
0.5260,  0.127107
0.5265,  0.070656
0.5270,  0.108750
0.5275,  0.137536
0.5280,  0.142346
0.5285,  0.148792
0.5290,  0.145979
0.5295,  0.143713
0.5300,  0.147726
0.5305,  0.155421
0.5310,  0.160420
0.5315,  0.169288
0.5320,  0.133400
0.5325,  0.092533
0.5330,  0.130678
0.5335,  0.163726
0.5340,  0.143061
0.5345,  0.120879
0.5350,  0.146213
0.5355,  0.175317
0.5360,  0.151908
0.5365,  0.126754
0.5370,  0.129997
0.5375,  0.133669
0.5380,  0.142089
0.5385,  0.152813
0.5390,  0.143705
0.5395,  0.133566
0.5400,  0.122921
0.5405,  0.109034
0.5410,  0.134149
0.5415,  0.157052
0.5420,  0.142069
0.5425,  0.126896
0.5430,  0.137451
0.5435,  0.146066
0.5440,  0.142664
0.5445,  0.141714
0.5450,  0.148051
0.5455,  0.154234
0.5460,  0.150287
0.5465,  0.147820
0.5470,  0.138954
0.5475,  0.127941
0.5480,  0.132692
0.5485,  0.136768
0.5490,  0.142444
0.5495,  0.149121
0.5500,  0.141139
0.5505,  0.135053
0.5510,  0.140153
0.5515,  0.143065
0.5520,  0.138373
0.5525,  0.132515
0.5530,  0.139026
0.5535,  0.145463
0.5540,  0.147837
0.5545,  0.149330
0.5550,  0.151362
0.5555,  0.153522
0.5560,  0.140034
0.5565,  0.128339
0.5570,  0.138167
0.5575,  0.148922
0.5580,  0.139831
0.5585,  0.129701
0.5590,  0.134060
0.5595,  0.137944
0.5600,  0.143135
0.5605,  0.148231
0.5610,  0.142751
0.5615,  0.136111
0.5620,  0.139763
0.5625,  0.145518
0.5630,  0.149453
0.5635,  0.155150
0.5640,  0.158460
0.5645,  0.159495
0.5650,  0.148852
0.5655,  0.136093
0.5660,  0.141946
0.5665,  0.149269
0.5670,  0.163072
0.5675,  0.178387
0.5680,  0.162393
0.5685,  0.146092
0.5690,  0.161112
0.5695,  0.176626
0.5700,  0.157134
0.5705,  0.133067
0.5710,  0.141452
0.5715,  0.145662
0.5720,  0.155463
0.5725,  0.167898
0.5730,  0.163961
0.5735,  0.162894
0.5740,  0.162991
0.5745,  0.162582
0.5750,  0.154529
0.5755,  0.143681
0.5760,  0.145772
0.5765,  0.150298
0.5770,  0.155280
0.5775,  0.160386
0.5780,  0.144012
0.5785,  0.124504
0.5790,  0.133138
0.5795,  0.140143
0.5800,  0.140153
0.5805,  0.140328
0.5810,  0.140680
0.5815,  0.142946
0.5820,  0.146297
0.5825,  0.147718
0.5830,  0.141828
0.5835,  0.140097
0.5840,  0.141664
0.5845,  0.146436
0.5850,  0.133617
0.5855,  0.120192
0.5860,  0.136683
0.5865,  0.154132
0.5870,  0.168031
0.5875,  0.188112
0.5880,  0.184832
0.5885,  0.173427
0.5890,  0.143274
0.5895,  0.103607
0.5900,  0.150941
0.5905,  0.196311
0.5910,  0.185673
0.5915,  0.173890
0.5920,  0.174232
0.5925,  0.176142
0.5930,  0.171680
0.5935,  0.172574
0.5940,  0.169504
0.5945,  0.165218
0.5950,  0.167967
0.5955,  0.169788
0.5960,  0.172087
0.5965,  0.173972
0.5970,  0.164244
0.5975,  0.155399
0.5980,  0.149852
0.5985,  0.145045
0.5990,  0.152424
0.5995,  0.159597
0.6000,  0.156529
0.6005,  0.152089
0.6010,  0.152750
0.6015,  0.150141
0.6020,  0.135747
0.6025,  0.122424
0.6030,  0.135991
0.6035,  0.153021
0.6040,  0.152055
0.6045,  0.152048
0.6050,  0.150197
0.6055,  0.145823
0.6060,  0.142168
0.6065,  0.138585
0.6070,  0.139078
0.6075,  0.142265
0.6080,  0.146137
0.6085,  0.150249
0.6090,  0.156481
0.6095,  0.160370
0.6100,  0.148546
0.6105,  0.134352
0.6110,  0.141112
0.6115,  0.150881
0.6120,  0.143378
0.6125,  0.137533
0.6130,  0.138879
0.6135,  0.140174
0.6140,  0.151564
0.6145,  0.164249
0.6150,  0.168093
0.6155,  0.168561
0.6160,  0.139280
0.6165,  0.105340
0.6170,  0.127590
0.6175,  0.151695
0.6180,  0.156107
0.6185,  0.160699
0.6190,  0.157968
0.6195,  0.153951
0.6200,  0.161272
0.6205,  0.168525
0.6210,  0.157901
0.6215,  0.146133
0.6220,  0.152295
0.6225,  0.162428
0.6230,  0.153925
0.6235,  0.148852
0.6240,  0.152907
0.6245,  0.152611
0.6250,  0.145566
0.6255,  0.136156
0.6260,  0.150886
0.6265,  0.169097
0.6270,  0.174946
0.6275,  0.177803
0.6280,  0.182947
0.6285,  0.188953
0.6290,  0.191377
0.6295,  0.191289
0.6300,  0.185218
0.6305,  0.175138
0.6310,  0.163973
0.6315,  0.161325
0.6320,  0.158973
0.6325,  0.158568
0.6330,  0.157615
0.6335,  0.160365
0.6340,  0.164572
0.6345,  0.166986
0.6350,  0.168708
0.6355,  0.166396
0.6360,  0.163191
0.6365,  0.156771
0.6370,  0.149785
0.6375,  0.145764
0.6380,  0.145676
0.6385,  0.148980
0.6390,  0.153459
0.6395,  0.154751
0.6400,  0.155502
0.6405,  0.154299
0.6410,  0.150641
0.6415,  0.150270
0.6420,  0.148513
0.6425,  0.145247
0.6430,  0.141865
0.6435,  0.140968
0.6440,  0.144044
0.6445,  0.149465
0.6450,  0.159636
0.6455,  0.167266
0.6460,  0.175233
0.6465,  0.182678
0.6470,  0.183819
0.6475,  0.180671
0.6480,  0.178660
0.6485,  0.173317
0.6490,  0.165220
0.6495,  0.164778
0.6500,  0.166939
0.6505,  0.171722
0.6510,  0.177467
0.6515,  0.176095
0.6520,  0.174292
0.6525,  0.169983
0.6530,  0.169755
0.6535,  0.162612
0.6540,  0.162301
0.6545,  0.170955
0.6550,  0.182908
0.6555,  0.180050
0.6560,  0.162469
0.6565,  0.126957
0.6570,  0.085660
0.6575,  0.093919
0.6580,  0.106702
0.6585,  0.123189
0.6590,  0.140877
0.6595,  0.135422
0.6600,  0.132632
0.6605,  0.127428
0.6610,  0.128504
0.6615,  0.126509
0.6620,  0.125824
0.6625,  0.125554
0.6630,  0.125211
0.6635,  0.128547
0.6640,  0.128953
0.6645,  0.129428
0.6650,  0.132558
0.6655,  0.131122
0.6660,  0.125609
0.6665,  0.123373
0.6670,  0.118254
0.6675,  0.120489
0.6680,  0.121393
0.6685,  0.125652
0.6690,  0.129425
0.6695,  0.127829
0.6700,  0.125371
0.6705,  0.121049
0.6710,  0.121163
0.6715,  0.124554
0.6720,  0.125458
0.6725,  0.127002
0.6730,  0.125416
0.6735,  0.121073
0.6740,  0.119775
0.6745,  0.118191
0.6750,  0.116109
0.6755,  0.117291
0.6760,  0.118617
0.6765,  0.121439
0.6770,  0.123058
0.6775,  0.122965
0.6780,  0.123014
0.6785,  0.123205
0.6790,  0.119743
0.6795,  0.118860
0.6800,  0.117190
0.6805,  0.115867
0.6810,  0.116401
0.6815,  0.118935
0.6820,  0.123292
0.6825,  0.125434
0.6830,  0.127297
0.6835,  0.129765
0.6840,  0.126949
0.6845,  0.125960
0.6850,  0.134930
0.6855,  0.165414
0.6860,  0.203785
0.6865,  0.240147
0.6870,  0.262846
0.6875,  0.265240
0.6880,  0.260966
0.6885,  0.253943
0.6890,  0.246964
0.6895,  0.236809
0.6900,  0.226232
0.6905,  0.218202
0.6910,  0.211441
0.6915,  0.208519
0.6920,  0.209116
0.6925,  0.214389
0.6930,  0.219032
0.6935,  0.218841
0.6940,  0.217487
0.6945,  0.208537
0.6950,  0.198422
0.6955,  0.182759
0.6960,  0.170756
0.6965,  0.162615
0.6970,  0.162843
0.6975,  0.173149
0.6980,  0.182333
0.6985,  0.192561
0.6990,  0.200740
0.6995,  0.203016
0.7000,  0.199322
0.7005,  0.195584
0.7010,  0.189140
0.7015,  0.184650
0.7020,  0.178378
0.7025,  0.173707
0.7030,  0.168661
0.7035,  0.168811
0.7040,  0.172587
0.7045,  0.180064
0.7050,  0.185420
0.7055,  0.183312
0.7060,  0.179739
0.7065,  0.173980
0.7070,  0.173065
0.7075,  0.171021
0.7080,  0.163487
0.7085,  0.155019
0.7090,  0.149126
0.7095,  0.145258
0.7100,  0.143142
0.7105,  0.146314
0.7110,  0.153395
0.7115,  0.161164
0.7120,  0.164561
0.7125,  0.166761
0.7130,  0.167912
0.7135,  0.167150
0.7140,  0.170901
0.7145,  0.175753
0.7150,  0.187763
0.7155,  0.207333
0.7160,  0.241297
0.7165,  0.279446
0.7170,  0.322614
0.7175,  0.354702
0.7180,  0.381132
0.7185,  0.400386
0.7190,  0.405511
0.7195,  0.403324
0.7200,  0.375781
0.7205,  0.335323
0.7210,  0.301182
0.7215,  0.281931
0.7220,  0.282458
0.7225,  0.299773
0.7230,  0.320011
0.7235,  0.340000
0.7240,  0.356403
0.7245,  0.363575
0.7250,  0.365638
0.7255,  0.368254
0.7260,  0.368697
0.7265,  0.367597
0.7270,  0.365650
0.7275,  0.356185
0.7280,  0.346656
0.7285,  0.334388
0.7290,  0.324834
0.7295,  0.316222
0.7300,  0.310601
0.7305,  0.313670
0.7310,  0.305690
0.7315,  0.288545
0.7320,  0.269284
0.7325,  0.249376
0.7330,  0.229898
0.7335,  0.215048
0.7340,  0.201314
0.7345,  0.193742
0.7350,  0.197463
0.7355,  0.207566
0.7360,  0.207030
0.7365,  0.204387
0.7370,  0.203219
0.7375,  0.196812
0.7380,  0.193334
0.7385,  0.193102
0.7390,  0.179593
0.7395,  0.172094
0.7400,  0.161414
0.7405,  0.147496
0.7410,  0.142003
0.7415,  0.144194
0.7420,  0.149541
0.7425,  0.154691
0.7430,  0.159900
0.7435,  0.157425
0.7440,  0.157786
0.7445,  0.154021
0.7450,  0.150775
0.7455,  0.148193
0.7460,  0.143757
0.7465,  0.139857
0.7470,  0.139005
0.7475,  0.132949
0.7480,  0.133263
0.7485,  0.136361
0.7490,  0.143233
0.7495,  0.150493
0.7500,  0.152091
0.7505,  0.152469
0.7510,  0.149763
0.7515,  0.143114
0.7520,  0.136594
0.7525,  0.127410
0.7530,  0.120909
0.7535,  0.119456
0.7540,  0.121693
0.7545,  0.123518
0.7550,  0.125772
0.7555,  0.131175
0.7560,  0.131576
0.7565,  0.131123
0.7570,  0.134783
0.7575,  0.148574
0.7580,  0.190515
0.7585,  0.275263
0.7590,  0.411298
0.7595,  0.580238
0.7600,  0.707371
0.7605,  0.761098
0.7610,  0.755768
0.7615,  0.729890
0.7620,  0.726107
0.7625,  0.732206
0.7630,  0.718543
0.7635,  0.676932
0.7640,  0.623467
0.7645,  0.551612
0.7650,  0.473530
0.7655,  0.395143
0.7660,  0.329994
0.7665,  0.281282
0.7670,  0.239495
0.7675,  0.216412
0.7680,  0.202574
0.7685,  0.195770
0.7690,  0.184998
0.7695,  0.172468
0.7700,  0.160884
0.7705,  0.149068
0.7710,  0.138980
0.7715,  0.136745
0.7720,  0.133553
0.7725,  0.129446
0.7730,  0.134290
0.7735,  0.134794
0.7740,  0.137761
0.7745,  0.133206
0.7750,  0.128261
0.7755,  0.125612
0.7760,  0.122812
0.7765,  0.120709
0.7770,  0.118917
0.7775,  0.111052
0.7780,  0.108974
0.7785,  0.109236
0.7790,  0.108940
0.7795,  0.112669
0.7800,  0.122294
0.7805,  0.125782
0.7810,  0.128980
0.7815,  0.129804
0.7820,  0.136654
0.7825,  0.137134
0.7830,  0.133980
0.7835,  0.130128
0.7840,  0.124453
0.7845,  0.121649
0.7850,  0.126433
0.7855,  0.131948
0.7860,  0.140419
0.7865,  0.155522
0.7870,  0.156479
0.7875,  0.161061
0.7880,  0.162854
0.7885,  0.163966
0.7890,  0.166862
0.7895,  0.166424
0.7900,  0.163832
0.7905,  0.166012
0.7910,  0.172869
0.7915,  0.175071
0.7920,  0.172805
0.7925,  0.174562
0.7930,  0.174466
0.7935,  0.164450
0.7940,  0.152195
0.7945,  0.149111
0.7950,  0.145427
0.7955,  0.152903
0.7960,  0.158445
0.7965,  0.164479
0.7970,  0.170189
0.7975,  0.164534
0.7980,  0.161766
0.7985,  0.161520
0.7990,  0.162095
0.7995,  0.167519
0.8000,  0.172304
0.8005,  0.175291
0.8010,  0.173407
0.8015,  0.163314
0.8020,  0.157916
0.8025,  0.153761
0.8030,  0.151005
0.8035,  0.154156
0.8040,  0.161617
0.8045,  0.162043
0.8050,  0.151641
0.8055,  0.139134
0.8060,  0.141193
0.8065,  0.150057
0.8070,  0.149703
0.8075,  0.143970
0.8080,  0.137527
0.8085,  0.139388
0.8090,  0.140902
0.8095,  0.148933
0.8100,  0.170546
0.8105,  0.181437
0.8110,  0.191790
0.8115,  0.207267
0.8120,  0.233149
0.8125,  0.261409
0.8130,  0.289137
0.8135,  0.311570
0.8140,  0.326831
0.8145,  0.352901
0.8150,  0.370732
0.8155,  0.385476
0.8160,  0.402345
0.8165,  0.419734
0.8170,  0.424404
0.8175,  0.412944
0.8180,  0.402238
0.8185,  0.380888
0.8190,  0.333381
0.8195,  0.297177
0.8200,  0.274474
0.8205,  0.263180
0.8210,  0.291922
0.8215,  0.334527
0.8220,  0.380884
0.8225,  0.388412
0.8230,  0.369511
0.8235,  0.331013
0.8240,  0.291523
0.8245,  0.265134
0.8250,  0.255480
0.8255,  0.255045
0.8260,  0.262453
0.8265,  0.268751
0.8270,  0.279712
0.8275,  0.285333
0.8280,  0.292179
0.8285,  0.292905
0.8290,  0.291709
0.8295,  0.283519
0.8300,  0.270621
0.8305,  0.259398
0.8310,  0.249669
0.8315,  0.243144
0.8320,  0.233146
0.8325,  0.223315
0.8330,  0.215276
0.8335,  0.216234
0.8340,  0.213624
0.8345,  0.205666
0.8350,  0.200634
0.8355,  0.198096
0.8360,  0.190900
0.8365,  0.190484
0.8370,  0.189484
0.8375,  0.181219
0.8380,  0.164883
0.8385,  0.150894
0.8390,  0.148863
0.8395,  0.149079
0.8400,  0.149037
0.8405,  0.140590
0.8410,  0.143892
0.8415,  0.145668
0.8420,  0.139820
0.8425,  0.142549
0.8430,  0.138372
0.8435,  0.138228
0.8440,  0.126128
0.8445,  0.114620
0.8450,  0.105704
0.8455,  0.106133
0.8460,  0.103400
0.8465,  0.105201
0.8470,  0.111954
0.8475,  0.115397
0.8480,  0.131715
0.8485,  0.125687
0.8490,  0.115651
0.8495,  0.100852
0.8500,  0.099453
0.8505,  0.103802
0.8510,  0.107079
0.8515,  0.121276
0.8520,  0.143972
0.8525,  0.137369
0.8530,  0.133618
0.8535,  0.126369
0.8540,  0.095610
0.8545,  0.098523
0.8550,  0.100866
0.8555,  0.108452
0.8560,  0.107092
0.8565,  0.097638
0.8570,  0.098478
0.8575,  0.102044
0.8580,  0.112184
0.8585,  0.112882
0.8590,  0.119763
0.8595,  0.124354
0.8600,  0.129464
0.8605,  0.137330
0.8610,  0.121542
0.8615,  0.109233
0.8620,  0.091081
0.8625,  0.082538
0.8630,  0.088409
0.8635,  0.093425
0.8640,  0.106199
0.8645,  0.114136
0.8650,  0.125879
0.8655,  0.125957
0.8660,  0.109745
0.8665,  0.095156
0.8670,  0.068801
0.8675,  0.066975
0.8680,  0.072893
0.8685,  0.077994
0.8690,  0.090303
0.8695,  0.102783
0.8700,  0.111042
0.8705,  0.118472
0.8710,  0.126137
0.8715,  0.128891
0.8720,  0.134738
0.8725,  0.130766
0.8730,  0.138370
0.8735,  0.124306
0.8740,  0.119136
0.8745,  0.109893
0.8750,  0.107990
0.8755,  0.121310
0.8760,  0.137728
0.8765,  0.149125
0.8770,  0.142269
0.8775,  0.139721
0.8780,  0.140183
0.8785,  0.129123
0.8790,  0.114093
0.8795,  0.107544
0.8800,  0.103206
0.8805,  0.086284
0.8810,  0.093817
0.8815,  0.107666
0.8820,  0.126593
0.8825,  0.135329
0.8830,  0.142991
0.8835,  0.128505
0.8840,  0.112038
0.8845,  0.101720
0.8850,  0.091313
0.8855,  0.093604
0.8860,  0.109046
0.8865,  0.118450
0.8870,  0.114197
0.8875,  0.134289
0.8880,  0.136887
0.8885,  0.149614
0.8890,  0.152337
0.8895,  0.147756
0.8900,  0.148310
