0.3500,  0.250448
0.3505,  0.308547
0.3510,  0.282374
0.3515,  0.257434
0.3520,  0.211786
0.3525,  0.164911
0.3530,  0.192991
0.3535,  0.222411
0.3540,  0.236764
0.3545,  0.261329
0.3550,  0.243351
0.3555,  0.229097
0.3560,  0.192918
0.3565,  0.169076
0.3570,  0.151170
0.3575,  0.119968
0.3580,  0.088042
0.3585,  0.036802
0.3590,  0.189502
0.3595,  0.315989
0.3600,  0.303367
0.3605,  0.281072
0.3610,  0.232448
0.3615,  0.181310
0.3620,  0.217906
0.3625,  0.251313
0.3630,  0.238015
0.3635,  0.220851
0.3640,  0.205353
0.3645,  0.188144
0.3650,  0.214325
0.3655,  0.235297
0.3660,  0.240646
0.3665,  0.249392
0.3670,  0.219261
0.3675,  0.195983
0.3680,  0.162563
0.3685,  0.126323
0.3690,  0.165097
0.3695,  0.206681
0.3700,  0.180299
0.3705,  0.156511
0.3710,  0.180379
0.3715,  0.207963
0.3720,  0.184289
0.3725,  0.161093
0.3730,  0.130644
0.3735,  0.096865
0.3740,  0.108075
0.3745,  0.107487
0.3750,  0.173075
0.3755,  0.226422
0.3760,  0.217422
0.3765,  0.201596
0.3770,  0.241558
0.3775,  0.275358
0.3780,  0.266557
0.3785,  0.271903
0.3790,  0.191761
0.3795,  0.103185
0.3800,  0.153368
0.3805,  0.206213
0.3810,  0.183992
0.3815,  0.171288
0.3820,  0.099535
0.3825,  0.012073
0.3830,  -0.003300
0.3835,  -0.035355
0.3840,  0.119507
0.3845,  0.235825
0.3850,  0.243713
0.3855,  0.249991
0.3860,  0.233351
0.3865,  0.222515
0.3870,  0.216095
0.3875,  0.206558
0.3880,  0.186097
0.3885,  0.159657
0.3890,  0.206412
0.3895,  0.242826
0.3900,  0.239866
0.3905,  0.237665
0.3910,  0.250383
0.3915,  0.279451
0.3920,  0.198873
0.3925,  0.117546
0.3930,  -0.029394
0.3935,  -0.245786
0.3940,  0.015737
0.3945,  0.196205
0.3950,  0.285877
0.3955,  0.370705
0.3960,  0.220540
0.3965,  0.030750
0.3970,  0.046476
0.3975,  0.043719
0.3980,  0.211725
0.3985,  0.326376
0.3990,  0.308189
0.3995,  0.296489
0.4000,  0.260604
0.4005,  0.224515
0.4010,  0.206631
0.4015,  0.198387
0.4020,  0.182991
0.4025,  0.174196
0.4030,  0.152016
0.4035,  0.131929
0.4040,  0.127794
0.4045,  0.127276
0.4050,  0.127394
0.4055,  0.128040
0.4060,  0.115648
0.4065,  0.103995
0.4070,  0.116331
0.4075,  0.124198
0.4080,  0.145108
0.4085,  0.164874
0.4090,  0.158769
0.4095,  0.154864
0.4100,  0.112540
0.4105,  0.063279
0.4110,  0.124584
0.4115,  0.176072
0.4120,  0.159196
0.4125,  0.145160
0.4130,  0.133974
0.4135,  0.125634
0.4140,  0.121770
0.4145,  0.116475
0.4150,  0.112835
0.4155,  0.106662
0.4160,  0.125897
0.4165,  0.149105
0.4170,  0.115247
0.4175,  0.078151
0.4180,  0.085989
0.4185,  0.095802
0.4190,  0.102549
0.4195,  0.104214
0.4200,  0.117815
0.4205,  0.129941
0.4210,  0.136325
0.4215,  0.145109
0.4220,  0.102955
0.4225,  0.053886
0.4230,  0.087496
0.4235,  0.120397
0.4240,  0.131611
0.4245,  0.145153
0.4250,  0.133073
0.4255,  0.121112
0.4260,  0.124676
0.4265,  0.130285
0.4270,  0.103139
0.4275,  0.075803
0.4280,  0.088037
0.4285,  0.103281
0.4290,  0.093551
0.4295,  0.086691
0.4300,  0.014107
0.4305,  -0.079412
0.4310,  0.094244
0.4315,  0.221294
0.4320,  0.189102
0.4325,  0.157617
0.4330,  0.161027
0.4335,  0.168976
0.4340,  0.144111
0.4345,  0.119410
0.4350,  0.119259
0.4355,  0.113854
0.4360,  0.145400
0.4365,  0.180913
0.4370,  0.152430
0.4375,  0.128201
0.4380,  0.082242
0.4385,  0.027874
0.4390,  0.088854
0.4395,  0.146155
0.4400,  0.120791
0.4405,  0.091789
0.4410,  0.131819
0.4415,  0.164614
0.4420,  0.162031
0.4425,  0.160025
0.4430,  0.137053
0.4435,  0.115714
0.4440,  0.124555
0.4445,  0.138622
0.4450,  0.110098
0.4455,  0.079268
0.4460,  0.092762
0.4465,  0.103971
0.4470,  0.137242
0.4475,  0.166462
0.4480,  0.141138
0.4485,  0.114347
0.4490,  0.116894
0.4495,  0.116835
0.4500,  0.131215
0.4505,  0.147114
0.4510,  0.139881
0.4515,  0.131052
0.4520,  0.100636
0.4525,  0.073525
0.4530,  0.082631
0.4535,  0.095202
0.4540,  0.106499
0.4545,  0.110744
0.4550,  0.119866
0.4555,  0.126357
0.4560,  0.128765
0.4565,  0.130967
0.4570,  0.131588
0.4575,  0.134219
0.4580,  0.111033
0.4585,  0.087415
0.4590,  0.095395
0.4595,  0.103482
0.4600,  0.109612
0.4605,  0.115600
0.4610,  0.118367
0.4615,  0.117953
0.4620,  0.122649
0.4625,  0.128662
0.4630,  0.114236
0.4635,  0.103552
0.4640,  0.097370
0.4645,  0.091904
0.4650,  0.110075
0.4655,  0.128948
0.4660,  0.106486
0.4665,  0.085016
0.4670,  0.107131
0.4675,  0.126356
0.4680,  0.122792
0.4685,  0.121834
0.4690,  0.122656
0.4695,  0.128168
0.4700,  0.111003
0.4705,  0.089517
0.4710,  0.116335
0.4715,  0.139606
0.4720,  0.138047
0.4725,  0.138828
0.4730,  0.128781
0.4735,  0.118319
0.4740,  0.127554
0.4745,  0.137273
0.4750,  0.130711
0.4755,  0.124794
0.4760,  0.113544
0.4765,  0.101531
0.4770,  0.124903
0.4775,  0.145843
0.4780,  0.127576
0.4785,  0.109614
0.4790,  0.121383
0.4795,  0.133632
0.4800,  0.125794
0.4805,  0.118713
0.4810,  0.129910
0.4815,  0.140396
0.4820,  0.127819
0.4825,  0.117601
0.4830,  0.118807
0.4835,  0.120473
0.4840,  0.118162
0.4845,  0.120645
0.4850,  0.109197
0.4855,  0.097709
0.4860,  0.069562
0.4865,  0.030675
0.4870,  0.079448
0.4875,  0.119533
0.4880,  0.130940
0.4885,  0.139861
0.4890,  0.138972
0.4895,  0.138362
0.4900,  0.140286
0.4905,  0.147765
0.4910,  0.126373
0.4915,  0.103639
0.4920,  0.103242
0.4925,  0.101671
0.4930,  0.096169
0.4935,  0.090050
0.4940,  0.119934
0.4945,  0.149199
0.4950,  0.119551
0.4955,  0.090657
0.4960,  0.107367
0.4965,  0.124399
0.4970,  0.125480
0.4975,  0.128655
0.4980,  0.100737
0.4985,  0.070710
0.4990,  0.094467
0.4995,  0.119078
0.5000,  0.100985
0.5005,  0.082108
0.5010,  0.077781
0.5015,  0.069865
0.5020,  0.085806
0.5025,  0.101543
0.5030,  0.109803
0.5035,  0.116591
0.5040,  0.103609
0.5045,  0.086255
0.5050,  0.104572
0.5055,  0.124186
0.5060,  0.113625
0.5065,  0.105498
0.5070,  0.097033
0.5075,  0.089090
0.5080,  0.092977
0.5085,  0.095336
0.5090,  0.093019
0.5095,  0.090372
0.5100,  0.094500
0.5105,  0.098922
0.5110,  0.108642
0.5115,  0.118180
0.5120,  0.093933
0.5125,  0.071082
0.5130,  0.075791
0.5135,  0.077603
0.5140,  0.084892
0.5145,  0.089920
0.5150,  0.097705
0.5155,  0.111928
0.5160,  0.077378
0.5165,  0.041108
0.5170,  0.067339
0.5175,  0.087835
0.5180,  0.072525
0.5185,  0.050143
0.5190,  0.081592
0.5195,  0.110119
0.5200,  0.101231
0.5205,  0.093641
0.5210,  0.103930
0.5215,  0.115262
0.5220,  0.095076
0.5225,  0.075593
0.5230,  0.087826
0.5235,  0.095468
0.5240,  0.103815
0.5245,  0.114855
0.5250,  0.111501
0.5255,  0.111961
0.5260,  0.068147
0.5265,  0.019165
0.5270,  0.057291
0.5275,  0.086400
0.5280,  0.092326
0.5285,  0.097143
0.5290,  0.093945
0.5295,  0.091458
0.5300,  0.093765
0.5305,  0.097456
0.5310,  0.098878
0.5315,  0.105425
0.5320,  0.073252
0.5325,  0.036784
0.5330,  0.073515
0.5335,  0.106642
0.5340,  0.090034
0.5345,  0.072171
0.5350,  0.094719
0.5355,  0.118648
0.5360,  0.094915
0.5365,  0.072439
0.5370,  0.075685
0.5375,  0.078980
0.5380,  0.085637
0.5385,  0.093965
0.5390,  0.083503
0.5395,  0.074098
0.5400,  0.065500
0.5405,  0.054976
0.5410,  0.079954
0.5415,  0.102575
0.5420,  0.090452
0.5425,  0.077427
0.5430,  0.086481
0.5435,  0.094660
0.5440,  0.092382
0.5445,  0.090661
0.5450,  0.093579
0.5455,  0.097130
0.5460,  0.093927
0.5465,  0.090972
0.5470,  0.082991
0.5475,  0.074893
0.5480,  0.082805
0.5485,  0.088302
0.5490,  0.092962
0.5495,  0.098173
0.5500,  0.090096
0.5505,  0.083620
0.5510,  0.085848
0.5515,  0.088398
0.5520,  0.084622
0.5525,  0.080264
0.5530,  0.087445
0.5535,  0.094499
0.5540,  0.097234
0.5545,  0.099412
0.5550,  0.101064
0.5555,  0.104853
0.5560,  0.092718
0.5565,  0.079994
0.5570,  0.087907
0.5575,  0.097178
0.5580,  0.088837
0.5585,  0.079803
0.5590,  0.085969
0.5595,  0.089861
0.5600,  0.095395
0.5605,  0.100222
0.5610,  0.095748
0.5615,  0.091032
0.5620,  0.095572
0.5625,  0.100909
0.5630,  0.103876
0.5635,  0.107003
0.5640,  0.106110
0.5645,  0.106996
0.5650,  0.099335
0.5655,  0.090158
0.5660,  0.097028
0.5665,  0.102772
0.5670,  0.112279
0.5675,  0.122778
0.5680,  0.106356
0.5685,  0.090933
0.5690,  0.104905
0.5695,  0.119642
0.5700,  0.104187
0.5705,  0.086698
0.5710,  0.096425
0.5715,  0.102720
0.5720,  0.110444
0.5725,  0.119011
0.5730,  0.112554
0.5735,  0.109001
0.5740,  0.108550
0.5745,  0.108316
0.5750,  0.102935
0.5755,  0.095766
0.5760,  0.099135
0.5765,  0.102986
0.5770,  0.106317
0.5775,  0.109808
0.5780,  0.093637
0.5785,  0.076756
0.5790,  0.085326
0.5795,  0.092239
0.5800,  0.092249
0.5805,  0.093384
0.5810,  0.095142
0.5815,  0.097271
0.5820,  0.100172
0.5825,  0.101482
0.5830,  0.096003
0.5835,  0.092618
0.5840,  0.094478
0.5845,  0.098939
0.5850,  0.087521
0.5855,  0.075783
0.5860,  0.090548
0.5865,  0.104150
0.5870,  0.112032
0.5875,  0.125755
0.5880,  0.119845
0.5885,  0.113349
0.5890,  0.090354
0.5895,  0.059393
0.5900,  0.104659
0.5905,  0.144791
0.5910,  0.134868
0.5915,  0.125570
0.5920,  0.124837
0.5925,  0.123716
0.5930,  0.118255
0.5935,  0.117415
0.5940,  0.115303
0.5945,  0.112995
0.5950,  0.116831
0.5955,  0.117723
0.5960,  0.120013
0.5965,  0.122112
0.5970,  0.114271
0.5975,  0.107764
0.5980,  0.101948
0.5985,  0.097861
0.5990,  0.106384
0.5995,  0.113536
0.6000,  0.109971
0.6005,  0.107499
0.6010,  0.109704
0.6015,  0.107804
0.6020,  0.096562
0.6025,  0.086076
0.6030,  0.099259
0.6035,  0.114256
0.6040,  0.112224
0.6045,  0.112465
0.6050,  0.111977
0.6055,  0.108160
0.6060,  0.105657
0.6065,  0.104696
0.6070,  0.105320
0.6075,  0.107089
0.6080,  0.106810
0.6085,  0.107449
0.6090,  0.111532
0.6095,  0.114584
0.6100,  0.104710
0.6105,  0.092102
0.6110,  0.101273
0.6115,  0.112519
0.6120,  0.106642
0.6125,  0.101192
0.6130,  0.100058
0.6135,  0.098379
0.6140,  0.108191
0.6145,  0.119435
0.6150,  0.124460
0.6155,  0.127293
0.6160,  0.103551
0.6165,  0.076343
0.6170,  0.098458
0.6175,  0.120307
0.6180,  0.123865
0.6185,  0.127284
0.6190,  0.124915
0.6195,  0.119787
0.6200,  0.124380
0.6205,  0.130633
0.6210,  0.121809
0.6215,  0.112679
0.6220,  0.121460
0.6225,  0.130639
0.6230,  0.123053
0.6235,  0.117752
0.6240,  0.121853
0.6245,  0.122551
0.6250,  0.115863
0.6255,  0.108828
0.6260,  0.123376
0.6265,  0.138725
0.6270,  0.140804
0.6275,  0.141476
0.6280,  0.142824
0.6285,  0.146575
0.6290,  0.146450
0.6295,  0.145200
0.6300,  0.142680
0.6305,  0.137856
0.6310,  0.132048
0.6315,  0.130962
0.6320,  0.128330
0.6325,  0.128625
0.6330,  0.132143
0.6335,  0.134458
0.6340,  0.136528
0.6345,  0.139973
0.6350,  0.141046
0.6355,  0.141290
0.6360,  0.140470
0.6365,  0.135911
0.6370,  0.129771
0.6375,  0.126995
0.6380,  0.126807
0.6385,  0.128775
0.6390,  0.133101
0.6395,  0.133965
0.6400,  0.135404
0.6405,  0.131731
0.6410,  0.126020
0.6415,  0.125394
0.6420,  0.123332
0.6425,  0.121343
0.6430,  0.121164
0.6435,  0.123226
0.6440,  0.127661
0.6445,  0.133745
0.6450,  0.141195
0.6455,  0.144822
0.6460,  0.147010
0.6465,  0.146179
0.6470,  0.143275
0.6475,  0.139973
0.6480,  0.139561
0.6485,  0.137506
0.6490,  0.134900
0.6495,  0.139042
0.6500,  0.141969
0.6505,  0.146541
0.6510,  0.151527
0.6515,  0.149841
0.6520,  0.149063
0.6525,  0.146729
0.6530,  0.145561
0.6535,  0.138675
0.6540,  0.137764
0.6545,  0.142598
0.6550,  0.152724
0.6555,  0.152720
0.6560,  0.142897
0.6565,  0.119916
0.6570,  0.086519
0.6575,  0.094950
0.6580,  0.105870
0.6585,  0.116602
0.6590,  0.129120
0.6595,  0.127163
0.6600,  0.124453
0.6605,  0.120739
0.6610,  0.118784
0.6615,  0.115141
0.6620,  0.112320
0.6625,  0.109936
0.6630,  0.109699
0.6635,  0.113063
0.6640,  0.114144
0.6645,  0.114079
0.6650,  0.114714
0.6655,  0.112841
0.6660,  0.110894
0.6665,  0.109829
0.6670,  0.107413
0.6675,  0.109397
0.6680,  0.110803
0.6685,  0.113550
0.6690,  0.114887
0.6695,  0.114155
0.6700,  0.113674
0.6705,  0.114669
0.6710,  0.114825
0.6715,  0.117815
0.6720,  0.119107
0.6725,  0.120072
0.6730,  0.118356
0.6735,  0.113607
0.6740,  0.110361
0.6745,  0.110552
0.6750,  0.111654
0.6755,  0.115043
0.6760,  0.118513
0.6765,  0.120153
0.6770,  0.123582
0.6775,  0.122469
0.6780,  0.122613
0.6785,  0.122957
0.6790,  0.123368
0.6795,  0.122638
0.6800,  0.120711
0.6805,  0.119440
0.6810,  0.118368
0.6815,  0.118632
0.6820,  0.119631
0.6825,  0.120702
0.6830,  0.123056
0.6835,  0.125385
0.6840,  0.126716
0.6845,  0.126552
0.6850,  0.131900
0.6855,  0.155440
0.6860,  0.189245
0.6865,  0.224029
0.6870,  0.247935
0.6875,  0.252087
0.6880,  0.249496
0.6885,  0.244804
0.6890,  0.241561
0.6895,  0.236793
0.6900,  0.229284
0.6905,  0.221947
0.6910,  0.215495
0.6915,  0.208609
0.6920,  0.203911
0.6925,  0.202726
0.6930,  0.208164
0.6935,  0.209936
0.6940,  0.208259
0.6945,  0.206502
0.6950,  0.199392
0.6955,  0.187902
0.6960,  0.177023
0.6965,  0.171473
0.6970,  0.170152
0.6975,  0.175755
0.6980,  0.182507
0.6985,  0.187552
0.6990,  0.194059
0.6995,  0.195664
0.7000,  0.194198
0.7005,  0.193792
0.7010,  0.190960
0.7015,  0.195170
0.7020,  0.196649
0.7025,  0.194290
0.7030,  0.189841
0.7035,  0.193124
0.7040,  0.193215
0.7045,  0.194538
0.7050,  0.196695
0.7055,  0.192641
0.7060,  0.189504
0.7065,  0.184837
0.7070,  0.183219
0.7075,  0.181836
0.7080,  0.180525
0.7085,  0.180433
0.7090,  0.180493
0.7095,  0.177512
0.7100,  0.176376
0.7105,  0.174397
0.7110,  0.174706
0.7115,  0.173936
0.7120,  0.173392
0.7125,  0.173305
0.7130,  0.175752
0.7135,  0.177618
0.7140,  0.184936
0.7145,  0.192876
0.7150,  0.203185
0.7155,  0.221397
0.7160,  0.251646
0.7165,  0.284565
0.7170,  0.320149
0.7175,  0.349350
0.7180,  0.372414
0.7185,  0.390240
0.7190,  0.398945
0.7195,  0.403216
0.7200,  0.388528
0.7205,  0.361616
0.7210,  0.332916
0.7215,  0.310254
0.7220,  0.307145
0.7225,  0.322530
0.7230,  0.340045
0.7235,  0.359904
0.7240,  0.374974
0.7245,  0.381121
0.7250,  0.383020
0.7255,  0.381367
0.7260,  0.382374
0.7265,  0.383975
0.7270,  0.382999
0.7275,  0.377147
0.7280,  0.377918
0.7285,  0.370104
0.7290,  0.360449
0.7295,  0.355789
0.7300,  0.350892
0.7305,  0.345263
0.7310,  0.337923
0.7315,  0.323066
0.7320,  0.306355
0.7325,  0.287563
0.7330,  0.269789
0.7335,  0.253639
0.7340,  0.243494
0.7345,  0.238824
0.7350,  0.238618
0.7355,  0.237172
0.7360,  0.232785
0.7365,  0.228728
0.7370,  0.224460
0.7375,  0.219151
0.7380,  0.215569
0.7385,  0.214983
0.7390,  0.208095
0.7395,  0.203423
0.7400,  0.194846
0.7405,  0.187522
0.7410,  0.182522
0.7415,  0.187816
0.7420,  0.191806
0.7425,  0.194654
0.7430,  0.197624
0.7435,  0.194074
0.7440,  0.195375
0.7445,  0.196764
0.7450,  0.196314
0.7455,  0.194420
0.7460,  0.191565
0.7465,  0.191608
0.7470,  0.191660
0.7475,  0.189804
0.7480,  0.190641
0.7485,  0.193941
0.7490,  0.195677
0.7495,  0.199323
0.7500,  0.200147
0.7505,  0.201929
0.7510,  0.199840
0.7515,  0.199607
0.7520,  0.202119
0.7525,  0.199971
0.7530,  0.200861
0.7535,  0.197136
0.7540,  0.192205
0.7545,  0.190350
0.7550,  0.191777
0.7555,  0.191289
0.7560,  0.191304
0.7565,  0.194263
0.7570,  0.194135
0.7575,  0.205691
0.7580,  0.234852
0.7585,  0.292194
0.7590,  0.399826
0.7595,  0.560217
0.7600,  0.724468
0.7605,  0.832445
0.7610,  0.857877
0.7615,  0.841471
0.7620,  0.817181
0.7625,  0.801415
0.7630,  0.780994
0.7635,  0.741715
0.7640,  0.684930
0.7645,  0.623938
0.7650,  0.556310
0.7655,  0.488141
0.7660,  0.429742
0.7665,  0.375816
0.7670,  0.324081
0.7675,  0.293426
0.7680,  0.272964
0.7685,  0.262798
0.7690,  0.253931
0.7695,  0.246236
0.7700,  0.234736
0.7705,  0.225881
0.7710,  0.223187
0.7715,  0.222519
0.7720,  0.225691
0.7725,  0.222876
0.7730,  0.223569
0.7735,  0.224088
0.7740,  0.220310
0.7745,  0.221995
0.7750,  0.217084
0.7755,  0.217835
0.7760,  0.224926
0.7765,  0.223427
0.7770,  0.224226
0.7775,  0.220864
0.7780,  0.222441
0.7785,  0.227252
0.7790,  0.227310
0.7795,  0.231842
0.7800,  0.232111
0.7805,  0.230527
0.7810,  0.232046
0.7815,  0.223807
0.7820,  0.215088
0.7825,  0.215026
0.7830,  0.213968
0.7835,  0.212275
0.7840,  0.211469
0.7845,  0.212738
0.7850,  0.214480
0.7855,  0.216865
0.7860,  0.223232
0.7865,  0.228862
0.7870,  0.234865
0.7875,  0.238873
0.7880,  0.243553
0.7885,  0.253135
0.7890,  0.260164
0.7895,  0.263176
0.7900,  0.256369
0.7905,  0.256325
0.7910,  0.253814
0.7915,  0.253343
0.7920,  0.255990
0.7925,  0.257523
0.7930,  0.260651
0.7935,  0.260266
0.7940,  0.259585
0.7945,  0.259615
0.7950,  0.264491
0.7955,  0.275958
0.7960,  0.281999
0.7965,  0.281070
0.7970,  0.275387
0.7975,  0.268380
0.7980,  0.263741
0.7985,  0.263066
0.7990,  0.262764
0.7995,  0.262155
0.8000,  0.266528
0.8005,  0.273257
0.8010,  0.280730
0.8015,  0.283096
0.8020,  0.289230
0.8025,  0.293929
0.8030,  0.292931
0.8035,  0.291766
0.8040,  0.290830
0.8045,  0.285313
0.8050,  0.277451
0.8055,  0.268718
0.8060,  0.265160
0.8065,  0.269346
0.8070,  0.274543
0.8075,  0.271077
0.8080,  0.272359
0.8085,  0.275691
0.8090,  0.279032
0.8095,  0.285427
0.8100,  0.287186
0.8105,  0.295780
0.8110,  0.310903
0.8115,  0.326863
0.8120,  0.348878
0.8125,  0.371970
0.8130,  0.392452
0.8135,  0.421950
0.8140,  0.449418
0.8145,  0.480646
0.8150,  0.511959
0.8155,  0.530164
0.8160,  0.533366
0.8165,  0.539689
0.8170,  0.539390
0.8175,  0.531006
0.8180,  0.524437
0.8185,  0.512505
0.8190,  0.497048
0.8195,  0.480464
0.8200,  0.459776
0.8205,  0.434287
0.8210,  0.426535
0.8215,  0.445347
0.8220,  0.480815
0.8225,  0.514581
0.8230,  0.521338
0.8235,  0.497978
0.8240,  0.463169
0.8245,  0.436024
0.8250,  0.414785
0.8255,  0.408793
0.8260,  0.413180
0.8265,  0.421135
0.8270,  0.436895
0.8275,  0.455721
0.8280,  0.471312
0.8285,  0.470109
0.8290,  0.469813
0.8295,  0.471536
0.8300,  0.468162
0.8305,  0.456609
0.8310,  0.434829
0.8315,  0.429248
0.8320,  0.423485
0.8325,  0.421751
0.8330,  0.407076
0.8335,  0.391910
0.8340,  0.379617
0.8345,  0.359800
0.8350,  0.363235
0.8355,  0.361418
0.8360,  0.356521
0.8365,  0.359408
0.8370,  0.351913
0.8375,  0.346750
0.8380,  0.337565
0.8385,  0.333493
0.8390,  0.321624
0.8395,  0.315611
0.8400,  0.314243
0.8405,  0.309686
0.8410,  0.317866
0.8415,  0.315571
0.8420,  0.323169
0.8425,  0.321960
0.8430,  0.318329
0.8435,  0.318484
0.8440,  0.323287
0.8445,  0.321910
0.8450,  0.316145
0.8455,  0.312687
0.8460,  0.309252
0.8465,  0.310297
0.8470,  0.318881
0.8475,  0.322531
0.8480,  0.314891
0.8485,  0.311722
0.8490,  0.308684
0.8495,  0.315057
0.8500,  0.302664
0.8505,  0.311072
0.8510,  0.314868
0.8515,  0.309387
0.8520,  0.324160
0.8525,  0.318368
0.8530,  0.326335
0.8535,  0.338559
0.8540,  0.328226
0.8545,  0.355330
0.8550,  0.358577
0.8555,  0.341279
0.8560,  0.330653
0.8565,  0.324805
0.8570,  0.324384
0.8575,  0.323545
0.8580,  0.331755
0.8585,  0.335186
0.8590,  0.341894
0.8595,  0.348493
0.8600,  0.348011
0.8605,  0.357444
0.8610,  0.355548
0.8615,  0.350352
0.8620,  0.346334
0.8625,  0.341912
0.8630,  0.348687
0.8635,  0.357056
0.8640,  0.363076
0.8645,  0.362531
0.8650,  0.368903
0.8655,  0.370521
0.8660,  0.354780
0.8665,  0.356078
0.8670,  0.354835
0.8675,  0.359290
0.8680,  0.371859
0.8685,  0.378689
0.8690,  0.384155
0.8695,  0.378418
0.8700,  0.374421
0.8705,  0.376079
0.8710,  0.373148
0.8715,  0.382337
0.8720,  0.389811
0.8725,  0.393547
0.8730,  0.385723
0.8735,  0.392419
0.8740,  0.406368
0.8745,  0.415557
0.8750,  0.414350
0.8755,  0.399588
0.8760,  0.386949
0.8765,  0.380893
0.8770,  0.389000
0.8775,  0.399698
0.8780,  0.404450
0.8785,  0.404691
0.8790,  0.408968
0.8795,  0.420486
0.8800,  0.430364
0.8805,  0.430028
0.8810,  0.434192
0.8815,  0.432955
0.8820,  0.415031
0.8825,  0.414502
0.8830,  0.417217
0.8835,  0.409909
0.8840,  0.420275
0.8845,  0.431526
0.8850,  0.437905
0.8855,  0.442665
0.8860,  0.433626
0.8865,  0.427336
0.8870,  0.437063
0.8875,  0.432989
0.8880,  0.417619
0.8885,  0.426628
0.8890,  0.437700
0.8895,  0.459701
0.8900,  0.473962
