0.3500,  0.212626
0.3505,  0.271874
0.3510,  0.235965
0.3515,  0.196750
0.3520,  0.161032
0.3525,  0.113323
0.3530,  0.159964
0.3535,  0.200004
0.3540,  0.216925
0.3545,  0.249938
0.3550,  0.225228
0.3555,  0.203304
0.3560,  0.161213
0.3565,  0.125319
0.3570,  0.093910
0.3575,  0.048561
0.3580,  -0.002217
0.3585,  -0.062015
0.3590,  0.105642
0.3595,  0.247939
0.3600,  0.231667
0.3605,  0.215390
0.3610,  0.159612
0.3615,  0.103216
0.3620,  0.152813
0.3625,  0.205978
0.3630,  0.202908
0.3635,  0.194340
0.3640,  0.183730
0.3645,  0.166849
0.3650,  0.194700
0.3655,  0.220745
0.3660,  0.232492
0.3665,  0.251808
0.3670,  0.224021
0.3675,  0.196419
0.3680,  0.162175
0.3685,  0.128399
0.3690,  0.178175
0.3695,  0.226350
0.3700,  0.192799
0.3705,  0.156105
0.3710,  0.175553
0.3715,  0.204006
0.3720,  0.176091
0.3725,  0.145815
0.3730,  0.105991
0.3735,  0.060614
0.3740,  0.067129
0.3745,  0.069135
0.3750,  0.151616
0.3755,  0.215992
0.3760,  0.209816
0.3765,  0.198245
0.3770,  0.252524
0.3775,  0.302420
0.3780,  0.299406
0.3785,  0.304962
0.3790,  0.206366
0.3795,  0.096031
0.3800,  0.153256
0.3805,  0.213987
0.3810,  0.181711
0.3815,  0.161622
0.3820,  0.071959
0.3825,  -0.040543
0.3830,  -0.069487
0.3835,  -0.114206
0.3840,  0.058767
0.3845,  0.194397
0.3850,  0.207266
0.3855,  0.217710
0.3860,  0.203299
0.3865,  0.193749
0.3870,  0.187634
0.3875,  0.177148
0.3880,  0.154787
0.3885,  0.128666
0.3890,  0.189760
0.3895,  0.236738
0.3900,  0.233989
0.3905,  0.233350
0.3910,  0.252054
0.3915,  0.290265
0.3920,  0.196453
0.3925,  0.096942
0.3930,  -0.083299
0.3935,  -0.346689
0.3940,  -0.048985
0.3945,  0.157281
0.3950,  0.259390
0.3955,  0.360060
0.3960,  0.190934
0.3965,  -0.019966
0.3970,  0.005394
0.3975,  0.004452
0.3980,  0.206912
0.3985,  0.345131
0.3990,  0.327263
0.3995,  0.320394
0.4000,  0.288346
0.4005,  0.256492
0.4010,  0.242745
0.4015,  0.235965
0.4020,  0.221745
0.4025,  0.216120
0.4030,  0.190586
0.4035,  0.164348
0.4040,  0.157664
0.4045,  0.155293
0.4050,  0.153998
0.4055,  0.155798
0.4060,  0.142330
0.4065,  0.127883
0.4070,  0.143089
0.4075,  0.152444
0.4080,  0.176078
0.4085,  0.199852
0.4090,  0.193802
0.4095,  0.190320
0.4100,  0.142020
0.4105,  0.083572
0.4110,  0.152754
0.4115,  0.216409
0.4120,  0.199652
0.4125,  0.181086
0.4130,  0.166033
0.4135,  0.155864
0.4140,  0.150898
0.4145,  0.143777
0.4150,  0.141575
0.4155,  0.138676
0.4160,  0.163835
0.4165,  0.192815
0.4170,  0.153694
0.4175,  0.107673
0.4180,  0.113769
0.4185,  0.123536
0.4190,  0.129561
0.4195,  0.133006
0.4200,  0.150061
0.4205,  0.168996
0.4210,  0.175217
0.4215,  0.182666
0.4220,  0.130661
0.4225,  0.073638
0.4230,  0.110722
0.4235,  0.148423
0.4240,  0.164423
0.4245,  0.178869
0.4250,  0.161997
0.4255,  0.143762
0.4260,  0.146169
0.4265,  0.152096
0.4270,  0.121378
0.4275,  0.091736
0.4280,  0.108155
0.4285,  0.127661
0.4290,  0.115638
0.4295,  0.105509
0.4300,  0.014706
0.4305,  -0.102180
0.4310,  0.095746
0.4315,  0.245217
0.4320,  0.212683
0.4325,  0.178157
0.4330,  0.182839
0.4335,  0.189172
0.4340,  0.161809
0.4345,  0.136641
0.4350,  0.139284
0.4355,  0.140375
0.4360,  0.182502
0.4365,  0.224815
0.4370,  0.191474
0.4375,  0.161794
0.4380,  0.106093
0.4385,  0.042207
0.4390,  0.113432
0.4395,  0.179194
0.4400,  0.147969
0.4405,  0.111431
0.4410,  0.156009
0.4415,  0.196077
0.4420,  0.195839
0.4425,  0.193963
0.4430,  0.168426
0.4435,  0.145521
0.4440,  0.157090
0.4445,  0.173984
0.4450,  0.141272
0.4455,  0.104044
0.4460,  0.119832
0.4465,  0.131836
0.4470,  0.167121
0.4475,  0.202010
0.4480,  0.174622
0.4485,  0.143454
0.4490,  0.146819
0.4495,  0.147417
0.4500,  0.162356
0.4505,  0.181154
0.4510,  0.173441
0.4515,  0.166413
0.4520,  0.133240
0.4525,  0.102948
0.4530,  0.114193
0.4535,  0.124848
0.4540,  0.132786
0.4545,  0.137540
0.4550,  0.148038
0.4555,  0.157476
0.4560,  0.161421
0.4565,  0.166608
0.4570,  0.167088
0.4575,  0.170743
0.4580,  0.141061
0.4585,  0.112417
0.4590,  0.124419
0.4595,  0.133840
0.4600,  0.139509
0.4605,  0.143621
0.4610,  0.143128
0.4615,  0.141915
0.4620,  0.149087
0.4625,  0.159248
0.4630,  0.145215
0.4635,  0.137107
0.4640,  0.131743
0.4645,  0.123729
0.4650,  0.145111
0.4655,  0.166347
0.4660,  0.139276
0.4665,  0.115649
0.4670,  0.140916
0.4675,  0.161486
0.4680,  0.155701
0.4685,  0.153513
0.4690,  0.153843
0.4695,  0.160218
0.4700,  0.142054
0.4705,  0.117076
0.4710,  0.148762
0.4715,  0.178013
0.4720,  0.176119
0.4725,  0.175825
0.4730,  0.164218
0.4735,  0.152403
0.4740,  0.163307
0.4745,  0.176450
0.4750,  0.170512
0.4755,  0.163427
0.4760,  0.149792
0.4765,  0.135611
0.4770,  0.161941
0.4775,  0.186739
0.4780,  0.168342
0.4785,  0.150659
0.4790,  0.164934
0.4795,  0.177310
0.4800,  0.166077
0.4805,  0.157979
0.4810,  0.169935
0.4815,  0.181598
0.4820,  0.168747
0.4825,  0.158699
0.4830,  0.162452
0.4835,  0.166891
0.4840,  0.165180
0.4845,  0.168754
0.4850,  0.155082
0.4855,  0.141713
0.4860,  0.105861
0.4865,  0.058067
0.4870,  0.115184
0.4875,  0.163941
0.4880,  0.175974
0.4885,  0.183565
0.4890,  0.180999
0.4895,  0.181362
0.4900,  0.185122
0.4905,  0.195056
0.4910,  0.172776
0.4915,  0.149211
0.4920,  0.150649
0.4925,  0.148771
0.4930,  0.142497
0.4935,  0.134474
0.4940,  0.167081
0.4945,  0.201077
0.4950,  0.167063
0.4955,  0.134330
0.4960,  0.154959
0.4965,  0.174638
0.4970,  0.177266
0.4975,  0.182097
0.4980,  0.150478
0.4985,  0.117064
0.4990,  0.146641
0.4995,  0.176238
0.5000,  0.155267
0.5005,  0.133462
0.5010,  0.128013
0.5015,  0.118170
0.5020,  0.137797
0.5025,  0.156977
0.5030,  0.166028
0.5035,  0.172857
0.5040,  0.156060
0.5045,  0.135802
0.5050,  0.158477
0.5055,  0.179807
0.5060,  0.168255
0.5065,  0.159976
0.5070,  0.148869
0.5075,  0.138376
0.5080,  0.141502
0.5085,  0.142892
0.5090,  0.140469
0.5095,  0.138910
0.5100,  0.145106
0.5105,  0.150798
0.5110,  0.161838
0.5115,  0.172864
0.5120,  0.145531
0.5125,  0.120541
0.5130,  0.126746
0.5135,  0.130249
0.5140,  0.137425
0.5145,  0.142645
0.5150,  0.152160
0.5155,  0.168796
0.5160,  0.128090
0.5165,  0.084545
0.5170,  0.113595
0.5175,  0.137770
0.5180,  0.118988
0.5185,  0.091693
0.5190,  0.127185
0.5195,  0.161948
0.5200,  0.152293
0.5205,  0.143890
0.5210,  0.155417
0.5215,  0.170158
0.5220,  0.147563
0.5225,  0.123514
0.5230,  0.136559
0.5235,  0.146571
0.5240,  0.155390
0.5245,  0.167287
0.5250,  0.163672
0.5255,  0.165579
0.5260,  0.114844
0.5265,  0.057521
0.5270,  0.101472
0.5275,  0.135293
0.5280,  0.142603
0.5285,  0.148917
0.5290,  0.146114
0.5295,  0.143487
0.5300,  0.144818
0.5305,  0.149168
0.5310,  0.151631
0.5315,  0.160264
0.5320,  0.121769
0.5325,  0.079049
0.5330,  0.121093
0.5335,  0.158223
0.5340,  0.138001
0.5345,  0.115721
0.5350,  0.141715
0.5355,  0.169940
0.5360,  0.143165
0.5365,  0.116806
0.5370,  0.120538
0.5375,  0.123875
0.5380,  0.132703
0.5385,  0.142743
0.5390,  0.131551
0.5395,  0.120256
0.5400,  0.108688
0.5405,  0.095694
0.5410,  0.123897
0.5415,  0.150181
0.5420,  0.135449
0.5425,  0.119326
0.5430,  0.130168
0.5435,  0.138605
0.5440,  0.135589
0.5445,  0.134983
0.5450,  0.141078
0.5455,  0.146038
0.5460,  0.141359
0.5465,  0.136389
0.5470,  0.128029
0.5475,  0.118687
0.5480,  0.126116
0.5485,  0.131208
0.5490,  0.136995
0.5495,  0.144015
0.5500,  0.137487
0.5505,  0.130924
0.5510,  0.133144
0.5515,  0.136331
0.5520,  0.130798
0.5525,  0.124316
0.5530,  0.132035
0.5535,  0.139736
0.5540,  0.142336
0.5545,  0.144601
0.5550,  0.146890
0.5555,  0.150543
0.5560,  0.135689
0.5565,  0.121445
0.5570,  0.131639
0.5575,  0.144113
0.5580,  0.135882
0.5585,  0.125178
0.5590,  0.129538
0.5595,  0.133801
0.5600,  0.139823
0.5605,  0.143363
0.5610,  0.137364
0.5615,  0.131539
0.5620,  0.137421
0.5625,  0.144702
0.5630,  0.147855
0.5635,  0.150934
0.5640,  0.151625
0.5645,  0.153905
0.5650,  0.142814
0.5655,  0.130518
0.5660,  0.136352
0.5665,  0.142125
0.5670,  0.154770
0.5675,  0.168513
0.5680,  0.151291
0.5685,  0.135591
0.5690,  0.151294
0.5695,  0.167503
0.5700,  0.149643
0.5705,  0.126434
0.5710,  0.136755
0.5715,  0.142709
0.5720,  0.152886
0.5725,  0.164499
0.5730,  0.158300
0.5735,  0.155080
0.5740,  0.154793
0.5745,  0.154047
0.5750,  0.144961
0.5755,  0.135262
0.5760,  0.138489
0.5765,  0.143914
0.5770,  0.150247
0.5775,  0.154681
0.5780,  0.136231
0.5785,  0.115637
0.5790,  0.124970
0.5795,  0.132737
0.5800,  0.131822
0.5805,  0.131794
0.5810,  0.133457
0.5815,  0.136074
0.5820,  0.139906
0.5825,  0.141922
0.5830,  0.136606
0.5835,  0.133826
0.5840,  0.136483
0.5845,  0.142481
0.5850,  0.128190
0.5855,  0.113125
0.5860,  0.128868
0.5865,  0.144339
0.5870,  0.154068
0.5875,  0.170108
0.5880,  0.163818
0.5885,  0.153408
0.5890,  0.122629
0.5895,  0.084909
0.5900,  0.136377
0.5905,  0.182899
0.5910,  0.171551
0.5915,  0.159367
0.5920,  0.157722
0.5925,  0.157506
0.5930,  0.153164
0.5935,  0.153564
0.5940,  0.152229
0.5945,  0.147430
0.5950,  0.150051
0.5955,  0.150981
0.5960,  0.154677
0.5965,  0.160153
0.5970,  0.153229
0.5975,  0.147066
0.5980,  0.138696
0.5985,  0.133769
0.5990,  0.141837
0.5995,  0.149223
0.6000,  0.145657
0.6005,  0.141552
0.6010,  0.144638
0.6015,  0.143920
0.6020,  0.131279
0.6025,  0.118178
0.6030,  0.133087
0.6035,  0.149331
0.6040,  0.148533
0.6045,  0.148736
0.6050,  0.147750
0.6055,  0.143593
0.6060,  0.140757
0.6065,  0.138461
0.6070,  0.137621
0.6075,  0.139863
0.6080,  0.142014
0.6085,  0.144321
0.6090,  0.150523
0.6095,  0.153534
0.6100,  0.141979
0.6105,  0.130552
0.6110,  0.140718
0.6115,  0.152041
0.6120,  0.143697
0.6125,  0.136946
0.6130,  0.136398
0.6135,  0.135910
0.6140,  0.144639
0.6145,  0.154552
0.6150,  0.160133
0.6155,  0.163000
0.6160,  0.134098
0.6165,  0.101917
0.6170,  0.125008
0.6175,  0.147877
0.6180,  0.150678
0.6185,  0.156296
0.6190,  0.154681
0.6195,  0.149573
0.6200,  0.156143
0.6205,  0.163750
0.6210,  0.151633
0.6215,  0.139782
0.6220,  0.148456
0.6225,  0.158978
0.6230,  0.150027
0.6235,  0.145001
0.6240,  0.150954
0.6245,  0.152455
0.6250,  0.147350
0.6255,  0.140404
0.6260,  0.156469
0.6265,  0.173047
0.6270,  0.172587
0.6275,  0.173699
0.6280,  0.175957
0.6285,  0.179656
0.6290,  0.179193
0.6295,  0.178214
0.6300,  0.175102
0.6305,  0.168067
0.6310,  0.158140
0.6315,  0.156501
0.6320,  0.152496
0.6325,  0.149240
0.6330,  0.148929
0.6335,  0.150789
0.6340,  0.153079
0.6345,  0.156948
0.6350,  0.160611
0.6355,  0.161512
0.6360,  0.160757
0.6365,  0.155622
0.6370,  0.148807
0.6375,  0.144730
0.6380,  0.144909
0.6385,  0.148140
0.6390,  0.151813
0.6395,  0.151857
0.6400,  0.149808
0.6405,  0.148232
0.6410,  0.143380
0.6415,  0.143443
0.6420,  0.142064
0.6425,  0.139543
0.6430,  0.137893
0.6435,  0.137966
0.6440,  0.140469
0.6445,  0.146997
0.6450,  0.155880
0.6455,  0.158633
0.6460,  0.159429
0.6465,  0.160672
0.6470,  0.159851
0.6475,  0.156457
0.6480,  0.153921
0.6485,  0.149486
0.6490,  0.143885
0.6495,  0.148519
0.6500,  0.151918
0.6505,  0.159269
0.6510,  0.166568
0.6515,  0.166235
0.6520,  0.164267
0.6525,  0.159633
0.6530,  0.155308
0.6535,  0.145602
0.6540,  0.142964
0.6545,  0.150123
0.6550,  0.163674
0.6555,  0.161295
0.6560,  0.146163
0.6565,  0.114531
0.6570,  0.074226
0.6575,  0.085722
0.6580,  0.100403
0.6585,  0.117418
0.6590,  0.134717
0.6595,  0.131816
0.6600,  0.127118
0.6605,  0.122976
0.6610,  0.121980
0.6615,  0.118773
0.6620,  0.118516
0.6625,  0.119054
0.6630,  0.118432
0.6635,  0.121479
0.6640,  0.124384
0.6645,  0.126345
0.6650,  0.126409
0.6655,  0.124185
0.6660,  0.121217
0.6665,  0.118380
0.6670,  0.113411
0.6675,  0.114816
0.6680,  0.112506
0.6685,  0.114198
0.6690,  0.118214
0.6695,  0.118352
0.6700,  0.119668
0.6705,  0.118694
0.6710,  0.116895
0.6715,  0.118069
0.6720,  0.119391
0.6725,  0.119674
0.6730,  0.116703
0.6735,  0.110828
0.6740,  0.109735
0.6745,  0.109375
0.6750,  0.109602
0.6755,  0.113191
0.6760,  0.116869
0.6765,  0.120787
0.6770,  0.122252
0.6775,  0.119513
0.6780,  0.117221
0.6785,  0.114704
0.6790,  0.111739
0.6795,  0.111021
0.6800,  0.111568
0.6805,  0.112257
0.6810,  0.113770
0.6815,  0.115265
0.6820,  0.119259
0.6825,  0.123438
0.6830,  0.127578
0.6835,  0.129122
0.6840,  0.127587
0.6845,  0.127591
0.6850,  0.132040
0.6855,  0.154922
0.6860,  0.189992
0.6865,  0.224236
0.6870,  0.248756
0.6875,  0.252173
0.6880,  0.248789
0.6885,  0.244883
0.6890,  0.239236
0.6895,  0.229908
0.6900,  0.218314
0.6905,  0.209277
0.6910,  0.200289
0.6915,  0.196431
0.6920,  0.192423
0.6925,  0.191860
0.6930,  0.194483
0.6935,  0.192274
0.6940,  0.187798
0.6945,  0.183410
0.6950,  0.176367
0.6955,  0.168650
0.6960,  0.159058
0.6965,  0.151945
0.6970,  0.148177
0.6975,  0.151695
0.6980,  0.159566
0.6985,  0.165824
0.6990,  0.170027
0.6995,  0.168930
0.7000,  0.163634
0.7005,  0.162981
0.7010,  0.159363
0.7015,  0.162070
0.7020,  0.161064
0.7025,  0.157705
0.7030,  0.151606
0.7035,  0.152645
0.7040,  0.160988
0.7045,  0.169243
0.7050,  0.177745
0.7055,  0.174324
0.7060,  0.170983
0.7065,  0.165709
0.7070,  0.160522
0.7075,  0.156088
0.7080,  0.149991
0.7085,  0.142662
0.7090,  0.138227
0.7095,  0.136847
0.7100,  0.136290
0.7105,  0.138932
0.7110,  0.144721
0.7115,  0.146232
0.7120,  0.150258
0.7125,  0.154739
0.7130,  0.152162
0.7135,  0.151004
0.7140,  0.149088
0.7145,  0.152648
0.7150,  0.158528
0.7155,  0.177457
0.7160,  0.210436
0.7165,  0.246285
0.7170,  0.284231
0.7175,  0.314458
0.7180,  0.341888
0.7185,  0.361434
0.7190,  0.367750
0.7195,  0.365228
0.7200,  0.343167
0.7205,  0.309655
0.7210,  0.275116
0.7215,  0.255305
0.7220,  0.254812
0.7225,  0.265488
0.7230,  0.284253
0.7235,  0.304195
0.7240,  0.319621
0.7245,  0.328349
0.7250,  0.331679
0.7255,  0.330174
0.7260,  0.322610
0.7265,  0.317074
0.7270,  0.316430
0.7275,  0.310802
0.7280,  0.307282
0.7285,  0.301977
0.7290,  0.296301
0.7295,  0.290966
0.7300,  0.290366
0.7305,  0.284309
0.7310,  0.274498
0.7315,  0.257134
0.7320,  0.236782
0.7325,  0.217734
0.7330,  0.198590
0.7335,  0.186481
0.7340,  0.177847
0.7345,  0.173120
0.7350,  0.172259
0.7355,  0.174691
0.7360,  0.173521
0.7365,  0.172981
0.7370,  0.168669
0.7375,  0.161604
0.7380,  0.161682
0.7385,  0.163751
0.7390,  0.155312
0.7395,  0.149643
0.7400,  0.142438
0.7405,  0.137914
0.7410,  0.134541
0.7415,  0.135932
0.7420,  0.140428
0.7425,  0.144184
0.7430,  0.146492
0.7435,  0.144434
0.7440,  0.140781
0.7445,  0.136956
0.7450,  0.130589
0.7455,  0.130151
0.7460,  0.131028
0.7465,  0.133922
0.7470,  0.135413
0.7475,  0.131675
0.7480,  0.131446
0.7485,  0.131303
0.7490,  0.130541
0.7495,  0.130678
0.7500,  0.131878
0.7505,  0.130503
0.7510,  0.125584
0.7515,  0.121760
0.7520,  0.121111
0.7525,  0.121253
0.7530,  0.122190
0.7535,  0.121534
0.7540,  0.122555
0.7545,  0.119515
0.7550,  0.120180
0.7555,  0.122512
0.7560,  0.123701
0.7565,  0.124271
0.7570,  0.123950
0.7575,  0.133400
0.7580,  0.169663
0.7585,  0.245084
0.7590,  0.367656
0.7595,  0.531014
0.7600,  0.670822
0.7605,  0.748496
0.7610,  0.756204
0.7615,  0.732846
0.7620,  0.703864
0.7625,  0.693040
0.7630,  0.676199
0.7635,  0.635016
0.7640,  0.582619
0.7645,  0.522813
0.7650,  0.458038
0.7655,  0.394926
0.7660,  0.334763
0.7665,  0.278500
0.7670,  0.232593
0.7675,  0.205268
0.7680,  0.181894
0.7685,  0.167613
0.7690,  0.159280
0.7695,  0.147862
0.7700,  0.137657
0.7705,  0.131240
0.7710,  0.125388
0.7715,  0.126098
0.7720,  0.127685
0.7725,  0.127516
0.7730,  0.131673
0.7735,  0.128952
0.7740,  0.125206
0.7745,  0.121786
0.7750,  0.118388
0.7755,  0.115231
0.7760,  0.115057
0.7765,  0.116781
0.7770,  0.119969
0.7775,  0.120046
0.7780,  0.119984
0.7785,  0.117827
0.7790,  0.116898
0.7795,  0.119298
0.7800,  0.121230
0.7805,  0.120552
0.7810,  0.119299
0.7815,  0.112251
0.7820,  0.111838
0.7825,  0.113177
0.7830,  0.115690
0.7835,  0.122098
0.7840,  0.126254
0.7845,  0.126578
0.7850,  0.126300
0.7855,  0.120661
0.7860,  0.114510
0.7865,  0.115307
0.7870,  0.119667
0.7875,  0.124232
0.7880,  0.136260
0.7885,  0.137703
0.7890,  0.142011
0.7895,  0.144467
0.7900,  0.144145
0.7905,  0.145933
0.7910,  0.143381
0.7915,  0.146524
0.7920,  0.149084
0.7925,  0.142148
0.7930,  0.138184
0.7935,  0.137923
0.7940,  0.132653
0.7945,  0.129467
0.7950,  0.127846
0.7955,  0.137223
0.7960,  0.146085
0.7965,  0.148553
0.7970,  0.145212
0.7975,  0.139129
0.7980,  0.134431
0.7985,  0.128609
0.7990,  0.124836
0.7995,  0.130522
0.8000,  0.138690
0.8005,  0.139956
0.8010,  0.146265
0.8015,  0.148942
0.8020,  0.146926
0.8025,  0.144914
0.8030,  0.141705
0.8035,  0.136931
0.8040,  0.133933
0.8045,  0.129046
0.8050,  0.122610
0.8055,  0.127333
0.8060,  0.124924
0.8065,  0.130193
0.8070,  0.131372
0.8075,  0.127220
0.8080,  0.129692
0.8085,  0.129035
0.8090,  0.127874
0.8095,  0.142276
0.8100,  0.149100
0.8105,  0.154751
0.8110,  0.161018
0.8115,  0.172284
0.8120,  0.186982
0.8125,  0.212351
0.8130,  0.232209
0.8135,  0.255129
0.8140,  0.279240
0.8145,  0.304930
0.8150,  0.328844
0.8155,  0.344812
0.8160,  0.342454
0.8165,  0.337822
0.8170,  0.336875
0.8175,  0.334616
0.8180,  0.328260
0.8185,  0.321010
0.8190,  0.303980
0.8195,  0.290346
0.8200,  0.267834
0.8205,  0.245204
0.8210,  0.250491
0.8215,  0.275299
0.8220,  0.304408
0.8225,  0.323329
0.8230,  0.320092
0.8235,  0.295242
0.8240,  0.266248
0.8245,  0.238849
0.8250,  0.222870
0.8255,  0.217868
0.8260,  0.217612
0.8265,  0.227957
0.8270,  0.240348
0.8275,  0.250919
0.8280,  0.264745
0.8285,  0.264810
0.8290,  0.253496
0.8295,  0.244287
0.8300,  0.230594
0.8305,  0.229414
0.8310,  0.229832
0.8315,  0.226430
0.8320,  0.217088
0.8325,  0.209287
0.8330,  0.205736
0.8335,  0.201710
0.8340,  0.194199
0.8345,  0.187468
0.8350,  0.183460
0.8355,  0.183003
0.8360,  0.183476
0.8365,  0.173659
0.8370,  0.166243
0.8375,  0.153967
0.8380,  0.142681
0.8385,  0.135081
0.8390,  0.125684
0.8395,  0.118184
0.8400,  0.113471
0.8405,  0.119433
0.8410,  0.121329
0.8415,  0.121461
0.8420,  0.115567
0.8425,  0.111438
0.8430,  0.114813
0.8435,  0.122857
0.8440,  0.122313
0.8445,  0.114461
0.8450,  0.100957
0.8455,  0.091757
0.8460,  0.095548
0.8465,  0.096034
0.8470,  0.096803
0.8475,  0.104578
0.8480,  0.122249
0.8485,  0.121400
0.8490,  0.118973
0.8495,  0.108783
0.8500,  0.093633
0.8505,  0.098268
0.8510,  0.089628
0.8515,  0.087171
0.8520,  0.095515
0.8525,  0.085584
0.8530,  0.091094
0.8535,  0.094151
0.8540,  0.071763
0.8545,  0.084599
0.8550,  0.087135
0.8555,  0.082878
0.8560,  0.083720
0.8565,  0.080577
0.8570,  0.079246
0.8575,  0.087097
0.8580,  0.092315
0.8585,  0.093656
0.8590,  0.095846
0.8595,  0.093096
0.8600,  0.094127
0.8605,  0.097839
0.8610,  0.096701
0.8615,  0.090201
0.8620,  0.083054
0.8625,  0.084474
0.8630,  0.089593
0.8635,  0.091713
0.8640,  0.106108
0.8645,  0.101191
0.8650,  0.099792
0.8655,  0.086471
0.8660,  0.064556
0.8665,  0.064293
0.8670,  0.061189
0.8675,  0.060918
0.8680,  0.060144
0.8685,  0.065962
0.8690,  0.072187
0.8695,  0.089406
0.8700,  0.092952
0.8705,  0.094025
0.8710,  0.093921
0.8715,  0.089073
0.8720,  0.086253
0.8725,  0.083809
0.8730,  0.083173
0.8735,  0.084301
0.8740,  0.088273
0.8745,  0.084170
0.8750,  0.080654
0.8755,  0.075153
0.8760,  0.084136
0.8765,  0.096760
0.8770,  0.097907
0.8775,  0.097819
0.8780,  0.099682
0.8785,  0.095599
0.8790,  0.085603
0.8795,  0.081263
0.8800,  0.079643
0.8805,  0.084751
0.8810,  0.094003
0.8815,  0.091117
0.8820,  0.090602
0.8825,  0.087998
0.8830,  0.079334
0.8835,  0.072941
0.8840,  0.072262
0.8845,  0.073926
0.8850,  0.078040
0.8855,  0.089078
0.8860,  0.093473
0.8865,  0.093605
0.8870,  0.094775
0.8875,  0.094656
0.8880,  0.084567
0.8885,  0.081260
0.8890,  0.070467
0.8895,  0.070965
0.8900,  0.073823
