0.3500,  0.300122
0.3505,  0.362659
0.3510,  0.328470
0.3515,  0.299219
0.3520,  0.255061
0.3525,  0.214399
0.3530,  0.262254
0.3535,  0.308196
0.3540,  0.336419
0.3545,  0.362414
0.3550,  0.336486
0.3555,  0.311364
0.3560,  0.265664
0.3565,  0.226986
0.3570,  0.196952
0.3575,  0.151447
0.3580,  0.104194
0.3585,  0.036077
0.3590,  0.209112
0.3595,  0.350185
0.3600,  0.332587
0.3605,  0.320285
0.3610,  0.274218
0.3615,  0.222285
0.3620,  0.271958
0.3625,  0.311107
0.3630,  0.291775
0.3635,  0.273551
0.3640,  0.270342
0.3645,  0.255951
0.3650,  0.290107
0.3655,  0.325111
0.3660,  0.336957
0.3665,  0.351801
0.3670,  0.323697
0.3675,  0.296281
0.3680,  0.266506
0.3685,  0.230817
0.3690,  0.273538
0.3695,  0.316768
0.3700,  0.281800
0.3705,  0.242058
0.3710,  0.259669
0.3715,  0.285837
0.3720,  0.255687
0.3725,  0.223902
0.3730,  0.187094
0.3735,  0.147234
0.3740,  0.159489
0.3745,  0.171465
0.3750,  0.263702
0.3755,  0.336076
0.3760,  0.329789
0.3765,  0.306383
0.3770,  0.346508
0.3775,  0.387534
0.3780,  0.377310
0.3785,  0.373803
0.3790,  0.274442
0.3795,  0.168249
0.3800,  0.221891
0.3805,  0.277864
0.3810,  0.244544
0.3815,  0.223905
0.3820,  0.140833
0.3825,  0.044193
0.3830,  0.021551
0.3835,  -0.023665
0.3840,  0.147040
0.3845,  0.278985
0.3850,  0.296097
0.3855,  0.308316
0.3860,  0.291827
0.3865,  0.279372
0.3870,  0.269550
0.3875,  0.258184
0.3880,  0.235671
0.3885,  0.211207
0.3890,  0.271882
0.3895,  0.318003
0.3900,  0.318993
0.3905,  0.319777
0.3910,  0.332124
0.3915,  0.364249
0.3920,  0.274669
0.3925,  0.174608
0.3930,  -0.005967
0.3935,  -0.264589
0.3940,  0.030835
0.3945,  0.240360
0.3950,  0.346744
0.3955,  0.448487
0.3960,  0.283384
0.3965,  0.072226
0.3970,  0.096963
0.3975,  0.101931
0.3980,  0.297595
0.3985,  0.427070
0.3990,  0.405370
0.3995,  0.392546
0.4000,  0.354934
0.4005,  0.320645
0.4010,  0.305961
0.4015,  0.299799
0.4020,  0.285534
0.4025,  0.277153
0.4030,  0.252137
0.4035,  0.230265
0.4040,  0.225862
0.4045,  0.227833
0.4050,  0.232993
0.4055,  0.234282
0.4060,  0.216883
0.4065,  0.200107
0.4070,  0.213878
0.4075,  0.225256
0.4080,  0.250761
0.4085,  0.273510
0.4090,  0.265782
0.4095,  0.261559
0.4100,  0.214997
0.4105,  0.158955
0.4110,  0.227988
0.4115,  0.288891
0.4120,  0.271823
0.4125,  0.255402
0.4130,  0.241941
0.4135,  0.231337
0.4140,  0.223919
0.4145,  0.213334
0.4150,  0.205845
0.4155,  0.200398
0.4160,  0.223368
0.4165,  0.249875
0.4170,  0.210973
0.4175,  0.167815
0.4180,  0.177210
0.4185,  0.191271
0.4190,  0.203403
0.4195,  0.205067
0.4200,  0.215886
0.4205,  0.230517
0.4210,  0.236026
0.4215,  0.240449
0.4220,  0.187494
0.4225,  0.127921
0.4230,  0.166151
0.4235,  0.203262
0.4240,  0.218563
0.4245,  0.235372
0.4250,  0.222634
0.4255,  0.204260
0.4260,  0.209468
0.4265,  0.220068
0.4270,  0.188938
0.4275,  0.155037
0.4280,  0.166537
0.4285,  0.181190
0.4290,  0.167590
0.4295,  0.155884
0.4300,  0.069873
0.4305,  -0.040392
0.4310,  0.159067
0.4315,  0.306880
0.4320,  0.277517
0.4325,  0.245226
0.4330,  0.248740
0.4335,  0.254747
0.4340,  0.227919
0.4345,  0.200264
0.4350,  0.199594
0.4355,  0.198306
0.4360,  0.235080
0.4365,  0.275513
0.4370,  0.244961
0.4375,  0.216510
0.4380,  0.162923
0.4385,  0.103594
0.4390,  0.179074
0.4395,  0.243669
0.4400,  0.212895
0.4405,  0.175650
0.4410,  0.218223
0.4415,  0.253514
0.4420,  0.250325
0.4425,  0.248850
0.4430,  0.224411
0.4435,  0.202503
0.4440,  0.214247
0.4445,  0.226774
0.4450,  0.192611
0.4455,  0.154307
0.4460,  0.171411
0.4465,  0.185196
0.4470,  0.221807
0.4475,  0.254702
0.4480,  0.225682
0.4485,  0.195468
0.4490,  0.200225
0.4495,  0.202935
0.4500,  0.220479
0.4505,  0.238645
0.4510,  0.228843
0.4515,  0.219985
0.4520,  0.188408
0.4525,  0.159104
0.4530,  0.171636
0.4535,  0.180382
0.4540,  0.187254
0.4545,  0.190866
0.4550,  0.199111
0.4555,  0.208869
0.4560,  0.213585
0.4565,  0.217245
0.4570,  0.218780
0.4575,  0.221224
0.4580,  0.193471
0.4585,  0.167988
0.4590,  0.179239
0.4595,  0.190200
0.4600,  0.197773
0.4605,  0.202938
0.4610,  0.201349
0.4615,  0.199854
0.4620,  0.208964
0.4625,  0.217542
0.4630,  0.201448
0.4635,  0.188667
0.4640,  0.178708
0.4645,  0.170624
0.4650,  0.190705
0.4655,  0.212894
0.4660,  0.188725
0.4665,  0.164224
0.4670,  0.188682
0.4675,  0.211212
0.4680,  0.207594
0.4685,  0.204735
0.4690,  0.207810
0.4695,  0.211971
0.4700,  0.190482
0.4705,  0.164691
0.4710,  0.194021
0.4715,  0.223773
0.4720,  0.222606
0.4725,  0.223721
0.4730,  0.212480
0.4735,  0.201454
0.4740,  0.210905
0.4745,  0.223185
0.4750,  0.216633
0.4755,  0.210855
0.4760,  0.199273
0.4765,  0.186154
0.4770,  0.211324
0.4775,  0.235373
0.4780,  0.217289
0.4785,  0.200308
0.4790,  0.215186
0.4795,  0.228857
0.4800,  0.218404
0.4805,  0.210746
0.4810,  0.219679
0.4815,  0.229220
0.4820,  0.213216
0.4825,  0.203944
0.4830,  0.205923
0.4835,  0.209631
0.4840,  0.207359
0.4845,  0.209604
0.4850,  0.196694
0.4855,  0.185783
0.4860,  0.153611
0.4865,  0.105831
0.4870,  0.159483
0.4875,  0.206439
0.4880,  0.217604
0.4885,  0.228129
0.4890,  0.228676
0.4895,  0.228938
0.4900,  0.231357
0.4905,  0.239269
0.4910,  0.214637
0.4915,  0.190633
0.4920,  0.192660
0.4925,  0.190774
0.4930,  0.185243
0.4935,  0.176358
0.4940,  0.208790
0.4945,  0.242110
0.4950,  0.209011
0.4955,  0.175571
0.4960,  0.196051
0.4965,  0.216740
0.4970,  0.221264
0.4975,  0.227044
0.4980,  0.193877
0.4985,  0.158582
0.4990,  0.185508
0.4995,  0.213516
0.5000,  0.193727
0.5005,  0.173414
0.5010,  0.167873
0.5015,  0.157615
0.5020,  0.175930
0.5025,  0.193744
0.5030,  0.202391
0.5035,  0.208700
0.5040,  0.192091
0.5045,  0.171539
0.5050,  0.193254
0.5055,  0.215482
0.5060,  0.205083
0.5065,  0.197285
0.5070,  0.187469
0.5075,  0.175840
0.5080,  0.179283
0.5085,  0.182102
0.5090,  0.180381
0.5095,  0.178526
0.5100,  0.183886
0.5105,  0.189411
0.5110,  0.199463
0.5115,  0.209106
0.5120,  0.182961
0.5125,  0.158728
0.5130,  0.163567
0.5135,  0.164395
0.5140,  0.172453
0.5145,  0.176522
0.5150,  0.186971
0.5155,  0.202125
0.5160,  0.163270
0.5165,  0.122580
0.5170,  0.151187
0.5175,  0.174000
0.5180,  0.154938
0.5185,  0.128309
0.5190,  0.163213
0.5195,  0.197247
0.5200,  0.188612
0.5205,  0.179550
0.5210,  0.188865
0.5215,  0.201844
0.5220,  0.179198
0.5225,  0.157770
0.5230,  0.171175
0.5235,  0.181626
0.5240,  0.191004
0.5245,  0.203999
0.5250,  0.199587
0.5255,  0.200408
0.5260,  0.150060
0.5265,  0.093242
0.5270,  0.136590
0.5275,  0.169822
0.5280,  0.177331
0.5285,  0.183488
0.5290,  0.179989
0.5295,  0.176815
0.5300,  0.180313
0.5305,  0.184969
0.5310,  0.187225
0.5315,  0.193084
0.5320,  0.155239
0.5325,  0.113589
0.5330,  0.155687
0.5335,  0.191774
0.5340,  0.173093
0.5345,  0.152441
0.5350,  0.177589
0.5355,  0.203168
0.5360,  0.175894
0.5365,  0.150716
0.5370,  0.155244
0.5375,  0.161082
0.5380,  0.170245
0.5385,  0.180454
0.5390,  0.168018
0.5395,  0.156545
0.5400,  0.145846
0.5405,  0.131542
0.5410,  0.158905
0.5415,  0.184686
0.5420,  0.169918
0.5425,  0.154748
0.5430,  0.165537
0.5435,  0.174544
0.5440,  0.172116
0.5445,  0.171154
0.5450,  0.174410
0.5455,  0.178037
0.5460,  0.173751
0.5465,  0.170625
0.5470,  0.161722
0.5475,  0.151623
0.5480,  0.158067
0.5485,  0.162471
0.5490,  0.168028
0.5495,  0.174446
0.5500,  0.165629
0.5505,  0.158090
0.5510,  0.160972
0.5515,  0.163980
0.5520,  0.160569
0.5525,  0.155342
0.5530,  0.164532
0.5535,  0.173376
0.5540,  0.176902
0.5545,  0.179755
0.5550,  0.179591
0.5555,  0.181269
0.5560,  0.166449
0.5565,  0.154186
0.5570,  0.165491
0.5575,  0.177588
0.5580,  0.168405
0.5585,  0.155822
0.5590,  0.160097
0.5595,  0.163196
0.5600,  0.167212
0.5605,  0.171611
0.5610,  0.166503
0.5615,  0.162039
0.5620,  0.168214
0.5625,  0.174677
0.5630,  0.177897
0.5635,  0.180776
0.5640,  0.181538
0.5645,  0.182503
0.5650,  0.172250
0.5655,  0.159506
0.5660,  0.166461
0.5665,  0.174360
0.5670,  0.188298
0.5675,  0.200945
0.5680,  0.181851
0.5685,  0.163307
0.5690,  0.177261
0.5695,  0.193474
0.5700,  0.176004
0.5705,  0.153554
0.5710,  0.164104
0.5715,  0.168166
0.5720,  0.177528
0.5725,  0.187567
0.5730,  0.179543
0.5735,  0.176286
0.5740,  0.178419
0.5745,  0.180104
0.5750,  0.172750
0.5755,  0.163592
0.5760,  0.166312
0.5765,  0.172247
0.5770,  0.175642
0.5775,  0.180684
0.5780,  0.164462
0.5785,  0.145685
0.5790,  0.155167
0.5795,  0.163856
0.5800,  0.163872
0.5805,  0.163737
0.5810,  0.164094
0.5815,  0.165362
0.5820,  0.167821
0.5825,  0.170714
0.5830,  0.164500
0.5835,  0.161824
0.5840,  0.162606
0.5845,  0.166687
0.5850,  0.154197
0.5855,  0.137808
0.5860,  0.151384
0.5865,  0.165140
0.5870,  0.173459
0.5875,  0.188220
0.5880,  0.181197
0.5885,  0.171962
0.5890,  0.145636
0.5895,  0.109191
0.5900,  0.159923
0.5905,  0.205489
0.5910,  0.193644
0.5915,  0.180900
0.5920,  0.179966
0.5925,  0.181541
0.5930,  0.177595
0.5935,  0.177215
0.5940,  0.173408
0.5945,  0.170789
0.5950,  0.176688
0.5955,  0.178155
0.5960,  0.179170
0.5965,  0.182469
0.5970,  0.175153
0.5975,  0.168468
0.5980,  0.161033
0.5985,  0.155311
0.5990,  0.163624
0.5995,  0.170307
0.6000,  0.166997
0.6005,  0.162262
0.6010,  0.166346
0.6015,  0.168382
0.6020,  0.157607
0.6025,  0.144730
0.6030,  0.156476
0.6035,  0.170136
0.6040,  0.168271
0.6045,  0.170638
0.6050,  0.169133
0.6055,  0.164916
0.6060,  0.161220
0.6065,  0.159613
0.6070,  0.160935
0.6075,  0.163744
0.6080,  0.163375
0.6085,  0.162661
0.6090,  0.166948
0.6095,  0.169058
0.6100,  0.160571
0.6105,  0.150640
0.6110,  0.162855
0.6115,  0.176101
0.6120,  0.168241
0.6125,  0.159638
0.6130,  0.156068
0.6135,  0.152256
0.6140,  0.161482
0.6145,  0.173290
0.6150,  0.179161
0.6155,  0.181187
0.6160,  0.152330
0.6165,  0.120288
0.6170,  0.143830
0.6175,  0.167717
0.6180,  0.174366
0.6185,  0.176745
0.6190,  0.173645
0.6195,  0.168436
0.6200,  0.174967
0.6205,  0.181567
0.6210,  0.171050
0.6215,  0.160664
0.6220,  0.171361
0.6225,  0.181547
0.6230,  0.172147
0.6235,  0.165697
0.6240,  0.169888
0.6245,  0.173042
0.6250,  0.167669
0.6255,  0.157937
0.6260,  0.171421
0.6265,  0.188001
0.6270,  0.191611
0.6275,  0.195379
0.6280,  0.196927
0.6285,  0.201076
0.6290,  0.200041
0.6295,  0.198410
0.6300,  0.192045
0.6305,  0.182266
0.6310,  0.173967
0.6315,  0.169693
0.6320,  0.165601
0.6325,  0.166679
0.6330,  0.170833
0.6335,  0.174549
0.6340,  0.178634
0.6345,  0.182948
0.6350,  0.185894
0.6355,  0.184485
0.6360,  0.182427
0.6365,  0.174039
0.6370,  0.167577
0.6375,  0.163573
0.6380,  0.164542
0.6385,  0.167363
0.6390,  0.170624
0.6395,  0.170295
0.6400,  0.170974
0.6405,  0.168739
0.6410,  0.167576
0.6415,  0.170375
0.6420,  0.168799
0.6425,  0.163899
0.6430,  0.157889
0.6435,  0.156506
0.6440,  0.158774
0.6445,  0.167017
0.6450,  0.175756
0.6455,  0.178388
0.6460,  0.180750
0.6465,  0.183876
0.6470,  0.182111
0.6475,  0.177173
0.6480,  0.174283
0.6485,  0.167915
0.6490,  0.161052
0.6495,  0.166112
0.6500,  0.170679
0.6505,  0.178681
0.6510,  0.187902
0.6515,  0.187445
0.6520,  0.186913
0.6525,  0.182949
0.6530,  0.180702
0.6535,  0.172192
0.6540,  0.168810
0.6545,  0.172179
0.6550,  0.181896
0.6555,  0.179451
0.6560,  0.166483
0.6565,  0.137618
0.6570,  0.099690
0.6575,  0.110356
0.6580,  0.123727
0.6585,  0.138057
0.6590,  0.154590
0.6595,  0.151301
0.6600,  0.148635
0.6605,  0.147518
0.6610,  0.147648
0.6615,  0.143254
0.6620,  0.140090
0.6625,  0.137357
0.6630,  0.135776
0.6635,  0.140547
0.6640,  0.142998
0.6645,  0.143700
0.6650,  0.144402
0.6655,  0.140879
0.6660,  0.136614
0.6665,  0.134009
0.6670,  0.128914
0.6675,  0.130571
0.6680,  0.132224
0.6685,  0.134239
0.6690,  0.135596
0.6695,  0.132991
0.6700,  0.132560
0.6705,  0.133879
0.6710,  0.136844
0.6715,  0.138370
0.6720,  0.135817
0.6725,  0.134087
0.6730,  0.131335
0.6735,  0.128521
0.6740,  0.127907
0.6745,  0.127806
0.6750,  0.129327
0.6755,  0.131667
0.6760,  0.132902
0.6765,  0.135998
0.6770,  0.137985
0.6775,  0.140290
0.6780,  0.137657
0.6785,  0.136968
0.6790,  0.131942
0.6795,  0.129830
0.6800,  0.130101
0.6805,  0.130438
0.6810,  0.129282
0.6815,  0.129466
0.6820,  0.133104
0.6825,  0.137832
0.6830,  0.141764
0.6835,  0.143069
0.6840,  0.140845
0.6845,  0.143776
0.6850,  0.146427
0.6855,  0.167828
0.6860,  0.200798
0.6865,  0.233857
0.6870,  0.256694
0.6875,  0.262737
0.6880,  0.263435
0.6885,  0.257709
0.6890,  0.254280
0.6895,  0.250834
0.6900,  0.242954
0.6905,  0.231834
0.6910,  0.220380
0.6915,  0.212541
0.6920,  0.203856
0.6925,  0.200718
0.6930,  0.203568
0.6935,  0.207672
0.6940,  0.206595
0.6945,  0.204759
0.6950,  0.199654
0.6955,  0.189407
0.6960,  0.176663
0.6965,  0.170770
0.6970,  0.168958
0.6975,  0.175898
0.6980,  0.182870
0.6985,  0.190373
0.6990,  0.195734
0.6995,  0.192315
0.7000,  0.185497
0.7005,  0.179132
0.7010,  0.175580
0.7015,  0.179035
0.7020,  0.177600
0.7025,  0.174992
0.7030,  0.168718
0.7035,  0.174731
0.7040,  0.179722
0.7045,  0.187792
0.7050,  0.190815
0.7055,  0.184284
0.7060,  0.180009
0.7065,  0.171675
0.7070,  0.165676
0.7075,  0.161906
0.7080,  0.161253
0.7085,  0.159361
0.7090,  0.158698
0.7095,  0.160114
0.7100,  0.160705
0.7105,  0.159636
0.7110,  0.163031
0.7115,  0.165840
0.7120,  0.166913
0.7125,  0.168830
0.7130,  0.165297
0.7135,  0.164084
0.7140,  0.166644
0.7145,  0.171162
0.7150,  0.179125
0.7155,  0.194253
0.7160,  0.223393
0.7165,  0.259244
0.7170,  0.294262
0.7175,  0.325376
0.7180,  0.350450
0.7185,  0.363859
0.7190,  0.368999
0.7195,  0.366264
0.7200,  0.348355
0.7205,  0.322057
0.7210,  0.289954
0.7215,  0.267140
0.7220,  0.262863
0.7225,  0.275715
0.7230,  0.292334
0.7235,  0.305555
0.7240,  0.312879
0.7245,  0.322496
0.7250,  0.325430
0.7255,  0.327115
0.7260,  0.328937
0.7265,  0.328504
0.7270,  0.330814
0.7275,  0.326988
0.7280,  0.324775
0.7285,  0.320493
0.7290,  0.314040
0.7295,  0.310465
0.7300,  0.306376
0.7305,  0.300276
0.7310,  0.290856
0.7315,  0.276220
0.7320,  0.258723
0.7325,  0.239456
0.7330,  0.224146
0.7335,  0.214955
0.7340,  0.209183
0.7345,  0.205976
0.7350,  0.205630
0.7355,  0.210288
0.7360,  0.205940
0.7365,  0.202433
0.7370,  0.196004
0.7375,  0.186689
0.7380,  0.182030
0.7385,  0.178933
0.7390,  0.169726
0.7395,  0.166667
0.7400,  0.165805
0.7405,  0.162715
0.7410,  0.153138
0.7415,  0.155343
0.7420,  0.156665
0.7425,  0.158258
0.7430,  0.157279
0.7435,  0.152181
0.7440,  0.152444
0.7445,  0.153852
0.7450,  0.152265
0.7455,  0.151365
0.7460,  0.150204
0.7465,  0.154139
0.7470,  0.154821
0.7475,  0.149118
0.7480,  0.144034
0.7485,  0.139651
0.7490,  0.135355
0.7495,  0.136637
0.7500,  0.139851
0.7505,  0.145111
0.7510,  0.145979
0.7515,  0.144545
0.7520,  0.145944
0.7525,  0.149570
0.7530,  0.152400
0.7535,  0.152289
0.7540,  0.148632
0.7545,  0.141862
0.7550,  0.146282
0.7555,  0.145908
0.7560,  0.145445
0.7565,  0.139552
0.7570,  0.135272
0.7575,  0.141814
0.7580,  0.174000
0.7585,  0.245471
0.7590,  0.367712
0.7595,  0.526703
0.7600,  0.679819
0.7605,  0.770703
0.7610,  0.784154
0.7615,  0.750958
0.7620,  0.726382
0.7625,  0.715560
0.7630,  0.708881
0.7635,  0.679308
0.7640,  0.630183
0.7645,  0.570578
0.7650,  0.503720
0.7655,  0.437499
0.7660,  0.373811
0.7665,  0.310124
0.7670,  0.261336
0.7675,  0.223730
0.7680,  0.197865
0.7685,  0.186148
0.7690,  0.180372
0.7695,  0.173354
0.7700,  0.167143
0.7705,  0.162162
0.7710,  0.160309
0.7715,  0.155430
0.7720,  0.156316
0.7725,  0.155651
0.7730,  0.155546
0.7735,  0.153213
0.7740,  0.145534
0.7745,  0.137359
0.7750,  0.130562
0.7755,  0.126559
0.7760,  0.125513
0.7765,  0.128742
0.7770,  0.133064
0.7775,  0.135435
0.7780,  0.140019
0.7785,  0.137095
0.7790,  0.135050
0.7795,  0.133917
0.7800,  0.137473
0.7805,  0.133675
0.7810,  0.135453
0.7815,  0.137638
0.7820,  0.142038
0.7825,  0.142644
0.7830,  0.146343
0.7835,  0.145296
0.7840,  0.142981
0.7845,  0.140864
0.7850,  0.138934
0.7855,  0.137788
0.7860,  0.135205
0.7865,  0.140765
0.7870,  0.144864
0.7875,  0.150459
0.7880,  0.161227
0.7885,  0.170533
0.7890,  0.176845
0.7895,  0.179540
0.7900,  0.173734
0.7905,  0.172533
0.7910,  0.169885
0.7915,  0.170680
0.7920,  0.168206
0.7925,  0.165179
0.7930,  0.160313
0.7935,  0.155680
0.7940,  0.149161
0.7945,  0.147744
0.7950,  0.149366
0.7955,  0.157439
0.7960,  0.160025
0.7965,  0.156751
0.7970,  0.157510
0.7975,  0.152764
0.7980,  0.144036
0.7985,  0.147332
0.7990,  0.151146
0.7995,  0.162945
0.8000,  0.172431
0.8005,  0.169792
0.8010,  0.166860
0.8015,  0.165730
0.8020,  0.164066
0.8025,  0.164585
0.8030,  0.158005
0.8035,  0.151584
0.8040,  0.149152
0.8045,  0.149485
0.8050,  0.149161
0.8055,  0.153241
0.8060,  0.156888
0.8065,  0.160057
0.8070,  0.157262
0.8075,  0.158731
0.8080,  0.152012
0.8085,  0.146568
0.8090,  0.145296
0.8095,  0.154191
0.8100,  0.156459
0.8105,  0.164839
0.8110,  0.173431
0.8115,  0.186670
0.8120,  0.192321
0.8125,  0.208613
0.8130,  0.225427
0.8135,  0.253922
0.8140,  0.265539
0.8145,  0.284925
0.8150,  0.303328
0.8155,  0.318453
0.8160,  0.332449
0.8165,  0.349114
0.8170,  0.361568
0.8175,  0.371363
0.8180,  0.364032
0.8185,  0.351823
0.8190,  0.320469
0.8195,  0.295598
0.8200,  0.277397
0.8205,  0.261260
0.8210,  0.263037
0.8215,  0.283009
0.8220,  0.319225
0.8225,  0.350796
0.8230,  0.362115
0.8235,  0.338726
0.8240,  0.306338
0.8245,  0.271703
0.8250,  0.246628
0.8255,  0.238578
0.8260,  0.239841
0.8265,  0.249800
0.8270,  0.260519
0.8275,  0.272187
0.8280,  0.278687
0.8285,  0.267428
0.8290,  0.265499
0.8295,  0.259826
0.8300,  0.247757
0.8305,  0.236665
0.8310,  0.226588
0.8315,  0.224836
0.8320,  0.228734
0.8325,  0.223095
0.8330,  0.215977
0.8335,  0.210282
0.8340,  0.213188
0.8345,  0.216028
0.8350,  0.207562
0.8355,  0.196571
0.8360,  0.189022
0.8365,  0.187561
0.8370,  0.183825
0.8375,  0.181070
0.8380,  0.172562
0.8385,  0.164255
0.8390,  0.152109
0.8395,  0.152928
0.8400,  0.151467
0.8405,  0.162184
0.8410,  0.171043
0.8415,  0.169072
0.8420,  0.157749
0.8425,  0.148465
0.8430,  0.151207
0.8435,  0.153104
0.8440,  0.151901
0.8445,  0.138597
0.8450,  0.123410
0.8455,  0.119028
0.8460,  0.124469
0.8465,  0.125872
0.8470,  0.119816
0.8475,  0.116571
0.8480,  0.123388
0.8485,  0.123953
0.8490,  0.117918
0.8495,  0.108640
0.8500,  0.097637
0.8505,  0.108075
0.8510,  0.112387
0.8515,  0.130259
0.8520,  0.138207
0.8525,  0.118187
0.8530,  0.113773
0.8535,  0.105595
0.8540,  0.087115
0.8545,  0.106069
0.8550,  0.107279
0.8555,  0.105662
0.8560,  0.112457
0.8565,  0.109184
0.8570,  0.111600
0.8575,  0.117305
0.8580,  0.123820
0.8585,  0.120966
0.8590,  0.122022
0.8595,  0.131506
0.8600,  0.134566
0.8605,  0.122294
0.8610,  0.115444
0.8615,  0.104649
0.8620,  0.098433
0.8625,  0.095155
0.8630,  0.097656
0.8635,  0.097599
0.8640,  0.102811
0.8645,  0.093950
0.8650,  0.095472
0.8655,  0.090009
0.8660,  0.074811
0.8665,  0.087316
0.8670,  0.102155
0.8675,  0.101769
0.8680,  0.097327
0.8685,  0.096677
0.8690,  0.099261
0.8695,  0.116738
0.8700,  0.121009
0.8705,  0.124391
0.8710,  0.132153
0.8715,  0.125493
0.8720,  0.119379
0.8725,  0.124676
0.8730,  0.132002
0.8735,  0.134546
0.8740,  0.134475
0.8745,  0.127081
0.8750,  0.116661
0.8755,  0.130131
0.8760,  0.144303
0.8765,  0.145332
0.8770,  0.130734
0.8775,  0.118210
0.8780,  0.103090
0.8785,  0.101884
0.8790,  0.093132
0.8795,  0.089924
0.8800,  0.090037
0.8805,  0.103878
0.8810,  0.098471
0.8815,  0.094307
0.8820,  0.085723
0.8825,  0.087962
0.8830,  0.099357
0.8835,  0.106822
0.8840,  0.108655
0.8845,  0.101133
0.8850,  0.097849
0.8855,  0.096364
0.8860,  0.094832
0.8865,  0.100074
0.8870,  0.107323
0.8875,  0.120981
0.8880,  0.114487
0.8885,  0.107860
0.8890,  0.116393
0.8895,  0.143282
0.8900,  0.142385
