0.3500,  0.088376
0.3505,  0.153439
0.3510,  0.125095
0.3515,  0.094478
0.3520,  0.059661
0.3525,  0.015526
0.3530,  0.053667
0.3535,  0.094513
0.3540,  0.112237
0.3545,  0.138172
0.3550,  0.117208
0.3555,  0.101294
0.3560,  0.068061
0.3565,  0.043072
0.3570,  0.012912
0.3575,  -0.026689
0.3580,  -0.074484
0.3585,  -0.131500
0.3590,  0.026960
0.3595,  0.158582
0.3600,  0.141394
0.3605,  0.124157
0.3610,  0.079139
0.3615,  0.032963
0.3620,  0.070944
0.3625,  0.109703
0.3630,  0.094696
0.3635,  0.079643
0.3640,  0.072566
0.3645,  0.058431
0.3650,  0.090304
0.3655,  0.124106
0.3660,  0.136960
0.3665,  0.152684
0.3670,  0.128298
0.3675,  0.103295
0.3680,  0.068667
0.3685,  0.032539
0.3690,  0.071192
0.3695,  0.113968
0.3700,  0.084683
0.3705,  0.054158
0.3710,  0.076049
0.3715,  0.100290
0.3720,  0.073083
0.3725,  0.048936
0.3730,  0.015954
0.3735,  -0.021630
0.3740,  -0.015671
0.3745,  -0.017831
0.3750,  0.058224
0.3755,  0.122405
0.3760,  0.116528
0.3765,  0.104326
0.3770,  0.154689
0.3775,  0.200729
0.3780,  0.195841
0.3785,  0.195440
0.3790,  0.102532
0.3795,  0.003704
0.3800,  0.056296
0.3805,  0.111597
0.3810,  0.085222
0.3815,  0.070195
0.3820,  -0.009052
0.3825,  -0.106948
0.3830,  -0.125674
0.3835,  -0.163996
0.3840,  -0.009116
0.3845,  0.108290
0.3850,  0.116212
0.3855,  0.129262
0.3860,  0.117512
0.3865,  0.107038
0.3870,  0.104654
0.3875,  0.100246
0.3880,  0.082055
0.3885,  0.060139
0.3890,  0.116742
0.3895,  0.158450
0.3900,  0.153775
0.3905,  0.150709
0.3910,  0.162110
0.3915,  0.189876
0.3920,  0.100249
0.3925,  0.009232
0.3930,  -0.157127
0.3935,  -0.394703
0.3940,  -0.113752
0.3945,  0.088683
0.3950,  0.191888
0.3955,  0.286684
0.3960,  0.133155
0.3965,  -0.060510
0.3970,  -0.039270
0.3975,  -0.039893
0.3980,  0.143299
0.3985,  0.269349
0.3990,  0.252024
0.3995,  0.240641
0.4000,  0.206050
0.4005,  0.174637
0.4010,  0.160056
0.4015,  0.151186
0.4020,  0.136900
0.4025,  0.131478
0.4030,  0.111023
0.4035,  0.090023
0.4040,  0.086859
0.4045,  0.088458
0.4050,  0.089459
0.4055,  0.089713
0.4060,  0.071934
0.4065,  0.056527
0.4070,  0.069211
0.4075,  0.077881
0.4080,  0.104545
0.4085,  0.129569
0.4090,  0.124296
0.4095,  0.119917
0.4100,  0.073972
0.4105,  0.020753
0.4110,  0.083270
0.4115,  0.139939
0.4120,  0.123684
0.4125,  0.108483
0.4130,  0.095718
0.4135,  0.086064
0.4140,  0.080160
0.4145,  0.074242
0.4150,  0.072465
0.4155,  0.069766
0.4160,  0.091630
0.4165,  0.118974
0.4170,  0.085995
0.4175,  0.046891
0.4180,  0.053677
0.4185,  0.061607
0.4190,  0.068006
0.4195,  0.069712
0.4200,  0.082014
0.4205,  0.095477
0.4210,  0.102527
0.4215,  0.112096
0.4220,  0.064327
0.4225,  0.016906
0.4230,  0.052581
0.4235,  0.089317
0.4240,  0.101197
0.4245,  0.114890
0.4250,  0.099093
0.4255,  0.080221
0.4260,  0.079121
0.4265,  0.086373
0.4270,  0.058745
0.4275,  0.034853
0.4280,  0.044731
0.4285,  0.058900
0.4290,  0.044832
0.4295,  0.035983
0.4300,  -0.040822
0.4305,  -0.139149
0.4310,  0.046844
0.4315,  0.181005
0.4320,  0.146085
0.4325,  0.115223
0.4330,  0.119983
0.4335,  0.124738
0.4340,  0.100347
0.4345,  0.077196
0.4350,  0.078400
0.4355,  0.077022
0.4360,  0.114459
0.4365,  0.152570
0.4370,  0.122062
0.4375,  0.098382
0.4380,  0.052108
0.4385,  -0.001173
0.4390,  0.066573
0.4395,  0.125474
0.4400,  0.095854
0.4405,  0.062063
0.4410,  0.102061
0.4415,  0.138561
0.4420,  0.138290
0.4425,  0.136836
0.4430,  0.112627
0.4435,  0.092162
0.4440,  0.104335
0.4445,  0.118927
0.4450,  0.085837
0.4455,  0.049442
0.4460,  0.062146
0.4465,  0.073731
0.4470,  0.107174
0.4475,  0.136755
0.4480,  0.111129
0.4485,  0.085243
0.4490,  0.087314
0.4495,  0.092303
0.4500,  0.108715
0.4505,  0.122332
0.4510,  0.113986
0.4515,  0.106128
0.4520,  0.077613
0.4525,  0.049442
0.4530,  0.060270
0.4535,  0.069421
0.4540,  0.075980
0.4545,  0.079420
0.4550,  0.089147
0.4555,  0.097266
0.4560,  0.101619
0.4565,  0.105915
0.4570,  0.108330
0.4575,  0.111624
0.4580,  0.088627
0.4585,  0.065458
0.4590,  0.076476
0.4595,  0.084417
0.4600,  0.089527
0.4605,  0.094916
0.4610,  0.096599
0.4615,  0.095724
0.4620,  0.101991
0.4625,  0.109985
0.4630,  0.096248
0.4635,  0.086598
0.4640,  0.077400
0.4645,  0.069603
0.4650,  0.089881
0.4655,  0.110936
0.4660,  0.092245
0.4665,  0.073120
0.4670,  0.097008
0.4675,  0.115159
0.4680,  0.108841
0.4685,  0.106221
0.4690,  0.109583
0.4695,  0.113819
0.4700,  0.094201
0.4705,  0.067556
0.4710,  0.095914
0.4715,  0.122154
0.4720,  0.122396
0.4725,  0.124879
0.4730,  0.117249
0.4735,  0.106705
0.4740,  0.113386
0.4745,  0.122383
0.4750,  0.115881
0.4755,  0.109677
0.4760,  0.097949
0.4765,  0.085673
0.4770,  0.109448
0.4775,  0.132027
0.4780,  0.117712
0.4785,  0.102770
0.4790,  0.115743
0.4795,  0.128791
0.4800,  0.119926
0.4805,  0.113611
0.4810,  0.126220
0.4815,  0.136144
0.4820,  0.122838
0.4825,  0.113323
0.4830,  0.115895
0.4835,  0.121456
0.4840,  0.119257
0.4845,  0.121631
0.4850,  0.107267
0.4855,  0.095936
0.4860,  0.064848
0.4865,  0.022710
0.4870,  0.074546
0.4875,  0.118996
0.4880,  0.130754
0.4885,  0.138713
0.4890,  0.135405
0.4895,  0.133939
0.4900,  0.135853
0.4905,  0.142354
0.4910,  0.118834
0.4915,  0.098114
0.4920,  0.101964
0.4925,  0.101592
0.4930,  0.096594
0.4935,  0.089127
0.4940,  0.120835
0.4945,  0.150378
0.4950,  0.119400
0.4955,  0.088418
0.4960,  0.107512
0.4965,  0.125457
0.4970,  0.127567
0.4975,  0.132105
0.4980,  0.103675
0.4985,  0.073681
0.4990,  0.100927
0.4995,  0.127879
0.5000,  0.108557
0.5005,  0.088649
0.5010,  0.083258
0.5015,  0.074022
0.5020,  0.092697
0.5025,  0.111515
0.5030,  0.120862
0.5035,  0.128530
0.5040,  0.112047
0.5045,  0.093333
0.5050,  0.113870
0.5055,  0.134264
0.5060,  0.123947
0.5065,  0.115661
0.5070,  0.105694
0.5075,  0.095382
0.5080,  0.097340
0.5085,  0.098466
0.5090,  0.097358
0.5095,  0.095722
0.5100,  0.101210
0.5105,  0.106771
0.5110,  0.116125
0.5115,  0.126458
0.5120,  0.102335
0.5125,  0.078752
0.5130,  0.082332
0.5135,  0.083439
0.5140,  0.090161
0.5145,  0.094676
0.5150,  0.103908
0.5155,  0.119021
0.5160,  0.082589
0.5165,  0.044332
0.5170,  0.071334
0.5175,  0.093056
0.5180,  0.077232
0.5185,  0.052355
0.5190,  0.084770
0.5195,  0.115741
0.5200,  0.105950
0.5205,  0.096683
0.5210,  0.107103
0.5215,  0.119038
0.5220,  0.098176
0.5225,  0.077984
0.5230,  0.090737
0.5235,  0.099729
0.5240,  0.108145
0.5245,  0.121022
0.5250,  0.119177
0.5255,  0.120072
0.5260,  0.071295
0.5265,  0.017543
0.5270,  0.057278
0.5275,  0.089336
0.5280,  0.097356
0.5285,  0.102820
0.5290,  0.099293
0.5295,  0.098070
0.5300,  0.099896
0.5305,  0.103702
0.5310,  0.105027
0.5315,  0.110381
0.5320,  0.074953
0.5325,  0.037574
0.5330,  0.078002
0.5335,  0.112827
0.5340,  0.094635
0.5345,  0.074378
0.5350,  0.098217
0.5355,  0.123669
0.5360,  0.099267
0.5365,  0.076297
0.5370,  0.080686
0.5375,  0.084441
0.5380,  0.091528
0.5385,  0.100434
0.5390,  0.089518
0.5395,  0.078668
0.5400,  0.068788
0.5405,  0.056932
0.5410,  0.082001
0.5415,  0.105410
0.5420,  0.091659
0.5425,  0.077430
0.5430,  0.087168
0.5435,  0.096334
0.5440,  0.093929
0.5445,  0.093317
0.5450,  0.097793
0.5455,  0.101437
0.5460,  0.097895
0.5465,  0.094728
0.5470,  0.086690
0.5475,  0.076565
0.5480,  0.082331
0.5485,  0.086492
0.5490,  0.092599
0.5495,  0.099622
0.5500,  0.092654
0.5505,  0.085649
0.5510,  0.088739
0.5515,  0.092054
0.5520,  0.089054
0.5525,  0.083372
0.5530,  0.089371
0.5535,  0.095757
0.5540,  0.097281
0.5545,  0.099365
0.5550,  0.101991
0.5555,  0.105084
0.5560,  0.091970
0.5565,  0.079563
0.5570,  0.089711
0.5575,  0.101244
0.5580,  0.093519
0.5585,  0.084898
0.5590,  0.089517
0.5595,  0.092808
0.5600,  0.096096
0.5605,  0.100009
0.5610,  0.094673
0.5615,  0.089201
0.5620,  0.093499
0.5625,  0.099732
0.5630,  0.103963
0.5635,  0.108305
0.5640,  0.107978
0.5645,  0.107008
0.5650,  0.098278
0.5655,  0.086195
0.5660,  0.091418
0.5665,  0.096879
0.5670,  0.109693
0.5675,  0.123939
0.5680,  0.108729
0.5685,  0.092868
0.5690,  0.107055
0.5695,  0.121745
0.5700,  0.104338
0.5705,  0.083959
0.5710,  0.093062
0.5715,  0.098361
0.5720,  0.107663
0.5725,  0.117306
0.5730,  0.111990
0.5735,  0.109591
0.5740,  0.108391
0.5745,  0.107532
0.5750,  0.100332
0.5755,  0.091263
0.5760,  0.093562
0.5765,  0.096940
0.5770,  0.101767
0.5775,  0.108383
0.5780,  0.092841
0.5785,  0.074236
0.5790,  0.082183
0.5795,  0.089379
0.5800,  0.089298
0.5805,  0.089481
0.5810,  0.090736
0.5815,  0.092323
0.5820,  0.096096
0.5825,  0.098093
0.5830,  0.092533
0.5835,  0.089382
0.5840,  0.091946
0.5845,  0.097402
0.5850,  0.084691
0.5855,  0.070658
0.5860,  0.083819
0.5865,  0.096672
0.5870,  0.105513
0.5875,  0.121370
0.5880,  0.115020
0.5885,  0.105071
0.5890,  0.079293
0.5895,  0.048848
0.5900,  0.097957
0.5905,  0.141604
0.5910,  0.131032
0.5915,  0.120385
0.5920,  0.119291
0.5925,  0.118096
0.5930,  0.110696
0.5935,  0.108926
0.5940,  0.105892
0.5945,  0.102532
0.5950,  0.106128
0.5955,  0.106919
0.5960,  0.108766
0.5965,  0.112603
0.5970,  0.105992
0.5975,  0.100463
0.5980,  0.094714
0.5985,  0.089874
0.5990,  0.097676
0.5995,  0.104938
0.6000,  0.100010
0.6005,  0.096446
0.6010,  0.098331
0.6015,  0.098540
0.6020,  0.087657
0.6025,  0.075889
0.6030,  0.088740
0.6035,  0.103116
0.6040,  0.101886
0.6045,  0.104551
0.6050,  0.103673
0.6055,  0.100470
0.6060,  0.097074
0.6065,  0.094629
0.6070,  0.096146
0.6075,  0.100161
0.6080,  0.098663
0.6085,  0.098948
0.6090,  0.103303
0.6095,  0.104660
0.6100,  0.096000
0.6105,  0.085999
0.6110,  0.096337
0.6115,  0.106485
0.6120,  0.097397
0.6125,  0.090425
0.6130,  0.089115
0.6135,  0.085168
0.6140,  0.094760
0.6145,  0.105148
0.6150,  0.108289
0.6155,  0.110823
0.6160,  0.085431
0.6165,  0.056762
0.6170,  0.079779
0.6175,  0.104766
0.6180,  0.110938
0.6185,  0.116295
0.6190,  0.115028
0.6195,  0.108137
0.6200,  0.112988
0.6205,  0.119920
0.6210,  0.110275
0.6215,  0.098775
0.6220,  0.105583
0.6225,  0.114201
0.6230,  0.106718
0.6235,  0.099651
0.6240,  0.104332
0.6245,  0.107547
0.6250,  0.102689
0.6255,  0.093871
0.6260,  0.107694
0.6265,  0.121898
0.6270,  0.125158
0.6275,  0.127986
0.6280,  0.129812
0.6285,  0.131703
0.6290,  0.130905
0.6295,  0.131185
0.6300,  0.127624
0.6305,  0.119446
0.6310,  0.109691
0.6315,  0.105657
0.6320,  0.103930
0.6325,  0.104794
0.6330,  0.105783
0.6335,  0.107023
0.6340,  0.109462
0.6345,  0.112536
0.6350,  0.115744
0.6355,  0.115788
0.6360,  0.114309
0.6365,  0.112389
0.6370,  0.107574
0.6375,  0.104664
0.6380,  0.105961
0.6385,  0.109973
0.6390,  0.114895
0.6395,  0.112360
0.6400,  0.111274
0.6405,  0.107533
0.6410,  0.101335
0.6415,  0.101052
0.6420,  0.099243
0.6425,  0.097823
0.6430,  0.096220
0.6435,  0.096956
0.6440,  0.100919
0.6445,  0.107250
0.6450,  0.116125
0.6455,  0.121039
0.6460,  0.125098
0.6465,  0.126101
0.6470,  0.123148
0.6475,  0.117509
0.6480,  0.114668
0.6485,  0.111065
0.6490,  0.105233
0.6495,  0.108466
0.6500,  0.113902
0.6505,  0.119741
0.6510,  0.125665
0.6515,  0.123848
0.6520,  0.120325
0.6525,  0.115569
0.6530,  0.111871
0.6535,  0.102927
0.6540,  0.101134
0.6545,  0.107541
0.6550,  0.119251
0.6555,  0.118927
0.6560,  0.107378
0.6565,  0.080903
0.6570,  0.045957
0.6575,  0.056928
0.6580,  0.069908
0.6585,  0.085365
0.6590,  0.100800
0.6595,  0.095867
0.6600,  0.091454
0.6605,  0.084391
0.6610,  0.081248
0.6615,  0.078623
0.6620,  0.076566
0.6625,  0.076604
0.6630,  0.078432
0.6635,  0.082505
0.6640,  0.082215
0.6645,  0.083850
0.6650,  0.084844
0.6655,  0.081058
0.6660,  0.077452
0.6665,  0.074795
0.6670,  0.068533
0.6675,  0.070924
0.6680,  0.071968
0.6685,  0.075316
0.6690,  0.078665
0.6695,  0.076746
0.6700,  0.076624
0.6705,  0.077270
0.6710,  0.078642
0.6715,  0.081354
0.6720,  0.079409
0.6725,  0.077408
0.6730,  0.075090
0.6735,  0.071631
0.6740,  0.070829
0.6745,  0.069052
0.6750,  0.067273
0.6755,  0.069782
0.6760,  0.073279
0.6765,  0.075743
0.6770,  0.077755
0.6775,  0.078273
0.6780,  0.079981
0.6785,  0.079182
0.6790,  0.077257
0.6795,  0.073843
0.6800,  0.073725
0.6805,  0.073663
0.6810,  0.072481
0.6815,  0.075273
0.6820,  0.080955
0.6825,  0.085621
0.6830,  0.088502
0.6835,  0.089307
0.6840,  0.086638
0.6845,  0.084023
0.6850,  0.088108
0.6855,  0.110757
0.6860,  0.140473
0.6865,  0.171002
0.6870,  0.195621
0.6875,  0.201426
0.6880,  0.199127
0.6885,  0.195739
0.6890,  0.190810
0.6895,  0.181828
0.6900,  0.175571
0.6905,  0.164256
0.6910,  0.155062
0.6915,  0.145136
0.6920,  0.141631
0.6925,  0.142548
0.6930,  0.146344
0.6935,  0.147614
0.6940,  0.148072
0.6945,  0.144069
0.6950,  0.140883
0.6955,  0.133730
0.6960,  0.126663
0.6965,  0.122968
0.6970,  0.119337
0.6975,  0.120327
0.6980,  0.122777
0.6985,  0.125666
0.6990,  0.132383
0.6995,  0.133444
0.7000,  0.131898
0.7005,  0.130401
0.7010,  0.130698
0.7015,  0.136411
0.7020,  0.135668
0.7025,  0.131820
0.7030,  0.125662
0.7035,  0.124859
0.7040,  0.128752
0.7045,  0.133745
0.7050,  0.137301
0.7055,  0.134073
0.7060,  0.130767
0.7065,  0.124118
0.7070,  0.119995
0.7075,  0.115574
0.7080,  0.112697
0.7085,  0.110475
0.7090,  0.109720
0.7095,  0.110485
0.7100,  0.107641
0.7105,  0.109282
0.7110,  0.112402
0.7115,  0.110320
0.7120,  0.108383
0.7125,  0.110957
0.7130,  0.109084
0.7135,  0.112506
0.7140,  0.117150
0.7145,  0.123345
0.7150,  0.134737
0.7155,  0.152606
0.7160,  0.179457
0.7165,  0.208648
0.7170,  0.238485
0.7175,  0.266456
0.7180,  0.293675
0.7185,  0.311613
0.7190,  0.316640
0.7195,  0.314023
0.7200,  0.296887
0.7205,  0.267575
0.7210,  0.237932
0.7215,  0.217557
0.7220,  0.215141
0.7225,  0.225435
0.7230,  0.244442
0.7235,  0.262008
0.7240,  0.275286
0.7245,  0.276260
0.7250,  0.279496
0.7255,  0.278854
0.7260,  0.276883
0.7265,  0.274362
0.7270,  0.269435
0.7275,  0.267060
0.7280,  0.264281
0.7285,  0.258489
0.7290,  0.252715
0.7295,  0.250763
0.7300,  0.244989
0.7305,  0.240980
0.7310,  0.232460
0.7315,  0.218570
0.7320,  0.205619
0.7325,  0.194260
0.7330,  0.182744
0.7335,  0.163471
0.7340,  0.155894
0.7345,  0.153078
0.7350,  0.151811
0.7355,  0.149048
0.7360,  0.146617
0.7365,  0.141447
0.7370,  0.143793
0.7375,  0.139648
0.7380,  0.135559
0.7385,  0.131040
0.7390,  0.126250
0.7395,  0.118547
0.7400,  0.110455
0.7405,  0.106842
0.7410,  0.101458
0.7415,  0.102488
0.7420,  0.107871
0.7425,  0.111400
0.7430,  0.114351
0.7435,  0.110207
0.7440,  0.108437
0.7445,  0.104462
0.7450,  0.100730
0.7455,  0.099968
0.7460,  0.096168
0.7465,  0.095881
0.7470,  0.097616
0.7475,  0.091157
0.7480,  0.088961
0.7485,  0.088541
0.7490,  0.087032
0.7495,  0.090697
0.7500,  0.093134
0.7505,  0.097157
0.7510,  0.098913
0.7515,  0.096354
0.7520,  0.096482
0.7525,  0.096927
0.7530,  0.094527
0.7535,  0.085614
0.7540,  0.085257
0.7545,  0.088032
0.7550,  0.095323
0.7555,  0.100753
0.7560,  0.105188
0.7565,  0.107153
0.7570,  0.108238
0.7575,  0.111515
0.7580,  0.134849
0.7585,  0.194818
0.7590,  0.296980
0.7595,  0.433701
0.7600,  0.575278
0.7605,  0.651365
0.7610,  0.662003
0.7615,  0.638635
0.7620,  0.616349
0.7625,  0.600378
0.7630,  0.578779
0.7635,  0.544313
0.7640,  0.498980
0.7645,  0.441570
0.7650,  0.384922
0.7655,  0.325495
0.7660,  0.269836
0.7665,  0.218973
0.7670,  0.176630
0.7675,  0.148604
0.7680,  0.133746
0.7685,  0.126085
0.7690,  0.122453
0.7695,  0.117969
0.7700,  0.111661
0.7705,  0.105758
0.7710,  0.100034
0.7715,  0.101200
0.7720,  0.103445
0.7725,  0.100222
0.7730,  0.103041
0.7735,  0.099982
0.7740,  0.101064
0.7745,  0.097987
0.7750,  0.101684
0.7755,  0.100377
0.7760,  0.094555
0.7765,  0.092448
0.7770,  0.096802
0.7775,  0.095961
0.7780,  0.094951
0.7785,  0.094920
0.7790,  0.092424
0.7795,  0.092902
0.7800,  0.093396
0.7805,  0.091359
0.7810,  0.097081
0.7815,  0.098374
0.7820,  0.096152
0.7825,  0.091608
0.7830,  0.090616
0.7835,  0.090821
0.7840,  0.092304
0.7845,  0.089343
0.7850,  0.087618
0.7855,  0.084823
0.7860,  0.086591
0.7865,  0.092775
0.7870,  0.097915
0.7875,  0.100669
0.7880,  0.104285
0.7885,  0.109230
0.7890,  0.117681
0.7895,  0.118827
0.7900,  0.117924
0.7905,  0.119084
0.7910,  0.114127
0.7915,  0.113659
0.7920,  0.115739
0.7925,  0.115952
0.7930,  0.115413
0.7935,  0.115140
0.7940,  0.108456
0.7945,  0.102256
0.7950,  0.098821
0.7955,  0.103880
0.7960,  0.108744
0.7965,  0.115078
0.7970,  0.119166
0.7975,  0.115845
0.7980,  0.114322
0.7985,  0.113960
0.7990,  0.107038
0.7995,  0.104193
0.8000,  0.111211
0.8005,  0.117699
0.8010,  0.119041
0.8015,  0.115633
0.8020,  0.106542
0.8025,  0.104989
0.8030,  0.109706
0.8035,  0.116979
0.8040,  0.118867
0.8045,  0.118663
0.8050,  0.118585
0.8055,  0.114845
0.8060,  0.108578
0.8065,  0.102871
0.8070,  0.098789
0.8075,  0.098278
0.8080,  0.101550
0.8085,  0.107723
0.8090,  0.109591
0.8095,  0.114819
0.8100,  0.125130
0.8105,  0.132211
0.8110,  0.138711
0.8115,  0.146435
0.8120,  0.165888
0.8125,  0.181751
0.8130,  0.203476
0.8135,  0.220314
0.8140,  0.245613
0.8145,  0.267259
0.8150,  0.288911
0.8155,  0.301164
0.8160,  0.308507
0.8165,  0.316099
0.8170,  0.312994
0.8175,  0.297028
0.8180,  0.278572
0.8185,  0.259527
0.8190,  0.244728
0.8195,  0.236275
0.8200,  0.221987
0.8205,  0.209354
0.8210,  0.213957
0.8215,  0.238111
0.8220,  0.274547
0.8225,  0.300259
0.8230,  0.303800
0.8235,  0.275847
0.8240,  0.240497
0.8245,  0.210572
0.8250,  0.195060
0.8255,  0.188439
0.8260,  0.197369
0.8265,  0.206568
0.8270,  0.215939
0.8275,  0.225901
0.8280,  0.236411
0.8285,  0.237764
0.8290,  0.225214
0.8295,  0.215921
0.8300,  0.206134
0.8305,  0.202267
0.8310,  0.199631
0.8315,  0.199843
0.8320,  0.204754
0.8325,  0.206291
0.8330,  0.199146
0.8335,  0.187083
0.8340,  0.173713
0.8345,  0.165355
0.8350,  0.155585
0.8355,  0.153663
0.8360,  0.143823
0.8365,  0.128422
0.8370,  0.126855
0.8375,  0.129185
0.8380,  0.122971
0.8385,  0.120091
0.8390,  0.117934
0.8395,  0.113708
0.8400,  0.108312
0.8405,  0.103888
0.8410,  0.096200
0.8415,  0.085994
0.8420,  0.079640
0.8425,  0.088967
0.8430,  0.097103
0.8435,  0.096199
0.8440,  0.082643
0.8445,  0.078440
0.8450,  0.078286
0.8455,  0.084363
0.8460,  0.085732
0.8465,  0.087809
0.8470,  0.088982
0.8475,  0.087350
0.8480,  0.088667
0.8485,  0.078531
0.8490,  0.077835
0.8495,  0.074435
0.8500,  0.063071
0.8505,  0.072745
0.8510,  0.081189
0.8515,  0.077221
0.8520,  0.083668
0.8525,  0.068542
0.8530,  0.066735
0.8535,  0.061821
0.8540,  0.043539
0.8545,  0.065861
0.8550,  0.070662
0.8555,  0.080199
0.8560,  0.093502
0.8565,  0.097752
0.8570,  0.104563
0.8575,  0.099322
0.8580,  0.092027
0.8585,  0.084654
0.8590,  0.071872
0.8595,  0.069683
0.8600,  0.070028
0.8605,  0.075076
0.8610,  0.078505
0.8615,  0.074453
0.8620,  0.070915
0.8625,  0.080156
0.8630,  0.076106
0.8635,  0.070555
0.8640,  0.065339
0.8645,  0.055163
0.8650,  0.048319
0.8655,  0.043225
0.8660,  0.032019
0.8665,  0.047295
0.8670,  0.056990
0.8675,  0.060479
0.8680,  0.047621
0.8685,  0.051954
0.8690,  0.055213
0.8695,  0.054809
0.8700,  0.065876
0.8705,  0.067448
0.8710,  0.075517
0.8715,  0.072163
0.8720,  0.081486
0.8725,  0.093031
0.8730,  0.093479
0.8735,  0.094351
0.8740,  0.096916
0.8745,  0.093693
0.8750,  0.085638
0.8755,  0.083425
0.8760,  0.076056
0.8765,  0.078961
0.8770,  0.077414
0.8775,  0.083051
0.8780,  0.087489
0.8785,  0.082202
0.8790,  0.080409
0.8795,  0.083660
0.8800,  0.078970
0.8805,  0.073508
0.8810,  0.069544
0.8815,  0.061706
0.8820,  0.062130
0.8825,  0.061233
0.8830,  0.066040
0.8835,  0.054443
0.8840,  0.053885
0.8845,  0.052620
0.8850,  0.055598
0.8855,  0.071366
0.8860,  0.074531
0.8865,  0.091253
0.8870,  0.086110
0.8875,  0.076017
0.8880,  0.064218
0.8885,  0.061548
0.8890,  0.068640
0.8895,  0.082659
0.8900,  0.095011
