0.3500,  0.479034
0.3505,  0.534592
0.3510,  0.486422
0.3515,  0.437558
0.3520,  0.388370
0.3525,  0.339630
0.3530,  0.377596
0.3535,  0.417076
0.3540,  0.435310
0.3545,  0.468088
0.3550,  0.443344
0.3555,  0.426708
0.3560,  0.387263
0.3565,  0.354547
0.3570,  0.328902
0.3575,  0.298211
0.3580,  0.249269
0.3585,  0.188659
0.3590,  0.356073
0.3595,  0.499915
0.3600,  0.483478
0.3605,  0.465349
0.3610,  0.412735
0.3615,  0.353052
0.3620,  0.399820
0.3625,  0.441442
0.3630,  0.427639
0.3635,  0.406819
0.3640,  0.393402
0.3645,  0.367800
0.3650,  0.388965
0.3655,  0.409304
0.3660,  0.413338
0.3665,  0.420250
0.3670,  0.384655
0.3675,  0.358331
0.3680,  0.321714
0.3685,  0.283590
0.3690,  0.326127
0.3695,  0.369447
0.3700,  0.339641
0.3705,  0.311034
0.3710,  0.334314
0.3715,  0.359654
0.3720,  0.329880
0.3725,  0.298301
0.3730,  0.261942
0.3735,  0.225404
0.3740,  0.239982
0.3745,  0.247991
0.3750,  0.329441
0.3755,  0.394026
0.3760,  0.387223
0.3765,  0.367352
0.3770,  0.405438
0.3775,  0.437140
0.3780,  0.419870
0.3785,  0.415255
0.3790,  0.314791
0.3795,  0.211001
0.3800,  0.271894
0.3805,  0.337032
0.3810,  0.317896
0.3815,  0.308961
0.3820,  0.232748
0.3825,  0.140060
0.3830,  0.128328
0.3835,  0.098029
0.3840,  0.272314
0.3845,  0.404124
0.3850,  0.414721
0.3855,  0.420056
0.3860,  0.400475
0.3865,  0.384490
0.3870,  0.370566
0.3875,  0.355990
0.3880,  0.328852
0.3885,  0.297146
0.3890,  0.350317
0.3895,  0.394007
0.3900,  0.390043
0.3905,  0.383925
0.3910,  0.390421
0.3915,  0.415055
0.3920,  0.318657
0.3925,  0.223743
0.3930,  0.058292
0.3935,  -0.178189
0.3940,  0.125566
0.3945,  0.339093
0.3950,  0.446868
0.3955,  0.542854
0.3960,  0.374540
0.3965,  0.167174
0.3970,  0.189063
0.3975,  0.183018
0.3980,  0.367555
0.3985,  0.487855
0.3990,  0.456023
0.3995,  0.431151
0.4000,  0.382736
0.4005,  0.340467
0.4010,  0.319896
0.4015,  0.309960
0.4020,  0.293935
0.4025,  0.285630
0.4030,  0.258801
0.4035,  0.233638
0.4040,  0.228020
0.4045,  0.227324
0.4050,  0.226742
0.4055,  0.226146
0.4060,  0.209946
0.4065,  0.192457
0.4070,  0.203890
0.4075,  0.212050
0.4080,  0.237374
0.4085,  0.259908
0.4090,  0.251814
0.4095,  0.249271
0.4100,  0.205472
0.4105,  0.151087
0.4110,  0.219506
0.4115,  0.280858
0.4120,  0.262772
0.4125,  0.242366
0.4130,  0.224970
0.4135,  0.213023
0.4140,  0.205243
0.4145,  0.194478
0.4150,  0.190957
0.4155,  0.187938
0.4160,  0.213812
0.4165,  0.243820
0.4170,  0.207842
0.4175,  0.164896
0.4180,  0.172835
0.4185,  0.182277
0.4190,  0.186901
0.4195,  0.187276
0.4200,  0.198428
0.4205,  0.207383
0.4210,  0.212377
0.4215,  0.221930
0.4220,  0.174171
0.4225,  0.125209
0.4230,  0.163874
0.4235,  0.199472
0.4240,  0.214747
0.4245,  0.234732
0.4250,  0.219489
0.4255,  0.201465
0.4260,  0.203439
0.4265,  0.213085
0.4270,  0.185453
0.4275,  0.157283
0.4280,  0.171517
0.4285,  0.190914
0.4290,  0.177280
0.4295,  0.168512
0.4300,  0.087827
0.4305,  -0.017188
0.4310,  0.178781
0.4315,  0.325339
0.4320,  0.293697
0.4325,  0.258173
0.4330,  0.256585
0.4335,  0.254171
0.4340,  0.218460
0.4345,  0.189658
0.4350,  0.192092
0.4355,  0.194358
0.4360,  0.234880
0.4365,  0.275893
0.4370,  0.243019
0.4375,  0.216217
0.4380,  0.163707
0.4385,  0.102545
0.4390,  0.170652
0.4395,  0.230536
0.4400,  0.197595
0.4405,  0.160950
0.4410,  0.202096
0.4415,  0.239350
0.4420,  0.238469
0.4425,  0.236938
0.4430,  0.211321
0.4435,  0.188514
0.4440,  0.199593
0.4445,  0.213863
0.4450,  0.180934
0.4455,  0.144850
0.4460,  0.159214
0.4465,  0.170351
0.4470,  0.204693
0.4475,  0.235943
0.4480,  0.209596
0.4485,  0.179443
0.4490,  0.181158
0.4495,  0.184124
0.4500,  0.199088
0.4505,  0.216207
0.4510,  0.205738
0.4515,  0.198173
0.4520,  0.169318
0.4525,  0.142961
0.4530,  0.153575
0.4535,  0.162466
0.4540,  0.169410
0.4545,  0.172761
0.4550,  0.179766
0.4555,  0.190833
0.4560,  0.195422
0.4565,  0.199398
0.4570,  0.201185
0.4575,  0.204263
0.4580,  0.176763
0.4585,  0.148587
0.4590,  0.157943
0.4595,  0.167766
0.4600,  0.174762
0.4605,  0.178748
0.4610,  0.179273
0.4615,  0.178249
0.4620,  0.185122
0.4625,  0.193097
0.4630,  0.178066
0.4635,  0.168564
0.4640,  0.161279
0.4645,  0.153470
0.4650,  0.174014
0.4655,  0.196479
0.4660,  0.174956
0.4665,  0.151871
0.4670,  0.175878
0.4675,  0.196400
0.4680,  0.190565
0.4685,  0.185263
0.4690,  0.184592
0.4695,  0.189179
0.4700,  0.169164
0.4705,  0.145045
0.4710,  0.175180
0.4715,  0.205145
0.4720,  0.203689
0.4725,  0.203973
0.4730,  0.193276
0.4735,  0.180124
0.4740,  0.188027
0.4745,  0.199281
0.4750,  0.192431
0.4755,  0.185112
0.4760,  0.171541
0.4765,  0.157569
0.4770,  0.183157
0.4775,  0.206239
0.4780,  0.187697
0.4785,  0.170015
0.4790,  0.182443
0.4795,  0.193658
0.4800,  0.181555
0.4805,  0.173222
0.4810,  0.185419
0.4815,  0.194327
0.4820,  0.177875
0.4825,  0.167955
0.4830,  0.171544
0.4835,  0.174162
0.4840,  0.171407
0.4845,  0.173941
0.4850,  0.161046
0.4855,  0.148684
0.4860,  0.116661
0.4865,  0.072601
0.4870,  0.126346
0.4875,  0.172094
0.4880,  0.184254
0.4885,  0.193447
0.4890,  0.191974
0.4895,  0.191103
0.4900,  0.192180
0.4905,  0.198614
0.4910,  0.174654
0.4915,  0.150790
0.4920,  0.152338
0.4925,  0.151663
0.4930,  0.145180
0.4935,  0.137263
0.4940,  0.167568
0.4945,  0.199134
0.4950,  0.166422
0.4955,  0.133351
0.4960,  0.151048
0.4965,  0.169317
0.4970,  0.172389
0.4975,  0.178115
0.4980,  0.147007
0.4985,  0.112870
0.4990,  0.139242
0.4995,  0.167057
0.5000,  0.147403
0.5005,  0.126887
0.5010,  0.121358
0.5015,  0.112322
0.5020,  0.130857
0.5025,  0.148302
0.5030,  0.156484
0.5035,  0.163781
0.5040,  0.148777
0.5045,  0.129644
0.5050,  0.150181
0.5055,  0.170732
0.5060,  0.157021
0.5065,  0.148068
0.5070,  0.137478
0.5075,  0.127669
0.5080,  0.131841
0.5085,  0.134724
0.5090,  0.133813
0.5095,  0.131628
0.5100,  0.137086
0.5105,  0.141995
0.5110,  0.151288
0.5115,  0.161581
0.5120,  0.135150
0.5125,  0.110077
0.5130,  0.114825
0.5135,  0.117295
0.5140,  0.123933
0.5145,  0.129989
0.5150,  0.139398
0.5155,  0.153925
0.5160,  0.114166
0.5165,  0.072260
0.5170,  0.100869
0.5175,  0.125530
0.5180,  0.110430
0.5185,  0.087272
0.5190,  0.123813
0.5195,  0.156889
0.5200,  0.145624
0.5205,  0.133170
0.5210,  0.141200
0.5215,  0.152737
0.5220,  0.131003
0.5225,  0.108330
0.5230,  0.122702
0.5235,  0.132056
0.5240,  0.141526
0.5245,  0.153801
0.5250,  0.149390
0.5255,  0.150439
0.5260,  0.101590
0.5265,  0.046746
0.5270,  0.090142
0.5275,  0.123318
0.5280,  0.130323
0.5285,  0.136756
0.5290,  0.133411
0.5295,  0.130061
0.5300,  0.132374
0.5305,  0.135780
0.5310,  0.136997
0.5315,  0.144348
0.5320,  0.106404
0.5325,  0.065338
0.5330,  0.107346
0.5335,  0.144912
0.5340,  0.127520
0.5345,  0.107446
0.5350,  0.132432
0.5355,  0.158084
0.5360,  0.130961
0.5365,  0.105585
0.5370,  0.109920
0.5375,  0.115053
0.5380,  0.123049
0.5385,  0.130649
0.5390,  0.119143
0.5395,  0.107462
0.5400,  0.097985
0.5405,  0.086584
0.5410,  0.114071
0.5415,  0.139210
0.5420,  0.123682
0.5425,  0.108655
0.5430,  0.120096
0.5435,  0.128848
0.5440,  0.125842
0.5445,  0.124154
0.5450,  0.130082
0.5455,  0.134985
0.5460,  0.131746
0.5465,  0.128043
0.5470,  0.118712
0.5475,  0.108811
0.5480,  0.116773
0.5485,  0.123115
0.5490,  0.128561
0.5495,  0.135690
0.5500,  0.127690
0.5505,  0.119343
0.5510,  0.120868
0.5515,  0.124373
0.5520,  0.119751
0.5525,  0.114407
0.5530,  0.124074
0.5535,  0.131980
0.5540,  0.134239
0.5545,  0.135126
0.5550,  0.135538
0.5555,  0.138926
0.5560,  0.125530
0.5565,  0.112288
0.5570,  0.123282
0.5575,  0.135656
0.5580,  0.126421
0.5585,  0.115761
0.5590,  0.121946
0.5595,  0.126501
0.5600,  0.131209
0.5605,  0.136461
0.5610,  0.132036
0.5615,  0.127715
0.5620,  0.132420
0.5625,  0.137907
0.5630,  0.139872
0.5635,  0.142335
0.5640,  0.141998
0.5645,  0.142608
0.5650,  0.132911
0.5655,  0.121553
0.5660,  0.129335
0.5665,  0.135778
0.5670,  0.148630
0.5675,  0.162222
0.5680,  0.144356
0.5685,  0.128081
0.5690,  0.143625
0.5695,  0.159145
0.5700,  0.140394
0.5705,  0.118945
0.5710,  0.129958
0.5715,  0.137587
0.5720,  0.147474
0.5725,  0.157488
0.5730,  0.151098
0.5735,  0.147264
0.5740,  0.146248
0.5745,  0.145289
0.5750,  0.136758
0.5755,  0.127576
0.5760,  0.131499
0.5765,  0.136282
0.5770,  0.140805
0.5775,  0.144947
0.5780,  0.128303
0.5785,  0.109282
0.5790,  0.118129
0.5795,  0.126721
0.5800,  0.127028
0.5805,  0.127126
0.5810,  0.127671
0.5815,  0.129325
0.5820,  0.133321
0.5825,  0.137170
0.5830,  0.132865
0.5835,  0.130331
0.5840,  0.132529
0.5845,  0.137452
0.5850,  0.122876
0.5855,  0.107922
0.5860,  0.122183
0.5865,  0.136114
0.5870,  0.144584
0.5875,  0.158838
0.5880,  0.151525
0.5885,  0.145184
0.5890,  0.122729
0.5895,  0.091702
0.5900,  0.145488
0.5905,  0.191155
0.5910,  0.178557
0.5915,  0.166227
0.5920,  0.164267
0.5925,  0.162012
0.5930,  0.155938
0.5935,  0.156370
0.5940,  0.153249
0.5945,  0.149507
0.5950,  0.154397
0.5955,  0.155144
0.5960,  0.156970
0.5965,  0.160210
0.5970,  0.152194
0.5975,  0.146671
0.5980,  0.142057
0.5985,  0.139036
0.5990,  0.146777
0.5995,  0.154247
0.6000,  0.149364
0.6005,  0.145201
0.6010,  0.148524
0.6015,  0.149067
0.6020,  0.138381
0.6025,  0.125398
0.6030,  0.138569
0.6035,  0.152598
0.6040,  0.150820
0.6045,  0.149100
0.6050,  0.146940
0.6055,  0.142035
0.6060,  0.140538
0.6065,  0.139560
0.6070,  0.139405
0.6075,  0.141462
0.6080,  0.140910
0.6085,  0.142386
0.6090,  0.148652
0.6095,  0.152563
0.6100,  0.143588
0.6105,  0.132942
0.6110,  0.144093
0.6115,  0.156105
0.6120,  0.147259
0.6125,  0.140362
0.6130,  0.139164
0.6135,  0.139369
0.6140,  0.150274
0.6145,  0.159963
0.6150,  0.164660
0.6155,  0.167801
0.6160,  0.141127
0.6165,  0.109211
0.6170,  0.133101
0.6175,  0.158406
0.6180,  0.164805
0.6185,  0.171459
0.6190,  0.167179
0.6195,  0.160421
0.6200,  0.166040
0.6205,  0.172068
0.6210,  0.160695
0.6215,  0.151351
0.6220,  0.161582
0.6225,  0.172204
0.6230,  0.163832
0.6235,  0.157525
0.6240,  0.161060
0.6245,  0.162939
0.6250,  0.157999
0.6255,  0.151534
0.6260,  0.167912
0.6265,  0.182134
0.6270,  0.181476
0.6275,  0.184882
0.6280,  0.189852
0.6285,  0.194351
0.6290,  0.195536
0.6295,  0.196231
0.6300,  0.193429
0.6305,  0.185010
0.6310,  0.176544
0.6315,  0.173370
0.6320,  0.169936
0.6325,  0.170213
0.6330,  0.172191
0.6335,  0.174445
0.6340,  0.177840
0.6345,  0.181744
0.6350,  0.184796
0.6355,  0.185201
0.6360,  0.184028
0.6365,  0.181853
0.6370,  0.177190
0.6375,  0.172276
0.6380,  0.171621
0.6385,  0.173089
0.6390,  0.175129
0.6395,  0.176423
0.6400,  0.177155
0.6405,  0.176288
0.6410,  0.172872
0.6415,  0.172459
0.6420,  0.168876
0.6425,  0.164531
0.6430,  0.162708
0.6435,  0.163819
0.6440,  0.166498
0.6445,  0.172477
0.6450,  0.180509
0.6455,  0.185492
0.6460,  0.190022
0.6465,  0.192527
0.6470,  0.192969
0.6475,  0.191268
0.6480,  0.191955
0.6485,  0.189691
0.6490,  0.185650
0.6495,  0.190118
0.6500,  0.192806
0.6505,  0.200040
0.6510,  0.207525
0.6515,  0.206409
0.6520,  0.205066
0.6525,  0.200562
0.6530,  0.195549
0.6535,  0.184576
0.6540,  0.182259
0.6545,  0.188115
0.6550,  0.200462
0.6555,  0.204256
0.6560,  0.195633
0.6565,  0.171970
0.6570,  0.134663
0.6575,  0.142450
0.6580,  0.153040
0.6585,  0.166842
0.6590,  0.181326
0.6595,  0.174639
0.6600,  0.167386
0.6605,  0.161773
0.6610,  0.161185
0.6615,  0.158203
0.6620,  0.156163
0.6625,  0.155212
0.6630,  0.157405
0.6635,  0.161108
0.6640,  0.162461
0.6645,  0.163225
0.6650,  0.164651
0.6655,  0.163175
0.6660,  0.163614
0.6665,  0.163908
0.6670,  0.160173
0.6675,  0.160465
0.6680,  0.160607
0.6685,  0.160824
0.6690,  0.160375
0.6695,  0.156753
0.6700,  0.156595
0.6705,  0.158142
0.6710,  0.160910
0.6715,  0.163945
0.6720,  0.164564
0.6725,  0.166090
0.6730,  0.166482
0.6735,  0.166451
0.6740,  0.164679
0.6745,  0.160111
0.6750,  0.158937
0.6755,  0.160278
0.6760,  0.163440
0.6765,  0.167147
0.6770,  0.171560
0.6775,  0.175061
0.6780,  0.176808
0.6785,  0.177634
0.6790,  0.174127
0.6795,  0.170979
0.6800,  0.170221
0.6805,  0.172617
0.6810,  0.171462
0.6815,  0.169352
0.6820,  0.168706
0.6825,  0.170306
0.6830,  0.174961
0.6835,  0.179757
0.6840,  0.184298
0.6845,  0.185606
0.6850,  0.192503
0.6855,  0.216013
0.6860,  0.250090
0.6865,  0.288498
0.6870,  0.315510
0.6875,  0.325301
0.6880,  0.322525
0.6885,  0.313348
0.6890,  0.309625
0.6895,  0.306540
0.6900,  0.297124
0.6905,  0.286613
0.6910,  0.276289
0.6915,  0.275259
0.6920,  0.272181
0.6925,  0.272163
0.6930,  0.275230
0.6935,  0.274310
0.6940,  0.274068
0.6945,  0.271226
0.6950,  0.264860
0.6955,  0.253138
0.6960,  0.242958
0.6965,  0.234665
0.6970,  0.231154
0.6975,  0.237617
0.6980,  0.248109
0.6985,  0.255179
0.6990,  0.259367
0.6995,  0.260961
0.7000,  0.258829
0.7005,  0.254266
0.7010,  0.253262
0.7015,  0.259758
0.7020,  0.263326
0.7025,  0.264494
0.7030,  0.263560
0.7035,  0.263874
0.7040,  0.267967
0.7045,  0.270380
0.7050,  0.270335
0.7055,  0.264249
0.7060,  0.261821
0.7065,  0.257054
0.7070,  0.254452
0.7075,  0.250124
0.7080,  0.247720
0.7085,  0.246737
0.7090,  0.244309
0.7095,  0.243291
0.7100,  0.243531
0.7105,  0.243646
0.7110,  0.245073
0.7115,  0.242210
0.7120,  0.242505
0.7125,  0.243866
0.7130,  0.243125
0.7135,  0.244822
0.7140,  0.248686
0.7145,  0.256215
0.7150,  0.268461
0.7155,  0.288865
0.7160,  0.319939
0.7165,  0.359755
0.7170,  0.403047
0.7175,  0.441101
0.7180,  0.473452
0.7185,  0.496239
0.7190,  0.509872
0.7195,  0.512765
0.7200,  0.497840
0.7205,  0.470099
0.7210,  0.436312
0.7215,  0.405442
0.7220,  0.396630
0.7225,  0.405434
0.7230,  0.426053
0.7235,  0.448237
0.7240,  0.468954
0.7245,  0.479588
0.7250,  0.487200
0.7255,  0.489352
0.7260,  0.488483
0.7265,  0.488548
0.7270,  0.486063
0.7275,  0.480000
0.7280,  0.476423
0.7285,  0.470401
0.7290,  0.464988
0.7295,  0.460436
0.7300,  0.460965
0.7305,  0.458439
0.7310,  0.449142
0.7315,  0.432209
0.7320,  0.410282
0.7325,  0.390080
0.7330,  0.363525
0.7335,  0.342493
0.7340,  0.328470
0.7345,  0.322275
0.7350,  0.320104
0.7355,  0.320673
0.7360,  0.320129
0.7365,  0.317216
0.7370,  0.313296
0.7375,  0.306904
0.7380,  0.303687
0.7385,  0.303539
0.7390,  0.295382
0.7395,  0.286874
0.7400,  0.282498
0.7405,  0.277260
0.7410,  0.271130
0.7415,  0.273246
0.7420,  0.275808
0.7425,  0.276232
0.7430,  0.273775
0.7435,  0.268004
0.7440,  0.269594
0.7445,  0.270942
0.7450,  0.272944
0.7455,  0.275083
0.7460,  0.274505
0.7465,  0.276794
0.7470,  0.276414
0.7475,  0.274161
0.7480,  0.273271
0.7485,  0.273359
0.7490,  0.278294
0.7495,  0.282987
0.7500,  0.284121
0.7505,  0.284999
0.7510,  0.286629
0.7515,  0.287975
0.7520,  0.285611
0.7525,  0.278381
0.7530,  0.271374
0.7535,  0.267689
0.7540,  0.270280
0.7545,  0.274751
0.7550,  0.278699
0.7555,  0.281806
0.7560,  0.286140
0.7565,  0.284785
0.7570,  0.280396
0.7575,  0.291625
0.7580,  0.322242
0.7585,  0.384945
0.7590,  0.512798
0.7595,  0.701001
0.7600,  0.902544
0.7605,  1.059525
0.7610,  1.111551
0.7615,  1.090513
0.7620,  1.046366
0.7625,  1.030301
0.7630,  1.008181
0.7635,  0.953628
0.7640,  0.882287
0.7645,  0.802896
0.7650,  0.721015
0.7655,  0.643127
0.7660,  0.575807
0.7665,  0.511751
0.7670,  0.455717
0.7675,  0.418546
0.7680,  0.384785
0.7685,  0.362355
0.7690,  0.347562
0.7695,  0.338731
0.7700,  0.331425
0.7705,  0.329042
0.7710,  0.323876
0.7715,  0.325865
0.7720,  0.331069
0.7725,  0.327893
0.7730,  0.330028
0.7735,  0.327963
0.7740,  0.323512
0.7745,  0.311234
0.7750,  0.304918
0.7755,  0.303257
0.7760,  0.305192
0.7765,  0.307910
0.7770,  0.319675
0.7775,  0.321168
0.7780,  0.320124
0.7785,  0.320608
0.7790,  0.321603
0.7795,  0.323702
0.7800,  0.327728
0.7805,  0.323560
0.7810,  0.320134
0.7815,  0.313124
0.7820,  0.313465
0.7825,  0.321876
0.7830,  0.323658
0.7835,  0.329645
0.7840,  0.337157
0.7845,  0.337762
0.7850,  0.338830
0.7855,  0.336812
0.7860,  0.340032
0.7865,  0.343455
0.7870,  0.345419
0.7875,  0.343489
0.7880,  0.348754
0.7885,  0.361310
0.7890,  0.379547
0.7895,  0.385136
0.7900,  0.383269
0.7905,  0.385934
0.7910,  0.383642
0.7915,  0.379444
0.7920,  0.379062
0.7925,  0.375291
0.7930,  0.378751
0.7935,  0.382759
0.7940,  0.384435
0.7945,  0.379144
0.7950,  0.379032
0.7955,  0.387623
0.7960,  0.390243
0.7965,  0.392242
0.7970,  0.403573
0.7975,  0.395938
0.7980,  0.393699
0.7985,  0.392837
0.7990,  0.394311
0.7995,  0.396424
0.8000,  0.404756
0.8005,  0.414821
0.8010,  0.420656
0.8015,  0.418520
0.8020,  0.422147
0.8025,  0.422421
0.8030,  0.420267
0.8035,  0.420075
0.8040,  0.423746
0.8045,  0.417804
0.8050,  0.410271
0.8055,  0.407546
0.8060,  0.405743
0.8065,  0.407780
0.8070,  0.408272
0.8075,  0.395390
0.8080,  0.402151
0.8085,  0.405625
0.8090,  0.407602
0.8095,  0.422301
0.8100,  0.437990
0.8105,  0.445040
0.8110,  0.449401
0.8115,  0.464085
0.8120,  0.489144
0.8125,  0.516197
0.8130,  0.548602
0.8135,  0.583558
0.8140,  0.619265
0.8145,  0.664706
0.8150,  0.703985
0.8155,  0.727304
0.8160,  0.747295
0.8165,  0.762086
0.8170,  0.763969
0.8175,  0.757378
0.8180,  0.755107
0.8185,  0.757654
0.8190,  0.719161
0.8195,  0.686950
0.8200,  0.658098
0.8205,  0.629536
0.8210,  0.618694
0.8215,  0.644856
0.8220,  0.696930
0.8225,  0.752650
0.8230,  0.782993
0.8235,  0.759927
0.8240,  0.709547
0.8245,  0.650069
0.8250,  0.610085
0.8255,  0.592828
0.8260,  0.586537
0.8265,  0.599986
0.8270,  0.624074
0.8275,  0.645391
0.8280,  0.677483
0.8285,  0.687691
0.8290,  0.683487
0.8295,  0.665672
0.8300,  0.658307
0.8305,  0.655053
0.8310,  0.651149
0.8315,  0.644950
0.8320,  0.632658
0.8325,  0.625750
0.8330,  0.618148
0.8335,  0.612979
0.8340,  0.604571
0.8345,  0.601249
0.8350,  0.587176
0.8355,  0.574975
0.8360,  0.562655
0.8365,  0.546408
0.8370,  0.534881
0.8375,  0.528693
0.8380,  0.519062
0.8385,  0.507809
0.8390,  0.523074
0.8395,  0.539934
0.8400,  0.542619
0.8405,  0.530536
0.8410,  0.515498
0.8415,  0.513922
0.8420,  0.501440
0.8425,  0.506723
0.8430,  0.502026
0.8435,  0.497708
0.8440,  0.495527
0.8445,  0.486040
0.8450,  0.475280
0.8455,  0.483184
0.8460,  0.493569
0.8465,  0.499459
0.8470,  0.505836
0.8475,  0.503186
0.8480,  0.498623
0.8485,  0.489486
0.8490,  0.497450
0.8495,  0.515585
0.8500,  0.516811
0.8505,  0.530585
0.8510,  0.538187
0.8515,  0.555658
0.8520,  0.560407
0.8525,  0.541492
0.8530,  0.544525
0.8535,  0.551914
0.8540,  0.546298
0.8545,  0.595154
0.8550,  0.621473
0.8555,  0.618549
0.8560,  0.620165
0.8565,  0.585931
0.8570,  0.566202
0.8575,  0.558763
0.8580,  0.564135
0.8585,  0.570914
0.8590,  0.573190
0.8595,  0.565694
0.8600,  0.551056
0.8605,  0.550585
0.8610,  0.555210
0.8615,  0.558180
0.8620,  0.565022
0.8625,  0.570403
0.8630,  0.575395
0.8635,  0.586098
0.8640,  0.605423
0.8645,  0.598244
0.8650,  0.603097
0.8655,  0.619992
0.8660,  0.627707
0.8665,  0.641579
0.8670,  0.647725
0.8675,  0.650429
0.8680,  0.648061
0.8685,  0.646141
0.8690,  0.632913
0.8695,  0.615258
0.8700,  0.594194
0.8705,  0.611946
0.8710,  0.639258
0.8715,  0.661471
0.8720,  0.679855
0.8725,  0.682944
0.8730,  0.676287
0.8735,  0.669721
0.8740,  0.675512
0.8745,  0.683497
0.8750,  0.698755
0.8755,  0.688292
0.8760,  0.671913
0.8765,  0.679048
0.8770,  0.680176
0.8775,  0.684188
0.8780,  0.708867
0.8785,  0.711737
0.8790,  0.726205
0.8795,  0.741734
0.8800,  0.738420
0.8805,  0.740539
0.8810,  0.729415
0.8815,  0.745076
0.8820,  0.751774
0.8825,  0.757427
0.8830,  0.754576
0.8835,  0.752607
0.8840,  0.746230
0.8845,  0.733325
0.8850,  0.722421
0.8855,  0.719435
0.8860,  0.729689
0.8865,  0.751117
0.8870,  0.784119
0.8875,  0.805639
0.8880,  0.786824
0.8885,  0.779262
0.8890,  0.773508
0.8895,  0.784337
0.8900,  0.800644
