0.3500,  0.246299
0.3505,  0.311807
0.3510,  0.282502
0.3515,  0.248181
0.3520,  0.205651
0.3525,  0.159514
0.3530,  0.201820
0.3535,  0.240779
0.3540,  0.255695
0.3545,  0.285779
0.3550,  0.265779
0.3555,  0.253312
0.3560,  0.219093
0.3565,  0.187139
0.3570,  0.163431
0.3575,  0.125102
0.3580,  0.072623
0.3585,  0.004020
0.3590,  0.158962
0.3595,  0.289375
0.3600,  0.270138
0.3605,  0.246749
0.3610,  0.189915
0.3615,  0.138155
0.3620,  0.186705
0.3625,  0.236773
0.3630,  0.226619
0.3635,  0.214542
0.3640,  0.207142
0.3645,  0.192072
0.3650,  0.224918
0.3655,  0.256235
0.3660,  0.265101
0.3665,  0.280071
0.3670,  0.256631
0.3675,  0.235006
0.3680,  0.200365
0.3685,  0.164430
0.3690,  0.211355
0.3695,  0.257627
0.3700,  0.226978
0.3705,  0.194780
0.3710,  0.215646
0.3715,  0.243866
0.3720,  0.219610
0.3725,  0.193872
0.3730,  0.160987
0.3735,  0.120487
0.3740,  0.122723
0.3745,  0.117558
0.3750,  0.185345
0.3755,  0.238124
0.3760,  0.224889
0.3765,  0.208956
0.3770,  0.258128
0.3775,  0.305842
0.3780,  0.305278
0.3785,  0.309458
0.3790,  0.217429
0.3795,  0.118605
0.3800,  0.177269
0.3805,  0.240159
0.3810,  0.219172
0.3815,  0.205912
0.3820,  0.120400
0.3825,  0.015261
0.3830,  -0.010456
0.3835,  -0.053876
0.3840,  0.104439
0.3845,  0.224073
0.3850,  0.232638
0.3855,  0.242956
0.3860,  0.228243
0.3865,  0.218840
0.3870,  0.212879
0.3875,  0.199968
0.3880,  0.173580
0.3885,  0.144383
0.3890,  0.200205
0.3895,  0.244549
0.3900,  0.242617
0.3905,  0.245011
0.3910,  0.266558
0.3915,  0.306384
0.3920,  0.223476
0.3925,  0.135170
0.3930,  -0.030970
0.3935,  -0.278703
0.3940,  -0.002258
0.3945,  0.192836
0.3950,  0.292254
0.3955,  0.391534
0.3960,  0.235387
0.3965,  0.031599
0.3970,  0.044641
0.3975,  0.029871
0.3980,  0.205948
0.3985,  0.330205
0.3990,  0.314208
0.3995,  0.310239
0.4000,  0.283735
0.4005,  0.258004
0.4010,  0.247663
0.4015,  0.243726
0.4020,  0.231541
0.4025,  0.223940
0.4030,  0.197051
0.4035,  0.171599
0.4040,  0.167120
0.4045,  0.167985
0.4050,  0.170312
0.4055,  0.174435
0.4060,  0.161729
0.4065,  0.148202
0.4070,  0.160554
0.4075,  0.167755
0.4080,  0.190895
0.4085,  0.213889
0.4090,  0.208175
0.4095,  0.206041
0.4100,  0.164720
0.4105,  0.112185
0.4110,  0.177403
0.4115,  0.235267
0.4120,  0.216959
0.4125,  0.197402
0.4130,  0.179545
0.4135,  0.166828
0.4140,  0.160006
0.4145,  0.154487
0.4150,  0.155926
0.4155,  0.154121
0.4160,  0.180216
0.4165,  0.211205
0.4170,  0.174736
0.4175,  0.130896
0.4180,  0.134563
0.4185,  0.142003
0.4190,  0.146923
0.4195,  0.146557
0.4200,  0.159139
0.4205,  0.171984
0.4210,  0.181717
0.4215,  0.197234
0.4220,  0.149872
0.4225,  0.098668
0.4230,  0.132561
0.4235,  0.165132
0.4240,  0.175781
0.4245,  0.189768
0.4250,  0.170287
0.4255,  0.152126
0.4260,  0.158575
0.4265,  0.167516
0.4270,  0.140662
0.4275,  0.113633
0.4280,  0.128297
0.4285,  0.147605
0.4290,  0.138531
0.4295,  0.132981
0.4300,  0.047801
0.4305,  -0.065021
0.4310,  0.114368
0.4315,  0.246331
0.4320,  0.212347
0.4325,  0.179257
0.4330,  0.183424
0.4335,  0.191247
0.4340,  0.167081
0.4345,  0.142213
0.4350,  0.142034
0.4355,  0.140685
0.4360,  0.179217
0.4365,  0.220154
0.4370,  0.193950
0.4375,  0.173482
0.4380,  0.123487
0.4385,  0.065442
0.4390,  0.132520
0.4395,  0.190699
0.4400,  0.158389
0.4405,  0.121134
0.4410,  0.160933
0.4415,  0.197508
0.4420,  0.196727
0.4425,  0.196806
0.4430,  0.174642
0.4435,  0.155089
0.4440,  0.168073
0.4445,  0.183217
0.4450,  0.151675
0.4455,  0.114845
0.4460,  0.127031
0.4465,  0.136518
0.4470,  0.168328
0.4475,  0.198654
0.4480,  0.171385
0.4485,  0.142026
0.4490,  0.147380
0.4495,  0.149554
0.4500,  0.165809
0.4505,  0.185312
0.4510,  0.176983
0.4515,  0.171555
0.4520,  0.142586
0.4525,  0.117505
0.4530,  0.129854
0.4535,  0.138066
0.4540,  0.147179
0.4545,  0.150066
0.4550,  0.159108
0.4555,  0.165519
0.4560,  0.167057
0.4565,  0.170031
0.4570,  0.172477
0.4575,  0.178842
0.4580,  0.154871
0.4585,  0.131298
0.4590,  0.141914
0.4595,  0.147626
0.4600,  0.151465
0.4605,  0.155303
0.4610,  0.154787
0.4615,  0.153118
0.4620,  0.161214
0.4625,  0.169136
0.4630,  0.154461
0.4635,  0.145481
0.4640,  0.138502
0.4645,  0.131278
0.4650,  0.151412
0.4655,  0.171807
0.4660,  0.149433
0.4665,  0.127529
0.4670,  0.149823
0.4675,  0.167909
0.4680,  0.162678
0.4685,  0.161861
0.4690,  0.164963
0.4695,  0.169883
0.4700,  0.152144
0.4705,  0.127937
0.4710,  0.155790
0.4715,  0.182274
0.4720,  0.180382
0.4725,  0.180367
0.4730,  0.169366
0.4735,  0.158104
0.4740,  0.168730
0.4745,  0.181069
0.4750,  0.175778
0.4755,  0.169313
0.4760,  0.156162
0.4765,  0.143078
0.4770,  0.168086
0.4775,  0.190530
0.4780,  0.172551
0.4785,  0.156240
0.4790,  0.170013
0.4795,  0.182211
0.4800,  0.170237
0.4805,  0.161486
0.4810,  0.173158
0.4815,  0.183535
0.4820,  0.169400
0.4825,  0.159357
0.4830,  0.161348
0.4835,  0.164497
0.4840,  0.164086
0.4845,  0.172475
0.4850,  0.165420
0.4855,  0.155271
0.4860,  0.121075
0.4865,  0.073280
0.4870,  0.121143
0.4875,  0.161942
0.4880,  0.171143
0.4885,  0.178277
0.4890,  0.175937
0.4895,  0.176060
0.4900,  0.179824
0.4905,  0.189021
0.4910,  0.168411
0.4915,  0.147446
0.4920,  0.149311
0.4925,  0.147079
0.4930,  0.140487
0.4935,  0.130349
0.4940,  0.161548
0.4945,  0.195368
0.4950,  0.166492
0.4955,  0.137188
0.4960,  0.156731
0.4965,  0.175500
0.4970,  0.178554
0.4975,  0.183216
0.4980,  0.152709
0.4985,  0.119795
0.4990,  0.147389
0.4995,  0.176573
0.5000,  0.158957
0.5005,  0.139658
0.5010,  0.134251
0.5015,  0.123950
0.5020,  0.140303
0.5025,  0.158425
0.5030,  0.167977
0.5035,  0.176116
0.5040,  0.159106
0.5045,  0.136898
0.5050,  0.157076
0.5055,  0.179198
0.5060,  0.170403
0.5065,  0.164556
0.5070,  0.156062
0.5075,  0.144197
0.5080,  0.146125
0.5085,  0.148429
0.5090,  0.147921
0.5095,  0.146391
0.5100,  0.150664
0.5105,  0.154840
0.5110,  0.165638
0.5115,  0.176742
0.5120,  0.152535
0.5125,  0.129352
0.5130,  0.135201
0.5135,  0.137926
0.5140,  0.143285
0.5145,  0.147599
0.5150,  0.158572
0.5155,  0.176640
0.5160,  0.140252
0.5165,  0.100330
0.5170,  0.126556
0.5175,  0.145165
0.5180,  0.124091
0.5185,  0.096209
0.5190,  0.128338
0.5195,  0.160442
0.5200,  0.151560
0.5205,  0.142750
0.5210,  0.154829
0.5215,  0.171077
0.5220,  0.151935
0.5225,  0.129515
0.5230,  0.141209
0.5235,  0.151216
0.5240,  0.160621
0.5245,  0.173930
0.5250,  0.172543
0.5255,  0.175816
0.5260,  0.127975
0.5265,  0.072113
0.5270,  0.110398
0.5275,  0.140430
0.5280,  0.145732
0.5285,  0.151200
0.5290,  0.148869
0.5295,  0.146703
0.5300,  0.149127
0.5305,  0.153510
0.5310,  0.157314
0.5315,  0.166380
0.5320,  0.132123
0.5325,  0.092617
0.5330,  0.130123
0.5335,  0.162933
0.5340,  0.143251
0.5345,  0.123100
0.5350,  0.150077
0.5355,  0.178470
0.5360,  0.153963
0.5365,  0.129513
0.5370,  0.132558
0.5375,  0.137028
0.5380,  0.145425
0.5385,  0.154808
0.5390,  0.144455
0.5395,  0.135031
0.5400,  0.123757
0.5405,  0.108671
0.5410,  0.133334
0.5415,  0.156687
0.5420,  0.141910
0.5425,  0.128019
0.5430,  0.139398
0.5435,  0.148392
0.5440,  0.145746
0.5445,  0.144360
0.5450,  0.150045
0.5455,  0.154450
0.5460,  0.148593
0.5465,  0.145017
0.5470,  0.136514
0.5475,  0.126753
0.5480,  0.134360
0.5485,  0.139843
0.5490,  0.145856
0.5495,  0.151809
0.5500,  0.144118
0.5505,  0.137389
0.5510,  0.139297
0.5515,  0.140890
0.5520,  0.136163
0.5525,  0.130776
0.5530,  0.139184
0.5535,  0.148259
0.5540,  0.152358
0.5545,  0.155880
0.5550,  0.157611
0.5555,  0.160471
0.5560,  0.146467
0.5565,  0.133187
0.5570,  0.141980
0.5575,  0.152584
0.5580,  0.142869
0.5585,  0.131855
0.5590,  0.135486
0.5595,  0.139284
0.5600,  0.143485
0.5605,  0.149373
0.5610,  0.146072
0.5615,  0.141228
0.5620,  0.145348
0.5625,  0.151638
0.5630,  0.155881
0.5635,  0.160817
0.5640,  0.162814
0.5645,  0.165205
0.5650,  0.154641
0.5655,  0.141378
0.5660,  0.146486
0.5665,  0.151093
0.5670,  0.164506
0.5675,  0.178602
0.5680,  0.161872
0.5685,  0.145408
0.5690,  0.160610
0.5695,  0.176307
0.5700,  0.157247
0.5705,  0.133885
0.5710,  0.141319
0.5715,  0.144483
0.5720,  0.155424
0.5725,  0.168226
0.5730,  0.164561
0.5735,  0.163070
0.5740,  0.164493
0.5745,  0.165418
0.5750,  0.157918
0.5755,  0.147178
0.5760,  0.150130
0.5765,  0.155204
0.5770,  0.160305
0.5775,  0.165215
0.5780,  0.147481
0.5785,  0.129456
0.5790,  0.136833
0.5795,  0.143466
0.5800,  0.142093
0.5805,  0.141266
0.5810,  0.141918
0.5815,  0.142999
0.5820,  0.146886
0.5825,  0.150011
0.5830,  0.146414
0.5835,  0.144646
0.5840,  0.147259
0.5845,  0.150370
0.5850,  0.135418
0.5855,  0.120278
0.5860,  0.135692
0.5865,  0.151545
0.5870,  0.164028
0.5875,  0.181576
0.5880,  0.175771
0.5885,  0.164926
0.5890,  0.135238
0.5895,  0.098152
0.5900,  0.144529
0.5905,  0.188229
0.5910,  0.176829
0.5915,  0.163921
0.5920,  0.164505
0.5925,  0.167472
0.5930,  0.163309
0.5935,  0.163332
0.5940,  0.159030
0.5945,  0.153593
0.5950,  0.157232
0.5955,  0.159377
0.5960,  0.162088
0.5965,  0.166965
0.5970,  0.161564
0.5975,  0.155155
0.5980,  0.147322
0.5985,  0.141771
0.5990,  0.149042
0.5995,  0.156756
0.6000,  0.153507
0.6005,  0.150719
0.6010,  0.152619
0.6015,  0.150735
0.6020,  0.137115
0.6025,  0.122500
0.6030,  0.134970
0.6035,  0.152486
0.6040,  0.152552
0.6045,  0.153260
0.6050,  0.152069
0.6055,  0.149838
0.6060,  0.148179
0.6065,  0.146520
0.6070,  0.146378
0.6075,  0.147071
0.6080,  0.146443
0.6085,  0.147171
0.6090,  0.151665
0.6095,  0.154084
0.6100,  0.145601
0.6105,  0.134036
0.6110,  0.143621
0.6115,  0.155030
0.6120,  0.146670
0.6125,  0.138519
0.6130,  0.134874
0.6135,  0.131853
0.6140,  0.142232
0.6145,  0.154673
0.6150,  0.160534
0.6155,  0.162807
0.6160,  0.135303
0.6165,  0.103426
0.6170,  0.124636
0.6175,  0.146505
0.6180,  0.152084
0.6185,  0.156587
0.6190,  0.154463
0.6195,  0.151396
0.6200,  0.159277
0.6205,  0.165830
0.6210,  0.153939
0.6215,  0.143761
0.6220,  0.153343
0.6225,  0.163235
0.6230,  0.154117
0.6235,  0.149289
0.6240,  0.155110
0.6245,  0.157772
0.6250,  0.152887
0.6255,  0.146582
0.6260,  0.161476
0.6265,  0.175161
0.6270,  0.175823
0.6275,  0.175323
0.6280,  0.178720
0.6285,  0.183231
0.6290,  0.182904
0.6295,  0.181319
0.6300,  0.175697
0.6305,  0.167995
0.6310,  0.161215
0.6315,  0.157692
0.6320,  0.153307
0.6325,  0.150665
0.6330,  0.150214
0.6335,  0.151712
0.6340,  0.155324
0.6345,  0.159219
0.6350,  0.162505
0.6355,  0.161728
0.6360,  0.158965
0.6365,  0.154914
0.6370,  0.149662
0.6375,  0.145456
0.6380,  0.144360
0.6385,  0.147175
0.6390,  0.151494
0.6395,  0.151956
0.6400,  0.150224
0.6405,  0.147292
0.6410,  0.144062
0.6415,  0.145354
0.6420,  0.142386
0.6425,  0.137596
0.6430,  0.135146
0.6435,  0.134538
0.6440,  0.138537
0.6445,  0.145207
0.6450,  0.155916
0.6455,  0.160683
0.6460,  0.163821
0.6465,  0.165224
0.6470,  0.164015
0.6475,  0.160827
0.6480,  0.159030
0.6485,  0.154990
0.6490,  0.147763
0.6495,  0.150295
0.6500,  0.152090
0.6505,  0.158008
0.6510,  0.165995
0.6515,  0.166266
0.6520,  0.161730
0.6525,  0.158333
0.6530,  0.157188
0.6535,  0.151118
0.6540,  0.153488
0.6545,  0.162599
0.6550,  0.174168
0.6555,  0.169344
0.6560,  0.147239
0.6565,  0.113331
0.6570,  0.075316
0.6575,  0.086250
0.6580,  0.101132
0.6585,  0.118070
0.6590,  0.137316
0.6595,  0.134229
0.6600,  0.130340
0.6605,  0.126074
0.6610,  0.123916
0.6615,  0.122206
0.6620,  0.121316
0.6625,  0.120765
0.6630,  0.121730
0.6635,  0.124697
0.6640,  0.124273
0.6645,  0.126132
0.6650,  0.127923
0.6655,  0.124683
0.6660,  0.118454
0.6665,  0.113047
0.6670,  0.106944
0.6675,  0.107582
0.6680,  0.107739
0.6685,  0.112559
0.6690,  0.118699
0.6695,  0.118542
0.6700,  0.117546
0.6705,  0.118420
0.6710,  0.115505
0.6715,  0.114652
0.6720,  0.113943
0.6725,  0.114492
0.6730,  0.114343
0.6735,  0.113753
0.6740,  0.111833
0.6745,  0.109562
0.6750,  0.108265
0.6755,  0.109571
0.6760,  0.111721
0.6765,  0.114369
0.6770,  0.117237
0.6775,  0.119757
0.6780,  0.121296
0.6785,  0.121060
0.6790,  0.117620
0.6795,  0.114261
0.6800,  0.110556
0.6805,  0.108470
0.6810,  0.109134
0.6815,  0.111978
0.6820,  0.116629
0.6825,  0.121613
0.6830,  0.124976
0.6835,  0.126695
0.6840,  0.129384
0.6845,  0.130845
0.6850,  0.139405
0.6855,  0.170072
0.6860,  0.206964
0.6865,  0.238969
0.6870,  0.255333
0.6875,  0.252025
0.6880,  0.247710
0.6885,  0.241144
0.6890,  0.235948
0.6895,  0.227178
0.6900,  0.215838
0.6905,  0.202168
0.6910,  0.194565
0.6915,  0.189400
0.6920,  0.184980
0.6925,  0.184612
0.6930,  0.187256
0.6935,  0.185267
0.6940,  0.184466
0.6945,  0.179694
0.6950,  0.175561
0.6955,  0.165993
0.6960,  0.157011
0.6965,  0.153251
0.6970,  0.151347
0.6975,  0.154373
0.6980,  0.162960
0.6985,  0.170813
0.6990,  0.176084
0.6995,  0.174529
0.7000,  0.170229
0.7005,  0.165241
0.7010,  0.160532
0.7015,  0.161824
0.7020,  0.161109
0.7025,  0.159674
0.7030,  0.157364
0.7035,  0.158040
0.7040,  0.157207
0.7045,  0.160321
0.7050,  0.165705
0.7055,  0.165744
0.7060,  0.163720
0.7065,  0.157658
0.7070,  0.155543
0.7075,  0.152952
0.7080,  0.147993
0.7085,  0.140374
0.7090,  0.133323
0.7095,  0.132102
0.7100,  0.132046
0.7105,  0.135478
0.7110,  0.141584
0.7115,  0.144690
0.7120,  0.147107
0.7125,  0.147553
0.7130,  0.146251
0.7135,  0.148992
0.7140,  0.153594
0.7145,  0.160337
0.7150,  0.172317
0.7155,  0.194728
0.7160,  0.227875
0.7165,  0.266698
0.7170,  0.302057
0.7175,  0.325910
0.7180,  0.344452
0.7185,  0.358133
0.7190,  0.359608
0.7195,  0.350506
0.7200,  0.324198
0.7205,  0.294543
0.7210,  0.269632
0.7215,  0.252236
0.7220,  0.255739
0.7225,  0.271420
0.7230,  0.289711
0.7235,  0.303401
0.7240,  0.313008
0.7245,  0.318296
0.7250,  0.321138
0.7255,  0.320480
0.7260,  0.321206
0.7265,  0.320488
0.7270,  0.315673
0.7275,  0.307891
0.7280,  0.300435
0.7285,  0.291966
0.7290,  0.284628
0.7295,  0.281060
0.7300,  0.280693
0.7305,  0.272041
0.7310,  0.256974
0.7315,  0.239857
0.7320,  0.223721
0.7325,  0.206432
0.7330,  0.192451
0.7335,  0.184548
0.7340,  0.180067
0.7345,  0.177904
0.7350,  0.178069
0.7355,  0.177038
0.7360,  0.171952
0.7365,  0.170935
0.7370,  0.170602
0.7375,  0.166170
0.7380,  0.164391
0.7385,  0.159511
0.7390,  0.153910
0.7395,  0.147208
0.7400,  0.138639
0.7405,  0.135412
0.7410,  0.129375
0.7415,  0.127722
0.7420,  0.128760
0.7425,  0.130621
0.7430,  0.134211
0.7435,  0.134867
0.7440,  0.134606
0.7445,  0.129516
0.7450,  0.125849
0.7455,  0.122713
0.7460,  0.116972
0.7465,  0.115838
0.7470,  0.118051
0.7475,  0.118243
0.7480,  0.117943
0.7485,  0.116654
0.7490,  0.117254
0.7495,  0.121687
0.7500,  0.123986
0.7505,  0.125540
0.7510,  0.122498
0.7515,  0.119975
0.7520,  0.120369
0.7525,  0.120012
0.7530,  0.119405
0.7535,  0.119545
0.7540,  0.119768
0.7545,  0.118072
0.7550,  0.117877
0.7555,  0.118505
0.7560,  0.120224
0.7565,  0.119934
0.7570,  0.124447
0.7575,  0.147714
0.7580,  0.196836
0.7585,  0.289488
0.7590,  0.432591
0.7595,  0.590283
0.7600,  0.709061
0.7605,  0.752537
0.7610,  0.740905
0.7615,  0.714349
0.7620,  0.703815
0.7625,  0.694220
0.7630,  0.676965
0.7635,  0.632514
0.7640,  0.569103
0.7645,  0.500868
0.7650,  0.434508
0.7655,  0.366829
0.7660,  0.305746
0.7665,  0.250004
0.7670,  0.209821
0.7675,  0.185252
0.7680,  0.165213
0.7685,  0.155162
0.7690,  0.151323
0.7695,  0.146076
0.7700,  0.143766
0.7705,  0.140899
0.7710,  0.132916
0.7715,  0.127269
0.7720,  0.124378
0.7725,  0.123207
0.7730,  0.124554
0.7735,  0.122795
0.7740,  0.123600
0.7745,  0.125867
0.7750,  0.121419
0.7755,  0.118014
0.7760,  0.116879
0.7765,  0.117897
0.7770,  0.115748
0.7775,  0.114387
0.7780,  0.114208
0.7785,  0.113722
0.7790,  0.113865
0.7795,  0.116476
0.7800,  0.119861
0.7805,  0.119751
0.7810,  0.119456
0.7815,  0.117296
0.7820,  0.115272
0.7825,  0.113736
0.7830,  0.110762
0.7835,  0.111548
0.7840,  0.113874
0.7845,  0.119110
0.7850,  0.121463
0.7855,  0.121286
0.7860,  0.119725
0.7865,  0.119218
0.7870,  0.119324
0.7875,  0.124280
0.7880,  0.132844
0.7885,  0.142589
0.7890,  0.146823
0.7895,  0.144073
0.7900,  0.137950
0.7905,  0.137348
0.7910,  0.139652
0.7915,  0.143315
0.7920,  0.146343
0.7925,  0.146757
0.7930,  0.143224
0.7935,  0.140323
0.7940,  0.131779
0.7945,  0.129459
0.7950,  0.125422
0.7955,  0.128159
0.7960,  0.126604
0.7965,  0.128355
0.7970,  0.137080
0.7975,  0.137660
0.7980,  0.135861
0.7985,  0.136150
0.7990,  0.133317
0.7995,  0.141317
0.8000,  0.145904
0.8005,  0.144884
0.8010,  0.147058
0.8015,  0.141155
0.8020,  0.139842
0.8025,  0.137979
0.8030,  0.137898
0.8035,  0.141170
0.8040,  0.136310
0.8045,  0.134495
0.8050,  0.129556
0.8055,  0.131862
0.8060,  0.133533
0.8065,  0.137511
0.8070,  0.141089
0.8075,  0.137084
0.8080,  0.129991
0.8085,  0.121776
0.8090,  0.121556
0.8095,  0.136207
0.8100,  0.153587
0.8105,  0.171013
0.8110,  0.180618
0.8115,  0.189394
0.8120,  0.205599
0.8125,  0.228426
0.8130,  0.250232
0.8135,  0.269782
0.8140,  0.290361
0.8145,  0.305262
0.8150,  0.324663
0.8155,  0.336126
0.8160,  0.354717
0.8165,  0.362951
0.8170,  0.357878
0.8175,  0.339538
0.8180,  0.319378
0.8185,  0.296290
0.8190,  0.269350
0.8195,  0.255225
0.8200,  0.240601
0.8205,  0.240319
0.8210,  0.263951
0.8215,  0.298606
0.8220,  0.333758
0.8225,  0.345202
0.8230,  0.326219
0.8235,  0.286848
0.8240,  0.253411
0.8245,  0.226070
0.8250,  0.208644
0.8255,  0.205261
0.8260,  0.210514
0.8265,  0.224611
0.8270,  0.243437
0.8275,  0.256570
0.8280,  0.261097
0.8285,  0.257230
0.8290,  0.249379
0.8295,  0.234256
0.8300,  0.220987
0.8305,  0.213237
0.8310,  0.210256
0.8315,  0.210935
0.8320,  0.214608
0.8325,  0.220107
0.8330,  0.212411
0.8335,  0.190156
0.8340,  0.170490
0.8345,  0.167753
0.8350,  0.165469
0.8355,  0.160893
0.8360,  0.151626
0.8365,  0.141708
0.8370,  0.138774
0.8375,  0.135959
0.8380,  0.132557
0.8385,  0.125424
0.8390,  0.121948
0.8395,  0.123396
0.8400,  0.132144
0.8405,  0.125571
0.8410,  0.122493
0.8415,  0.117320
0.8420,  0.108440
0.8425,  0.104302
0.8430,  0.103588
0.8435,  0.104367
0.8440,  0.107529
0.8445,  0.109215
0.8450,  0.108520
0.8455,  0.107539
0.8460,  0.105150
0.8465,  0.100786
0.8470,  0.096789
0.8475,  0.097885
0.8480,  0.094125
0.8485,  0.088066
0.8490,  0.090973
0.8495,  0.096618
0.8500,  0.089374
0.8505,  0.090269
0.8510,  0.092933
0.8515,  0.094402
0.8520,  0.104457
0.8525,  0.103437
0.8530,  0.101474
0.8535,  0.096298
0.8540,  0.070764
0.8545,  0.073978
0.8550,  0.067009
0.8555,  0.068459
0.8560,  0.081578
0.8565,  0.078789
0.8570,  0.077715
0.8575,  0.078618
0.8580,  0.084983
0.8585,  0.080374
0.8590,  0.081688
0.8595,  0.083377
0.8600,  0.080175
0.8605,  0.086385
0.8610,  0.091809
0.8615,  0.094618
0.8620,  0.096678
0.8625,  0.088392
0.8630,  0.088385
0.8635,  0.090252
0.8640,  0.098207
0.8645,  0.092257
0.8650,  0.084240
0.8655,  0.073775
0.8660,  0.050631
0.8665,  0.053032
0.8670,  0.055582
0.8675,  0.060611
0.8680,  0.059110
0.8685,  0.059807
0.8690,  0.060098
0.8695,  0.060675
0.8700,  0.063997
0.8705,  0.068808
0.8710,  0.075693
0.8715,  0.080039
0.8720,  0.078284
0.8725,  0.080201
0.8730,  0.073275
0.8735,  0.073141
0.8740,  0.078273
0.8745,  0.081405
0.8750,  0.082499
0.8755,  0.086275
0.8760,  0.092575
0.8765,  0.087162
0.8770,  0.090688
0.8775,  0.088152
0.8780,  0.088499
0.8785,  0.082348
0.8790,  0.082626
0.8795,  0.080503
0.8800,  0.072962
0.8805,  0.068330
0.8810,  0.068497
0.8815,  0.061373
0.8820,  0.052771
0.8825,  0.057770
0.8830,  0.073908
0.8835,  0.073113
0.8840,  0.080134
0.8845,  0.072821
0.8850,  0.072696
0.8855,  0.072154
0.8860,  0.066587
0.8865,  0.056140
0.8870,  0.057915
0.8875,  0.062403
0.8880,  0.067239
0.8885,  0.083660
0.8890,  0.089732
0.8895,  0.091998
0.8900,  0.085686
