0.3500,  2.232670
0.3505,  2.169604
0.3510,  2.052380
0.3515,  2.043183
0.3520,  2.060130
0.3525,  1.946258
0.3530,  1.903275
0.3535,  1.844719
0.3540,  1.784337
0.3545,  1.752299
0.3550,  1.708364
0.3555,  1.679996
0.3560,  1.620513
0.3565,  1.633819
0.3570,  1.728373
0.3575,  1.831064
0.3580,  1.897152
0.3585,  1.922955
0.3590,  2.108329
0.3595,  2.183357
0.3600,  2.098922
0.3605,  2.040938
0.3610,  1.932370
0.3615,  1.801598
0.3620,  1.736805
0.3625,  1.700496
0.3630,  1.601407
0.3635,  1.535173
0.3640,  1.486364
0.3645,  1.417719
0.3650,  1.382659
0.3655,  1.355275
0.3660,  1.319173
0.3665,  1.284911
0.3670,  1.215112
0.3675,  1.164465
0.3680,  1.105703
0.3685,  1.052127
0.3690,  1.084630
0.3695,  1.110922
0.3700,  1.063419
0.3705,  1.027897
0.3710,  1.053659
0.3715,  1.080301
0.3720,  1.053772
0.3725,  1.045269
0.3730,  1.043884
0.3735,  1.046606
0.3740,  1.101031
0.3745,  1.131887
0.3750,  1.227583
0.3755,  1.290999
0.3760,  1.258913
0.3765,  1.203811
0.3770,  1.202110
0.3775,  1.191265
0.3780,  1.132427
0.3785,  1.095067
0.3790,  0.977837
0.3795,  0.868843
0.3800,  0.924071
0.3805,  0.982288
0.3810,  0.962590
0.3815,  0.970880
0.3820,  0.925961
0.3825,  0.877803
0.3830,  0.920836
0.3835,  0.939470
0.3840,  1.164637
0.3845,  1.315074
0.3850,  1.317972
0.3855,  1.318975
0.3860,  1.282122
0.3865,  1.238424
0.3870,  1.207266
0.3875,  1.177772
0.3880,  1.134578
0.3885,  1.086262
0.3890,  1.119456
0.3895,  1.128844
0.3900,  1.084220
0.3905,  1.040751
0.3910,  1.011683
0.3915,  1.016164
0.3920,  0.912267
0.3925,  0.830341
0.3930,  0.690075
0.3935,  0.481493
0.3940,  0.831721
0.3945,  1.066053
0.3950,  1.161480
0.3955,  1.240910
0.3960,  1.054567
0.3965,  0.832344
0.3970,  0.846216
0.3975,  0.822016
0.3980,  0.986921
0.3985,  1.077780
0.3990,  1.008549
0.3995,  0.948562
0.4000,  0.864879
0.4005,  0.787675
0.4010,  0.741587
0.4015,  0.714366
0.4020,  0.680194
0.4025,  0.655293
0.4030,  0.615390
0.4035,  0.582860
0.4040,  0.574744
0.4045,  0.572026
0.4050,  0.572189
0.4055,  0.572500
0.4060,  0.556458
0.4065,  0.540139
0.4070,  0.554312
0.4075,  0.565202
0.4080,  0.589113
0.4085,  0.612128
0.4090,  0.599589
0.4095,  0.586677
0.4100,  0.533432
0.4105,  0.475169
0.4110,  0.546343
0.4115,  0.608632
0.4120,  0.589500
0.4125,  0.567508
0.4130,  0.548930
0.4135,  0.534034
0.4140,  0.524770
0.4145,  0.514200
0.4150,  0.510622
0.4155,  0.505461
0.4160,  0.527732
0.4165,  0.552593
0.4170,  0.508262
0.4175,  0.461550
0.4180,  0.468741
0.4185,  0.478913
0.4190,  0.490674
0.4195,  0.495013
0.4200,  0.511860
0.4205,  0.528267
0.4210,  0.534721
0.4215,  0.543016
0.4220,  0.489706
0.4225,  0.429464
0.4230,  0.466958
0.4235,  0.500439
0.4240,  0.516762
0.4245,  0.539234
0.4250,  0.526516
0.4255,  0.511603
0.4260,  0.514512
0.4265,  0.518590
0.4270,  0.487480
0.4275,  0.455099
0.4280,  0.469440
0.4285,  0.485934
0.4290,  0.472959
0.4295,  0.469877
0.4300,  0.389808
0.4305,  0.287107
0.4310,  0.496974
0.4315,  0.654633
0.4320,  0.621082
0.4325,  0.583755
0.4330,  0.580200
0.4335,  0.574032
0.4340,  0.530279
0.4345,  0.491565
0.4350,  0.487176
0.4355,  0.481581
0.4360,  0.518735
0.4365,  0.554368
0.4370,  0.512376
0.4375,  0.477521
0.4380,  0.418220
0.4385,  0.353991
0.4390,  0.428689
0.4395,  0.497984
0.4400,  0.469399
0.4405,  0.433490
0.4410,  0.477034
0.4415,  0.512538
0.4420,  0.504952
0.4425,  0.496043
0.4430,  0.462323
0.4435,  0.433690
0.4440,  0.441586
0.4445,  0.453285
0.4450,  0.415536
0.4455,  0.376330
0.4460,  0.392461
0.4465,  0.406415
0.4470,  0.440238
0.4475,  0.470530
0.4480,  0.438011
0.4485,  0.405414
0.4490,  0.407774
0.4495,  0.410516
0.4500,  0.422865
0.4505,  0.436339
0.4510,  0.419887
0.4515,  0.408140
0.4520,  0.370005
0.4525,  0.339479
0.4530,  0.353079
0.4535,  0.366309
0.4540,  0.378710
0.4545,  0.386724
0.4550,  0.398528
0.4555,  0.409710
0.4560,  0.412286
0.4565,  0.410289
0.4570,  0.409184
0.4575,  0.409155
0.4580,  0.378093
0.4585,  0.347605
0.4590,  0.359041
0.4595,  0.371097
0.4600,  0.379747
0.4605,  0.385711
0.4610,  0.385193
0.4615,  0.380890
0.4620,  0.384322
0.4625,  0.389648
0.4630,  0.373689
0.4635,  0.362843
0.4640,  0.355012
0.4645,  0.345786
0.4650,  0.366215
0.4655,  0.389192
0.4660,  0.365682
0.4665,  0.339759
0.4670,  0.362847
0.4675,  0.382104
0.4680,  0.375906
0.4685,  0.369603
0.4690,  0.365979
0.4695,  0.369003
0.4700,  0.346731
0.4705,  0.320560
0.4710,  0.353166
0.4715,  0.380609
0.4720,  0.377297
0.4725,  0.375060
0.4730,  0.362355
0.4735,  0.347835
0.4740,  0.355805
0.4745,  0.363784
0.4750,  0.351176
0.4755,  0.338533
0.4760,  0.320367
0.4765,  0.304531
0.4770,  0.329736
0.4775,  0.353994
0.4780,  0.335197
0.4785,  0.315312
0.4790,  0.326244
0.4795,  0.336720
0.4800,  0.321969
0.4805,  0.312232
0.4810,  0.322278
0.4815,  0.331086
0.4820,  0.312512
0.4825,  0.301035
0.4830,  0.303045
0.4835,  0.306227
0.4840,  0.300273
0.4845,  0.300988
0.4850,  0.284571
0.4855,  0.269507
0.4860,  0.236634
0.4865,  0.194111
0.4870,  0.254664
0.4875,  0.305764
0.4880,  0.320446
0.4885,  0.331025
0.4890,  0.327657
0.4895,  0.322701
0.4900,  0.320048
0.4905,  0.323402
0.4910,  0.295160
0.4915,  0.267603
0.4920,  0.266247
0.4925,  0.265365
0.4930,  0.262557
0.4935,  0.254847
0.4940,  0.287264
0.4945,  0.319204
0.4950,  0.281913
0.4955,  0.243915
0.4960,  0.260396
0.4965,  0.278943
0.4970,  0.279553
0.4975,  0.282912
0.4980,  0.248748
0.4985,  0.211846
0.4990,  0.238377
0.4995,  0.266102
0.5000,  0.244991
0.5005,  0.224180
0.5010,  0.219803
0.5015,  0.211586
0.5020,  0.232491
0.5025,  0.252034
0.5030,  0.261182
0.5035,  0.266892
0.5040,  0.249382
0.5045,  0.230258
0.5050,  0.252525
0.5055,  0.274511
0.5060,  0.259960
0.5065,  0.246723
0.5070,  0.232910
0.5075,  0.222478
0.5080,  0.228027
0.5085,  0.232326
0.5090,  0.231716
0.5095,  0.229209
0.5100,  0.232534
0.5105,  0.236203
0.5110,  0.245105
0.5115,  0.253299
0.5120,  0.222417
0.5125,  0.195587
0.5130,  0.200949
0.5135,  0.205261
0.5140,  0.215286
0.5145,  0.222398
0.5150,  0.231705
0.5155,  0.244383
0.5160,  0.199159
0.5165,  0.154674
0.5170,  0.185281
0.5175,  0.213580
0.5180,  0.202412
0.5185,  0.183233
0.5190,  0.224924
0.5195,  0.262092
0.5200,  0.251506
0.5205,  0.239273
0.5210,  0.246583
0.5215,  0.255828
0.5220,  0.230525
0.5225,  0.205098
0.5230,  0.220884
0.5235,  0.233201
0.5240,  0.243207
0.5245,  0.253574
0.5250,  0.245809
0.5255,  0.242390
0.5260,  0.188341
0.5265,  0.130775
0.5270,  0.178943
0.5275,  0.219664
0.5280,  0.232160
0.5285,  0.239833
0.5290,  0.235087
0.5295,  0.229641
0.5300,  0.228358
0.5305,  0.229862
0.5310,  0.227527
0.5315,  0.230701
0.5320,  0.190294
0.5325,  0.149306
0.5330,  0.195161
0.5335,  0.236136
0.5340,  0.220325
0.5345,  0.200759
0.5350,  0.227383
0.5355,  0.254580
0.5360,  0.226341
0.5365,  0.200536
0.5370,  0.205239
0.5375,  0.209091
0.5380,  0.216794
0.5385,  0.225961
0.5390,  0.212910
0.5395,  0.201760
0.5400,  0.192441
0.5405,  0.181903
0.5410,  0.210882
0.5415,  0.237113
0.5420,  0.220665
0.5425,  0.205316
0.5430,  0.218015
0.5435,  0.227933
0.5440,  0.224431
0.5445,  0.222797
0.5450,  0.228209
0.5455,  0.231882
0.5460,  0.226875
0.5465,  0.220771
0.5470,  0.210100
0.5475,  0.200711
0.5480,  0.209448
0.5485,  0.216913
0.5490,  0.224093
0.5495,  0.230995
0.5500,  0.221952
0.5505,  0.214796
0.5510,  0.218189
0.5515,  0.222289
0.5520,  0.219211
0.5525,  0.213667
0.5530,  0.222438
0.5535,  0.229554
0.5540,  0.232198
0.5545,  0.233268
0.5550,  0.232441
0.5555,  0.233102
0.5560,  0.218788
0.5565,  0.205753
0.5570,  0.217865
0.5575,  0.231202
0.5580,  0.222133
0.5585,  0.213002
0.5590,  0.221188
0.5595,  0.228465
0.5600,  0.235610
0.5605,  0.241399
0.5610,  0.235811
0.5615,  0.230859
0.5620,  0.236555
0.5625,  0.243741
0.5630,  0.246539
0.5635,  0.250280
0.5640,  0.249671
0.5645,  0.249207
0.5650,  0.237887
0.5655,  0.226580
0.5660,  0.235759
0.5665,  0.242954
0.5670,  0.255936
0.5675,  0.269432
0.5680,  0.251570
0.5685,  0.234196
0.5690,  0.248728
0.5695,  0.264945
0.5700,  0.246638
0.5705,  0.226926
0.5710,  0.241117
0.5715,  0.250853
0.5720,  0.265140
0.5725,  0.276762
0.5730,  0.269129
0.5735,  0.263323
0.5740,  0.260970
0.5745,  0.260441
0.5750,  0.254338
0.5755,  0.247636
0.5760,  0.254259
0.5765,  0.261390
0.5770,  0.267131
0.5775,  0.274663
0.5780,  0.258501
0.5785,  0.240693
0.5790,  0.249885
0.5795,  0.257604
0.5800,  0.257928
0.5805,  0.259932
0.5810,  0.264056
0.5815,  0.268017
0.5820,  0.270452
0.5825,  0.272427
0.5830,  0.267303
0.5835,  0.262971
0.5840,  0.263818
0.5845,  0.267753
0.5850,  0.252520
0.5855,  0.239273
0.5860,  0.257466
0.5865,  0.273133
0.5870,  0.280055
0.5875,  0.289383
0.5880,  0.279454
0.5885,  0.270957
0.5890,  0.251481
0.5895,  0.225836
0.5900,  0.285150
0.5905,  0.335854
0.5910,  0.324335
0.5915,  0.309834
0.5920,  0.305634
0.5925,  0.303780
0.5930,  0.295344
0.5935,  0.293859
0.5940,  0.291278
0.5945,  0.288905
0.5950,  0.295792
0.5955,  0.298731
0.5960,  0.304367
0.5965,  0.308072
0.5970,  0.297633
0.5975,  0.289046
0.5980,  0.285083
0.5985,  0.282421
0.5990,  0.293458
0.5995,  0.301333
0.6000,  0.296798
0.6005,  0.293312
0.6010,  0.296116
0.6015,  0.296915
0.6020,  0.286665
0.6025,  0.275864
0.6030,  0.290313
0.6035,  0.303563
0.6040,  0.300725
0.6045,  0.301121
0.6050,  0.299810
0.6055,  0.296902
0.6060,  0.293226
0.6065,  0.290427
0.6070,  0.290755
0.6075,  0.291162
0.6080,  0.291454
0.6085,  0.292865
0.6090,  0.300474
0.6095,  0.305710
0.6100,  0.299015
0.6105,  0.289257
0.6110,  0.299534
0.6115,  0.309265
0.6120,  0.299728
0.6125,  0.293725
0.6130,  0.294968
0.6135,  0.293167
0.6140,  0.304942
0.6145,  0.318324
0.6150,  0.324371
0.6155,  0.327592
0.6160,  0.302073
0.6165,  0.275496
0.6170,  0.302928
0.6175,  0.327957
0.6180,  0.332776
0.6185,  0.337911
0.6190,  0.335368
0.6195,  0.329845
0.6200,  0.335298
0.6205,  0.341019
0.6210,  0.328025
0.6215,  0.314546
0.6220,  0.322013
0.6225,  0.330029
0.6230,  0.324175
0.6235,  0.321612
0.6240,  0.327998
0.6245,  0.330891
0.6250,  0.327567
0.6255,  0.323067
0.6260,  0.338291
0.6265,  0.352656
0.6270,  0.353272
0.6275,  0.356327
0.6280,  0.363248
0.6285,  0.370926
0.6290,  0.372376
0.6295,  0.371777
0.6300,  0.367818
0.6305,  0.361367
0.6310,  0.355853
0.6315,  0.354544
0.6320,  0.354047
0.6325,  0.353733
0.6330,  0.353866
0.6335,  0.353745
0.6340,  0.355406
0.6345,  0.359391
0.6350,  0.362668
0.6355,  0.366516
0.6360,  0.365868
0.6365,  0.363062
0.6370,  0.357851
0.6375,  0.351731
0.6380,  0.348296
0.6385,  0.348757
0.6390,  0.351435
0.6395,  0.353599
0.6400,  0.356872
0.6405,  0.356089
0.6410,  0.353113
0.6415,  0.354258
0.6420,  0.351050
0.6425,  0.347232
0.6430,  0.345858
0.6435,  0.350274
0.6440,  0.357872
0.6445,  0.364695
0.6450,  0.373716
0.6455,  0.379632
0.6460,  0.384435
0.6465,  0.386244
0.6470,  0.384338
0.6475,  0.381591
0.6480,  0.376825
0.6485,  0.376433
0.6490,  0.376631
0.6495,  0.387716
0.6500,  0.393618
0.6505,  0.398319
0.6510,  0.405188
0.6515,  0.405377
0.6520,  0.404697
0.6525,  0.400692
0.6530,  0.396074
0.6535,  0.384254
0.6540,  0.376771
0.6545,  0.374645
0.6550,  0.379189
0.6555,  0.386370
0.6560,  0.393098
0.6565,  0.386077
0.6570,  0.362546
0.6575,  0.376276
0.6580,  0.384484
0.6585,  0.393459
0.6590,  0.404102
0.6595,  0.395643
0.6600,  0.390912
0.6605,  0.384628
0.6610,  0.382621
0.6615,  0.377880
0.6620,  0.374427
0.6625,  0.374187
0.6630,  0.376363
0.6635,  0.384979
0.6640,  0.390742
0.6645,  0.395719
0.6650,  0.397769
0.6655,  0.394940
0.6660,  0.392382
0.6665,  0.387768
0.6670,  0.384523
0.6675,  0.385555
0.6680,  0.385773
0.6685,  0.387437
0.6690,  0.391400
0.6695,  0.394120
0.6700,  0.397950
0.6705,  0.400967
0.6710,  0.404914
0.6715,  0.408422
0.6720,  0.408707
0.6725,  0.407672
0.6730,  0.400625
0.6735,  0.394880
0.6740,  0.394760
0.6745,  0.394880
0.6750,  0.396733
0.6755,  0.401387
0.6760,  0.407790
0.6765,  0.414539
0.6770,  0.419208
0.6775,  0.417940
0.6780,  0.415717
0.6785,  0.416182
0.6790,  0.413426
0.6795,  0.414104
0.6800,  0.415136
0.6805,  0.415039
0.6810,  0.417857
0.6815,  0.422332
0.6820,  0.428487
0.6825,  0.434238
0.6830,  0.442553
0.6835,  0.447005
0.6840,  0.448801
0.6845,  0.448610
0.6850,  0.447853
0.6855,  0.457420
0.6860,  0.482406
0.6865,  0.527302
0.6870,  0.577582
0.6875,  0.612531
0.6880,  0.636574
0.6885,  0.640821
0.6890,  0.637305
0.6895,  0.630385
0.6900,  0.622539
0.6905,  0.613645
0.6910,  0.600416
0.6915,  0.587126
0.6920,  0.573903
0.6925,  0.566023
0.6930,  0.566558
0.6935,  0.567839
0.6940,  0.567617
0.6945,  0.570789
0.6950,  0.568162
0.6955,  0.562007
0.6960,  0.555105
0.6965,  0.547014
0.6970,  0.541805
0.6975,  0.539110
0.6980,  0.541738
0.6985,  0.550401
0.6990,  0.561595
0.6995,  0.570078
0.7000,  0.568679
0.7005,  0.565270
0.7010,  0.563605
0.7015,  0.569726
0.7020,  0.578007
0.7025,  0.587081
0.7030,  0.587898
0.7035,  0.591408
0.7040,  0.593238
0.7045,  0.595027
0.7050,  0.594877
0.7055,  0.588791
0.7060,  0.588152
0.7065,  0.579756
0.7070,  0.570101
0.7075,  0.561863
0.7080,  0.555071
0.7085,  0.553174
0.7090,  0.555272
0.7095,  0.560352
0.7100,  0.561948
0.7105,  0.564731
0.7110,  0.567626
0.7115,  0.571962
0.7120,  0.575058
0.7125,  0.578606
0.7130,  0.576570
0.7135,  0.574374
0.7140,  0.576875
0.7145,  0.580131
0.7150,  0.587356
0.7155,  0.607627
0.7160,  0.634972
0.7165,  0.673545
0.7170,  0.730535
0.7175,  0.794613
0.7180,  0.856641
0.7185,  0.908093
0.7190,  0.946344
0.7195,  0.974182
0.7200,  0.982032
0.7205,  0.962379
0.7210,  0.917782
0.7215,  0.866399
0.7220,  0.836951
0.7225,  0.830690
0.7230,  0.843684
0.7235,  0.865909
0.7240,  0.896679
0.7245,  0.922798
0.7250,  0.939825
0.7255,  0.939072
0.7260,  0.931175
0.7265,  0.932429
0.7270,  0.932539
0.7275,  0.928998
0.7280,  0.922036
0.7285,  0.916520
0.7290,  0.905530
0.7295,  0.902239
0.7300,  0.902347
0.7305,  0.892701
0.7310,  0.884362
0.7315,  0.868270
0.7320,  0.847498
0.7325,  0.823943
0.7330,  0.798256
0.7335,  0.767747
0.7340,  0.744806
0.7345,  0.736161
0.7350,  0.735820
0.7355,  0.736633
0.7360,  0.735481
0.7365,  0.730828
0.7370,  0.727054
0.7375,  0.726983
0.7380,  0.732366
0.7385,  0.734908
0.7390,  0.735490
0.7395,  0.729201
0.7400,  0.725262
0.7405,  0.727003
0.7410,  0.734217
0.7415,  0.738964
0.7420,  0.740203
0.7425,  0.741757
0.7430,  0.742581
0.7435,  0.735873
0.7440,  0.739015
0.7445,  0.735853
0.7450,  0.736328
0.7455,  0.736011
0.7460,  0.737853
0.7465,  0.732976
0.7470,  0.731045
0.7475,  0.723056
0.7480,  0.719970
0.7485,  0.724621
0.7490,  0.733098
0.7495,  0.742286
0.7500,  0.752347
0.7505,  0.762281
0.7510,  0.759367
0.7515,  0.760043
0.7520,  0.759959
0.7525,  0.758884
0.7530,  0.761067
0.7535,  0.756200
0.7540,  0.748054
0.7545,  0.743641
0.7550,  0.745988
0.7555,  0.752073
0.7560,  0.760190
0.7565,  0.770618
0.7570,  0.775891
0.7575,  0.782986
0.7580,  0.810756
0.7585,  0.881378
0.7590,  1.031674
0.7595,  1.314324
0.7600,  1.825961
0.7605,  2.741609
0.7610,  4.358361
0.7615,  5.693426
0.7620,  4.907591
0.7625,  4.181696
0.7630,  4.070213
0.7635,  3.839778
0.7640,  3.314564
0.7645,  2.753471
0.7650,  2.349733
0.7655,  2.004723
0.7660,  1.734046
0.7665,  1.533058
0.7670,  1.358850
0.7675,  1.231393
0.7680,  1.143190
0.7685,  1.088722
0.7690,  1.048493
0.7695,  1.025534
0.7700,  1.007211
0.7705,  0.995068
0.7710,  0.981489
0.7715,  0.974479
0.7720,  0.964646
0.7725,  0.956442
0.7730,  0.955844
0.7735,  0.945889
0.7740,  0.944073
0.7745,  0.949900
0.7750,  0.942256
0.7755,  0.934422
0.7760,  0.928833
0.7765,  0.945604
0.7770,  0.947126
0.7775,  0.948689
0.7780,  0.950812
0.7785,  0.959409
0.7790,  0.962097
0.7795,  0.955805
0.7800,  0.962290
0.7805,  0.962371
0.7810,  0.961378
0.7815,  0.965026
0.7820,  0.964181
0.7825,  0.961217
0.7830,  0.969129
0.7835,  0.992923
0.7840,  1.004434
0.7845,  1.015173
0.7850,  1.025089
0.7855,  1.033894
0.7860,  1.045417
0.7865,  1.050652
0.7870,  1.057489
0.7875,  1.056155
0.7880,  1.063887
0.7885,  1.088564
0.7890,  1.115516
0.7895,  1.149083
0.7900,  1.167399
0.7905,  1.168336
0.7910,  1.164763
0.7915,  1.183261
0.7920,  1.200199
0.7925,  1.205015
0.7930,  1.212304
0.7935,  1.223094
0.7940,  1.244953
0.7945,  1.273922
0.7950,  1.269668
0.7955,  1.277277
0.7960,  1.292815
0.7965,  1.298825
0.7970,  1.306017
0.7975,  1.298680
0.7980,  1.280522
0.7985,  1.279475
0.7990,  1.270600
0.7995,  1.263292
0.8000,  1.262926
0.8005,  1.264267
0.8010,  1.270784
0.8015,  1.309711
0.8020,  1.337512
0.8025,  1.358667
0.8030,  1.377820
0.8035,  1.388319
0.8040,  1.384495
0.8045,  1.367474
0.8050,  1.364842
0.8055,  1.342928
0.8060,  1.325912
0.8065,  1.338574
0.8070,  1.368354
0.8075,  1.401564
0.8080,  1.401130
0.8085,  1.408307
0.8090,  1.431555
0.8095,  1.458919
0.8100,  1.474480
0.8105,  1.501879
0.8110,  1.541682
0.8115,  1.610928
0.8120,  1.672988
0.8125,  1.721892
0.8130,  1.798812
0.8135,  1.913096
0.8140,  2.080978
0.8145,  2.298154
0.8150,  2.569268
0.8155,  2.880965
0.8160,  3.245433
0.8165,  3.609271
0.8170,  4.161496
0.8175,  4.385008
0.8180,  4.236149
0.8185,  4.151553
0.8190,  4.506931
0.8195,  3.859138
0.8200,  3.150250
0.8205,  2.723558
0.8210,  2.580833
0.8215,  2.735639
0.8220,  3.132264
0.8225,  3.965775
0.8230,  4.714782
0.8235,  5.221506
0.8240,  4.998913
0.8245,  4.304206
0.8250,  3.360149
0.8255,  2.938288
0.8260,  2.772216
0.8265,  2.772559
0.8270,  2.806237
0.8275,  3.048543
0.8280,  3.311288
0.8285,  3.464637
0.8290,  3.595861
0.8295,  3.576102
0.8300,  3.658816
0.8305,  3.754246
0.8310,  3.449682
0.8315,  3.350930
0.8320,  3.344582
0.8325,  3.423936
0.8330,  3.669150
0.8335,  3.573301
0.8340,  3.458388
0.8345,  3.477521
0.8350,  3.358989
0.8355,  3.120802
0.8360,  2.975006
0.8365,  2.776794
0.8370,  2.675442
0.8375,  2.647399
0.8380,  2.696939
0.8385,  2.725330
0.8390,  2.910545
0.8395,  2.929976
0.8400,  2.826037
0.8405,  2.804834
0.8410,  2.855357
0.8415,  2.927803
0.8420,  2.915447
0.8425,  2.998220
0.8430,  3.081347
0.8435,  3.188608
0.8440,  3.198990
0.8445,  3.165007
0.8450,  3.253265
0.8455,  3.417979
0.8460,  3.645367
0.8465,  3.578997
0.8470,  3.742953
0.8475,  3.942390
0.8480,  4.064976
0.8485,  4.486954
0.8490,  5.160148
0.8495,  9.072763
0.8500,  5.988289
0.8505,  5.361135
0.8510,  5.642965
0.8515,  Infinity
0.8520,  Infinity
0.8525,  Infinity
0.8530,  Infinity
0.8535,  Infinity
0.8540,  Infinity
0.8545,  Infinity
0.8550,  Infinity
0.8555,  Infinity
0.8560,  Infinity
0.8565,  Infinity
0.8570,  Infinity
0.8575,  Infinity
0.8580,  Infinity
0.8585,  6.448273
0.8590,  Infinity
0.8595,  Infinity
0.8600,  Infinity
0.8605,  Infinity
0.8610,  Infinity
0.8615,  Infinity
0.8620,  Infinity
0.8625,  Infinity
0.8630,  Infinity
0.8635,  Infinity
0.8640,  Infinity
0.8645,  Infinity
0.8650,  Infinity
0.8655,  Infinity
0.8660,  Infinity
0.8665,  Infinity
0.8670,  Infinity
0.8675,  Infinity
0.8680,  Infinity
0.8685,  Infinity
0.8690,  Infinity
0.8695,  Infinity
0.8700,  Infinity
0.8705,  Infinity
0.8710,  Infinity
0.8715,  Infinity
0.8720,  Infinity
0.8725,  Infinity
0.8730,  Infinity
0.8735,  Infinity
0.8740,  Infinity
0.8745,  Infinity
0.8750,  Infinity
0.8755,  Infinity
0.8760,  Infinity
0.8765,  Infinity
0.8770,  Infinity
0.8775,  Infinity
0.8780,  Infinity
0.8785,  Infinity
0.8790,  Infinity
0.8795,  Infinity
0.8800,  Infinity
0.8805,  Infinity
0.8810,  Infinity
0.8815,  Infinity
0.8820,  Infinity
0.8825,  Infinity
0.8830,  Infinity
0.8835,  Infinity
0.8840,  Infinity
0.8845,  Infinity
0.8850,  Infinity
0.8855,  Infinity
0.8860,  Infinity
0.8865,  Infinity
0.8870,  Infinity
0.8875,  Infinity
0.8880,  Infinity
0.8885,  Infinity
0.8890,  Infinity
0.8895,  Infinity
0.8900,  Infinity
