0.3500,  0.302445
0.3505,  0.364591
0.3510,  0.343415
0.3515,  0.319821
0.3520,  0.288647
0.3525,  0.244543
0.3530,  0.278332
0.3535,  0.309354
0.3540,  0.326705
0.3545,  0.360529
0.3550,  0.340628
0.3555,  0.328042
0.3560,  0.292001
0.3565,  0.250945
0.3570,  0.217357
0.3575,  0.182304
0.3580,  0.149093
0.3585,  0.091220
0.3590,  0.235010
0.3595,  0.349397
0.3600,  0.332325
0.3605,  0.322713
0.3610,  0.281531
0.3615,  0.228005
0.3620,  0.258545
0.3625,  0.299851
0.3630,  0.292266
0.3635,  0.286870
0.3640,  0.278915
0.3645,  0.252270
0.3650,  0.275714
0.3655,  0.305090
0.3660,  0.307289
0.3665,  0.318417
0.3670,  0.295906
0.3675,  0.278066
0.3680,  0.253352
0.3685,  0.229979
0.3690,  0.276709
0.3695,  0.315254
0.3700,  0.287670
0.3705,  0.261740
0.3710,  0.280349
0.3715,  0.302625
0.3720,  0.278888
0.3725,  0.258105
0.3730,  0.228124
0.3735,  0.189341
0.3740,  0.188247
0.3745,  0.181401
0.3750,  0.244333
0.3755,  0.293821
0.3760,  0.284689
0.3765,  0.267209
0.3770,  0.306947
0.3775,  0.348518
0.3780,  0.350219
0.3785,  0.360696
0.3790,  0.278132
0.3795,  0.186285
0.3800,  0.237320
0.3805,  0.290001
0.3810,  0.269979
0.3815,  0.261083
0.3820,  0.187968
0.3825,  0.094343
0.3830,  0.065420
0.3835,  0.017315
0.3840,  0.156173
0.3845,  0.260842
0.3850,  0.265087
0.3855,  0.271901
0.3860,  0.257519
0.3865,  0.248898
0.3870,  0.245475
0.3875,  0.241307
0.3880,  0.220534
0.3885,  0.192093
0.3890,  0.238045
0.3895,  0.274286
0.3900,  0.274126
0.3905,  0.278254
0.3910,  0.302086
0.3915,  0.344839
0.3920,  0.274645
0.3925,  0.196990
0.3930,  0.042876
0.3935,  -0.190319
0.3940,  0.054317
0.3945,  0.224314
0.3950,  0.309121
0.3955,  0.400660
0.3960,  0.261208
0.3965,  0.079804
0.3970,  0.094110
0.3975,  0.082099
0.3980,  0.241438
0.3985,  0.351555
0.3990,  0.337401
0.3995,  0.332987
0.4000,  0.304862
0.4005,  0.280385
0.4010,  0.273366
0.4015,  0.271483
0.4020,  0.259477
0.4025,  0.252807
0.4030,  0.234378
0.4035,  0.218719
0.4040,  0.217995
0.4045,  0.221671
0.4050,  0.224158
0.4055,  0.223388
0.4060,  0.205462
0.4065,  0.186932
0.4070,  0.194822
0.4075,  0.200615
0.4080,  0.221831
0.4085,  0.246062
0.4090,  0.243906
0.4095,  0.240780
0.4100,  0.195842
0.4105,  0.141888
0.4110,  0.198890
0.4115,  0.251535
0.4120,  0.240476
0.4125,  0.226444
0.4130,  0.211321
0.4135,  0.202170
0.4140,  0.199984
0.4145,  0.193444
0.4150,  0.190538
0.4155,  0.185947
0.4160,  0.205040
0.4165,  0.230502
0.4170,  0.197726
0.4175,  0.164304
0.4180,  0.171964
0.4185,  0.177747
0.4190,  0.182669
0.4195,  0.182248
0.4200,  0.193667
0.4205,  0.205992
0.4210,  0.210927
0.4215,  0.221919
0.4220,  0.180802
0.4225,  0.135270
0.4230,  0.169319
0.4235,  0.198699
0.4240,  0.208077
0.4245,  0.220934
0.4250,  0.208555
0.4255,  0.193698
0.4260,  0.197152
0.4265,  0.205569
0.4270,  0.183006
0.4275,  0.155239
0.4280,  0.166735
0.4285,  0.179315
0.4290,  0.169431
0.4295,  0.162688
0.4300,  0.087288
0.4305,  -0.015642
0.4310,  0.141008
0.4315,  0.260580
0.4320,  0.227198
0.4325,  0.196114
0.4330,  0.202393
0.4335,  0.211189
0.4340,  0.188672
0.4345,  0.165663
0.4350,  0.164618
0.4355,  0.163308
0.4360,  0.197686
0.4365,  0.235713
0.4370,  0.213887
0.4375,  0.198936
0.4380,  0.157249
0.4385,  0.102701
0.4390,  0.160729
0.4395,  0.211590
0.4400,  0.179004
0.4405,  0.144794
0.4410,  0.183795
0.4415,  0.217144
0.4420,  0.213821
0.4425,  0.212715
0.4430,  0.192813
0.4435,  0.175827
0.4440,  0.187253
0.4445,  0.200100
0.4450,  0.173767
0.4455,  0.143345
0.4460,  0.153690
0.4465,  0.162537
0.4470,  0.192228
0.4475,  0.222283
0.4480,  0.199137
0.4485,  0.173265
0.4490,  0.176142
0.4495,  0.176006
0.4500,  0.187478
0.4505,  0.202044
0.4510,  0.195801
0.4515,  0.195420
0.4520,  0.172359
0.4525,  0.146845
0.4530,  0.153336
0.4535,  0.159193
0.4540,  0.161845
0.4545,  0.164101
0.4550,  0.171638
0.4555,  0.179180
0.4560,  0.181742
0.4565,  0.185871
0.4570,  0.189143
0.4575,  0.194562
0.4580,  0.172319
0.4585,  0.150573
0.4590,  0.160228
0.4595,  0.165259
0.4600,  0.168630
0.4605,  0.172381
0.4610,  0.171661
0.4615,  0.170078
0.4620,  0.177057
0.4625,  0.185494
0.4630,  0.173788
0.4635,  0.166134
0.4640,  0.158871
0.4645,  0.151686
0.4650,  0.170674
0.4655,  0.191538
0.4660,  0.171885
0.4665,  0.152614
0.4670,  0.172027
0.4675,  0.185379
0.4680,  0.181103
0.4685,  0.180021
0.4690,  0.184012
0.4695,  0.189584
0.4700,  0.169271
0.4705,  0.143834
0.4710,  0.167258
0.4715,  0.191243
0.4720,  0.188519
0.4725,  0.187739
0.4730,  0.178474
0.4735,  0.169656
0.4740,  0.179582
0.4745,  0.191100
0.4750,  0.186594
0.4755,  0.182222
0.4760,  0.172257
0.4765,  0.159530
0.4770,  0.180819
0.4775,  0.200624
0.4780,  0.184171
0.4785,  0.169270
0.4790,  0.182579
0.4795,  0.194752
0.4800,  0.184111
0.4805,  0.174860
0.4810,  0.184069
0.4815,  0.194975
0.4820,  0.183196
0.4825,  0.176360
0.4830,  0.179278
0.4835,  0.182146
0.4840,  0.180675
0.4845,  0.187225
0.4850,  0.178741
0.4855,  0.167737
0.4860,  0.135070
0.4865,  0.088936
0.4870,  0.131673
0.4875,  0.169153
0.4880,  0.177412
0.4885,  0.184106
0.4890,  0.182057
0.4895,  0.182606
0.4900,  0.186989
0.4905,  0.197435
0.4910,  0.179265
0.4915,  0.160919
0.4920,  0.161210
0.4925,  0.159604
0.4930,  0.153775
0.4935,  0.146101
0.4940,  0.175805
0.4945,  0.205322
0.4950,  0.176334
0.4955,  0.147117
0.4960,  0.164460
0.4965,  0.182909
0.4970,  0.187612
0.4975,  0.192949
0.4980,  0.166560
0.4985,  0.138055
0.4990,  0.163129
0.4995,  0.188888
0.5000,  0.171441
0.5005,  0.152393
0.5010,  0.145936
0.5015,  0.136262
0.5020,  0.152532
0.5025,  0.169684
0.5030,  0.178821
0.5035,  0.185539
0.5040,  0.170946
0.5045,  0.151070
0.5050,  0.169510
0.5055,  0.190583
0.5060,  0.183294
0.5065,  0.178159
0.5070,  0.170239
0.5075,  0.159522
0.5080,  0.161317
0.5085,  0.162676
0.5090,  0.161631
0.5095,  0.160465
0.5100,  0.164020
0.5105,  0.167607
0.5110,  0.176622
0.5115,  0.186843
0.5120,  0.165156
0.5125,  0.144373
0.5130,  0.148329
0.5135,  0.149285
0.5140,  0.155158
0.5145,  0.159728
0.5150,  0.171658
0.5155,  0.189980
0.5160,  0.158691
0.5165,  0.122124
0.5170,  0.144165
0.5175,  0.158612
0.5180,  0.137287
0.5185,  0.110052
0.5190,  0.139819
0.5195,  0.170526
0.5200,  0.164777
0.5205,  0.157348
0.5210,  0.168830
0.5215,  0.182573
0.5220,  0.164255
0.5225,  0.142524
0.5230,  0.152885
0.5235,  0.161049
0.5240,  0.169451
0.5245,  0.183507
0.5250,  0.184103
0.5255,  0.188019
0.5260,  0.144724
0.5265,  0.093130
0.5270,  0.125794
0.5275,  0.151367
0.5280,  0.157207
0.5285,  0.163007
0.5290,  0.160550
0.5295,  0.159323
0.5300,  0.162462
0.5305,  0.167049
0.5310,  0.172546
0.5315,  0.180425
0.5320,  0.148112
0.5325,  0.111103
0.5330,  0.145738
0.5335,  0.174805
0.5340,  0.155465
0.5345,  0.136242
0.5350,  0.159860
0.5355,  0.186223
0.5360,  0.164307
0.5365,  0.142125
0.5370,  0.144173
0.5375,  0.147694
0.5380,  0.155560
0.5385,  0.163292
0.5390,  0.154756
0.5395,  0.146823
0.5400,  0.138165
0.5405,  0.125952
0.5410,  0.148188
0.5415,  0.169089
0.5420,  0.154101
0.5425,  0.140034
0.5430,  0.150082
0.5435,  0.158532
0.5440,  0.156573
0.5445,  0.155928
0.5450,  0.160443
0.5455,  0.164872
0.5460,  0.162904
0.5465,  0.160677
0.5470,  0.152252
0.5475,  0.141734
0.5480,  0.146684
0.5485,  0.151051
0.5490,  0.155969
0.5495,  0.162670
0.5500,  0.157385
0.5505,  0.151714
0.5510,  0.154473
0.5515,  0.156336
0.5520,  0.152026
0.5525,  0.145661
0.5530,  0.150387
0.5535,  0.156408
0.5540,  0.159001
0.5545,  0.164291
0.5550,  0.168444
0.5555,  0.171784
0.5560,  0.158626
0.5565,  0.146947
0.5570,  0.156605
0.5575,  0.166430
0.5580,  0.158735
0.5585,  0.147553
0.5590,  0.148750
0.5595,  0.150362
0.5600,  0.154664
0.5605,  0.159842
0.5610,  0.157191
0.5615,  0.153075
0.5620,  0.157192
0.5625,  0.162893
0.5630,  0.167204
0.5635,  0.170548
0.5640,  0.170407
0.5645,  0.171050
0.5650,  0.162668
0.5655,  0.151136
0.5660,  0.155186
0.5665,  0.162147
0.5670,  0.175238
0.5675,  0.188927
0.5680,  0.175119
0.5685,  0.160733
0.5690,  0.175000
0.5695,  0.189688
0.5700,  0.172414
0.5705,  0.151300
0.5710,  0.157424
0.5715,  0.161422
0.5720,  0.171667
0.5725,  0.181610
0.5730,  0.176611
0.5735,  0.175531
0.5740,  0.177102
0.5745,  0.178501
0.5750,  0.171718
0.5755,  0.162331
0.5760,  0.165422
0.5765,  0.170420
0.5770,  0.175615
0.5775,  0.179724
0.5780,  0.163182
0.5785,  0.144333
0.5790,  0.149387
0.5795,  0.154708
0.5800,  0.154280
0.5805,  0.154778
0.5810,  0.156157
0.5815,  0.158527
0.5820,  0.160997
0.5825,  0.162399
0.5830,  0.157210
0.5835,  0.154048
0.5840,  0.154123
0.5845,  0.157866
0.5850,  0.144401
0.5855,  0.130419
0.5860,  0.146220
0.5865,  0.163834
0.5870,  0.178689
0.5875,  0.197861
0.5880,  0.193131
0.5885,  0.181304
0.5890,  0.150044
0.5895,  0.113524
0.5900,  0.157019
0.5905,  0.197503
0.5910,  0.189105
0.5915,  0.178564
0.5920,  0.177070
0.5925,  0.178479
0.5930,  0.175441
0.5935,  0.174971
0.5940,  0.171352
0.5945,  0.167025
0.5950,  0.170043
0.5955,  0.170532
0.5960,  0.172483
0.5965,  0.176493
0.5970,  0.170928
0.5975,  0.165203
0.5980,  0.159638
0.5985,  0.154041
0.5990,  0.161839
0.5995,  0.169329
0.6000,  0.165835
0.6005,  0.162342
0.6010,  0.164296
0.6015,  0.163030
0.6020,  0.151020
0.6025,  0.139464
0.6030,  0.150734
0.6035,  0.163910
0.6040,  0.161473
0.6045,  0.163397
0.6050,  0.162878
0.6055,  0.159546
0.6060,  0.156806
0.6065,  0.155769
0.6070,  0.155723
0.6075,  0.157014
0.6080,  0.157282
0.6085,  0.158286
0.6090,  0.162237
0.6095,  0.163974
0.6100,  0.156368
0.6105,  0.147459
0.6110,  0.155610
0.6115,  0.165620
0.6120,  0.158131
0.6125,  0.152461
0.6130,  0.150591
0.6135,  0.149828
0.6140,  0.158599
0.6145,  0.168763
0.6150,  0.173586
0.6155,  0.174929
0.6160,  0.147976
0.6165,  0.117181
0.6170,  0.136446
0.6175,  0.158230
0.6180,  0.162687
0.6185,  0.167688
0.6190,  0.165337
0.6195,  0.162028
0.6200,  0.169640
0.6205,  0.177631
0.6210,  0.166573
0.6215,  0.155326
0.6220,  0.162129
0.6225,  0.170222
0.6230,  0.163142
0.6235,  0.157518
0.6240,  0.161558
0.6245,  0.161506
0.6250,  0.156325
0.6255,  0.150587
0.6260,  0.165865
0.6265,  0.183361
0.6270,  0.187428
0.6275,  0.187222
0.6280,  0.189028
0.6285,  0.194298
0.6290,  0.194585
0.6295,  0.192691
0.6300,  0.188268
0.6305,  0.181075
0.6310,  0.171076
0.6315,  0.165026
0.6320,  0.158018
0.6325,  0.155761
0.6330,  0.157544
0.6335,  0.159972
0.6340,  0.162724
0.6345,  0.167353
0.6350,  0.170184
0.6355,  0.168627
0.6360,  0.165847
0.6365,  0.161023
0.6370,  0.155590
0.6375,  0.153815
0.6380,  0.155537
0.6385,  0.159053
0.6390,  0.163616
0.6395,  0.161841
0.6400,  0.161022
0.6405,  0.158814
0.6410,  0.153202
0.6415,  0.152002
0.6420,  0.147264
0.6425,  0.144739
0.6430,  0.144525
0.6435,  0.144702
0.6440,  0.146922
0.6445,  0.153382
0.6450,  0.161309
0.6455,  0.166346
0.6460,  0.170391
0.6465,  0.173683
0.6470,  0.173190
0.6475,  0.170453
0.6480,  0.167820
0.6485,  0.162189
0.6490,  0.152890
0.6495,  0.153969
0.6500,  0.156293
0.6505,  0.163009
0.6510,  0.170809
0.6515,  0.168309
0.6520,  0.166009
0.6525,  0.163316
0.6530,  0.162671
0.6535,  0.159084
0.6540,  0.163962
0.6545,  0.174209
0.6550,  0.181210
0.6555,  0.173601
0.6560,  0.149728
0.6565,  0.117564
0.6570,  0.081822
0.6575,  0.092800
0.6580,  0.107448
0.6585,  0.122283
0.6590,  0.135872
0.6595,  0.133745
0.6600,  0.129955
0.6605,  0.126587
0.6610,  0.125938
0.6615,  0.125742
0.6620,  0.126315
0.6625,  0.126955
0.6630,  0.125918
0.6635,  0.126615
0.6640,  0.128797
0.6645,  0.130852
0.6650,  0.131547
0.6655,  0.129190
0.6660,  0.125459
0.6665,  0.121522
0.6670,  0.117703
0.6675,  0.120335
0.6680,  0.123290
0.6685,  0.127870
0.6690,  0.130111
0.6695,  0.126703
0.6700,  0.127523
0.6705,  0.128473
0.6710,  0.129963
0.6715,  0.130134
0.6720,  0.126801
0.6725,  0.125592
0.6730,  0.124781
0.6735,  0.120475
0.6740,  0.118462
0.6745,  0.117035
0.6750,  0.116782
0.6755,  0.118940
0.6760,  0.120183
0.6765,  0.122946
0.6770,  0.124924
0.6775,  0.122891
0.6780,  0.121649
0.6785,  0.120537
0.6790,  0.118564
0.6795,  0.117905
0.6800,  0.118566
0.6805,  0.117763
0.6810,  0.117688
0.6815,  0.119612
0.6820,  0.121749
0.6825,  0.124370
0.6830,  0.128700
0.6835,  0.132090
0.6840,  0.133117
0.6845,  0.138508
0.6850,  0.152152
0.6855,  0.183541
0.6860,  0.219087
0.6865,  0.247766
0.6870,  0.260838
0.6875,  0.258171
0.6880,  0.255035
0.6885,  0.246272
0.6890,  0.238338
0.6895,  0.228900
0.6900,  0.217365
0.6905,  0.208756
0.6910,  0.198998
0.6915,  0.195943
0.6920,  0.196501
0.6925,  0.198791
0.6930,  0.200709
0.6935,  0.196856
0.6940,  0.192181
0.6945,  0.184830
0.6950,  0.177444
0.6955,  0.168787
0.6960,  0.161405
0.6965,  0.157309
0.6970,  0.158087
0.6975,  0.165451
0.6980,  0.173826
0.6985,  0.177701
0.6990,  0.180760
0.6995,  0.179919
0.7000,  0.177934
0.7005,  0.174253
0.7010,  0.167435
0.7015,  0.167138
0.7020,  0.165636
0.7025,  0.166468
0.7030,  0.165421
0.7035,  0.164967
0.7040,  0.164594
0.7045,  0.168078
0.7050,  0.171322
0.7055,  0.170015
0.7060,  0.168257
0.7065,  0.164934
0.7070,  0.158651
0.7075,  0.151145
0.7080,  0.145638
0.7085,  0.142977
0.7090,  0.143156
0.7095,  0.147502
0.7100,  0.148258
0.7105,  0.149964
0.7110,  0.153817
0.7115,  0.154142
0.7120,  0.155063
0.7125,  0.153676
0.7130,  0.151020
0.7135,  0.154142
0.7140,  0.159316
0.7145,  0.167047
0.7150,  0.184720
0.7155,  0.212558
0.7160,  0.248613
0.7165,  0.285590
0.7170,  0.318122
0.7175,  0.341385
0.7180,  0.358079
0.7185,  0.365525
0.7190,  0.362202
0.7195,  0.345669
0.7200,  0.318496
0.7205,  0.286902
0.7210,  0.265357
0.7215,  0.255246
0.7220,  0.261822
0.7225,  0.278219
0.7230,  0.296749
0.7235,  0.311836
0.7240,  0.321407
0.7245,  0.324473
0.7250,  0.326557
0.7255,  0.326196
0.7260,  0.327186
0.7265,  0.325198
0.7270,  0.320813
0.7275,  0.313901
0.7280,  0.304839
0.7285,  0.301503
0.7290,  0.299033
0.7295,  0.300631
0.7300,  0.296703
0.7305,  0.286783
0.7310,  0.273427
0.7315,  0.254201
0.7320,  0.233519
0.7325,  0.213196
0.7330,  0.197456
0.7335,  0.190426
0.7340,  0.187690
0.7345,  0.189006
0.7350,  0.188981
0.7355,  0.188486
0.7360,  0.182738
0.7365,  0.175544
0.7370,  0.175919
0.7375,  0.169535
0.7380,  0.164753
0.7385,  0.158837
0.7390,  0.155525
0.7395,  0.153948
0.7400,  0.147803
0.7405,  0.139322
0.7410,  0.130944
0.7415,  0.132493
0.7420,  0.131346
0.7425,  0.132141
0.7430,  0.138423
0.7435,  0.135262
0.7440,  0.133265
0.7445,  0.132349
0.7450,  0.128499
0.7455,  0.129724
0.7460,  0.130179
0.7465,  0.129401
0.7470,  0.130316
0.7475,  0.128100
0.7480,  0.128421
0.7485,  0.131146
0.7490,  0.132723
0.7495,  0.131176
0.7500,  0.129316
0.7505,  0.129085
0.7510,  0.128151
0.7515,  0.127523
0.7520,  0.127518
0.7525,  0.128060
0.7530,  0.126884
0.7535,  0.127974
0.7540,  0.129810
0.7545,  0.127465
0.7550,  0.126240
0.7555,  0.126229
0.7560,  0.125622
0.7565,  0.125687
0.7570,  0.130391
0.7575,  0.152667
0.7580,  0.207721
0.7585,  0.315232
0.7590,  0.468914
0.7595,  0.628867
0.7600,  0.730761
0.7605,  0.754483
0.7610,  0.730974
0.7615,  0.709735
0.7620,  0.699838
0.7625,  0.698857
0.7630,  0.681427
0.7635,  0.628925
0.7640,  0.563225
0.7645,  0.487058
0.7650,  0.418066
0.7655,  0.352369
0.7660,  0.294479
0.7665,  0.245026
0.7670,  0.210780
0.7675,  0.188055
0.7680,  0.173079
0.7685,  0.158029
0.7690,  0.148264
0.7695,  0.139243
0.7700,  0.134255
0.7705,  0.134406
0.7710,  0.138672
0.7715,  0.138138
0.7720,  0.137769
0.7725,  0.134277
0.7730,  0.134405
0.7735,  0.134051
0.7740,  0.126485
0.7745,  0.123873
0.7750,  0.113696
0.7755,  0.112131
0.7760,  0.115404
0.7765,  0.117829
0.7770,  0.122030
0.7775,  0.121441
0.7780,  0.119767
0.7785,  0.120534
0.7790,  0.119621
0.7795,  0.123708
0.7800,  0.122377
0.7805,  0.124066
0.7810,  0.127000
0.7815,  0.126175
0.7820,  0.122768
0.7825,  0.117661
0.7830,  0.114051
0.7835,  0.112414
0.7840,  0.114980
0.7845,  0.114697
0.7850,  0.117721
0.7855,  0.121243
0.7860,  0.119653
0.7865,  0.123767
0.7870,  0.124095
0.7875,  0.129105
0.7880,  0.137488
0.7885,  0.143846
0.7890,  0.149047
0.7895,  0.150880
0.7900,  0.161711
0.7905,  0.166245
0.7910,  0.161513
0.7915,  0.156331
0.7920,  0.151816
0.7925,  0.148075
0.7930,  0.143534
0.7935,  0.143803
0.7940,  0.144852
0.7945,  0.144905
0.7950,  0.143506
0.7955,  0.142302
0.7960,  0.141719
0.7965,  0.139135
0.7970,  0.137679
0.7975,  0.137681
0.7980,  0.137614
0.7985,  0.139344
0.7990,  0.141160
0.7995,  0.146348
0.8000,  0.145033
0.8005,  0.147071
0.8010,  0.149169
0.8015,  0.145682
0.8020,  0.146218
0.8025,  0.147764
0.8030,  0.148514
0.8035,  0.142610
0.8040,  0.138811
0.8045,  0.131187
0.8050,  0.122963
0.8055,  0.120850
0.8060,  0.120501
0.8065,  0.128013
0.8070,  0.136902
0.8075,  0.141470
0.8080,  0.153142
0.8085,  0.151499
0.8090,  0.148440
0.8095,  0.147896
0.8100,  0.152252
0.8105,  0.161892
0.8110,  0.172874
0.8115,  0.187563
0.8120,  0.208369
0.8125,  0.241586
0.8130,  0.267680
0.8135,  0.290037
0.8140,  0.303201
0.8145,  0.321091
0.8150,  0.339005
0.8155,  0.352384
0.8160,  0.352809
0.8165,  0.353411
0.8170,  0.348249
0.8175,  0.337411
0.8180,  0.320861
0.8185,  0.298716
0.8190,  0.275232
0.8195,  0.260333
0.8200,  0.244593
0.8205,  0.239109
0.8210,  0.269606
0.8215,  0.309026
0.8220,  0.338701
0.8225,  0.334512
0.8230,  0.300910
0.8235,  0.269984
0.8240,  0.240808
0.8245,  0.223717
0.8250,  0.218669
0.8255,  0.226354
0.8260,  0.246485
0.8265,  0.254655
0.8270,  0.262778
0.8275,  0.257919
0.8280,  0.248205
0.8285,  0.237676
0.8290,  0.234731
0.8295,  0.232741
0.8300,  0.229457
0.8305,  0.233902
0.8310,  0.225954
0.8315,  0.216903
0.8320,  0.205530
0.8325,  0.200056
0.8330,  0.191349
0.8335,  0.187452
0.8340,  0.177300
0.8345,  0.176918
0.8350,  0.168332
0.8355,  0.160744
0.8360,  0.156552
0.8365,  0.151096
0.8370,  0.151622
0.8375,  0.150435
0.8380,  0.142223
0.8385,  0.138162
0.8390,  0.137858
0.8395,  0.130905
0.8400,  0.123202
0.8405,  0.121357
0.8410,  0.119512
0.8415,  0.128183
0.8420,  0.133899
0.8425,  0.149292
0.8430,  0.153075
0.8435,  0.149043
0.8440,  0.138045
0.8445,  0.123313
0.8450,  0.108596
0.8455,  0.102837
0.8460,  0.107928
0.8465,  0.104807
0.8470,  0.107494
0.8475,  0.115948
0.8480,  0.124477
0.8485,  0.122017
0.8490,  0.111324
0.8495,  0.108056
0.8500,  0.087541
0.8505,  0.088840
0.8510,  0.090868
0.8515,  0.088870
0.8520,  0.116016
0.8525,  0.119687
0.8530,  0.127054
0.8535,  0.115538
0.8540,  0.081681
0.8545,  0.086355
0.8550,  0.086696
0.8555,  0.082108
0.8560,  0.096331
0.8565,  0.094737
0.8570,  0.090372
0.8575,  0.084678
0.8580,  0.079807
0.8585,  0.081153
0.8590,  0.079256
0.8595,  0.083757
0.8600,  0.088616
0.8605,  0.104280
0.8610,  0.109416
0.8615,  0.103479
0.8620,  0.091555
0.8625,  0.076931
0.8630,  0.077085
0.8635,  0.082273
0.8640,  0.105515
0.8645,  0.109010
0.8650,  0.118459
0.8655,  0.121622
0.8660,  0.091476
0.8665,  0.073178
0.8670,  0.057136
0.8675,  0.056701
0.8680,  0.066429
0.8685,  0.063891
0.8690,  0.064671
0.8695,  0.070242
0.8700,  0.082076
0.8705,  0.092950
0.8710,  0.100431
0.8715,  0.103908
0.8720,  0.113931
0.8725,  0.111968
0.8730,  0.108546
0.8735,  0.106365
0.8740,  0.102176
0.8745,  0.095195
0.8750,  0.078792
0.8755,  0.076425
0.8760,  0.083511
0.8765,  0.104250
0.8770,  0.112120
0.8775,  0.115157
0.8780,  0.118356
0.8785,  0.108521
0.8790,  0.098055
0.8795,  0.096786
0.8800,  0.092729
0.8805,  0.097977
0.8810,  0.085803
0.8815,  0.078337
0.8820,  0.081943
0.8825,  0.092453
0.8830,  0.089799
0.8835,  0.094560
0.8840,  0.101800
0.8845,  0.101218
0.8850,  0.089881
0.8855,  0.097397
0.8860,  0.087436
0.8865,  0.088401
0.8870,  0.089501
0.8875,  0.097538
0.8880,  0.105054
0.8885,  0.115708
0.8890,  0.111318
0.8895,  0.114436
0.8900,  0.102612
