0.3500,  0.081799
0.3505,  0.140336
0.3510,  0.110581
0.3515,  0.079996
0.3520,  0.039681
0.3525,  -0.005436
0.3530,  0.040834
0.3535,  0.085010
0.3540,  0.112937
0.3545,  0.146963
0.3550,  0.124033
0.3555,  0.100280
0.3560,  0.066171
0.3565,  0.029750
0.3570,  -0.004742
0.3575,  -0.043516
0.3580,  -0.093577
0.3585,  -0.150126
0.3590,  0.010071
0.3595,  0.144237
0.3600,  0.132673
0.3605,  0.118830
0.3610,  0.068958
0.3615,  0.015303
0.3620,  0.061475
0.3625,  0.102323
0.3630,  0.088098
0.3635,  0.070145
0.3640,  0.058573
0.3645,  0.045274
0.3650,  0.076928
0.3655,  0.108462
0.3660,  0.122045
0.3665,  0.138006
0.3670,  0.111488
0.3675,  0.085335
0.3680,  0.051841
0.3685,  0.019344
0.3690,  0.064717
0.3695,  0.110842
0.3700,  0.083054
0.3705,  0.055094
0.3710,  0.077405
0.3715,  0.099947
0.3720,  0.069053
0.3725,  0.038333
0.3730,  0.001781
0.3735,  -0.037888
0.3740,  -0.027443
0.3745,  -0.020804
0.3750,  0.059280
0.3755,  0.121629
0.3760,  0.113156
0.3765,  0.098295
0.3770,  0.144997
0.3775,  0.185496
0.3780,  0.180409
0.3785,  0.184895
0.3790,  0.093927
0.3795,  -0.003607
0.3800,  0.051097
0.3805,  0.108012
0.3810,  0.083660
0.3815,  0.071376
0.3820,  -0.006586
0.3825,  -0.105562
0.3830,  -0.128315
0.3835,  -0.170846
0.3840,  -0.014283
0.3845,  0.108410
0.3850,  0.117424
0.3855,  0.125285
0.3860,  0.105866
0.3865,  0.089483
0.3870,  0.081964
0.3875,  0.074742
0.3880,  0.057233
0.3885,  0.034273
0.3890,  0.091302
0.3895,  0.136060
0.3900,  0.137732
0.3905,  0.142262
0.3910,  0.160163
0.3915,  0.192972
0.3920,  0.104787
0.3925,  0.013427
0.3930,  -0.152672
0.3935,  -0.394870
0.3940,  -0.119468
0.3945,  0.078183
0.3950,  0.181383
0.3955,  0.277986
0.3960,  0.123269
0.3965,  -0.075051
0.3970,  -0.056511
0.3975,  -0.060279
0.3980,  0.121171
0.3985,  0.245110
0.3990,  0.226554
0.3995,  0.216749
0.4000,  0.183712
0.4005,  0.153874
0.4010,  0.141995
0.4015,  0.138195
0.4020,  0.126902
0.4025,  0.120801
0.4030,  0.099134
0.4035,  0.077982
0.4040,  0.074111
0.4045,  0.073931
0.4050,  0.074743
0.4055,  0.076186
0.4060,  0.061300
0.4065,  0.046277
0.4070,  0.057935
0.4075,  0.065355
0.4080,  0.089886
0.4085,  0.115010
0.4090,  0.108223
0.4095,  0.102049
0.4100,  0.056232
0.4105,  0.003391
0.4110,  0.068884
0.4115,  0.129862
0.4120,  0.116753
0.4125,  0.102167
0.4130,  0.088177
0.4135,  0.076908
0.4140,  0.072148
0.4145,  0.066048
0.4150,  0.062887
0.4155,  0.059974
0.4160,  0.083168
0.4165,  0.110116
0.4170,  0.073886
0.4175,  0.033527
0.4180,  0.040350
0.4185,  0.047455
0.4190,  0.054964
0.4195,  0.059752
0.4200,  0.072425
0.4205,  0.086245
0.4210,  0.090271
0.4215,  0.098337
0.4220,  0.053214
0.4225,  0.004642
0.4230,  0.042300
0.4235,  0.076203
0.4240,  0.088388
0.4245,  0.104595
0.4250,  0.091580
0.4255,  0.078290
0.4260,  0.083555
0.4265,  0.087034
0.4270,  0.057572
0.4275,  0.027980
0.4280,  0.038444
0.4285,  0.053515
0.4290,  0.039735
0.4295,  0.030997
0.4300,  -0.050842
0.4305,  -0.157540
0.4310,  0.025497
0.4315,  0.162895
0.4320,  0.135136
0.4325,  0.104420
0.4330,  0.112278
0.4335,  0.117599
0.4340,  0.093037
0.4345,  0.067585
0.4350,  0.068237
0.4355,  0.067295
0.4360,  0.104586
0.4365,  0.142092
0.4370,  0.113935
0.4375,  0.092207
0.4380,  0.043022
0.4385,  -0.014681
0.4390,  0.052630
0.4395,  0.111894
0.4400,  0.082383
0.4405,  0.049007
0.4410,  0.088742
0.4415,  0.123124
0.4420,  0.121952
0.4425,  0.120575
0.4430,  0.096113
0.4435,  0.077233
0.4440,  0.091064
0.4445,  0.107020
0.4450,  0.077252
0.4455,  0.042270
0.4460,  0.055451
0.4465,  0.065632
0.4470,  0.096965
0.4475,  0.127770
0.4480,  0.102553
0.4485,  0.074691
0.4490,  0.078103
0.4495,  0.080910
0.4500,  0.095909
0.4505,  0.111857
0.4510,  0.100854
0.4515,  0.094672
0.4520,  0.067551
0.4525,  0.043430
0.4530,  0.056316
0.4535,  0.065646
0.4540,  0.070880
0.4545,  0.071829
0.4550,  0.080875
0.4555,  0.089475
0.4560,  0.095491
0.4565,  0.100532
0.4570,  0.103050
0.4575,  0.108057
0.4580,  0.084771
0.4585,  0.060048
0.4590,  0.068616
0.4595,  0.076032
0.4600,  0.081030
0.4605,  0.085235
0.4610,  0.085713
0.4615,  0.083841
0.4620,  0.090291
0.4625,  0.099034
0.4630,  0.086420
0.4635,  0.078220
0.4640,  0.071247
0.4645,  0.065937
0.4650,  0.088926
0.4655,  0.111042
0.4660,  0.088933
0.4665,  0.065135
0.4670,  0.087179
0.4675,  0.104122
0.4680,  0.098754
0.4685,  0.098760
0.4690,  0.099605
0.4695,  0.102280
0.4700,  0.081258
0.4705,  0.055334
0.4710,  0.083504
0.4715,  0.113500
0.4720,  0.114171
0.4725,  0.117009
0.4730,  0.109582
0.4735,  0.098346
0.4740,  0.106842
0.4745,  0.118105
0.4750,  0.112318
0.4755,  0.104076
0.4760,  0.090090
0.4765,  0.077404
0.4770,  0.102360
0.4775,  0.125693
0.4780,  0.109430
0.4785,  0.094257
0.4790,  0.108360
0.4795,  0.120239
0.4800,  0.110194
0.4805,  0.103035
0.4810,  0.115327
0.4815,  0.125187
0.4820,  0.112350
0.4825,  0.103924
0.4830,  0.107832
0.4835,  0.110513
0.4840,  0.107870
0.4845,  0.110237
0.4850,  0.097223
0.4855,  0.085944
0.4860,  0.055562
0.4865,  0.012477
0.4870,  0.061962
0.4875,  0.103774
0.4880,  0.114197
0.4885,  0.122788
0.4890,  0.122416
0.4895,  0.123605
0.4900,  0.127551
0.4905,  0.135126
0.4910,  0.114014
0.4915,  0.093265
0.4920,  0.095401
0.4925,  0.094603
0.4930,  0.089962
0.4935,  0.082912
0.4940,  0.113214
0.4945,  0.144873
0.4950,  0.114013
0.4955,  0.083255
0.4960,  0.101401
0.4965,  0.120105
0.4970,  0.123043
0.4975,  0.128652
0.4980,  0.100122
0.4985,  0.068405
0.4990,  0.094299
0.4995,  0.120902
0.5000,  0.101716
0.5005,  0.082064
0.5010,  0.077309
0.5015,  0.067799
0.5020,  0.086395
0.5025,  0.104155
0.5030,  0.113457
0.5035,  0.119929
0.5040,  0.103878
0.5045,  0.083608
0.5050,  0.103886
0.5055,  0.125024
0.5060,  0.115022
0.5065,  0.107919
0.5070,  0.098198
0.5075,  0.088191
0.5080,  0.092008
0.5085,  0.094869
0.5090,  0.093813
0.5095,  0.091461
0.5100,  0.094895
0.5105,  0.099815
0.5110,  0.110084
0.5115,  0.120044
0.5120,  0.094037
0.5125,  0.069891
0.5130,  0.074563
0.5135,  0.077667
0.5140,  0.085428
0.5145,  0.090687
0.5150,  0.100695
0.5155,  0.116185
0.5160,  0.079085
0.5165,  0.040753
0.5170,  0.067851
0.5175,  0.088102
0.5180,  0.069866
0.5185,  0.045100
0.5190,  0.078542
0.5195,  0.110317
0.5200,  0.101456
0.5205,  0.092792
0.5210,  0.102684
0.5215,  0.116321
0.5220,  0.095347
0.5225,  0.074325
0.5230,  0.086439
0.5235,  0.095442
0.5240,  0.103038
0.5245,  0.114174
0.5250,  0.112269
0.5255,  0.115339
0.5260,  0.069163
0.5265,  0.016164
0.5270,  0.056546
0.5275,  0.087872
0.5280,  0.094204
0.5285,  0.100362
0.5290,  0.096379
0.5295,  0.092351
0.5300,  0.094016
0.5305,  0.097376
0.5310,  0.099120
0.5315,  0.106261
0.5320,  0.072368
0.5325,  0.034446
0.5330,  0.072931
0.5335,  0.107126
0.5340,  0.088693
0.5345,  0.068713
0.5350,  0.094180
0.5355,  0.120788
0.5360,  0.097076
0.5365,  0.074860
0.5370,  0.079394
0.5375,  0.083463
0.5380,  0.090777
0.5385,  0.099458
0.5390,  0.088601
0.5395,  0.077459
0.5400,  0.067120
0.5405,  0.054437
0.5410,  0.078731
0.5415,  0.102240
0.5420,  0.089018
0.5425,  0.075138
0.5430,  0.085731
0.5435,  0.094347
0.5440,  0.091641
0.5445,  0.089580
0.5450,  0.095078
0.5455,  0.098818
0.5460,  0.095524
0.5465,  0.092898
0.5470,  0.084604
0.5475,  0.075778
0.5480,  0.083743
0.5485,  0.089794
0.5490,  0.095023
0.5495,  0.100255
0.5500,  0.092011
0.5505,  0.084825
0.5510,  0.087073
0.5515,  0.089777
0.5520,  0.085350
0.5525,  0.080714
0.5530,  0.089775
0.5535,  0.096737
0.5540,  0.099078
0.5545,  0.102155
0.5550,  0.104863
0.5555,  0.108506
0.5560,  0.095512
0.5565,  0.082534
0.5570,  0.091426
0.5575,  0.101113
0.5580,  0.091230
0.5585,  0.081199
0.5590,  0.085920
0.5595,  0.090079
0.5600,  0.094717
0.5605,  0.100088
0.5610,  0.095057
0.5615,  0.088890
0.5620,  0.092527
0.5625,  0.097703
0.5630,  0.100794
0.5635,  0.104696
0.5640,  0.105587
0.5645,  0.107657
0.5650,  0.098783
0.5655,  0.086707
0.5660,  0.091447
0.5665,  0.098428
0.5670,  0.110942
0.5675,  0.124664
0.5680,  0.108782
0.5685,  0.092715
0.5690,  0.106785
0.5695,  0.121714
0.5700,  0.104263
0.5705,  0.082149
0.5710,  0.091642
0.5715,  0.098247
0.5720,  0.107001
0.5725,  0.117729
0.5730,  0.111961
0.5735,  0.108149
0.5740,  0.107570
0.5745,  0.107567
0.5750,  0.100938
0.5755,  0.092658
0.5760,  0.097705
0.5765,  0.103496
0.5770,  0.107849
0.5775,  0.113428
0.5780,  0.095348
0.5785,  0.076106
0.5790,  0.082783
0.5795,  0.088773
0.5800,  0.088983
0.5805,  0.090664
0.5810,  0.093823
0.5815,  0.096394
0.5820,  0.099278
0.5825,  0.101171
0.5830,  0.095043
0.5835,  0.091634
0.5840,  0.094391
0.5845,  0.101333
0.5850,  0.089559
0.5855,  0.074891
0.5860,  0.088523
0.5865,  0.103714
0.5870,  0.114603
0.5875,  0.129212
0.5880,  0.122374
0.5885,  0.112422
0.5890,  0.086154
0.5895,  0.051657
0.5900,  0.098964
0.5905,  0.142259
0.5910,  0.132641
0.5915,  0.121349
0.5920,  0.119342
0.5925,  0.118927
0.5930,  0.112957
0.5935,  0.112307
0.5940,  0.109129
0.5945,  0.104778
0.5950,  0.108164
0.5955,  0.109921
0.5960,  0.115016
0.5965,  0.119356
0.5970,  0.111778
0.5975,  0.106378
0.5980,  0.101471
0.5985,  0.096768
0.5990,  0.103337
0.5995,  0.111824
0.6000,  0.108192
0.6005,  0.102977
0.6010,  0.105427
0.6015,  0.105203
0.6020,  0.094139
0.6025,  0.081817
0.6030,  0.092908
0.6035,  0.106095
0.6040,  0.105687
0.6045,  0.106591
0.6050,  0.106906
0.6055,  0.104693
0.6060,  0.103355
0.6065,  0.103097
0.6070,  0.103858
0.6075,  0.104921
0.6080,  0.103837
0.6085,  0.104745
0.6090,  0.109035
0.6095,  0.113464
0.6100,  0.106392
0.6105,  0.096421
0.6110,  0.106968
0.6115,  0.117324
0.6120,  0.108712
0.6125,  0.101649
0.6130,  0.100744
0.6135,  0.097522
0.6140,  0.106103
0.6145,  0.117804
0.6150,  0.122644
0.6155,  0.126625
0.6160,  0.100753
0.6165,  0.069836
0.6170,  0.089835
0.6175,  0.111121
0.6180,  0.116174
0.6185,  0.122891
0.6190,  0.121002
0.6195,  0.115467
0.6200,  0.120346
0.6205,  0.126406
0.6210,  0.116179
0.6215,  0.105068
0.6220,  0.111505
0.6225,  0.119713
0.6230,  0.110801
0.6235,  0.104314
0.6240,  0.110971
0.6245,  0.114377
0.6250,  0.110830
0.6255,  0.105313
0.6260,  0.121215
0.6265,  0.137568
0.6270,  0.139231
0.6275,  0.139350
0.6280,  0.141661
0.6285,  0.146246
0.6290,  0.147394
0.6295,  0.147502
0.6300,  0.144151
0.6305,  0.136851
0.6310,  0.128450
0.6315,  0.125566
0.6320,  0.120951
0.6325,  0.117927
0.6330,  0.118204
0.6335,  0.119782
0.6340,  0.123038
0.6345,  0.128380
0.6350,  0.131787
0.6355,  0.132876
0.6360,  0.130639
0.6365,  0.123873
0.6370,  0.117864
0.6375,  0.113939
0.6380,  0.114047
0.6385,  0.116907
0.6390,  0.118492
0.6395,  0.117744
0.6400,  0.119260
0.6405,  0.117838
0.6410,  0.115484
0.6415,  0.117402
0.6420,  0.115654
0.6425,  0.111315
0.6430,  0.108171
0.6435,  0.108136
0.6440,  0.112039
0.6445,  0.119598
0.6450,  0.129710
0.6455,  0.133385
0.6460,  0.136298
0.6465,  0.137960
0.6470,  0.135855
0.6475,  0.132730
0.6480,  0.129571
0.6485,  0.126242
0.6490,  0.121038
0.6495,  0.124782
0.6500,  0.128217
0.6505,  0.134097
0.6510,  0.142702
0.6515,  0.142337
0.6520,  0.141768
0.6525,  0.134650
0.6530,  0.132330
0.6535,  0.124775
0.6540,  0.124019
0.6545,  0.132408
0.6550,  0.143470
0.6555,  0.142682
0.6560,  0.128127
0.6565,  0.097159
0.6570,  0.059955
0.6575,  0.071506
0.6580,  0.086147
0.6585,  0.102352
0.6590,  0.116902
0.6595,  0.112790
0.6600,  0.105532
0.6605,  0.101933
0.6610,  0.100472
0.6615,  0.097941
0.6620,  0.097765
0.6625,  0.099038
0.6630,  0.101047
0.6635,  0.103580
0.6640,  0.106382
0.6645,  0.106923
0.6650,  0.108195
0.6655,  0.105424
0.6660,  0.101907
0.6665,  0.097112
0.6670,  0.091709
0.6675,  0.091888
0.6680,  0.092000
0.6685,  0.096278
0.6690,  0.099764
0.6695,  0.098475
0.6700,  0.098446
0.6705,  0.100157
0.6710,  0.102770
0.6715,  0.106853
0.6720,  0.107804
0.6725,  0.106711
0.6730,  0.101691
0.6735,  0.096048
0.6740,  0.092232
0.6745,  0.090160
0.6750,  0.089761
0.6755,  0.094181
0.6760,  0.099644
0.6765,  0.103573
0.6770,  0.107797
0.6775,  0.107145
0.6780,  0.106217
0.6785,  0.104805
0.6790,  0.101403
0.6795,  0.098428
0.6800,  0.094370
0.6805,  0.093369
0.6810,  0.095843
0.6815,  0.096999
0.6820,  0.101053
0.6825,  0.105630
0.6830,  0.109620
0.6835,  0.110952
0.6840,  0.112226
0.6845,  0.113795
0.6850,  0.118966
0.6855,  0.140593
0.6860,  0.170572
0.6865,  0.201365
0.6870,  0.222240
0.6875,  0.225130
0.6880,  0.223010
0.6885,  0.218314
0.6890,  0.213236
0.6895,  0.206774
0.6900,  0.197412
0.6905,  0.189435
0.6910,  0.184457
0.6915,  0.180365
0.6920,  0.177452
0.6925,  0.176632
0.6930,  0.179291
0.6935,  0.179595
0.6940,  0.177569
0.6945,  0.173913
0.6950,  0.167097
0.6955,  0.157457
0.6960,  0.151275
0.6965,  0.148205
0.6970,  0.144745
0.6975,  0.145957
0.6980,  0.151351
0.6985,  0.155614
0.6990,  0.161420
0.6995,  0.165045
0.7000,  0.165671
0.7005,  0.163302
0.7010,  0.159091
0.7015,  0.160124
0.7020,  0.158398
0.7025,  0.155659
0.7030,  0.152228
0.7035,  0.151654
0.7040,  0.153714
0.7045,  0.157924
0.7050,  0.162658
0.7055,  0.159832
0.7060,  0.155378
0.7065,  0.152852
0.7070,  0.148625
0.7075,  0.141717
0.7080,  0.137724
0.7085,  0.134339
0.7090,  0.132778
0.7095,  0.131351
0.7100,  0.132975
0.7105,  0.133448
0.7110,  0.139438
0.7115,  0.140713
0.7120,  0.140912
0.7125,  0.141499
0.7130,  0.139294
0.7135,  0.140644
0.7140,  0.143481
0.7145,  0.149713
0.7150,  0.159668
0.7155,  0.177120
0.7160,  0.205020
0.7165,  0.236610
0.7170,  0.272627
0.7175,  0.300731
0.7180,  0.326961
0.7185,  0.349148
0.7190,  0.356486
0.7195,  0.351897
0.7200,  0.330472
0.7205,  0.299663
0.7210,  0.270861
0.7215,  0.249353
0.7220,  0.250178
0.7225,  0.266450
0.7230,  0.283926
0.7235,  0.299917
0.7240,  0.312143
0.7245,  0.315872
0.7250,  0.317707
0.7255,  0.316714
0.7260,  0.317958
0.7265,  0.316049
0.7270,  0.313530
0.7275,  0.306955
0.7280,  0.303398
0.7285,  0.295329
0.7290,  0.287304
0.7295,  0.280495
0.7300,  0.279132
0.7305,  0.273231
0.7310,  0.262161
0.7315,  0.246596
0.7320,  0.231710
0.7325,  0.217112
0.7330,  0.201432
0.7335,  0.188564
0.7340,  0.179591
0.7345,  0.177927
0.7350,  0.182107
0.7355,  0.186675
0.7360,  0.184774
0.7365,  0.184901
0.7370,  0.183558
0.7375,  0.176299
0.7380,  0.171488
0.7385,  0.163787
0.7390,  0.153666
0.7395,  0.146596
0.7400,  0.143708
0.7405,  0.141826
0.7410,  0.142462
0.7415,  0.146774
0.7420,  0.150444
0.7425,  0.153493
0.7430,  0.152476
0.7435,  0.145081
0.7440,  0.142934
0.7445,  0.141366
0.7450,  0.142779
0.7455,  0.144424
0.7460,  0.144158
0.7465,  0.145802
0.7470,  0.148361
0.7475,  0.143895
0.7480,  0.139017
0.7485,  0.134472
0.7490,  0.128039
0.7495,  0.132144
0.7500,  0.135532
0.7505,  0.137521
0.7510,  0.133848
0.7515,  0.132256
0.7520,  0.127437
0.7525,  0.125440
0.7530,  0.125918
0.7535,  0.125982
0.7540,  0.126211
0.7545,  0.128762
0.7550,  0.129077
0.7555,  0.129306
0.7560,  0.125628
0.7565,  0.121708
0.7570,  0.123169
0.7575,  0.135100
0.7580,  0.171657
0.7585,  0.240529
0.7590,  0.356388
0.7595,  0.509526
0.7600,  0.640156
0.7605,  0.701060
0.7610,  0.694170
0.7615,  0.668574
0.7620,  0.650947
0.7625,  0.641655
0.7630,  0.630619
0.7635,  0.598411
0.7640,  0.556219
0.7645,  0.503666
0.7650,  0.442750
0.7655,  0.377973
0.7660,  0.322898
0.7665,  0.277167
0.7670,  0.235153
0.7675,  0.211329
0.7680,  0.193883
0.7685,  0.181448
0.7690,  0.172341
0.7695,  0.162994
0.7700,  0.157760
0.7705,  0.153884
0.7710,  0.149035
0.7715,  0.154727
0.7720,  0.158195
0.7725,  0.154678
0.7730,  0.150679
0.7735,  0.139777
0.7740,  0.130002
0.7745,  0.119898
0.7750,  0.115211
0.7755,  0.117468
0.7760,  0.121122
0.7765,  0.121219
0.7770,  0.126229
0.7775,  0.126287
0.7780,  0.131454
0.7785,  0.128697
0.7790,  0.126200
0.7795,  0.123684
0.7800,  0.119643
0.7805,  0.118957
0.7810,  0.123930
0.7815,  0.123572
0.7820,  0.122663
0.7825,  0.124085
0.7830,  0.121525
0.7835,  0.124942
0.7840,  0.126977
0.7845,  0.124230
0.7850,  0.124675
0.7855,  0.126494
0.7860,  0.126904
0.7865,  0.129877
0.7870,  0.134212
0.7875,  0.138110
0.7880,  0.148030
0.7885,  0.153550
0.7890,  0.164118
0.7895,  0.170695
0.7900,  0.169313
0.7905,  0.165597
0.7910,  0.162132
0.7915,  0.160339
0.7920,  0.157055
0.7925,  0.155899
0.7930,  0.157978
0.7935,  0.157458
0.7940,  0.158030
0.7945,  0.163142
0.7950,  0.162588
0.7955,  0.168292
0.7960,  0.166627
0.7965,  0.171537
0.7970,  0.172496
0.7975,  0.167886
0.7980,  0.161787
0.7985,  0.160894
0.7990,  0.158661
0.7995,  0.160529
0.8000,  0.163059
0.8005,  0.163478
0.8010,  0.161084
0.8015,  0.158476
0.8020,  0.159656
0.8025,  0.161223
0.8030,  0.159410
0.8035,  0.158966
0.8040,  0.152063
0.8045,  0.142611
0.8050,  0.140104
0.8055,  0.142987
0.8060,  0.147310
0.8065,  0.147077
0.8070,  0.147562
0.8075,  0.145458
0.8080,  0.139286
0.8085,  0.134063
0.8090,  0.132697
0.8095,  0.146734
0.8100,  0.165785
0.8105,  0.179908
0.8110,  0.187588
0.8115,  0.195983
0.8120,  0.214255
0.8125,  0.238255
0.8130,  0.259592
0.8135,  0.274456
0.8140,  0.297058
0.8145,  0.319864
0.8150,  0.339588
0.8155,  0.354705
0.8160,  0.358480
0.8165,  0.367012
0.8170,  0.372193
0.8175,  0.364238
0.8180,  0.352116
0.8185,  0.337306
0.8190,  0.319846
0.8195,  0.299117
0.8200,  0.271753
0.8205,  0.258447
0.8210,  0.270169
0.8215,  0.295494
0.8220,  0.336890
0.8225,  0.380717
0.8230,  0.384766
0.8235,  0.356824
0.8240,  0.318771
0.8245,  0.285459
0.8250,  0.260324
0.8255,  0.246170
0.8260,  0.240133
0.8265,  0.246010
0.8270,  0.266453
0.8275,  0.281963
0.8280,  0.290878
0.8285,  0.291364
0.8290,  0.285085
0.8295,  0.276778
0.8300,  0.263109
0.8305,  0.256772
0.8310,  0.250741
0.8315,  0.244450
0.8320,  0.238685
0.8325,  0.234421
0.8330,  0.224963
0.8335,  0.209924
0.8340,  0.195167
0.8345,  0.187786
0.8350,  0.186604
0.8355,  0.184662
0.8360,  0.183876
0.8365,  0.173418
0.8370,  0.168443
0.8375,  0.163026
0.8380,  0.156091
0.8385,  0.152542
0.8390,  0.154477
0.8395,  0.157445
0.8400,  0.157211
0.8405,  0.154710
0.8410,  0.153142
0.8415,  0.146327
0.8420,  0.123373
0.8425,  0.118922
0.8430,  0.113633
0.8435,  0.121206
0.8440,  0.134662
0.8445,  0.134254
0.8450,  0.132695
0.8455,  0.138220
0.8460,  0.140062
0.8465,  0.143708
0.8470,  0.140642
0.8475,  0.140902
0.8480,  0.150387
0.8485,  0.148875
0.8490,  0.150582
0.8495,  0.146520
0.8500,  0.131755
0.8505,  0.129151
0.8510,  0.130028
0.8515,  0.133583
0.8520,  0.143551
0.8525,  0.129767
0.8530,  0.129106
0.8535,  0.121674
0.8540,  0.093821
0.8545,  0.102952
0.8550,  0.112252
0.8555,  0.121441
0.8560,  0.137769
0.8565,  0.133251
0.8570,  0.137724
0.8575,  0.138074
0.8580,  0.137373
0.8585,  0.124835
0.8590,  0.114555
0.8595,  0.113359
0.8600,  0.116119
0.8605,  0.123640
0.8610,  0.128915
0.8615,  0.131257
0.8620,  0.120348
0.8625,  0.115424
0.8630,  0.112422
0.8635,  0.111455
0.8640,  0.124579
0.8645,  0.116099
0.8650,  0.115866
0.8655,  0.117047
0.8660,  0.098410
0.8665,  0.100848
0.8670,  0.098805
0.8675,  0.104736
0.8680,  0.107277
0.8685,  0.110141
0.8690,  0.119444
0.8695,  0.126476
0.8700,  0.133546
0.8705,  0.127090
0.8710,  0.128145
0.8715,  0.141465
0.8720,  0.158583
0.8725,  0.159075
0.8730,  0.154911
0.8735,  0.158362
0.8740,  0.150362
0.8745,  0.140305
0.8750,  0.128745
0.8755,  0.118047
0.8760,  0.114933
0.8765,  0.120348
0.8770,  0.122898
0.8775,  0.128227
0.8780,  0.138463
0.8785,  0.131768
0.8790,  0.123990
0.8795,  0.116554
0.8800,  0.112363
0.8805,  0.123538
0.8810,  0.126300
0.8815,  0.132159
0.8820,  0.124579
0.8825,  0.121283
0.8830,  0.110510
0.8835,  0.113149
0.8840,  0.122319
0.8845,  0.124947
0.8850,  0.126095
0.8855,  0.121708
0.8860,  0.117245
0.8865,  0.119165
0.8870,  0.121289
0.8875,  0.122979
0.8880,  0.132190
0.8885,  0.151005
0.8890,  0.150335
0.8895,  0.148805
0.8900,  0.147958
