0.3500,  0.755341
0.3505,  0.800266
0.3510,  0.758548
0.3515,  0.709718
0.3520,  0.660695
0.3525,  0.603419
0.3530,  0.627084
0.3535,  0.639686
0.3540,  0.640902
0.3545,  0.665401
0.3550,  0.644644
0.3555,  0.640799
0.3560,  0.613822
0.3565,  0.603724
0.3570,  0.611697
0.3575,  0.582659
0.3580,  0.542325
0.3585,  0.485947
0.3590,  0.638964
0.3595,  0.752779
0.3600,  0.733700
0.3605,  0.715826
0.3610,  0.670598
0.3615,  0.605205
0.3620,  0.639256
0.3625,  0.658895
0.3630,  0.634633
0.3635,  0.618817
0.3640,  0.598933
0.3645,  0.580702
0.3650,  0.596678
0.3655,  0.605257
0.3660,  0.601293
0.3665,  0.610872
0.3670,  0.575052
0.3675,  0.545202
0.3680,  0.514483
0.3685,  0.477307
0.3690,  0.508985
0.3695,  0.554173
0.3700,  0.535934
0.3705,  0.519670
0.3710,  0.545842
0.3715,  0.573510
0.3720,  0.549021
0.3725,  0.526132
0.3730,  0.498757
0.3735,  0.464314
0.3740,  0.469410
0.3745,  0.461125
0.3750,  0.516995
0.3755,  0.561936
0.3760,  0.548527
0.3765,  0.533569
0.3770,  0.579337
0.3775,  0.618740
0.3780,  0.614605
0.3785,  0.621582
0.3790,  0.533924
0.3795,  0.433370
0.3800,  0.475731
0.3805,  0.523639
0.3810,  0.500010
0.3815,  0.491771
0.3820,  0.426223
0.3825,  0.342549
0.3830,  0.335982
0.3835,  0.313171
0.3840,  0.468762
0.3845,  0.586068
0.3850,  0.592185
0.3855,  0.594023
0.3860,  0.573625
0.3865,  0.556653
0.3870,  0.547769
0.3875,  0.540094
0.3880,  0.517273
0.3885,  0.480966
0.3890,  0.522175
0.3895,  0.557848
0.3900,  0.552694
0.3905,  0.546137
0.3910,  0.558283
0.3915,  0.595647
0.3920,  0.519049
0.3925,  0.446087
0.3930,  0.305020
0.3935,  0.081916
0.3940,  0.342289
0.3945,  0.517130
0.3950,  0.599788
0.3955,  0.684691
0.3960,  0.534983
0.3965,  0.343118
0.3970,  0.362718
0.3975,  0.360435
0.3980,  0.528802
0.3985,  0.633611
0.3990,  0.597539
0.3995,  0.571580
0.4000,  0.526445
0.4005,  0.485981
0.4010,  0.464929
0.4015,  0.452424
0.4020,  0.432287
0.4025,  0.421747
0.4030,  0.398898
0.4035,  0.375493
0.4040,  0.370025
0.4045,  0.370945
0.4050,  0.372344
0.4055,  0.374341
0.4060,  0.361461
0.4065,  0.347891
0.4070,  0.359309
0.4075,  0.366204
0.4080,  0.387113
0.4085,  0.408733
0.4090,  0.402093
0.4095,  0.397984
0.4100,  0.353720
0.4105,  0.300652
0.4110,  0.359726
0.4115,  0.414691
0.4120,  0.401822
0.4125,  0.388832
0.4130,  0.376450
0.4135,  0.365921
0.4140,  0.358661
0.4145,  0.349282
0.4150,  0.343827
0.4155,  0.337573
0.4160,  0.356437
0.4165,  0.377784
0.4170,  0.341004
0.4175,  0.301664
0.4180,  0.312213
0.4185,  0.326288
0.4190,  0.338604
0.4195,  0.342774
0.4200,  0.356590
0.4205,  0.369850
0.4210,  0.373261
0.4215,  0.377920
0.4220,  0.333284
0.4225,  0.283668
0.4230,  0.315876
0.4235,  0.347789
0.4240,  0.362018
0.4245,  0.377167
0.4250,  0.361429
0.4255,  0.349296
0.4260,  0.354338
0.4265,  0.361731
0.4270,  0.331689
0.4275,  0.303437
0.4280,  0.316926
0.4285,  0.329455
0.4290,  0.320904
0.4295,  0.317386
0.4300,  0.243439
0.4305,  0.147175
0.4310,  0.320906
0.4315,  0.450862
0.4320,  0.418628
0.4325,  0.385053
0.4330,  0.385846
0.4335,  0.391963
0.4340,  0.366241
0.4345,  0.342764
0.4350,  0.337129
0.4355,  0.327725
0.4360,  0.357718
0.4365,  0.390646
0.4370,  0.359987
0.4375,  0.339017
0.4380,  0.295930
0.4385,  0.246236
0.4390,  0.313817
0.4395,  0.372433
0.4400,  0.344943
0.4405,  0.310639
0.4410,  0.345818
0.4415,  0.375397
0.4420,  0.369610
0.4425,  0.364389
0.4430,  0.335730
0.4435,  0.313993
0.4440,  0.327449
0.4445,  0.342690
0.4450,  0.314832
0.4455,  0.282998
0.4460,  0.299538
0.4465,  0.309203
0.4470,  0.336280
0.4475,  0.362845
0.4480,  0.335397
0.4485,  0.309385
0.4490,  0.310553
0.4495,  0.310786
0.4500,  0.326861
0.4505,  0.342494
0.4510,  0.332670
0.4515,  0.321588
0.4520,  0.292215
0.4525,  0.268957
0.4530,  0.280462
0.4535,  0.291399
0.4540,  0.300621
0.4545,  0.305044
0.4550,  0.311619
0.4555,  0.320821
0.4560,  0.319451
0.4565,  0.321274
0.4570,  0.322741
0.4575,  0.327018
0.4580,  0.301497
0.4585,  0.275400
0.4590,  0.284346
0.4595,  0.293295
0.4600,  0.300176
0.4605,  0.306381
0.4610,  0.307813
0.4615,  0.305550
0.4620,  0.308877
0.4625,  0.313411
0.4630,  0.297275
0.4635,  0.285816
0.4640,  0.278882
0.4645,  0.271179
0.4650,  0.291979
0.4655,  0.312163
0.4660,  0.294814
0.4665,  0.275073
0.4670,  0.298486
0.4675,  0.314686
0.4680,  0.307728
0.4685,  0.308312
0.4690,  0.310794
0.4695,  0.312126
0.4700,  0.290188
0.4705,  0.265860
0.4710,  0.292185
0.4715,  0.321366
0.4720,  0.321344
0.4725,  0.320125
0.4730,  0.309457
0.4735,  0.297768
0.4740,  0.305751
0.4745,  0.315292
0.4750,  0.307443
0.4755,  0.300425
0.4760,  0.287638
0.4765,  0.274007
0.4770,  0.294947
0.4775,  0.314548
0.4780,  0.296230
0.4785,  0.279978
0.4790,  0.293587
0.4795,  0.305112
0.4800,  0.294655
0.4805,  0.285195
0.4810,  0.294091
0.4815,  0.301225
0.4820,  0.286432
0.4825,  0.276933
0.4830,  0.277514
0.4835,  0.280651
0.4840,  0.278948
0.4845,  0.282939
0.4850,  0.270420
0.4855,  0.261172
0.4860,  0.234265
0.4865,  0.193215
0.4870,  0.241798
0.4875,  0.282219
0.4880,  0.290117
0.4885,  0.294952
0.4890,  0.291111
0.4895,  0.289010
0.4900,  0.290297
0.4905,  0.296683
0.4910,  0.274744
0.4915,  0.253742
0.4920,  0.254854
0.4925,  0.254014
0.4930,  0.249176
0.4935,  0.242422
0.4940,  0.270619
0.4945,  0.298589
0.4950,  0.266219
0.4955,  0.235438
0.4960,  0.252330
0.4965,  0.269832
0.4970,  0.272014
0.4975,  0.276895
0.4980,  0.249275
0.4985,  0.219943
0.4990,  0.246627
0.4995,  0.272318
0.5000,  0.253690
0.5005,  0.233680
0.5010,  0.227767
0.5015,  0.219530
0.5020,  0.237061
0.5025,  0.252918
0.5030,  0.260413
0.5035,  0.266761
0.5040,  0.252618
0.5045,  0.234017
0.5050,  0.251164
0.5055,  0.269999
0.5060,  0.261316
0.5065,  0.253545
0.5070,  0.243623
0.5075,  0.234705
0.5080,  0.237710
0.5085,  0.239404
0.5090,  0.237403
0.5095,  0.234861
0.5100,  0.238686
0.5105,  0.241609
0.5110,  0.250669
0.5115,  0.260815
0.5120,  0.237128
0.5125,  0.215184
0.5130,  0.219219
0.5135,  0.221564
0.5140,  0.228157
0.5145,  0.231853
0.5150,  0.240870
0.5155,  0.253828
0.5160,  0.218975
0.5165,  0.181760
0.5170,  0.208218
0.5175,  0.229272
0.5180,  0.212741
0.5185,  0.189700
0.5190,  0.222307
0.5195,  0.253726
0.5200,  0.245188
0.5205,  0.236017
0.5210,  0.243798
0.5215,  0.253976
0.5220,  0.232657
0.5225,  0.211919
0.5230,  0.223498
0.5235,  0.231158
0.5240,  0.239093
0.5245,  0.249313
0.5250,  0.245791
0.5255,  0.247134
0.5260,  0.202237
0.5265,  0.151534
0.5270,  0.190341
0.5275,  0.221045
0.5280,  0.228253
0.5285,  0.233789
0.5290,  0.230518
0.5295,  0.227238
0.5300,  0.228548
0.5305,  0.231357
0.5310,  0.233307
0.5315,  0.240194
0.5320,  0.208002
0.5325,  0.171413
0.5330,  0.208090
0.5335,  0.240729
0.5340,  0.223050
0.5345,  0.204171
0.5350,  0.227658
0.5355,  0.251787
0.5360,  0.227524
0.5365,  0.203409
0.5370,  0.206496
0.5375,  0.210227
0.5380,  0.218317
0.5385,  0.227771
0.5390,  0.219165
0.5395,  0.210912
0.5400,  0.201594
0.5405,  0.189385
0.5410,  0.213595
0.5415,  0.235573
0.5420,  0.220671
0.5425,  0.206662
0.5430,  0.216906
0.5435,  0.225130
0.5440,  0.222132
0.5445,  0.219803
0.5450,  0.224008
0.5455,  0.228908
0.5460,  0.226380
0.5465,  0.222578
0.5470,  0.214687
0.5475,  0.206610
0.5480,  0.212605
0.5485,  0.217363
0.5490,  0.223159
0.5495,  0.227394
0.5500,  0.218900
0.5505,  0.212991
0.5510,  0.215855
0.5515,  0.217668
0.5520,  0.213006
0.5525,  0.208177
0.5530,  0.216575
0.5535,  0.223330
0.5540,  0.224013
0.5545,  0.225212
0.5550,  0.226243
0.5555,  0.228966
0.5560,  0.215969
0.5565,  0.203499
0.5570,  0.212689
0.5575,  0.223049
0.5580,  0.215955
0.5585,  0.207344
0.5590,  0.213127
0.5595,  0.217474
0.5600,  0.221202
0.5605,  0.224319
0.5610,  0.219873
0.5615,  0.214016
0.5620,  0.216928
0.5625,  0.222705
0.5630,  0.225595
0.5635,  0.229599
0.5640,  0.230439
0.5645,  0.232876
0.5650,  0.225279
0.5655,  0.214298
0.5660,  0.219967
0.5665,  0.224115
0.5670,  0.236004
0.5675,  0.249758
0.5680,  0.234756
0.5685,  0.218607
0.5690,  0.231810
0.5695,  0.245538
0.5700,  0.227947
0.5705,  0.208415
0.5710,  0.218186
0.5715,  0.223586
0.5720,  0.232714
0.5725,  0.243119
0.5730,  0.238223
0.5735,  0.233774
0.5740,  0.232515
0.5745,  0.231774
0.5750,  0.224506
0.5755,  0.215652
0.5760,  0.216957
0.5765,  0.221511
0.5770,  0.227910
0.5775,  0.234384
0.5780,  0.220462
0.5785,  0.205352
0.5790,  0.213007
0.5795,  0.219759
0.5800,  0.218307
0.5805,  0.216716
0.5810,  0.215389
0.5815,  0.216134
0.5820,  0.217698
0.5825,  0.220082
0.5830,  0.216385
0.5835,  0.214784
0.5840,  0.218126
0.5845,  0.224249
0.5850,  0.213332
0.5855,  0.200394
0.5860,  0.214191
0.5865,  0.228655
0.5870,  0.238549
0.5875,  0.254913
0.5880,  0.251917
0.5885,  0.246425
0.5890,  0.226119
0.5895,  0.195974
0.5900,  0.243418
0.5905,  0.285498
0.5910,  0.274547
0.5915,  0.262607
0.5920,  0.260696
0.5925,  0.259023
0.5930,  0.251558
0.5935,  0.250829
0.5940,  0.246450
0.5945,  0.241899
0.5950,  0.245758
0.5955,  0.247404
0.5960,  0.250675
0.5965,  0.253781
0.5970,  0.245006
0.5975,  0.237568
0.5980,  0.230143
0.5985,  0.225948
0.5990,  0.233469
0.5995,  0.240095
0.6000,  0.234713
0.6005,  0.230292
0.6010,  0.232826
0.6015,  0.231511
0.6020,  0.219901
0.6025,  0.207907
0.6030,  0.220418
0.6035,  0.236684
0.6040,  0.233678
0.6045,  0.232488
0.6050,  0.229958
0.6055,  0.225661
0.6060,  0.223346
0.6065,  0.223254
0.6070,  0.223281
0.6075,  0.225199
0.6080,  0.226202
0.6085,  0.228990
0.6090,  0.234721
0.6095,  0.237374
0.6100,  0.230711
0.6105,  0.220943
0.6110,  0.229359
0.6115,  0.238965
0.6120,  0.232503
0.6125,  0.224549
0.6130,  0.221907
0.6135,  0.220006
0.6140,  0.229437
0.6145,  0.236705
0.6150,  0.239359
0.6155,  0.243150
0.6160,  0.219624
0.6165,  0.192485
0.6170,  0.215180
0.6175,  0.238933
0.6180,  0.244816
0.6185,  0.248070
0.6190,  0.244294
0.6195,  0.236842
0.6200,  0.241830
0.6205,  0.249417
0.6210,  0.239544
0.6215,  0.230030
0.6220,  0.238125
0.6225,  0.248313
0.6230,  0.242720
0.6235,  0.239306
0.6240,  0.245029
0.6245,  0.245044
0.6250,  0.239087
0.6255,  0.231924
0.6260,  0.245561
0.6265,  0.259985
0.6270,  0.261254
0.6275,  0.265142
0.6280,  0.269414
0.6285,  0.274811
0.6290,  0.275861
0.6295,  0.275355
0.6300,  0.270338
0.6305,  0.263468
0.6310,  0.254618
0.6315,  0.251735
0.6320,  0.248728
0.6325,  0.246915
0.6330,  0.247302
0.6335,  0.248956
0.6340,  0.252296
0.6345,  0.256011
0.6350,  0.259146
0.6355,  0.259810
0.6360,  0.258923
0.6365,  0.255090
0.6370,  0.249376
0.6375,  0.245030
0.6380,  0.245269
0.6385,  0.247254
0.6390,  0.251586
0.6395,  0.252603
0.6400,  0.252221
0.6405,  0.248773
0.6410,  0.244705
0.6415,  0.244767
0.6420,  0.244015
0.6425,  0.243340
0.6430,  0.242299
0.6435,  0.242830
0.6440,  0.247343
0.6445,  0.252987
0.6450,  0.260381
0.6455,  0.266463
0.6460,  0.271791
0.6465,  0.274102
0.6470,  0.276745
0.6475,  0.276143
0.6480,  0.274509
0.6485,  0.271122
0.6490,  0.267068
0.6495,  0.271581
0.6500,  0.273387
0.6505,  0.276249
0.6510,  0.282266
0.6515,  0.278967
0.6520,  0.273743
0.6525,  0.270926
0.6530,  0.269344
0.6535,  0.264413
0.6540,  0.267749
0.6545,  0.277717
0.6550,  0.290246
0.6555,  0.288618
0.6560,  0.273504
0.6565,  0.246301
0.6570,  0.211013
0.6575,  0.218494
0.6580,  0.229893
0.6585,  0.241491
0.6590,  0.252709
0.6595,  0.247363
0.6600,  0.241485
0.6605,  0.239903
0.6610,  0.239162
0.6615,  0.235442
0.6620,  0.235097
0.6625,  0.233772
0.6630,  0.235382
0.6635,  0.236766
0.6640,  0.238679
0.6645,  0.241124
0.6650,  0.243572
0.6655,  0.242076
0.6660,  0.239426
0.6665,  0.238519
0.6670,  0.236073
0.6675,  0.237568
0.6680,  0.234636
0.6685,  0.234455
0.6690,  0.233669
0.6695,  0.230044
0.6700,  0.228294
0.6705,  0.231635
0.6710,  0.233014
0.6715,  0.238205
0.6720,  0.242797
0.6725,  0.245999
0.6730,  0.247251
0.6735,  0.244826
0.6740,  0.243102
0.6745,  0.238806
0.6750,  0.234286
0.6755,  0.231670
0.6760,  0.234774
0.6765,  0.237736
0.6770,  0.241178
0.6775,  0.243098
0.6780,  0.242984
0.6785,  0.244286
0.6790,  0.244093
0.6795,  0.247286
0.6800,  0.251213
0.6805,  0.252516
0.6810,  0.254545
0.6815,  0.251864
0.6820,  0.249821
0.6825,  0.252235
0.6830,  0.259842
0.6835,  0.263521
0.6840,  0.264964
0.6845,  0.265017
0.6850,  0.269326
0.6855,  0.294552
0.6860,  0.330725
0.6865,  0.362243
0.6870,  0.380727
0.6875,  0.383790
0.6880,  0.381322
0.6885,  0.376906
0.6890,  0.373718
0.6895,  0.367987
0.6900,  0.364019
0.6905,  0.360674
0.6910,  0.357338
0.6915,  0.353344
0.6920,  0.353572
0.6925,  0.356161
0.6930,  0.362149
0.6935,  0.361851
0.6940,  0.362666
0.6945,  0.357494
0.6950,  0.355424
0.6955,  0.345597
0.6960,  0.333221
0.6965,  0.322800
0.6970,  0.317312
0.6975,  0.321611
0.6980,  0.330909
0.6985,  0.340246
0.6990,  0.348055
0.6995,  0.347273
0.7000,  0.346698
0.7005,  0.342150
0.7010,  0.344305
0.7015,  0.348774
0.7020,  0.349665
0.7025,  0.348693
0.7030,  0.346829
0.7035,  0.346591
0.7040,  0.345045
0.7045,  0.339707
0.7050,  0.339615
0.7055,  0.335174
0.7060,  0.331070
0.7065,  0.324541
0.7070,  0.322933
0.7075,  0.320454
0.7080,  0.318874
0.7085,  0.320636
0.7090,  0.324289
0.7095,  0.326360
0.7100,  0.324730
0.7105,  0.324079
0.7110,  0.326328
0.7115,  0.324471
0.7120,  0.325321
0.7125,  0.327619
0.7130,  0.327592
0.7135,  0.331938
0.7140,  0.337776
0.7145,  0.346058
0.7150,  0.360940
0.7155,  0.381115
0.7160,  0.425013
0.7165,  0.473286
0.7170,  0.522773
0.7175,  0.559426
0.7180,  0.590327
0.7185,  0.612160
0.7190,  0.623304
0.7195,  0.626111
0.7200,  0.605245
0.7205,  0.569879
0.7210,  0.527444
0.7215,  0.499856
0.7220,  0.496597
0.7225,  0.508336
0.7230,  0.524915
0.7235,  0.542747
0.7240,  0.558746
0.7245,  0.565109
0.7250,  0.569088
0.7255,  0.574889
0.7260,  0.584040
0.7265,  0.591409
0.7270,  0.590150
0.7275,  0.588318
0.7280,  0.581057
0.7285,  0.573816
0.7290,  0.562350
0.7295,  0.554378
0.7300,  0.548308
0.7305,  0.537522
0.7310,  0.525959
0.7315,  0.511236
0.7320,  0.494651
0.7325,  0.473263
0.7330,  0.443772
0.7335,  0.426876
0.7340,  0.414785
0.7345,  0.410145
0.7350,  0.404310
0.7355,  0.401089
0.7360,  0.398072
0.7365,  0.399141
0.7370,  0.393398
0.7375,  0.388116
0.7380,  0.388409
0.7385,  0.383967
0.7390,  0.376517
0.7395,  0.368496
0.7400,  0.361077
0.7405,  0.348650
0.7410,  0.343375
0.7415,  0.347995
0.7420,  0.349641
0.7425,  0.349549
0.7430,  0.347594
0.7435,  0.338706
0.7440,  0.338144
0.7445,  0.336448
0.7450,  0.334659
0.7455,  0.334466
0.7460,  0.340178
0.7465,  0.340092
0.7470,  0.341571
0.7475,  0.334689
0.7480,  0.333187
0.7485,  0.337968
0.7490,  0.337508
0.7495,  0.340088
0.7500,  0.346606
0.7505,  0.350668
0.7510,  0.352832
0.7515,  0.352372
0.7520,  0.347181
0.7525,  0.343009
0.7530,  0.340361
0.7535,  0.339990
0.7540,  0.345656
0.7545,  0.350135
0.7550,  0.351731
0.7555,  0.354094
0.7560,  0.355019
0.7565,  0.351465
0.7570,  0.351354
0.7575,  0.359609
0.7580,  0.397577
0.7585,  0.479019
0.7590,  0.620818
0.7595,  0.821231
0.7600,  1.038554
0.7605,  1.172042
0.7610,  1.180469
0.7615,  1.142998
0.7620,  1.106711
0.7625,  1.075675
0.7630,  1.049526
0.7635,  1.008830
0.7640,  0.939698
0.7645,  0.857747
0.7650,  0.773255
0.7655,  0.695864
0.7660,  0.616792
0.7665,  0.549096
0.7670,  0.498996
0.7675,  0.462425
0.7680,  0.438206
0.7685,  0.425948
0.7690,  0.408430
0.7695,  0.397585
0.7700,  0.384675
0.7705,  0.377644
0.7710,  0.376590
0.7715,  0.385139
0.7720,  0.389196
0.7725,  0.391536
0.7730,  0.395497
0.7735,  0.392062
0.7740,  0.385680
0.7745,  0.373519
0.7750,  0.365964
0.7755,  0.366528
0.7760,  0.356278
0.7765,  0.358224
0.7770,  0.373422
0.7775,  0.380998
0.7780,  0.389173
0.7785,  0.396781
0.7790,  0.388596
0.7795,  0.388856
0.7800,  0.386203
0.7805,  0.382791
0.7810,  0.386945
0.7815,  0.388298
0.7820,  0.386287
0.7825,  0.386061
0.7830,  0.388477
0.7835,  0.391645
0.7840,  0.397594
0.7845,  0.398987
0.7850,  0.405488
0.7855,  0.409850
0.7860,  0.415866
0.7865,  0.427128
0.7870,  0.425848
0.7875,  0.433284
0.7880,  0.438579
0.7885,  0.451911
0.7890,  0.463684
0.7895,  0.475941
0.7900,  0.475461
0.7905,  0.474988
0.7910,  0.469269
0.7915,  0.462057
0.7920,  0.461190
0.7925,  0.451212
0.7930,  0.446629
0.7935,  0.442867
0.7940,  0.449173
0.7945,  0.453258
0.7950,  0.458986
0.7955,  0.464821
0.7960,  0.463656
0.7965,  0.460026
0.7970,  0.459473
0.7975,  0.457997
0.7980,  0.452541
0.7985,  0.454126
0.7990,  0.462046
0.7995,  0.469010
0.8000,  0.482951
0.8005,  0.494767
0.8010,  0.499043
0.8015,  0.495889
0.8020,  0.503499
0.8025,  0.497917
0.8030,  0.491049
0.8035,  0.481981
0.8040,  0.477137
0.8045,  0.470965
0.8050,  0.472637
0.8055,  0.474498
0.8060,  0.477710
0.8065,  0.489941
0.8070,  0.498101
0.8075,  0.495889
0.8080,  0.487098
0.8085,  0.486087
0.8090,  0.491396
0.8095,  0.507452
0.8100,  0.522747
0.8105,  0.547149
0.8110,  0.574088
0.8115,  0.601375
0.8120,  0.630240
0.8125,  0.649792
0.8130,  0.680043
0.8135,  0.722817
0.8140,  0.761953
0.8145,  0.802034
0.8150,  0.845184
0.8155,  0.881965
0.8160,  0.922956
0.8165,  0.967743
0.8170,  0.982954
0.8175,  0.952425
0.8180,  0.916289
0.8185,  0.872440
0.8190,  0.839520
0.8195,  0.806068
0.8200,  0.759426
0.8205,  0.722680
0.8210,  0.741527
0.8215,  0.791048
0.8220,  0.852175
0.8225,  0.932651
0.8230,  0.946141
0.8235,  0.905814
0.8240,  0.838006
0.8245,  0.759499
0.8250,  0.712019
0.8255,  0.689585
0.8260,  0.696839
0.8265,  0.708180
0.8270,  0.743496
0.8275,  0.765759
0.8280,  0.796115
0.8285,  0.806319
0.8290,  0.809576
0.8295,  0.796600
0.8300,  0.768811
0.8305,  0.759996
0.8310,  0.754322
0.8315,  0.746635
0.8320,  0.726421
0.8325,  0.742711
0.8330,  0.747197
0.8335,  0.740456
0.8340,  0.714914
0.8345,  0.686232
0.8350,  0.664037
0.8355,  0.653088
0.8360,  0.639426
0.8365,  0.637614
0.8370,  0.635584
0.8375,  0.629922
0.8380,  0.635413
0.8385,  0.645336
0.8390,  0.645567
0.8395,  0.642203
0.8400,  0.635605
0.8405,  0.618373
0.8410,  0.609140
0.8415,  0.596192
0.8420,  0.574462
0.8425,  0.579276
0.8430,  0.585270
0.8435,  0.587734
0.8440,  0.598963
0.8445,  0.600345
0.8450,  0.593490
0.8455,  0.582847
0.8460,  0.576914
0.8465,  0.583752
0.8470,  0.580172
0.8475,  0.578890
0.8480,  0.566804
0.8485,  0.561760
0.8490,  0.567731
0.8495,  0.589389
0.8500,  0.604979
0.8505,  0.633357
0.8510,  0.644249
0.8515,  0.658458
0.8520,  0.658744
0.8525,  0.642837
0.8530,  0.650951
0.8535,  0.671491
0.8540,  0.664146
0.8545,  0.678654
0.8550,  0.661110
0.8555,  0.669269
0.8560,  0.664721
0.8565,  0.659602
0.8570,  0.650587
0.8575,  0.653371
0.8580,  0.642277
0.8585,  0.628852
0.8590,  0.627949
0.8595,  0.628746
0.8600,  0.625377
0.8605,  0.646309
0.8610,  0.672045
0.8615,  0.678631
0.8620,  0.679513
0.8625,  0.671008
0.8630,  0.661200
0.8635,  0.651532
0.8640,  0.650876
0.8645,  0.633971
0.8650,  0.650086
0.8655,  0.701343
0.8660,  0.722912
0.8665,  0.744128
0.8670,  0.758270
0.8675,  0.772152
0.8680,  0.771102
0.8685,  0.749114
0.8690,  0.734708
0.8695,  0.743826
0.8700,  0.750009
0.8705,  0.748606
0.8710,  0.750478
0.8715,  0.748205
0.8720,  0.763848
0.8725,  0.776605
0.8730,  0.780048
0.8735,  0.766507
0.8740,  0.762155
0.8745,  0.750195
0.8750,  0.763734
0.8755,  0.785537
0.8760,  0.801518
0.8765,  0.822577
0.8770,  0.823931
0.8775,  0.847095
0.8780,  0.860455
0.8785,  0.853084
0.8790,  0.855314
0.8795,  0.843029
0.8800,  0.828450
0.8805,  0.817781
0.8810,  0.790165
0.8815,  0.794452
0.8820,  0.819275
0.8825,  0.854931
0.8830,  0.886352
0.8835,  0.894646
0.8840,  0.894100
0.8845,  0.901328
0.8850,  0.880700
0.8855,  0.877879
0.8860,  0.893912
0.8865,  0.905449
0.8870,  0.894234
0.8875,  0.939679
0.8880,  0.954363
0.8885,  0.972472
0.8890,  0.954890
0.8895,  0.939306
0.8900,  0.930149
