0.3500,  0.422073
0.3505,  0.475791
0.3510,  0.448777
0.3515,  0.417495
0.3520,  0.380329
0.3525,  0.335828
0.3530,  0.372491
0.3535,  0.413932
0.3540,  0.451564
0.3545,  0.495405
0.3550,  0.476197
0.3555,  0.464441
0.3560,  0.428312
0.3565,  0.408490
0.3570,  0.367851
0.3575,  0.307095
0.3580,  0.246086
0.3585,  0.182051
0.3590,  0.330260
0.3595,  0.465848
0.3600,  0.451499
0.3605,  0.442006
0.3610,  0.391008
0.3615,  0.333118
0.3620,  0.370638
0.3625,  0.403682
0.3630,  0.394524
0.3635,  0.378000
0.3640,  0.369750
0.3645,  0.358466
0.3650,  0.389426
0.3655,  0.417022
0.3660,  0.425642
0.3665,  0.439114
0.3670,  0.414800
0.3675,  0.394803
0.3680,  0.361748
0.3685,  0.330826
0.3690,  0.374214
0.3695,  0.412385
0.3700,  0.382130
0.3705,  0.354902
0.3710,  0.378809
0.3715,  0.404752
0.3720,  0.380417
0.3725,  0.357350
0.3730,  0.329053
0.3735,  0.285196
0.3740,  0.282389
0.3745,  0.276409
0.3750,  0.340251
0.3755,  0.395232
0.3760,  0.383402
0.3765,  0.364819
0.3770,  0.414172
0.3775,  0.461734
0.3780,  0.459473
0.3785,  0.468040
0.3790,  0.383344
0.3795,  0.286658
0.3800,  0.334999
0.3805,  0.388498
0.3810,  0.367268
0.3815,  0.358896
0.3820,  0.294100
0.3825,  0.201410
0.3830,  0.175957
0.3835,  0.133359
0.3840,  0.272583
0.3845,  0.376678
0.3850,  0.377518
0.3855,  0.381278
0.3860,  0.362307
0.3865,  0.351558
0.3870,  0.355771
0.3875,  0.357769
0.3880,  0.339302
0.3885,  0.311195
0.3890,  0.360514
0.3895,  0.396435
0.3900,  0.391502
0.3905,  0.392930
0.3910,  0.411337
0.3915,  0.445855
0.3920,  0.369393
0.3925,  0.285525
0.3930,  0.125296
0.3935,  -0.114317
0.3940,  0.137195
0.3945,  0.315166
0.3950,  0.408807
0.3955,  0.502493
0.3960,  0.357371
0.3965,  0.167536
0.3970,  0.176131
0.3975,  0.160160
0.3980,  0.323982
0.3985,  0.439493
0.3990,  0.428347
0.3995,  0.427273
0.4000,  0.401247
0.4005,  0.377522
0.4010,  0.370055
0.4015,  0.368246
0.4020,  0.355611
0.4025,  0.347425
0.4030,  0.324368
0.4035,  0.303227
0.4040,  0.300312
0.4045,  0.302886
0.4050,  0.307500
0.4055,  0.311761
0.4060,  0.299402
0.4065,  0.282920
0.4070,  0.288172
0.4075,  0.290434
0.4080,  0.310034
0.4085,  0.332392
0.4090,  0.328870
0.4095,  0.327288
0.4100,  0.287300
0.4105,  0.235553
0.4110,  0.293819
0.4115,  0.347111
0.4120,  0.331308
0.4125,  0.314264
0.4130,  0.297995
0.4135,  0.288962
0.4140,  0.284256
0.4145,  0.279717
0.4150,  0.281379
0.4155,  0.281527
0.4160,  0.304010
0.4165,  0.328658
0.4170,  0.291579
0.4175,  0.250713
0.4180,  0.253697
0.4185,  0.259378
0.4190,  0.267076
0.4195,  0.269863
0.4200,  0.280191
0.4205,  0.292606
0.4210,  0.300630
0.4215,  0.315200
0.4220,  0.275898
0.4225,  0.229299
0.4230,  0.262912
0.4235,  0.292546
0.4240,  0.298448
0.4245,  0.309835
0.4250,  0.293983
0.4255,  0.277603
0.4260,  0.279758
0.4265,  0.283720
0.4270,  0.257238
0.4275,  0.231154
0.4280,  0.245922
0.4285,  0.268068
0.4290,  0.259735
0.4295,  0.254864
0.4300,  0.180608
0.4305,  0.074628
0.4310,  0.236350
0.4315,  0.356014
0.4320,  0.320200
0.4325,  0.286060
0.4330,  0.292293
0.4335,  0.304836
0.4340,  0.283240
0.4345,  0.260582
0.4350,  0.257180
0.4355,  0.252149
0.4360,  0.284035
0.4365,  0.320600
0.4370,  0.295894
0.4375,  0.277951
0.4380,  0.233695
0.4385,  0.180349
0.4390,  0.243447
0.4395,  0.295677
0.4400,  0.260896
0.4405,  0.225054
0.4410,  0.262107
0.4415,  0.295076
0.4420,  0.295372
0.4425,  0.295405
0.4430,  0.276522
0.4435,  0.262061
0.4440,  0.274302
0.4445,  0.288714
0.4450,  0.260235
0.4455,  0.227050
0.4460,  0.236631
0.4465,  0.242781
0.4470,  0.271304
0.4475,  0.297836
0.4480,  0.275992
0.4485,  0.253328
0.4490,  0.259441
0.4495,  0.260197
0.4500,  0.274929
0.4505,  0.290678
0.4510,  0.283043
0.4515,  0.278167
0.4520,  0.251284
0.4525,  0.226785
0.4530,  0.233872
0.4535,  0.240916
0.4540,  0.245500
0.4545,  0.247877
0.4550,  0.254251
0.4555,  0.261530
0.4560,  0.264991
0.4565,  0.270198
0.4570,  0.274100
0.4575,  0.278480
0.4580,  0.256368
0.4585,  0.232597
0.4590,  0.239748
0.4595,  0.246043
0.4600,  0.252247
0.4605,  0.255962
0.4610,  0.253564
0.4615,  0.248548
0.4620,  0.252725
0.4625,  0.259589
0.4630,  0.245916
0.4635,  0.237628
0.4640,  0.233048
0.4645,  0.229526
0.4650,  0.251852
0.4655,  0.274265
0.4660,  0.253754
0.4665,  0.228106
0.4670,  0.246145
0.4675,  0.263449
0.4680,  0.257822
0.4685,  0.255317
0.4690,  0.258855
0.4695,  0.264354
0.4700,  0.246469
0.4705,  0.220786
0.4710,  0.244328
0.4715,  0.272379
0.4720,  0.272442
0.4725,  0.273293
0.4730,  0.263703
0.4735,  0.253567
0.4740,  0.261104
0.4745,  0.271784
0.4750,  0.265057
0.4755,  0.258552
0.4760,  0.247889
0.4765,  0.236483
0.4770,  0.259255
0.4775,  0.279456
0.4780,  0.262688
0.4785,  0.246427
0.4790,  0.257486
0.4795,  0.268682
0.4800,  0.258572
0.4805,  0.248859
0.4810,  0.257799
0.4815,  0.268225
0.4820,  0.255116
0.4825,  0.247618
0.4830,  0.249876
0.4835,  0.254126
0.4840,  0.256512
0.4845,  0.265608
0.4850,  0.258939
0.4855,  0.248190
0.4860,  0.214072
0.4865,  0.165234
0.4870,  0.208832
0.4875,  0.245414
0.4880,  0.252979
0.4885,  0.259432
0.4890,  0.257459
0.4895,  0.257237
0.4900,  0.260988
0.4905,  0.270366
0.4910,  0.252840
0.4915,  0.233918
0.4920,  0.234732
0.4925,  0.230923
0.4930,  0.225939
0.4935,  0.218277
0.4940,  0.248328
0.4945,  0.278842
0.4950,  0.250097
0.4955,  0.221843
0.4960,  0.238852
0.4965,  0.257802
0.4970,  0.262053
0.4975,  0.268433
0.4980,  0.241337
0.4985,  0.210351
0.4990,  0.234402
0.4995,  0.259935
0.5000,  0.243684
0.5005,  0.226165
0.5010,  0.219852
0.5015,  0.208718
0.5020,  0.223688
0.5025,  0.241068
0.5030,  0.250551
0.5035,  0.256600
0.5040,  0.239104
0.5045,  0.217761
0.5050,  0.236986
0.5055,  0.258420
0.5060,  0.250976
0.5065,  0.246716
0.5070,  0.239232
0.5075,  0.230103
0.5080,  0.232479
0.5085,  0.233694
0.5090,  0.231785
0.5095,  0.229476
0.5100,  0.232819
0.5105,  0.237210
0.5110,  0.247814
0.5115,  0.259092
0.5120,  0.237528
0.5125,  0.215963
0.5130,  0.219988
0.5135,  0.222876
0.5140,  0.228065
0.5145,  0.233524
0.5150,  0.244704
0.5155,  0.261264
0.5160,  0.226420
0.5165,  0.187193
0.5170,  0.209672
0.5175,  0.225288
0.5180,  0.204912
0.5185,  0.178166
0.5190,  0.208078
0.5195,  0.238057
0.5200,  0.231065
0.5205,  0.224803
0.5210,  0.237085
0.5215,  0.251124
0.5220,  0.231670
0.5225,  0.209582
0.5230,  0.218854
0.5235,  0.226085
0.5240,  0.233987
0.5245,  0.247650
0.5250,  0.249684
0.5255,  0.254583
0.5260,  0.209926
0.5265,  0.156853
0.5270,  0.190644
0.5275,  0.216073
0.5280,  0.221715
0.5285,  0.230324
0.5290,  0.229930
0.5295,  0.228037
0.5300,  0.230816
0.5305,  0.235594
0.5310,  0.240127
0.5315,  0.249112
0.5320,  0.215740
0.5325,  0.175228
0.5330,  0.209202
0.5335,  0.240612
0.5340,  0.222196
0.5345,  0.203251
0.5350,  0.229295
0.5355,  0.258050
0.5360,  0.235071
0.5365,  0.209570
0.5370,  0.211531
0.5375,  0.214789
0.5380,  0.223437
0.5385,  0.233721
0.5390,  0.226106
0.5395,  0.215914
0.5400,  0.204886
0.5405,  0.191163
0.5410,  0.213319
0.5415,  0.234535
0.5420,  0.219937
0.5425,  0.205365
0.5430,  0.214678
0.5435,  0.223371
0.5440,  0.220591
0.5445,  0.218800
0.5450,  0.222194
0.5455,  0.225760
0.5460,  0.223965
0.5465,  0.222151
0.5470,  0.214518
0.5475,  0.205258
0.5480,  0.211210
0.5485,  0.215673
0.5490,  0.222472
0.5495,  0.229538
0.5500,  0.222075
0.5505,  0.215693
0.5510,  0.218411
0.5515,  0.221058
0.5520,  0.217152
0.5525,  0.211773
0.5530,  0.216462
0.5535,  0.222582
0.5540,  0.225199
0.5545,  0.228775
0.5550,  0.230520
0.5555,  0.234420
0.5560,  0.222199
0.5565,  0.209794
0.5570,  0.218689
0.5575,  0.229952
0.5580,  0.221967
0.5585,  0.210908
0.5590,  0.214912
0.5595,  0.217687
0.5600,  0.221312
0.5605,  0.225916
0.5610,  0.220179
0.5615,  0.214953
0.5620,  0.220333
0.5625,  0.225542
0.5630,  0.229335
0.5635,  0.233981
0.5640,  0.235761
0.5645,  0.236551
0.5650,  0.225441
0.5655,  0.211552
0.5660,  0.215330
0.5665,  0.220975
0.5670,  0.236346
0.5675,  0.250536
0.5680,  0.235980
0.5685,  0.222414
0.5690,  0.237276
0.5695,  0.252073
0.5700,  0.234969
0.5705,  0.213360
0.5710,  0.220626
0.5715,  0.224692
0.5720,  0.232483
0.5725,  0.243066
0.5730,  0.238788
0.5735,  0.235931
0.5740,  0.235793
0.5745,  0.234216
0.5750,  0.226807
0.5755,  0.218013
0.5760,  0.220990
0.5765,  0.227478
0.5770,  0.233803
0.5775,  0.236909
0.5780,  0.217843
0.5785,  0.197027
0.5790,  0.202188
0.5795,  0.208608
0.5800,  0.207726
0.5805,  0.208875
0.5810,  0.210973
0.5815,  0.212870
0.5820,  0.215256
0.5825,  0.216800
0.5830,  0.212247
0.5835,  0.212557
0.5840,  0.215429
0.5845,  0.220286
0.5850,  0.206925
0.5855,  0.191609
0.5860,  0.204442
0.5865,  0.219220
0.5870,  0.232657
0.5875,  0.251048
0.5880,  0.247010
0.5885,  0.234839
0.5890,  0.202572
0.5895,  0.165035
0.5900,  0.210272
0.5905,  0.252543
0.5910,  0.244109
0.5915,  0.233956
0.5920,  0.233219
0.5925,  0.233958
0.5930,  0.229010
0.5935,  0.229844
0.5940,  0.225284
0.5945,  0.218757
0.5950,  0.220948
0.5955,  0.221536
0.5960,  0.224979
0.5965,  0.230646
0.5970,  0.226129
0.5975,  0.220512
0.5980,  0.212922
0.5985,  0.207948
0.5990,  0.213689
0.5995,  0.221544
0.6000,  0.217922
0.6005,  0.214371
0.6010,  0.215125
0.6015,  0.214339
0.6020,  0.202100
0.6025,  0.189561
0.6030,  0.201988
0.6035,  0.216419
0.6040,  0.215354
0.6045,  0.217181
0.6050,  0.217311
0.6055,  0.213860
0.6060,  0.209670
0.6065,  0.207200
0.6070,  0.207816
0.6075,  0.209354
0.6080,  0.207835
0.6085,  0.209621
0.6090,  0.214930
0.6095,  0.218321
0.6100,  0.209970
0.6105,  0.200886
0.6110,  0.209485
0.6115,  0.220444
0.6120,  0.213500
0.6125,  0.208005
0.6130,  0.206630
0.6135,  0.203805
0.6140,  0.213473
0.6145,  0.223224
0.6150,  0.225893
0.6155,  0.227329
0.6160,  0.199896
0.6165,  0.171077
0.6170,  0.191945
0.6175,  0.212061
0.6180,  0.214193
0.6185,  0.216175
0.6190,  0.213506
0.6195,  0.211292
0.6200,  0.217980
0.6205,  0.224941
0.6210,  0.215812
0.6215,  0.207434
0.6220,  0.215681
0.6225,  0.226572
0.6230,  0.217858
0.6235,  0.208994
0.6240,  0.210579
0.6245,  0.211688
0.6250,  0.207178
0.6255,  0.200955
0.6260,  0.215206
0.6265,  0.232630
0.6270,  0.233927
0.6275,  0.233690
0.6280,  0.236036
0.6285,  0.239369
0.6290,  0.238208
0.6295,  0.237884
0.6300,  0.234995
0.6305,  0.229136
0.6310,  0.221809
0.6315,  0.219258
0.6320,  0.214131
0.6325,  0.211562
0.6330,  0.211024
0.6335,  0.210824
0.6340,  0.213331
0.6345,  0.217727
0.6350,  0.218706
0.6355,  0.216818
0.6360,  0.215491
0.6365,  0.213262
0.6370,  0.210347
0.6375,  0.208494
0.6380,  0.210581
0.6385,  0.214133
0.6390,  0.216237
0.6395,  0.213316
0.6400,  0.211774
0.6405,  0.206763
0.6410,  0.201796
0.6415,  0.202746
0.6420,  0.200342
0.6425,  0.198367
0.6430,  0.196404
0.6435,  0.195983
0.6440,  0.198259
0.6445,  0.205333
0.6450,  0.214637
0.6455,  0.218354
0.6460,  0.220610
0.6465,  0.219369
0.6470,  0.217689
0.6475,  0.216179
0.6480,  0.213490
0.6485,  0.206714
0.6490,  0.199899
0.6495,  0.202363
0.6500,  0.207735
0.6505,  0.215632
0.6510,  0.225869
0.6515,  0.224997
0.6520,  0.221241
0.6525,  0.215848
0.6530,  0.214402
0.6535,  0.210512
0.6540,  0.214692
0.6545,  0.224786
0.6550,  0.235611
0.6555,  0.225016
0.6560,  0.199219
0.6565,  0.165135
0.6570,  0.131112
0.6575,  0.142751
0.6580,  0.156498
0.6585,  0.171150
0.6590,  0.184141
0.6595,  0.179985
0.6600,  0.176510
0.6605,  0.173065
0.6610,  0.172272
0.6615,  0.170645
0.6620,  0.172463
0.6625,  0.174154
0.6630,  0.175368
0.6635,  0.179217
0.6640,  0.178311
0.6645,  0.177618
0.6650,  0.177832
0.6655,  0.173507
0.6660,  0.169657
0.6665,  0.162745
0.6670,  0.155632
0.6675,  0.154993
0.6680,  0.155454
0.6685,  0.160100
0.6690,  0.164757
0.6695,  0.167110
0.6700,  0.171037
0.6705,  0.174726
0.6710,  0.174750
0.6715,  0.171477
0.6720,  0.169566
0.6725,  0.169992
0.6730,  0.169782
0.6735,  0.166275
0.6740,  0.164459
0.6745,  0.162991
0.6750,  0.162083
0.6755,  0.166104
0.6760,  0.171427
0.6765,  0.175284
0.6770,  0.177005
0.6775,  0.176737
0.6780,  0.175245
0.6785,  0.170028
0.6790,  0.164190
0.6795,  0.162874
0.6800,  0.162835
0.6805,  0.163783
0.6810,  0.165947
0.6815,  0.167039
0.6820,  0.168425
0.6825,  0.171481
0.6830,  0.174998
0.6835,  0.176542
0.6840,  0.179208
0.6845,  0.184807
0.6850,  0.204648
0.6855,  0.239459
0.6860,  0.274409
0.6865,  0.298104
0.6870,  0.303678
0.6875,  0.296170
0.6880,  0.291563
0.6885,  0.283840
0.6890,  0.279041
0.6895,  0.272086
0.6900,  0.265262
0.6905,  0.259208
0.6910,  0.251571
0.6915,  0.246579
0.6920,  0.243679
0.6925,  0.243793
0.6930,  0.246670
0.6935,  0.243573
0.6940,  0.242028
0.6945,  0.234002
0.6950,  0.226806
0.6955,  0.216505
0.6960,  0.209483
0.6965,  0.208911
0.6970,  0.208808
0.6975,  0.214224
0.6980,  0.218861
0.6985,  0.223132
0.6990,  0.226857
0.6995,  0.227231
0.7000,  0.222807
0.7005,  0.220328
0.7010,  0.216850
0.7015,  0.218680
0.7020,  0.217353
0.7025,  0.211070
0.7030,  0.202329
0.7035,  0.201473
0.7040,  0.207174
0.7045,  0.212541
0.7050,  0.211529
0.7055,  0.205636
0.7060,  0.198659
0.7065,  0.186815
0.7070,  0.183232
0.7075,  0.186473
0.7080,  0.187555
0.7085,  0.188329
0.7090,  0.190999
0.7095,  0.194482
0.7100,  0.194804
0.7105,  0.193932
0.7110,  0.194801
0.7115,  0.194667
0.7120,  0.192549
0.7125,  0.192092
0.7130,  0.192508
0.7135,  0.198479
0.7140,  0.209447
0.7145,  0.219940
0.7150,  0.232857
0.7155,  0.256179
0.7160,  0.292013
0.7165,  0.327174
0.7170,  0.357335
0.7175,  0.376428
0.7180,  0.389366
0.7185,  0.397330
0.7190,  0.394434
0.7195,  0.385876
0.7200,  0.358994
0.7205,  0.332177
0.7210,  0.307722
0.7215,  0.296808
0.7220,  0.301918
0.7225,  0.319174
0.7230,  0.335311
0.7235,  0.349221
0.7240,  0.359909
0.7245,  0.360579
0.7250,  0.356398
0.7255,  0.351208
0.7260,  0.350721
0.7265,  0.351299
0.7270,  0.352836
0.7275,  0.352757
0.7280,  0.344685
0.7285,  0.342479
0.7290,  0.338966
0.7295,  0.335334
0.7300,  0.332631
0.7305,  0.317290
0.7310,  0.307723
0.7315,  0.291923
0.7320,  0.272173
0.7325,  0.254635
0.7330,  0.241725
0.7335,  0.233648
0.7340,  0.229200
0.7345,  0.228423
0.7350,  0.226733
0.7355,  0.226802
0.7360,  0.225762
0.7365,  0.219098
0.7370,  0.211173
0.7375,  0.202932
0.7380,  0.197734
0.7385,  0.195909
0.7390,  0.193089
0.7395,  0.192656
0.7400,  0.188554
0.7405,  0.182530
0.7410,  0.173852
0.7415,  0.174678
0.7420,  0.179611
0.7425,  0.185520
0.7430,  0.192091
0.7435,  0.185370
0.7440,  0.180036
0.7445,  0.172844
0.7450,  0.167572
0.7455,  0.168073
0.7460,  0.168647
0.7465,  0.174582
0.7470,  0.178455
0.7475,  0.179893
0.7480,  0.178999
0.7485,  0.178569
0.7490,  0.178313
0.7495,  0.174516
0.7500,  0.172269
0.7505,  0.169734
0.7510,  0.168423
0.7515,  0.170373
0.7520,  0.176532
0.7525,  0.175453
0.7530,  0.171678
0.7535,  0.170770
0.7540,  0.173363
0.7545,  0.171176
0.7550,  0.170753
0.7555,  0.169978
0.7560,  0.166667
0.7565,  0.168289
0.7570,  0.173071
0.7575,  0.202085
0.7580,  0.268683
0.7585,  0.382720
0.7590,  0.536814
0.7595,  0.700756
0.7600,  0.801918
0.7605,  0.820285
0.7610,  0.795177
0.7615,  0.776195
0.7620,  0.757970
0.7625,  0.737191
0.7630,  0.701419
0.7635,  0.643465
0.7640,  0.578617
0.7645,  0.519750
0.7650,  0.462599
0.7655,  0.409154
0.7660,  0.350518
0.7665,  0.297263
0.7670,  0.254078
0.7675,  0.233237
0.7680,  0.217160
0.7685,  0.203147
0.7690,  0.192969
0.7695,  0.186745
0.7700,  0.182405
0.7705,  0.183324
0.7710,  0.184546
0.7715,  0.182095
0.7720,  0.185221
0.7725,  0.184826
0.7730,  0.183618
0.7735,  0.176593
0.7740,  0.169949
0.7745,  0.165753
0.7750,  0.153306
0.7755,  0.155333
0.7760,  0.162454
0.7765,  0.170211
0.7770,  0.170738
0.7775,  0.172306
0.7780,  0.173245
0.7785,  0.169229
0.7790,  0.167206
0.7795,  0.169084
0.7800,  0.173447
0.7805,  0.170395
0.7810,  0.161580
0.7815,  0.153464
0.7820,  0.152733
0.7825,  0.151182
0.7830,  0.156540
0.7835,  0.164612
0.7840,  0.168281
0.7845,  0.170188
0.7850,  0.177225
0.7855,  0.180270
0.7860,  0.185067
0.7865,  0.188395
0.7870,  0.187543
0.7875,  0.193176
0.7880,  0.193439
0.7885,  0.197304
0.7890,  0.204483
0.7895,  0.204223
0.7900,  0.197213
0.7905,  0.192444
0.7910,  0.193407
0.7915,  0.194766
0.7920,  0.190213
0.7925,  0.181505
0.7930,  0.177815
0.7935,  0.178464
0.7940,  0.181631
0.7945,  0.186016
0.7950,  0.192860
0.7955,  0.195439
0.7960,  0.199924
0.7965,  0.198205
0.7970,  0.199750
0.7975,  0.196741
0.7980,  0.205486
0.7985,  0.205098
0.7990,  0.191842
0.7995,  0.186109
0.8000,  0.181925
0.8005,  0.182500
0.8010,  0.184388
0.8015,  0.188096
0.8020,  0.196589
0.8025,  0.196028
0.8030,  0.194689
0.8035,  0.197166
0.8040,  0.189143
0.8045,  0.181806
0.8050,  0.173728
0.8055,  0.167766
0.8060,  0.164655
0.8065,  0.170116
0.8070,  0.178029
0.8075,  0.180733
0.8080,  0.182765
0.8085,  0.186985
0.8090,  0.190079
0.8095,  0.197016
0.8100,  0.197678
0.8105,  0.204470
0.8110,  0.214954
0.8115,  0.227392
0.8120,  0.251036
0.8125,  0.276995
0.8130,  0.304743
0.8135,  0.326374
0.8140,  0.351940
0.8145,  0.376308
0.8150,  0.386493
0.8155,  0.391355
0.8160,  0.390404
0.8165,  0.394948
0.8170,  0.389224
0.8175,  0.374185
0.8180,  0.361939
0.8185,  0.344390
0.8190,  0.314189
0.8195,  0.302907
0.8200,  0.296059
0.8205,  0.305121
0.8210,  0.339951
0.8215,  0.369057
0.8220,  0.390533
0.8225,  0.395432
0.8230,  0.362674
0.8235,  0.320504
0.8240,  0.293599
0.8245,  0.283584
0.8250,  0.274898
0.8255,  0.271109
0.8260,  0.277407
0.8265,  0.298186
0.8270,  0.314598
0.8275,  0.323573
0.8280,  0.322067
0.8285,  0.300595
0.8290,  0.286093
0.8295,  0.278677
0.8300,  0.271569
0.8305,  0.266926
0.8310,  0.270445
0.8315,  0.271389
0.8320,  0.271718
0.8325,  0.268516
0.8330,  0.258288
0.8335,  0.253350
0.8340,  0.243242
0.8345,  0.234375
0.8350,  0.222848
0.8355,  0.205883
0.8360,  0.196353
0.8365,  0.186083
0.8370,  0.183942
0.8375,  0.180607
0.8380,  0.179360
0.8385,  0.189045
0.8390,  0.193153
0.8395,  0.190831
0.8400,  0.194843
0.8405,  0.191174
0.8410,  0.172734
0.8415,  0.173314
0.8420,  0.174937
0.8425,  0.181902
0.8430,  0.184630
0.8435,  0.182217
0.8440,  0.166947
0.8445,  0.162382
0.8450,  0.166750
0.8455,  0.166183
0.8460,  0.161688
0.8465,  0.158923
0.8470,  0.152427
0.8475,  0.160784
0.8480,  0.178330
0.8485,  0.185461
0.8490,  0.176484
0.8495,  0.166959
0.8500,  0.150562
0.8505,  0.153656
0.8510,  0.166849
0.8515,  0.170496
0.8520,  0.188400
0.8525,  0.176446
0.8530,  0.168762
0.8535,  0.146213
0.8540,  0.111781
0.8545,  0.126088
0.8550,  0.125813
0.8555,  0.126341
0.8560,  0.140870
0.8565,  0.147991
0.8570,  0.150513
0.8575,  0.160442
0.8580,  0.167803
0.8585,  0.159602
0.8590,  0.150093
0.8595,  0.147280
0.8600,  0.153642
0.8605,  0.151168
0.8610,  0.151275
0.8615,  0.148083
0.8620,  0.144495
0.8625,  0.147626
0.8630,  0.149297
0.8635,  0.156745
0.8640,  0.171978
0.8645,  0.174128
0.8650,  0.170597
0.8655,  0.159369
0.8660,  0.117317
0.8665,  0.110625
0.8670,  0.103795
0.8675,  0.106740
0.8680,  0.122296
0.8685,  0.129808
0.8690,  0.136146
0.8695,  0.135662
0.8700,  0.131736
0.8705,  0.127652
0.8710,  0.121068
0.8715,  0.118231
0.8720,  0.126843
0.8725,  0.142203
0.8730,  0.153305
0.8735,  0.156635
0.8740,  0.161172
0.8745,  0.172361
0.8750,  0.161816
0.8755,  0.155698
0.8760,  0.158739
0.8765,  0.153221
0.8770,  0.152997
0.8775,  0.149260
0.8780,  0.153137
0.8785,  0.151294
0.8790,  0.153756
0.8795,  0.156814
0.8800,  0.159560
0.8805,  0.146167
0.8810,  0.133904
0.8815,  0.125595
0.8820,  0.120711
0.8825,  0.132635
0.8830,  0.140378
0.8835,  0.144702
0.8840,  0.147947
0.8845,  0.159867
0.8850,  0.153923
0.8855,  0.159558
0.8860,  0.170464
0.8865,  0.167970
0.8870,  0.149363
0.8875,  0.135674
0.8880,  0.116333
0.8885,  0.112774
0.8890,  0.122764
0.8895,  0.133114
0.8900,  0.144932
