0.3500,  0.117274
0.3505,  0.180186
0.3510,  0.148427
0.3515,  0.120703
0.3520,  0.085059
0.3525,  0.048911
0.3530,  0.104094
0.3535,  0.145901
0.3540,  0.168572
0.3545,  0.192990
0.3550,  0.163693
0.3555,  0.143592
0.3560,  0.101205
0.3565,  0.064154
0.3570,  0.035084
0.3575,  -0.008473
0.3580,  -0.051047
0.3585,  -0.110539
0.3590,  0.057724
0.3595,  0.198363
0.3600,  0.184112
0.3605,  0.172675
0.3610,  0.128899
0.3615,  0.081779
0.3620,  0.126716
0.3625,  0.159657
0.3630,  0.136399
0.3635,  0.116395
0.3640,  0.108818
0.3645,  0.094570
0.3650,  0.124594
0.3655,  0.155679
0.3660,  0.170110
0.3665,  0.191509
0.3670,  0.172988
0.3675,  0.156700
0.3680,  0.129746
0.3685,  0.097936
0.3690,  0.142230
0.3695,  0.182690
0.3700,  0.144211
0.3705,  0.104233
0.3710,  0.119319
0.3715,  0.141976
0.3720,  0.110330
0.3725,  0.076245
0.3730,  0.043474
0.3735,  0.010102
0.3740,  0.022217
0.3745,  0.031588
0.3750,  0.117269
0.3755,  0.186415
0.3760,  0.181267
0.3765,  0.160653
0.3770,  0.200344
0.3775,  0.238019
0.3780,  0.230646
0.3785,  0.233516
0.3790,  0.139654
0.3795,  0.037721
0.3800,  0.094538
0.3805,  0.153989
0.3810,  0.127649
0.3815,  0.112126
0.3820,  0.031777
0.3825,  -0.064853
0.3830,  -0.089252
0.3835,  -0.129911
0.3840,  0.036821
0.3845,  0.162179
0.3850,  0.168402
0.3855,  0.170005
0.3860,  0.149805
0.3865,  0.135235
0.3870,  0.129560
0.3875,  0.122876
0.3880,  0.101907
0.3885,  0.082355
0.3890,  0.148406
0.3895,  0.199462
0.3900,  0.204328
0.3905,  0.207544
0.3910,  0.220670
0.3915,  0.249792
0.3920,  0.158142
0.3925,  0.059556
0.3930,  -0.116413
0.3935,  -0.366731
0.3940,  -0.084385
0.3945,  0.118033
0.3950,  0.225353
0.3955,  0.330953
0.3960,  0.177377
0.3965,  -0.023144
0.3970,  -0.001494
0.3975,  -0.002852
0.3980,  0.181061
0.3985,  0.305114
0.3990,  0.284666
0.3995,  0.273630
0.4000,  0.237159
0.4005,  0.202822
0.4010,  0.190750
0.4015,  0.187420
0.4020,  0.175993
0.4025,  0.170796
0.4030,  0.149582
0.4035,  0.131558
0.4040,  0.129355
0.4045,  0.130610
0.4050,  0.132097
0.4055,  0.131758
0.4060,  0.115965
0.4065,  0.099136
0.4070,  0.108535
0.4075,  0.114350
0.4080,  0.136234
0.4085,  0.157813
0.4090,  0.151197
0.4095,  0.151492
0.4100,  0.111113
0.4105,  0.061254
0.4110,  0.129659
0.4115,  0.187449
0.4120,  0.171610
0.4125,  0.155756
0.4130,  0.140043
0.4135,  0.126690
0.4140,  0.118516
0.4145,  0.107624
0.4150,  0.104844
0.4155,  0.102487
0.4160,  0.125433
0.4165,  0.151588
0.4170,  0.114164
0.4175,  0.070802
0.4180,  0.078096
0.4185,  0.088061
0.4190,  0.096518
0.4195,  0.099544
0.4200,  0.115024
0.4205,  0.132070
0.4210,  0.139379
0.4215,  0.145377
0.4220,  0.096406
0.4225,  0.043460
0.4230,  0.081990
0.4235,  0.118138
0.4240,  0.129431
0.4245,  0.145168
0.4250,  0.130642
0.4255,  0.114434
0.4260,  0.120877
0.4265,  0.129997
0.4270,  0.102125
0.4275,  0.071838
0.4280,  0.082711
0.4285,  0.095022
0.4290,  0.079713
0.4295,  0.067866
0.4300,  -0.014026
0.4305,  -0.120698
0.4310,  0.070864
0.4315,  0.217891
0.4320,  0.190101
0.4325,  0.159248
0.4330,  0.164800
0.4335,  0.168553
0.4340,  0.138272
0.4345,  0.107448
0.4350,  0.104506
0.4355,  0.101710
0.4360,  0.139259
0.4365,  0.182247
0.4370,  0.156491
0.4375,  0.133444
0.4380,  0.083281
0.4385,  0.024295
0.4390,  0.093156
0.4395,  0.152340
0.4400,  0.120642
0.4405,  0.085732
0.4410,  0.127441
0.4415,  0.163612
0.4420,  0.162566
0.4425,  0.162780
0.4430,  0.140479
0.4435,  0.121237
0.4440,  0.133254
0.4445,  0.145882
0.4450,  0.114196
0.4455,  0.079321
0.4460,  0.095447
0.4465,  0.107401
0.4470,  0.141097
0.4475,  0.174403
0.4480,  0.146464
0.4485,  0.116288
0.4490,  0.118875
0.4495,  0.120323
0.4500,  0.133784
0.4505,  0.150343
0.4510,  0.142188
0.4515,  0.133790
0.4520,  0.107037
0.4525,  0.079376
0.4530,  0.091599
0.4535,  0.102377
0.4540,  0.110136
0.4545,  0.115174
0.4550,  0.126035
0.4555,  0.135376
0.4560,  0.137230
0.4565,  0.138685
0.4570,  0.140307
0.4575,  0.143626
0.4580,  0.118879
0.4585,  0.095424
0.4590,  0.104933
0.4595,  0.113285
0.4600,  0.120389
0.4605,  0.126333
0.4610,  0.124710
0.4615,  0.123112
0.4620,  0.132280
0.4625,  0.142328
0.4630,  0.127779
0.4635,  0.115698
0.4640,  0.108333
0.4645,  0.100343
0.4650,  0.121376
0.4655,  0.142791
0.4660,  0.121359
0.4665,  0.100427
0.4670,  0.124599
0.4675,  0.143372
0.4680,  0.139121
0.4685,  0.137815
0.4690,  0.139463
0.4695,  0.141048
0.4700,  0.120706
0.4705,  0.096813
0.4710,  0.124509
0.4715,  0.152650
0.4720,  0.151917
0.4725,  0.151967
0.4730,  0.143943
0.4735,  0.133810
0.4740,  0.143551
0.4745,  0.154640
0.4750,  0.146988
0.4755,  0.139717
0.4760,  0.125586
0.4765,  0.111074
0.4770,  0.135305
0.4775,  0.160296
0.4780,  0.146038
0.4785,  0.131181
0.4790,  0.144547
0.4795,  0.155444
0.4800,  0.145405
0.4805,  0.138801
0.4810,  0.148984
0.4815,  0.159329
0.4820,  0.144778
0.4825,  0.137241
0.4830,  0.139295
0.4835,  0.143856
0.4840,  0.145012
0.4845,  0.149725
0.4850,  0.138037
0.4855,  0.126888
0.4860,  0.093441
0.4865,  0.047558
0.4870,  0.099810
0.4875,  0.144958
0.4880,  0.156754
0.4885,  0.166244
0.4890,  0.165371
0.4895,  0.165126
0.4900,  0.167647
0.4905,  0.175029
0.4910,  0.152186
0.4915,  0.129295
0.4920,  0.130352
0.4925,  0.128302
0.4930,  0.123989
0.4935,  0.116482
0.4940,  0.145548
0.4945,  0.177758
0.4950,  0.145704
0.4955,  0.114658
0.4960,  0.134753
0.4965,  0.152896
0.4970,  0.156078
0.4975,  0.161646
0.4980,  0.131753
0.4985,  0.098595
0.4990,  0.125270
0.4995,  0.153726
0.5000,  0.135502
0.5005,  0.115157
0.5010,  0.108868
0.5015,  0.099875
0.5020,  0.118658
0.5025,  0.137213
0.5030,  0.146996
0.5035,  0.152952
0.5040,  0.136968
0.5045,  0.116145
0.5050,  0.136003
0.5055,  0.156495
0.5060,  0.144864
0.5065,  0.136730
0.5070,  0.127897
0.5075,  0.118648
0.5080,  0.122184
0.5085,  0.123407
0.5090,  0.121039
0.5095,  0.119605
0.5100,  0.124676
0.5105,  0.129952
0.5110,  0.141062
0.5115,  0.152402
0.5120,  0.127714
0.5125,  0.104611
0.5130,  0.109457
0.5135,  0.110752
0.5140,  0.117704
0.5145,  0.122447
0.5150,  0.132180
0.5155,  0.147630
0.5160,  0.110450
0.5165,  0.070504
0.5170,  0.096705
0.5175,  0.116746
0.5180,  0.097991
0.5185,  0.072774
0.5190,  0.107463
0.5195,  0.140179
0.5200,  0.131248
0.5205,  0.122841
0.5210,  0.133651
0.5215,  0.146386
0.5220,  0.124957
0.5225,  0.102420
0.5230,  0.115966
0.5235,  0.126596
0.5240,  0.134662
0.5245,  0.146777
0.5250,  0.142578
0.5255,  0.143351
0.5260,  0.094167
0.5265,  0.039208
0.5270,  0.079915
0.5275,  0.111929
0.5280,  0.119073
0.5285,  0.126146
0.5290,  0.124032
0.5295,  0.122076
0.5300,  0.124135
0.5305,  0.127802
0.5310,  0.128411
0.5315,  0.135426
0.5320,  0.100312
0.5325,  0.060458
0.5330,  0.100429
0.5335,  0.135126
0.5340,  0.116142
0.5345,  0.096263
0.5350,  0.122267
0.5355,  0.149619
0.5360,  0.124651
0.5365,  0.099526
0.5370,  0.103661
0.5375,  0.108031
0.5380,  0.116114
0.5385,  0.125879
0.5390,  0.114170
0.5395,  0.104503
0.5400,  0.093485
0.5405,  0.080815
0.5410,  0.106787
0.5415,  0.129785
0.5420,  0.113963
0.5425,  0.099244
0.5430,  0.110911
0.5435,  0.121297
0.5440,  0.118977
0.5445,  0.117637
0.5450,  0.122544
0.5455,  0.126451
0.5460,  0.121756
0.5465,  0.117881
0.5470,  0.109337
0.5475,  0.098959
0.5480,  0.105919
0.5485,  0.111790
0.5490,  0.117218
0.5495,  0.123919
0.5500,  0.115843
0.5505,  0.109121
0.5510,  0.112139
0.5515,  0.113701
0.5520,  0.109591
0.5525,  0.104051
0.5530,  0.111898
0.5535,  0.118940
0.5540,  0.122386
0.5545,  0.125816
0.5550,  0.128337
0.5555,  0.131108
0.5560,  0.116621
0.5565,  0.103919
0.5570,  0.114130
0.5575,  0.125555
0.5580,  0.117903
0.5585,  0.106437
0.5590,  0.112817
0.5595,  0.116484
0.5600,  0.120949
0.5605,  0.124462
0.5610,  0.118712
0.5615,  0.114850
0.5620,  0.119857
0.5625,  0.124578
0.5630,  0.127563
0.5635,  0.130479
0.5640,  0.129960
0.5645,  0.130547
0.5650,  0.122682
0.5655,  0.111349
0.5660,  0.117498
0.5665,  0.123402
0.5670,  0.135097
0.5675,  0.148744
0.5680,  0.131908
0.5685,  0.114698
0.5690,  0.128303
0.5695,  0.143798
0.5700,  0.126377
0.5705,  0.103283
0.5710,  0.111644
0.5715,  0.115112
0.5720,  0.123802
0.5725,  0.134371
0.5730,  0.128051
0.5735,  0.125746
0.5740,  0.126907
0.5745,  0.127893
0.5750,  0.120623
0.5755,  0.111570
0.5760,  0.114516
0.5765,  0.119565
0.5770,  0.123376
0.5775,  0.127849
0.5780,  0.111276
0.5785,  0.092403
0.5790,  0.101303
0.5795,  0.108808
0.5800,  0.109031
0.5805,  0.109172
0.5810,  0.110481
0.5815,  0.113453
0.5820,  0.117569
0.5825,  0.119399
0.5830,  0.113769
0.5835,  0.110322
0.5840,  0.112757
0.5845,  0.117876
0.5850,  0.104722
0.5855,  0.090062
0.5860,  0.103830
0.5865,  0.116368
0.5870,  0.124245
0.5875,  0.137865
0.5880,  0.129457
0.5885,  0.118120
0.5890,  0.092248
0.5895,  0.057741
0.5900,  0.107283
0.5905,  0.152060
0.5910,  0.139831
0.5915,  0.126413
0.5920,  0.124536
0.5925,  0.125151
0.5930,  0.120858
0.5935,  0.121610
0.5940,  0.119094
0.5945,  0.114440
0.5950,  0.119280
0.5955,  0.120076
0.5960,  0.122938
0.5965,  0.128183
0.5970,  0.121750
0.5975,  0.115894
0.5980,  0.109988
0.5985,  0.106270
0.5990,  0.113326
0.5995,  0.120183
0.6000,  0.116521
0.6005,  0.113611
0.6010,  0.118325
0.6015,  0.119959
0.6020,  0.109751
0.6025,  0.096851
0.6030,  0.108897
0.6035,  0.122006
0.6040,  0.119071
0.6045,  0.119281
0.6050,  0.116956
0.6055,  0.113381
0.6060,  0.110885
0.6065,  0.109502
0.6070,  0.111082
0.6075,  0.114777
0.6080,  0.115605
0.6085,  0.116501
0.6090,  0.121874
0.6095,  0.124295
0.6100,  0.114386
0.6105,  0.104086
0.6110,  0.114394
0.6115,  0.124949
0.6120,  0.116933
0.6125,  0.110199
0.6130,  0.109219
0.6135,  0.108355
0.6140,  0.117933
0.6145,  0.130226
0.6150,  0.135422
0.6155,  0.137901
0.6160,  0.109846
0.6165,  0.079002
0.6170,  0.101998
0.6175,  0.125864
0.6180,  0.130018
0.6185,  0.133376
0.6190,  0.130670
0.6195,  0.125814
0.6200,  0.131058
0.6205,  0.136622
0.6210,  0.125547
0.6215,  0.114844
0.6220,  0.125635
0.6225,  0.136219
0.6230,  0.127167
0.6235,  0.120904
0.6240,  0.123957
0.6245,  0.124185
0.6250,  0.116118
0.6255,  0.107153
0.6260,  0.123137
0.6265,  0.138138
0.6270,  0.138648
0.6275,  0.140734
0.6280,  0.144409
0.6285,  0.149757
0.6290,  0.149310
0.6295,  0.148184
0.6300,  0.143311
0.6305,  0.134616
0.6310,  0.127482
0.6315,  0.125016
0.6320,  0.122900
0.6325,  0.124173
0.6330,  0.127965
0.6335,  0.130847
0.6340,  0.133267
0.6345,  0.136291
0.6350,  0.138917
0.6355,  0.139093
0.6360,  0.136589
0.6365,  0.129966
0.6370,  0.123721
0.6375,  0.121260
0.6380,  0.122155
0.6385,  0.125097
0.6390,  0.127586
0.6395,  0.125104
0.6400,  0.123933
0.6405,  0.121063
0.6410,  0.116696
0.6415,  0.117651
0.6420,  0.116534
0.6425,  0.113627
0.6430,  0.110671
0.6435,  0.110632
0.6440,  0.112971
0.6445,  0.119826
0.6450,  0.126387
0.6455,  0.127861
0.6460,  0.128467
0.6465,  0.129076
0.6470,  0.126624
0.6475,  0.123777
0.6480,  0.124122
0.6485,  0.122395
0.6490,  0.118427
0.6495,  0.123324
0.6500,  0.125697
0.6505,  0.131456
0.6510,  0.137854
0.6515,  0.137126
0.6520,  0.138736
0.6525,  0.134913
0.6530,  0.132400
0.6535,  0.124499
0.6540,  0.124710
0.6545,  0.131743
0.6550,  0.143024
0.6555,  0.139416
0.6560,  0.123670
0.6565,  0.093685
0.6570,  0.055424
0.6575,  0.065472
0.6580,  0.079263
0.6585,  0.095837
0.6590,  0.113760
0.6595,  0.110629
0.6600,  0.106853
0.6605,  0.104191
0.6610,  0.103303
0.6615,  0.097350
0.6620,  0.094545
0.6625,  0.092470
0.6630,  0.090857
0.6635,  0.094428
0.6640,  0.097401
0.6645,  0.100043
0.6650,  0.101540
0.6655,  0.099902
0.6660,  0.097847
0.6665,  0.096187
0.6670,  0.092480
0.6675,  0.094561
0.6680,  0.096300
0.6685,  0.098376
0.6690,  0.099567
0.6695,  0.095306
0.6700,  0.092043
0.6705,  0.090859
0.6710,  0.091853
0.6715,  0.095706
0.6720,  0.098120
0.6725,  0.099159
0.6730,  0.097169
0.6735,  0.094772
0.6740,  0.093127
0.6745,  0.087444
0.6750,  0.086955
0.6755,  0.088708
0.6760,  0.091288
0.6765,  0.093877
0.6770,  0.095438
0.6775,  0.096344
0.6780,  0.097808
0.6785,  0.098443
0.6790,  0.095739
0.6795,  0.095346
0.6800,  0.097180
0.6805,  0.095384
0.6810,  0.093728
0.6815,  0.090990
0.6820,  0.091587
0.6825,  0.093165
0.6830,  0.095033
0.6835,  0.096718
0.6840,  0.097495
0.6845,  0.100779
0.6850,  0.110763
0.6855,  0.137725
0.6860,  0.170075
0.6865,  0.200167
0.6870,  0.214551
0.6875,  0.218103
0.6880,  0.215702
0.6885,  0.210866
0.6890,  0.205160
0.6895,  0.197005
0.6900,  0.185164
0.6905,  0.174208
0.6910,  0.164896
0.6915,  0.157657
0.6920,  0.151932
0.6925,  0.148375
0.6930,  0.150540
0.6935,  0.151305
0.6940,  0.150540
0.6945,  0.147474
0.6950,  0.143872
0.6955,  0.134812
0.6960,  0.125184
0.6965,  0.121437
0.6970,  0.118732
0.6975,  0.125937
0.6980,  0.133330
0.6985,  0.139689
0.6990,  0.144534
0.6995,  0.145365
0.7000,  0.142000
0.7005,  0.137112
0.7010,  0.131951
0.7015,  0.135481
0.7020,  0.133860
0.7025,  0.133645
0.7030,  0.130244
0.7035,  0.131965
0.7040,  0.135991
0.7045,  0.142862
0.7050,  0.147545
0.7055,  0.144659
0.7060,  0.139988
0.7065,  0.134931
0.7070,  0.130109
0.7075,  0.127128
0.7080,  0.125292
0.7085,  0.121990
0.7090,  0.118989
0.7095,  0.118629
0.7100,  0.119037
0.7105,  0.117446
0.7110,  0.117464
0.7115,  0.115306
0.7120,  0.112761
0.7125,  0.114574
0.7130,  0.113322
0.7135,  0.115544
0.7140,  0.121962
0.7145,  0.127425
0.7150,  0.136493
0.7155,  0.149630
0.7160,  0.173340
0.7165,  0.202545
0.7170,  0.230203
0.7175,  0.253589
0.7180,  0.267443
0.7185,  0.278585
0.7190,  0.281829
0.7195,  0.278495
0.7200,  0.263192
0.7205,  0.243531
0.7210,  0.222806
0.7215,  0.211593
0.7220,  0.216131
0.7225,  0.227015
0.7230,  0.241128
0.7235,  0.249093
0.7240,  0.256619
0.7245,  0.261767
0.7250,  0.265426
0.7255,  0.264640
0.7260,  0.265472
0.7265,  0.265625
0.7270,  0.264968
0.7275,  0.261058
0.7280,  0.256725
0.7285,  0.251691
0.7290,  0.248115
0.7295,  0.244802
0.7300,  0.239891
0.7305,  0.233474
0.7310,  0.224625
0.7315,  0.209978
0.7320,  0.195466
0.7325,  0.180706
0.7330,  0.167442
0.7335,  0.156355
0.7340,  0.153034
0.7345,  0.154401
0.7350,  0.151744
0.7355,  0.149820
0.7360,  0.146732
0.7365,  0.144817
0.7370,  0.142240
0.7375,  0.136036
0.7380,  0.134533
0.7385,  0.132432
0.7390,  0.129308
0.7395,  0.126428
0.7400,  0.122449
0.7405,  0.117784
0.7410,  0.111361
0.7415,  0.111492
0.7420,  0.108258
0.7425,  0.107104
0.7430,  0.109687
0.7435,  0.110050
0.7440,  0.113430
0.7445,  0.116339
0.7450,  0.116796
0.7455,  0.117543
0.7460,  0.115336
0.7465,  0.115919
0.7470,  0.114783
0.7475,  0.107215
0.7480,  0.102261
0.7485,  0.102165
0.7490,  0.103126
0.7495,  0.102250
0.7500,  0.102351
0.7505,  0.109010
0.7510,  0.114495
0.7515,  0.117129
0.7520,  0.120109
0.7525,  0.118246
0.7530,  0.113555
0.7535,  0.111612
0.7540,  0.110002
0.7545,  0.107897
0.7550,  0.111509
0.7555,  0.111209
0.7560,  0.113326
0.7565,  0.109689
0.7570,  0.110135
0.7575,  0.119569
0.7580,  0.156585
0.7585,  0.227662
0.7590,  0.338570
0.7595,  0.471801
0.7600,  0.599505
0.7605,  0.659329
0.7610,  0.654398
0.7615,  0.627800
0.7620,  0.612149
0.7625,  0.611963
0.7630,  0.603712
0.7635,  0.563118
0.7640,  0.518860
0.7645,  0.460581
0.7650,  0.401584
0.7655,  0.339487
0.7660,  0.279662
0.7665,  0.228750
0.7670,  0.186595
0.7675,  0.163669
0.7680,  0.145534
0.7685,  0.140436
0.7690,  0.135443
0.7695,  0.130861
0.7700,  0.126790
0.7705,  0.125412
0.7710,  0.121236
0.7715,  0.118523
0.7720,  0.119491
0.7725,  0.113794
0.7730,  0.112618
0.7735,  0.115885
0.7740,  0.110292
0.7745,  0.109843
0.7750,  0.104495
0.7755,  0.106318
0.7760,  0.104610
0.7765,  0.105907
0.7770,  0.111574
0.7775,  0.108588
0.7780,  0.104277
0.7785,  0.100723
0.7790,  0.105842
0.7795,  0.107497
0.7800,  0.106130
0.7805,  0.101026
0.7810,  0.102771
0.7815,  0.104346
0.7820,  0.104361
0.7825,  0.102803
0.7830,  0.105888
0.7835,  0.105441
0.7840,  0.103316
0.7845,  0.101261
0.7850,  0.096720
0.7855,  0.096013
0.7860,  0.100214
0.7865,  0.102100
0.7870,  0.111370
0.7875,  0.116212
0.7880,  0.122724
0.7885,  0.124094
0.7890,  0.124992
0.7895,  0.124907
0.7900,  0.121275
0.7905,  0.120216
0.7910,  0.116867
0.7915,  0.118230
0.7920,  0.124809
0.7925,  0.128071
0.7930,  0.125174
0.7935,  0.118813
0.7940,  0.111362
0.7945,  0.108446
0.7950,  0.105311
0.7955,  0.114033
0.7960,  0.122590
0.7965,  0.124679
0.7970,  0.123373
0.7975,  0.121056
0.7980,  0.120054
0.7985,  0.124083
0.7990,  0.124053
0.7995,  0.123222
0.8000,  0.121989
0.8005,  0.119122
0.8010,  0.120235
0.8015,  0.119967
0.8020,  0.121265
0.8025,  0.121386
0.8030,  0.124960
0.8035,  0.119689
0.8040,  0.115336
0.8045,  0.110090
0.8050,  0.107429
0.8055,  0.112522
0.8060,  0.108438
0.8065,  0.107650
0.8070,  0.110321
0.8075,  0.110012
0.8080,  0.113422
0.8085,  0.107602
0.8090,  0.103899
0.8095,  0.106880
0.8100,  0.112347
0.8105,  0.119374
0.8110,  0.120169
0.8115,  0.125260
0.8120,  0.135981
0.8125,  0.149661
0.8130,  0.169553
0.8135,  0.191373
0.8140,  0.209736
0.8145,  0.223278
0.8150,  0.238395
0.8155,  0.251138
0.8160,  0.263285
0.8165,  0.269083
0.8170,  0.268390
0.8175,  0.264226
0.8180,  0.259176
0.8185,  0.244386
0.8190,  0.225247
0.8195,  0.214325
0.8200,  0.207244
0.8205,  0.199969
0.8210,  0.201711
0.8215,  0.217511
0.8220,  0.250441
0.8225,  0.275880
0.8230,  0.272200
0.8235,  0.251026
0.8240,  0.216193
0.8245,  0.192737
0.8250,  0.175245
0.8255,  0.170239
0.8260,  0.171935
0.8265,  0.179808
0.8270,  0.194656
0.8275,  0.209103
0.8280,  0.224409
0.8285,  0.219710
0.8290,  0.217612
0.8295,  0.208330
0.8300,  0.198542
0.8305,  0.191693
0.8310,  0.182733
0.8315,  0.184060
0.8320,  0.186404
0.8325,  0.182987
0.8330,  0.172231
0.8335,  0.160593
0.8340,  0.153433
0.8345,  0.149669
0.8350,  0.140543
0.8355,  0.133014
0.8360,  0.132445
0.8365,  0.132315
0.8370,  0.129351
0.8375,  0.134514
0.8380,  0.136024
0.8385,  0.133204
0.8390,  0.119773
0.8395,  0.105805
0.8400,  0.095566
0.8405,  0.102365
0.8410,  0.106645
0.8415,  0.101944
0.8420,  0.094735
0.8425,  0.091045
0.8430,  0.090396
0.8435,  0.091863
0.8440,  0.098272
0.8445,  0.090970
0.8450,  0.082254
0.8455,  0.078786
0.8460,  0.088172
0.8465,  0.090944
0.8470,  0.092115
0.8475,  0.091359
0.8480,  0.090228
0.8485,  0.089767
0.8490,  0.080287
0.8495,  0.075482
0.8500,  0.068782
0.8505,  0.070205
0.8510,  0.069133
0.8515,  0.079869
0.8520,  0.080305
0.8525,  0.062493
0.8530,  0.063420
0.8535,  0.053901
0.8540,  0.034027
0.8545,  0.058408
0.8550,  0.072076
0.8555,  0.076874
0.8560,  0.075810
0.8565,  0.062861
0.8570,  0.059568
0.8575,  0.060711
0.8580,  0.065663
0.8585,  0.070900
0.8590,  0.073169
0.8595,  0.078080
0.8600,  0.084771
0.8605,  0.077020
0.8610,  0.085178
0.8615,  0.085990
0.8620,  0.074677
0.8625,  0.067300
0.8630,  0.064533
0.8635,  0.067805
0.8640,  0.081378
0.8645,  0.077046
0.8650,  0.081497
0.8655,  0.075415
0.8660,  0.048484
0.8665,  0.054447
0.8670,  0.055653
0.8675,  0.055491
0.8680,  0.054390
0.8685,  0.045249
0.8690,  0.046182
0.8695,  0.056343
0.8700,  0.061110
0.8705,  0.063994
0.8710,  0.069186
0.8715,  0.073040
0.8720,  0.074954
0.8725,  0.078041
0.8730,  0.080233
0.8735,  0.076780
0.8740,  0.073513
0.8745,  0.060335
0.8750,  0.053015
0.8755,  0.056473
0.8760,  0.065953
0.8765,  0.078849
0.8770,  0.083489
0.8775,  0.087242
0.8780,  0.091640
0.8785,  0.081059
0.8790,  0.065331
0.8795,  0.063650
0.8800,  0.068929
0.8805,  0.080763
0.8810,  0.076570
0.8815,  0.066143
0.8820,  0.066583
0.8825,  0.064155
0.8830,  0.062831
0.8835,  0.053129
0.8840,  0.055282
0.8845,  0.053633
0.8850,  0.051414
0.8855,  0.052726
0.8860,  0.061457
0.8865,  0.057962
0.8870,  0.056705
0.8875,  0.054372
0.8880,  0.047045
0.8885,  0.053432
0.8890,  0.059878
0.8895,  0.067862
0.8900,  0.069900
