0.3500,  0.264765
0.3505,  0.318256
0.3510,  0.282818
0.3515,  0.248972
0.3520,  0.206471
0.3525,  0.162276
0.3530,  0.200572
0.3535,  0.231288
0.3540,  0.248043
0.3545,  0.273558
0.3550,  0.257550
0.3555,  0.240905
0.3560,  0.213072
0.3565,  0.185302
0.3570,  0.162994
0.3575,  0.130147
0.3580,  0.099059
0.3585,  0.043374
0.3590,  0.188082
0.3595,  0.307973
0.3600,  0.293441
0.3605,  0.281531
0.3610,  0.236525
0.3615,  0.183571
0.3620,  0.219816
0.3625,  0.252691
0.3630,  0.236473
0.3635,  0.220682
0.3640,  0.209031
0.3645,  0.189191
0.3650,  0.215119
0.3655,  0.240593
0.3660,  0.248068
0.3665,  0.258252
0.3670,  0.231036
0.3675,  0.206889
0.3680,  0.171999
0.3685,  0.139814
0.3690,  0.181424
0.3695,  0.226293
0.3700,  0.203373
0.3705,  0.174917
0.3710,  0.190326
0.3715,  0.208871
0.3720,  0.178356
0.3725,  0.150127
0.3730,  0.121750
0.3735,  0.093386
0.3740,  0.109552
0.3745,  0.116634
0.3750,  0.186537
0.3755,  0.243507
0.3760,  0.238192
0.3765,  0.222719
0.3770,  0.259270
0.3775,  0.290913
0.3780,  0.278718
0.3785,  0.275761
0.3790,  0.186232
0.3795,  0.091106
0.3800,  0.141656
0.3805,  0.197633
0.3810,  0.178279
0.3815,  0.166177
0.3820,  0.096042
0.3825,  0.013342
0.3830,  0.000631
0.3835,  -0.028070
0.3840,  0.124831
0.3845,  0.240867
0.3850,  0.250143
0.3855,  0.254221
0.3860,  0.237212
0.3865,  0.223805
0.3870,  0.213101
0.3875,  0.200930
0.3880,  0.181480
0.3885,  0.160709
0.3890,  0.212258
0.3895,  0.251930
0.3900,  0.249432
0.3905,  0.247116
0.3910,  0.255736
0.3915,  0.277792
0.3920,  0.195479
0.3925,  0.114154
0.3930,  -0.030752
0.3935,  -0.243073
0.3940,  0.018719
0.3945,  0.201617
0.3950,  0.290460
0.3955,  0.375124
0.3960,  0.230543
0.3965,  0.049309
0.3970,  0.071201
0.3975,  0.071303
0.3980,  0.235624
0.3985,  0.342224
0.3990,  0.317807
0.3995,  0.302212
0.4000,  0.264647
0.4005,  0.229930
0.4010,  0.213612
0.4015,  0.204990
0.4020,  0.191325
0.4025,  0.185067
0.4030,  0.163458
0.4035,  0.141559
0.4040,  0.136071
0.4045,  0.136126
0.4050,  0.136929
0.4055,  0.138704
0.4060,  0.125161
0.4065,  0.110285
0.4070,  0.119947
0.4075,  0.127863
0.4080,  0.149637
0.4085,  0.171736
0.4090,  0.168275
0.4095,  0.166291
0.4100,  0.127210
0.4105,  0.079164
0.4110,  0.138472
0.4115,  0.190006
0.4120,  0.171799
0.4125,  0.154037
0.4130,  0.139502
0.4135,  0.129536
0.4140,  0.124476
0.4145,  0.117219
0.4150,  0.115374
0.4155,  0.113154
0.4160,  0.136049
0.4165,  0.161088
0.4170,  0.126931
0.4175,  0.090014
0.4180,  0.098047
0.4185,  0.107255
0.4190,  0.113958
0.4195,  0.115872
0.4200,  0.130707
0.4205,  0.142602
0.4210,  0.147580
0.4215,  0.154908
0.4220,  0.111932
0.4225,  0.067409
0.4230,  0.099714
0.4235,  0.132644
0.4240,  0.144091
0.4245,  0.155896
0.4250,  0.141282
0.4255,  0.126375
0.4260,  0.128343
0.4265,  0.135207
0.4270,  0.109499
0.4275,  0.083014
0.4280,  0.094816
0.4285,  0.105233
0.4290,  0.094686
0.4295,  0.087986
0.4300,  0.018697
0.4305,  -0.072981
0.4310,  0.098299
0.4315,  0.225934
0.4320,  0.198227
0.4325,  0.166444
0.4330,  0.167505
0.4335,  0.167946
0.4340,  0.140470
0.4345,  0.116305
0.4350,  0.118907
0.4355,  0.121841
0.4360,  0.157350
0.4365,  0.193154
0.4370,  0.164929
0.4375,  0.141375
0.4380,  0.096173
0.4385,  0.044426
0.4390,  0.105047
0.4395,  0.158137
0.4400,  0.129559
0.4405,  0.096971
0.4410,  0.133878
0.4415,  0.165290
0.4420,  0.161827
0.4425,  0.158834
0.4430,  0.136140
0.4435,  0.120028
0.4440,  0.132514
0.4445,  0.144793
0.4450,  0.116862
0.4455,  0.086583
0.4460,  0.101650
0.4465,  0.113122
0.4470,  0.142838
0.4475,  0.170375
0.4480,  0.144472
0.4485,  0.115642
0.4490,  0.117098
0.4495,  0.119211
0.4500,  0.134769
0.4505,  0.150388
0.4510,  0.141614
0.4515,  0.133096
0.4520,  0.105946
0.4525,  0.079508
0.4530,  0.090064
0.4535,  0.100959
0.4540,  0.105821
0.4545,  0.108383
0.4550,  0.117113
0.4555,  0.127151
0.4560,  0.132645
0.4565,  0.138428
0.4570,  0.140459
0.4575,  0.142598
0.4580,  0.119242
0.4585,  0.097301
0.4590,  0.108953
0.4595,  0.117743
0.4600,  0.122336
0.4605,  0.125195
0.4610,  0.123907
0.4615,  0.121298
0.4620,  0.127025
0.4625,  0.134110
0.4630,  0.120707
0.4635,  0.112423
0.4640,  0.106981
0.4645,  0.100276
0.4650,  0.120583
0.4655,  0.140502
0.4660,  0.118984
0.4665,  0.098362
0.4670,  0.118486
0.4675,  0.134881
0.4680,  0.128766
0.4685,  0.126859
0.4690,  0.128766
0.4695,  0.132955
0.4700,  0.114952
0.4705,  0.094041
0.4710,  0.120979
0.4715,  0.146673
0.4720,  0.146773
0.4725,  0.146939
0.4730,  0.137177
0.4735,  0.126942
0.4740,  0.134681
0.4745,  0.143913
0.4750,  0.136357
0.4755,  0.129331
0.4760,  0.117294
0.4765,  0.104910
0.4770,  0.126261
0.4775,  0.146775
0.4780,  0.132569
0.4785,  0.119949
0.4790,  0.133845
0.4795,  0.145753
0.4800,  0.134955
0.4805,  0.126128
0.4810,  0.135549
0.4815,  0.142572
0.4820,  0.130443
0.4825,  0.121452
0.4830,  0.123688
0.4835,  0.127702
0.4840,  0.125894
0.4845,  0.129063
0.4850,  0.116902
0.4855,  0.106201
0.4860,  0.078324
0.4865,  0.038677
0.4870,  0.086120
0.4875,  0.126199
0.4880,  0.136142
0.4885,  0.143764
0.4890,  0.142114
0.4895,  0.140823
0.4900,  0.142707
0.4905,  0.148291
0.4910,  0.126402
0.4915,  0.106342
0.4920,  0.108000
0.4925,  0.107843
0.4930,  0.103434
0.4935,  0.096142
0.4940,  0.123793
0.4945,  0.151095
0.4950,  0.123113
0.4955,  0.094300
0.4960,  0.111497
0.4965,  0.129242
0.4970,  0.132965
0.4975,  0.138342
0.4980,  0.111342
0.4985,  0.082196
0.4990,  0.105186
0.4995,  0.127955
0.5000,  0.109679
0.5005,  0.091435
0.5010,  0.087039
0.5015,  0.079753
0.5020,  0.096496
0.5025,  0.112051
0.5030,  0.119647
0.5035,  0.125659
0.5040,  0.111579
0.5045,  0.094637
0.5050,  0.112413
0.5055,  0.130992
0.5060,  0.121393
0.5065,  0.113212
0.5070,  0.102421
0.5075,  0.092031
0.5080,  0.094863
0.5085,  0.097407
0.5090,  0.096289
0.5095,  0.094616
0.5100,  0.099928
0.5105,  0.105028
0.5110,  0.114358
0.5115,  0.123951
0.5120,  0.100256
0.5125,  0.077851
0.5130,  0.081721
0.5135,  0.084607
0.5140,  0.090537
0.5145,  0.095226
0.5150,  0.104324
0.5155,  0.118365
0.5160,  0.084143
0.5165,  0.048415
0.5170,  0.073279
0.5175,  0.093391
0.5180,  0.078850
0.5185,  0.058119
0.5190,  0.089806
0.5195,  0.118647
0.5200,  0.109643
0.5205,  0.101131
0.5210,  0.110077
0.5215,  0.121561
0.5220,  0.102252
0.5225,  0.082910
0.5230,  0.096304
0.5235,  0.103872
0.5240,  0.110064
0.5245,  0.119459
0.5250,  0.115198
0.5255,  0.116102
0.5260,  0.072922
0.5265,  0.024704
0.5270,  0.063177
0.5275,  0.093893
0.5280,  0.099934
0.5285,  0.104478
0.5290,  0.102275
0.5295,  0.098912
0.5300,  0.100900
0.5305,  0.103143
0.5310,  0.103944
0.5315,  0.109460
0.5320,  0.075641
0.5325,  0.039078
0.5330,  0.075969
0.5335,  0.109470
0.5340,  0.094107
0.5345,  0.075863
0.5350,  0.097769
0.5355,  0.121109
0.5360,  0.097627
0.5365,  0.075558
0.5370,  0.079889
0.5375,  0.085189
0.5380,  0.092247
0.5385,  0.098904
0.5390,  0.089001
0.5395,  0.079990
0.5400,  0.072043
0.5405,  0.061408
0.5410,  0.084855
0.5415,  0.106967
0.5420,  0.094388
0.5425,  0.082132
0.5430,  0.092054
0.5435,  0.099402
0.5440,  0.097087
0.5445,  0.096362
0.5450,  0.101554
0.5455,  0.105629
0.5460,  0.102066
0.5465,  0.099405
0.5470,  0.091150
0.5475,  0.081903
0.5480,  0.087567
0.5485,  0.092146
0.5490,  0.096982
0.5495,  0.101876
0.5500,  0.093822
0.5505,  0.086977
0.5510,  0.090037
0.5515,  0.093691
0.5520,  0.091573
0.5525,  0.087358
0.5530,  0.093922
0.5535,  0.100362
0.5540,  0.102611
0.5545,  0.104093
0.5550,  0.104765
0.5555,  0.106411
0.5560,  0.094077
0.5565,  0.082743
0.5570,  0.090925
0.5575,  0.100347
0.5580,  0.093573
0.5585,  0.084735
0.5590,  0.090200
0.5595,  0.094746
0.5600,  0.099500
0.5605,  0.104276
0.5610,  0.099104
0.5615,  0.094852
0.5620,  0.098868
0.5625,  0.103508
0.5630,  0.105992
0.5635,  0.109349
0.5640,  0.110905
0.5645,  0.113190
0.5650,  0.106606
0.5655,  0.096620
0.5660,  0.102089
0.5665,  0.106223
0.5670,  0.117376
0.5675,  0.129788
0.5680,  0.114535
0.5685,  0.099672
0.5690,  0.113006
0.5695,  0.126485
0.5700,  0.110111
0.5705,  0.091094
0.5710,  0.099739
0.5715,  0.105607
0.5720,  0.114580
0.5725,  0.124371
0.5730,  0.117337
0.5735,  0.112157
0.5740,  0.110584
0.5745,  0.110096
0.5750,  0.103843
0.5755,  0.096259
0.5760,  0.100610
0.5765,  0.105658
0.5770,  0.109325
0.5775,  0.113591
0.5780,  0.100113
0.5785,  0.084119
0.5790,  0.092472
0.5795,  0.099669
0.5800,  0.099379
0.5805,  0.099015
0.5810,  0.099321
0.5815,  0.100112
0.5820,  0.101880
0.5825,  0.103260
0.5830,  0.099093
0.5835,  0.095715
0.5840,  0.098090
0.5845,  0.104123
0.5850,  0.092793
0.5855,  0.079512
0.5860,  0.092478
0.5865,  0.105541
0.5870,  0.113203
0.5875,  0.125802
0.5880,  0.120575
0.5885,  0.114215
0.5890,  0.093887
0.5895,  0.063770
0.5900,  0.109709
0.5905,  0.151034
0.5910,  0.142276
0.5915,  0.132624
0.5920,  0.131777
0.5925,  0.131171
0.5930,  0.125481
0.5935,  0.123940
0.5940,  0.122760
0.5945,  0.118582
0.5950,  0.120884
0.5955,  0.121524
0.5960,  0.124151
0.5965,  0.126415
0.5970,  0.119705
0.5975,  0.114431
0.5980,  0.108990
0.5985,  0.106063
0.5990,  0.112856
0.5995,  0.118160
0.6000,  0.112742
0.6005,  0.109599
0.6010,  0.112922
0.6015,  0.113665
0.6020,  0.103656
0.6025,  0.092629
0.6030,  0.104542
0.6035,  0.117871
0.6040,  0.116387
0.6045,  0.115574
0.6050,  0.113981
0.6055,  0.111869
0.6060,  0.110133
0.6065,  0.108397
0.6070,  0.108286
0.6075,  0.110384
0.6080,  0.110361
0.6085,  0.109139
0.6090,  0.112603
0.6095,  0.114242
0.6100,  0.105916
0.6105,  0.097463
0.6110,  0.108309
0.6115,  0.120131
0.6120,  0.114923
0.6125,  0.108286
0.6130,  0.105880
0.6135,  0.103157
0.6140,  0.111657
0.6145,  0.122216
0.6150,  0.124889
0.6155,  0.127569
0.6160,  0.104773
0.6165,  0.079266
0.6170,  0.101525
0.6175,  0.123879
0.6180,  0.128438
0.6185,  0.132327
0.6190,  0.129661
0.6195,  0.124373
0.6200,  0.128520
0.6205,  0.133491
0.6210,  0.122537
0.6215,  0.111692
0.6220,  0.119921
0.6225,  0.130432
0.6230,  0.123468
0.6235,  0.119906
0.6240,  0.125072
0.6245,  0.125784
0.6250,  0.120299
0.6255,  0.113252
0.6260,  0.125666
0.6265,  0.139546
0.6270,  0.141057
0.6275,  0.143420
0.6280,  0.146581
0.6285,  0.149997
0.6290,  0.150100
0.6295,  0.148842
0.6300,  0.143797
0.6305,  0.137767
0.6310,  0.132742
0.6315,  0.133392
0.6320,  0.131269
0.6325,  0.130754
0.6330,  0.132754
0.6335,  0.134487
0.6340,  0.137391
0.6345,  0.141846
0.6350,  0.143897
0.6355,  0.143832
0.6360,  0.140920
0.6365,  0.136973
0.6370,  0.131519
0.6375,  0.128170
0.6380,  0.126894
0.6385,  0.129631
0.6390,  0.132991
0.6395,  0.132755
0.6400,  0.130661
0.6405,  0.127609
0.6410,  0.124162
0.6415,  0.124906
0.6420,  0.125092
0.6425,  0.123861
0.6430,  0.123188
0.6435,  0.123626
0.6440,  0.125784
0.6445,  0.129301
0.6450,  0.136054
0.6455,  0.141051
0.6460,  0.144149
0.6465,  0.145307
0.6470,  0.145322
0.6475,  0.143824
0.6480,  0.145020
0.6485,  0.143560
0.6490,  0.140775
0.6495,  0.145997
0.6500,  0.147926
0.6505,  0.151888
0.6510,  0.157619
0.6515,  0.155307
0.6520,  0.151904
0.6525,  0.148509
0.6530,  0.146849
0.6535,  0.140796
0.6540,  0.139629
0.6545,  0.144336
0.6550,  0.155354
0.6555,  0.157163
0.6560,  0.147680
0.6565,  0.122763
0.6570,  0.087932
0.6575,  0.094610
0.6580,  0.103864
0.6585,  0.115835
0.6590,  0.127796
0.6595,  0.124907
0.6600,  0.120342
0.6605,  0.117019
0.6610,  0.117789
0.6615,  0.116456
0.6620,  0.116059
0.6625,  0.116162
0.6630,  0.115950
0.6635,  0.116639
0.6640,  0.116383
0.6645,  0.116003
0.6650,  0.117382
0.6655,  0.115867
0.6660,  0.114279
0.6665,  0.114325
0.6670,  0.111072
0.6675,  0.112205
0.6680,  0.111882
0.6685,  0.114969
0.6690,  0.117550
0.6695,  0.114124
0.6700,  0.112011
0.6705,  0.112359
0.6710,  0.112901
0.6715,  0.115137
0.6720,  0.117117
0.6725,  0.118970
0.6730,  0.119146
0.6735,  0.117359
0.6740,  0.115569
0.6745,  0.116483
0.6750,  0.114235
0.6755,  0.114683
0.6760,  0.115713
0.6765,  0.118104
0.6770,  0.120698
0.6775,  0.120388
0.6780,  0.119490
0.6785,  0.121005
0.6790,  0.122592
0.6795,  0.123716
0.6800,  0.124316
0.6805,  0.124447
0.6810,  0.125172
0.6815,  0.124332
0.6820,  0.125079
0.6825,  0.124300
0.6830,  0.125981
0.6835,  0.125633
0.6840,  0.126422
0.6845,  0.127623
0.6850,  0.134770
0.6855,  0.156172
0.6860,  0.188544
0.6865,  0.221195
0.6870,  0.243871
0.6875,  0.248738
0.6880,  0.246230
0.6885,  0.239238
0.6890,  0.233519
0.6895,  0.227384
0.6900,  0.221325
0.6905,  0.214824
0.6910,  0.208048
0.6915,  0.204311
0.6920,  0.203816
0.6925,  0.206707
0.6930,  0.213020
0.6935,  0.215184
0.6940,  0.215523
0.6945,  0.209750
0.6950,  0.202031
0.6955,  0.190963
0.6960,  0.179905
0.6965,  0.172004
0.6970,  0.167708
0.6975,  0.174105
0.6980,  0.182614
0.6985,  0.190363
0.6990,  0.196803
0.6995,  0.197528
0.7000,  0.196653
0.7005,  0.192994
0.7010,  0.188609
0.7015,  0.192062
0.7020,  0.191360
0.7025,  0.191506
0.7030,  0.191344
0.7035,  0.191272
0.7040,  0.193412
0.7045,  0.195689
0.7050,  0.200618
0.7055,  0.197603
0.7060,  0.192762
0.7065,  0.185510
0.7070,  0.179262
0.7075,  0.176106
0.7080,  0.174592
0.7085,  0.172922
0.7090,  0.172296
0.7095,  0.174715
0.7100,  0.177291
0.7105,  0.179035
0.7110,  0.181388
0.7115,  0.182698
0.7120,  0.180581
0.7125,  0.179985
0.7130,  0.177023
0.7135,  0.177122
0.7140,  0.181504
0.7145,  0.190003
0.7150,  0.202866
0.7155,  0.221641
0.7160,  0.254096
0.7165,  0.287581
0.7170,  0.324143
0.7175,  0.355529
0.7180,  0.380962
0.7185,  0.399576
0.7190,  0.410101
0.7195,  0.413524
0.7200,  0.397689
0.7205,  0.370662
0.7210,  0.341369
0.7215,  0.318468
0.7220,  0.313395
0.7225,  0.322116
0.7230,  0.339737
0.7235,  0.360251
0.7240,  0.374489
0.7245,  0.383936
0.7250,  0.387059
0.7255,  0.387567
0.7260,  0.386736
0.7265,  0.385297
0.7270,  0.383686
0.7275,  0.379785
0.7280,  0.376623
0.7285,  0.373148
0.7290,  0.368974
0.7295,  0.364987
0.7300,  0.360861
0.7305,  0.352608
0.7310,  0.339723
0.7315,  0.322870
0.7320,  0.303424
0.7325,  0.283788
0.7330,  0.264816
0.7335,  0.252752
0.7340,  0.245528
0.7345,  0.240471
0.7350,  0.235979
0.7355,  0.232650
0.7360,  0.230099
0.7365,  0.228881
0.7370,  0.226848
0.7375,  0.220396
0.7380,  0.216730
0.7385,  0.211983
0.7390,  0.204941
0.7395,  0.200399
0.7400,  0.196034
0.7405,  0.191117
0.7410,  0.188117
0.7415,  0.185144
0.7420,  0.184751
0.7425,  0.185339
0.7430,  0.188031
0.7435,  0.185518
0.7440,  0.188104
0.7445,  0.189806
0.7450,  0.189907
0.7455,  0.193335
0.7460,  0.193896
0.7465,  0.195723
0.7470,  0.194875
0.7475,  0.189001
0.7480,  0.186662
0.7485,  0.185504
0.7490,  0.186628
0.7495,  0.189108
0.7500,  0.192087
0.7505,  0.197066
0.7510,  0.199340
0.7515,  0.201102
0.7520,  0.206217
0.7525,  0.205027
0.7530,  0.199910
0.7535,  0.194029
0.7540,  0.193217
0.7545,  0.192892
0.7550,  0.190448
0.7555,  0.189258
0.7560,  0.189167
0.7565,  0.187486
0.7570,  0.188427
0.7575,  0.197498
0.7580,  0.225523
0.7585,  0.282384
0.7590,  0.386820
0.7595,  0.535205
0.7600,  0.700876
0.7605,  0.816112
0.7610,  0.844307
0.7615,  0.823825
0.7620,  0.794777
0.7625,  0.783429
0.7630,  0.774324
0.7635,  0.741984
0.7640,  0.685864
0.7645,  0.612937
0.7650,  0.541174
0.7655,  0.476632
0.7660,  0.417673
0.7665,  0.356972
0.7670,  0.308135
0.7675,  0.284672
0.7680,  0.263226
0.7685,  0.249212
0.7690,  0.239444
0.7695,  0.237884
0.7700,  0.236633
0.7705,  0.228050
0.7710,  0.218733
0.7715,  0.213868
0.7720,  0.219656
0.7725,  0.218521
0.7730,  0.220432
0.7735,  0.220131
0.7740,  0.220183
0.7745,  0.219850
0.7750,  0.219349
0.7755,  0.217629
0.7760,  0.216503
0.7765,  0.214620
0.7770,  0.217352
0.7775,  0.213022
0.7780,  0.210525
0.7785,  0.211511
0.7790,  0.209931
0.7795,  0.215773
0.7800,  0.216758
0.7805,  0.217629
0.7810,  0.224280
0.7815,  0.221608
0.7820,  0.217873
0.7825,  0.213672
0.7830,  0.209356
0.7835,  0.208498
0.7840,  0.212610
0.7845,  0.215625
0.7850,  0.218655
0.7855,  0.221723
0.7860,  0.228593
0.7865,  0.228412
0.7870,  0.231023
0.7875,  0.233589
0.7880,  0.235958
0.7885,  0.238708
0.7890,  0.243256
0.7895,  0.244910
0.7900,  0.246481
0.7905,  0.253278
0.7910,  0.255610
0.7915,  0.257904
0.7920,  0.261616
0.7925,  0.258894
0.7930,  0.256323
0.7935,  0.254699
0.7940,  0.252822
0.7945,  0.252209
0.7950,  0.257616
0.7955,  0.272110
0.7960,  0.276791
0.7965,  0.277450
0.7970,  0.279552
0.7975,  0.280663
0.7980,  0.283538
0.7985,  0.284178
0.7990,  0.277357
0.7995,  0.274133
0.8000,  0.271616
0.8005,  0.272401
0.8010,  0.276126
0.8015,  0.281323
0.8020,  0.287808
0.8025,  0.293158
0.8030,  0.295353
0.8035,  0.292022
0.8040,  0.288526
0.8045,  0.279359
0.8050,  0.272138
0.8055,  0.260504
0.8060,  0.251893
0.8065,  0.257622
0.8070,  0.267765
0.8075,  0.273400
0.8080,  0.276189
0.8085,  0.276193
0.8090,  0.278387
0.8095,  0.283144
0.8100,  0.299805
0.8105,  0.304386
0.8110,  0.308101
0.8115,  0.313863
0.8120,  0.330654
0.8125,  0.362657
0.8130,  0.392926
0.8135,  0.422477
0.8140,  0.454957
0.8145,  0.480171
0.8150,  0.508423
0.8155,  0.528688
0.8160,  0.534218
0.8165,  0.535226
0.8170,  0.528320
0.8175,  0.516096
0.8180,  0.508687
0.8185,  0.500263
0.8190,  0.494666
0.8195,  0.485245
0.8200,  0.464732
0.8205,  0.439071
0.8210,  0.430168
0.8215,  0.450417
0.8220,  0.487972
0.8225,  0.524202
0.8230,  0.534649
0.8235,  0.508212
0.8240,  0.471514
0.8245,  0.441224
0.8250,  0.426797
0.8255,  0.426532
0.8260,  0.420113
0.8265,  0.413114
0.8270,  0.420639
0.8275,  0.431566
0.8280,  0.444373
0.8285,  0.449289
0.8290,  0.460414
0.8295,  0.456354
0.8300,  0.451207
0.8305,  0.445415
0.8310,  0.437387
0.8315,  0.428859
0.8320,  0.419320
0.8325,  0.416349
0.8330,  0.404967
0.8335,  0.394558
0.8340,  0.394064
0.8345,  0.385308
0.8350,  0.384025
0.8355,  0.380345
0.8360,  0.375593
0.8365,  0.367016
0.8370,  0.354160
0.8375,  0.346027
0.8380,  0.332744
0.8385,  0.328426
0.8390,  0.317586
0.8395,  0.306120
0.8400,  0.299174
0.8405,  0.302288
0.8410,  0.310038
0.8415,  0.311529
0.8420,  0.319276
0.8425,  0.318674
0.8430,  0.321058
0.8435,  0.322705
0.8440,  0.310831
0.8445,  0.296385
0.8450,  0.284330
0.8455,  0.284707
0.8460,  0.292809
0.8465,  0.304696
0.8470,  0.314897
0.8475,  0.312994
0.8480,  0.322701
0.8485,  0.320175
0.8490,  0.307733
0.8495,  0.299920
0.8500,  0.284896
0.8505,  0.289955
0.8510,  0.297721
0.8515,  0.306191
0.8520,  0.323068
0.8525,  0.316445
0.8530,  0.329435
0.8535,  0.339021
0.8540,  0.340533
0.8545,  0.360645
0.8550,  0.350019
0.8555,  0.339011
0.8560,  0.334644
0.8565,  0.323951
0.8570,  0.330117
0.8575,  0.332183
0.8580,  0.334848
0.8585,  0.331724
0.8590,  0.328898
0.8595,  0.319777
0.8600,  0.316837
0.8605,  0.313325
0.8610,  0.311864
0.8615,  0.309587
0.8620,  0.312219
0.8625,  0.322927
0.8630,  0.325666
0.8635,  0.347797
0.8640,  0.362592
0.8645,  0.362617
0.8650,  0.361539
0.8655,  0.356422
0.8660,  0.331882
0.8665,  0.339112
0.8670,  0.341544
0.8675,  0.342162
0.8680,  0.360240
0.8685,  0.366391
0.8690,  0.375453
0.8695,  0.379614
0.8700,  0.370468
0.8705,  0.363357
0.8710,  0.346835
0.8715,  0.352069
0.8720,  0.355848
0.8725,  0.364542
0.8730,  0.371208
0.8735,  0.386202
0.8740,  0.395187
0.8745,  0.399374
0.8750,  0.408953
0.8755,  0.402905
0.8760,  0.398715
0.8765,  0.396666
0.8770,  0.396283
0.8775,  0.390928
0.8780,  0.389656
0.8785,  0.395934
0.8790,  0.408268
0.8795,  0.427399
0.8800,  0.438460
0.8805,  0.442472
0.8810,  0.425140
0.8815,  0.413826
0.8820,  0.398368
0.8825,  0.402001
0.8830,  0.406617
0.8835,  0.403322
0.8840,  0.428299
0.8845,  0.441772
0.8850,  0.452915
0.8855,  0.457139
0.8860,  0.449101
0.8865,  0.436746
0.8870,  0.433365
0.8875,  0.414761
0.8880,  0.387170
0.8885,  0.397778
0.8890,  0.413738
0.8895,  0.444847
0.8900,  0.465302
