0.3500,  0.303583
0.3505,  0.357056
0.3510,  0.317435
0.3515,  0.281802
0.3520,  0.248647
0.3525,  0.216064
0.3530,  0.261543
0.3535,  0.295311
0.3540,  0.315765
0.3545,  0.339928
0.3550,  0.309413
0.3555,  0.293013
0.3560,  0.253658
0.3565,  0.216490
0.3570,  0.186687
0.3575,  0.152929
0.3580,  0.109862
0.3585,  0.056306
0.3590,  0.227342
0.3595,  0.363354
0.3600,  0.336095
0.3605,  0.304764
0.3610,  0.247484
0.3615,  0.188650
0.3620,  0.231717
0.3625,  0.273810
0.3630,  0.268906
0.3635,  0.266277
0.3640,  0.256942
0.3645,  0.242025
0.3650,  0.274483
0.3655,  0.307503
0.3660,  0.318163
0.3665,  0.330210
0.3670,  0.303568
0.3675,  0.282134
0.3680,  0.250104
0.3685,  0.211078
0.3690,  0.248493
0.3695,  0.289010
0.3700,  0.257594
0.3705,  0.225891
0.3710,  0.247943
0.3715,  0.272976
0.3720,  0.244784
0.3725,  0.215717
0.3730,  0.177689
0.3735,  0.134692
0.3740,  0.143962
0.3745,  0.145107
0.3750,  0.216752
0.3755,  0.273243
0.3760,  0.267573
0.3765,  0.257709
0.3770,  0.304472
0.3775,  0.345050
0.3780,  0.337671
0.3785,  0.343849
0.3790,  0.256029
0.3795,  0.156355
0.3800,  0.212804
0.3805,  0.275093
0.3810,  0.253459
0.3815,  0.236948
0.3820,  0.148111
0.3825,  0.038761
0.3830,  0.010109
0.3835,  -0.030112
0.3840,  0.136945
0.3845,  0.265255
0.3850,  0.278154
0.3855,  0.286655
0.3860,  0.268270
0.3865,  0.256041
0.3870,  0.248918
0.3875,  0.240914
0.3880,  0.221844
0.3885,  0.197512
0.3890,  0.253997
0.3895,  0.295946
0.3900,  0.293509
0.3905,  0.294782
0.3910,  0.310670
0.3915,  0.340011
0.3920,  0.244998
0.3925,  0.149510
0.3930,  -0.015816
0.3935,  -0.252846
0.3940,  0.037653
0.3945,  0.235626
0.3950,  0.335079
0.3955,  0.431529
0.3960,  0.266730
0.3965,  0.058739
0.3970,  0.075192
0.3975,  0.072387
0.3980,  0.259669
0.3985,  0.391198
0.3990,  0.378993
0.3995,  0.372226
0.4000,  0.341344
0.4005,  0.314388
0.4010,  0.306037
0.4015,  0.302556
0.4020,  0.283421
0.4025,  0.269145
0.4030,  0.241241
0.4035,  0.214816
0.4040,  0.209777
0.4045,  0.210379
0.4050,  0.211037
0.4055,  0.213067
0.4060,  0.199350
0.4065,  0.184304
0.4070,  0.194797
0.4075,  0.202230
0.4080,  0.226312
0.4085,  0.250283
0.4090,  0.242311
0.4095,  0.237553
0.4100,  0.192143
0.4105,  0.139379
0.4110,  0.206200
0.4115,  0.264491
0.4120,  0.247828
0.4125,  0.231171
0.4130,  0.217028
0.4135,  0.207490
0.4140,  0.201450
0.4145,  0.194208
0.4150,  0.194617
0.4155,  0.193724
0.4160,  0.217659
0.4165,  0.244241
0.4170,  0.205149
0.4175,  0.161961
0.4180,  0.166840
0.4185,  0.172607
0.4190,  0.179404
0.4195,  0.182806
0.4200,  0.197462
0.4205,  0.209613
0.4210,  0.215867
0.4215,  0.226200
0.4220,  0.179136
0.4225,  0.125633
0.4230,  0.160023
0.4235,  0.195403
0.4240,  0.209366
0.4245,  0.223144
0.4250,  0.206459
0.4255,  0.191529
0.4260,  0.198108
0.4265,  0.203657
0.4270,  0.170930
0.4275,  0.139582
0.4280,  0.149410
0.4285,  0.164487
0.4290,  0.147570
0.4295,  0.139319
0.4300,  0.056392
0.4305,  -0.050913
0.4310,  0.140527
0.4315,  0.281824
0.4320,  0.255508
0.4325,  0.220824
0.4330,  0.223331
0.4335,  0.226606
0.4340,  0.199046
0.4345,  0.174528
0.4350,  0.177944
0.4355,  0.177547
0.4360,  0.215257
0.4365,  0.254782
0.4370,  0.224073
0.4375,  0.200972
0.4380,  0.150303
0.4385,  0.088608
0.4390,  0.154597
0.4395,  0.213960
0.4400,  0.183169
0.4405,  0.148575
0.4410,  0.190132
0.4415,  0.228787
0.4420,  0.229265
0.4425,  0.227919
0.4430,  0.203067
0.4435,  0.185177
0.4440,  0.201127
0.4445,  0.219035
0.4450,  0.187436
0.4455,  0.150296
0.4460,  0.165611
0.4465,  0.177028
0.4470,  0.210592
0.4475,  0.240888
0.4480,  0.214518
0.4485,  0.185671
0.4490,  0.188670
0.4495,  0.191410
0.4500,  0.206365
0.4505,  0.218389
0.4510,  0.208717
0.4515,  0.202134
0.4520,  0.174479
0.4525,  0.147400
0.4530,  0.159398
0.4535,  0.168571
0.4540,  0.174339
0.4545,  0.176880
0.4550,  0.185695
0.4555,  0.194922
0.4560,  0.199355
0.4565,  0.202631
0.4570,  0.205029
0.4575,  0.210617
0.4580,  0.186566
0.4585,  0.162822
0.4590,  0.174276
0.4595,  0.180221
0.4600,  0.182226
0.4605,  0.184321
0.4610,  0.181700
0.4615,  0.180119
0.4620,  0.188948
0.4625,  0.199392
0.4630,  0.184520
0.4635,  0.174763
0.4640,  0.168219
0.4645,  0.161298
0.4650,  0.183231
0.4655,  0.204987
0.4660,  0.180094
0.4665,  0.156599
0.4670,  0.181122
0.4675,  0.201014
0.4680,  0.197220
0.4685,  0.196441
0.4690,  0.197176
0.4695,  0.200828
0.4700,  0.181216
0.4705,  0.156947
0.4710,  0.185221
0.4715,  0.213636
0.4720,  0.214222
0.4725,  0.212550
0.4730,  0.201264
0.4735,  0.188214
0.4740,  0.198566
0.4745,  0.211581
0.4750,  0.204689
0.4755,  0.196516
0.4760,  0.183626
0.4765,  0.172231
0.4770,  0.199023
0.4775,  0.222430
0.4780,  0.206360
0.4785,  0.191216
0.4790,  0.204246
0.4795,  0.216781
0.4800,  0.205730
0.4805,  0.195456
0.4810,  0.205486
0.4815,  0.217350
0.4820,  0.202934
0.4825,  0.193054
0.4830,  0.195997
0.4835,  0.201158
0.4840,  0.199729
0.4845,  0.203256
0.4850,  0.188768
0.4855,  0.175993
0.4860,  0.144213
0.4865,  0.101226
0.4870,  0.154063
0.4875,  0.198360
0.4880,  0.211404
0.4885,  0.221342
0.4890,  0.219323
0.4895,  0.220166
0.4900,  0.223781
0.4905,  0.230786
0.4910,  0.206655
0.4915,  0.183483
0.4920,  0.185472
0.4925,  0.182768
0.4930,  0.176136
0.4935,  0.168855
0.4940,  0.200637
0.4945,  0.233083
0.4950,  0.200441
0.4955,  0.168676
0.4960,  0.187906
0.4965,  0.206085
0.4970,  0.208429
0.4975,  0.214034
0.4980,  0.184361
0.4985,  0.151972
0.4990,  0.178096
0.4995,  0.205206
0.5000,  0.184635
0.5005,  0.163132
0.5010,  0.158099
0.5015,  0.150219
0.5020,  0.170899
0.5025,  0.191502
0.5030,  0.200669
0.5035,  0.208097
0.5040,  0.190853
0.5045,  0.169367
0.5050,  0.190032
0.5055,  0.211278
0.5060,  0.201039
0.5065,  0.194264
0.5070,  0.184983
0.5075,  0.175002
0.5080,  0.178009
0.5085,  0.180608
0.5090,  0.180746
0.5095,  0.178427
0.5100,  0.181868
0.5105,  0.185087
0.5110,  0.193732
0.5115,  0.203751
0.5120,  0.176697
0.5125,  0.151229
0.5130,  0.153297
0.5135,  0.155506
0.5140,  0.162177
0.5145,  0.167983
0.5150,  0.176019
0.5155,  0.191736
0.5160,  0.152838
0.5165,  0.112185
0.5170,  0.139628
0.5175,  0.162776
0.5180,  0.147217
0.5185,  0.124823
0.5190,  0.159465
0.5195,  0.191581
0.5200,  0.182104
0.5205,  0.173190
0.5210,  0.183483
0.5215,  0.195639
0.5220,  0.174541
0.5225,  0.153359
0.5230,  0.166070
0.5235,  0.174209
0.5240,  0.182327
0.5245,  0.194668
0.5250,  0.190115
0.5255,  0.188588
0.5260,  0.140016
0.5265,  0.086408
0.5270,  0.128415
0.5275,  0.161791
0.5280,  0.170075
0.5285,  0.177552
0.5290,  0.175637
0.5295,  0.173239
0.5300,  0.175692
0.5305,  0.178580
0.5310,  0.179815
0.5315,  0.185684
0.5320,  0.147845
0.5325,  0.106252
0.5330,  0.146013
0.5335,  0.182171
0.5340,  0.164173
0.5345,  0.144017
0.5350,  0.169023
0.5355,  0.195328
0.5360,  0.169623
0.5365,  0.145321
0.5370,  0.149964
0.5375,  0.154796
0.5380,  0.161296
0.5385,  0.167833
0.5390,  0.156690
0.5395,  0.146355
0.5400,  0.136710
0.5405,  0.125550
0.5410,  0.153441
0.5415,  0.177907
0.5420,  0.161532
0.5425,  0.147311
0.5430,  0.158300
0.5435,  0.167048
0.5440,  0.164778
0.5445,  0.164310
0.5450,  0.168544
0.5455,  0.168983
0.5460,  0.164486
0.5465,  0.161044
0.5470,  0.152607
0.5475,  0.144106
0.5480,  0.152188
0.5485,  0.158803
0.5490,  0.165372
0.5495,  0.171945
0.5500,  0.163577
0.5505,  0.157539
0.5510,  0.160655
0.5515,  0.162551
0.5520,  0.157506
0.5525,  0.151080
0.5530,  0.158804
0.5535,  0.166195
0.5540,  0.167063
0.5545,  0.168496
0.5550,  0.170063
0.5555,  0.172904
0.5560,  0.159791
0.5565,  0.148135
0.5570,  0.157837
0.5575,  0.168356
0.5580,  0.159786
0.5585,  0.149246
0.5590,  0.155146
0.5595,  0.159050
0.5600,  0.163426
0.5605,  0.167455
0.5610,  0.160793
0.5615,  0.155599
0.5620,  0.161497
0.5625,  0.167998
0.5630,  0.170794
0.5635,  0.174615
0.5640,  0.175760
0.5645,  0.176910
0.5650,  0.166600
0.5655,  0.155247
0.5660,  0.160720
0.5665,  0.167436
0.5670,  0.178935
0.5675,  0.193276
0.5680,  0.177087
0.5685,  0.162287
0.5690,  0.178577
0.5695,  0.193279
0.5700,  0.174458
0.5705,  0.153424
0.5710,  0.164427
0.5715,  0.170727
0.5720,  0.180760
0.5725,  0.191830
0.5730,  0.186086
0.5735,  0.183157
0.5740,  0.183753
0.5745,  0.182736
0.5750,  0.172970
0.5755,  0.162413
0.5760,  0.166574
0.5765,  0.172648
0.5770,  0.177937
0.5775,  0.184004
0.5780,  0.167753
0.5785,  0.147907
0.5790,  0.155229
0.5795,  0.162178
0.5800,  0.161928
0.5805,  0.162294
0.5810,  0.164144
0.5815,  0.166683
0.5820,  0.169413
0.5825,  0.173388
0.5830,  0.166869
0.5835,  0.163492
0.5840,  0.166021
0.5845,  0.171025
0.5850,  0.156982
0.5855,  0.142762
0.5860,  0.157295
0.5865,  0.171243
0.5870,  0.181150
0.5875,  0.196177
0.5880,  0.189024
0.5885,  0.183229
0.5890,  0.161194
0.5895,  0.130472
0.5900,  0.181492
0.5905,  0.225714
0.5910,  0.213973
0.5915,  0.201406
0.5920,  0.199622
0.5925,  0.199006
0.5930,  0.192230
0.5935,  0.191135
0.5940,  0.188661
0.5945,  0.185824
0.5950,  0.191343
0.5955,  0.193213
0.5960,  0.195946
0.5965,  0.198186
0.5970,  0.188766
0.5975,  0.180649
0.5980,  0.173780
0.5985,  0.168537
0.5990,  0.175453
0.5995,  0.183426
0.6000,  0.181276
0.6005,  0.178467
0.6010,  0.180252
0.6015,  0.178188
0.6020,  0.165005
0.6025,  0.151784
0.6030,  0.164733
0.6035,  0.181272
0.6040,  0.178704
0.6045,  0.177519
0.6050,  0.175774
0.6055,  0.171698
0.6060,  0.168887
0.6065,  0.165618
0.6070,  0.165279
0.6075,  0.167314
0.6080,  0.168402
0.6085,  0.169964
0.6090,  0.174308
0.6095,  0.178939
0.6100,  0.169592
0.6105,  0.158218
0.6110,  0.168063
0.6115,  0.179523
0.6120,  0.170709
0.6125,  0.161842
0.6130,  0.159177
0.6135,  0.156416
0.6140,  0.167512
0.6145,  0.178827
0.6150,  0.183898
0.6155,  0.186233
0.6160,  0.160609
0.6165,  0.131589
0.6170,  0.152847
0.6175,  0.176452
0.6180,  0.182566
0.6185,  0.189005
0.6190,  0.188945
0.6195,  0.183217
0.6200,  0.186137
0.6205,  0.189962
0.6210,  0.177526
0.6215,  0.166994
0.6220,  0.173419
0.6225,  0.181855
0.6230,  0.173655
0.6235,  0.169452
0.6240,  0.174851
0.6245,  0.177352
0.6250,  0.171913
0.6255,  0.164177
0.6260,  0.177183
0.6265,  0.190019
0.6270,  0.192503
0.6275,  0.197165
0.6280,  0.202698
0.6285,  0.208548
0.6290,  0.209854
0.6295,  0.208583
0.6300,  0.205559
0.6305,  0.199662
0.6310,  0.190902
0.6315,  0.186829
0.6320,  0.182011
0.6325,  0.179356
0.6330,  0.180524
0.6335,  0.184172
0.6340,  0.189109
0.6345,  0.192779
0.6350,  0.196672
0.6355,  0.198159
0.6360,  0.198212
0.6365,  0.191541
0.6370,  0.183859
0.6375,  0.176814
0.6380,  0.175123
0.6385,  0.177914
0.6390,  0.181561
0.6395,  0.183622
0.6400,  0.183992
0.6405,  0.180835
0.6410,  0.173074
0.6415,  0.170459
0.6420,  0.167010
0.6425,  0.163233
0.6430,  0.162773
0.6435,  0.164216
0.6440,  0.165448
0.6445,  0.173308
0.6450,  0.182079
0.6455,  0.188178
0.6460,  0.192759
0.6465,  0.196368
0.6470,  0.198095
0.6475,  0.195003
0.6480,  0.192770
0.6485,  0.189688
0.6490,  0.184925
0.6495,  0.189665
0.6500,  0.193244
0.6505,  0.199813
0.6510,  0.208266
0.6515,  0.206357
0.6520,  0.204076
0.6525,  0.199356
0.6530,  0.196345
0.6535,  0.190311
0.6540,  0.189324
0.6545,  0.191183
0.6550,  0.198613
0.6555,  0.196349
0.6560,  0.181501
0.6565,  0.156289
0.6570,  0.122120
0.6575,  0.134596
0.6580,  0.147452
0.6585,  0.160984
0.6590,  0.176591
0.6595,  0.172690
0.6600,  0.166213
0.6605,  0.160469
0.6610,  0.155733
0.6615,  0.150114
0.6620,  0.145707
0.6625,  0.144771
0.6630,  0.147819
0.6635,  0.152507
0.6640,  0.159087
0.6645,  0.164252
0.6650,  0.163697
0.6655,  0.157269
0.6660,  0.152998
0.6665,  0.145622
0.6670,  0.142619
0.6675,  0.145873
0.6680,  0.146608
0.6685,  0.149282
0.6690,  0.150084
0.6695,  0.149202
0.6700,  0.149906
0.6705,  0.149804
0.6710,  0.152192
0.6715,  0.156261
0.6720,  0.155988
0.6725,  0.153807
0.6730,  0.149519
0.6735,  0.144594
0.6740,  0.140331
0.6745,  0.139472
0.6750,  0.140060
0.6755,  0.141643
0.6760,  0.144396
0.6765,  0.149212
0.6770,  0.154278
0.6775,  0.153566
0.6780,  0.154480
0.6785,  0.151322
0.6790,  0.147353
0.6795,  0.144186
0.6800,  0.140805
0.6805,  0.139763
0.6810,  0.139380
0.6815,  0.140703
0.6820,  0.144102
0.6825,  0.147751
0.6830,  0.152781
0.6835,  0.155651
0.6840,  0.157411
0.6845,  0.158653
0.6850,  0.161675
0.6855,  0.179502
0.6860,  0.212794
0.6865,  0.253382
0.6870,  0.282207
0.6875,  0.289527
0.6880,  0.291239
0.6885,  0.284357
0.6890,  0.277692
0.6895,  0.270985
0.6900,  0.259399
0.6905,  0.250267
0.6910,  0.240531
0.6915,  0.240893
0.6920,  0.241339
0.6925,  0.240260
0.6930,  0.244099
0.6935,  0.242763
0.6940,  0.240402
0.6945,  0.239568
0.6950,  0.232876
0.6955,  0.221985
0.6960,  0.210328
0.6965,  0.199159
0.6970,  0.193856
0.6975,  0.199023
0.6980,  0.208927
0.6985,  0.215729
0.6990,  0.221890
0.6995,  0.222336
0.7000,  0.218701
0.7005,  0.215449
0.7010,  0.208243
0.7015,  0.212402
0.7020,  0.214949
0.7025,  0.213648
0.7030,  0.209200
0.7035,  0.206870
0.7040,  0.208512
0.7045,  0.214426
0.7050,  0.219649
0.7055,  0.221184
0.7060,  0.220860
0.7065,  0.210388
0.7070,  0.200988
0.7075,  0.192894
0.7080,  0.186560
0.7085,  0.178515
0.7090,  0.173435
0.7095,  0.170512
0.7100,  0.171173
0.7105,  0.176562
0.7110,  0.183877
0.7115,  0.183922
0.7120,  0.186789
0.7125,  0.190012
0.7130,  0.190320
0.7135,  0.191582
0.7140,  0.194283
0.7145,  0.197762
0.7150,  0.205624
0.7155,  0.219277
0.7160,  0.251702
0.7165,  0.291138
0.7170,  0.331325
0.7175,  0.366549
0.7180,  0.398100
0.7185,  0.421108
0.7190,  0.437789
0.7195,  0.443287
0.7200,  0.428642
0.7205,  0.396385
0.7210,  0.358243
0.7215,  0.327905
0.7220,  0.322673
0.7225,  0.329776
0.7230,  0.350293
0.7235,  0.374506
0.7240,  0.394181
0.7245,  0.401214
0.7250,  0.405259
0.7255,  0.407025
0.7260,  0.404789
0.7265,  0.401880
0.7270,  0.398325
0.7275,  0.391225
0.7280,  0.384306
0.7285,  0.373842
0.7290,  0.369742
0.7295,  0.371033
0.7300,  0.364098
0.7305,  0.360668
0.7310,  0.345984
0.7315,  0.327324
0.7320,  0.304659
0.7325,  0.281789
0.7330,  0.257368
0.7335,  0.242775
0.7340,  0.228799
0.7345,  0.221575
0.7350,  0.221312
0.7355,  0.221527
0.7360,  0.221951
0.7365,  0.221993
0.7370,  0.219719
0.7375,  0.211079
0.7380,  0.205176
0.7385,  0.204666
0.7390,  0.195786
0.7395,  0.187155
0.7400,  0.179863
0.7405,  0.172731
0.7410,  0.166522
0.7415,  0.173691
0.7420,  0.180698
0.7425,  0.188229
0.7430,  0.193204
0.7435,  0.195408
0.7440,  0.192359
0.7445,  0.188554
0.7450,  0.182972
0.7455,  0.178018
0.7460,  0.173207
0.7465,  0.171488
0.7470,  0.170081
0.7475,  0.166435
0.7480,  0.166141
0.7485,  0.166168
0.7490,  0.171242
0.7495,  0.179433
0.7500,  0.180352
0.7505,  0.184918
0.7510,  0.183438
0.7515,  0.176224
0.7520,  0.171747
0.7525,  0.162752
0.7530,  0.157171
0.7535,  0.156235
0.7540,  0.157517
0.7545,  0.154842
0.7550,  0.157444
0.7555,  0.162238
0.7560,  0.162015
0.7565,  0.157693
0.7570,  0.154625
0.7575,  0.157336
0.7580,  0.178236
0.7585,  0.242657
0.7590,  0.354575
0.7595,  0.507046
0.7600,  0.664227
0.7605,  0.764580
0.7610,  0.779758
0.7615,  0.758314
0.7620,  0.746240
0.7625,  0.744000
0.7630,  0.740828
0.7635,  0.718237
0.7640,  0.661833
0.7645,  0.580796
0.7650,  0.511173
0.7655,  0.451754
0.7660,  0.393708
0.7665,  0.338048
0.7670,  0.298701
0.7675,  0.269199
0.7680,  0.247925
0.7685,  0.239438
0.7690,  0.228608
0.7695,  0.217334
0.7700,  0.206183
0.7705,  0.195005
0.7710,  0.180752
0.7715,  0.178586
0.7720,  0.183511
0.7725,  0.182274
0.7730,  0.182898
0.7735,  0.176398
0.7740,  0.171668
0.7745,  0.163476
0.7750,  0.154072
0.7755,  0.156168
0.7760,  0.159902
0.7765,  0.165045
0.7770,  0.168381
0.7775,  0.165785
0.7780,  0.162558
0.7785,  0.163356
0.7790,  0.156243
0.7795,  0.155991
0.7800,  0.156892
0.7805,  0.155015
0.7810,  0.152116
0.7815,  0.145899
0.7820,  0.145207
0.7825,  0.136537
0.7830,  0.129840
0.7835,  0.136498
0.7840,  0.139831
0.7845,  0.147343
0.7850,  0.157139
0.7855,  0.165389
0.7860,  0.166822
0.7865,  0.174650
0.7870,  0.174027
0.7875,  0.173072
0.7880,  0.177424
0.7885,  0.184355
0.7890,  0.195400
0.7895,  0.199924
0.7900,  0.199455
0.7905,  0.201235
0.7910,  0.196010
0.7915,  0.196222
0.7920,  0.197262
0.7925,  0.187974
0.7930,  0.184708
0.7935,  0.190036
0.7940,  0.190145
0.7945,  0.191415
0.7950,  0.196304
0.7955,  0.204496
0.7960,  0.208785
0.7965,  0.210617
0.7970,  0.210580
0.7975,  0.206720
0.7980,  0.200083
0.7985,  0.200950
0.7990,  0.198617
0.7995,  0.198857
0.8000,  0.198733
0.8005,  0.190048
0.8010,  0.189597
0.8015,  0.186977
0.8020,  0.186386
0.8025,  0.190399
0.8030,  0.201906
0.8035,  0.206597
0.8040,  0.205047
0.8045,  0.201371
0.8050,  0.193972
0.8055,  0.181515
0.8060,  0.169680
0.8065,  0.157408
0.8070,  0.154777
0.8075,  0.155549
0.8080,  0.163683
0.8085,  0.164731
0.8090,  0.170291
0.8095,  0.177276
0.8100,  0.186666
0.8105,  0.195449
0.8110,  0.208830
0.8115,  0.223848
0.8120,  0.247464
0.8125,  0.276778
0.8130,  0.303624
0.8135,  0.321397
0.8140,  0.345784
0.8145,  0.379472
0.8150,  0.406856
0.8155,  0.426980
0.8160,  0.446922
0.8165,  0.455012
0.8170,  0.445377
0.8175,  0.437822
0.8180,  0.429404
0.8185,  0.412231
0.8190,  0.391916
0.8195,  0.372970
0.8200,  0.341967
0.8205,  0.328877
0.8210,  0.340810
0.8215,  0.365348
0.8220,  0.407056
0.8225,  0.442500
0.8230,  0.429590
0.8235,  0.403421
0.8240,  0.366405
0.8245,  0.331859
0.8250,  0.314449
0.8255,  0.305089
0.8260,  0.302667
0.8265,  0.302200
0.8270,  0.306758
0.8275,  0.314138
0.8280,  0.327563
0.8285,  0.342072
0.8290,  0.346396
0.8295,  0.333088
0.8300,  0.319107
0.8305,  0.315788
0.8310,  0.323416
0.8315,  0.315964
0.8320,  0.307239
0.8325,  0.295335
0.8330,  0.270832
0.8335,  0.261422
0.8340,  0.249901
0.8345,  0.243438
0.8350,  0.244911
0.8355,  0.241205
0.8360,  0.231254
0.8365,  0.212809
0.8370,  0.201118
0.8375,  0.196047
0.8380,  0.191864
0.8385,  0.190710
0.8390,  0.183043
0.8395,  0.170226
0.8400,  0.166515
0.8405,  0.170466
0.8410,  0.161266
0.8415,  0.151989
0.8420,  0.152952
0.8425,  0.145373
0.8430,  0.141862
0.8435,  0.142562
0.8440,  0.147918
0.8445,  0.149175
0.8450,  0.146801
0.8455,  0.149523
0.8460,  0.149371
0.8465,  0.152577
0.8470,  0.165499
0.8475,  0.178431
0.8480,  0.192997
0.8485,  0.187042
0.8490,  0.165524
0.8495,  0.149406
0.8500,  0.127789
0.8505,  0.130792
0.8510,  0.144498
0.8515,  0.151698
0.8520,  0.170448
0.8525,  0.169459
0.8530,  0.163697
0.8535,  0.158463
0.8540,  0.130968
0.8545,  0.139602
0.8550,  0.137010
0.8555,  0.129845
0.8560,  0.144266
0.8565,  0.145828
0.8570,  0.159482
0.8575,  0.163848
0.8580,  0.164176
0.8585,  0.159761
0.8590,  0.161294
0.8595,  0.158872
0.8600,  0.155142
0.8605,  0.147963
0.8610,  0.127337
0.8615,  0.118280
0.8620,  0.120863
0.8625,  0.121560
0.8630,  0.129141
0.8635,  0.143798
0.8640,  0.148229
0.8645,  0.142514
0.8650,  0.145047
0.8655,  0.138332
0.8660,  0.115141
0.8665,  0.112208
0.8670,  0.106409
0.8675,  0.091278
0.8680,  0.093934
0.8685,  0.120561
0.8690,  0.154514
0.8695,  0.177335
0.8700,  0.183164
0.8705,  0.155013
0.8710,  0.128378
0.8715,  0.120035
0.8720,  0.112679
0.8725,  0.117137
0.8730,  0.128037
0.8735,  0.123792
0.8740,  0.132572
0.8745,  0.147325
0.8750,  0.168036
0.8755,  0.167973
0.8760,  0.162190
0.8765,  0.160717
0.8770,  0.142636
0.8775,  0.138768
0.8780,  0.132504
0.8785,  0.118177
0.8790,  0.106153
0.8795,  0.117636
0.8800,  0.128392
0.8805,  0.136784
0.8810,  0.152088
0.8815,  0.158695
0.8820,  0.153701
0.8825,  0.140236
0.8830,  0.121096
0.8835,  0.105753
0.8840,  0.102031
0.8845,  0.111670
0.8850,  0.128530
0.8855,  0.126825
0.8860,  0.137382
0.8865,  0.136564
0.8870,  0.148209
0.8875,  0.154379
0.8880,  0.137152
0.8885,  0.128556
0.8890,  0.110301
0.8895,  0.110280
0.8900,  0.128670
