0.3500,  0.216815
0.3505,  0.260725
0.3510,  0.223312
0.3515,  0.187637
0.3520,  0.155802
0.3525,  0.123887
0.3530,  0.159715
0.3535,  0.191283
0.3540,  0.207329
0.3545,  0.231709
0.3550,  0.217401
0.3555,  0.205362
0.3560,  0.173034
0.3565,  0.145656
0.3570,  0.126011
0.3575,  0.103344
0.3580,  0.065428
0.3585,  0.010698
0.3590,  0.143167
0.3595,  0.256398
0.3600,  0.244892
0.3605,  0.234845
0.3610,  0.193140
0.3615,  0.147577
0.3620,  0.182632
0.3625,  0.214381
0.3630,  0.200370
0.3635,  0.184774
0.3640,  0.173952
0.3645,  0.157315
0.3650,  0.181283
0.3655,  0.204080
0.3660,  0.210940
0.3665,  0.224335
0.3670,  0.198276
0.3675,  0.177156
0.3680,  0.146532
0.3685,  0.113731
0.3690,  0.151064
0.3695,  0.186889
0.3700,  0.158695
0.3705,  0.131153
0.3710,  0.151441
0.3715,  0.172448
0.3720,  0.144260
0.3725,  0.119682
0.3730,  0.093467
0.3735,  0.064858
0.3740,  0.074851
0.3745,  0.077710
0.3750,  0.144280
0.3755,  0.202437
0.3760,  0.198169
0.3765,  0.182519
0.3770,  0.220962
0.3775,  0.255177
0.3780,  0.247041
0.3785,  0.247810
0.3790,  0.166122
0.3795,  0.077387
0.3800,  0.124802
0.3805,  0.176199
0.3810,  0.154601
0.3815,  0.142738
0.3820,  0.079781
0.3825,  0.004160
0.3830,  -0.008158
0.3835,  -0.038549
0.3840,  0.102334
0.3845,  0.205422
0.3850,  0.209019
0.3855,  0.211520
0.3860,  0.193713
0.3865,  0.179610
0.3870,  0.173498
0.3875,  0.169991
0.3880,  0.157677
0.3885,  0.139110
0.3890,  0.185834
0.3895,  0.220346
0.3900,  0.215596
0.3905,  0.211926
0.3910,  0.221667
0.3915,  0.245352
0.3920,  0.166248
0.3925,  0.086911
0.3930,  -0.054128
0.3935,  -0.254468
0.3940,  -0.004900
0.3945,  0.166463
0.3950,  0.250172
0.3955,  0.330644
0.3960,  0.194530
0.3965,  0.023489
0.3970,  0.042459
0.3975,  0.039006
0.3980,  0.197856
0.3985,  0.304519
0.3990,  0.280521
0.3995,  0.265283
0.4000,  0.232640
0.4005,  0.200654
0.4010,  0.184212
0.4015,  0.175680
0.4020,  0.161419
0.4025,  0.154649
0.4030,  0.134870
0.4035,  0.118033
0.4040,  0.115944
0.4045,  0.114527
0.4050,  0.114994
0.4055,  0.116368
0.4060,  0.103908
0.4065,  0.090191
0.4070,  0.098404
0.4075,  0.105015
0.4080,  0.127792
0.4085,  0.149448
0.4090,  0.143854
0.4095,  0.140985
0.4100,  0.104389
0.4105,  0.059226
0.4110,  0.115238
0.4115,  0.164003
0.4120,  0.147160
0.4125,  0.130419
0.4130,  0.116595
0.4135,  0.106322
0.4140,  0.100756
0.4145,  0.093770
0.4150,  0.091923
0.4155,  0.090739
0.4160,  0.111649
0.4165,  0.136258
0.4170,  0.106624
0.4175,  0.073112
0.4180,  0.081247
0.4185,  0.091404
0.4190,  0.098698
0.4195,  0.099414
0.4200,  0.107526
0.4205,  0.116729
0.4210,  0.120065
0.4215,  0.128827
0.4220,  0.090109
0.4225,  0.046354
0.4230,  0.079590
0.4235,  0.112801
0.4240,  0.123933
0.4245,  0.136451
0.4250,  0.124056
0.4255,  0.108019
0.4260,  0.110066
0.4265,  0.114803
0.4270,  0.087695
0.4275,  0.059249
0.4280,  0.072750
0.4285,  0.088267
0.4290,  0.079373
0.4295,  0.077149
0.4300,  0.011582
0.4305,  -0.076461
0.4310,  0.085062
0.4315,  0.201574
0.4320,  0.173858
0.4325,  0.144101
0.4330,  0.144702
0.4335,  0.147629
0.4340,  0.123217
0.4345,  0.100200
0.4350,  0.099686
0.4355,  0.097894
0.4360,  0.129310
0.4365,  0.162200
0.4370,  0.136945
0.4375,  0.117637
0.4380,  0.076412
0.4385,  0.027689
0.4390,  0.087860
0.4395,  0.140939
0.4400,  0.114059
0.4405,  0.082942
0.4410,  0.116243
0.4415,  0.144847
0.4420,  0.142262
0.4425,  0.140986
0.4430,  0.120163
0.4435,  0.102174
0.4440,  0.113272
0.4445,  0.127088
0.4450,  0.100259
0.4455,  0.070145
0.4460,  0.084128
0.4465,  0.094213
0.4470,  0.121883
0.4475,  0.148884
0.4480,  0.126277
0.4485,  0.100972
0.4490,  0.105539
0.4495,  0.109099
0.4500,  0.122646
0.4505,  0.136958
0.4510,  0.126562
0.4515,  0.118400
0.4520,  0.089871
0.4525,  0.064994
0.4530,  0.075175
0.4535,  0.084077
0.4540,  0.091262
0.4545,  0.095641
0.4550,  0.104537
0.4555,  0.112328
0.4560,  0.115248
0.4565,  0.118977
0.4570,  0.121805
0.4575,  0.125795
0.4580,  0.104516
0.4585,  0.083460
0.4590,  0.091126
0.4595,  0.095579
0.4600,  0.100115
0.4605,  0.104796
0.4610,  0.104141
0.4615,  0.101791
0.4620,  0.107070
0.4625,  0.113468
0.4630,  0.102433
0.4635,  0.096573
0.4640,  0.091005
0.4645,  0.084177
0.4650,  0.101525
0.4655,  0.118701
0.4660,  0.099439
0.4665,  0.081308
0.4670,  0.100676
0.4675,  0.116796
0.4680,  0.112168
0.4685,  0.110794
0.4690,  0.113042
0.4695,  0.117345
0.4700,  0.101963
0.4705,  0.081582
0.4710,  0.106669
0.4715,  0.130521
0.4720,  0.128785
0.4725,  0.127814
0.4730,  0.118253
0.4735,  0.107857
0.4740,  0.115429
0.4745,  0.124463
0.4750,  0.117668
0.4755,  0.111647
0.4760,  0.101697
0.4765,  0.091912
0.4770,  0.114417
0.4775,  0.134245
0.4780,  0.118378
0.4785,  0.104364
0.4790,  0.116338
0.4795,  0.127302
0.4800,  0.118402
0.4805,  0.112114
0.4810,  0.122062
0.4815,  0.130261
0.4820,  0.118458
0.4825,  0.110564
0.4830,  0.112514
0.4835,  0.114195
0.4840,  0.112194
0.4845,  0.115527
0.4850,  0.104892
0.4855,  0.094871
0.4860,  0.068012
0.4865,  0.029830
0.4870,  0.073638
0.4875,  0.110410
0.4880,  0.119311
0.4885,  0.126028
0.4890,  0.124935
0.4895,  0.125067
0.4900,  0.127846
0.4905,  0.134453
0.4910,  0.113983
0.4915,  0.094588
0.4920,  0.095748
0.4925,  0.094020
0.4930,  0.089207
0.4935,  0.082000
0.4940,  0.107966
0.4945,  0.135219
0.4950,  0.107943
0.4955,  0.080525
0.4960,  0.096776
0.4965,  0.113065
0.4970,  0.115234
0.4975,  0.119865
0.4980,  0.094579
0.4985,  0.067209
0.4990,  0.089810
0.4995,  0.111716
0.5000,  0.094171
0.5005,  0.076592
0.5010,  0.072923
0.5015,  0.065974
0.5020,  0.082778
0.5025,  0.099938
0.5030,  0.107836
0.5035,  0.113236
0.5040,  0.100062
0.5045,  0.082534
0.5050,  0.098794
0.5055,  0.116412
0.5060,  0.106433
0.5065,  0.099178
0.5070,  0.091131
0.5075,  0.083578
0.5080,  0.086664
0.5085,  0.088467
0.5090,  0.087271
0.5095,  0.086128
0.5100,  0.091350
0.5105,  0.096211
0.5110,  0.104456
0.5115,  0.113164
0.5120,  0.089702
0.5125,  0.067833
0.5130,  0.071745
0.5135,  0.074511
0.5140,  0.080702
0.5145,  0.085394
0.5150,  0.092337
0.5155,  0.104274
0.5160,  0.071452
0.5165,  0.037690
0.5170,  0.062369
0.5175,  0.082110
0.5180,  0.068563
0.5185,  0.048740
0.5190,  0.078048
0.5195,  0.105630
0.5200,  0.098342
0.5205,  0.091270
0.5210,  0.099064
0.5215,  0.108633
0.5220,  0.089794
0.5225,  0.071302
0.5230,  0.082920
0.5235,  0.091209
0.5240,  0.098276
0.5245,  0.107531
0.5250,  0.102883
0.5255,  0.103284
0.5260,  0.062094
0.5265,  0.016498
0.5270,  0.053734
0.5275,  0.082806
0.5280,  0.088996
0.5285,  0.093913
0.5290,  0.090798
0.5295,  0.087894
0.5300,  0.089140
0.5305,  0.091755
0.5310,  0.092638
0.5315,  0.098300
0.5320,  0.067505
0.5325,  0.033759
0.5330,  0.067973
0.5335,  0.098337
0.5340,  0.083931
0.5345,  0.067510
0.5350,  0.088369
0.5355,  0.110080
0.5360,  0.088270
0.5365,  0.067754
0.5370,  0.071581
0.5375,  0.074482
0.5380,  0.079813
0.5385,  0.086918
0.5390,  0.078252
0.5395,  0.069296
0.5400,  0.060872
0.5405,  0.050421
0.5410,  0.072803
0.5415,  0.093239
0.5420,  0.080436
0.5425,  0.068878
0.5430,  0.079260
0.5435,  0.087876
0.5440,  0.085755
0.5445,  0.084312
0.5450,  0.089103
0.5455,  0.093147
0.5460,  0.089936
0.5465,  0.086547
0.5470,  0.077745
0.5475,  0.069451
0.5480,  0.075573
0.5485,  0.080254
0.5490,  0.085332
0.5495,  0.091695
0.5500,  0.086073
0.5505,  0.082219
0.5510,  0.085715
0.5515,  0.087140
0.5520,  0.082570
0.5525,  0.077037
0.5530,  0.083801
0.5535,  0.091013
0.5540,  0.093422
0.5545,  0.094586
0.5550,  0.095498
0.5555,  0.097852
0.5560,  0.086581
0.5565,  0.076267
0.5570,  0.084632
0.5575,  0.093449
0.5580,  0.087055
0.5585,  0.078536
0.5590,  0.082043
0.5595,  0.085103
0.5600,  0.089792
0.5605,  0.092978
0.5610,  0.089030
0.5615,  0.084644
0.5620,  0.088838
0.5625,  0.094512
0.5630,  0.097774
0.5635,  0.101763
0.5640,  0.102790
0.5645,  0.103347
0.5650,  0.094628
0.5655,  0.084419
0.5660,  0.089842
0.5665,  0.095267
0.5670,  0.106292
0.5675,  0.117877
0.5680,  0.103520
0.5685,  0.090272
0.5690,  0.102836
0.5695,  0.115432
0.5700,  0.100972
0.5705,  0.084166
0.5710,  0.092112
0.5715,  0.096363
0.5720,  0.103323
0.5725,  0.111600
0.5730,  0.105983
0.5735,  0.101600
0.5740,  0.100895
0.5745,  0.100705
0.5750,  0.095872
0.5755,  0.090245
0.5760,  0.094236
0.5765,  0.097485
0.5770,  0.099993
0.5775,  0.102858
0.5780,  0.088723
0.5785,  0.072985
0.5790,  0.080934
0.5795,  0.088255
0.5800,  0.087900
0.5805,  0.087114
0.5810,  0.086714
0.5815,  0.087337
0.5820,  0.091429
0.5825,  0.094026
0.5830,  0.090693
0.5835,  0.087855
0.5840,  0.089717
0.5845,  0.094282
0.5850,  0.084308
0.5855,  0.071870
0.5860,  0.083361
0.5865,  0.095044
0.5870,  0.102896
0.5875,  0.117077
0.5880,  0.112047
0.5885,  0.106047
0.5890,  0.087118
0.5895,  0.061744
0.5900,  0.105411
0.5905,  0.143344
0.5910,  0.132919
0.5915,  0.121342
0.5920,  0.118651
0.5925,  0.117245
0.5930,  0.111550
0.5935,  0.112301
0.5940,  0.110210
0.5945,  0.106850
0.5950,  0.110185
0.5955,  0.110644
0.5960,  0.112345
0.5965,  0.115748
0.5970,  0.110575
0.5975,  0.105689
0.5980,  0.099355
0.5985,  0.094762
0.5990,  0.102236
0.5995,  0.108359
0.6000,  0.104311
0.6005,  0.099874
0.6010,  0.100648
0.6015,  0.101420
0.6020,  0.092808
0.6025,  0.083386
0.6030,  0.094710
0.6035,  0.106947
0.6040,  0.105334
0.6045,  0.105160
0.6050,  0.103228
0.6055,  0.100750
0.6060,  0.098205
0.6065,  0.096519
0.6070,  0.097494
0.6075,  0.099490
0.6080,  0.098449
0.6085,  0.099236
0.6090,  0.103780
0.6095,  0.105728
0.6100,  0.098381
0.6105,  0.089441
0.6110,  0.098328
0.6115,  0.109118
0.6120,  0.103573
0.6125,  0.097936
0.6130,  0.095491
0.6135,  0.091971
0.6140,  0.100376
0.6145,  0.109006
0.6150,  0.111485
0.6155,  0.114809
0.6160,  0.093739
0.6165,  0.069375
0.6170,  0.089455
0.6175,  0.110573
0.6180,  0.116192
0.6185,  0.122245
0.6190,  0.119387
0.6195,  0.114492
0.6200,  0.119502
0.6205,  0.123950
0.6210,  0.113729
0.6215,  0.103945
0.6220,  0.110539
0.6225,  0.118951
0.6230,  0.112792
0.6235,  0.108383
0.6240,  0.111381
0.6245,  0.111648
0.6250,  0.106508
0.6255,  0.100527
0.6260,  0.114507
0.6265,  0.129926
0.6270,  0.133154
0.6275,  0.136162
0.6280,  0.139647
0.6285,  0.144021
0.6290,  0.143685
0.6295,  0.141221
0.6300,  0.136561
0.6305,  0.130197
0.6310,  0.123146
0.6315,  0.121138
0.6320,  0.119610
0.6325,  0.119136
0.6330,  0.120983
0.6335,  0.123506
0.6340,  0.126442
0.6345,  0.130497
0.6350,  0.132097
0.6355,  0.131105
0.6360,  0.130583
0.6365,  0.126440
0.6370,  0.120699
0.6375,  0.117075
0.6380,  0.117371
0.6385,  0.120091
0.6390,  0.122706
0.6395,  0.122894
0.6400,  0.121032
0.6405,  0.118493
0.6410,  0.115289
0.6415,  0.115591
0.6420,  0.113729
0.6425,  0.111295
0.6430,  0.109686
0.6435,  0.111040
0.6440,  0.113148
0.6445,  0.119519
0.6450,  0.128472
0.6455,  0.132941
0.6460,  0.136384
0.6465,  0.139744
0.6470,  0.140148
0.6475,  0.137472
0.6480,  0.134950
0.6485,  0.131722
0.6490,  0.128092
0.6495,  0.132136
0.6500,  0.135345
0.6505,  0.140588
0.6510,  0.145362
0.6515,  0.142812
0.6520,  0.139962
0.6525,  0.136935
0.6530,  0.136582
0.6535,  0.129931
0.6540,  0.127899
0.6545,  0.131589
0.6550,  0.140512
0.6555,  0.141721
0.6560,  0.132993
0.6565,  0.111291
0.6570,  0.079263
0.6575,  0.086282
0.6580,  0.096717
0.6585,  0.107958
0.6590,  0.120476
0.6595,  0.115851
0.6600,  0.110032
0.6605,  0.105654
0.6610,  0.105396
0.6615,  0.102071
0.6620,  0.100628
0.6625,  0.101719
0.6630,  0.101986
0.6635,  0.105142
0.6640,  0.106159
0.6645,  0.106641
0.6650,  0.108431
0.6655,  0.106879
0.6660,  0.105497
0.6665,  0.104045
0.6670,  0.100126
0.6675,  0.100492
0.6680,  0.100201
0.6685,  0.103788
0.6690,  0.106121
0.6695,  0.104673
0.6700,  0.103093
0.6705,  0.102637
0.6710,  0.102176
0.6715,  0.103934
0.6720,  0.105207
0.6725,  0.105506
0.6730,  0.104410
0.6735,  0.102603
0.6740,  0.101944
0.6745,  0.102133
0.6750,  0.102810
0.6755,  0.105313
0.6760,  0.107397
0.6765,  0.108995
0.6770,  0.107341
0.6775,  0.104352
0.6780,  0.105218
0.6785,  0.106579
0.6790,  0.105851
0.6795,  0.103827
0.6800,  0.103154
0.6805,  0.104625
0.6810,  0.106719
0.6815,  0.107343
0.6820,  0.109899
0.6825,  0.112851
0.6830,  0.116647
0.6835,  0.119304
0.6840,  0.121607
0.6845,  0.121935
0.6850,  0.126676
0.6855,  0.147214
0.6860,  0.175834
0.6865,  0.207359
0.6870,  0.230838
0.6875,  0.235982
0.6880,  0.233939
0.6885,  0.225808
0.6890,  0.219242
0.6895,  0.213772
0.6900,  0.206069
0.6905,  0.196255
0.6910,  0.188304
0.6915,  0.184586
0.6920,  0.182577
0.6925,  0.186001
0.6930,  0.194217
0.6935,  0.199488
0.6940,  0.199085
0.6945,  0.195142
0.6950,  0.189985
0.6955,  0.179839
0.6960,  0.170327
0.6965,  0.163172
0.6970,  0.157496
0.6975,  0.158347
0.6980,  0.166942
0.6985,  0.175467
0.6990,  0.182634
0.6995,  0.185255
0.7000,  0.184137
0.7005,  0.184092
0.7010,  0.180604
0.7015,  0.183569
0.7020,  0.183175
0.7025,  0.180879
0.7030,  0.175997
0.7035,  0.176748
0.7040,  0.176629
0.7045,  0.179596
0.7050,  0.181973
0.7055,  0.180130
0.7060,  0.177995
0.7065,  0.172707
0.7070,  0.170492
0.7075,  0.170068
0.7080,  0.168568
0.7085,  0.165774
0.7090,  0.162048
0.7095,  0.161994
0.7100,  0.160516
0.7105,  0.160953
0.7110,  0.162744
0.7115,  0.163033
0.7120,  0.163252
0.7125,  0.163974
0.7130,  0.164483
0.7135,  0.165879
0.7140,  0.169675
0.7145,  0.175076
0.7150,  0.183219
0.7155,  0.199446
0.7160,  0.228323
0.7165,  0.261717
0.7170,  0.297094
0.7175,  0.326312
0.7180,  0.350530
0.7185,  0.371385
0.7190,  0.381664
0.7195,  0.381509
0.7200,  0.370192
0.7205,  0.345246
0.7210,  0.313868
0.7215,  0.287384
0.7220,  0.282885
0.7225,  0.294686
0.7230,  0.315527
0.7235,  0.335378
0.7240,  0.348365
0.7245,  0.356339
0.7250,  0.359828
0.7255,  0.359781
0.7260,  0.359525
0.7265,  0.359774
0.7270,  0.357045
0.7275,  0.351758
0.7280,  0.347007
0.7285,  0.343405
0.7290,  0.342971
0.7295,  0.345458
0.7300,  0.343491
0.7305,  0.336694
0.7310,  0.327228
0.7315,  0.309574
0.7320,  0.290826
0.7325,  0.271097
0.7330,  0.250906
0.7335,  0.236830
0.7340,  0.223975
0.7345,  0.215949
0.7350,  0.215150
0.7355,  0.215208
0.7360,  0.213391
0.7365,  0.210310
0.7370,  0.209661
0.7375,  0.206792
0.7380,  0.204537
0.7385,  0.202577
0.7390,  0.192578
0.7395,  0.182559
0.7400,  0.175529
0.7405,  0.172437
0.7410,  0.170869
0.7415,  0.176858
0.7420,  0.180410
0.7425,  0.180249
0.7430,  0.179943
0.7435,  0.174541
0.7440,  0.173021
0.7445,  0.172577
0.7450,  0.170567
0.7455,  0.170207
0.7460,  0.167352
0.7465,  0.167090
0.7470,  0.169597
0.7475,  0.168741
0.7480,  0.172048
0.7485,  0.174643
0.7490,  0.175776
0.7495,  0.176936
0.7500,  0.177148
0.7505,  0.181966
0.7510,  0.185101
0.7515,  0.181093
0.7520,  0.179202
0.7525,  0.176713
0.7530,  0.177036
0.7535,  0.177166
0.7540,  0.176544
0.7545,  0.178024
0.7550,  0.178474
0.7555,  0.180194
0.7560,  0.179473
0.7565,  0.178927
0.7570,  0.178828
0.7575,  0.187581
0.7580,  0.212540
0.7585,  0.271608
0.7590,  0.376589
0.7595,  0.525770
0.7600,  0.680443
0.7605,  0.781104
0.7610,  0.799934
0.7615,  0.770098
0.7620,  0.741344
0.7625,  0.723910
0.7630,  0.709001
0.7635,  0.674081
0.7640,  0.631515
0.7645,  0.574123
0.7650,  0.515896
0.7655,  0.456027
0.7660,  0.401695
0.7665,  0.347463
0.7670,  0.298359
0.7675,  0.264530
0.7680,  0.242364
0.7685,  0.229674
0.7690,  0.222105
0.7695,  0.215436
0.7700,  0.206704
0.7705,  0.206058
0.7710,  0.204923
0.7715,  0.201308
0.7720,  0.201967
0.7725,  0.200498
0.7730,  0.199730
0.7735,  0.197275
0.7740,  0.191382
0.7745,  0.189975
0.7750,  0.187260
0.7755,  0.191654
0.7760,  0.193847
0.7765,  0.193432
0.7770,  0.200765
0.7775,  0.202439
0.7780,  0.203147
0.7785,  0.202274
0.7790,  0.196720
0.7795,  0.198906
0.7800,  0.197083
0.7805,  0.194027
0.7810,  0.194418
0.7815,  0.189643
0.7820,  0.189808
0.7825,  0.195530
0.7830,  0.197677
0.7835,  0.199685
0.7840,  0.198003
0.7845,  0.196155
0.7850,  0.201554
0.7855,  0.202111
0.7860,  0.204772
0.7865,  0.209573
0.7870,  0.210521
0.7875,  0.209582
0.7880,  0.216826
0.7885,  0.221249
0.7890,  0.231065
0.7895,  0.234181
0.7900,  0.235700
0.7905,  0.238238
0.7910,  0.235501
0.7915,  0.232357
0.7920,  0.228273
0.7925,  0.223054
0.7930,  0.221825
0.7935,  0.223549
0.7940,  0.226185
0.7945,  0.229721
0.7950,  0.228746
0.7955,  0.235560
0.7960,  0.240161
0.7965,  0.243014
0.7970,  0.247236
0.7975,  0.247591
0.7980,  0.241047
0.7985,  0.242440
0.7990,  0.245473
0.7995,  0.252499
0.8000,  0.261821
0.8005,  0.266898
0.8010,  0.271373
0.8015,  0.270589
0.8020,  0.266899
0.8025,  0.256652
0.8030,  0.250478
0.8035,  0.250496
0.8040,  0.254697
0.8045,  0.257911
0.8050,  0.256418
0.8055,  0.252369
0.8060,  0.253669
0.8065,  0.251604
0.8070,  0.248166
0.8075,  0.241576
0.8080,  0.240976
0.8085,  0.242046
0.8090,  0.247629
0.8095,  0.254354
0.8100,  0.259186
0.8105,  0.272467
0.8110,  0.286917
0.8115,  0.301572
0.8120,  0.323374
0.8125,  0.345565
0.8130,  0.372454
0.8135,  0.395901
0.8140,  0.419676
0.8145,  0.441813
0.8150,  0.467358
0.8155,  0.488148
0.8160,  0.502360
0.8165,  0.512488
0.8170,  0.513927
0.8175,  0.506773
0.8180,  0.499242
0.8185,  0.490672
0.8190,  0.465745
0.8195,  0.445959
0.8200,  0.416343
0.8205,  0.390262
0.8210,  0.392290
0.8215,  0.420595
0.8220,  0.470404
0.8225,  0.508852
0.8230,  0.516760
0.8235,  0.489735
0.8240,  0.445995
0.8245,  0.402173
0.8250,  0.378404
0.8255,  0.375251
0.8260,  0.379945
0.8265,  0.393845
0.8270,  0.401945
0.8275,  0.413012
0.8280,  0.425126
0.8285,  0.428572
0.8290,  0.428511
0.8295,  0.424189
0.8300,  0.415202
0.8305,  0.405403
0.8310,  0.399867
0.8315,  0.393940
0.8320,  0.393884
0.8325,  0.407702
0.8330,  0.400793
0.8335,  0.384056
0.8340,  0.376707
0.8345,  0.371273
0.8350,  0.357205
0.8355,  0.340192
0.8360,  0.322383
0.8365,  0.316268
0.8370,  0.319388
0.8375,  0.321614
0.8380,  0.320620
0.8385,  0.316417
0.8390,  0.313847
0.8395,  0.306974
0.8400,  0.297667
0.8405,  0.290606
0.8410,  0.288944
0.8415,  0.288167
0.8420,  0.291070
0.8425,  0.293949
0.8430,  0.293271
0.8435,  0.284414
0.8440,  0.277607
0.8445,  0.269934
0.8450,  0.258558
0.8455,  0.256633
0.8460,  0.262318
0.8465,  0.259704
0.8470,  0.256910
0.8475,  0.264100
0.8480,  0.283554
0.8485,  0.287627
0.8490,  0.290821
0.8495,  0.295855
0.8500,  0.293040
0.8505,  0.285810
0.8510,  0.274222
0.8515,  0.272091
0.8520,  0.279836
0.8525,  0.270971
0.8530,  0.281896
0.8535,  0.287796
0.8540,  0.281484
0.8545,  0.302516
0.8550,  0.314257
0.8555,  0.318274
0.8560,  0.320135
0.8565,  0.312513
0.8570,  0.310009
0.8575,  0.305775
0.8580,  0.302846
0.8585,  0.299680
0.8590,  0.303056
0.8595,  0.315658
0.8600,  0.320196
0.8605,  0.323282
0.8610,  0.314805
0.8615,  0.306725
0.8620,  0.302245
0.8625,  0.292986
0.8630,  0.284252
0.8635,  0.290596
0.8640,  0.296229
0.8645,  0.297226
0.8650,  0.303392
0.8655,  0.315219
0.8660,  0.316650
0.8665,  0.334661
0.8670,  0.331769
0.8675,  0.324560
0.8680,  0.317776
0.8685,  0.309857
0.8690,  0.307619
0.8695,  0.311930
0.8700,  0.323377
0.8705,  0.331394
0.8710,  0.346802
0.8715,  0.352455
0.8720,  0.356631
0.8725,  0.354115
0.8730,  0.349529
0.8735,  0.350429
0.8740,  0.349988
0.8745,  0.344184
0.8750,  0.344615
0.8755,  0.351960
0.8760,  0.344714
0.8765,  0.343611
0.8770,  0.349724
0.8775,  0.354809
0.8780,  0.361830
0.8785,  0.352958
0.8790,  0.357253
0.8795,  0.357277
0.8800,  0.360803
0.8805,  0.363831
0.8810,  0.368559
0.8815,  0.369821
0.8820,  0.373917
0.8825,  0.374480
0.8830,  0.374436
0.8835,  0.369959
0.8840,  0.364057
0.8845,  0.357613
0.8850,  0.356307
0.8855,  0.372799
0.8860,  0.389526
0.8865,  0.401089
0.8870,  0.414007
0.8875,  0.411277
0.8880,  0.406105
0.8885,  0.399555
0.8890,  0.396586
0.8895,  0.400675
0.8900,  0.404839
