0.3500,  0.135131
0.3505,  0.177228
0.3510,  0.155267
0.3515,  0.136431
0.3520,  0.105973
0.3525,  0.075466
0.3530,  0.098079
0.3535,  0.126187
0.3540,  0.147723
0.3545,  0.168755
0.3550,  0.155895
0.3555,  0.143740
0.3560,  0.119757
0.3565,  0.100388
0.3570,  0.082740
0.3575,  0.056975
0.3580,  0.025615
0.3585,  -0.020474
0.3590,  0.088407
0.3595,  0.183363
0.3600,  0.175857
0.3605,  0.167878
0.3610,  0.138142
0.3615,  0.102634
0.3620,  0.129395
0.3625,  0.161098
0.3630,  0.153379
0.3635,  0.144871
0.3640,  0.133815
0.3645,  0.124872
0.3650,  0.149375
0.3655,  0.170274
0.3660,  0.175726
0.3665,  0.184049
0.3670,  0.165548
0.3675,  0.149083
0.3680,  0.124600
0.3685,  0.102033
0.3690,  0.134448
0.3695,  0.164131
0.3700,  0.140242
0.3705,  0.114661
0.3710,  0.126080
0.3715,  0.143557
0.3720,  0.126683
0.3725,  0.111879
0.3730,  0.093602
0.3735,  0.070132
0.3740,  0.079518
0.3745,  0.077729
0.3750,  0.126296
0.3755,  0.169794
0.3760,  0.166764
0.3765,  0.152544
0.3770,  0.182422
0.3775,  0.214618
0.3780,  0.211882
0.3785,  0.216075
0.3790,  0.148149
0.3795,  0.071202
0.3800,  0.110505
0.3805,  0.154567
0.3810,  0.138885
0.3815,  0.130712
0.3820,  0.074456
0.3825,  0.005169
0.3830,  -0.010016
0.3835,  -0.039989
0.3840,  0.074018
0.3845,  0.160715
0.3850,  0.164319
0.3855,  0.169147
0.3860,  0.158950
0.3865,  0.152326
0.3870,  0.151061
0.3875,  0.146895
0.3880,  0.137399
0.3885,  0.123525
0.3890,  0.168138
0.3895,  0.202330
0.3900,  0.195841
0.3905,  0.191749
0.3910,  0.200858
0.3915,  0.219138
0.3920,  0.152018
0.3925,  0.083667
0.3930,  -0.032927
0.3935,  -0.196754
0.3940,  0.012401
0.3945,  0.155511
0.3950,  0.225627
0.3955,  0.292530
0.3960,  0.178218
0.3965,  0.033323
0.3970,  0.044942
0.3975,  0.036679
0.3980,  0.165521
0.3985,  0.255409
0.3990,  0.242653
0.3995,  0.237137
0.4000,  0.214548
0.4005,  0.195799
0.4010,  0.188864
0.4015,  0.185430
0.4020,  0.174891
0.4025,  0.171186
0.4030,  0.156136
0.4035,  0.137162
0.4040,  0.131460
0.4045,  0.129814
0.4050,  0.129428
0.4055,  0.129675
0.4060,  0.117363
0.4065,  0.104115
0.4070,  0.111752
0.4075,  0.118153
0.4080,  0.138108
0.4085,  0.159847
0.4090,  0.157894
0.4095,  0.156853
0.4100,  0.127462
0.4105,  0.090633
0.4110,  0.136876
0.4115,  0.179079
0.4120,  0.165768
0.4125,  0.152704
0.4130,  0.142702
0.4135,  0.135087
0.4140,  0.131401
0.4145,  0.127007
0.4150,  0.124776
0.4155,  0.122532
0.4160,  0.139859
0.4165,  0.159154
0.4170,  0.135039
0.4175,  0.107083
0.4180,  0.111608
0.4185,  0.115975
0.4190,  0.118825
0.4195,  0.116639
0.4200,  0.124778
0.4205,  0.138279
0.4210,  0.144134
0.4215,  0.151471
0.4220,  0.116067
0.4225,  0.079782
0.4230,  0.105438
0.4235,  0.129058
0.4240,  0.137395
0.4245,  0.151349
0.4250,  0.143956
0.4255,  0.133112
0.4260,  0.135149
0.4265,  0.138764
0.4270,  0.113377
0.4275,  0.090153
0.4280,  0.097695
0.4285,  0.107911
0.4290,  0.098065
0.4295,  0.091364
0.4300,  0.034300
0.4305,  -0.034234
0.4310,  0.102726
0.4315,  0.204947
0.4320,  0.181436
0.4325,  0.157371
0.4330,  0.158363
0.4335,  0.160012
0.4340,  0.138664
0.4345,  0.119487
0.4350,  0.119560
0.4355,  0.119669
0.4360,  0.147530
0.4365,  0.176957
0.4370,  0.155971
0.4375,  0.138093
0.4380,  0.104844
0.4385,  0.066762
0.4390,  0.116414
0.4395,  0.157974
0.4400,  0.134647
0.4405,  0.109409
0.4410,  0.138698
0.4415,  0.163148
0.4420,  0.161620
0.4425,  0.161438
0.4430,  0.144269
0.4435,  0.129642
0.4440,  0.138496
0.4445,  0.150200
0.4450,  0.129355
0.4455,  0.105520
0.4460,  0.117201
0.4465,  0.123957
0.4470,  0.146175
0.4475,  0.168990
0.4480,  0.148677
0.4485,  0.125887
0.4490,  0.124763
0.4495,  0.125168
0.4500,  0.137425
0.4505,  0.150852
0.4510,  0.144876
0.4515,  0.142214
0.4520,  0.122690
0.4525,  0.101770
0.4530,  0.110369
0.4535,  0.116825
0.4540,  0.122634
0.4545,  0.124619
0.4550,  0.130456
0.4555,  0.137552
0.4560,  0.138251
0.4565,  0.139062
0.4570,  0.138544
0.4575,  0.140347
0.4580,  0.121456
0.4585,  0.103681
0.4590,  0.113705
0.4595,  0.121365
0.4600,  0.126337
0.4605,  0.131231
0.4610,  0.133349
0.4615,  0.133155
0.4620,  0.137757
0.4625,  0.142604
0.4630,  0.131735
0.4635,  0.124334
0.4640,  0.118652
0.4645,  0.112883
0.4650,  0.127141
0.4655,  0.143421
0.4660,  0.130149
0.4665,  0.115695
0.4670,  0.134299
0.4675,  0.146697
0.4680,  0.142796
0.4685,  0.135370
0.4690,  0.136282
0.4695,  0.137406
0.4700,  0.124822
0.4705,  0.107789
0.4710,  0.127870
0.4715,  0.148550
0.4720,  0.147670
0.4725,  0.148907
0.4730,  0.140738
0.4735,  0.132269
0.4740,  0.138938
0.4745,  0.148234
0.4750,  0.144804
0.4755,  0.139770
0.4760,  0.131132
0.4765,  0.123238
0.4770,  0.142373
0.4775,  0.157193
0.4780,  0.142473
0.4785,  0.129731
0.4790,  0.139471
0.4795,  0.148238
0.4800,  0.141831
0.4805,  0.137614
0.4810,  0.147058
0.4815,  0.154063
0.4820,  0.146265
0.4825,  0.141671
0.4830,  0.143424
0.4835,  0.146365
0.4840,  0.144204
0.4845,  0.144709
0.4850,  0.135602
0.4855,  0.128061
0.4860,  0.104557
0.4865,  0.072545
0.4870,  0.109590
0.4875,  0.140184
0.4880,  0.148065
0.4885,  0.155002
0.4890,  0.154877
0.4895,  0.154294
0.4900,  0.156202
0.4905,  0.161616
0.4910,  0.145628
0.4915,  0.129776
0.4920,  0.130590
0.4925,  0.129572
0.4930,  0.126282
0.4935,  0.120362
0.4940,  0.142213
0.4945,  0.164507
0.4950,  0.141781
0.4955,  0.119613
0.4960,  0.133370
0.4965,  0.147758
0.4970,  0.150022
0.4975,  0.152644
0.4980,  0.130648
0.4985,  0.107467
0.4990,  0.126318
0.4995,  0.144572
0.5000,  0.129610
0.5005,  0.114831
0.5010,  0.111196
0.5015,  0.105364
0.5020,  0.119676
0.5025,  0.133018
0.5030,  0.139848
0.5035,  0.145529
0.5040,  0.134677
0.5045,  0.121190
0.5050,  0.135585
0.5055,  0.150566
0.5060,  0.142746
0.5065,  0.137145
0.5070,  0.129892
0.5075,  0.122117
0.5080,  0.124930
0.5085,  0.126937
0.5090,  0.126504
0.5095,  0.125871
0.5100,  0.130072
0.5105,  0.133438
0.5110,  0.139761
0.5115,  0.145843
0.5120,  0.126394
0.5125,  0.109317
0.5130,  0.113001
0.5135,  0.113907
0.5140,  0.118319
0.5145,  0.122326
0.5150,  0.127775
0.5155,  0.138762
0.5160,  0.112269
0.5165,  0.084329
0.5170,  0.104328
0.5175,  0.120064
0.5180,  0.107186
0.5185,  0.088819
0.5190,  0.112631
0.5195,  0.135334
0.5200,  0.128234
0.5205,  0.121756
0.5210,  0.130379
0.5215,  0.138887
0.5220,  0.123382
0.5225,  0.107835
0.5230,  0.117630
0.5235,  0.124599
0.5240,  0.130924
0.5245,  0.139640
0.5250,  0.138159
0.5255,  0.139067
0.5260,  0.104697
0.5265,  0.065868
0.5270,  0.095492
0.5275,  0.118300
0.5280,  0.123240
0.5285,  0.127214
0.5290,  0.122942
0.5295,  0.119760
0.5300,  0.121860
0.5305,  0.125829
0.5310,  0.128180
0.5315,  0.134090
0.5320,  0.108795
0.5325,  0.080606
0.5330,  0.109177
0.5335,  0.133892
0.5340,  0.120390
0.5345,  0.105723
0.5350,  0.123118
0.5355,  0.141908
0.5360,  0.124834
0.5365,  0.107468
0.5370,  0.110655
0.5375,  0.114077
0.5380,  0.119220
0.5385,  0.126503
0.5390,  0.119100
0.5395,  0.110814
0.5400,  0.103343
0.5405,  0.093848
0.5410,  0.111565
0.5415,  0.127595
0.5420,  0.116555
0.5425,  0.105482
0.5430,  0.112761
0.5435,  0.119296
0.5440,  0.117797
0.5445,  0.117781
0.5450,  0.122652
0.5455,  0.126836
0.5460,  0.124052
0.5465,  0.121009
0.5470,  0.114358
0.5475,  0.106801
0.5480,  0.110978
0.5485,  0.113833
0.5490,  0.116887
0.5495,  0.120851
0.5500,  0.115234
0.5505,  0.111570
0.5510,  0.115363
0.5515,  0.118112
0.5520,  0.114938
0.5525,  0.110786
0.5530,  0.116313
0.5535,  0.121263
0.5540,  0.123090
0.5545,  0.124389
0.5550,  0.124233
0.5555,  0.124738
0.5560,  0.114271
0.5565,  0.105548
0.5570,  0.113049
0.5575,  0.120777
0.5580,  0.114441
0.5585,  0.107620
0.5590,  0.110938
0.5595,  0.114477
0.5600,  0.118835
0.5605,  0.123017
0.5610,  0.119359
0.5615,  0.115879
0.5620,  0.119210
0.5625,  0.123087
0.5630,  0.124768
0.5635,  0.125966
0.5640,  0.125652
0.5645,  0.126102
0.5650,  0.118490
0.5655,  0.111606
0.5660,  0.117327
0.5665,  0.122377
0.5670,  0.132303
0.5675,  0.143093
0.5680,  0.132547
0.5685,  0.122324
0.5690,  0.132386
0.5695,  0.141462
0.5700,  0.128063
0.5705,  0.112205
0.5710,  0.118441
0.5715,  0.122485
0.5720,  0.128140
0.5725,  0.136576
0.5730,  0.133945
0.5735,  0.132157
0.5740,  0.130595
0.5745,  0.129599
0.5750,  0.124293
0.5755,  0.116462
0.5760,  0.117649
0.5765,  0.120523
0.5770,  0.124076
0.5775,  0.127342
0.5780,  0.115801
0.5785,  0.103441
0.5790,  0.110782
0.5795,  0.115859
0.5800,  0.115684
0.5805,  0.115348
0.5810,  0.115468
0.5815,  0.117168
0.5820,  0.118517
0.5825,  0.119442
0.5830,  0.115435
0.5835,  0.113995
0.5840,  0.114420
0.5845,  0.118955
0.5850,  0.111135
0.5855,  0.102092
0.5860,  0.112905
0.5865,  0.124717
0.5870,  0.133394
0.5875,  0.146227
0.5880,  0.144258
0.5885,  0.139222
0.5890,  0.121839
0.5895,  0.096899
0.5900,  0.132059
0.5905,  0.163574
0.5910,  0.155320
0.5915,  0.146962
0.5920,  0.146607
0.5925,  0.147003
0.5930,  0.143037
0.5935,  0.142825
0.5940,  0.140936
0.5945,  0.138530
0.5950,  0.139659
0.5955,  0.138950
0.5960,  0.139886
0.5965,  0.140913
0.5970,  0.134472
0.5975,  0.127816
0.5980,  0.121922
0.5985,  0.117218
0.5990,  0.122133
0.5995,  0.127428
0.6000,  0.125329
0.6005,  0.124017
0.6010,  0.125250
0.6015,  0.123098
0.6020,  0.112905
0.6025,  0.102891
0.6030,  0.111949
0.6035,  0.121987
0.6040,  0.119849
0.6045,  0.119472
0.6050,  0.119276
0.6055,  0.118740
0.6060,  0.118697
0.6065,  0.118317
0.6070,  0.119053
0.6075,  0.120514
0.6080,  0.122178
0.6085,  0.123025
0.6090,  0.124540
0.6095,  0.124391
0.6100,  0.116091
0.6105,  0.107837
0.6110,  0.114743
0.6115,  0.122869
0.6120,  0.117488
0.6125,  0.112859
0.6130,  0.111967
0.6135,  0.111409
0.6140,  0.118641
0.6145,  0.127475
0.6150,  0.130624
0.6155,  0.132780
0.6160,  0.114018
0.6165,  0.091051
0.6170,  0.106761
0.6175,  0.124382
0.6180,  0.127304
0.6185,  0.130558
0.6190,  0.127897
0.6195,  0.124029
0.6200,  0.128375
0.6205,  0.133164
0.6210,  0.125824
0.6215,  0.118682
0.6220,  0.124282
0.6225,  0.131604
0.6230,  0.125835
0.6235,  0.121623
0.6240,  0.125050
0.6245,  0.126104
0.6250,  0.121912
0.6255,  0.116000
0.6260,  0.126906
0.6265,  0.138854
0.6270,  0.141384
0.6275,  0.142538
0.6280,  0.145132
0.6285,  0.147839
0.6290,  0.148154
0.6295,  0.148418
0.6300,  0.144248
0.6305,  0.138044
0.6310,  0.131237
0.6315,  0.128737
0.6320,  0.126412
0.6325,  0.126663
0.6330,  0.127938
0.6335,  0.129797
0.6340,  0.131042
0.6345,  0.133162
0.6350,  0.134975
0.6355,  0.133825
0.6360,  0.130879
0.6365,  0.126316
0.6370,  0.122647
0.6375,  0.119863
0.6380,  0.119805
0.6385,  0.121564
0.6390,  0.125460
0.6395,  0.126906
0.6400,  0.126307
0.6405,  0.125636
0.6410,  0.122935
0.6415,  0.123180
0.6420,  0.121414
0.6425,  0.118020
0.6430,  0.116179
0.6435,  0.116389
0.6440,  0.118583
0.6445,  0.123188
0.6450,  0.131340
0.6455,  0.136722
0.6460,  0.140699
0.6465,  0.143764
0.6470,  0.144492
0.6475,  0.144466
0.6480,  0.143784
0.6485,  0.140192
0.6490,  0.135696
0.6495,  0.136390
0.6500,  0.137669
0.6505,  0.142087
0.6510,  0.147602
0.6515,  0.146274
0.6520,  0.143925
0.6525,  0.139819
0.6530,  0.136689
0.6535,  0.131381
0.6540,  0.130177
0.6545,  0.135310
0.6550,  0.145521
0.6555,  0.144599
0.6560,  0.135095
0.6565,  0.113363
0.6570,  0.084723
0.6575,  0.090489
0.6580,  0.097556
0.6585,  0.106612
0.6590,  0.116373
0.6595,  0.111994
0.6600,  0.110064
0.6605,  0.108300
0.6610,  0.109072
0.6615,  0.108014
0.6620,  0.105254
0.6625,  0.105422
0.6630,  0.104095
0.6635,  0.106057
0.6640,  0.106575
0.6645,  0.109006
0.6650,  0.111753
0.6655,  0.109339
0.6660,  0.106033
0.6665,  0.104170
0.6670,  0.101934
0.6675,  0.102999
0.6680,  0.102457
0.6685,  0.104141
0.6690,  0.106964
0.6695,  0.104554
0.6700,  0.102181
0.6705,  0.100930
0.6710,  0.100978
0.6715,  0.102861
0.6720,  0.103905
0.6725,  0.106318
0.6730,  0.105467
0.6735,  0.103386
0.6740,  0.103088
0.6745,  0.102579
0.6750,  0.099338
0.6755,  0.097167
0.6760,  0.096723
0.6765,  0.100098
0.6770,  0.101280
0.6775,  0.101182
0.6780,  0.102139
0.6785,  0.102465
0.6790,  0.100305
0.6795,  0.099871
0.6800,  0.099700
0.6805,  0.101162
0.6810,  0.103534
0.6815,  0.103547
0.6820,  0.104577
0.6825,  0.103573
0.6830,  0.103854
0.6835,  0.104564
0.6840,  0.102842
0.6845,  0.103225
0.6850,  0.108099
0.6855,  0.126403
0.6860,  0.153560
0.6865,  0.181923
0.6870,  0.200790
0.6875,  0.205491
0.6880,  0.203947
0.6885,  0.199809
0.6890,  0.194142
0.6895,  0.184494
0.6900,  0.176289
0.6905,  0.172267
0.6910,  0.168753
0.6915,  0.168026
0.6920,  0.167950
0.6925,  0.170498
0.6930,  0.175634
0.6935,  0.179152
0.6940,  0.181151
0.6945,  0.178521
0.6950,  0.171672
0.6955,  0.161388
0.6960,  0.151518
0.6965,  0.144530
0.6970,  0.140176
0.6975,  0.143802
0.6980,  0.148993
0.6985,  0.156325
0.6990,  0.163923
0.6995,  0.167523
0.7000,  0.165266
0.7005,  0.165112
0.7010,  0.160458
0.7015,  0.158667
0.7020,  0.154839
0.7025,  0.151376
0.7030,  0.146887
0.7035,  0.146088
0.7040,  0.147188
0.7045,  0.149064
0.7050,  0.152072
0.7055,  0.149291
0.7060,  0.147951
0.7065,  0.149383
0.7070,  0.148823
0.7075,  0.146272
0.7080,  0.141608
0.7085,  0.137552
0.7090,  0.132725
0.7095,  0.130909
0.7100,  0.128981
0.7105,  0.130369
0.7110,  0.133844
0.7115,  0.136268
0.7120,  0.135398
0.7125,  0.136572
0.7130,  0.136785
0.7135,  0.140518
0.7140,  0.144430
0.7145,  0.146542
0.7150,  0.154315
0.7155,  0.169984
0.7160,  0.193239
0.7165,  0.222155
0.7170,  0.253636
0.7175,  0.281038
0.7180,  0.309950
0.7185,  0.331149
0.7190,  0.340729
0.7195,  0.338719
0.7200,  0.320224
0.7205,  0.291064
0.7210,  0.264188
0.7215,  0.242179
0.7220,  0.235887
0.7225,  0.245129
0.7230,  0.262422
0.7235,  0.279981
0.7240,  0.295648
0.7245,  0.306011
0.7250,  0.308325
0.7255,  0.307871
0.7260,  0.309417
0.7265,  0.310878
0.7270,  0.307407
0.7275,  0.298576
0.7280,  0.288510
0.7285,  0.279140
0.7290,  0.271248
0.7295,  0.268488
0.7300,  0.264005
0.7305,  0.259639
0.7310,  0.254191
0.7315,  0.243315
0.7320,  0.229872
0.7325,  0.213654
0.7330,  0.196306
0.7335,  0.183204
0.7340,  0.173072
0.7345,  0.169135
0.7350,  0.170817
0.7355,  0.175837
0.7360,  0.175839
0.7365,  0.175465
0.7370,  0.171159
0.7375,  0.162955
0.7380,  0.159399
0.7385,  0.159801
0.7390,  0.152099
0.7395,  0.147595
0.7400,  0.140411
0.7405,  0.131329
0.7410,  0.124103
0.7415,  0.121715
0.7420,  0.124437
0.7425,  0.127958
0.7430,  0.129555
0.7435,  0.126496
0.7440,  0.127375
0.7445,  0.130365
0.7450,  0.130543
0.7455,  0.128811
0.7460,  0.124628
0.7465,  0.119202
0.7470,  0.114902
0.7475,  0.110042
0.7480,  0.108188
0.7485,  0.108798
0.7490,  0.111258
0.7495,  0.118703
0.7500,  0.122631
0.7505,  0.123937
0.7510,  0.123604
0.7515,  0.122472
0.7520,  0.120161
0.7525,  0.115144
0.7530,  0.108935
0.7535,  0.107594
0.7540,  0.109424
0.7545,  0.111789
0.7550,  0.110847
0.7555,  0.113028
0.7560,  0.116095
0.7565,  0.113504
0.7570,  0.116118
0.7575,  0.125557
0.7580,  0.148349
0.7585,  0.195491
0.7590,  0.277469
0.7595,  0.393589
0.7600,  0.501395
0.7605,  0.563566
0.7610,  0.574424
0.7615,  0.556940
0.7620,  0.544884
0.7625,  0.542486
0.7630,  0.534579
0.7635,  0.505026
0.7640,  0.459930
0.7645,  0.415296
0.7650,  0.365674
0.7655,  0.312383
0.7660,  0.267027
0.7665,  0.228541
0.7670,  0.193993
0.7675,  0.173945
0.7680,  0.160980
0.7685,  0.150768
0.7690,  0.146477
0.7695,  0.141014
0.7700,  0.135575
0.7705,  0.130192
0.7710,  0.124312
0.7715,  0.120984
0.7720,  0.117043
0.7725,  0.113533
0.7730,  0.114796
0.7735,  0.113464
0.7740,  0.113193
0.7745,  0.113400
0.7750,  0.114232
0.7755,  0.116651
0.7760,  0.115837
0.7765,  0.114743
0.7770,  0.114300
0.7775,  0.111559
0.7780,  0.109384
0.7785,  0.106953
0.7790,  0.105032
0.7795,  0.105649
0.7800,  0.111688
0.7805,  0.114132
0.7810,  0.115715
0.7815,  0.115279
0.7820,  0.116167
0.7825,  0.116807
0.7830,  0.118788
0.7835,  0.118763
0.7840,  0.116577
0.7845,  0.115157
0.7850,  0.114736
0.7855,  0.117186
0.7860,  0.125612
0.7865,  0.134973
0.7870,  0.140630
0.7875,  0.146522
0.7880,  0.152279
0.7885,  0.153821
0.7890,  0.157305
0.7895,  0.154260
0.7900,  0.144001
0.7905,  0.141321
0.7910,  0.140571
0.7915,  0.141996
0.7920,  0.145735
0.7925,  0.149535
0.7930,  0.152461
0.7935,  0.152224
0.7940,  0.144145
0.7945,  0.139134
0.7950,  0.139487
0.7955,  0.145938
0.7960,  0.148923
0.7965,  0.146289
0.7970,  0.145698
0.7975,  0.143834
0.7980,  0.135570
0.7985,  0.130609
0.7990,  0.126786
0.7995,  0.133495
0.8000,  0.145824
0.8005,  0.150821
0.8010,  0.150983
0.8015,  0.147759
0.8020,  0.149041
0.8025,  0.141785
0.8030,  0.136500
0.8035,  0.137869
0.8040,  0.140721
0.8045,  0.143560
0.8050,  0.140987
0.8055,  0.136327
0.8060,  0.140163
0.8065,  0.142464
0.8070,  0.141571
0.8075,  0.136715
0.8080,  0.134359
0.8085,  0.135216
0.8090,  0.132307
0.8095,  0.135333
0.8100,  0.150099
0.8105,  0.163383
0.8110,  0.175911
0.8115,  0.193193
0.8120,  0.214553
0.8125,  0.234646
0.8130,  0.250888
0.8135,  0.268862
0.8140,  0.283472
0.8145,  0.298618
0.8150,  0.316665
0.8155,  0.328398
0.8160,  0.338021
0.8165,  0.349018
0.8170,  0.350479
0.8175,  0.346265
0.8180,  0.339298
0.8185,  0.331551
0.8190,  0.300835
0.8195,  0.271602
0.8200,  0.247398
0.8205,  0.233606
0.8210,  0.240215
0.8215,  0.267796
0.8220,  0.308867
0.8225,  0.335217
0.8230,  0.338872
0.8235,  0.322001
0.8240,  0.286375
0.8245,  0.259671
0.8250,  0.243078
0.8255,  0.229614
0.8260,  0.225583
0.8265,  0.230709
0.8270,  0.242846
0.8275,  0.254112
0.8280,  0.267143
0.8285,  0.265694
0.8290,  0.265702
0.8295,  0.261875
0.8300,  0.256747
0.8305,  0.252333
0.8310,  0.248875
0.8315,  0.240229
0.8320,  0.230811
0.8325,  0.211851
0.8330,  0.199015
0.8335,  0.194356
0.8340,  0.192244
0.8345,  0.194562
0.8350,  0.200647
0.8355,  0.198402
0.8360,  0.194693
0.8365,  0.189246
0.8370,  0.176552
0.8375,  0.160559
0.8380,  0.150969
0.8385,  0.147124
0.8390,  0.147693
0.8395,  0.146389
0.8400,  0.150944
0.8405,  0.155284
0.8410,  0.153774
0.8415,  0.146759
0.8420,  0.138361
0.8425,  0.134073
0.8430,  0.127642
0.8435,  0.123027
0.8440,  0.118320
0.8445,  0.115453
0.8450,  0.114077
0.8455,  0.112579
0.8460,  0.113702
0.8465,  0.117883
0.8470,  0.129459
0.8475,  0.135107
0.8480,  0.137711
0.8485,  0.124994
0.8490,  0.111638
0.8495,  0.106831
0.8500,  0.102325
0.8505,  0.106255
0.8510,  0.109064
0.8515,  0.116838
0.8520,  0.130273
0.8525,  0.130469
0.8530,  0.129736
0.8535,  0.134712
0.8540,  0.120259
0.8545,  0.128397
0.8550,  0.126817
0.8555,  0.121990
0.8560,  0.124616
0.8565,  0.115682
0.8570,  0.111648
0.8575,  0.115279
0.8580,  0.128084
0.8585,  0.126373
0.8590,  0.122600
0.8595,  0.120272
0.8600,  0.113915
0.8605,  0.113072
0.8610,  0.111327
0.8615,  0.110252
0.8620,  0.107684
0.8625,  0.106411
0.8630,  0.114770
0.8635,  0.127613
0.8640,  0.135572
0.8645,  0.127746
0.8650,  0.127773
0.8655,  0.121505
0.8660,  0.100011
0.8665,  0.095507
0.8670,  0.095279
0.8675,  0.095719
0.8680,  0.093943
0.8685,  0.091888
0.8690,  0.102863
0.8695,  0.117883
0.8700,  0.127533
0.8705,  0.127553
0.8710,  0.129076
0.8715,  0.135652
0.8720,  0.138583
0.8725,  0.131637
0.8730,  0.129681
0.8735,  0.119350
0.8740,  0.117504
0.8745,  0.117412
0.8750,  0.123529
0.8755,  0.128923
0.8760,  0.128668
0.8765,  0.132449
0.8770,  0.127519
0.8775,  0.128382
0.8780,  0.125144
0.8785,  0.132506
0.8790,  0.135028
0.8795,  0.138409
0.8800,  0.128105
0.8805,  0.130340
0.8810,  0.128642
0.8815,  0.126505
0.8820,  0.123781
0.8825,  0.127248
0.8830,  0.130864
0.8835,  0.120544
0.8840,  0.110642
0.8845,  0.109729
0.8850,  0.104447
0.8855,  0.105784
0.8860,  0.116478
0.8865,  0.123800
0.8870,  0.136101
0.8875,  0.150497
0.8880,  0.152656
0.8885,  0.153806
0.8890,  0.150697
0.8895,  0.145941
0.8900,  0.146195
