0.3500,  -0.018212
0.3505,  0.030931
0.3510,  0.009611
0.3515,  -0.018864
0.3520,  -0.049124
0.3525,  -0.079279
0.3530,  -0.041176
0.3535,  -0.007486
0.3540,  0.008270
0.3545,  0.027643
0.3550,  0.007388
0.3555,  -0.006604
0.3560,  -0.036016
0.3565,  -0.061481
0.3570,  -0.084288
0.3575,  -0.109736
0.3580,  -0.135971
0.3585,  -0.179778
0.3590,  -0.056009
0.3595,  0.046534
0.3600,  0.031748
0.3605,  0.021833
0.3610,  -0.016597
0.3615,  -0.062972
0.3620,  -0.029324
0.3625,  0.002378
0.3630,  -0.007697
0.3635,  -0.017399
0.3640,  -0.023970
0.3645,  -0.032188
0.3650,  -0.002255
0.3655,  0.025475
0.3660,  0.038635
0.3665,  0.051295
0.3670,  0.032734
0.3675,  0.015646
0.3680,  -0.011014
0.3685,  -0.040618
0.3690,  -0.005277
0.3695,  0.030874
0.3700,  0.009784
0.3705,  -0.015898
0.3710,  -0.004263
0.3715,  0.013435
0.3720,  -0.007814
0.3725,  -0.028010
0.3730,  -0.051311
0.3735,  -0.078791
0.3740,  -0.069379
0.3745,  -0.067377
0.3750,  -0.008943
0.3755,  0.040026
0.3760,  0.031685
0.3765,  0.015326
0.3770,  0.050147
0.3775,  0.082851
0.3780,  0.078645
0.3785,  0.082361
0.3790,  0.012567
0.3795,  -0.062015
0.3800,  -0.015054
0.3805,  0.032694
0.3810,  0.012412
0.3815,  0.000742
0.3820,  -0.061615
0.3825,  -0.141433
0.3830,  -0.164409
0.3835,  -0.201552
0.3840,  -0.078382
0.3845,  0.015480
0.3850,  0.022750
0.3855,  0.033674
0.3860,  0.025614
0.3865,  0.018978
0.3870,  0.017853
0.3875,  0.015304
0.3880,  0.001761
0.3885,  -0.014522
0.3890,  0.032199
0.3895,  0.069523
0.3900,  0.070138
0.3905,  0.068982
0.3910,  0.078431
0.3915,  0.100272
0.3920,  0.029654
0.3925,  -0.042128
0.3930,  -0.173062
0.3935,  -0.363387
0.3940,  -0.144081
0.3945,  0.012286
0.3950,  0.093392
0.3955,  0.169838
0.3960,  0.047174
0.3965,  -0.108887
0.3970,  -0.093979
0.3975,  -0.096588
0.3980,  0.046663
0.3985,  0.146365
0.3990,  0.134026
0.3995,  0.127805
0.4000,  0.104143
0.4005,  0.082747
0.4010,  0.073931
0.4015,  0.070442
0.4020,  0.060766
0.4025,  0.056806
0.4030,  0.042178
0.4035,  0.027828
0.4040,  0.025142
0.4045,  0.023737
0.4050,  0.022235
0.4055,  0.020791
0.4060,  0.006290
0.4065,  -0.005891
0.4070,  0.005702
0.4075,  0.014130
0.4080,  0.034849
0.4085,  0.055693
0.4090,  0.053324
0.4095,  0.051456
0.4100,  0.015810
0.4105,  -0.025620
0.4110,  0.026275
0.4115,  0.073587
0.4120,  0.062422
0.4125,  0.050118
0.4130,  0.040316
0.4135,  0.031987
0.4140,  0.026215
0.4145,  0.020571
0.4150,  0.019135
0.4155,  0.017134
0.4160,  0.035638
0.4165,  0.056714
0.4170,  0.028165
0.4175,  -0.005247
0.4180,  0.000343
0.4185,  0.006676
0.4190,  0.010625
0.4195,  0.011897
0.4200,  0.021687
0.4205,  0.031451
0.4210,  0.037519
0.4215,  0.046259
0.4220,  0.010078
0.4225,  -0.029213
0.4230,  0.000278
0.4235,  0.027869
0.4240,  0.036471
0.4245,  0.046676
0.4250,  0.037090
0.4255,  0.024005
0.4260,  0.026300
0.4265,  0.032331
0.4270,  0.007519
0.4275,  -0.015975
0.4280,  -0.005747
0.4285,  0.006245
0.4290,  -0.002059
0.4295,  -0.007529
0.4300,  -0.069430
0.4305,  -0.149069
0.4310,  -0.003985
0.4315,  0.102577
0.4320,  0.076505
0.4325,  0.050887
0.4330,  0.053393
0.4335,  0.059491
0.4340,  0.039741
0.4345,  0.019658
0.4350,  0.020169
0.4355,  0.020522
0.4360,  0.053220
0.4365,  0.085570
0.4370,  0.063437
0.4375,  0.045426
0.4380,  0.007220
0.4385,  -0.036464
0.4390,  0.016967
0.4395,  0.063598
0.4400,  0.039794
0.4405,  0.010983
0.4410,  0.042301
0.4415,  0.070234
0.4420,  0.070677
0.4425,  0.072553
0.4430,  0.056782
0.4435,  0.041850
0.4440,  0.050624
0.4445,  0.061211
0.4450,  0.037812
0.4455,  0.011152
0.4460,  0.020741
0.4465,  0.028163
0.4470,  0.052910
0.4475,  0.076505
0.4480,  0.055277
0.4485,  0.035027
0.4490,  0.039810
0.4495,  0.042616
0.4500,  0.055405
0.4505,  0.067681
0.4510,  0.061433
0.4515,  0.056701
0.4520,  0.034831
0.4525,  0.012883
0.4530,  0.020522
0.4535,  0.026791
0.4540,  0.032114
0.4545,  0.034604
0.4550,  0.041842
0.4555,  0.048820
0.4560,  0.051310
0.4565,  0.053674
0.4570,  0.055019
0.4575,  0.059636
0.4580,  0.041998
0.4585,  0.024868
0.4590,  0.033760
0.4595,  0.039521
0.4600,  0.043112
0.4605,  0.046576
0.4610,  0.047043
0.4615,  0.046365
0.4620,  0.052420
0.4625,  0.060104
0.4630,  0.050129
0.4635,  0.042661
0.4640,  0.036856
0.4645,  0.031292
0.4650,  0.049202
0.4655,  0.066253
0.4660,  0.048162
0.4665,  0.030048
0.4670,  0.049008
0.4675,  0.063245
0.4680,  0.058162
0.4685,  0.055816
0.4690,  0.057020
0.4695,  0.059854
0.4700,  0.045489
0.4705,  0.026705
0.4710,  0.051761
0.4715,  0.077144
0.4720,  0.079070
0.4725,  0.080689
0.4730,  0.072193
0.4735,  0.062516
0.4740,  0.069294
0.4745,  0.077650
0.4750,  0.072239
0.4755,  0.067120
0.4760,  0.056437
0.4765,  0.045462
0.4770,  0.064258
0.4775,  0.082144
0.4780,  0.069255
0.4785,  0.057066
0.4790,  0.068666
0.4795,  0.079610
0.4800,  0.070648
0.4805,  0.064114
0.4810,  0.074050
0.4815,  0.082824
0.4820,  0.072277
0.4825,  0.065210
0.4830,  0.067611
0.4835,  0.070931
0.4840,  0.069916
0.4845,  0.073681
0.4850,  0.065131
0.4855,  0.056796
0.4860,  0.031823
0.4865,  -0.002501
0.4870,  0.037812
0.4875,  0.071570
0.4880,  0.080042
0.4885,  0.085537
0.4890,  0.083992
0.4895,  0.084747
0.4900,  0.087545
0.4905,  0.094023
0.4910,  0.077103
0.4915,  0.060590
0.4920,  0.062686
0.4925,  0.062202
0.4930,  0.058048
0.4935,  0.053076
0.4940,  0.077465
0.4945,  0.101971
0.4950,  0.077242
0.4955,  0.053099
0.4960,  0.067633
0.4965,  0.082152
0.4970,  0.084976
0.4975,  0.088864
0.4980,  0.065887
0.4985,  0.041177
0.4990,  0.062445
0.4995,  0.084112
0.5000,  0.069314
0.5005,  0.053701
0.5010,  0.050177
0.5015,  0.043940
0.5020,  0.058304
0.5025,  0.071998
0.5030,  0.078705
0.5035,  0.083024
0.5040,  0.069210
0.5045,  0.053562
0.5050,  0.069614
0.5055,  0.086902
0.5060,  0.079246
0.5065,  0.073363
0.5070,  0.066178
0.5075,  0.059246
0.5080,  0.062283
0.5085,  0.063257
0.5090,  0.062140
0.5095,  0.061119
0.5100,  0.064718
0.5105,  0.068701
0.5110,  0.077259
0.5115,  0.085853
0.5120,  0.065384
0.5125,  0.047062
0.5130,  0.051167
0.5135,  0.052654
0.5140,  0.058053
0.5145,  0.062438
0.5150,  0.070315
0.5155,  0.082823
0.5160,  0.053442
0.5165,  0.021643
0.5170,  0.042207
0.5175,  0.058899
0.5180,  0.045228
0.5185,  0.025670
0.5190,  0.052513
0.5195,  0.077335
0.5200,  0.070663
0.5205,  0.064577
0.5210,  0.073345
0.5215,  0.084071
0.5220,  0.068149
0.5225,  0.050840
0.5230,  0.060250
0.5235,  0.067677
0.5240,  0.074660
0.5245,  0.083843
0.5250,  0.082327
0.5255,  0.084362
0.5260,  0.046928
0.5265,  0.005109
0.5270,  0.035765
0.5275,  0.059107
0.5280,  0.063939
0.5285,  0.069208
0.5290,  0.067842
0.5295,  0.066128
0.5300,  0.067919
0.5305,  0.070978
0.5310,  0.073014
0.5315,  0.078039
0.5320,  0.049660
0.5325,  0.018371
0.5330,  0.048281
0.5335,  0.075650
0.5340,  0.062899
0.5345,  0.048655
0.5350,  0.068641
0.5355,  0.089386
0.5360,  0.069741
0.5365,  0.049789
0.5370,  0.052136
0.5375,  0.055677
0.5380,  0.061650
0.5385,  0.069234
0.5390,  0.060831
0.5395,  0.052817
0.5400,  0.044291
0.5405,  0.035013
0.5410,  0.056105
0.5415,  0.075341
0.5420,  0.064027
0.5425,  0.052757
0.5430,  0.061384
0.5435,  0.068467
0.5440,  0.066261
0.5445,  0.065183
0.5450,  0.069367
0.5455,  0.072737
0.5460,  0.069728
0.5465,  0.065672
0.5470,  0.058724
0.5475,  0.051442
0.5480,  0.056366
0.5485,  0.060921
0.5490,  0.065695
0.5495,  0.071350
0.5500,  0.065928
0.5505,  0.060563
0.5510,  0.062869
0.5515,  0.065960
0.5520,  0.062882
0.5525,  0.057774
0.5530,  0.062909
0.5535,  0.068634
0.5540,  0.071130
0.5545,  0.072830
0.5550,  0.074378
0.5555,  0.077042
0.5560,  0.066589
0.5565,  0.056525
0.5570,  0.064018
0.5575,  0.072341
0.5580,  0.065474
0.5585,  0.057686
0.5590,  0.062092
0.5595,  0.065377
0.5600,  0.069521
0.5605,  0.072780
0.5610,  0.068203
0.5615,  0.064081
0.5620,  0.067819
0.5625,  0.072324
0.5630,  0.074643
0.5635,  0.077943
0.5640,  0.079500
0.5645,  0.081160
0.5650,  0.074004
0.5655,  0.064843
0.5660,  0.068977
0.5665,  0.073589
0.5670,  0.083693
0.5675,  0.095010
0.5680,  0.082193
0.5685,  0.069849
0.5690,  0.081856
0.5695,  0.092985
0.5700,  0.077663
0.5705,  0.060988
0.5710,  0.068666
0.5715,  0.073075
0.5720,  0.080020
0.5725,  0.088554
0.5730,  0.083517
0.5735,  0.080563
0.5740,  0.080461
0.5745,  0.081384
0.5750,  0.076193
0.5755,  0.068600
0.5760,  0.070976
0.5765,  0.074831
0.5770,  0.078715
0.5775,  0.082363
0.5780,  0.069414
0.5785,  0.054741
0.5790,  0.060662
0.5795,  0.066259
0.5800,  0.066264
0.5805,  0.066938
0.5810,  0.068463
0.5815,  0.070622
0.5820,  0.073110
0.5825,  0.074437
0.5830,  0.070080
0.5835,  0.067264
0.5840,  0.069515
0.5845,  0.073558
0.5850,  0.063467
0.5855,  0.051848
0.5860,  0.063324
0.5865,  0.075119
0.5870,  0.083639
0.5875,  0.095938
0.5880,  0.092380
0.5885,  0.085505
0.5890,  0.065703
0.5895,  0.038165
0.5900,  0.075214
0.5905,  0.109329
0.5910,  0.101247
0.5915,  0.092123
0.5920,  0.091027
0.5925,  0.091732
0.5930,  0.087599
0.5935,  0.087456
0.5940,  0.084501
0.5945,  0.080408
0.5950,  0.083046
0.5955,  0.084665
0.5960,  0.087132
0.5965,  0.089769
0.5970,  0.084204
0.5975,  0.079471
0.5980,  0.075080
0.5985,  0.071764
0.5990,  0.076394
0.5995,  0.082312
0.6000,  0.078897
0.6005,  0.076539
0.6010,  0.079063
0.6015,  0.079252
0.6020,  0.069951
0.6025,  0.059314
0.6030,  0.069288
0.6035,  0.079694
0.6040,  0.078726
0.6045,  0.077896
0.6050,  0.077595
0.6055,  0.075949
0.6060,  0.076180
0.6065,  0.075404
0.6070,  0.075675
0.6075,  0.076378
0.6080,  0.075826
0.6085,  0.076381
0.6090,  0.079501
0.6095,  0.082437
0.6100,  0.075850
0.6105,  0.067396
0.6110,  0.075265
0.6115,  0.084153
0.6120,  0.078437
0.6125,  0.073370
0.6130,  0.071891
0.6135,  0.068863
0.6140,  0.076566
0.6145,  0.084768
0.6150,  0.088153
0.6155,  0.090350
0.6160,  0.070292
0.6165,  0.047785
0.6170,  0.066096
0.6175,  0.083834
0.6180,  0.087072
0.6185,  0.090045
0.6190,  0.087766
0.6195,  0.084726
0.6200,  0.089593
0.6205,  0.095098
0.6210,  0.086134
0.6215,  0.077655
0.6220,  0.083171
0.6225,  0.089255
0.6230,  0.082237
0.6235,  0.079164
0.6240,  0.084142
0.6245,  0.085798
0.6250,  0.081934
0.6255,  0.076807
0.6260,  0.088458
0.6265,  0.100931
0.6270,  0.102032
0.6275,  0.103340
0.6280,  0.105830
0.6285,  0.109566
0.6290,  0.110187
0.6295,  0.109299
0.6300,  0.106344
0.6305,  0.100305
0.6310,  0.094385
0.6315,  0.091085
0.6320,  0.088022
0.6325,  0.086572
0.6330,  0.088047
0.6335,  0.088768
0.6340,  0.090001
0.6345,  0.092571
0.6350,  0.094424
0.6355,  0.095527
0.6360,  0.094928
0.6365,  0.090783
0.6370,  0.085950
0.6375,  0.082215
0.6380,  0.081274
0.6385,  0.083066
0.6390,  0.085677
0.6395,  0.086315
0.6400,  0.087629
0.6405,  0.086402
0.6410,  0.083708
0.6415,  0.084166
0.6420,  0.083485
0.6425,  0.081931
0.6430,  0.080538
0.6435,  0.080947
0.6440,  0.081817
0.6445,  0.085002
0.6450,  0.092084
0.6455,  0.097012
0.6460,  0.100789
0.6465,  0.103061
0.6470,  0.104173
0.6475,  0.101980
0.6480,  0.099493
0.6485,  0.093408
0.6490,  0.087830
0.6495,  0.090163
0.6500,  0.092576
0.6505,  0.097028
0.6510,  0.101977
0.6515,  0.102039
0.6520,  0.103225
0.6525,  0.102538
0.6530,  0.100194
0.6535,  0.092140
0.6540,  0.090052
0.6545,  0.093844
0.6550,  0.100014
0.6555,  0.099060
0.6560,  0.086841
0.6565,  0.064093
0.6570,  0.034171
0.6575,  0.041663
0.6580,  0.053078
0.6585,  0.066841
0.6590,  0.080196
0.6595,  0.077428
0.6600,  0.074011
0.6605,  0.070263
0.6610,  0.069194
0.6615,  0.067227
0.6620,  0.066857
0.6625,  0.067314
0.6630,  0.068503
0.6635,  0.071203
0.6640,  0.072861
0.6645,  0.074102
0.6650,  0.076234
0.6655,  0.074445
0.6660,  0.072805
0.6665,  0.070101
0.6670,  0.063557
0.6675,  0.062004
0.6680,  0.060358
0.6685,  0.062138
0.6690,  0.064333
0.6695,  0.063693
0.6700,  0.064986
0.6705,  0.065861
0.6710,  0.065416
0.6715,  0.067147
0.6720,  0.067656
0.6725,  0.067581
0.6730,  0.065602
0.6735,  0.062681
0.6740,  0.060289
0.6745,  0.057792
0.6750,  0.056029
0.6755,  0.057140
0.6760,  0.058779
0.6765,  0.061109
0.6770,  0.063872
0.6775,  0.065396
0.6780,  0.065059
0.6785,  0.064401
0.6790,  0.063207
0.6795,  0.062454
0.6800,  0.063194
0.6805,  0.063820
0.6810,  0.064127
0.6815,  0.064515
0.6820,  0.065604
0.6825,  0.068108
0.6830,  0.071942
0.6835,  0.072818
0.6840,  0.073369
0.6845,  0.075480
0.6850,  0.081769
0.6855,  0.102224
0.6860,  0.129055
0.6865,  0.154390
0.6870,  0.170001
0.6875,  0.168419
0.6880,  0.165185
0.6885,  0.159186
0.6890,  0.155670
0.6895,  0.151123
0.6900,  0.144357
0.6905,  0.137011
0.6910,  0.130870
0.6915,  0.128123
0.6920,  0.127080
0.6925,  0.127247
0.6930,  0.129171
0.6935,  0.128694
0.6940,  0.128094
0.6945,  0.126761
0.6950,  0.120943
0.6955,  0.110879
0.6960,  0.102671
0.6965,  0.099035
0.6970,  0.097695
0.6975,  0.102822
0.6980,  0.108810
0.6985,  0.115193
0.6990,  0.121616
0.6995,  0.120654
0.7000,  0.115757
0.7005,  0.111921
0.7010,  0.107440
0.7015,  0.107840
0.7020,  0.108667
0.7025,  0.108760
0.7030,  0.107630
0.7035,  0.110148
0.7040,  0.110461
0.7045,  0.111982
0.7050,  0.114883
0.7055,  0.111051
0.7060,  0.106319
0.7065,  0.101478
0.7070,  0.099089
0.7075,  0.094436
0.7080,  0.090973
0.7085,  0.088397
0.7090,  0.086527
0.7095,  0.088583
0.7100,  0.089455
0.7105,  0.090143
0.7110,  0.092261
0.7115,  0.093428
0.7120,  0.093460
0.7125,  0.093312
0.7130,  0.093162
0.7135,  0.095549
0.7140,  0.096917
0.7145,  0.101098
0.7150,  0.109518
0.7155,  0.124476
0.7160,  0.148371
0.7165,  0.178064
0.7170,  0.207774
0.7175,  0.232436
0.7180,  0.253684
0.7185,  0.266169
0.7190,  0.265556
0.7195,  0.258708
0.7200,  0.242478
0.7205,  0.220647
0.7210,  0.199243
0.7215,  0.185773
0.7220,  0.186522
0.7225,  0.197527
0.7230,  0.215635
0.7235,  0.229318
0.7240,  0.236436
0.7245,  0.239276
0.7250,  0.239203
0.7255,  0.237331
0.7260,  0.234629
0.7265,  0.230075
0.7270,  0.225344
0.7275,  0.223583
0.7280,  0.221778
0.7285,  0.215365
0.7290,  0.208816
0.7295,  0.208547
0.7300,  0.204160
0.7305,  0.199539
0.7310,  0.192629
0.7315,  0.181051
0.7320,  0.165616
0.7325,  0.150396
0.7330,  0.138463
0.7335,  0.130353
0.7340,  0.126398
0.7345,  0.123503
0.7350,  0.122118
0.7355,  0.121683
0.7360,  0.119349
0.7365,  0.118588
0.7370,  0.115613
0.7375,  0.108573
0.7380,  0.103464
0.7385,  0.101760
0.7390,  0.100625
0.7395,  0.100454
0.7400,  0.102576
0.7405,  0.103262
0.7410,  0.097419
0.7415,  0.097043
0.7420,  0.095894
0.7425,  0.096112
0.7430,  0.095817
0.7435,  0.090967
0.7440,  0.088740
0.7445,  0.087402
0.7450,  0.085621
0.7455,  0.085389
0.7460,  0.086108
0.7465,  0.086446
0.7470,  0.086214
0.7475,  0.083094
0.7480,  0.083255
0.7485,  0.080947
0.7490,  0.079456
0.7495,  0.078993
0.7500,  0.078086
0.7505,  0.078440
0.7510,  0.077399
0.7515,  0.075240
0.7520,  0.074601
0.7525,  0.074657
0.7530,  0.073828
0.7535,  0.073688
0.7540,  0.071843
0.7545,  0.070190
0.7550,  0.070867
0.7555,  0.071023
0.7560,  0.071306
0.7565,  0.068493
0.7570,  0.068203
0.7575,  0.078222
0.7580,  0.108989
0.7585,  0.170124
0.7590,  0.264576
0.7595,  0.381725
0.7600,  0.480540
0.7605,  0.526038
0.7610,  0.521550
0.7615,  0.504481
0.7620,  0.491291
0.7625,  0.484151
0.7630,  0.473090
0.7635,  0.445811
0.7640,  0.408250
0.7645,  0.367199
0.7650,  0.326854
0.7655,  0.279235
0.7660,  0.228791
0.7665,  0.185549
0.7670,  0.151590
0.7675,  0.133833
0.7680,  0.119285
0.7685,  0.109226
0.7690,  0.104136
0.7695,  0.099961
0.7700,  0.094781
0.7705,  0.090800
0.7710,  0.088311
0.7715,  0.089285
0.7720,  0.090152
0.7725,  0.086120
0.7730,  0.083769
0.7735,  0.076080
0.7740,  0.071077
0.7745,  0.066989
0.7750,  0.067299
0.7755,  0.070999
0.7760,  0.074076
0.7765,  0.077110
0.7770,  0.078513
0.7775,  0.073925
0.7780,  0.070871
0.7785,  0.068295
0.7790,  0.063223
0.7795,  0.064466
0.7800,  0.065251
0.7805,  0.065637
0.7810,  0.067144
0.7815,  0.069515
0.7820,  0.069514
0.7825,  0.070286
0.7830,  0.069458
0.7835,  0.067166
0.7840,  0.067281
0.7845,  0.068664
0.7850,  0.072797
0.7855,  0.074811
0.7860,  0.079256
0.7865,  0.082239
0.7870,  0.087496
0.7875,  0.091235
0.7880,  0.097013
0.7885,  0.100416
0.7890,  0.106852
0.7895,  0.108536
0.7900,  0.105637
0.7905,  0.103935
0.7910,  0.098204
0.7915,  0.092993
0.7920,  0.090548
0.7925,  0.095835
0.7930,  0.098476
0.7935,  0.102666
0.7940,  0.101240
0.7945,  0.100050
0.7950,  0.095362
0.7955,  0.099571
0.7960,  0.098451
0.7965,  0.096681
0.7970,  0.093660
0.7975,  0.091260
0.7980,  0.090299
0.7985,  0.086660
0.7990,  0.085568
0.7995,  0.092059
0.8000,  0.096985
0.8005,  0.099275
0.8010,  0.097541
0.8015,  0.092974
0.8020,  0.090537
0.8025,  0.084670
0.8030,  0.085564
0.8035,  0.084571
0.8040,  0.082022
0.8045,  0.083100
0.8050,  0.081658
0.8055,  0.081710
0.8060,  0.084277
0.8065,  0.084870
0.8070,  0.085370
0.8075,  0.082256
0.8080,  0.078448
0.8085,  0.075787
0.8090,  0.073056
0.8095,  0.082848
0.8100,  0.094315
0.8105,  0.107837
0.8110,  0.119800
0.8115,  0.133601
0.8120,  0.144766
0.8125,  0.158109
0.8130,  0.171702
0.8135,  0.188872
0.8140,  0.200247
0.8145,  0.212595
0.8150,  0.228618
0.8155,  0.242964
0.8160,  0.254815
0.8165,  0.266469
0.8170,  0.265934
0.8175,  0.255574
0.8180,  0.246717
0.8185,  0.230157
0.8190,  0.208688
0.8195,  0.196136
0.8200,  0.181683
0.8205,  0.174305
0.8210,  0.185663
0.8215,  0.209672
0.8220,  0.234953
0.8225,  0.254742
0.8230,  0.245164
0.8235,  0.220573
0.8240,  0.192294
0.8245,  0.170513
0.8250,  0.160255
0.8255,  0.157034
0.8260,  0.162423
0.8265,  0.166837
0.8270,  0.176175
0.8275,  0.187373
0.8280,  0.196767
0.8285,  0.194553
0.8290,  0.185136
0.8295,  0.176410
0.8300,  0.165066
0.8305,  0.158637
0.8310,  0.149313
0.8315,  0.141494
0.8320,  0.138006
0.8325,  0.139555
0.8330,  0.136172
0.8335,  0.131303
0.8340,  0.122727
0.8345,  0.119562
0.8350,  0.115861
0.8355,  0.111971
0.8360,  0.106595
0.8365,  0.098527
0.8370,  0.093575
0.8375,  0.095001
0.8380,  0.089296
0.8385,  0.084253
0.8390,  0.083130
0.8395,  0.082304
0.8400,  0.084185
0.8405,  0.085467
0.8410,  0.085153
0.8415,  0.080210
0.8420,  0.069659
0.8425,  0.063564
0.8430,  0.062935
0.8435,  0.062858
0.8440,  0.066223
0.8445,  0.067688
0.8450,  0.068699
0.8455,  0.072553
0.8460,  0.074548
0.8465,  0.072820
0.8470,  0.070439
0.8475,  0.061463
0.8480,  0.062657
0.8485,  0.062757
0.8490,  0.061619
0.8495,  0.055160
0.8500,  0.052702
0.8505,  0.058506
0.8510,  0.058511
0.8515,  0.059959
0.8520,  0.063855
0.8525,  0.055345
0.8530,  0.058042
0.8535,  0.052939
0.8540,  0.037200
0.8545,  0.051680
0.8550,  0.056463
0.8555,  0.064606
0.8560,  0.073142
0.8565,  0.064619
0.8570,  0.056215
0.8575,  0.057160
0.8580,  0.063423
0.8585,  0.057923
0.8590,  0.056754
0.8595,  0.053953
0.8600,  0.055407
0.8605,  0.057922
0.8610,  0.057100
0.8615,  0.053208
0.8620,  0.050526
0.8625,  0.049999
0.8630,  0.051156
0.8635,  0.057850
0.8640,  0.059759
0.8645,  0.045535
0.8650,  0.032957
0.8655,  0.029952
0.8660,  0.021692
0.8665,  0.034349
0.8670,  0.035319
0.8675,  0.034678
0.8680,  0.031741
0.8685,  0.030033
0.8690,  0.032324
0.8695,  0.035521
0.8700,  0.040190
0.8705,  0.046415
0.8710,  0.045113
0.8715,  0.049079
0.8720,  0.056912
0.8725,  0.063239
0.8730,  0.062695
0.8735,  0.060078
0.8740,  0.054339
0.8745,  0.054987
0.8750,  0.051394
0.8755,  0.048500
0.8760,  0.042957
0.8765,  0.044958
0.8770,  0.047162
0.8775,  0.048665
0.8780,  0.058681
0.8785,  0.059808
0.8790,  0.057364
0.8795,  0.056090
0.8800,  0.055259
0.8805,  0.056709
0.8810,  0.049924
0.8815,  0.043255
0.8820,  0.039446
0.8825,  0.041057
0.8830,  0.046853
0.8835,  0.051991
0.8840,  0.053806
0.8845,  0.047178
0.8850,  0.040643
0.8855,  0.045245
0.8860,  0.044862
0.8865,  0.039046
0.8870,  0.037469
0.8875,  0.036815
0.8880,  0.040234
0.8885,  0.047284
0.8890,  0.053418
0.8895,  0.060417
0.8900,  0.067919
