0.3500,  0.269354
0.3505,  0.331143
0.3510,  0.300955
0.3515,  0.271579
0.3520,  0.228218
0.3525,  0.182084
0.3530,  0.211214
0.3535,  0.246274
0.3540,  0.268754
0.3545,  0.300174
0.3550,  0.298411
0.3555,  0.291224
0.3560,  0.260921
0.3565,  0.222790
0.3570,  0.189686
0.3575,  0.146602
0.3580,  0.103987
0.3585,  0.032163
0.3590,  0.184659
0.3595,  0.315802
0.3600,  0.297992
0.3605,  0.281959
0.3610,  0.232030
0.3615,  0.179204
0.3620,  0.222186
0.3625,  0.265197
0.3630,  0.253378
0.3635,  0.239275
0.3640,  0.229806
0.3645,  0.219153
0.3650,  0.255719
0.3655,  0.292180
0.3660,  0.307641
0.3665,  0.320014
0.3670,  0.284867
0.3675,  0.256692
0.3680,  0.218760
0.3685,  0.182385
0.3690,  0.227994
0.3695,  0.270378
0.3700,  0.236474
0.3705,  0.205398
0.3710,  0.226168
0.3715,  0.255761
0.3720,  0.233219
0.3725,  0.208190
0.3730,  0.172486
0.3735,  0.134841
0.3740,  0.145109
0.3745,  0.138366
0.3750,  0.203837
0.3755,  0.261423
0.3760,  0.254448
0.3765,  0.238370
0.3770,  0.286204
0.3775,  0.332892
0.3780,  0.334239
0.3785,  0.345825
0.3790,  0.252772
0.3795,  0.147957
0.3800,  0.204024
0.3805,  0.264928
0.3810,  0.238223
0.3815,  0.216379
0.3820,  0.128386
0.3825,  0.020742
0.3830,  -0.011717
0.3835,  -0.060795
0.3840,  0.101989
0.3845,  0.233120
0.3850,  0.246133
0.3855,  0.257390
0.3860,  0.244211
0.3865,  0.234553
0.3870,  0.230722
0.3875,  0.224653
0.3880,  0.208801
0.3885,  0.184452
0.3890,  0.236871
0.3895,  0.276055
0.3900,  0.271116
0.3905,  0.273918
0.3910,  0.290234
0.3915,  0.321985
0.3920,  0.230729
0.3925,  0.134783
0.3930,  -0.037610
0.3935,  -0.286038
0.3940,  0.003366
0.3945,  0.209378
0.3950,  0.314868
0.3955,  0.413552
0.3960,  0.253303
0.3965,  0.044917
0.3970,  0.055887
0.3975,  0.041891
0.3980,  0.223782
0.3985,  0.352116
0.3990,  0.336588
0.3995,  0.330827
0.4000,  0.303366
0.4005,  0.278901
0.4010,  0.269288
0.4015,  0.266134
0.4020,  0.254836
0.4025,  0.248918
0.4030,  0.224085
0.4035,  0.197806
0.4040,  0.191947
0.4045,  0.188930
0.4050,  0.187223
0.4055,  0.187257
0.4060,  0.169069
0.4065,  0.152916
0.4070,  0.165587
0.4075,  0.173797
0.4080,  0.200126
0.4085,  0.229980
0.4090,  0.227304
0.4095,  0.224942
0.4100,  0.180722
0.4105,  0.125474
0.4110,  0.191481
0.4115,  0.250022
0.4120,  0.230527
0.4125,  0.212890
0.4130,  0.198105
0.4135,  0.187833
0.4140,  0.184307
0.4145,  0.179509
0.4150,  0.174506
0.4155,  0.171446
0.4160,  0.196321
0.4165,  0.224048
0.4170,  0.185720
0.4175,  0.143405
0.4180,  0.149208
0.4185,  0.156196
0.4190,  0.162605
0.4195,  0.162207
0.4200,  0.176103
0.4205,  0.192562
0.4210,  0.200302
0.4215,  0.212228
0.4220,  0.163810
0.4225,  0.110343
0.4230,  0.146297
0.4235,  0.179416
0.4240,  0.192236
0.4245,  0.210250
0.4250,  0.195213
0.4255,  0.177023
0.4260,  0.181482
0.4265,  0.188586
0.4270,  0.155374
0.4275,  0.125087
0.4280,  0.137974
0.4285,  0.153955
0.4290,  0.144320
0.4295,  0.131826
0.4300,  0.046287
0.4305,  -0.062453
0.4310,  0.123784
0.4315,  0.267757
0.4320,  0.235591
0.4325,  0.202269
0.4330,  0.207220
0.4335,  0.214279
0.4340,  0.187526
0.4345,  0.159992
0.4350,  0.157170
0.4355,  0.153082
0.4360,  0.192258
0.4365,  0.235041
0.4370,  0.208802
0.4375,  0.183077
0.4380,  0.135561
0.4385,  0.078475
0.4390,  0.146035
0.4395,  0.204840
0.4400,  0.171527
0.4405,  0.134451
0.4410,  0.173231
0.4415,  0.208708
0.4420,  0.208165
0.4425,  0.207213
0.4430,  0.184297
0.4435,  0.165530
0.4440,  0.177990
0.4445,  0.192361
0.4450,  0.162419
0.4455,  0.128708
0.4460,  0.143942
0.4465,  0.154016
0.4470,  0.185054
0.4475,  0.214475
0.4480,  0.187180
0.4485,  0.157313
0.4490,  0.159482
0.4495,  0.162652
0.4500,  0.178456
0.4505,  0.195250
0.4510,  0.188214
0.4515,  0.187177
0.4520,  0.160605
0.4525,  0.131091
0.4530,  0.144035
0.4535,  0.154257
0.4540,  0.158151
0.4545,  0.155741
0.4550,  0.163157
0.4555,  0.170785
0.4560,  0.171345
0.4565,  0.175320
0.4570,  0.178333
0.4575,  0.183327
0.4580,  0.157003
0.4585,  0.133075
0.4590,  0.146882
0.4595,  0.156854
0.4600,  0.164094
0.4605,  0.169104
0.4610,  0.169260
0.4615,  0.168092
0.4620,  0.174576
0.4625,  0.183663
0.4630,  0.169790
0.4635,  0.159265
0.4640,  0.150121
0.4645,  0.141437
0.4650,  0.161750
0.4655,  0.183001
0.4660,  0.160736
0.4665,  0.138280
0.4670,  0.162887
0.4675,  0.182362
0.4680,  0.177883
0.4685,  0.173244
0.4690,  0.179131
0.4695,  0.180729
0.4700,  0.160383
0.4705,  0.135633
0.4710,  0.163989
0.4715,  0.192451
0.4720,  0.190077
0.4725,  0.190232
0.4730,  0.177528
0.4735,  0.164430
0.4740,  0.173780
0.4745,  0.186270
0.4750,  0.182454
0.4755,  0.178716
0.4760,  0.168236
0.4765,  0.156354
0.4770,  0.180804
0.4775,  0.202303
0.4780,  0.183084
0.4785,  0.164465
0.4790,  0.178282
0.4795,  0.189971
0.4800,  0.178986
0.4805,  0.172720
0.4810,  0.186485
0.4815,  0.197225
0.4820,  0.184624
0.4825,  0.175587
0.4830,  0.178939
0.4835,  0.184554
0.4840,  0.181858
0.4845,  0.184705
0.4850,  0.170558
0.4855,  0.158386
0.4860,  0.122674
0.4865,  0.074445
0.4870,  0.126170
0.4875,  0.170447
0.4880,  0.181128
0.4885,  0.190149
0.4890,  0.190153
0.4895,  0.191468
0.4900,  0.195284
0.4905,  0.203209
0.4910,  0.181677
0.4915,  0.160462
0.4920,  0.163172
0.4925,  0.159640
0.4930,  0.152264
0.4935,  0.143194
0.4940,  0.175571
0.4945,  0.208740
0.4950,  0.177194
0.4955,  0.146401
0.4960,  0.165773
0.4965,  0.186377
0.4970,  0.191121
0.4975,  0.196871
0.4980,  0.165192
0.4985,  0.132176
0.4990,  0.159772
0.4995,  0.187269
0.5000,  0.167058
0.5005,  0.146114
0.5010,  0.140932
0.5015,  0.132454
0.5020,  0.151595
0.5025,  0.169903
0.5030,  0.179961
0.5035,  0.187423
0.5040,  0.170734
0.5045,  0.150246
0.5050,  0.171580
0.5055,  0.193658
0.5060,  0.183417
0.5065,  0.175682
0.5070,  0.164606
0.5075,  0.153224
0.5080,  0.156478
0.5085,  0.157696
0.5090,  0.155988
0.5095,  0.154804
0.5100,  0.159849
0.5105,  0.164727
0.5110,  0.175198
0.5115,  0.185207
0.5120,  0.158144
0.5125,  0.134379
0.5130,  0.139995
0.5135,  0.142032
0.5140,  0.147741
0.5145,  0.151530
0.5150,  0.162622
0.5155,  0.181263
0.5160,  0.143868
0.5165,  0.104259
0.5170,  0.130673
0.5175,  0.150187
0.5180,  0.129771
0.5185,  0.102610
0.5190,  0.137741
0.5195,  0.170461
0.5200,  0.160536
0.5205,  0.150707
0.5210,  0.161325
0.5215,  0.174690
0.5220,  0.153067
0.5225,  0.130626
0.5230,  0.143991
0.5235,  0.153419
0.5240,  0.162627
0.5245,  0.177275
0.5250,  0.177520
0.5255,  0.182209
0.5260,  0.133856
0.5265,  0.076598
0.5270,  0.114794
0.5275,  0.144526
0.5280,  0.150848
0.5285,  0.157964
0.5290,  0.155632
0.5295,  0.153276
0.5300,  0.155791
0.5305,  0.159739
0.5310,  0.161908
0.5315,  0.169422
0.5320,  0.132887
0.5325,  0.092149
0.5330,  0.132595
0.5335,  0.168590
0.5340,  0.149293
0.5345,  0.126908
0.5350,  0.151804
0.5355,  0.180100
0.5360,  0.155492
0.5365,  0.131065
0.5370,  0.135548
0.5375,  0.140089
0.5380,  0.147294
0.5385,  0.157148
0.5390,  0.147340
0.5395,  0.136609
0.5400,  0.125359
0.5405,  0.111085
0.5410,  0.135757
0.5415,  0.159875
0.5420,  0.145138
0.5425,  0.130914
0.5430,  0.142759
0.5435,  0.151922
0.5440,  0.148840
0.5445,  0.148060
0.5450,  0.152952
0.5455,  0.157752
0.5460,  0.155148
0.5465,  0.153030
0.5470,  0.144043
0.5475,  0.133707
0.5480,  0.139977
0.5485,  0.145043
0.5490,  0.152051
0.5495,  0.158107
0.5500,  0.148484
0.5505,  0.141111
0.5510,  0.143238
0.5515,  0.147453
0.5520,  0.143521
0.5525,  0.137452
0.5530,  0.144486
0.5535,  0.149924
0.5540,  0.153270
0.5545,  0.156727
0.5550,  0.158854
0.5555,  0.161239
0.5560,  0.147202
0.5565,  0.133195
0.5570,  0.142645
0.5575,  0.154323
0.5580,  0.146025
0.5585,  0.136747
0.5590,  0.141939
0.5595,  0.146971
0.5600,  0.151749
0.5605,  0.155788
0.5610,  0.148933
0.5615,  0.141869
0.5620,  0.145365
0.5625,  0.151960
0.5630,  0.156525
0.5635,  0.160186
0.5640,  0.161484
0.5645,  0.161882
0.5650,  0.151283
0.5655,  0.139190
0.5660,  0.145247
0.5665,  0.152342
0.5670,  0.167166
0.5675,  0.183657
0.5680,  0.168032
0.5685,  0.152359
0.5690,  0.168045
0.5695,  0.182925
0.5700,  0.162054
0.5705,  0.136738
0.5710,  0.145292
0.5715,  0.150706
0.5720,  0.158321
0.5725,  0.168890
0.5730,  0.165467
0.5735,  0.163933
0.5740,  0.164532
0.5745,  0.164621
0.5750,  0.156904
0.5755,  0.147310
0.5760,  0.152103
0.5765,  0.158222
0.5770,  0.162382
0.5775,  0.166921
0.5780,  0.149554
0.5785,  0.128813
0.5790,  0.136726
0.5795,  0.144389
0.5800,  0.144138
0.5805,  0.143994
0.5810,  0.144533
0.5815,  0.146574
0.5820,  0.150905
0.5825,  0.153334
0.5830,  0.147416
0.5835,  0.144852
0.5840,  0.146688
0.5845,  0.152095
0.5850,  0.137539
0.5855,  0.121910
0.5860,  0.136709
0.5865,  0.154114
0.5870,  0.169520
0.5875,  0.189047
0.5880,  0.185256
0.5885,  0.175358
0.5890,  0.147542
0.5895,  0.111458
0.5900,  0.160766
0.5905,  0.205142
0.5910,  0.191619
0.5915,  0.179121
0.5920,  0.177986
0.5925,  0.179320
0.5930,  0.175656
0.5935,  0.178027
0.5940,  0.177795
0.5945,  0.172784
0.5950,  0.175769
0.5955,  0.175399
0.5960,  0.176317
0.5965,  0.178353
0.5970,  0.169409
0.5975,  0.161553
0.5980,  0.154546
0.5985,  0.147899
0.5990,  0.155110
0.5995,  0.163235
0.6000,  0.159661
0.6005,  0.155957
0.6010,  0.158755
0.6015,  0.156823
0.6020,  0.143060
0.6025,  0.128740
0.6030,  0.141623
0.6035,  0.158359
0.6040,  0.158099
0.6045,  0.159147
0.6050,  0.157996
0.6055,  0.154011
0.6060,  0.151006
0.6065,  0.148855
0.6070,  0.149292
0.6075,  0.151368
0.6080,  0.152964
0.6085,  0.154838
0.6090,  0.158694
0.6095,  0.162630
0.6100,  0.151980
0.6105,  0.138056
0.6110,  0.147818
0.6115,  0.158640
0.6120,  0.149783
0.6125,  0.144209
0.6130,  0.143111
0.6135,  0.143959
0.6140,  0.155912
0.6145,  0.169458
0.6150,  0.173704
0.6155,  0.174040
0.6160,  0.144011
0.6165,  0.110138
0.6170,  0.132065
0.6175,  0.155341
0.6180,  0.159810
0.6185,  0.164866
0.6190,  0.162639
0.6195,  0.157415
0.6200,  0.163481
0.6205,  0.170964
0.6210,  0.159856
0.6215,  0.147659
0.6220,  0.154305
0.6225,  0.162739
0.6230,  0.155264
0.6235,  0.151826
0.6240,  0.158153
0.6245,  0.159876
0.6250,  0.154612
0.6255,  0.146929
0.6260,  0.162666
0.6265,  0.179116
0.6270,  0.182432
0.6275,  0.183382
0.6280,  0.186362
0.6285,  0.192801
0.6290,  0.194904
0.6295,  0.194599
0.6300,  0.188372
0.6305,  0.178938
0.6310,  0.170031
0.6315,  0.167117
0.6320,  0.161555
0.6325,  0.159745
0.6330,  0.160386
0.6335,  0.161424
0.6340,  0.164768
0.6345,  0.169102
0.6350,  0.172886
0.6355,  0.172367
0.6360,  0.167283
0.6365,  0.161879
0.6370,  0.156368
0.6375,  0.151722
0.6380,  0.150599
0.6385,  0.152851
0.6390,  0.157256
0.6395,  0.159967
0.6400,  0.160883
0.6405,  0.157060
0.6410,  0.152435
0.6415,  0.152269
0.6420,  0.148877
0.6425,  0.144879
0.6430,  0.143615
0.6435,  0.143884
0.6440,  0.146583
0.6445,  0.153894
0.6450,  0.166203
0.6455,  0.172617
0.6460,  0.177312
0.6465,  0.181482
0.6470,  0.184671
0.6475,  0.184720
0.6480,  0.183056
0.6485,  0.180025
0.6490,  0.171734
0.6495,  0.171548
0.6500,  0.171075
0.6505,  0.176430
0.6510,  0.182760
0.6515,  0.179761
0.6520,  0.177640
0.6525,  0.175083
0.6530,  0.173254
0.6535,  0.166887
0.6540,  0.168352
0.6545,  0.177338
0.6550,  0.188381
0.6555,  0.183647
0.6560,  0.165199
0.6565,  0.130061
0.6570,  0.088037
0.6575,  0.096990
0.6580,  0.110367
0.6585,  0.127133
0.6590,  0.144323
0.6595,  0.142802
0.6600,  0.139510
0.6605,  0.133555
0.6610,  0.132031
0.6615,  0.128462
0.6620,  0.128398
0.6625,  0.127629
0.6630,  0.127139
0.6635,  0.129810
0.6640,  0.132201
0.6645,  0.135162
0.6650,  0.138057
0.6655,  0.135679
0.6660,  0.132077
0.6665,  0.128318
0.6670,  0.122412
0.6675,  0.123612
0.6680,  0.125589
0.6685,  0.129270
0.6690,  0.131741
0.6695,  0.131265
0.6700,  0.128416
0.6705,  0.124894
0.6710,  0.121853
0.6715,  0.124420
0.6720,  0.125119
0.6725,  0.125314
0.6730,  0.124720
0.6735,  0.121399
0.6740,  0.120439
0.6745,  0.120409
0.6750,  0.120091
0.6755,  0.121362
0.6760,  0.121843
0.6765,  0.123911
0.6770,  0.126347
0.6775,  0.124948
0.6780,  0.124126
0.6785,  0.124680
0.6790,  0.121751
0.6795,  0.121288
0.6800,  0.120680
0.6805,  0.118831
0.6810,  0.116910
0.6815,  0.117436
0.6820,  0.121095
0.6825,  0.122511
0.6830,  0.126733
0.6835,  0.129436
0.6840,  0.128140
0.6845,  0.132900
0.6850,  0.140229
0.6855,  0.168945
0.6860,  0.207620
0.6865,  0.244069
0.6870,  0.263943
0.6875,  0.266645
0.6880,  0.264383
0.6885,  0.255110
0.6890,  0.248912
0.6895,  0.240592
0.6900,  0.226676
0.6905,  0.218142
0.6910,  0.209985
0.6915,  0.209431
0.6920,  0.208959
0.6925,  0.212788
0.6930,  0.219468
0.6935,  0.221194
0.6940,  0.222424
0.6945,  0.221974
0.6950,  0.209956
0.6955,  0.193711
0.6960,  0.183573
0.6965,  0.178174
0.6970,  0.173985
0.6975,  0.179375
0.6980,  0.186744
0.6985,  0.195637
0.6990,  0.200932
0.6995,  0.201034
0.7000,  0.197192
0.7005,  0.192802
0.7010,  0.187112
0.7015,  0.188618
0.7020,  0.184172
0.7025,  0.181250
0.7030,  0.179834
0.7035,  0.179449
0.7040,  0.177919
0.7045,  0.183858
0.7050,  0.190440
0.7055,  0.188797
0.7060,  0.185912
0.7065,  0.186901
0.7070,  0.184001
0.7075,  0.180113
0.7080,  0.170800
0.7085,  0.162346
0.7090,  0.154735
0.7095,  0.149431
0.7100,  0.148403
0.7105,  0.148653
0.7110,  0.152842
0.7115,  0.155401
0.7120,  0.159771
0.7125,  0.162621
0.7130,  0.165986
0.7135,  0.171504
0.7140,  0.174478
0.7145,  0.178475
0.7150,  0.191071
0.7155,  0.212303
0.7160,  0.249375
0.7165,  0.286254
0.7170,  0.326730
0.7175,  0.359304
0.7180,  0.392745
0.7185,  0.419023
0.7190,  0.419846
0.7195,  0.413783
0.7200,  0.386913
0.7205,  0.348406
0.7210,  0.315152
0.7215,  0.290797
0.7220,  0.289460
0.7225,  0.302076
0.7230,  0.322883
0.7235,  0.343477
0.7240,  0.363782
0.7245,  0.373515
0.7250,  0.376231
0.7255,  0.378164
0.7260,  0.377410
0.7265,  0.375866
0.7270,  0.372599
0.7275,  0.358991
0.7280,  0.347844
0.7285,  0.336107
0.7290,  0.321582
0.7295,  0.315627
0.7300,  0.315137
0.7305,  0.314290
0.7310,  0.309667
0.7315,  0.294646
0.7320,  0.274797
0.7325,  0.252632
0.7330,  0.234566
0.7335,  0.218349
0.7340,  0.210099
0.7345,  0.204555
0.7350,  0.207017
0.7355,  0.211869
0.7360,  0.207340
0.7365,  0.203911
0.7370,  0.200861
0.7375,  0.196145
0.7380,  0.193189
0.7385,  0.195035
0.7390,  0.184482
0.7395,  0.179914
0.7400,  0.173262
0.7405,  0.165872
0.7410,  0.163106
0.7415,  0.159336
0.7420,  0.154576
0.7425,  0.152804
0.7430,  0.154963
0.7435,  0.157052
0.7440,  0.161331
0.7445,  0.163011
0.7450,  0.160631
0.7455,  0.157932
0.7460,  0.154604
0.7465,  0.148108
0.7470,  0.143890
0.7475,  0.139103
0.7480,  0.137723
0.7485,  0.141220
0.7490,  0.148559
0.7495,  0.151520
0.7500,  0.153082
0.7505,  0.155753
0.7510,  0.155584
0.7515,  0.150192
0.7520,  0.147391
0.7525,  0.142935
0.7530,  0.135905
0.7535,  0.132526
0.7540,  0.133708
0.7545,  0.132653
0.7550,  0.127475
0.7555,  0.129158
0.7560,  0.129297
0.7565,  0.126855
0.7570,  0.128025
0.7575,  0.141844
0.7580,  0.186506
0.7585,  0.273458
0.7590,  0.408045
0.7595,  0.569375
0.7600,  0.697169
0.7605,  0.758050
0.7610,  0.753167
0.7615,  0.728129
0.7620,  0.723619
0.7625,  0.731345
0.7630,  0.724542
0.7635,  0.688632
0.7640,  0.625113
0.7645,  0.550125
0.7650,  0.471545
0.7655,  0.397994
0.7660,  0.337921
0.7665,  0.290674
0.7670,  0.245815
0.7675,  0.221201
0.7680,  0.203962
0.7685,  0.188039
0.7690,  0.181229
0.7695,  0.173207
0.7700,  0.165878
0.7705,  0.157493
0.7710,  0.151881
0.7715,  0.148118
0.7720,  0.140841
0.7725,  0.135912
0.7730,  0.133929
0.7735,  0.128135
0.7740,  0.131389
0.7745,  0.130209
0.7750,  0.128786
0.7755,  0.129721
0.7760,  0.130951
0.7765,  0.129522
0.7770,  0.130146
0.7775,  0.126023
0.7780,  0.121288
0.7785,  0.114215
0.7790,  0.110867
0.7795,  0.108479
0.7800,  0.112825
0.7805,  0.121183
0.7810,  0.126812
0.7815,  0.128529
0.7820,  0.132588
0.7825,  0.132672
0.7830,  0.129045
0.7835,  0.126777
0.7840,  0.122247
0.7845,  0.122576
0.7850,  0.125091
0.7855,  0.134803
0.7860,  0.143422
0.7865,  0.153663
0.7870,  0.156757
0.7875,  0.159554
0.7880,  0.160821
0.7885,  0.166194
0.7890,  0.178264
0.7895,  0.177680
0.7900,  0.177792
0.7905,  0.176390
0.7910,  0.175694
0.7915,  0.171988
0.7920,  0.167971
0.7925,  0.169928
0.7930,  0.173034
0.7935,  0.173182
0.7940,  0.168406
0.7945,  0.170806
0.7950,  0.172051
0.7955,  0.178666
0.7960,  0.172286
0.7965,  0.164641
0.7970,  0.166416
0.7975,  0.153834
0.7980,  0.154889
0.7985,  0.163272
0.7990,  0.170076
0.7995,  0.179260
0.8000,  0.188100
0.8005,  0.189723
0.8010,  0.183358
0.8015,  0.171327
0.8020,  0.167587
0.8025,  0.163951
0.8030,  0.157230
0.8035,  0.160509
0.8040,  0.163869
0.8045,  0.161596
0.8050,  0.150940
0.8055,  0.144864
0.8060,  0.150303
0.8065,  0.166256
0.8070,  0.173007
0.8075,  0.162082
0.8080,  0.150805
0.8085,  0.146980
0.8090,  0.138426
0.8095,  0.143076
0.8100,  0.164407
0.8105,  0.182640
0.8110,  0.196567
0.8115,  0.221667
0.8120,  0.253525
0.8125,  0.280813
0.8130,  0.300594
0.8135,  0.314236
0.8140,  0.326587
0.8145,  0.350473
0.8150,  0.373265
0.8155,  0.398212
0.8160,  0.410546
0.8165,  0.424930
0.8170,  0.419071
0.8175,  0.406333
0.8180,  0.391275
0.8185,  0.367961
0.8190,  0.325063
0.8195,  0.287405
0.8200,  0.263253
0.8205,  0.254821
0.8210,  0.278516
0.8215,  0.320771
0.8220,  0.367088
0.8225,  0.383877
0.8230,  0.366265
0.8235,  0.345653
0.8240,  0.318318
0.8245,  0.290356
0.8250,  0.270571
0.8255,  0.260689
0.8260,  0.260739
0.8265,  0.268925
0.8270,  0.276482
0.8275,  0.284621
0.8280,  0.298484
0.8285,  0.296523
0.8290,  0.298736
0.8295,  0.291227
0.8300,  0.278866
0.8305,  0.265572
0.8310,  0.258181
0.8315,  0.239281
0.8320,  0.228882
0.8325,  0.218084
0.8330,  0.209424
0.8335,  0.207932
0.8340,  0.208577
0.8345,  0.205314
0.8350,  0.201195
0.8355,  0.198073
0.8360,  0.191813
0.8365,  0.188459
0.8370,  0.176798
0.8375,  0.165928
0.8380,  0.151926
0.8385,  0.153438
0.8390,  0.152082
0.8395,  0.146952
0.8400,  0.146193
0.8405,  0.143699
0.8410,  0.144172
0.8415,  0.144739
0.8420,  0.148122
0.8425,  0.143631
0.8430,  0.132285
0.8435,  0.121276
0.8440,  0.111137
0.8445,  0.105839
0.8450,  0.107703
0.8455,  0.113535
0.8460,  0.107537
0.8465,  0.118042
0.8470,  0.133909
0.8475,  0.140282
0.8480,  0.139749
0.8485,  0.122884
0.8490,  0.104098
0.8495,  0.101425
0.8500,  0.096989
0.8505,  0.098084
0.8510,  0.103288
0.8515,  0.125599
0.8520,  0.140178
0.8525,  0.136825
0.8530,  0.147484
0.8535,  0.143125
0.8540,  0.113459
0.8545,  0.116333
0.8550,  0.111071
0.8555,  0.105281
0.8560,  0.109437
0.8565,  0.098429
0.8570,  0.091843
0.8575,  0.100604
0.8580,  0.120539
0.8585,  0.121159
0.8590,  0.121423
0.8595,  0.118355
0.8600,  0.112148
0.8605,  0.111549
0.8610,  0.103974
0.8615,  0.096139
0.8620,  0.092275
0.8625,  0.090811
0.8630,  0.096079
0.8635,  0.108015
0.8640,  0.128221
0.8645,  0.131053
0.8650,  0.130008
0.8655,  0.119007
0.8660,  0.085246
0.8665,  0.078017
0.8670,  0.075541
0.8675,  0.075010
0.8680,  0.075315
0.8685,  0.082074
0.8690,  0.089481
0.8695,  0.103656
0.8700,  0.112410
0.8705,  0.112823
0.8710,  0.117255
0.8715,  0.124381
0.8720,  0.126214
0.8725,  0.115503
0.8730,  0.119340
0.8735,  0.104256
0.8740,  0.086937
0.8745,  0.084249
0.8750,  0.102793
0.8755,  0.114689
0.8760,  0.123204
0.8765,  0.135281
0.8770,  0.133404
0.8775,  0.128663
0.8780,  0.126722
0.8785,  0.109601
0.8790,  0.098630
0.8795,  0.096055
0.8800,  0.092277
0.8805,  0.087469
0.8810,  0.084615
0.8815,  0.105140
0.8820,  0.111136
0.8825,  0.113392
0.8830,  0.112691
0.8835,  0.104897
0.8840,  0.105429
0.8845,  0.109895
0.8850,  0.100494
0.8855,  0.100169
0.8860,  0.109960
0.8865,  0.119372
0.8870,  0.121296
0.8875,  0.131651
0.8880,  0.126079
0.8885,  0.129474
0.8890,  0.126381
0.8895,  0.112618
0.8900,  0.120172
