0.3500,  -0.009030
0.3505,  0.038752
0.3510,  0.012909
0.3515,  -0.014417
0.3520,  -0.042689
0.3525,  -0.075751
0.3530,  -0.044523
0.3535,  -0.014643
0.3540,  0.000824
0.3545,  0.021400
0.3550,  0.004212
0.3555,  -0.007307
0.3560,  -0.028587
0.3565,  -0.050009
0.3570,  -0.066834
0.3575,  -0.094507
0.3580,  -0.128588
0.3585,  -0.172617
0.3590,  -0.051456
0.3595,  0.049398
0.3600,  0.039385
0.3605,  0.026206
0.3610,  -0.008975
0.3615,  -0.050930
0.3620,  -0.021758
0.3625,  0.006437
0.3630,  -0.000571
0.3635,  -0.012766
0.3640,  -0.022534
0.3645,  -0.034307
0.3650,  -0.009120
0.3655,  0.012441
0.3660,  0.020868
0.3665,  0.033726
0.3670,  0.013929
0.3675,  -0.004573
0.3680,  -0.028432
0.3685,  -0.052925
0.3690,  -0.018898
0.3695,  0.014477
0.3700,  -0.004339
0.3705,  -0.023286
0.3710,  -0.005364
0.3715,  0.016355
0.3720,  -0.002301
0.3725,  -0.022168
0.3730,  -0.046810
0.3735,  -0.076880
0.3740,  -0.071838
0.3745,  -0.069311
0.3750,  -0.011261
0.3755,  0.034662
0.3760,  0.025784
0.3765,  0.008336
0.3770,  0.037530
0.3775,  0.065919
0.3780,  0.064283
0.3785,  0.073044
0.3790,  0.009681
0.3795,  -0.060489
0.3800,  -0.018050
0.3805,  0.025193
0.3810,  0.007082
0.3815,  -0.001890
0.3820,  -0.057923
0.3825,  -0.131270
0.3830,  -0.147776
0.3835,  -0.176503
0.3840,  -0.059285
0.3845,  0.026340
0.3850,  0.028153
0.3855,  0.034184
0.3860,  0.024061
0.3865,  0.018208
0.3870,  0.016043
0.3875,  0.010776
0.3880,  -0.005078
0.3885,  -0.027066
0.3890,  0.011024
0.3895,  0.043774
0.3900,  0.043662
0.3905,  0.044625
0.3910,  0.059967
0.3915,  0.089649
0.3920,  0.030108
0.3925,  -0.031890
0.3930,  -0.148958
0.3935,  -0.328093
0.3940,  -0.128423
0.3945,  0.007759
0.3950,  0.075428
0.3955,  0.142701
0.3960,  0.025493
0.3965,  -0.120616
0.3970,  -0.105378
0.3975,  -0.110574
0.3980,  0.022918
0.3985,  0.115539
0.3990,  0.103593
0.3995,  0.099176
0.4000,  0.077021
0.4005,  0.055247
0.4010,  0.047615
0.4015,  0.047506
0.4020,  0.040339
0.4025,  0.037177
0.4030,  0.021198
0.4035,  0.005458
0.4040,  0.002581
0.4045,  0.001957
0.4050,  0.002440
0.4055,  0.003618
0.4060,  -0.007201
0.4065,  -0.015903
0.4070,  -0.004983
0.4075,  0.000283
0.4080,  0.016780
0.4085,  0.033313
0.4090,  0.030192
0.4095,  0.029340
0.4100,  -0.004375
0.4105,  -0.045102
0.4110,  0.002746
0.4115,  0.045730
0.4120,  0.033739
0.4125,  0.022501
0.4130,  0.013171
0.4135,  0.006680
0.4140,  0.005234
0.4145,  0.002431
0.4150,  -0.000075
0.4155,  -0.002984
0.4160,  0.014202
0.4165,  0.033751
0.4170,  0.006310
0.4175,  -0.023698
0.4180,  -0.019738
0.4185,  -0.013339
0.4190,  -0.007631
0.4195,  -0.004524
0.4200,  0.005508
0.4205,  0.015803
0.4210,  0.020538
0.4215,  0.027699
0.4220,  -0.005962
0.4225,  -0.042885
0.4230,  -0.014413
0.4235,  0.012249
0.4240,  0.021501
0.4245,  0.032273
0.4250,  0.021595
0.4255,  0.007166
0.4260,  0.008872
0.4265,  0.013814
0.4270,  -0.009063
0.4275,  -0.028400
0.4280,  -0.018529
0.4285,  -0.006422
0.4290,  -0.014977
0.4295,  -0.018880
0.4300,  -0.079491
0.4305,  -0.159840
0.4310,  -0.024364
0.4315,  0.076591
0.4320,  0.051256
0.4325,  0.026468
0.4330,  0.031605
0.4335,  0.038535
0.4340,  0.020641
0.4345,  0.004154
0.4350,  0.005341
0.4355,  0.003763
0.4360,  0.031904
0.4365,  0.061679
0.4370,  0.039561
0.4375,  0.021519
0.4380,  -0.014120
0.4385,  -0.055947
0.4390,  -0.004884
0.4395,  0.039399
0.4400,  0.016002
0.4405,  -0.010954
0.4410,  0.018944
0.4415,  0.046577
0.4420,  0.046206
0.4425,  0.046129
0.4430,  0.028516
0.4435,  0.012975
0.4440,  0.022238
0.4445,  0.035378
0.4450,  0.014227
0.4455,  -0.011854
0.4460,  -0.001616
0.4465,  0.005879
0.4470,  0.029623
0.4475,  0.052648
0.4480,  0.032879
0.4485,  0.011014
0.4490,  0.014887
0.4495,  0.015763
0.4500,  0.025723
0.4505,  0.038684
0.4510,  0.033248
0.4515,  0.030401
0.4520,  0.009760
0.4525,  -0.009268
0.4530,  -0.000201
0.4535,  0.006985
0.4540,  0.013142
0.4545,  0.015464
0.4550,  0.021247
0.4555,  0.026565
0.4560,  0.027108
0.4565,  0.028972
0.4570,  0.030364
0.4575,  0.034181
0.4580,  0.015958
0.4585,  -0.002810
0.4590,  0.004641
0.4595,  0.009867
0.4600,  0.013453
0.4605,  0.017899
0.4610,  0.019217
0.4615,  0.018796
0.4620,  0.024022
0.4625,  0.029440
0.4630,  0.018991
0.4635,  0.013058
0.4640,  0.008140
0.4645,  0.001793
0.4650,  0.018172
0.4655,  0.033377
0.4660,  0.017086
0.4665,  0.000484
0.4670,  0.017340
0.4675,  0.029781
0.4680,  0.026219
0.4685,  0.024227
0.4690,  0.025014
0.4695,  0.029083
0.4700,  0.013201
0.4705,  -0.005002
0.4710,  0.015921
0.4715,  0.037074
0.4720,  0.036618
0.4725,  0.037388
0.4730,  0.029663
0.4735,  0.021171
0.4740,  0.027770
0.4745,  0.037173
0.4750,  0.034140
0.4755,  0.030530
0.4760,  0.021432
0.4765,  0.010767
0.4770,  0.027415
0.4775,  0.043481
0.4780,  0.030442
0.4785,  0.019175
0.4790,  0.029468
0.4795,  0.039114
0.4800,  0.031584
0.4805,  0.025953
0.4810,  0.033513
0.4815,  0.041654
0.4820,  0.033524
0.4825,  0.028968
0.4830,  0.033474
0.4835,  0.037347
0.4840,  0.036125
0.4845,  0.038926
0.4850,  0.030602
0.4855,  0.022921
0.4860,  -0.000133
0.4865,  -0.033795
0.4870,  0.002268
0.4875,  0.033277
0.4880,  0.041614
0.4885,  0.048997
0.4890,  0.048916
0.4895,  0.049082
0.4900,  0.050913
0.4905,  0.057295
0.4910,  0.043147
0.4915,  0.028273
0.4920,  0.030385
0.4925,  0.029848
0.4930,  0.025385
0.4935,  0.018689
0.4940,  0.042098
0.4945,  0.066099
0.4950,  0.042453
0.4955,  0.019889
0.4960,  0.034433
0.4965,  0.048991
0.4970,  0.051115
0.4975,  0.055316
0.4980,  0.033935
0.4985,  0.010347
0.4990,  0.030703
0.4995,  0.051007
0.5000,  0.036750
0.5005,  0.022126
0.5010,  0.018638
0.5015,  0.012010
0.5020,  0.024931
0.5025,  0.038138
0.5030,  0.045144
0.5035,  0.050947
0.5040,  0.040268
0.5045,  0.024894
0.5050,  0.039557
0.5055,  0.054823
0.5060,  0.046483
0.5065,  0.041182
0.5070,  0.035334
0.5075,  0.029500
0.5080,  0.032638
0.5085,  0.033914
0.5090,  0.031980
0.5095,  0.030402
0.5100,  0.034335
0.5105,  0.038134
0.5110,  0.045475
0.5115,  0.053413
0.5120,  0.035361
0.5125,  0.018049
0.5130,  0.021618
0.5135,  0.022991
0.5140,  0.027728
0.5145,  0.031751
0.5150,  0.039160
0.5155,  0.051918
0.5160,  0.026191
0.5165,  -0.002562
0.5170,  0.016726
0.5175,  0.031446
0.5180,  0.017300
0.5185,  -0.002051
0.5190,  0.022506
0.5195,  0.045870
0.5200,  0.039227
0.5205,  0.032269
0.5210,  0.040092
0.5215,  0.050112
0.5220,  0.035647
0.5225,  0.020514
0.5230,  0.030499
0.5235,  0.038414
0.5240,  0.045559
0.5245,  0.054815
0.5250,  0.052816
0.5255,  0.054797
0.5260,  0.020538
0.5265,  -0.019291
0.5270,  0.009834
0.5275,  0.031834
0.5280,  0.036266
0.5285,  0.040796
0.5290,  0.039244
0.5295,  0.037461
0.5300,  0.038863
0.5305,  0.041266
0.5310,  0.043024
0.5315,  0.049243
0.5320,  0.023410
0.5325,  -0.004717
0.5330,  0.024936
0.5335,  0.050631
0.5340,  0.036989
0.5345,  0.022573
0.5350,  0.041752
0.5355,  0.062296
0.5360,  0.044518
0.5365,  0.026698
0.5370,  0.029731
0.5375,  0.032759
0.5380,  0.038011
0.5385,  0.044888
0.5390,  0.035947
0.5395,  0.028227
0.5400,  0.021433
0.5405,  0.012793
0.5410,  0.032391
0.5415,  0.050159
0.5420,  0.038748
0.5425,  0.027376
0.5430,  0.035155
0.5435,  0.042196
0.5440,  0.041086
0.5445,  0.040845
0.5450,  0.044903
0.5455,  0.047902
0.5460,  0.045114
0.5465,  0.042696
0.5470,  0.036657
0.5475,  0.029045
0.5480,  0.033136
0.5485,  0.036324
0.5490,  0.040117
0.5495,  0.044987
0.5500,  0.039991
0.5505,  0.035733
0.5510,  0.037509
0.5515,  0.039325
0.5520,  0.036237
0.5525,  0.032776
0.5530,  0.038431
0.5535,  0.043470
0.5540,  0.046316
0.5545,  0.048508
0.5550,  0.050051
0.5555,  0.052114
0.5560,  0.042413
0.5565,  0.033418
0.5570,  0.040702
0.5575,  0.048495
0.5580,  0.042652
0.5585,  0.035556
0.5590,  0.039197
0.5595,  0.041930
0.5600,  0.045748
0.5605,  0.049929
0.5610,  0.046524
0.5615,  0.042707
0.5620,  0.046102
0.5625,  0.050124
0.5630,  0.052439
0.5635,  0.055275
0.5640,  0.056321
0.5645,  0.057018
0.5650,  0.050079
0.5655,  0.041316
0.5660,  0.044664
0.5665,  0.048636
0.5670,  0.059071
0.5675,  0.070586
0.5680,  0.059262
0.5685,  0.047312
0.5690,  0.058515
0.5695,  0.070502
0.5700,  0.057868
0.5705,  0.041809
0.5710,  0.048452
0.5715,  0.053195
0.5720,  0.061101
0.5725,  0.069647
0.5730,  0.065542
0.5735,  0.063347
0.5740,  0.063023
0.5745,  0.063398
0.5750,  0.058868
0.5755,  0.052958
0.5760,  0.055998
0.5765,  0.060961
0.5770,  0.065860
0.5775,  0.070454
0.5780,  0.059022
0.5785,  0.044972
0.5790,  0.050218
0.5795,  0.055027
0.5800,  0.054884
0.5805,  0.055507
0.5810,  0.057378
0.5815,  0.059982
0.5820,  0.062162
0.5825,  0.062678
0.5830,  0.059143
0.5835,  0.057502
0.5840,  0.060437
0.5845,  0.064864
0.5850,  0.055304
0.5855,  0.044553
0.5860,  0.055304
0.5865,  0.066577
0.5870,  0.075207
0.5875,  0.088494
0.5880,  0.085004
0.5885,  0.079525
0.5890,  0.060327
0.5895,  0.033777
0.5900,  0.068295
0.5905,  0.100492
0.5910,  0.092736
0.5915,  0.084733
0.5920,  0.084440
0.5925,  0.084430
0.5930,  0.079481
0.5935,  0.079626
0.5940,  0.079071
0.5945,  0.076186
0.5950,  0.078209
0.5955,  0.079487
0.5960,  0.081620
0.5965,  0.084700
0.5970,  0.079663
0.5975,  0.074229
0.5980,  0.068804
0.5985,  0.066698
0.5990,  0.071134
0.5995,  0.075512
0.6000,  0.072348
0.6005,  0.068804
0.6010,  0.069785
0.6015,  0.069518
0.6020,  0.060746
0.6025,  0.052212
0.6030,  0.062992
0.6035,  0.073086
0.6040,  0.072260
0.6045,  0.072341
0.6050,  0.071514
0.6055,  0.069309
0.6060,  0.067345
0.6065,  0.066567
0.6070,  0.066696
0.6075,  0.067966
0.6080,  0.068082
0.6085,  0.068382
0.6090,  0.070763
0.6095,  0.071992
0.6100,  0.064911
0.6105,  0.056889
0.6110,  0.065395
0.6115,  0.075239
0.6120,  0.070195
0.6125,  0.066614
0.6130,  0.065958
0.6135,  0.063117
0.6140,  0.069826
0.6145,  0.076960
0.6150,  0.081051
0.6155,  0.083683
0.6160,  0.064998
0.6165,  0.043922
0.6170,  0.060716
0.6175,  0.077394
0.6180,  0.079359
0.6185,  0.083916
0.6190,  0.081318
0.6195,  0.076856
0.6200,  0.081943
0.6205,  0.087591
0.6210,  0.080215
0.6215,  0.072356
0.6220,  0.079634
0.6225,  0.087949
0.6230,  0.082804
0.6235,  0.077603
0.6240,  0.079139
0.6245,  0.077901
0.6250,  0.070902
0.6255,  0.064268
0.6260,  0.076104
0.6265,  0.088908
0.6270,  0.091172
0.6275,  0.094516
0.6280,  0.097826
0.6285,  0.101201
0.6290,  0.100753
0.6295,  0.098958
0.6300,  0.095286
0.6305,  0.089031
0.6310,  0.083436
0.6315,  0.081995
0.6320,  0.079436
0.6325,  0.079435
0.6330,  0.080607
0.6335,  0.082624
0.6340,  0.086167
0.6345,  0.089080
0.6350,  0.091160
0.6355,  0.091681
0.6360,  0.091411
0.6365,  0.087340
0.6370,  0.081927
0.6375,  0.079567
0.6380,  0.079400
0.6385,  0.080692
0.6390,  0.082035
0.6395,  0.083305
0.6400,  0.082263
0.6405,  0.081297
0.6410,  0.078431
0.6415,  0.078826
0.6420,  0.077637
0.6425,  0.075075
0.6430,  0.073803
0.6435,  0.074936
0.6440,  0.077149
0.6445,  0.080399
0.6450,  0.087584
0.6455,  0.092066
0.6460,  0.095795
0.6465,  0.097983
0.6470,  0.098031
0.6475,  0.096150
0.6480,  0.094712
0.6485,  0.092320
0.6490,  0.087663
0.6495,  0.090184
0.6500,  0.091854
0.6505,  0.095236
0.6510,  0.100792
0.6515,  0.100709
0.6520,  0.099904
0.6525,  0.096585
0.6530,  0.095217
0.6535,  0.089619
0.6540,  0.090031
0.6545,  0.096500
0.6550,  0.106149
0.6555,  0.105921
0.6560,  0.094557
0.6565,  0.071315
0.6570,  0.042060
0.6575,  0.048863
0.6580,  0.057448
0.6585,  0.067124
0.6590,  0.078576
0.6595,  0.074737
0.6600,  0.073066
0.6605,  0.072205
0.6610,  0.073053
0.6615,  0.070872
0.6620,  0.070038
0.6625,  0.070454
0.6630,  0.068961
0.6635,  0.070356
0.6640,  0.071349
0.6645,  0.073248
0.6650,  0.076514
0.6655,  0.075779
0.6660,  0.074022
0.6665,  0.072458
0.6670,  0.069105
0.6675,  0.069050
0.6680,  0.069452
0.6685,  0.071777
0.6690,  0.073645
0.6695,  0.070904
0.6700,  0.069113
0.6705,  0.068831
0.6710,  0.069161
0.6715,  0.072275
0.6720,  0.072971
0.6725,  0.073099
0.6730,  0.071993
0.6735,  0.068509
0.6740,  0.067076
0.6745,  0.068047
0.6750,  0.067429
0.6755,  0.068062
0.6760,  0.068284
0.6765,  0.069999
0.6770,  0.071617
0.6775,  0.071517
0.6780,  0.071107
0.6785,  0.071889
0.6790,  0.072153
0.6795,  0.072580
0.6800,  0.072850
0.6805,  0.072799
0.6810,  0.072696
0.6815,  0.071012
0.6820,  0.070266
0.6825,  0.071194
0.6830,  0.074765
0.6835,  0.077190
0.6840,  0.077551
0.6845,  0.077593
0.6850,  0.084522
0.6855,  0.103748
0.6860,  0.129288
0.6865,  0.153724
0.6870,  0.168632
0.6875,  0.169025
0.6880,  0.165654
0.6885,  0.161621
0.6890,  0.156816
0.6895,  0.151642
0.6900,  0.146728
0.6905,  0.141825
0.6910,  0.136819
0.6915,  0.135798
0.6920,  0.134661
0.6925,  0.136308
0.6930,  0.139447
0.6935,  0.139553
0.6940,  0.139720
0.6945,  0.134333
0.6950,  0.126553
0.6955,  0.116383
0.6960,  0.107628
0.6965,  0.102930
0.6970,  0.100177
0.6975,  0.105362
0.6980,  0.112953
0.6985,  0.119142
0.6990,  0.124484
0.6995,  0.124273
0.7000,  0.121313
0.7005,  0.119692
0.7010,  0.118051
0.7015,  0.119821
0.7020,  0.121292
0.7025,  0.121317
0.7030,  0.118279
0.7035,  0.118159
0.7040,  0.119883
0.7045,  0.121715
0.7050,  0.122291
0.7055,  0.119588
0.7060,  0.118240
0.7065,  0.114646
0.7070,  0.111582
0.7075,  0.109167
0.7080,  0.106688
0.7085,  0.104556
0.7090,  0.103648
0.7095,  0.104096
0.7100,  0.103840
0.7105,  0.102466
0.7110,  0.101737
0.7115,  0.101801
0.7120,  0.099758
0.7125,  0.100520
0.7130,  0.098119
0.7135,  0.100630
0.7140,  0.102625
0.7145,  0.105996
0.7150,  0.115465
0.7155,  0.131124
0.7160,  0.158003
0.7165,  0.185894
0.7170,  0.218088
0.7175,  0.242241
0.7180,  0.259929
0.7185,  0.272716
0.7190,  0.274983
0.7195,  0.271603
0.7200,  0.258264
0.7205,  0.235757
0.7210,  0.210843
0.7215,  0.195213
0.7220,  0.191959
0.7225,  0.200892
0.7230,  0.216186
0.7235,  0.232131
0.7240,  0.242335
0.7245,  0.246860
0.7250,  0.249518
0.7255,  0.247826
0.7260,  0.247104
0.7265,  0.248805
0.7270,  0.250921
0.7275,  0.248727
0.7280,  0.245123
0.7285,  0.242404
0.7290,  0.238026
0.7295,  0.234391
0.7300,  0.230281
0.7305,  0.222562
0.7310,  0.213720
0.7315,  0.200710
0.7320,  0.183436
0.7325,  0.166163
0.7330,  0.151931
0.7335,  0.144547
0.7340,  0.137717
0.7345,  0.133741
0.7350,  0.131460
0.7355,  0.132051
0.7360,  0.130146
0.7365,  0.127920
0.7370,  0.123695
0.7375,  0.118991
0.7380,  0.117928
0.7385,  0.116095
0.7390,  0.110912
0.7395,  0.107188
0.7400,  0.102056
0.7405,  0.095619
0.7410,  0.092178
0.7415,  0.096140
0.7420,  0.098326
0.7425,  0.100620
0.7430,  0.100467
0.7435,  0.094292
0.7440,  0.094059
0.7445,  0.098538
0.7450,  0.098433
0.7455,  0.099313
0.7460,  0.100443
0.7465,  0.100138
0.7470,  0.097660
0.7475,  0.095510
0.7480,  0.094534
0.7485,  0.094050
0.7490,  0.093627
0.7495,  0.093326
0.7500,  0.094148
0.7505,  0.095283
0.7510,  0.096925
0.7515,  0.097879
0.7520,  0.096376
0.7525,  0.091743
0.7530,  0.089253
0.7535,  0.089755
0.7540,  0.090071
0.7545,  0.086150
0.7550,  0.087022
0.7555,  0.086271
0.7560,  0.085520
0.7565,  0.083585
0.7570,  0.086507
0.7575,  0.096500
0.7580,  0.121156
0.7585,  0.172817
0.7590,  0.261882
0.7595,  0.380109
0.7600,  0.487168
0.7605,  0.543813
0.7610,  0.546681
0.7615,  0.523172
0.7620,  0.512553
0.7625,  0.510176
0.7630,  0.501384
0.7635,  0.472487
0.7640,  0.429293
0.7645,  0.385567
0.7650,  0.337667
0.7655,  0.286563
0.7660,  0.241776
0.7665,  0.198250
0.7670,  0.163214
0.7675,  0.144797
0.7680,  0.132090
0.7685,  0.122663
0.7690,  0.120409
0.7695,  0.116328
0.7700,  0.111758
0.7705,  0.107447
0.7710,  0.101969
0.7715,  0.097867
0.7720,  0.097790
0.7725,  0.098172
0.7730,  0.100545
0.7735,  0.101737
0.7740,  0.102481
0.7745,  0.100196
0.7750,  0.094976
0.7755,  0.096446
0.7760,  0.096947
0.7765,  0.096673
0.7770,  0.098772
0.7775,  0.096108
0.7780,  0.096325
0.7785,  0.094390
0.7790,  0.094246
0.7795,  0.094863
0.7800,  0.099315
0.7805,  0.100073
0.7810,  0.097862
0.7815,  0.094464
0.7820,  0.090805
0.7825,  0.089711
0.7830,  0.086282
0.7835,  0.083457
0.7840,  0.082276
0.7845,  0.083302
0.7850,  0.085062
0.7855,  0.084205
0.7860,  0.087705
0.7865,  0.092695
0.7870,  0.098953
0.7875,  0.105401
0.7880,  0.105830
0.7885,  0.104057
0.7890,  0.106586
0.7895,  0.104579
0.7900,  0.103711
0.7905,  0.108305
0.7910,  0.107954
0.7915,  0.107071
0.7920,  0.107714
0.7925,  0.106238
0.7930,  0.104659
0.7935,  0.101990
0.7940,  0.099280
0.7945,  0.100280
0.7950,  0.098954
0.7955,  0.103202
0.7960,  0.108474
0.7965,  0.114770
0.7970,  0.116870
0.7975,  0.115058
0.7980,  0.114503
0.7985,  0.111508
0.7990,  0.109169
0.7995,  0.109563
0.8000,  0.110520
0.8005,  0.114346
0.8010,  0.117123
0.8015,  0.119674
0.8020,  0.120789
0.8025,  0.123083
0.8030,  0.121158
0.8035,  0.125632
0.8040,  0.126366
0.8045,  0.126405
0.8050,  0.118686
0.8055,  0.112996
0.8060,  0.107505
0.8065,  0.104352
0.8070,  0.105005
0.8075,  0.108096
0.8080,  0.110316
0.8085,  0.108320
0.8090,  0.106736
0.8095,  0.111301
0.8100,  0.116542
0.8105,  0.124711
0.8110,  0.133184
0.8115,  0.145211
0.8120,  0.157356
0.8125,  0.175049
0.8130,  0.193233
0.8135,  0.213144
0.8140,  0.232732
0.8145,  0.247425
0.8150,  0.265642
0.8155,  0.283207
0.8160,  0.292191
0.8165,  0.295446
0.8170,  0.295824
0.8175,  0.289114
0.8180,  0.275168
0.8185,  0.264917
0.8190,  0.240032
0.8195,  0.222727
0.8200,  0.199957
0.8205,  0.195883
0.8210,  0.207538
0.8215,  0.233907
0.8220,  0.269108
0.8225,  0.292045
0.8230,  0.280796
0.8235,  0.251218
0.8240,  0.217623
0.8245,  0.204122
0.8250,  0.192781
0.8255,  0.189202
0.8260,  0.190572
0.8265,  0.197238
0.8270,  0.212525
0.8275,  0.224028
0.8280,  0.224009
0.8285,  0.215463
0.8290,  0.212343
0.8295,  0.204678
0.8300,  0.199005
0.8305,  0.200965
0.8310,  0.202347
0.8315,  0.196381
0.8320,  0.190939
0.8325,  0.191585
0.8330,  0.186083
0.8335,  0.176002
0.8340,  0.163329
0.8345,  0.158462
0.8350,  0.151428
0.8355,  0.143552
0.8360,  0.139099
0.8365,  0.134317
0.8370,  0.131672
0.8375,  0.130163
0.8380,  0.130721
0.8385,  0.123724
0.8390,  0.116970
0.8395,  0.110421
0.8400,  0.103928
0.8405,  0.101004
0.8410,  0.099873
0.8415,  0.108272
0.8420,  0.109577
0.8425,  0.105221
0.8430,  0.104787
0.8435,  0.105670
0.8440,  0.100530
0.8445,  0.098221
0.8450,  0.094936
0.8455,  0.088841
0.8460,  0.084494
0.8465,  0.086626
0.8470,  0.092826
0.8475,  0.096838
0.8480,  0.097862
0.8485,  0.099070
0.8490,  0.100337
0.8495,  0.104969
0.8500,  0.095049
0.8505,  0.092331
0.8510,  0.087514
0.8515,  0.083890
0.8520,  0.083575
0.8525,  0.075758
0.8530,  0.081084
0.8535,  0.087575
0.8540,  0.080719
0.8545,  0.092678
0.8550,  0.088000
0.8555,  0.088034
0.8560,  0.088006
0.8565,  0.076599
0.8570,  0.077876
0.8575,  0.079656
0.8580,  0.091609
0.8585,  0.091282
0.8590,  0.096947
0.8595,  0.097728
0.8600,  0.095716
0.8605,  0.090285
0.8610,  0.089874
0.8615,  0.085863
0.8620,  0.083937
0.8625,  0.079585
0.8630,  0.081979
0.8635,  0.083810
0.8640,  0.094104
0.8645,  0.089274
0.8650,  0.091747
0.8655,  0.096713
0.8660,  0.088977
0.8665,  0.098285
0.8670,  0.086141
0.8675,  0.079144
0.8680,  0.078762
0.8685,  0.076709
0.8690,  0.080056
0.8695,  0.080224
0.8700,  0.082707
0.8705,  0.084078
0.8710,  0.088848
0.8715,  0.097057
0.8720,  0.108050
0.8725,  0.106567
0.8730,  0.105652
0.8735,  0.098544
0.8740,  0.095846
0.8745,  0.093527
0.8750,  0.097278
0.8755,  0.103905
0.8760,  0.106313
0.8765,  0.108220
0.8770,  0.104015
0.8775,  0.096328
0.8780,  0.093202
0.8785,  0.091525
0.8790,  0.093716
0.8795,  0.093118
0.8800,  0.092190
0.8805,  0.092861
0.8810,  0.095144
0.8815,  0.097589
0.8820,  0.098692
0.8825,  0.099179
0.8830,  0.099748
0.8835,  0.092450
0.8840,  0.087299
0.8845,  0.083909
0.8850,  0.080047
0.8855,  0.088357
0.8860,  0.092930
0.8865,  0.098297
0.8870,  0.106521
0.8875,  0.112868
0.8880,  0.119267
0.8885,  0.113447
0.8890,  0.104953
0.8895,  0.097838
0.8900,  0.100988
