0.3500,  0.323175
0.3505,  0.381378
0.3510,  0.350619
0.3515,  0.316803
0.3520,  0.289287
0.3525,  0.248870
0.3530,  0.291480
0.3535,  0.327432
0.3540,  0.350741
0.3545,  0.373496
0.3550,  0.352533
0.3555,  0.332482
0.3560,  0.300174
0.3565,  0.271222
0.3570,  0.241670
0.3575,  0.209127
0.3580,  0.171578
0.3585,  0.110283
0.3590,  0.266312
0.3595,  0.386545
0.3600,  0.360252
0.3605,  0.343190
0.3610,  0.289900
0.3615,  0.233307
0.3620,  0.272314
0.3625,  0.311152
0.3630,  0.302961
0.3635,  0.300334
0.3640,  0.293759
0.3645,  0.276500
0.3650,  0.305951
0.3655,  0.339409
0.3660,  0.352420
0.3665,  0.366379
0.3670,  0.342088
0.3675,  0.324329
0.3680,  0.294970
0.3685,  0.258806
0.3690,  0.296983
0.3695,  0.335799
0.3700,  0.305729
0.3705,  0.272407
0.3710,  0.289580
0.3715,  0.313196
0.3720,  0.287819
0.3725,  0.261056
0.3730,  0.224909
0.3735,  0.182490
0.3740,  0.187729
0.3745,  0.189638
0.3750,  0.260593
0.3755,  0.314126
0.3760,  0.302237
0.3765,  0.283175
0.3770,  0.321195
0.3775,  0.359298
0.3780,  0.360029
0.3785,  0.372383
0.3790,  0.291744
0.3795,  0.198495
0.3800,  0.252597
0.3805,  0.315490
0.3810,  0.297266
0.3815,  0.283389
0.3820,  0.203504
0.3825,  0.102567
0.3830,  0.073153
0.3835,  0.031131
0.3840,  0.184778
0.3845,  0.300229
0.3850,  0.308634
0.3855,  0.315525
0.3860,  0.297417
0.3865,  0.282795
0.3870,  0.272321
0.3875,  0.262762
0.3880,  0.246703
0.3885,  0.227088
0.3890,  0.285068
0.3895,  0.324563
0.3900,  0.315417
0.3905,  0.311670
0.3910,  0.328709
0.3915,  0.365656
0.3920,  0.288711
0.3925,  0.205431
0.3930,  0.043309
0.3935,  -0.195512
0.3940,  0.060515
0.3945,  0.239342
0.3950,  0.333428
0.3955,  0.428332
0.3960,  0.281506
0.3965,  0.092672
0.3970,  0.110013
0.3975,  0.099549
0.3980,  0.267323
0.3985,  0.385407
0.3990,  0.368203
0.3995,  0.362034
0.4000,  0.334411
0.4005,  0.307052
0.4010,  0.298661
0.4015,  0.299659
0.4020,  0.291621
0.4025,  0.289083
0.4030,  0.269375
0.4035,  0.248204
0.4040,  0.244803
0.4045,  0.246092
0.4050,  0.248968
0.4055,  0.252316
0.4060,  0.237572
0.4065,  0.220669
0.4070,  0.226342
0.4075,  0.227443
0.4080,  0.247033
0.4085,  0.268541
0.4090,  0.261645
0.4095,  0.259106
0.4100,  0.216331
0.4105,  0.165965
0.4110,  0.227913
0.4115,  0.283950
0.4120,  0.271131
0.4125,  0.255578
0.4130,  0.241547
0.4135,  0.230181
0.4140,  0.223339
0.4145,  0.215113
0.4150,  0.212578
0.4155,  0.211126
0.4160,  0.231992
0.4165,  0.257505
0.4170,  0.221870
0.4175,  0.182118
0.4180,  0.188553
0.4185,  0.197582
0.4190,  0.206173
0.4195,  0.209576
0.4200,  0.222964
0.4205,  0.234466
0.4210,  0.239368
0.4215,  0.247494
0.4220,  0.204535
0.4225,  0.155215
0.4230,  0.191464
0.4235,  0.227290
0.4240,  0.236756
0.4245,  0.249300
0.4250,  0.233656
0.4255,  0.218946
0.4260,  0.221908
0.4265,  0.228313
0.4270,  0.199622
0.4275,  0.172424
0.4280,  0.180632
0.4285,  0.199270
0.4290,  0.187122
0.4295,  0.181477
0.4300,  0.102096
0.4305,  -0.008349
0.4310,  0.162422
0.4315,  0.290132
0.4320,  0.258523
0.4325,  0.228454
0.4330,  0.237165
0.4335,  0.245340
0.4340,  0.221584
0.4345,  0.195030
0.4350,  0.196393
0.4355,  0.193635
0.4360,  0.231342
0.4365,  0.271836
0.4370,  0.245087
0.4375,  0.224247
0.4380,  0.178537
0.4385,  0.123029
0.4390,  0.184795
0.4395,  0.237645
0.4400,  0.205412
0.4405,  0.169998
0.4410,  0.206193
0.4415,  0.240684
0.4420,  0.241584
0.4425,  0.240368
0.4430,  0.216048
0.4435,  0.197657
0.4440,  0.210969
0.4445,  0.227694
0.4450,  0.200393
0.4455,  0.168369
0.4460,  0.182733
0.4465,  0.193334
0.4470,  0.224547
0.4475,  0.253566
0.4480,  0.227340
0.4485,  0.200423
0.4490,  0.201806
0.4495,  0.201037
0.4500,  0.215287
0.4505,  0.233431
0.4510,  0.227057
0.4515,  0.221510
0.4520,  0.194527
0.4525,  0.169824
0.4530,  0.182864
0.4535,  0.190468
0.4540,  0.194499
0.4545,  0.193871
0.4550,  0.199618
0.4555,  0.206014
0.4560,  0.209263
0.4565,  0.214558
0.4570,  0.217132
0.4575,  0.221433
0.4580,  0.198408
0.4585,  0.174976
0.4590,  0.183872
0.4595,  0.188997
0.4600,  0.192601
0.4605,  0.195345
0.4610,  0.194381
0.4615,  0.193763
0.4620,  0.201825
0.4625,  0.212071
0.4630,  0.200313
0.4635,  0.193221
0.4640,  0.187945
0.4645,  0.180581
0.4650,  0.201251
0.4655,  0.221009
0.4660,  0.197788
0.4665,  0.175238
0.4670,  0.196920
0.4675,  0.213655
0.4680,  0.211486
0.4685,  0.210046
0.4690,  0.211024
0.4695,  0.214736
0.4700,  0.195704
0.4705,  0.172050
0.4710,  0.197351
0.4715,  0.222033
0.4720,  0.220755
0.4725,  0.221109
0.4730,  0.211019
0.4735,  0.199672
0.4740,  0.210521
0.4745,  0.224920
0.4750,  0.221340
0.4755,  0.215499
0.4760,  0.202917
0.4765,  0.189352
0.4770,  0.210486
0.4775,  0.229416
0.4780,  0.211356
0.4785,  0.195077
0.4790,  0.206539
0.4795,  0.217275
0.4800,  0.206643
0.4805,  0.199979
0.4810,  0.210285
0.4815,  0.221992
0.4820,  0.208885
0.4825,  0.201494
0.4830,  0.204282
0.4835,  0.208644
0.4840,  0.208628
0.4845,  0.214767
0.4850,  0.205105
0.4855,  0.194311
0.4860,  0.161296
0.4865,  0.114929
0.4870,  0.160348
0.4875,  0.200317
0.4880,  0.210258
0.4885,  0.217541
0.4890,  0.215470
0.4895,  0.216425
0.4900,  0.220509
0.4905,  0.230044
0.4910,  0.212313
0.4915,  0.192738
0.4920,  0.194087
0.4925,  0.190195
0.4930,  0.185019
0.4935,  0.176683
0.4940,  0.205614
0.4945,  0.234342
0.4950,  0.205858
0.4955,  0.177271
0.4960,  0.195862
0.4965,  0.214153
0.4970,  0.217867
0.4975,  0.223477
0.4980,  0.194270
0.4985,  0.162846
0.4990,  0.188430
0.4995,  0.215401
0.5000,  0.197686
0.5005,  0.178635
0.5010,  0.173527
0.5015,  0.164826
0.5020,  0.181996
0.5025,  0.200244
0.5030,  0.209888
0.5035,  0.217771
0.5040,  0.201071
0.5045,  0.179918
0.5050,  0.199706
0.5055,  0.220408
0.5060,  0.211128
0.5065,  0.204518
0.5070,  0.197070
0.5075,  0.187651
0.5080,  0.190235
0.5085,  0.191448
0.5090,  0.190001
0.5095,  0.188168
0.5100,  0.192652
0.5105,  0.196527
0.5110,  0.205098
0.5115,  0.215141
0.5120,  0.191744
0.5125,  0.169631
0.5130,  0.173154
0.5135,  0.175135
0.5140,  0.180988
0.5145,  0.186251
0.5150,  0.196006
0.5155,  0.213369
0.5160,  0.179354
0.5165,  0.141582
0.5170,  0.165818
0.5175,  0.184920
0.5180,  0.166032
0.5185,  0.140067
0.5190,  0.169785
0.5195,  0.198949
0.5200,  0.190476
0.5205,  0.181940
0.5210,  0.192529
0.5215,  0.205645
0.5220,  0.187110
0.5225,  0.166028
0.5230,  0.176120
0.5235,  0.184744
0.5240,  0.193327
0.5245,  0.206152
0.5250,  0.205567
0.5255,  0.208120
0.5260,  0.163892
0.5265,  0.111361
0.5270,  0.146410
0.5275,  0.173107
0.5280,  0.178086
0.5285,  0.183939
0.5290,  0.181967
0.5295,  0.180404
0.5300,  0.183076
0.5305,  0.187522
0.5310,  0.192676
0.5315,  0.201320
0.5320,  0.167089
0.5325,  0.128650
0.5330,  0.164799
0.5335,  0.196901
0.5340,  0.178409
0.5345,  0.158837
0.5350,  0.183617
0.5355,  0.210249
0.5360,  0.187276
0.5365,  0.164284
0.5370,  0.167996
0.5375,  0.172702
0.5380,  0.179445
0.5385,  0.188049
0.5390,  0.178817
0.5395,  0.168306
0.5400,  0.157679
0.5405,  0.144729
0.5410,  0.169091
0.5415,  0.192374
0.5420,  0.178506
0.5425,  0.164269
0.5430,  0.172844
0.5435,  0.180573
0.5440,  0.177366
0.5445,  0.175734
0.5450,  0.180449
0.5455,  0.184202
0.5460,  0.182369
0.5465,  0.181018
0.5470,  0.172929
0.5475,  0.162267
0.5480,  0.168851
0.5485,  0.174629
0.5490,  0.179725
0.5495,  0.184955
0.5500,  0.177625
0.5505,  0.170639
0.5510,  0.172554
0.5515,  0.174279
0.5520,  0.170687
0.5525,  0.164942
0.5530,  0.172816
0.5535,  0.179684
0.5540,  0.182024
0.5545,  0.183919
0.5550,  0.186645
0.5555,  0.190126
0.5560,  0.178218
0.5565,  0.166433
0.5570,  0.175459
0.5575,  0.184904
0.5580,  0.176668
0.5585,  0.166319
0.5590,  0.169922
0.5595,  0.173117
0.5600,  0.178506
0.5605,  0.183738
0.5610,  0.179294
0.5615,  0.174702
0.5620,  0.178542
0.5625,  0.183797
0.5630,  0.186631
0.5635,  0.190026
0.5640,  0.191401
0.5645,  0.193291
0.5650,  0.183388
0.5655,  0.169540
0.5660,  0.173173
0.5665,  0.179795
0.5670,  0.193333
0.5675,  0.208133
0.5680,  0.194180
0.5685,  0.181353
0.5690,  0.196988
0.5695,  0.211461
0.5700,  0.192509
0.5705,  0.171085
0.5710,  0.178731
0.5715,  0.182725
0.5720,  0.191031
0.5725,  0.201806
0.5730,  0.196784
0.5735,  0.195936
0.5740,  0.197850
0.5745,  0.198387
0.5750,  0.191369
0.5755,  0.182063
0.5760,  0.183670
0.5765,  0.186710
0.5770,  0.191597
0.5775,  0.196735
0.5780,  0.179474
0.5785,  0.159054
0.5790,  0.165849
0.5795,  0.172846
0.5800,  0.172915
0.5805,  0.173333
0.5810,  0.175401
0.5815,  0.179310
0.5820,  0.181885
0.5825,  0.184013
0.5830,  0.179703
0.5835,  0.177895
0.5840,  0.181636
0.5845,  0.186005
0.5850,  0.171203
0.5855,  0.156540
0.5860,  0.170320
0.5865,  0.186421
0.5870,  0.200770
0.5875,  0.220274
0.5880,  0.216106
0.5885,  0.209147
0.5890,  0.181742
0.5895,  0.146941
0.5900,  0.193207
0.5905,  0.235460
0.5910,  0.225447
0.5915,  0.211633
0.5920,  0.207978
0.5925,  0.208677
0.5930,  0.206158
0.5935,  0.207157
0.5940,  0.204031
0.5945,  0.198512
0.5950,  0.201388
0.5955,  0.202161
0.5960,  0.204855
0.5965,  0.206614
0.5970,  0.197598
0.5975,  0.190493
0.5980,  0.184517
0.5985,  0.180507
0.5990,  0.186909
0.5995,  0.192455
0.6000,  0.189530
0.6005,  0.186678
0.6010,  0.186679
0.6015,  0.183755
0.6020,  0.172918
0.6025,  0.161642
0.6030,  0.173788
0.6035,  0.188328
0.6040,  0.185411
0.6045,  0.185172
0.6050,  0.184665
0.6055,  0.180558
0.6060,  0.178575
0.6065,  0.176018
0.6070,  0.174689
0.6075,  0.177255
0.6080,  0.179891
0.6085,  0.182165
0.6090,  0.188797
0.6095,  0.193963
0.6100,  0.183039
0.6105,  0.170677
0.6110,  0.177892
0.6115,  0.187007
0.6120,  0.179931
0.6125,  0.173204
0.6130,  0.171642
0.6135,  0.169995
0.6140,  0.180810
0.6145,  0.192975
0.6150,  0.195845
0.6155,  0.196779
0.6160,  0.170437
0.6165,  0.141572
0.6170,  0.162253
0.6175,  0.185813
0.6180,  0.192948
0.6185,  0.198142
0.6190,  0.195207
0.6195,  0.189259
0.6200,  0.194303
0.6205,  0.199417
0.6210,  0.189139
0.6215,  0.179720
0.6220,  0.187113
0.6225,  0.194806
0.6230,  0.185614
0.6235,  0.182579
0.6240,  0.189412
0.6245,  0.191118
0.6250,  0.185075
0.6255,  0.174963
0.6260,  0.186548
0.6265,  0.198860
0.6270,  0.198503
0.6275,  0.202670
0.6280,  0.207674
0.6285,  0.215039
0.6290,  0.217896
0.6295,  0.217511
0.6300,  0.213725
0.6305,  0.206177
0.6310,  0.194903
0.6315,  0.190268
0.6320,  0.186498
0.6325,  0.184800
0.6330,  0.185284
0.6335,  0.187425
0.6340,  0.193052
0.6345,  0.197262
0.6350,  0.201832
0.6355,  0.203831
0.6360,  0.202718
0.6365,  0.197471
0.6370,  0.189394
0.6375,  0.182892
0.6380,  0.182356
0.6385,  0.183644
0.6390,  0.184325
0.6395,  0.182729
0.6400,  0.182003
0.6405,  0.180913
0.6410,  0.176241
0.6415,  0.177685
0.6420,  0.174819
0.6425,  0.170615
0.6430,  0.170968
0.6435,  0.173295
0.6440,  0.175828
0.6445,  0.182529
0.6450,  0.189547
0.6455,  0.194337
0.6460,  0.199540
0.6465,  0.203890
0.6470,  0.206292
0.6475,  0.205119
0.6480,  0.204796
0.6485,  0.200982
0.6490,  0.192932
0.6495,  0.194183
0.6500,  0.196418
0.6505,  0.203604
0.6510,  0.210387
0.6515,  0.208862
0.6520,  0.206196
0.6525,  0.204601
0.6530,  0.203006
0.6535,  0.196840
0.6540,  0.198136
0.6545,  0.206137
0.6550,  0.216349
0.6555,  0.209107
0.6560,  0.186226
0.6565,  0.154206
0.6570,  0.116837
0.6575,  0.126621
0.6580,  0.140616
0.6585,  0.154784
0.6590,  0.169628
0.6595,  0.165916
0.6600,  0.161834
0.6605,  0.157725
0.6610,  0.155368
0.6615,  0.151738
0.6620,  0.151164
0.6625,  0.153113
0.6630,  0.157690
0.6635,  0.160613
0.6640,  0.161395
0.6645,  0.163907
0.6650,  0.163374
0.6655,  0.158602
0.6660,  0.155199
0.6665,  0.150060
0.6670,  0.146632
0.6675,  0.150141
0.6680,  0.148623
0.6685,  0.150955
0.6690,  0.154593
0.6695,  0.154801
0.6700,  0.155148
0.6705,  0.153600
0.6710,  0.154354
0.6715,  0.154161
0.6720,  0.152220
0.6725,  0.150427
0.6730,  0.150031
0.6735,  0.148065
0.6740,  0.142699
0.6745,  0.139626
0.6750,  0.137794
0.6755,  0.140761
0.6760,  0.146246
0.6765,  0.152544
0.6770,  0.154652
0.6775,  0.151743
0.6780,  0.150874
0.6785,  0.147823
0.6790,  0.144704
0.6795,  0.141918
0.6800,  0.139834
0.6805,  0.139067
0.6810,  0.141794
0.6815,  0.144077
0.6820,  0.148926
0.6825,  0.153037
0.6830,  0.156898
0.6835,  0.156824
0.6840,  0.153348
0.6845,  0.155291
0.6850,  0.164820
0.6855,  0.193546
0.6860,  0.234813
0.6865,  0.271258
0.6870,  0.287546
0.6875,  0.286262
0.6880,  0.283263
0.6885,  0.278967
0.6890,  0.271730
0.6895,  0.261299
0.6900,  0.247847
0.6905,  0.239212
0.6910,  0.234667
0.6915,  0.236148
0.6920,  0.238936
0.6925,  0.241285
0.6930,  0.245422
0.6935,  0.243246
0.6940,  0.238394
0.6945,  0.234573
0.6950,  0.222439
0.6955,  0.207246
0.6960,  0.195970
0.6965,  0.190198
0.6970,  0.191194
0.6975,  0.199803
0.6980,  0.211264
0.6985,  0.218739
0.6990,  0.223185
0.6995,  0.224269
0.7000,  0.221653
0.7005,  0.219451
0.7010,  0.216845
0.7015,  0.219461
0.7020,  0.216533
0.7025,  0.211249
0.7030,  0.205041
0.7035,  0.201348
0.7040,  0.202711
0.7045,  0.207016
0.7050,  0.211383
0.7055,  0.211659
0.7060,  0.212498
0.7065,  0.207066
0.7070,  0.203959
0.7075,  0.196716
0.7080,  0.190605
0.7085,  0.184742
0.7090,  0.178968
0.7095,  0.174986
0.7100,  0.174529
0.7105,  0.179540
0.7110,  0.186555
0.7115,  0.184418
0.7120,  0.183940
0.7125,  0.186957
0.7130,  0.189196
0.7135,  0.191786
0.7140,  0.196363
0.7145,  0.202543
0.7150,  0.216201
0.7155,  0.241578
0.7160,  0.280155
0.7165,  0.320725
0.7170,  0.359076
0.7175,  0.388242
0.7180,  0.413405
0.7185,  0.428990
0.7190,  0.435532
0.7195,  0.429263
0.7200,  0.408732
0.7205,  0.373900
0.7210,  0.340252
0.7215,  0.320665
0.7220,  0.322636
0.7225,  0.336417
0.7230,  0.355674
0.7235,  0.373628
0.7240,  0.386457
0.7245,  0.391586
0.7250,  0.394866
0.7255,  0.395285
0.7260,  0.397638
0.7265,  0.394939
0.7270,  0.392496
0.7275,  0.387302
0.7280,  0.381214
0.7285,  0.372868
0.7290,  0.363616
0.7295,  0.356036
0.7300,  0.351780
0.7305,  0.346156
0.7310,  0.329730
0.7315,  0.308136
0.7320,  0.286353
0.7325,  0.264390
0.7330,  0.246104
0.7335,  0.234993
0.7340,  0.228766
0.7345,  0.227495
0.7350,  0.225958
0.7355,  0.221795
0.7360,  0.219264
0.7365,  0.216349
0.7370,  0.216656
0.7375,  0.212826
0.7380,  0.206867
0.7385,  0.205914
0.7390,  0.197997
0.7395,  0.192980
0.7400,  0.187646
0.7405,  0.181066
0.7410,  0.170753
0.7415,  0.171083
0.7420,  0.168660
0.7425,  0.173677
0.7430,  0.175757
0.7435,  0.176445
0.7440,  0.177722
0.7445,  0.174211
0.7450,  0.172712
0.7455,  0.172232
0.7460,  0.167927
0.7465,  0.165725
0.7470,  0.164704
0.7475,  0.160115
0.7480,  0.161307
0.7485,  0.162953
0.7490,  0.167256
0.7495,  0.170801
0.7500,  0.173164
0.7505,  0.177329
0.7510,  0.173343
0.7515,  0.166762
0.7520,  0.166671
0.7525,  0.162843
0.7530,  0.158846
0.7535,  0.159317
0.7540,  0.157434
0.7545,  0.149227
0.7550,  0.150100
0.7555,  0.149662
0.7560,  0.151041
0.7565,  0.154819
0.7570,  0.157868
0.7575,  0.176052
0.7580,  0.228831
0.7585,  0.326603
0.7590,  0.467818
0.7595,  0.622019
0.7600,  0.745404
0.7605,  0.781332
0.7610,  0.759485
0.7615,  0.731956
0.7620,  0.727548
0.7625,  0.736944
0.7630,  0.729121
0.7635,  0.682849
0.7640,  0.612768
0.7645,  0.539789
0.7650,  0.464434
0.7655,  0.397748
0.7660,  0.341615
0.7665,  0.294104
0.7670,  0.258349
0.7675,  0.238682
0.7680,  0.221134
0.7685,  0.213355
0.7690,  0.203664
0.7695,  0.194849
0.7700,  0.187972
0.7705,  0.182754
0.7710,  0.175823
0.7715,  0.176485
0.7720,  0.177040
0.7725,  0.169990
0.7730,  0.168413
0.7735,  0.167261
0.7740,  0.166216
0.7745,  0.160571
0.7750,  0.148407
0.7755,  0.146931
0.7760,  0.147416
0.7765,  0.151989
0.7770,  0.154657
0.7775,  0.150251
0.7780,  0.140980
0.7785,  0.137609
0.7790,  0.133215
0.7795,  0.139970
0.7800,  0.140229
0.7805,  0.140338
0.7810,  0.144330
0.7815,  0.144044
0.7820,  0.141580
0.7825,  0.136192
0.7830,  0.131529
0.7835,  0.137367
0.7840,  0.136402
0.7845,  0.139573
0.7850,  0.144045
0.7855,  0.156124
0.7860,  0.164446
0.7865,  0.172710
0.7870,  0.174845
0.7875,  0.174903
0.7880,  0.184175
0.7885,  0.193305
0.7890,  0.199533
0.7895,  0.200185
0.7900,  0.194061
0.7905,  0.189346
0.7910,  0.185027
0.7915,  0.187051
0.7920,  0.188095
0.7925,  0.185725
0.7930,  0.188833
0.7935,  0.193905
0.7940,  0.196298
0.7945,  0.198736
0.7950,  0.199379
0.7955,  0.201294
0.7960,  0.198939
0.7965,  0.193502
0.7970,  0.186072
0.7975,  0.180696
0.7980,  0.182262
0.7985,  0.191820
0.7990,  0.196601
0.7995,  0.197680
0.8000,  0.201437
0.8005,  0.197753
0.8010,  0.192564
0.8015,  0.182833
0.8020,  0.177305
0.8025,  0.183598
0.8030,  0.188414
0.8035,  0.189502
0.8040,  0.190298
0.8045,  0.182094
0.8050,  0.174932
0.8055,  0.169393
0.8060,  0.169855
0.8065,  0.169109
0.8070,  0.168355
0.8075,  0.163679
0.8080,  0.166653
0.8085,  0.162599
0.8090,  0.160833
0.8095,  0.170826
0.8100,  0.187766
0.8105,  0.203874
0.8110,  0.221579
0.8115,  0.249776
0.8120,  0.269900
0.8125,  0.294670
0.8130,  0.317534
0.8135,  0.330970
0.8140,  0.342057
0.8145,  0.360785
0.8150,  0.385781
0.8155,  0.397110
0.8160,  0.413141
0.8165,  0.427242
0.8170,  0.427415
0.8175,  0.422330
0.8180,  0.416600
0.8185,  0.392294
0.8190,  0.361268
0.8195,  0.331088
0.8200,  0.305465
0.8205,  0.297757
0.8210,  0.322515
0.8215,  0.361464
0.8220,  0.408756
0.8225,  0.435657
0.8230,  0.416133
0.8235,  0.373453
0.8240,  0.330663
0.8245,  0.301101
0.8250,  0.288126
0.8255,  0.289261
0.8260,  0.285750
0.8265,  0.284851
0.8270,  0.295698
0.8275,  0.302745
0.8280,  0.313453
0.8285,  0.325409
0.8290,  0.332173
0.8295,  0.327165
0.8300,  0.310987
0.8305,  0.298945
0.8310,  0.294467
0.8315,  0.274608
0.8320,  0.255630
0.8325,  0.239294
0.8330,  0.230871
0.8335,  0.224296
0.8340,  0.221198
0.8345,  0.223673
0.8350,  0.222805
0.8355,  0.219868
0.8360,  0.204219
0.8365,  0.188555
0.8370,  0.188726
0.8375,  0.182053
0.8380,  0.171853
0.8385,  0.168110
0.8390,  0.167292
0.8395,  0.168895
0.8400,  0.168955
0.8405,  0.166832
0.8410,  0.161824
0.8415,  0.163205
0.8420,  0.167016
0.8425,  0.156671
0.8430,  0.149829
0.8435,  0.148387
0.8440,  0.142783
0.8445,  0.132214
0.8450,  0.127115
0.8455,  0.132077
0.8460,  0.138221
0.8465,  0.148065
0.8470,  0.156469
0.8475,  0.165542
0.8480,  0.177694
0.8485,  0.171448
0.8490,  0.157058
0.8495,  0.139025
0.8500,  0.113750
0.8505,  0.113440
0.8510,  0.121705
0.8515,  0.140639
0.8520,  0.170475
0.8525,  0.182772
0.8530,  0.180165
0.8535,  0.155638
0.8540,  0.113487
0.8545,  0.110131
0.8550,  0.115331
0.8555,  0.120776
0.8560,  0.135543
0.8565,  0.139673
0.8570,  0.150948
0.8575,  0.148757
0.8580,  0.151783
0.8585,  0.156494
0.8590,  0.170233
0.8595,  0.166777
0.8600,  0.155768
0.8605,  0.135785
0.8610,  0.114571
0.8615,  0.102680
0.8620,  0.101594
0.8625,  0.108752
0.8630,  0.115120
0.8635,  0.132401
0.8640,  0.149967
0.8645,  0.151084
0.8650,  0.149504
0.8655,  0.137986
0.8660,  0.107853
0.8665,  0.087703
0.8670,  0.068805
0.8675,  0.050574
0.8680,  0.058313
0.8685,  0.079768
0.8690,  0.121529
0.8695,  0.156741
0.8700,  0.169362
0.8705,  0.156064
0.8710,  0.133923
0.8715,  0.115032
0.8720,  0.105970
0.8725,  0.104771
0.8730,  0.111001
0.8735,  0.113410
0.8740,  0.121661
0.8745,  0.135872
0.8750,  0.149269
0.8755,  0.151787
0.8760,  0.151029
0.8765,  0.163580
0.8770,  0.152453
0.8775,  0.133876
0.8780,  0.116452
0.8785,  0.092285
0.8790,  0.083723
0.8795,  0.091781
0.8800,  0.096006
0.8805,  0.111529
0.8810,  0.137019
0.8815,  0.141114
0.8820,  0.150238
0.8825,  0.141330
0.8830,  0.125202
0.8835,  0.109181
0.8840,  0.090835
0.8845,  0.087947
0.8850,  0.099585
0.8855,  0.106484
0.8860,  0.119034
0.8865,  0.135924
0.8870,  0.157018
0.8875,  0.148121
0.8880,  0.127395
0.8885,  0.115380
0.8890,  0.092259
0.8895,  0.092957
0.8900,  0.113822
