0.3500,  0.867672
0.3505,  0.917979
0.3510,  0.864530
0.3515,  0.826825
0.3520,  0.765798
0.3525,  0.713191
0.3530,  0.744107
0.3535,  0.779144
0.3540,  0.783290
0.3545,  0.802203
0.3550,  0.775651
0.3555,  0.747916
0.3560,  0.707070
0.3565,  0.677353
0.3570,  0.666971
0.3575,  0.651240
0.3580,  0.642285
0.3585,  0.583603
0.3590,  0.757765
0.3595,  0.904250
0.3600,  0.870981
0.3605,  0.847868
0.3610,  0.783188
0.3615,  0.719389
0.3620,  0.757513
0.3625,  0.782484
0.3630,  0.754501
0.3635,  0.734261
0.3640,  0.719414
0.3645,  0.689132
0.3650,  0.700737
0.3655,  0.714629
0.3660,  0.706609
0.3665,  0.709496
0.3670,  0.675567
0.3675,  0.649607
0.3680,  0.616731
0.3685,  0.577554
0.3690,  0.615052
0.3695,  0.657298
0.3700,  0.624215
0.3705,  0.589040
0.3710,  0.612801
0.3715,  0.642841
0.3720,  0.612250
0.3725,  0.576862
0.3730,  0.544109
0.3735,  0.511581
0.3740,  0.531562
0.3745,  0.548697
0.3750,  0.646623
0.3755,  0.727289
0.3760,  0.719064
0.3765,  0.681812
0.3770,  0.707709
0.3775,  0.736973
0.3780,  0.716304
0.3785,  0.701644
0.3790,  0.586737
0.3795,  0.472100
0.3800,  0.528159
0.3805,  0.588049
0.3810,  0.559032
0.3815,  0.543739
0.3820,  0.475210
0.3825,  0.402272
0.3830,  0.411466
0.3835,  0.396593
0.3840,  0.577794
0.3845,  0.713384
0.3850,  0.725003
0.3855,  0.718216
0.3860,  0.682741
0.3865,  0.655928
0.3870,  0.638787
0.3875,  0.626697
0.3880,  0.602222
0.3885,  0.574229
0.3890,  0.631252
0.3895,  0.671985
0.3900,  0.661081
0.3905,  0.647497
0.3910,  0.651978
0.3915,  0.678881
0.3920,  0.585476
0.3925,  0.490657
0.3930,  0.320391
0.3935,  0.073630
0.3940,  0.385418
0.3945,  0.598184
0.3950,  0.697211
0.3955,  0.794302
0.3960,  0.623345
0.3965,  0.410896
0.3970,  0.435641
0.3975,  0.432066
0.3980,  0.616154
0.3985,  0.731608
0.3990,  0.689589
0.3995,  0.656835
0.4000,  0.600874
0.4005,  0.549671
0.4010,  0.521751
0.4015,  0.505439
0.4020,  0.481666
0.4025,  0.467108
0.4030,  0.436786
0.4035,  0.412117
0.4040,  0.408381
0.4045,  0.410312
0.4050,  0.414481
0.4055,  0.414960
0.4060,  0.396191
0.4065,  0.378134
0.4070,  0.391456
0.4075,  0.399213
0.4080,  0.421716
0.4085,  0.441533
0.4090,  0.431946
0.4095,  0.428288
0.4100,  0.384161
0.4105,  0.332150
0.4110,  0.404096
0.4115,  0.465470
0.4120,  0.446451
0.4125,  0.426803
0.4130,  0.412524
0.4135,  0.399986
0.4140,  0.390849
0.4145,  0.378196
0.4150,  0.371533
0.4155,  0.369398
0.4160,  0.394391
0.4165,  0.420177
0.4170,  0.378902
0.4175,  0.333774
0.4180,  0.344200
0.4185,  0.360093
0.4190,  0.371081
0.4195,  0.376326
0.4200,  0.391199
0.4205,  0.406232
0.4210,  0.408702
0.4215,  0.411717
0.4220,  0.353865
0.4225,  0.292450
0.4230,  0.331884
0.4235,  0.372045
0.4240,  0.383019
0.4245,  0.400577
0.4250,  0.389010
0.4255,  0.372406
0.4260,  0.378308
0.4265,  0.387553
0.4270,  0.360289
0.4275,  0.326756
0.4280,  0.337565
0.4285,  0.355472
0.4290,  0.336732
0.4295,  0.324704
0.4300,  0.244212
0.4305,  0.142237
0.4310,  0.349134
0.4315,  0.504540
0.4320,  0.477885
0.4325,  0.444335
0.4330,  0.444055
0.4335,  0.441900
0.4340,  0.408345
0.4345,  0.376361
0.4350,  0.372873
0.4355,  0.367288
0.4360,  0.399077
0.4365,  0.436058
0.4370,  0.399259
0.4375,  0.368235
0.4380,  0.314521
0.4385,  0.253614
0.4390,  0.326378
0.4395,  0.389709
0.4400,  0.360062
0.4405,  0.325158
0.4410,  0.369371
0.4415,  0.405319
0.4420,  0.399833
0.4425,  0.393991
0.4430,  0.364465
0.4435,  0.338251
0.4440,  0.345945
0.4445,  0.358099
0.4450,  0.325746
0.4455,  0.290141
0.4460,  0.308236
0.4465,  0.321354
0.4470,  0.354489
0.4475,  0.388940
0.4480,  0.363102
0.4485,  0.332339
0.4490,  0.335274
0.4495,  0.337485
0.4500,  0.351873
0.4505,  0.366261
0.4510,  0.354455
0.4515,  0.342701
0.4520,  0.308316
0.4525,  0.279693
0.4530,  0.294696
0.4535,  0.307534
0.4540,  0.316643
0.4545,  0.323250
0.4550,  0.333150
0.4555,  0.343482
0.4560,  0.345275
0.4565,  0.347216
0.4570,  0.345978
0.4575,  0.347123
0.4580,  0.318076
0.4585,  0.291780
0.4590,  0.300700
0.4595,  0.312466
0.4600,  0.322112
0.4605,  0.329161
0.4610,  0.328336
0.4615,  0.323663
0.4620,  0.328289
0.4625,  0.333713
0.4630,  0.315210
0.4635,  0.301703
0.4640,  0.292152
0.4645,  0.281914
0.4650,  0.303236
0.4655,  0.326681
0.4660,  0.305178
0.4665,  0.285304
0.4670,  0.309791
0.4675,  0.330251
0.4680,  0.325070
0.4685,  0.322882
0.4690,  0.325261
0.4695,  0.328385
0.4700,  0.306312
0.4705,  0.281243
0.4710,  0.310350
0.4715,  0.339282
0.4720,  0.336928
0.4725,  0.335181
0.4730,  0.322495
0.4735,  0.310796
0.4740,  0.320783
0.4745,  0.332338
0.4750,  0.324171
0.4755,  0.315226
0.4760,  0.300170
0.4765,  0.286412
0.4770,  0.313916
0.4775,  0.339060
0.4780,  0.317526
0.4785,  0.295902
0.4790,  0.306224
0.4795,  0.315647
0.4800,  0.303183
0.4805,  0.294895
0.4810,  0.304165
0.4815,  0.314344
0.4820,  0.299547
0.4825,  0.287380
0.4830,  0.287231
0.4835,  0.288367
0.4840,  0.283430
0.4845,  0.286011
0.4850,  0.274085
0.4855,  0.262366
0.4860,  0.230905
0.4865,  0.186280
0.4870,  0.243562
0.4875,  0.291063
0.4880,  0.302395
0.4885,  0.310530
0.4890,  0.307446
0.4895,  0.305095
0.4900,  0.305849
0.4905,  0.312018
0.4910,  0.286196
0.4915,  0.259724
0.4920,  0.260405
0.4925,  0.258618
0.4930,  0.251713
0.4935,  0.242257
0.4940,  0.274154
0.4945,  0.306245
0.4950,  0.272793
0.4955,  0.237933
0.4960,  0.257141
0.4965,  0.275949
0.4970,  0.278319
0.4975,  0.283569
0.4980,  0.251955
0.4985,  0.217926
0.4990,  0.245894
0.4995,  0.273207
0.5000,  0.252158
0.5005,  0.229153
0.5010,  0.222258
0.5015,  0.212966
0.5020,  0.232758
0.5025,  0.250976
0.5030,  0.258569
0.5035,  0.265470
0.5040,  0.249543
0.5045,  0.230292
0.5050,  0.251184
0.5055,  0.273213
0.5060,  0.260797
0.5065,  0.250530
0.5070,  0.238564
0.5075,  0.227142
0.5080,  0.230315
0.5085,  0.231883
0.5090,  0.229623
0.5095,  0.227006
0.5100,  0.232217
0.5105,  0.238327
0.5110,  0.248662
0.5115,  0.260070
0.5120,  0.233468
0.5125,  0.207510
0.5130,  0.212045
0.5135,  0.214060
0.5140,  0.222506
0.5145,  0.227589
0.5150,  0.235918
0.5155,  0.250927
0.5160,  0.211137
0.5165,  0.169323
0.5170,  0.199654
0.5175,  0.225211
0.5180,  0.209403
0.5185,  0.186928
0.5190,  0.225889
0.5195,  0.260180
0.5200,  0.250165
0.5205,  0.239187
0.5210,  0.246941
0.5215,  0.257713
0.5220,  0.235370
0.5225,  0.212150
0.5230,  0.225136
0.5235,  0.233905
0.5240,  0.241091
0.5245,  0.251093
0.5250,  0.245072
0.5255,  0.245369
0.5260,  0.194671
0.5265,  0.138369
0.5270,  0.183228
0.5275,  0.218914
0.5280,  0.228453
0.5285,  0.234724
0.5290,  0.230695
0.5295,  0.225681
0.5300,  0.225461
0.5305,  0.228391
0.5310,  0.228905
0.5315,  0.234325
0.5320,  0.195289
0.5325,  0.154303
0.5330,  0.200091
0.5335,  0.239618
0.5340,  0.221897
0.5345,  0.201309
0.5350,  0.226775
0.5355,  0.253380
0.5360,  0.225598
0.5365,  0.200160
0.5370,  0.203623
0.5375,  0.207917
0.5380,  0.215525
0.5385,  0.224230
0.5390,  0.211020
0.5395,  0.199829
0.5400,  0.190941
0.5405,  0.179916
0.5410,  0.207785
0.5415,  0.232800
0.5420,  0.216937
0.5425,  0.200735
0.5430,  0.210994
0.5435,  0.220087
0.5440,  0.216862
0.5445,  0.214281
0.5450,  0.219905
0.5455,  0.225148
0.5460,  0.222105
0.5465,  0.221428
0.5470,  0.213095
0.5475,  0.201661
0.5480,  0.207605
0.5485,  0.212298
0.5490,  0.216793
0.5495,  0.222422
0.5500,  0.212677
0.5505,  0.204298
0.5510,  0.206320
0.5515,  0.209797
0.5520,  0.206461
0.5525,  0.203159
0.5530,  0.212306
0.5535,  0.221159
0.5540,  0.225454
0.5545,  0.228056
0.5550,  0.229131
0.5555,  0.231748
0.5560,  0.215606
0.5565,  0.201628
0.5570,  0.212441
0.5575,  0.224088
0.5580,  0.215201
0.5585,  0.205243
0.5590,  0.213455
0.5595,  0.220701
0.5600,  0.226171
0.5605,  0.229891
0.5610,  0.224321
0.5615,  0.218657
0.5620,  0.222289
0.5625,  0.225744
0.5630,  0.227658
0.5635,  0.231553
0.5640,  0.232936
0.5645,  0.233824
0.5650,  0.223926
0.5655,  0.209735
0.5660,  0.216699
0.5665,  0.225674
0.5670,  0.239578
0.5675,  0.253264
0.5680,  0.234997
0.5685,  0.217341
0.5690,  0.231295
0.5695,  0.245875
0.5700,  0.227397
0.5705,  0.205808
0.5710,  0.218144
0.5715,  0.225324
0.5720,  0.234293
0.5725,  0.245068
0.5730,  0.235415
0.5735,  0.230251
0.5740,  0.228646
0.5745,  0.228365
0.5750,  0.221355
0.5755,  0.212501
0.5760,  0.216920
0.5765,  0.223079
0.5770,  0.226319
0.5775,  0.230890
0.5780,  0.216073
0.5785,  0.198909
0.5790,  0.208293
0.5795,  0.216627
0.5800,  0.216976
0.5805,  0.217721
0.5810,  0.218149
0.5815,  0.220037
0.5820,  0.222916
0.5825,  0.224113
0.5830,  0.216991
0.5835,  0.213167
0.5840,  0.214012
0.5845,  0.220729
0.5850,  0.208679
0.5855,  0.195571
0.5860,  0.211708
0.5865,  0.225233
0.5870,  0.232742
0.5875,  0.245734
0.5880,  0.236359
0.5885,  0.225520
0.5890,  0.200461
0.5895,  0.167680
0.5900,  0.221972
0.5905,  0.268191
0.5910,  0.255317
0.5915,  0.242445
0.5920,  0.239458
0.5925,  0.238256
0.5930,  0.232099
0.5935,  0.233230
0.5940,  0.230215
0.5945,  0.226805
0.5950,  0.231656
0.5955,  0.233219
0.5960,  0.235247
0.5965,  0.239136
0.5970,  0.231228
0.5975,  0.224868
0.5980,  0.219768
0.5985,  0.218544
0.5990,  0.230347
0.5995,  0.239680
0.6000,  0.234544
0.6005,  0.228228
0.6010,  0.230248
0.6015,  0.231454
0.6020,  0.221039
0.6025,  0.208132
0.6030,  0.222191
0.6035,  0.234258
0.6040,  0.230463
0.6045,  0.230430
0.6050,  0.230177
0.6055,  0.226930
0.6060,  0.222778
0.6065,  0.218059
0.6070,  0.218122
0.6075,  0.223988
0.6080,  0.227693
0.6085,  0.229740
0.6090,  0.233243
0.6095,  0.236014
0.6100,  0.227061
0.6105,  0.218189
0.6110,  0.229689
0.6115,  0.241422
0.6120,  0.234038
0.6125,  0.226689
0.6130,  0.225342
0.6135,  0.225570
0.6140,  0.238326
0.6145,  0.250193
0.6150,  0.255074
0.6155,  0.257121
0.6160,  0.229777
0.6165,  0.199236
0.6170,  0.224615
0.6175,  0.248750
0.6180,  0.255878
0.6185,  0.261220
0.6190,  0.255811
0.6195,  0.246936
0.6200,  0.251331
0.6205,  0.256500
0.6210,  0.244266
0.6215,  0.233099
0.6220,  0.243959
0.6225,  0.255262
0.6230,  0.247230
0.6235,  0.241916
0.6240,  0.247511
0.6245,  0.248750
0.6250,  0.243956
0.6255,  0.235094
0.6260,  0.248801
0.6265,  0.264058
0.6270,  0.264318
0.6275,  0.267787
0.6280,  0.270638
0.6285,  0.276105
0.6290,  0.277951
0.6295,  0.277893
0.6300,  0.272528
0.6305,  0.262926
0.6310,  0.254319
0.6315,  0.250322
0.6320,  0.248807
0.6325,  0.251803
0.6330,  0.256702
0.6335,  0.262650
0.6340,  0.267102
0.6345,  0.269315
0.6350,  0.271530
0.6355,  0.272311
0.6360,  0.269231
0.6365,  0.262010
0.6370,  0.255477
0.6375,  0.251212
0.6380,  0.251837
0.6385,  0.256891
0.6390,  0.262056
0.6395,  0.260517
0.6400,  0.259927
0.6405,  0.255284
0.6410,  0.250934
0.6415,  0.251341
0.6420,  0.249500
0.6425,  0.247427
0.6430,  0.245445
0.6435,  0.245876
0.6440,  0.248297
0.6445,  0.253438
0.6450,  0.259321
0.6455,  0.260182
0.6460,  0.265446
0.6465,  0.269953
0.6470,  0.271613
0.6475,  0.269239
0.6480,  0.265751
0.6485,  0.263063
0.6490,  0.260343
0.6495,  0.267158
0.6500,  0.271823
0.6505,  0.278523
0.6510,  0.286513
0.6515,  0.286261
0.6520,  0.287690
0.6525,  0.282232
0.6530,  0.278130
0.6535,  0.268452
0.6540,  0.264276
0.6545,  0.266717
0.6550,  0.278394
0.6555,  0.280234
0.6560,  0.275204
0.6565,  0.254816
0.6570,  0.217974
0.6575,  0.226217
0.6580,  0.236930
0.6585,  0.246328
0.6590,  0.257922
0.6595,  0.250564
0.6600,  0.242500
0.6605,  0.240081
0.6610,  0.241257
0.6615,  0.237874
0.6620,  0.238224
0.6625,  0.238820
0.6630,  0.240238
0.6635,  0.243969
0.6640,  0.246224
0.6645,  0.247738
0.6650,  0.251069
0.6655,  0.249488
0.6660,  0.245078
0.6665,  0.243387
0.6670,  0.239776
0.6675,  0.239864
0.6680,  0.241109
0.6685,  0.245085
0.6690,  0.249229
0.6695,  0.246895
0.6700,  0.246382
0.6705,  0.245686
0.6710,  0.247431
0.6715,  0.251601
0.6720,  0.253230
0.6725,  0.254094
0.6730,  0.251312
0.6735,  0.250058
0.6740,  0.249733
0.6745,  0.248558
0.6750,  0.248654
0.6755,  0.250860
0.6760,  0.252133
0.6765,  0.254691
0.6770,  0.255456
0.6775,  0.256829
0.6780,  0.256400
0.6785,  0.257606
0.6790,  0.256141
0.6795,  0.257865
0.6800,  0.260203
0.6805,  0.258892
0.6810,  0.259229
0.6815,  0.261905
0.6820,  0.264424
0.6825,  0.265640
0.6830,  0.267745
0.6835,  0.269160
0.6840,  0.270141
0.6845,  0.272747
0.6850,  0.276287
0.6855,  0.298907
0.6860,  0.333207
0.6865,  0.372567
0.6870,  0.402455
0.6875,  0.415586
0.6880,  0.424585
0.6885,  0.421390
0.6890,  0.417768
0.6895,  0.410583
0.6900,  0.397375
0.6905,  0.384642
0.6910,  0.372297
0.6915,  0.366081
0.6920,  0.358553
0.6925,  0.356380
0.6930,  0.356526
0.6935,  0.356684
0.6940,  0.356643
0.6945,  0.356221
0.6950,  0.349613
0.6955,  0.340790
0.6960,  0.331307
0.6965,  0.323778
0.6970,  0.319061
0.6975,  0.319031
0.6980,  0.321996
0.6985,  0.328538
0.6990,  0.337906
0.6995,  0.339286
0.7000,  0.340204
0.7005,  0.337208
0.7010,  0.335060
0.7015,  0.341291
0.7020,  0.343917
0.7025,  0.345617
0.7030,  0.346357
0.7035,  0.347274
0.7040,  0.348986
0.7045,  0.353413
0.7050,  0.356785
0.7055,  0.353793
0.7060,  0.351352
0.7065,  0.346264
0.7070,  0.342186
0.7075,  0.341170
0.7080,  0.341313
0.7085,  0.338009
0.7090,  0.340674
0.7095,  0.338120
0.7100,  0.333392
0.7105,  0.330564
0.7110,  0.330657
0.7115,  0.332544
0.7120,  0.333884
0.7125,  0.339064
0.7130,  0.338334
0.7135,  0.337778
0.7140,  0.339404
0.7145,  0.348831
0.7150,  0.359905
0.7155,  0.375635
0.7160,  0.399584
0.7165,  0.434392
0.7170,  0.474918
0.7175,  0.512567
0.7180,  0.543805
0.7185,  0.567853
0.7190,  0.577263
0.7195,  0.584024
0.7200,  0.574042
0.7205,  0.550028
0.7210,  0.512770
0.7215,  0.486292
0.7220,  0.471237
0.7225,  0.479247
0.7230,  0.497204
0.7235,  0.515114
0.7240,  0.530924
0.7245,  0.539937
0.7250,  0.549110
0.7255,  0.553221
0.7260,  0.558549
0.7265,  0.560742
0.7270,  0.560465
0.7275,  0.556141
0.7280,  0.557778
0.7285,  0.551922
0.7290,  0.544216
0.7295,  0.537450
0.7300,  0.531502
0.7305,  0.522850
0.7310,  0.512638
0.7315,  0.500945
0.7320,  0.489531
0.7325,  0.468209
0.7330,  0.451943
0.7335,  0.443170
0.7340,  0.429422
0.7345,  0.420531
0.7350,  0.419110
0.7355,  0.420975
0.7360,  0.421413
0.7365,  0.420047
0.7370,  0.415229
0.7375,  0.404573
0.7380,  0.401177
0.7385,  0.403464
0.7390,  0.399850
0.7395,  0.396316
0.7400,  0.391634
0.7405,  0.390384
0.7410,  0.383458
0.7415,  0.391326
0.7420,  0.394442
0.7425,  0.391400
0.7430,  0.390505
0.7435,  0.386699
0.7440,  0.393830
0.7445,  0.399274
0.7450,  0.400966
0.7455,  0.401113
0.7460,  0.393456
0.7465,  0.389347
0.7470,  0.390090
0.7475,  0.383249
0.7480,  0.380517
0.7485,  0.381702
0.7490,  0.382087
0.7495,  0.382404
0.7500,  0.388304
0.7505,  0.394774
0.7510,  0.396453
0.7515,  0.401935
0.7520,  0.403975
0.7525,  0.403938
0.7530,  0.400880
0.7535,  0.394756
0.7540,  0.394003
0.7545,  0.392531
0.7550,  0.397771
0.7555,  0.397498
0.7560,  0.397889
0.7565,  0.402953
0.7570,  0.403091
0.7575,  0.410902
0.7580,  0.442461
0.7585,  0.517687
0.7590,  0.646897
0.7595,  0.839685
0.7600,  1.079546
0.7605,  1.293561
0.7610,  1.388325
0.7615,  1.372841
0.7620,  1.335049
0.7625,  1.298646
0.7630,  1.280442
0.7635,  1.232111
0.7640,  1.161653
0.7645,  1.066627
0.7650,  0.964104
0.7655,  0.862372
0.7660,  0.765827
0.7665,  0.682279
0.7670,  0.617545
0.7675,  0.563571
0.7680,  0.517411
0.7685,  0.486912
0.7690,  0.475357
0.7695,  0.470028
0.7700,  0.467823
0.7705,  0.465527
0.7710,  0.461542
0.7715,  0.460883
0.7720,  0.459026
0.7725,  0.458070
0.7730,  0.458286
0.7735,  0.455623
0.7740,  0.446985
0.7745,  0.446766
0.7750,  0.445582
0.7755,  0.449970
0.7760,  0.455464
0.7765,  0.456850
0.7770,  0.461477
0.7775,  0.463618
0.7780,  0.471821
0.7785,  0.478109
0.7790,  0.480236
0.7795,  0.480654
0.7800,  0.483047
0.7805,  0.470284
0.7810,  0.462426
0.7815,  0.446765
0.7820,  0.448955
0.7825,  0.449773
0.7830,  0.458640
0.7835,  0.462976
0.7840,  0.465995
0.7845,  0.471157
0.7850,  0.472374
0.7855,  0.477690
0.7860,  0.477833
0.7865,  0.479174
0.7870,  0.490804
0.7875,  0.493924
0.7880,  0.502634
0.7885,  0.505436
0.7890,  0.508678
0.7895,  0.512580
0.7900,  0.515049
0.7905,  0.514107
0.7910,  0.512855
0.7915,  0.516214
0.7920,  0.524143
0.7925,  0.527736
0.7930,  0.532736
0.7935,  0.530052
0.7940,  0.530751
0.7945,  0.527968
0.7950,  0.520129
0.7955,  0.534962
0.7960,  0.550981
0.7965,  0.553961
0.7970,  0.550009
0.7975,  0.552962
0.7980,  0.545624
0.7985,  0.542781
0.7990,  0.544179
0.7995,  0.548925
0.8000,  0.554114
0.8005,  0.563159
0.8010,  0.575653
0.8015,  0.578856
0.8020,  0.577814
0.8025,  0.584032
0.8030,  0.590442
0.8035,  0.588999
0.8040,  0.580546
0.8045,  0.582010
0.8050,  0.593749
0.8055,  0.594368
0.8060,  0.582620
0.8065,  0.575386
0.8070,  0.572720
0.8075,  0.580928
0.8080,  0.580839
0.8085,  0.577810
0.8090,  0.585735
0.8095,  0.599625
0.8100,  0.608793
0.8105,  0.623779
0.8110,  0.624146
0.8115,  0.627326
0.8120,  0.647888
0.8125,  0.673300
0.8130,  0.708036
0.8135,  0.749459
0.8140,  0.780355
0.8145,  0.803514
0.8150,  0.837359
0.8155,  0.853222
0.8160,  0.864822
0.8165,  0.886818
0.8170,  0.900768
0.8175,  0.914301
0.8180,  0.921277
0.8185,  0.914534
0.8190,  0.896959
0.8195,  0.892935
0.8200,  0.877690
0.8205,  0.839316
0.8210,  0.822695
0.8215,  0.841104
0.8220,  0.894501
0.8225,  0.957540
0.8230,  0.976440
0.8235,  0.953148
0.8240,  0.893681
0.8245,  0.833885
0.8250,  0.808106
0.8255,  0.796697
0.8260,  0.805375
0.8265,  0.812612
0.8270,  0.821061
0.8275,  0.849185
0.8280,  0.879131
0.8285,  0.877090
0.8290,  0.888561
0.8295,  0.905410
0.8300,  0.895206
0.8305,  0.879129
0.8310,  0.850442
0.8315,  0.840841
0.8320,  0.842396
0.8325,  0.814716
0.8330,  0.811130
0.8335,  0.806294
0.8340,  0.808096
0.8345,  0.802503
0.8350,  0.798776
0.8355,  0.812046
0.8360,  0.829282
0.8365,  0.811032
0.8370,  0.790050
0.8375,  0.783444
0.8380,  0.769298
0.8385,  0.747929
0.8390,  0.733567
0.8395,  0.722791
0.8400,  0.708112
0.8405,  0.716677
0.8410,  0.732025
0.8415,  0.743465
0.8420,  0.747363
0.8425,  0.750914
0.8430,  0.746792
0.8435,  0.736080
0.8440,  0.739647
0.8445,  0.736892
0.8450,  0.727373
0.8455,  0.734441
0.8460,  0.755899
0.8465,  0.765227
0.8470,  0.745818
0.8475,  0.747427
0.8480,  0.743443
0.8485,  0.743061
0.8490,  0.744558
0.8495,  0.741533
0.8500,  0.736049
0.8505,  0.748847
0.8510,  0.746311
0.8515,  0.777978
0.8520,  0.796145
0.8525,  0.791417
0.8530,  0.817205
0.8535,  0.851015
0.8540,  0.856225
0.8545,  0.886139
0.8550,  0.897319
0.8555,  0.863956
0.8560,  0.854896
0.8565,  0.839068
0.8570,  0.828313
0.8575,  0.831185
0.8580,  0.850627
0.8585,  0.853267
0.8590,  0.860165
0.8595,  0.878128
0.8600,  0.887686
0.8605,  0.860166
0.8610,  0.855690
0.8615,  0.867969
0.8620,  0.880050
0.8625,  0.876775
0.8630,  0.881916
0.8635,  0.874601
0.8640,  0.872110
0.8645,  0.876454
0.8650,  0.886082
0.8655,  0.914620
0.8660,  0.924298
0.8665,  0.967113
0.8670,  0.974237
0.8675,  0.968075
0.8680,  0.972528
0.8685,  0.981767
0.8690,  1.000269
0.8695,  1.034446
0.8700,  1.047112
0.8705,  1.043878
0.8710,  1.032429
0.8715,  1.002331
0.8720,  0.981073
0.8725,  0.982483
0.8730,  1.009790
0.8735,  1.033468
0.8740,  1.086540
0.8745,  1.126741
0.8750,  1.110220
0.8755,  1.112688
0.8760,  1.097462
0.8765,  1.116774
0.8770,  1.128616
0.8775,  1.165224
0.8780,  1.180345
0.8785,  1.149174
0.8790,  1.111086
0.8795,  1.120687
0.8800,  1.146518
0.8805,  1.203359
0.8810,  1.170063
0.8815,  1.138869
0.8820,  1.132428
0.8825,  1.140768
0.8830,  1.170565
0.8835,  1.193801
0.8840,  1.199613
0.8845,  1.188075
0.8850,  1.181915
0.8855,  1.213669
0.8860,  1.249344
0.8865,  1.227288
0.8870,  1.265403
0.8875,  1.286626
0.8880,  1.228770
0.8885,  1.229865
0.8890,  1.233027
0.8895,  1.285357
0.8900,  1.318547
