0.3500,  1.050359
0.3505,  1.093494
0.3510,  1.049561
0.3515,  1.009800
0.3520,  0.947359
0.3525,  0.880068
0.3530,  0.903603
0.3535,  0.933555
0.3540,  0.940680
0.3545,  0.964027
0.3550,  0.938440
0.3555,  0.922797
0.3560,  0.901396
0.3565,  0.887996
0.3570,  0.869351
0.3575,  0.862803
0.3580,  0.837272
0.3585,  0.776578
0.3590,  0.932505
0.3595,  1.059381
0.3600,  1.037106
0.3605,  1.002473
0.3610,  0.939723
0.3615,  0.869479
0.3620,  0.900027
0.3625,  0.929932
0.3630,  0.903317
0.3635,  0.873064
0.3640,  0.848239
0.3645,  0.811590
0.3650,  0.820786
0.3655,  0.822475
0.3660,  0.805868
0.3665,  0.790583
0.3670,  0.747398
0.3675,  0.712835
0.3680,  0.671543
0.3685,  0.631532
0.3690,  0.673588
0.3695,  0.718861
0.3700,  0.692171
0.3705,  0.659928
0.3710,  0.674542
0.3715,  0.695125
0.3720,  0.662835
0.3725,  0.630131
0.3730,  0.597367
0.3735,  0.571898
0.3740,  0.594565
0.3745,  0.612194
0.3750,  0.705886
0.3755,  0.771882
0.3760,  0.759298
0.3765,  0.737184
0.3770,  0.767068
0.3775,  0.783254
0.3780,  0.753037
0.3785,  0.739017
0.3790,  0.637923
0.3795,  0.533134
0.3800,  0.584028
0.3805,  0.639285
0.3810,  0.611840
0.3815,  0.596504
0.3820,  0.524771
0.3825,  0.446131
0.3830,  0.449749
0.3835,  0.440672
0.3840,  0.634622
0.3845,  0.777686
0.3850,  0.791458
0.3855,  0.796518
0.3860,  0.771263
0.3865,  0.746098
0.3870,  0.719969
0.3875,  0.692491
0.3880,  0.654664
0.3885,  0.614578
0.3890,  0.658257
0.3895,  0.690252
0.3900,  0.678210
0.3905,  0.664776
0.3910,  0.668787
0.3915,  0.690477
0.3920,  0.592232
0.3925,  0.497348
0.3930,  0.339028
0.3935,  0.117971
0.3940,  0.425701
0.3945,  0.641032
0.3950,  0.741142
0.3955,  0.827199
0.3960,  0.661237
0.3965,  0.455836
0.3970,  0.471106
0.3975,  0.465581
0.3980,  0.639622
0.3985,  0.746425
0.3990,  0.707764
0.3995,  0.674119
0.4000,  0.616800
0.4005,  0.566557
0.4010,  0.537171
0.4015,  0.517069
0.4020,  0.493785
0.4025,  0.482050
0.4030,  0.453106
0.4035,  0.422492
0.4040,  0.407935
0.4045,  0.400309
0.4050,  0.398236
0.4055,  0.400213
0.4060,  0.386313
0.4065,  0.373158
0.4070,  0.386645
0.4075,  0.393999
0.4080,  0.417912
0.4085,  0.440996
0.4090,  0.430849
0.4095,  0.423429
0.4100,  0.378737
0.4105,  0.325067
0.4110,  0.393107
0.4115,  0.454953
0.4120,  0.439032
0.4125,  0.421644
0.4130,  0.401912
0.4135,  0.387255
0.4140,  0.375839
0.4145,  0.366084
0.4150,  0.360276
0.4155,  0.354593
0.4160,  0.378543
0.4165,  0.403099
0.4170,  0.363720
0.4175,  0.323489
0.4180,  0.330016
0.4185,  0.336505
0.4190,  0.344035
0.4195,  0.348304
0.4200,  0.364121
0.4205,  0.379803
0.4210,  0.381662
0.4215,  0.388858
0.4220,  0.343055
0.4225,  0.290595
0.4230,  0.325639
0.4235,  0.362982
0.4240,  0.375846
0.4245,  0.392175
0.4250,  0.377373
0.4255,  0.361484
0.4260,  0.364928
0.4265,  0.370201
0.4270,  0.336654
0.4275,  0.304933
0.4280,  0.310787
0.4285,  0.323877
0.4290,  0.307248
0.4295,  0.299460
0.4300,  0.226561
0.4305,  0.134515
0.4310,  0.331532
0.4315,  0.479351
0.4320,  0.450124
0.4325,  0.413650
0.4330,  0.409187
0.4335,  0.408378
0.4340,  0.379094
0.4345,  0.348407
0.4350,  0.344152
0.4355,  0.338625
0.4360,  0.372791
0.4365,  0.408331
0.4370,  0.374768
0.4375,  0.347932
0.4380,  0.296712
0.4385,  0.238249
0.4390,  0.308834
0.4395,  0.372014
0.4400,  0.341758
0.4405,  0.304785
0.4410,  0.342823
0.4415,  0.376030
0.4420,  0.372208
0.4425,  0.366034
0.4430,  0.335740
0.4435,  0.310416
0.4440,  0.317239
0.4445,  0.329352
0.4450,  0.298091
0.4455,  0.264677
0.4460,  0.280259
0.4465,  0.291047
0.4470,  0.323649
0.4475,  0.354646
0.4480,  0.326592
0.4485,  0.295028
0.4490,  0.293358
0.4495,  0.289803
0.4500,  0.305220
0.4505,  0.320807
0.4510,  0.312540
0.4515,  0.305368
0.4520,  0.272944
0.4525,  0.243828
0.4530,  0.253717
0.4535,  0.264966
0.4540,  0.273063
0.4545,  0.279223
0.4550,  0.289227
0.4555,  0.299080
0.4560,  0.302578
0.4565,  0.304955
0.4570,  0.305376
0.4575,  0.310291
0.4580,  0.285444
0.4585,  0.258445
0.4590,  0.267384
0.4595,  0.274569
0.4600,  0.279302
0.4605,  0.283216
0.4610,  0.282950
0.4615,  0.281497
0.4620,  0.287124
0.4625,  0.293035
0.4630,  0.277366
0.4635,  0.267093
0.4640,  0.258687
0.4645,  0.249789
0.4650,  0.270837
0.4655,  0.293364
0.4660,  0.269745
0.4665,  0.246169
0.4670,  0.267567
0.4675,  0.284842
0.4680,  0.275879
0.4685,  0.270893
0.4690,  0.271022
0.4695,  0.272953
0.4700,  0.251164
0.4705,  0.226076
0.4710,  0.259171
0.4715,  0.290472
0.4720,  0.290039
0.4725,  0.288135
0.4730,  0.272551
0.4735,  0.258708
0.4740,  0.266909
0.4745,  0.275971
0.4750,  0.266095
0.4755,  0.257971
0.4760,  0.246539
0.4765,  0.234047
0.4770,  0.258411
0.4775,  0.280387
0.4780,  0.262273
0.4785,  0.246169
0.4790,  0.259210
0.4795,  0.268636
0.4800,  0.256161
0.4805,  0.247812
0.4810,  0.258011
0.4815,  0.266670
0.4820,  0.250465
0.4825,  0.238757
0.4830,  0.241019
0.4835,  0.243707
0.4840,  0.238754
0.4845,  0.239232
0.4850,  0.224270
0.4855,  0.212798
0.4860,  0.183778
0.4865,  0.144786
0.4870,  0.201660
0.4875,  0.247893
0.4880,  0.258444
0.4885,  0.265285
0.4890,  0.262638
0.4895,  0.261246
0.4900,  0.261846
0.4905,  0.265877
0.4910,  0.240556
0.4915,  0.217542
0.4920,  0.218576
0.4925,  0.217898
0.4930,  0.213861
0.4935,  0.206441
0.4940,  0.237702
0.4945,  0.265565
0.4950,  0.231477
0.4955,  0.198556
0.4960,  0.215008
0.4965,  0.231703
0.4970,  0.232451
0.4975,  0.235097
0.4980,  0.204264
0.4985,  0.171246
0.4990,  0.196051
0.4995,  0.222276
0.5000,  0.202503
0.5005,  0.182361
0.5010,  0.177652
0.5015,  0.170058
0.5020,  0.190681
0.5025,  0.209633
0.5030,  0.218485
0.5035,  0.226064
0.5040,  0.210523
0.5045,  0.190183
0.5050,  0.209658
0.5055,  0.230709
0.5060,  0.219407
0.5065,  0.210017
0.5070,  0.199281
0.5075,  0.188911
0.5080,  0.192216
0.5085,  0.194036
0.5090,  0.192708
0.5095,  0.190514
0.5100,  0.194515
0.5105,  0.198620
0.5110,  0.207847
0.5115,  0.217273
0.5120,  0.190401
0.5125,  0.164550
0.5130,  0.169249
0.5135,  0.171237
0.5140,  0.178109
0.5145,  0.184714
0.5150,  0.192366
0.5155,  0.204518
0.5160,  0.165002
0.5165,  0.124796
0.5170,  0.154590
0.5175,  0.180484
0.5180,  0.168425
0.5185,  0.148190
0.5190,  0.184323
0.5195,  0.216904
0.5200,  0.207109
0.5205,  0.196021
0.5210,  0.203231
0.5215,  0.213076
0.5220,  0.190726
0.5225,  0.170400
0.5230,  0.184962
0.5235,  0.195870
0.5240,  0.202915
0.5245,  0.212029
0.5250,  0.203477
0.5255,  0.200074
0.5260,  0.150868
0.5265,  0.100209
0.5270,  0.146359
0.5275,  0.183894
0.5280,  0.194146
0.5285,  0.200336
0.5290,  0.195391
0.5295,  0.191516
0.5300,  0.192772
0.5305,  0.195901
0.5310,  0.194777
0.5315,  0.198336
0.5320,  0.161840
0.5325,  0.123501
0.5330,  0.164864
0.5335,  0.201901
0.5340,  0.186424
0.5345,  0.168606
0.5350,  0.193692
0.5355,  0.218387
0.5360,  0.191738
0.5365,  0.166409
0.5370,  0.170665
0.5375,  0.174398
0.5380,  0.180794
0.5385,  0.188330
0.5390,  0.176138
0.5395,  0.165547
0.5400,  0.156066
0.5405,  0.145918
0.5410,  0.173330
0.5415,  0.199076
0.5420,  0.185754
0.5425,  0.172701
0.5430,  0.184237
0.5435,  0.194008
0.5440,  0.190688
0.5445,  0.187645
0.5450,  0.191473
0.5455,  0.195667
0.5460,  0.189401
0.5465,  0.184671
0.5470,  0.176057
0.5475,  0.165683
0.5480,  0.172526
0.5485,  0.178988
0.5490,  0.185654
0.5495,  0.192518
0.5500,  0.184924
0.5505,  0.177754
0.5510,  0.180467
0.5515,  0.183630
0.5520,  0.180541
0.5525,  0.175200
0.5530,  0.183986
0.5535,  0.192367
0.5540,  0.195203
0.5545,  0.196726
0.5550,  0.196059
0.5555,  0.197013
0.5560,  0.182734
0.5565,  0.169546
0.5570,  0.180096
0.5575,  0.192483
0.5580,  0.185031
0.5585,  0.175650
0.5590,  0.182983
0.5595,  0.188744
0.5600,  0.194857
0.5605,  0.200401
0.5610,  0.194908
0.5615,  0.188794
0.5620,  0.193214
0.5625,  0.199054
0.5630,  0.203147
0.5635,  0.206104
0.5640,  0.205540
0.5645,  0.206306
0.5650,  0.197409
0.5655,  0.187655
0.5660,  0.195802
0.5665,  0.202743
0.5670,  0.214887
0.5675,  0.227698
0.5680,  0.211808
0.5685,  0.196764
0.5690,  0.211304
0.5695,  0.225965
0.5700,  0.208937
0.5705,  0.189315
0.5710,  0.201459
0.5715,  0.208930
0.5720,  0.219356
0.5725,  0.230798
0.5730,  0.225535
0.5735,  0.223196
0.5740,  0.222836
0.5745,  0.222676
0.5750,  0.215960
0.5755,  0.209094
0.5760,  0.215308
0.5765,  0.220700
0.5770,  0.224525
0.5775,  0.230921
0.5780,  0.217142
0.5785,  0.199538
0.5790,  0.206678
0.5795,  0.213568
0.5800,  0.213204
0.5805,  0.213425
0.5810,  0.215135
0.5815,  0.217570
0.5820,  0.222338
0.5825,  0.224612
0.5830,  0.218897
0.5835,  0.212444
0.5840,  0.212923
0.5845,  0.216651
0.5850,  0.204710
0.5855,  0.193234
0.5860,  0.210172
0.5865,  0.224957
0.5870,  0.231432
0.5875,  0.241389
0.5880,  0.232076
0.5885,  0.225966
0.5890,  0.209842
0.5895,  0.186227
0.5900,  0.243409
0.5905,  0.291123
0.5910,  0.280137
0.5915,  0.267235
0.5920,  0.264889
0.5925,  0.262581
0.5930,  0.252412
0.5935,  0.248529
0.5940,  0.246573
0.5945,  0.245310
0.5950,  0.250356
0.5955,  0.253604
0.5960,  0.256008
0.5965,  0.258247
0.5970,  0.249008
0.5975,  0.241230
0.5980,  0.234462
0.5985,  0.229855
0.5990,  0.237033
0.5995,  0.244131
0.6000,  0.241054
0.6005,  0.237487
0.6010,  0.240070
0.6015,  0.240494
0.6020,  0.230459
0.6025,  0.219003
0.6030,  0.231327
0.6035,  0.245051
0.6040,  0.242856
0.6045,  0.242211
0.6050,  0.240370
0.6055,  0.236674
0.6060,  0.233304
0.6065,  0.230222
0.6070,  0.229390
0.6075,  0.231237
0.6080,  0.232020
0.6085,  0.234236
0.6090,  0.242515
0.6095,  0.246875
0.6100,  0.239132
0.6105,  0.228135
0.6110,  0.237267
0.6115,  0.245911
0.6120,  0.235555
0.6125,  0.229706
0.6130,  0.230142
0.6135,  0.230508
0.6140,  0.242822
0.6145,  0.253091
0.6150,  0.257447
0.6155,  0.259583
0.6160,  0.235422
0.6165,  0.208933
0.6170,  0.233681
0.6175,  0.256195
0.6180,  0.259576
0.6185,  0.264574
0.6190,  0.263775
0.6195,  0.260195
0.6200,  0.265003
0.6205,  0.269972
0.6210,  0.258100
0.6215,  0.246536
0.6220,  0.252785
0.6225,  0.260706
0.6230,  0.252420
0.6235,  0.245935
0.6240,  0.251420
0.6245,  0.255286
0.6250,  0.254344
0.6255,  0.249448
0.6260,  0.264174
0.6265,  0.280424
0.6270,  0.281913
0.6275,  0.283789
0.6280,  0.288299
0.6285,  0.294545
0.6290,  0.297381
0.6295,  0.298114
0.6300,  0.293115
0.6305,  0.284801
0.6310,  0.275968
0.6315,  0.274696
0.6320,  0.272962
0.6325,  0.272098
0.6330,  0.271785
0.6335,  0.274626
0.6340,  0.279039
0.6345,  0.284255
0.6350,  0.287356
0.6355,  0.287741
0.6360,  0.287178
0.6365,  0.281885
0.6370,  0.275531
0.6375,  0.269947
0.6380,  0.266324
0.6385,  0.264563
0.6390,  0.266506
0.6395,  0.267399
0.6400,  0.269789
0.6405,  0.271961
0.6410,  0.270185
0.6415,  0.271183
0.6420,  0.268065
0.6425,  0.263241
0.6430,  0.259002
0.6435,  0.258076
0.6440,  0.257387
0.6445,  0.259959
0.6450,  0.268159
0.6455,  0.275821
0.6460,  0.283607
0.6465,  0.291112
0.6470,  0.297255
0.6475,  0.297860
0.6480,  0.294888
0.6485,  0.292551
0.6490,  0.288593
0.6495,  0.292266
0.6500,  0.293659
0.6505,  0.295930
0.6510,  0.302042
0.6515,  0.305225
0.6520,  0.307761
0.6525,  0.305313
0.6530,  0.301294
0.6535,  0.291321
0.6540,  0.285637
0.6545,  0.282953
0.6550,  0.289184
0.6555,  0.294554
0.6560,  0.296593
0.6565,  0.285048
0.6570,  0.255057
0.6575,  0.266248
0.6580,  0.276619
0.6585,  0.287991
0.6590,  0.302010
0.6595,  0.294922
0.6600,  0.288686
0.6605,  0.284181
0.6610,  0.279079
0.6615,  0.271255
0.6620,  0.267104
0.6625,  0.264976
0.6630,  0.265845
0.6635,  0.271635
0.6640,  0.275646
0.6645,  0.278681
0.6650,  0.282711
0.6655,  0.282574
0.6660,  0.278035
0.6665,  0.272326
0.6670,  0.268507
0.6675,  0.267033
0.6680,  0.265157
0.6685,  0.266807
0.6690,  0.269848
0.6695,  0.272347
0.6700,  0.277127
0.6705,  0.281126
0.6710,  0.285377
0.6715,  0.290169
0.6720,  0.290907
0.6725,  0.288700
0.6730,  0.281862
0.6735,  0.273298
0.6740,  0.272717
0.6745,  0.272637
0.6750,  0.274408
0.6755,  0.279914
0.6760,  0.286808
0.6765,  0.293339
0.6770,  0.296531
0.6775,  0.294827
0.6780,  0.291756
0.6785,  0.290334
0.6790,  0.288382
0.6795,  0.285396
0.6800,  0.281224
0.6805,  0.279790
0.6810,  0.279649
0.6815,  0.278602
0.6820,  0.281293
0.6825,  0.288258
0.6830,  0.296172
0.6835,  0.303070
0.6840,  0.308473
0.6845,  0.309344
0.6850,  0.307896
0.6855,  0.320066
0.6860,  0.343332
0.6865,  0.383220
0.6870,  0.425617
0.6875,  0.455561
0.6880,  0.469457
0.6885,  0.471252
0.6890,  0.469991
0.6895,  0.464050
0.6900,  0.457401
0.6905,  0.446471
0.6910,  0.434081
0.6915,  0.422166
0.6920,  0.414802
0.6925,  0.413095
0.6930,  0.417246
0.6935,  0.419767
0.6940,  0.417659
0.6945,  0.415308
0.6950,  0.413421
0.6955,  0.404367
0.6960,  0.390827
0.6965,  0.378536
0.6970,  0.372339
0.6975,  0.377292
0.6980,  0.384777
0.6985,  0.390406
0.6990,  0.395839
0.6995,  0.394805
0.7000,  0.392939
0.7005,  0.390990
0.7010,  0.390909
0.7015,  0.398507
0.7020,  0.402834
0.7025,  0.403546
0.7030,  0.402818
0.7035,  0.406558
0.7040,  0.406796
0.7045,  0.404721
0.7050,  0.403201
0.7055,  0.401852
0.7060,  0.400821
0.7065,  0.398400
0.7070,  0.392456
0.7075,  0.384197
0.7080,  0.379010
0.7085,  0.373551
0.7090,  0.366946
0.7095,  0.364014
0.7100,  0.360025
0.7105,  0.362642
0.7110,  0.370436
0.7115,  0.376721
0.7120,  0.380869
0.7125,  0.382357
0.7130,  0.380706
0.7135,  0.381160
0.7140,  0.384165
0.7145,  0.388061
0.7150,  0.395911
0.7155,  0.409493
0.7160,  0.431925
0.7165,  0.472217
0.7170,  0.520711
0.7175,  0.570696
0.7180,  0.620040
0.7185,  0.660462
0.7190,  0.688015
0.7195,  0.711802
0.7200,  0.707904
0.7205,  0.682955
0.7210,  0.642977
0.7215,  0.600651
0.7220,  0.571358
0.7225,  0.569412
0.7230,  0.587602
0.7235,  0.613538
0.7240,  0.639406
0.7245,  0.656152
0.7250,  0.672014
0.7255,  0.680597
0.7260,  0.676201
0.7265,  0.669280
0.7270,  0.662022
0.7275,  0.654657
0.7280,  0.650796
0.7285,  0.643558
0.7290,  0.643435
0.7295,  0.646104
0.7300,  0.638428
0.7305,  0.628059
0.7310,  0.619490
0.7315,  0.605540
0.7320,  0.588624
0.7325,  0.563240
0.7330,  0.535241
0.7335,  0.509669
0.7340,  0.491938
0.7345,  0.479065
0.7350,  0.471088
0.7355,  0.465965
0.7360,  0.469608
0.7365,  0.473110
0.7370,  0.472453
0.7375,  0.461334
0.7380,  0.456571
0.7385,  0.454742
0.7390,  0.449371
0.7395,  0.445670
0.7400,  0.439300
0.7405,  0.436325
0.7410,  0.435441
0.7415,  0.444449
0.7420,  0.450271
0.7425,  0.454276
0.7430,  0.454071
0.7435,  0.446418
0.7440,  0.441485
0.7445,  0.436946
0.7450,  0.434686
0.7455,  0.435993
0.7460,  0.436283
0.7465,  0.442347
0.7470,  0.443930
0.7475,  0.443313
0.7480,  0.442669
0.7485,  0.444383
0.7490,  0.444531
0.7495,  0.446303
0.7500,  0.444371
0.7505,  0.445271
0.7510,  0.444297
0.7515,  0.446006
0.7520,  0.447283
0.7525,  0.442687
0.7530,  0.439641
0.7535,  0.438492
0.7540,  0.439418
0.7545,  0.438232
0.7550,  0.438832
0.7555,  0.438235
0.7560,  0.440376
0.7565,  0.439851
0.7570,  0.441089
0.7575,  0.443433
0.7580,  0.467745
0.7585,  0.527761
0.7590,  0.642869
0.7595,  0.848854
0.7600,  1.135943
0.7605,  1.446200
0.7610,  1.645957
0.7615,  1.686716
0.7620,  1.618841
0.7625,  1.574272
0.7630,  1.544843
0.7635,  1.493958
0.7640,  1.427448
0.7645,  1.320636
0.7650,  1.196360
0.7655,  1.072557
0.7660,  0.953635
0.7665,  0.836951
0.7670,  0.747891
0.7675,  0.691657
0.7680,  0.645699
0.7685,  0.611332
0.7690,  0.585843
0.7695,  0.571982
0.7700,  0.560495
0.7705,  0.547533
0.7710,  0.538608
0.7715,  0.533687
0.7720,  0.531204
0.7725,  0.522239
0.7730,  0.524098
0.7735,  0.521101
0.7740,  0.514868
0.7745,  0.509744
0.7750,  0.507639
0.7755,  0.508373
0.7760,  0.514259
0.7765,  0.524971
0.7770,  0.527578
0.7775,  0.525239
0.7780,  0.526194
0.7785,  0.528536
0.7790,  0.532511
0.7795,  0.529579
0.7800,  0.525219
0.7805,  0.523446
0.7810,  0.521930
0.7815,  0.529327
0.7820,  0.527123
0.7825,  0.522281
0.7830,  0.511995
0.7835,  0.513364
0.7840,  0.522038
0.7845,  0.530357
0.7850,  0.530380
0.7855,  0.527051
0.7860,  0.528928
0.7865,  0.538558
0.7870,  0.548077
0.7875,  0.558556
0.7880,  0.572552
0.7885,  0.581175
0.7890,  0.584785
0.7895,  0.594932
0.7900,  0.606879
0.7905,  0.611580
0.7910,  0.606619
0.7915,  0.610542
0.7920,  0.622622
0.7925,  0.632226
0.7930,  0.635359
0.7935,  0.635701
0.7940,  0.638386
0.7945,  0.638787
0.7950,  0.637087
0.7955,  0.641435
0.7960,  0.644475
0.7965,  0.652336
0.7970,  0.651492
0.7975,  0.647931
0.7980,  0.651472
0.7985,  0.651768
0.7990,  0.648149
0.7995,  0.652134
0.8000,  0.655800
0.8005,  0.666784
0.8010,  0.676845
0.8015,  0.682104
0.8020,  0.687106
0.8025,  0.685346
0.8030,  0.685807
0.8035,  0.681494
0.8040,  0.681308
0.8045,  0.683739
0.8050,  0.682118
0.8055,  0.674308
0.8060,  0.660287
0.8065,  0.648193
0.8070,  0.646895
0.8075,  0.642912
0.8080,  0.649288
0.8085,  0.650261
0.8090,  0.663549
0.8095,  0.684147
0.8100,  0.714310
0.8105,  0.733959
0.8110,  0.741560
0.8115,  0.748005
0.8120,  0.774460
0.8125,  0.809543
0.8130,  0.861551
0.8135,  0.915860
0.8140,  0.968588
0.8145,  1.023681
0.8150,  1.080518
0.8155,  1.133297
0.8160,  1.181749
0.8165,  1.187887
0.8170,  1.216457
0.8175,  1.216141
0.8180,  1.208032
0.8185,  1.196118
0.8190,  1.158533
0.8195,  1.119323
0.8200,  1.071526
0.8205,  1.024785
0.8210,  1.011662
0.8215,  1.035598
0.8220,  1.115333
0.8225,  1.207128
0.8230,  1.254958
0.8235,  1.242613
0.8240,  1.175966
0.8245,  1.104529
0.8250,  1.037646
0.8255,  0.995206
0.8260,  0.981424
0.8265,  1.003377
0.8270,  1.036030
0.8275,  1.071750
0.8280,  1.111863
0.8285,  1.123362
0.8290,  1.122307
0.8295,  1.113865
0.8300,  1.096569
0.8305,  1.068973
0.8310,  1.068149
0.8315,  1.061342
0.8320,  1.043684
0.8325,  1.034826
0.8330,  1.032199
0.8335,  1.023820
0.8340,  1.012392
0.8345,  0.996490
0.8350,  0.964003
0.8355,  0.945090
0.8360,  0.937600
0.8365,  0.922805
0.8370,  0.899913
0.8375,  0.891137
0.8380,  0.893712
0.8385,  0.890533
0.8390,  0.877866
0.8395,  0.864505
0.8400,  0.856690
0.8405,  0.852261
0.8410,  0.860764
0.8415,  0.860625
0.8420,  0.860318
0.8425,  0.881694
0.8430,  0.893365
0.8435,  0.900022
0.8440,  0.917097
0.8445,  0.906193
0.8450,  0.896324
0.8455,  0.867341
0.8460,  0.854273
0.8465,  0.848036
0.8470,  0.852446
0.8475,  0.854284
0.8480,  0.879737
0.8485,  0.915215
0.8490,  0.932393
0.8495,  0.962643
0.8500,  0.978390
0.8505,  1.003712
0.8510,  1.017636
0.8515,  1.019659
0.8520,  1.015733
0.8525,  0.993473
0.8530,  0.990304
0.8535,  1.036945
0.8540,  1.087728
0.8545,  1.158700
0.8550,  1.159167
0.8555,  1.147487
0.8560,  1.114594
0.8565,  1.067524
0.8570,  1.053630
0.8575,  1.027730
0.8580,  1.031996
0.8585,  1.042538
0.8590,  1.080766
0.8595,  1.090754
0.8600,  1.108002
0.8605,  1.122400
0.8610,  1.111861
0.8615,  1.086225
0.8620,  1.085128
0.8625,  1.095952
0.8630,  1.078373
0.8635,  1.089964
0.8640,  1.115227
0.8645,  1.113900
0.8650,  1.140196
0.8655,  1.194133
0.8660,  1.264087
0.8665,  1.303869
0.8670,  1.315315
0.8675,  1.298624
0.8680,  1.277575
0.8685,  1.257763
0.8690,  1.228679
0.8695,  1.225372
0.8700,  1.199189
0.8705,  1.196197
0.8710,  1.241535
0.8715,  1.272820
0.8720,  1.323646
0.8725,  1.346490
0.8730,  1.326568
0.8735,  1.346062
0.8740,  1.345578
0.8745,  1.387903
0.8750,  1.443828
0.8755,  1.481298
0.8760,  1.542858
0.8765,  1.518446
0.8770,  1.506951
0.8775,  1.474458
0.8780,  1.477242
0.8785,  1.438559
0.8790,  1.451621
0.8795,  1.498136
0.8800,  1.561279
0.8805,  1.568069
0.8810,  1.613493
0.8815,  1.596985
0.8820,  1.629884
0.8825,  1.664009
0.8830,  1.716280
0.8835,  1.689066
0.8840,  1.682765
0.8845,  1.653545
0.8850,  1.617917
0.8855,  1.679346
0.8860,  1.884501
0.8865,  2.083125
0.8870,  2.080103
0.8875,  1.993539
0.8880,  1.980219
0.8885,  1.979796
0.8890,  1.990305
0.8895,  1.975964
0.8900,  2.013575
