0.3500,  0.905119
0.3505,  0.966449
0.3510,  0.924989
0.3515,  0.897854
0.3520,  0.837056
0.3525,  0.779090
0.3530,  0.805167
0.3535,  0.825743
0.3540,  0.818649
0.3545,  0.833182
0.3550,  0.793772
0.3555,  0.778568
0.3560,  0.747597
0.3565,  0.737262
0.3570,  0.720639
0.3575,  0.705645
0.3580,  0.667820
0.3585,  0.613234
0.3590,  0.810751
0.3595,  0.953514
0.3600,  0.927106
0.3605,  0.896673
0.3610,  0.838867
0.3615,  0.775732
0.3620,  0.803483
0.3625,  0.829542
0.3630,  0.803576
0.3635,  0.784881
0.3640,  0.765433
0.3645,  0.729056
0.3650,  0.734858
0.3655,  0.743334
0.3660,  0.736223
0.3665,  0.730467
0.3670,  0.685394
0.3675,  0.648798
0.3680,  0.601560
0.3685,  0.554346
0.3690,  0.597598
0.3695,  0.645358
0.3700,  0.613152
0.3705,  0.576157
0.3710,  0.598397
0.3715,  0.630396
0.3720,  0.606785
0.3725,  0.585552
0.3730,  0.555408
0.3735,  0.519953
0.3740,  0.535006
0.3745,  0.540552
0.3750,  0.627405
0.3755,  0.697030
0.3760,  0.684200
0.3765,  0.665977
0.3770,  0.709854
0.3775,  0.743874
0.3780,  0.729511
0.3785,  0.723018
0.3790,  0.611478
0.3795,  0.489972
0.3800,  0.538208
0.3805,  0.594599
0.3810,  0.564998
0.3815,  0.555417
0.3820,  0.481080
0.3825,  0.387271
0.3830,  0.388491
0.3835,  0.376773
0.3840,  0.570445
0.3845,  0.714284
0.3850,  0.729033
0.3855,  0.740899
0.3860,  0.717935
0.3865,  0.689295
0.3870,  0.672901
0.3875,  0.660513
0.3880,  0.633647
0.3885,  0.598390
0.3890,  0.649091
0.3895,  0.684952
0.3900,  0.669189
0.3905,  0.652527
0.3910,  0.655991
0.3915,  0.685391
0.3920,  0.583349
0.3925,  0.489319
0.3930,  0.321536
0.3935,  0.078070
0.3940,  0.405044
0.3945,  0.631946
0.3950,  0.733647
0.3955,  0.824591
0.3960,  0.650365
0.3965,  0.437421
0.3970,  0.456804
0.3975,  0.451156
0.3980,  0.641073
0.3985,  0.760354
0.3990,  0.713996
0.3995,  0.672261
0.4000,  0.612389
0.4005,  0.559866
0.4010,  0.527728
0.4015,  0.505493
0.4020,  0.477013
0.4025,  0.455939
0.4030,  0.423513
0.4035,  0.397894
0.4040,  0.393911
0.4045,  0.395622
0.4050,  0.396494
0.4055,  0.393960
0.4060,  0.373907
0.4065,  0.359389
0.4070,  0.373829
0.4075,  0.383631
0.4080,  0.413385
0.4085,  0.438182
0.4090,  0.425996
0.4095,  0.416157
0.4100,  0.363209
0.4105,  0.304783
0.4110,  0.379670
0.4115,  0.446098
0.4120,  0.428080
0.4125,  0.410743
0.4130,  0.393242
0.4135,  0.378166
0.4140,  0.368588
0.4145,  0.358788
0.4150,  0.352659
0.4155,  0.347530
0.4160,  0.367896
0.4165,  0.392388
0.4170,  0.352462
0.4175,  0.310625
0.4180,  0.319444
0.4185,  0.331490
0.4190,  0.340561
0.4195,  0.344848
0.4200,  0.362752
0.4205,  0.377654
0.4210,  0.383523
0.4215,  0.394322
0.4220,  0.341603
0.4225,  0.285371
0.4230,  0.319904
0.4235,  0.360255
0.4240,  0.374030
0.4245,  0.387629
0.4250,  0.375693
0.4255,  0.364601
0.4260,  0.368555
0.4265,  0.374949
0.4270,  0.340118
0.4275,  0.304671
0.4280,  0.311759
0.4285,  0.327217
0.4290,  0.314426
0.4295,  0.303837
0.4300,  0.217753
0.4305,  0.111799
0.4310,  0.325741
0.4315,  0.484463
0.4320,  0.452385
0.4325,  0.418779
0.4330,  0.421392
0.4335,  0.422977
0.4340,  0.392315
0.4345,  0.362140
0.4350,  0.357582
0.4355,  0.350018
0.4360,  0.384335
0.4365,  0.417356
0.4370,  0.377212
0.4375,  0.346460
0.4380,  0.290545
0.4385,  0.229872
0.4390,  0.304896
0.4395,  0.371977
0.4400,  0.343653
0.4405,  0.309629
0.4410,  0.353567
0.4415,  0.389214
0.4420,  0.383379
0.4425,  0.378582
0.4430,  0.350498
0.4435,  0.325659
0.4440,  0.333592
0.4445,  0.346982
0.4450,  0.310972
0.4455,  0.270818
0.4460,  0.285706
0.4465,  0.301346
0.4470,  0.338770
0.4475,  0.371027
0.4480,  0.342506
0.4485,  0.311716
0.4490,  0.313217
0.4495,  0.315455
0.4500,  0.327217
0.4505,  0.338395
0.4510,  0.324293
0.4515,  0.314404
0.4520,  0.280670
0.4525,  0.255032
0.4530,  0.272287
0.4535,  0.286950
0.4540,  0.297667
0.4545,  0.302095
0.4550,  0.308426
0.4555,  0.312676
0.4560,  0.312973
0.4565,  0.315045
0.4570,  0.316150
0.4575,  0.320509
0.4580,  0.295645
0.4585,  0.268592
0.4590,  0.279732
0.4595,  0.288869
0.4600,  0.294190
0.4605,  0.300243
0.4610,  0.302683
0.4615,  0.301631
0.4620,  0.306370
0.4625,  0.312126
0.4630,  0.295458
0.4635,  0.286117
0.4640,  0.278215
0.4645,  0.268934
0.4650,  0.291712
0.4655,  0.315095
0.4660,  0.291739
0.4665,  0.269804
0.4670,  0.297352
0.4675,  0.315295
0.4680,  0.307643
0.4685,  0.301267
0.4690,  0.303923
0.4695,  0.308933
0.4700,  0.285804
0.4705,  0.256855
0.4710,  0.287175
0.4715,  0.317600
0.4720,  0.316891
0.4725,  0.319218
0.4730,  0.308943
0.4735,  0.295907
0.4740,  0.302658
0.4745,  0.310366
0.4750,  0.299542
0.4755,  0.291616
0.4760,  0.277965
0.4765,  0.262323
0.4770,  0.285434
0.4775,  0.309002
0.4780,  0.292956
0.4785,  0.274541
0.4790,  0.286980
0.4795,  0.299413
0.4800,  0.289809
0.4805,  0.280490
0.4810,  0.290264
0.4815,  0.297640
0.4820,  0.279965
0.4825,  0.268835
0.4830,  0.268901
0.4835,  0.273389
0.4840,  0.270371
0.4845,  0.269570
0.4850,  0.251299
0.4855,  0.239394
0.4860,  0.208580
0.4865,  0.166078
0.4870,  0.225292
0.4875,  0.273923
0.4880,  0.286304
0.4885,  0.295810
0.4890,  0.291966
0.4895,  0.287314
0.4900,  0.286267
0.4905,  0.289987
0.4910,  0.260334
0.4915,  0.233743
0.4920,  0.235185
0.4925,  0.237766
0.4930,  0.235305
0.4935,  0.227252
0.4940,  0.259779
0.4945,  0.290166
0.4950,  0.254213
0.4955,  0.217233
0.4960,  0.235979
0.4965,  0.254032
0.4970,  0.253710
0.4975,  0.257438
0.4980,  0.225287
0.4985,  0.189997
0.4990,  0.217176
0.4995,  0.244853
0.5000,  0.222600
0.5005,  0.199650
0.5010,  0.193852
0.5015,  0.186382
0.5020,  0.208413
0.5025,  0.227916
0.5030,  0.235982
0.5035,  0.243289
0.5040,  0.226281
0.5045,  0.206514
0.5050,  0.229503
0.5055,  0.250598
0.5060,  0.236454
0.5065,  0.225577
0.5070,  0.213502
0.5075,  0.201740
0.5080,  0.205681
0.5085,  0.208115
0.5090,  0.206237
0.5095,  0.203866
0.5100,  0.210852
0.5105,  0.218577
0.5110,  0.228675
0.5115,  0.237785
0.5120,  0.208250
0.5125,  0.181211
0.5130,  0.185768
0.5135,  0.188211
0.5140,  0.196903
0.5145,  0.202800
0.5150,  0.211410
0.5155,  0.226075
0.5160,  0.183341
0.5165,  0.139020
0.5170,  0.168783
0.5175,  0.195944
0.5180,  0.183151
0.5185,  0.161633
0.5190,  0.201619
0.5195,  0.237852
0.5200,  0.227793
0.5205,  0.216042
0.5210,  0.224524
0.5215,  0.234793
0.5220,  0.208668
0.5225,  0.183932
0.5230,  0.197198
0.5235,  0.207596
0.5240,  0.216566
0.5245,  0.228766
0.5250,  0.224976
0.5255,  0.225103
0.5260,  0.170670
0.5265,  0.112404
0.5270,  0.158792
0.5275,  0.196248
0.5280,  0.205858
0.5285,  0.211958
0.5290,  0.207654
0.5295,  0.204467
0.5300,  0.204134
0.5305,  0.206773
0.5310,  0.206201
0.5315,  0.212169
0.5320,  0.173433
0.5325,  0.131125
0.5330,  0.175542
0.5335,  0.215272
0.5340,  0.198078
0.5345,  0.178049
0.5350,  0.204200
0.5355,  0.228975
0.5360,  0.198160
0.5365,  0.169343
0.5370,  0.174746
0.5375,  0.180421
0.5380,  0.188686
0.5385,  0.197409
0.5390,  0.187003
0.5395,  0.175469
0.5400,  0.165133
0.5405,  0.153311
0.5410,  0.183992
0.5415,  0.211059
0.5420,  0.195537
0.5425,  0.180092
0.5430,  0.191845
0.5435,  0.202010
0.5440,  0.198823
0.5445,  0.196204
0.5450,  0.200104
0.5455,  0.203770
0.5460,  0.199594
0.5465,  0.194351
0.5470,  0.184777
0.5475,  0.174511
0.5480,  0.182533
0.5485,  0.188696
0.5490,  0.194875
0.5495,  0.201819
0.5500,  0.194815
0.5505,  0.187021
0.5510,  0.189563
0.5515,  0.192376
0.5520,  0.188865
0.5525,  0.183519
0.5530,  0.191064
0.5535,  0.199010
0.5540,  0.200194
0.5545,  0.203223
0.5550,  0.203799
0.5555,  0.204582
0.5560,  0.188285
0.5565,  0.175829
0.5570,  0.187770
0.5575,  0.200894
0.5580,  0.192782
0.5585,  0.184614
0.5590,  0.192087
0.5595,  0.199317
0.5600,  0.204391
0.5605,  0.207528
0.5610,  0.200924
0.5615,  0.194299
0.5620,  0.198216
0.5625,  0.203635
0.5630,  0.206724
0.5635,  0.210437
0.5640,  0.210848
0.5645,  0.212034
0.5650,  0.203379
0.5655,  0.191906
0.5660,  0.198779
0.5665,  0.205942
0.5670,  0.219774
0.5675,  0.233314
0.5680,  0.214007
0.5685,  0.196919
0.5690,  0.213236
0.5695,  0.229754
0.5700,  0.211290
0.5705,  0.190229
0.5710,  0.202129
0.5715,  0.208839
0.5720,  0.218186
0.5725,  0.226939
0.5730,  0.219031
0.5735,  0.213965
0.5740,  0.211150
0.5745,  0.210201
0.5750,  0.202979
0.5755,  0.194207
0.5760,  0.197640
0.5765,  0.201265
0.5770,  0.204958
0.5775,  0.211637
0.5780,  0.195690
0.5785,  0.177692
0.5790,  0.188104
0.5795,  0.196566
0.5800,  0.195939
0.5805,  0.195848
0.5810,  0.198100
0.5815,  0.201168
0.5820,  0.204828
0.5825,  0.205654
0.5830,  0.199743
0.5835,  0.196482
0.5840,  0.198161
0.5845,  0.202581
0.5850,  0.190338
0.5855,  0.176483
0.5860,  0.193517
0.5865,  0.207544
0.5870,  0.214951
0.5875,  0.227574
0.5880,  0.217418
0.5885,  0.207392
0.5890,  0.185345
0.5895,  0.156417
0.5900,  0.213217
0.5905,  0.264138
0.5910,  0.253827
0.5915,  0.240885
0.5920,  0.237611
0.5925,  0.235047
0.5930,  0.228247
0.5935,  0.225362
0.5940,  0.219873
0.5945,  0.215725
0.5950,  0.220969
0.5955,  0.222568
0.5960,  0.224469
0.5965,  0.227579
0.5970,  0.220598
0.5975,  0.216244
0.5980,  0.210991
0.5985,  0.205265
0.5990,  0.212808
0.5995,  0.219757
0.6000,  0.214865
0.6005,  0.211729
0.6010,  0.216260
0.6015,  0.218590
0.6020,  0.207701
0.6025,  0.194624
0.6030,  0.207356
0.6035,  0.222954
0.6040,  0.222815
0.6045,  0.227415
0.6050,  0.226403
0.6055,  0.220987
0.6060,  0.214918
0.6065,  0.211483
0.6070,  0.212195
0.6075,  0.214506
0.6080,  0.214208
0.6085,  0.215152
0.6090,  0.222626
0.6095,  0.227921
0.6100,  0.220160
0.6105,  0.210170
0.6110,  0.219003
0.6115,  0.229483
0.6120,  0.220301
0.6125,  0.211216
0.6130,  0.209010
0.6135,  0.207305
0.6140,  0.217643
0.6145,  0.230182
0.6150,  0.235313
0.6155,  0.237492
0.6160,  0.209673
0.6165,  0.180502
0.6170,  0.209181
0.6175,  0.235079
0.6180,  0.240198
0.6185,  0.244074
0.6190,  0.241816
0.6195,  0.235492
0.6200,  0.242965
0.6205,  0.250976
0.6210,  0.240789
0.6215,  0.228847
0.6220,  0.235991
0.6225,  0.245775
0.6230,  0.238490
0.6235,  0.233855
0.6240,  0.238558
0.6245,  0.239366
0.6250,  0.233297
0.6255,  0.224896
0.6260,  0.238706
0.6265,  0.253046
0.6270,  0.253306
0.6275,  0.256769
0.6280,  0.263073
0.6285,  0.270451
0.6290,  0.272804
0.6295,  0.273818
0.6300,  0.269413
0.6305,  0.261309
0.6310,  0.252428
0.6315,  0.248410
0.6320,  0.242204
0.6325,  0.239609
0.6330,  0.241835
0.6335,  0.245620
0.6340,  0.250368
0.6345,  0.255612
0.6350,  0.261840
0.6355,  0.264309
0.6360,  0.262430
0.6365,  0.259030
0.6370,  0.253090
0.6375,  0.249426
0.6380,  0.248070
0.6385,  0.250443
0.6390,  0.254259
0.6395,  0.251372
0.6400,  0.250226
0.6405,  0.249701
0.6410,  0.249574
0.6415,  0.251614
0.6420,  0.249353
0.6425,  0.246457
0.6430,  0.244061
0.6435,  0.243778
0.6440,  0.243977
0.6445,  0.248589
0.6450,  0.257992
0.6455,  0.264155
0.6460,  0.268830
0.6465,  0.270396
0.6470,  0.270137
0.6475,  0.267871
0.6480,  0.266504
0.6485,  0.266304
0.6490,  0.264137
0.6495,  0.271219
0.6500,  0.274676
0.6505,  0.278505
0.6510,  0.282547
0.6515,  0.281358
0.6520,  0.278652
0.6525,  0.276033
0.6530,  0.271074
0.6535,  0.257343
0.6540,  0.250845
0.6545,  0.251398
0.6550,  0.262175
0.6555,  0.268740
0.6560,  0.268256
0.6565,  0.252961
0.6570,  0.224211
0.6575,  0.236499
0.6580,  0.243095
0.6585,  0.253537
0.6590,  0.266875
0.6595,  0.259014
0.6600,  0.251613
0.6605,  0.245722
0.6610,  0.244022
0.6615,  0.240837
0.6620,  0.238306
0.6625,  0.238898
0.6630,  0.242644
0.6635,  0.247089
0.6640,  0.246207
0.6645,  0.246990
0.6650,  0.248438
0.6655,  0.244820
0.6660,  0.240355
0.6665,  0.237456
0.6670,  0.234292
0.6675,  0.235894
0.6680,  0.235582
0.6685,  0.239174
0.6690,  0.244018
0.6695,  0.242133
0.6700,  0.241996
0.6705,  0.244217
0.6710,  0.248086
0.6715,  0.253247
0.6720,  0.251978
0.6725,  0.247642
0.6730,  0.242910
0.6735,  0.239266
0.6740,  0.238324
0.6745,  0.237888
0.6750,  0.239401
0.6755,  0.243137
0.6760,  0.248347
0.6765,  0.253330
0.6770,  0.257821
0.6775,  0.261298
0.6780,  0.261910
0.6785,  0.263138
0.6790,  0.260774
0.6795,  0.254223
0.6800,  0.250304
0.6805,  0.250976
0.6810,  0.251911
0.6815,  0.251688
0.6820,  0.257156
0.6825,  0.264896
0.6830,  0.270942
0.6835,  0.276885
0.6840,  0.279081
0.6845,  0.280748
0.6850,  0.282643
0.6855,  0.300472
0.6860,  0.331002
0.6865,  0.370346
0.6870,  0.411761
0.6875,  0.432105
0.6880,  0.439408
0.6885,  0.435310
0.6890,  0.430922
0.6895,  0.424526
0.6900,  0.418542
0.6905,  0.406331
0.6910,  0.394052
0.6915,  0.378232
0.6920,  0.370652
0.6925,  0.369995
0.6930,  0.372975
0.6935,  0.373199
0.6940,  0.372973
0.6945,  0.375335
0.6950,  0.374853
0.6955,  0.367681
0.6960,  0.357721
0.6965,  0.353804
0.6970,  0.346833
0.6975,  0.349516
0.6980,  0.353132
0.6985,  0.356772
0.6990,  0.361313
0.6995,  0.357911
0.7000,  0.354483
0.7005,  0.355646
0.7010,  0.356094
0.7015,  0.366954
0.7020,  0.375011
0.7025,  0.376335
0.7030,  0.373357
0.7035,  0.376870
0.7040,  0.378986
0.7045,  0.381561
0.7050,  0.383983
0.7055,  0.380215
0.7060,  0.374585
0.7065,  0.362744
0.7070,  0.356485
0.7075,  0.352968
0.7080,  0.351488
0.7085,  0.351058
0.7090,  0.349805
0.7095,  0.350868
0.7100,  0.353138
0.7105,  0.356323
0.7110,  0.359036
0.7115,  0.354378
0.7120,  0.352099
0.7125,  0.353105
0.7130,  0.355470
0.7135,  0.361530
0.7140,  0.369696
0.7145,  0.377761
0.7150,  0.384771
0.7155,  0.394022
0.7160,  0.420166
0.7165,  0.452379
0.7170,  0.496712
0.7175,  0.545249
0.7180,  0.594465
0.7185,  0.626640
0.7190,  0.648543
0.7195,  0.660423
0.7200,  0.653987
0.7205,  0.623755
0.7210,  0.582557
0.7215,  0.547835
0.7220,  0.531769
0.7225,  0.532587
0.7230,  0.546501
0.7235,  0.568336
0.7240,  0.592052
0.7245,  0.604125
0.7250,  0.614236
0.7255,  0.616324
0.7260,  0.615534
0.7265,  0.620237
0.7270,  0.620916
0.7275,  0.612770
0.7280,  0.613680
0.7285,  0.609268
0.7290,  0.603344
0.7295,  0.597319
0.7300,  0.590407
0.7305,  0.583226
0.7310,  0.580828
0.7315,  0.574091
0.7320,  0.556953
0.7325,  0.538005
0.7330,  0.517577
0.7335,  0.489046
0.7340,  0.476078
0.7345,  0.463521
0.7350,  0.452424
0.7355,  0.445902
0.7360,  0.446555
0.7365,  0.446638
0.7370,  0.452252
0.7375,  0.453871
0.7380,  0.452923
0.7385,  0.446294
0.7390,  0.438863
0.7395,  0.430059
0.7400,  0.421782
0.7405,  0.415754
0.7410,  0.409501
0.7415,  0.414525
0.7420,  0.422844
0.7425,  0.429612
0.7430,  0.431176
0.7435,  0.425255
0.7440,  0.423059
0.7445,  0.416817
0.7450,  0.409743
0.7455,  0.405630
0.7460,  0.408991
0.7465,  0.413550
0.7470,  0.414624
0.7475,  0.406367
0.7480,  0.401728
0.7485,  0.400940
0.7490,  0.405343
0.7495,  0.414807
0.7500,  0.424520
0.7505,  0.426915
0.7510,  0.428301
0.7515,  0.429035
0.7520,  0.424801
0.7525,  0.428125
0.7530,  0.429637
0.7535,  0.420211
0.7540,  0.415201
0.7545,  0.419852
0.7550,  0.427443
0.7555,  0.432396
0.7560,  0.439293
0.7565,  0.446363
0.7570,  0.459298
0.7575,  0.468660
0.7580,  0.480864
0.7585,  0.538800
0.7590,  0.654285
0.7595,  0.846549
0.7600,  1.122238
0.7605,  1.393331
0.7610,  1.550221
0.7615,  1.559230
0.7620,  1.502832
0.7625,  1.453825
0.7630,  1.411302
0.7635,  1.365544
0.7640,  1.285687
0.7645,  1.175691
0.7650,  1.065496
0.7655,  0.964050
0.7660,  0.870104
0.7665,  0.774058
0.7670,  0.699272
0.7675,  0.639141
0.7680,  0.587702
0.7685,  0.553094
0.7690,  0.538363
0.7695,  0.527381
0.7700,  0.514118
0.7705,  0.502817
0.7710,  0.493135
0.7715,  0.490141
0.7720,  0.497982
0.7725,  0.498234
0.7730,  0.506025
0.7735,  0.498498
0.7740,  0.499474
0.7745,  0.500640
0.7750,  0.507734
0.7755,  0.507021
0.7760,  0.501716
0.7765,  0.498724
0.7770,  0.502921
0.7775,  0.510313
0.7780,  0.517163
0.7785,  0.528025
0.7790,  0.530570
0.7795,  0.526896
0.7800,  0.523281
0.7805,  0.514210
0.7810,  0.506888
0.7815,  0.508010
0.7820,  0.506569
0.7825,  0.508080
0.7830,  0.514973
0.7835,  0.524414
0.7840,  0.531436
0.7845,  0.531330
0.7850,  0.532705
0.7855,  0.529543
0.7860,  0.531070
0.7865,  0.541730
0.7870,  0.552784
0.7875,  0.555633
0.7880,  0.564360
0.7885,  0.571657
0.7890,  0.584809
0.7895,  0.596030
0.7900,  0.602087
0.7905,  0.606607
0.7910,  0.599547
0.7915,  0.598069
0.7920,  0.602749
0.7925,  0.605994
0.7930,  0.609107
0.7935,  0.612890
0.7940,  0.601032
0.7945,  0.590270
0.7950,  0.586165
0.7955,  0.592316
0.7960,  0.610472
0.7965,  0.627074
0.7970,  0.627302
0.7975,  0.626547
0.7980,  0.615746
0.7985,  0.611042
0.7990,  0.599910
0.7995,  0.611461
0.8000,  0.627422
0.8005,  0.640729
0.8010,  0.643929
0.8015,  0.639895
0.8020,  0.628052
0.8025,  0.618890
0.8030,  0.629343
0.8035,  0.642454
0.8040,  0.642751
0.8045,  0.649293
0.8050,  0.659370
0.8055,  0.665144
0.8060,  0.668715
0.8065,  0.665676
0.8070,  0.666307
0.8075,  0.656816
0.8080,  0.658310
0.8085,  0.665065
0.8090,  0.666635
0.8095,  0.675427
0.8100,  0.704946
0.8105,  0.730300
0.8110,  0.743685
0.8115,  0.752877
0.8120,  0.781906
0.8125,  0.796445
0.8130,  0.824156
0.8135,  0.866407
0.8140,  0.908776
0.8145,  0.948494
0.8150,  1.023251
0.8155,  1.084264
0.8160,  1.137724
0.8165,  1.163804
0.8170,  1.171803
0.8175,  1.170933
0.8180,  1.146579
0.8185,  1.116300
0.8190,  1.082489
0.8195,  1.048817
0.8200,  1.009923
0.8205,  0.967420
0.8210,  0.955047
0.8215,  0.988131
0.8220,  1.040997
0.8225,  1.141988
0.8230,  1.211815
0.8235,  1.184186
0.8240,  1.101520
0.8245,  1.020134
0.8250,  0.964275
0.8255,  0.931628
0.8260,  0.939324
0.8265,  0.941621
0.8270,  0.961817
0.8275,  0.997750
0.8280,  1.031437
0.8285,  1.058603
0.8290,  1.052681
0.8295,  1.044115
0.8300,  1.035952
0.8305,  1.037836
0.8310,  1.013443
0.8315,  0.994663
0.8320,  0.989661
0.8325,  1.019611
0.8330,  1.030984
0.8335,  1.046401
0.8340,  1.032244
0.8345,  1.028424
0.8350,  0.991399
0.8355,  0.958852
0.8360,  0.920225
0.8365,  0.885633
0.8370,  0.876811
0.8375,  0.882223
0.8380,  0.887640
0.8385,  0.908473
0.8390,  0.922914
0.8395,  0.922456
0.8400,  0.918858
0.8405,  0.879879
0.8410,  0.860134
0.8415,  0.861432
0.8420,  0.848297
0.8425,  0.866803
0.8430,  0.871834
0.8435,  0.874457
0.8440,  0.870240
0.8445,  0.877666
0.8450,  0.873538
0.8455,  0.857830
0.8460,  0.860004
0.8465,  0.854247
0.8470,  0.857210
0.8475,  0.862985
0.8480,  0.875812
0.8485,  0.877550
0.8490,  0.911173
0.8495,  0.947029
0.8500,  0.979698
0.8505,  1.016778
0.8510,  1.018405
0.8515,  0.993459
0.8520,  0.983834
0.8525,  0.982940
0.8530,  0.983972
0.8535,  1.005991
0.8540,  1.026648
0.8545,  1.109625
0.8550,  1.119900
0.8555,  1.151390
0.8560,  1.159618
0.8565,  1.154054
0.8570,  1.110591
0.8575,  1.063305
0.8580,  1.044402
0.8585,  1.021220
0.8590,  0.994755
0.8595,  0.996083
0.8600,  1.025288
0.8605,  1.067918
0.8610,  1.071133
0.8615,  1.053877
0.8620,  1.031271
0.8625,  1.059868
0.8630,  1.044559
0.8635,  1.038120
0.8640,  1.060767
0.8645,  1.059849
0.8650,  1.060790
0.8655,  1.101751
0.8660,  1.158791
0.8665,  1.245495
0.8670,  1.329208
0.8675,  1.344022
0.8680,  1.265392
0.8685,  1.248257
0.8690,  1.240662
0.8695,  1.223897
0.8700,  1.248398
0.8705,  1.240055
0.8710,  1.303138
0.8715,  1.300424
0.8720,  1.342046
0.8725,  1.376290
0.8730,  1.375825
0.8735,  1.372480
0.8740,  1.392975
0.8745,  1.420404
0.8750,  1.443868
0.8755,  1.444397
0.8760,  1.460923
0.8765,  1.493951
0.8770,  1.484739
0.8775,  1.505802
0.8780,  1.562531
0.8785,  1.583229
0.8790,  1.606346
0.8795,  1.659038
0.8800,  1.630699
0.8805,  1.597367
0.8810,  1.521979
0.8815,  1.560088
0.8820,  1.596412
0.8825,  1.592781
0.8830,  1.636970
0.8835,  1.599338
0.8840,  1.573004
0.8845,  1.555307
0.8850,  1.586793
0.8855,  1.608163
0.8860,  1.707736
0.8865,  1.752448
0.8870,  1.776484
0.8875,  1.830653
0.8880,  1.831242
0.8885,  1.855235
0.8890,  1.894485
0.8895,  1.925559
0.8900,  1.989626
