0.3500,  0.254474
0.3505,  0.318137
0.3510,  0.287144
0.3515,  0.246101
0.3520,  0.202576
0.3525,  0.156642
0.3530,  0.190901
0.3535,  0.228248
0.3540,  0.242244
0.3545,  0.262897
0.3550,  0.242345
0.3555,  0.226381
0.3560,  0.183514
0.3565,  0.144332
0.3570,  0.116523
0.3575,  0.083121
0.3580,  0.039011
0.3585,  -0.013155
0.3590,  0.154726
0.3595,  0.286614
0.3600,  0.268459
0.3605,  0.252708
0.3610,  0.195730
0.3615,  0.133153
0.3620,  0.175523
0.3625,  0.217424
0.3630,  0.208126
0.3635,  0.208843
0.3640,  0.214213
0.3645,  0.202639
0.3650,  0.237416
0.3655,  0.270941
0.3660,  0.277551
0.3665,  0.285650
0.3670,  0.247482
0.3675,  0.215591
0.3680,  0.177493
0.3685,  0.140920
0.3690,  0.182751
0.3695,  0.228148
0.3700,  0.206046
0.3705,  0.185589
0.3710,  0.210509
0.3715,  0.236088
0.3720,  0.203504
0.3725,  0.169154
0.3730,  0.129032
0.3735,  0.083451
0.3740,  0.087298
0.3745,  0.088756
0.3750,  0.168969
0.3755,  0.233489
0.3760,  0.225035
0.3765,  0.209428
0.3770,  0.257485
0.3775,  0.298567
0.3780,  0.291321
0.3785,  0.296928
0.3790,  0.206860
0.3795,  0.107605
0.3800,  0.163962
0.3805,  0.220694
0.3810,  0.192466
0.3815,  0.173043
0.3820,  0.086489
0.3825,  -0.017127
0.3830,  -0.045854
0.3835,  -0.093600
0.3840,  0.068078
0.3845,  0.195888
0.3850,  0.206974
0.3855,  0.219807
0.3860,  0.212722
0.3865,  0.210191
0.3870,  0.207035
0.3875,  0.197149
0.3880,  0.175387
0.3885,  0.144413
0.3890,  0.192955
0.3895,  0.233433
0.3900,  0.231396
0.3905,  0.233313
0.3910,  0.248750
0.3915,  0.279916
0.3920,  0.191819
0.3925,  0.102384
0.3930,  -0.065331
0.3935,  -0.309649
0.3940,  -0.018894
0.3945,  0.182826
0.3950,  0.278245
0.3955,  0.369647
0.3960,  0.208138
0.3965,  0.006189
0.3970,  0.026288
0.3975,  0.024912
0.3980,  0.216960
0.3985,  0.348627
0.3990,  0.328940
0.3995,  0.318305
0.4000,  0.288325
0.4005,  0.258689
0.4010,  0.242907
0.4015,  0.234996
0.4020,  0.220035
0.4025,  0.212569
0.4030,  0.187373
0.4035,  0.161947
0.4040,  0.154087
0.4045,  0.150014
0.4050,  0.147168
0.4055,  0.147657
0.4060,  0.132798
0.4065,  0.120220
0.4070,  0.136806
0.4075,  0.150035
0.4080,  0.179262
0.4085,  0.204831
0.4090,  0.197519
0.4095,  0.188681
0.4100,  0.137047
0.4105,  0.080198
0.4110,  0.143568
0.4115,  0.201190
0.4120,  0.186836
0.4125,  0.173118
0.4130,  0.159185
0.4135,  0.151469
0.4140,  0.150432
0.4145,  0.145916
0.4150,  0.143136
0.4155,  0.138232
0.4160,  0.158283
0.4165,  0.182157
0.4170,  0.144505
0.4175,  0.103130
0.4180,  0.110743
0.4185,  0.120884
0.4190,  0.133421
0.4195,  0.133004
0.4200,  0.144888
0.4205,  0.156979
0.4210,  0.162783
0.4215,  0.174132
0.4220,  0.128152
0.4225,  0.075805
0.4230,  0.110357
0.4235,  0.145536
0.4240,  0.155739
0.4245,  0.168864
0.4250,  0.153471
0.4255,  0.138636
0.4260,  0.140896
0.4265,  0.149529
0.4270,  0.121012
0.4275,  0.092538
0.4280,  0.103617
0.4285,  0.123185
0.4290,  0.109955
0.4295,  0.100527
0.4300,  0.016134
0.4305,  -0.095452
0.4310,  0.093122
0.4315,  0.234175
0.4320,  0.203666
0.4325,  0.170619
0.4330,  0.173376
0.4335,  0.180379
0.4340,  0.153938
0.4345,  0.126233
0.4350,  0.127773
0.4355,  0.131145
0.4360,  0.171892
0.4365,  0.213619
0.4370,  0.184555
0.4375,  0.156827
0.4380,  0.104019
0.4385,  0.044748
0.4390,  0.112495
0.4395,  0.170509
0.4400,  0.136521
0.4405,  0.100765
0.4410,  0.143676
0.4415,  0.181692
0.4420,  0.183480
0.4425,  0.185834
0.4430,  0.162073
0.4435,  0.140480
0.4440,  0.151339
0.4445,  0.166394
0.4450,  0.133299
0.4455,  0.094832
0.4460,  0.109451
0.4465,  0.121451
0.4470,  0.151007
0.4475,  0.182270
0.4480,  0.155095
0.4485,  0.124968
0.4490,  0.130139
0.4495,  0.133767
0.4500,  0.151617
0.4505,  0.169778
0.4510,  0.162446
0.4515,  0.155640
0.4520,  0.126394
0.4525,  0.096473
0.4530,  0.103844
0.4535,  0.109463
0.4540,  0.115580
0.4545,  0.119203
0.4550,  0.129974
0.4555,  0.140260
0.4560,  0.146634
0.4565,  0.153318
0.4570,  0.156110
0.4575,  0.162568
0.4580,  0.136757
0.4585,  0.109169
0.4590,  0.116204
0.4595,  0.121493
0.4600,  0.126251
0.4605,  0.130424
0.4610,  0.130930
0.4615,  0.130679
0.4620,  0.138613
0.4625,  0.147192
0.4630,  0.133692
0.4635,  0.124322
0.4640,  0.117159
0.4645,  0.107900
0.4650,  0.127217
0.4655,  0.148252
0.4660,  0.124860
0.4665,  0.101442
0.4670,  0.126960
0.4675,  0.145621
0.4680,  0.141542
0.4685,  0.139321
0.4690,  0.139805
0.4695,  0.145048
0.4700,  0.126790
0.4705,  0.102196
0.4710,  0.133867
0.4715,  0.164140
0.4720,  0.164173
0.4725,  0.164669
0.4730,  0.154228
0.4735,  0.140809
0.4740,  0.148128
0.4745,  0.157916
0.4750,  0.150670
0.4755,  0.144892
0.4760,  0.132853
0.4765,  0.121703
0.4770,  0.149279
0.4775,  0.175269
0.4780,  0.159964
0.4785,  0.143866
0.4790,  0.155936
0.4795,  0.166079
0.4800,  0.153639
0.4805,  0.144691
0.4810,  0.155848
0.4815,  0.168293
0.4820,  0.154599
0.4825,  0.144378
0.4830,  0.146015
0.4835,  0.149171
0.4840,  0.145721
0.4845,  0.148634
0.4850,  0.136908
0.4855,  0.126872
0.4860,  0.094838
0.4865,  0.048324
0.4870,  0.099776
0.4875,  0.144311
0.4880,  0.155564
0.4885,  0.164517
0.4890,  0.163744
0.4895,  0.164320
0.4900,  0.166740
0.4905,  0.174099
0.4910,  0.153158
0.4915,  0.132177
0.4920,  0.134349
0.4925,  0.132018
0.4930,  0.124823
0.4935,  0.117279
0.4940,  0.147817
0.4945,  0.179348
0.4950,  0.146260
0.4955,  0.114067
0.4960,  0.132445
0.4965,  0.151987
0.4970,  0.156365
0.4975,  0.162330
0.4980,  0.132926
0.4985,  0.100687
0.4990,  0.127807
0.4995,  0.155446
0.5000,  0.136047
0.5005,  0.114765
0.5010,  0.108504
0.5015,  0.099337
0.5020,  0.118661
0.5025,  0.137561
0.5030,  0.146095
0.5035,  0.152922
0.5040,  0.135965
0.5045,  0.117229
0.5050,  0.138506
0.5055,  0.160149
0.5060,  0.148884
0.5065,  0.141580
0.5070,  0.132778
0.5075,  0.122303
0.5080,  0.125101
0.5085,  0.126824
0.5090,  0.125750
0.5095,  0.124989
0.5100,  0.130631
0.5105,  0.134550
0.5110,  0.143290
0.5115,  0.152888
0.5120,  0.126469
0.5125,  0.101311
0.5130,  0.105712
0.5135,  0.109892
0.5140,  0.117818
0.5145,  0.122771
0.5150,  0.133182
0.5155,  0.148447
0.5160,  0.110171
0.5165,  0.069279
0.5170,  0.096795
0.5175,  0.118835
0.5180,  0.101695
0.5185,  0.076741
0.5190,  0.111956
0.5195,  0.145578
0.5200,  0.135700
0.5205,  0.125078
0.5210,  0.134646
0.5215,  0.146421
0.5220,  0.124958
0.5225,  0.104655
0.5230,  0.118383
0.5235,  0.126801
0.5240,  0.134353
0.5245,  0.146280
0.5250,  0.143542
0.5255,  0.145690
0.5260,  0.097933
0.5265,  0.044087
0.5270,  0.085119
0.5275,  0.116744
0.5280,  0.122304
0.5285,  0.126776
0.5290,  0.123364
0.5295,  0.121714
0.5300,  0.124455
0.5305,  0.128744
0.5310,  0.130677
0.5315,  0.137731
0.5320,  0.099417
0.5325,  0.058754
0.5330,  0.099701
0.5335,  0.136344
0.5340,  0.119965
0.5345,  0.101071
0.5350,  0.126386
0.5355,  0.152223
0.5360,  0.125325
0.5365,  0.098571
0.5370,  0.101573
0.5375,  0.105837
0.5380,  0.113584
0.5385,  0.124962
0.5390,  0.115461
0.5395,  0.105442
0.5400,  0.095057
0.5405,  0.081892
0.5410,  0.107797
0.5415,  0.131460
0.5420,  0.115807
0.5425,  0.099598
0.5430,  0.109106
0.5435,  0.118446
0.5440,  0.118078
0.5445,  0.118138
0.5450,  0.123738
0.5455,  0.127723
0.5460,  0.123614
0.5465,  0.119843
0.5470,  0.108877
0.5475,  0.098267
0.5480,  0.104772
0.5485,  0.110794
0.5490,  0.118135
0.5495,  0.125048
0.5500,  0.116630
0.5505,  0.110118
0.5510,  0.112664
0.5515,  0.115326
0.5520,  0.111136
0.5525,  0.105752
0.5530,  0.112843
0.5535,  0.120645
0.5540,  0.123863
0.5545,  0.126763
0.5550,  0.128567
0.5555,  0.131591
0.5560,  0.117401
0.5565,  0.103902
0.5570,  0.113972
0.5575,  0.125443
0.5580,  0.115565
0.5585,  0.104911
0.5590,  0.110192
0.5595,  0.114131
0.5600,  0.119688
0.5605,  0.124899
0.5610,  0.120608
0.5615,  0.114561
0.5620,  0.117990
0.5625,  0.122368
0.5630,  0.124199
0.5635,  0.129278
0.5640,  0.132086
0.5645,  0.135470
0.5650,  0.125843
0.5655,  0.114273
0.5660,  0.120509
0.5665,  0.126310
0.5670,  0.139733
0.5675,  0.154563
0.5680,  0.138399
0.5685,  0.122362
0.5690,  0.136481
0.5695,  0.150820
0.5700,  0.133027
0.5705,  0.110570
0.5710,  0.120688
0.5715,  0.125570
0.5720,  0.135508
0.5725,  0.146055
0.5730,  0.140645
0.5735,  0.138405
0.5740,  0.138445
0.5745,  0.138177
0.5750,  0.129222
0.5755,  0.118464
0.5760,  0.120620
0.5765,  0.125454
0.5770,  0.130821
0.5775,  0.136804
0.5780,  0.120898
0.5785,  0.102845
0.5790,  0.111330
0.5795,  0.118587
0.5800,  0.117261
0.5805,  0.116590
0.5810,  0.117825
0.5815,  0.120563
0.5820,  0.124088
0.5825,  0.126326
0.5830,  0.121855
0.5835,  0.119834
0.5840,  0.122416
0.5845,  0.127844
0.5850,  0.114556
0.5855,  0.098947
0.5860,  0.113597
0.5865,  0.127374
0.5870,  0.136810
0.5875,  0.151434
0.5880,  0.145498
0.5885,  0.137571
0.5890,  0.111700
0.5895,  0.075681
0.5900,  0.124808
0.5905,  0.170289
0.5910,  0.160204
0.5915,  0.149255
0.5920,  0.148654
0.5925,  0.147174
0.5930,  0.142819
0.5935,  0.143086
0.5940,  0.140243
0.5945,  0.135519
0.5950,  0.139608
0.5955,  0.140689
0.5960,  0.142035
0.5965,  0.145201
0.5970,  0.136766
0.5975,  0.129304
0.5980,  0.123551
0.5985,  0.119210
0.5990,  0.127665
0.5995,  0.135292
0.6000,  0.130961
0.6005,  0.127137
0.6010,  0.128398
0.6015,  0.126404
0.6020,  0.113657
0.6025,  0.100299
0.6030,  0.113135
0.6035,  0.127600
0.6040,  0.126022
0.6045,  0.128637
0.6050,  0.128385
0.6055,  0.124470
0.6060,  0.122066
0.6065,  0.119727
0.6070,  0.120392
0.6075,  0.122631
0.6080,  0.122293
0.6085,  0.122269
0.6090,  0.128334
0.6095,  0.131356
0.6100,  0.122042
0.6105,  0.109322
0.6110,  0.119548
0.6115,  0.129958
0.6120,  0.121658
0.6125,  0.115228
0.6130,  0.113556
0.6135,  0.111346
0.6140,  0.123312
0.6145,  0.134053
0.6150,  0.137193
0.6155,  0.139488
0.6160,  0.112940
0.6165,  0.082921
0.6170,  0.107383
0.6175,  0.131875
0.6180,  0.137154
0.6185,  0.142021
0.6190,  0.140100
0.6195,  0.133905
0.6200,  0.139745
0.6205,  0.146300
0.6210,  0.135040
0.6215,  0.123506
0.6220,  0.131579
0.6225,  0.140535
0.6230,  0.133689
0.6235,  0.128828
0.6240,  0.134418
0.6245,  0.136226
0.6250,  0.131529
0.6255,  0.123618
0.6260,  0.138041
0.6265,  0.154624
0.6270,  0.155746
0.6275,  0.158350
0.6280,  0.161028
0.6285,  0.164731
0.6290,  0.163401
0.6295,  0.162672
0.6300,  0.158211
0.6305,  0.151903
0.6310,  0.142257
0.6315,  0.139847
0.6320,  0.138945
0.6325,  0.138860
0.6330,  0.139858
0.6335,  0.141357
0.6340,  0.142383
0.6345,  0.144153
0.6350,  0.145788
0.6355,  0.146781
0.6360,  0.144652
0.6365,  0.139828
0.6370,  0.133823
0.6375,  0.131525
0.6380,  0.131301
0.6385,  0.133751
0.6390,  0.136882
0.6395,  0.136366
0.6400,  0.139450
0.6405,  0.137146
0.6410,  0.132013
0.6415,  0.131399
0.6420,  0.128272
0.6425,  0.124557
0.6430,  0.121270
0.6435,  0.122293
0.6440,  0.126074
0.6445,  0.132776
0.6450,  0.141704
0.6455,  0.147125
0.6460,  0.149203
0.6465,  0.150530
0.6470,  0.151938
0.6475,  0.147545
0.6480,  0.144594
0.6485,  0.138355
0.6490,  0.131859
0.6495,  0.135625
0.6500,  0.138860
0.6505,  0.145684
0.6510,  0.154634
0.6515,  0.155381
0.6520,  0.154227
0.6525,  0.151808
0.6530,  0.150232
0.6535,  0.140981
0.6540,  0.138885
0.6545,  0.144696
0.6550,  0.155001
0.6555,  0.152656
0.6560,  0.136086
0.6565,  0.106677
0.6570,  0.068232
0.6575,  0.077887
0.6580,  0.091090
0.6585,  0.105172
0.6590,  0.118930
0.6595,  0.112848
0.6600,  0.109452
0.6605,  0.108670
0.6610,  0.110204
0.6615,  0.106024
0.6620,  0.104488
0.6625,  0.106553
0.6630,  0.108291
0.6635,  0.112483
0.6640,  0.113379
0.6645,  0.113450
0.6650,  0.113383
0.6655,  0.110384
0.6660,  0.105793
0.6665,  0.101121
0.6670,  0.094114
0.6675,  0.093889
0.6680,  0.094616
0.6685,  0.098470
0.6690,  0.101712
0.6695,  0.102016
0.6700,  0.102114
0.6705,  0.100404
0.6710,  0.103336
0.6715,  0.109136
0.6720,  0.109481
0.6725,  0.106053
0.6730,  0.101327
0.6735,  0.095806
0.6740,  0.094291
0.6745,  0.092704
0.6750,  0.091114
0.6755,  0.094127
0.6760,  0.097290
0.6765,  0.100396
0.6770,  0.102885
0.6775,  0.104022
0.6780,  0.102286
0.6785,  0.100128
0.6790,  0.096221
0.6795,  0.096245
0.6800,  0.097808
0.6805,  0.097404
0.6810,  0.098122
0.6815,  0.098317
0.6820,  0.104101
0.6825,  0.109233
0.6830,  0.114488
0.6835,  0.115423
0.6840,  0.116220
0.6845,  0.113151
0.6850,  0.118273
0.6855,  0.142237
0.6860,  0.175813
0.6865,  0.211893
0.6870,  0.235227
0.6875,  0.238810
0.6880,  0.234687
0.6885,  0.229327
0.6890,  0.226476
0.6895,  0.220276
0.6900,  0.210650
0.6905,  0.201163
0.6910,  0.193752
0.6915,  0.192811
0.6920,  0.189704
0.6925,  0.187009
0.6930,  0.191201
0.6935,  0.194021
0.6940,  0.194997
0.6945,  0.189181
0.6950,  0.183702
0.6955,  0.172485
0.6960,  0.162755
0.6965,  0.156123
0.6970,  0.151845
0.6975,  0.154581
0.6980,  0.161493
0.6985,  0.166532
0.6990,  0.171105
0.6995,  0.169579
0.7000,  0.168355
0.7005,  0.167673
0.7010,  0.164135
0.7015,  0.169837
0.7020,  0.168698
0.7025,  0.166017
0.7030,  0.162943
0.7035,  0.164978
0.7040,  0.165070
0.7045,  0.162450
0.7050,  0.161922
0.7055,  0.158615
0.7060,  0.154751
0.7065,  0.151988
0.7070,  0.149851
0.7075,  0.145266
0.7080,  0.147380
0.7085,  0.148397
0.7090,  0.147191
0.7095,  0.144904
0.7100,  0.143891
0.7105,  0.138298
0.7110,  0.137524
0.7115,  0.135189
0.7120,  0.134579
0.7125,  0.139337
0.7130,  0.142227
0.7135,  0.145127
0.7140,  0.149975
0.7145,  0.157868
0.7150,  0.169644
0.7155,  0.191958
0.7160,  0.226425
0.7165,  0.264226
0.7170,  0.303039
0.7175,  0.333638
0.7180,  0.356797
0.7185,  0.378012
0.7190,  0.387398
0.7195,  0.388525
0.7200,  0.367440
0.7205,  0.331265
0.7210,  0.294374
0.7215,  0.269492
0.7220,  0.267642
0.7225,  0.280161
0.7230,  0.299183
0.7235,  0.320088
0.7240,  0.338238
0.7245,  0.346041
0.7250,  0.349020
0.7255,  0.345145
0.7260,  0.344456
0.7265,  0.349406
0.7270,  0.351528
0.7275,  0.350104
0.7280,  0.348399
0.7285,  0.337036
0.7290,  0.324850
0.7295,  0.315351
0.7300,  0.307488
0.7305,  0.301807
0.7310,  0.291206
0.7315,  0.274883
0.7320,  0.260979
0.7325,  0.242814
0.7330,  0.226465
0.7335,  0.209089
0.7340,  0.203237
0.7345,  0.193501
0.7350,  0.188541
0.7355,  0.185618
0.7360,  0.184947
0.7365,  0.184932
0.7370,  0.185267
0.7375,  0.182241
0.7380,  0.179121
0.7385,  0.172481
0.7390,  0.162698
0.7395,  0.155515
0.7400,  0.145367
0.7405,  0.139701
0.7410,  0.138922
0.7415,  0.140876
0.7420,  0.136249
0.7425,  0.132876
0.7430,  0.129721
0.7435,  0.124128
0.7440,  0.126512
0.7445,  0.127905
0.7450,  0.132576
0.7455,  0.138131
0.7460,  0.141505
0.7465,  0.137606
0.7470,  0.137681
0.7475,  0.130520
0.7480,  0.123466
0.7485,  0.120668
0.7490,  0.118863
0.7495,  0.119574
0.7500,  0.121710
0.7505,  0.125875
0.7510,  0.130921
0.7515,  0.129967
0.7520,  0.125035
0.7525,  0.124168
0.7530,  0.118926
0.7535,  0.115878
0.7540,  0.111585
0.7545,  0.113721
0.7550,  0.120153
0.7555,  0.126295
0.7560,  0.133441
0.7565,  0.135912
0.7570,  0.141891
0.7575,  0.147920
0.7580,  0.177419
0.7585,  0.245899
0.7590,  0.362413
0.7595,  0.514014
0.7600,  0.668196
0.7605,  0.744159
0.7610,  0.747096
0.7615,  0.720941
0.7620,  0.707838
0.7625,  0.704290
0.7630,  0.698319
0.7635,  0.668159
0.7640,  0.616834
0.7645,  0.546280
0.7650,  0.467289
0.7655,  0.400244
0.7660,  0.338090
0.7665,  0.277046
0.7670,  0.229678
0.7675,  0.200622
0.7680,  0.180831
0.7685,  0.170611
0.7690,  0.164411
0.7695,  0.157978
0.7700,  0.154310
0.7705,  0.147049
0.7710,  0.141126
0.7715,  0.132493
0.7720,  0.129355
0.7725,  0.127018
0.7730,  0.129525
0.7735,  0.133382
0.7740,  0.137808
0.7745,  0.138249
0.7750,  0.127734
0.7755,  0.121175
0.7760,  0.121972
0.7765,  0.120555
0.7770,  0.126973
0.7775,  0.126632
0.7780,  0.121793
0.7785,  0.115568
0.7790,  0.116613
0.7795,  0.120095
0.7800,  0.125384
0.7805,  0.132121
0.7810,  0.135823
0.7815,  0.134958
0.7820,  0.135940
0.7825,  0.128603
0.7830,  0.121769
0.7835,  0.114593
0.7840,  0.115341
0.7845,  0.120116
0.7850,  0.123986
0.7855,  0.125988
0.7860,  0.133797
0.7865,  0.144026
0.7870,  0.146432
0.7875,  0.155265
0.7880,  0.158263
0.7885,  0.162488
0.7890,  0.164499
0.7895,  0.158503
0.7900,  0.154825
0.7905,  0.162883
0.7910,  0.162841
0.7915,  0.162842
0.7920,  0.161316
0.7925,  0.155691
0.7930,  0.147336
0.7935,  0.141128
0.7940,  0.133466
0.7945,  0.130589
0.7950,  0.125962
0.7955,  0.137192
0.7960,  0.144986
0.7965,  0.145114
0.7970,  0.143149
0.7975,  0.149515
0.7980,  0.150301
0.7985,  0.148723
0.7990,  0.152371
0.7995,  0.160282
0.8000,  0.165862
0.8005,  0.164141
0.8010,  0.161684
0.8015,  0.160784
0.8020,  0.161275
0.8025,  0.156168
0.8030,  0.151101
0.8035,  0.156517
0.8040,  0.157255
0.8045,  0.158274
0.8050,  0.151281
0.8055,  0.144288
0.8060,  0.146109
0.8065,  0.140504
0.8070,  0.133614
0.8075,  0.133165
0.8080,  0.137691
0.8085,  0.142682
0.8090,  0.148473
0.8095,  0.163762
0.8100,  0.177786
0.8105,  0.182994
0.8110,  0.190138
0.8115,  0.205226
0.8120,  0.224922
0.8125,  0.243653
0.8130,  0.270450
0.8135,  0.298853
0.8140,  0.323315
0.8145,  0.341666
0.8150,  0.371556
0.8155,  0.391005
0.8160,  0.397924
0.8165,  0.406626
0.8170,  0.404055
0.8175,  0.383066
0.8180,  0.371012
0.8185,  0.348372
0.8190,  0.317666
0.8195,  0.295473
0.8200,  0.271005
0.8205,  0.263017
0.8210,  0.273793
0.8215,  0.305202
0.8220,  0.350918
0.8225,  0.377109
0.8230,  0.370082
0.8235,  0.340011
0.8240,  0.297904
0.8245,  0.265203
0.8250,  0.245385
0.8255,  0.244698
0.8260,  0.248284
0.8265,  0.265477
0.8270,  0.280248
0.8275,  0.291913
0.8280,  0.292353
0.8285,  0.293255
0.8290,  0.287720
0.8295,  0.284130
0.8300,  0.271150
0.8305,  0.259691
0.8310,  0.239587
0.8315,  0.224789
0.8320,  0.222821
0.8325,  0.234460
0.8330,  0.236549
0.8335,  0.237928
0.8340,  0.223653
0.8345,  0.210826
0.8350,  0.211984
0.8355,  0.201211
0.8360,  0.181587
0.8365,  0.177289
0.8370,  0.165736
0.8375,  0.163701
0.8380,  0.163327
0.8385,  0.164078
0.8390,  0.167948
0.8395,  0.162442
0.8400,  0.148281
0.8405,  0.133483
0.8410,  0.134995
0.8415,  0.137223
0.8420,  0.143542
0.8425,  0.140210
0.8430,  0.143008
0.8435,  0.139437
0.8440,  0.138436
0.8445,  0.124565
0.8450,  0.112385
0.8455,  0.116469
0.8460,  0.117675
0.8465,  0.115849
0.8470,  0.114955
0.8475,  0.119486
0.8480,  0.124935
0.8485,  0.116731
0.8490,  0.128346
0.8495,  0.122934
0.8500,  0.116285
0.8505,  0.117610
0.8510,  0.108964
0.8515,  0.105703
0.8520,  0.112315
0.8525,  0.103522
0.8530,  0.106767
0.8535,  0.102259
0.8540,  0.081305
0.8545,  0.098620
0.8550,  0.103059
0.8555,  0.106275
0.8560,  0.104960
0.8565,  0.103965
0.8570,  0.101466
0.8575,  0.105945
0.8580,  0.115582
0.8585,  0.115066
0.8590,  0.120099
0.8595,  0.119075
0.8600,  0.110983
0.8605,  0.109841
0.8610,  0.108979
0.8615,  0.103871
0.8620,  0.104527
0.8625,  0.104285
0.8630,  0.102820
0.8635,  0.102345
0.8640,  0.107666
0.8645,  0.086551
0.8650,  0.078299
0.8655,  0.076568
0.8660,  0.071334
0.8665,  0.087886
0.8670,  0.083883
0.8675,  0.081275
0.8680,  0.087123
0.8685,  0.084423
0.8690,  0.086305
0.8695,  0.096136
0.8700,  0.100759
0.8705,  0.098481
0.8710,  0.100090
0.8715,  0.105621
0.8720,  0.121536
0.8725,  0.125230
0.8730,  0.131254
0.8735,  0.128902
0.8740,  0.127291
0.8745,  0.114630
0.8750,  0.109929
0.8755,  0.112610
0.8760,  0.110916
0.8765,  0.108675
0.8770,  0.108320
0.8775,  0.105979
0.8780,  0.108229
0.8785,  0.099306
0.8790,  0.082335
0.8795,  0.088856
0.8800,  0.111297
0.8805,  0.119142
0.8810,  0.107901
0.8815,  0.088733
0.8820,  0.090652
0.8825,  0.107685
0.8830,  0.135781
0.8835,  0.139790
0.8840,  0.139303
0.8845,  0.132913
0.8850,  0.125817
0.8855,  0.126225
0.8860,  0.123216
0.8865,  0.112562
0.8870,  0.112860
0.8875,  0.111808
0.8880,  0.113453
0.8885,  0.117096
0.8890,  0.113387
0.8895,  0.117723
0.8900,  0.114082
