0.3500,  0.400379
0.3505,  0.446942
0.3510,  0.420026
0.3515,  0.391757
0.3520,  0.363257
0.3525,  0.327993
0.3530,  0.362019
0.3535,  0.391738
0.3540,  0.408489
0.3545,  0.426523
0.3550,  0.407274
0.3555,  0.396297
0.3560,  0.368798
0.3565,  0.343662
0.3570,  0.321892
0.3575,  0.293850
0.3580,  0.257765
0.3585,  0.208158
0.3590,  0.327796
0.3595,  0.424557
0.3600,  0.407339
0.3605,  0.391300
0.3610,  0.350910
0.3615,  0.306963
0.3620,  0.342029
0.3625,  0.373904
0.3630,  0.363671
0.3635,  0.351075
0.3640,  0.342442
0.3645,  0.329498
0.3650,  0.352545
0.3655,  0.373069
0.3660,  0.378426
0.3665,  0.388464
0.3670,  0.366976
0.3675,  0.348650
0.3680,  0.324101
0.3685,  0.300021
0.3690,  0.336777
0.3695,  0.370632
0.3700,  0.346874
0.3705,  0.323811
0.3710,  0.338326
0.3715,  0.356042
0.3720,  0.332520
0.3725,  0.310922
0.3730,  0.286052
0.3735,  0.256931
0.3740,  0.262564
0.3745,  0.261739
0.3750,  0.316733
0.3755,  0.357535
0.3760,  0.345375
0.3765,  0.327736
0.3770,  0.359075
0.3775,  0.388997
0.3780,  0.383792
0.3785,  0.386413
0.3790,  0.315295
0.3795,  0.241250
0.3800,  0.289895
0.3805,  0.340260
0.3810,  0.324136
0.3815,  0.314508
0.3820,  0.251420
0.3825,  0.174207
0.3830,  0.156627
0.3835,  0.120070
0.3840,  0.241010
0.3845,  0.332795
0.3850,  0.330793
0.3855,  0.327775
0.3860,  0.314488
0.3865,  0.306627
0.3870,  0.299463
0.3875,  0.292713
0.3880,  0.278017
0.3885,  0.257697
0.3890,  0.299996
0.3895,  0.333483
0.3900,  0.329598
0.3905,  0.327975
0.3910,  0.340893
0.3915,  0.367751
0.3920,  0.300874
0.3925,  0.235547
0.3930,  0.111279
0.3935,  -0.074904
0.3940,  0.147977
0.3945,  0.298847
0.3950,  0.367147
0.3955,  0.431301
0.3960,  0.297890
0.3965,  0.136227
0.3970,  0.155433
0.3975,  0.155648
0.3980,  0.296255
0.3985,  0.388860
0.3990,  0.368906
0.3995,  0.355095
0.4000,  0.326233
0.4005,  0.306381
0.4010,  0.300942
0.4015,  0.299241
0.4020,  0.292726
0.4025,  0.290405
0.4030,  0.272925
0.4035,  0.257505
0.4040,  0.256738
0.4045,  0.256566
0.4050,  0.258083
0.4055,  0.260194
0.4060,  0.247434
0.4065,  0.233635
0.4070,  0.241717
0.4075,  0.246628
0.4080,  0.263504
0.4085,  0.280098
0.4090,  0.274233
0.4095,  0.270019
0.4100,  0.232139
0.4105,  0.190198
0.4110,  0.244047
0.4115,  0.289311
0.4120,  0.273175
0.4125,  0.259642
0.4130,  0.248696
0.4135,  0.240209
0.4140,  0.235677
0.4145,  0.231454
0.4150,  0.228606
0.4155,  0.224867
0.4160,  0.243328
0.4165,  0.263202
0.4170,  0.231298
0.4175,  0.199642
0.4180,  0.207493
0.4185,  0.213904
0.4190,  0.218578
0.4195,  0.222161
0.4200,  0.230887
0.4205,  0.238022
0.4210,  0.242993
0.4215,  0.249898
0.4220,  0.210178
0.4225,  0.169128
0.4230,  0.199068
0.4235,  0.225303
0.4240,  0.235741
0.4245,  0.246105
0.4250,  0.232506
0.4255,  0.218432
0.4260,  0.222645
0.4265,  0.226198
0.4270,  0.204159
0.4275,  0.181207
0.4280,  0.192061
0.4285,  0.206273
0.4290,  0.198814
0.4295,  0.192561
0.4300,  0.128958
0.4305,  0.045482
0.4310,  0.188579
0.4315,  0.289910
0.4320,  0.258426
0.4325,  0.227412
0.4330,  0.226871
0.4335,  0.231828
0.4340,  0.214311
0.4345,  0.195220
0.4350,  0.196893
0.4355,  0.196560
0.4360,  0.224677
0.4365,  0.253918
0.4370,  0.231749
0.4375,  0.214288
0.4380,  0.175250
0.4385,  0.131657
0.4390,  0.187068
0.4395,  0.233800
0.4400,  0.205624
0.4405,  0.174564
0.4410,  0.205545
0.4415,  0.232681
0.4420,  0.229768
0.4425,  0.229393
0.4430,  0.210307
0.4435,  0.193374
0.4440,  0.204398
0.4445,  0.216500
0.4450,  0.190684
0.4455,  0.165303
0.4460,  0.178128
0.4465,  0.185844
0.4470,  0.211559
0.4475,  0.236313
0.4480,  0.211028
0.4485,  0.186972
0.4490,  0.189832
0.4495,  0.192335
0.4500,  0.204306
0.4505,  0.216959
0.4510,  0.207935
0.4515,  0.203953
0.4520,  0.181919
0.4525,  0.158822
0.4530,  0.170653
0.4535,  0.180108
0.4540,  0.182385
0.4545,  0.182463
0.4550,  0.189391
0.4555,  0.193425
0.4560,  0.195378
0.4565,  0.197918
0.4570,  0.198316
0.4575,  0.201002
0.4580,  0.181541
0.4585,  0.162069
0.4590,  0.170454
0.4595,  0.177753
0.4600,  0.182448
0.4605,  0.185207
0.4610,  0.184379
0.4615,  0.183744
0.4620,  0.188441
0.4625,  0.194535
0.4630,  0.185528
0.4635,  0.177831
0.4640,  0.171274
0.4645,  0.165693
0.4650,  0.180782
0.4655,  0.194324
0.4660,  0.177015
0.4665,  0.157702
0.4670,  0.173038
0.4675,  0.187996
0.4680,  0.183544
0.4685,  0.179318
0.4690,  0.181875
0.4695,  0.184559
0.4700,  0.167262
0.4705,  0.148825
0.4710,  0.172214
0.4715,  0.190912
0.4720,  0.190902
0.4725,  0.191900
0.4730,  0.180125
0.4735,  0.169960
0.4740,  0.179444
0.4745,  0.188899
0.4750,  0.184089
0.4755,  0.180101
0.4760,  0.170759
0.4765,  0.160395
0.4770,  0.179062
0.4775,  0.195369
0.4780,  0.182123
0.4785,  0.169173
0.4790,  0.178323
0.4795,  0.188096
0.4800,  0.181527
0.4805,  0.173461
0.4810,  0.181881
0.4815,  0.191702
0.4820,  0.182348
0.4825,  0.172874
0.4830,  0.175372
0.4835,  0.180098
0.4840,  0.179424
0.4845,  0.183274
0.4850,  0.176210
0.4855,  0.169027
0.4860,  0.143682
0.4865,  0.109214
0.4870,  0.148303
0.4875,  0.178473
0.4880,  0.182797
0.4885,  0.187522
0.4890,  0.187222
0.4895,  0.188238
0.4900,  0.192150
0.4905,  0.199421
0.4910,  0.181843
0.4915,  0.164775
0.4920,  0.168077
0.4925,  0.168688
0.4930,  0.164143
0.4935,  0.158341
0.4940,  0.183067
0.4945,  0.206991
0.4950,  0.182714
0.4955,  0.158845
0.4960,  0.173728
0.4965,  0.190459
0.4970,  0.193500
0.4975,  0.196207
0.4980,  0.174144
0.4985,  0.151642
0.4990,  0.173183
0.4995,  0.194241
0.5000,  0.179554
0.5005,  0.164423
0.5010,  0.159925
0.5015,  0.153863
0.5020,  0.169386
0.5025,  0.183343
0.5030,  0.189450
0.5035,  0.195897
0.5040,  0.182171
0.5045,  0.166402
0.5050,  0.183877
0.5055,  0.199727
0.5060,  0.190722
0.5065,  0.185887
0.5070,  0.178686
0.5075,  0.171525
0.5080,  0.175665
0.5085,  0.177969
0.5090,  0.176109
0.5095,  0.173346
0.5100,  0.176568
0.5105,  0.180042
0.5110,  0.187276
0.5115,  0.196426
0.5120,  0.176571
0.5125,  0.157149
0.5130,  0.160710
0.5135,  0.164810
0.5140,  0.168900
0.5145,  0.172869
0.5150,  0.182261
0.5155,  0.195742
0.5160,  0.164956
0.5165,  0.133657
0.5170,  0.157004
0.5175,  0.173543
0.5180,  0.157070
0.5185,  0.134894
0.5190,  0.159309
0.5195,  0.181616
0.5200,  0.172531
0.5205,  0.166206
0.5210,  0.175790
0.5215,  0.186675
0.5220,  0.171132
0.5225,  0.155945
0.5230,  0.166401
0.5235,  0.175046
0.5240,  0.182325
0.5245,  0.191511
0.5250,  0.189563
0.5255,  0.192669
0.5260,  0.156142
0.5265,  0.114200
0.5270,  0.146203
0.5275,  0.170302
0.5280,  0.174381
0.5285,  0.177448
0.5290,  0.173613
0.5295,  0.172489
0.5300,  0.175386
0.5305,  0.180006
0.5310,  0.183498
0.5315,  0.189182
0.5320,  0.161091
0.5325,  0.131249
0.5330,  0.162663
0.5335,  0.189288
0.5340,  0.174152
0.5345,  0.157076
0.5350,  0.176501
0.5355,  0.197567
0.5360,  0.177927
0.5365,  0.159239
0.5370,  0.163587
0.5375,  0.166611
0.5380,  0.172185
0.5385,  0.178568
0.5390,  0.170359
0.5395,  0.162489
0.5400,  0.155334
0.5405,  0.145640
0.5410,  0.165739
0.5415,  0.183858
0.5420,  0.171718
0.5425,  0.159098
0.5430,  0.166234
0.5435,  0.174294
0.5440,  0.172948
0.5445,  0.171661
0.5450,  0.175331
0.5455,  0.180355
0.5460,  0.177170
0.5465,  0.174626
0.5470,  0.167414
0.5475,  0.159381
0.5480,  0.164045
0.5485,  0.168006
0.5490,  0.172010
0.5495,  0.176848
0.5500,  0.171199
0.5505,  0.165358
0.5510,  0.167914
0.5515,  0.170193
0.5520,  0.165277
0.5525,  0.160988
0.5530,  0.167657
0.5535,  0.172897
0.5540,  0.175038
0.5545,  0.178203
0.5550,  0.179292
0.5555,  0.182025
0.5560,  0.172445
0.5565,  0.162329
0.5570,  0.170967
0.5575,  0.179259
0.5580,  0.171506
0.5585,  0.162854
0.5590,  0.168299
0.5595,  0.170393
0.5600,  0.175155
0.5605,  0.179832
0.5610,  0.175061
0.5615,  0.170888
0.5620,  0.175616
0.5625,  0.180421
0.5630,  0.182160
0.5635,  0.184505
0.5640,  0.184834
0.5645,  0.186505
0.5650,  0.178870
0.5655,  0.169902
0.5660,  0.176463
0.5665,  0.181567
0.5670,  0.191563
0.5675,  0.202968
0.5680,  0.191674
0.5685,  0.180549
0.5690,  0.192819
0.5695,  0.204747
0.5700,  0.190249
0.5705,  0.172732
0.5710,  0.180473
0.5715,  0.186657
0.5720,  0.193630
0.5725,  0.202093
0.5730,  0.198870
0.5735,  0.197362
0.5740,  0.198550
0.5745,  0.200194
0.5750,  0.195217
0.5755,  0.189556
0.5760,  0.192532
0.5765,  0.195552
0.5770,  0.199066
0.5775,  0.202577
0.5780,  0.189218
0.5785,  0.175243
0.5790,  0.181098
0.5795,  0.185909
0.5800,  0.184224
0.5805,  0.183085
0.5810,  0.183747
0.5815,  0.184625
0.5820,  0.186618
0.5825,  0.189254
0.5830,  0.185716
0.5835,  0.182605
0.5840,  0.184991
0.5845,  0.187985
0.5850,  0.176721
0.5855,  0.165832
0.5860,  0.178134
0.5865,  0.191627
0.5870,  0.203408
0.5875,  0.219371
0.5880,  0.216676
0.5885,  0.212620
0.5890,  0.193488
0.5895,  0.165631
0.5900,  0.201257
0.5905,  0.232668
0.5910,  0.221995
0.5915,  0.212698
0.5920,  0.213439
0.5925,  0.214234
0.5930,  0.210786
0.5935,  0.209081
0.5940,  0.207239
0.5945,  0.204027
0.5950,  0.205960
0.5955,  0.205548
0.5960,  0.207757
0.5965,  0.210005
0.5970,  0.203967
0.5975,  0.198132
0.5980,  0.193106
0.5985,  0.188111
0.5990,  0.191463
0.5995,  0.196298
0.6000,  0.193544
0.6005,  0.190735
0.6010,  0.193365
0.6015,  0.192967
0.6020,  0.183100
0.6025,  0.171650
0.6030,  0.179328
0.6035,  0.189398
0.6040,  0.187552
0.6045,  0.187795
0.6050,  0.187717
0.6055,  0.187067
0.6060,  0.186638
0.6065,  0.185239
0.6070,  0.184562
0.6075,  0.184740
0.6080,  0.184110
0.6085,  0.185541
0.6090,  0.189061
0.6095,  0.192827
0.6100,  0.187338
0.6105,  0.179469
0.6110,  0.187368
0.6115,  0.195047
0.6120,  0.187109
0.6125,  0.180645
0.6130,  0.178434
0.6135,  0.176552
0.6140,  0.184919
0.6145,  0.193831
0.6150,  0.197105
0.6155,  0.199322
0.6160,  0.178710
0.6165,  0.155424
0.6170,  0.171687
0.6175,  0.186981
0.6180,  0.188111
0.6185,  0.192552
0.6190,  0.190085
0.6195,  0.187836
0.6200,  0.194304
0.6205,  0.199836
0.6210,  0.191590
0.6215,  0.183762
0.6220,  0.189835
0.6225,  0.195999
0.6230,  0.190184
0.6235,  0.185386
0.6240,  0.188282
0.6245,  0.190601
0.6250,  0.188215
0.6255,  0.183798
0.6260,  0.197422
0.6265,  0.211642
0.6270,  0.214076
0.6275,  0.217559
0.6280,  0.220873
0.6285,  0.224140
0.6290,  0.222597
0.6295,  0.220664
0.6300,  0.216768
0.6305,  0.211326
0.6310,  0.203176
0.6315,  0.200186
0.6320,  0.196917
0.6325,  0.193859
0.6330,  0.192157
0.6335,  0.191867
0.6340,  0.192784
0.6345,  0.194668
0.6350,  0.197099
0.6355,  0.198219
0.6360,  0.196246
0.6365,  0.193072
0.6370,  0.188713
0.6375,  0.183805
0.6380,  0.181415
0.6385,  0.181933
0.6390,  0.184771
0.6395,  0.185304
0.6400,  0.185961
0.6405,  0.186005
0.6410,  0.183126
0.6415,  0.183401
0.6420,  0.182162
0.6425,  0.179603
0.6430,  0.178260
0.6435,  0.178136
0.6440,  0.180471
0.6445,  0.185946
0.6450,  0.193954
0.6455,  0.200003
0.6460,  0.206085
0.6465,  0.209858
0.6470,  0.211701
0.6475,  0.208801
0.6480,  0.205104
0.6485,  0.200096
0.6490,  0.192188
0.6495,  0.192543
0.6500,  0.193082
0.6505,  0.195098
0.6510,  0.200512
0.6515,  0.200801
0.6520,  0.200340
0.6525,  0.198380
0.6530,  0.196050
0.6535,  0.191013
0.6540,  0.190612
0.6545,  0.196651
0.6550,  0.206814
0.6555,  0.204943
0.6560,  0.194656
0.6565,  0.171609
0.6570,  0.139850
0.6575,  0.144145
0.6580,  0.150754
0.6585,  0.163050
0.6590,  0.178325
0.6595,  0.176184
0.6600,  0.173084
0.6605,  0.169646
0.6610,  0.167157
0.6615,  0.162992
0.6620,  0.161476
0.6625,  0.162305
0.6630,  0.164291
0.6635,  0.166969
0.6640,  0.170202
0.6645,  0.171913
0.6650,  0.172950
0.6655,  0.170458
0.6660,  0.167343
0.6665,  0.163545
0.6670,  0.159251
0.6675,  0.157119
0.6680,  0.156753
0.6685,  0.157114
0.6690,  0.159286
0.6695,  0.159255
0.6700,  0.160872
0.6705,  0.163175
0.6710,  0.163334
0.6715,  0.166058
0.6720,  0.166298
0.6725,  0.163503
0.6730,  0.160664
0.6735,  0.157244
0.6740,  0.154075
0.6745,  0.153350
0.6750,  0.153663
0.6755,  0.156204
0.6760,  0.159682
0.6765,  0.162371
0.6770,  0.164823
0.6775,  0.165147
0.6780,  0.164033
0.6785,  0.162357
0.6790,  0.160306
0.6795,  0.159075
0.6800,  0.158030
0.6805,  0.156728
0.6810,  0.157413
0.6815,  0.158062
0.6820,  0.159277
0.6825,  0.162513
0.6830,  0.166730
0.6835,  0.169358
0.6840,  0.171434
0.6845,  0.173143
0.6850,  0.182099
0.6855,  0.207053
0.6860,  0.241470
0.6865,  0.278702
0.6870,  0.306731
0.6875,  0.314041
0.6880,  0.305836
0.6885,  0.293181
0.6890,  0.281197
0.6895,  0.272538
0.6900,  0.264216
0.6905,  0.255076
0.6910,  0.247269
0.6915,  0.242653
0.6920,  0.241840
0.6925,  0.244312
0.6930,  0.246998
0.6935,  0.248634
0.6940,  0.246933
0.6945,  0.240409
0.6950,  0.230729
0.6955,  0.219089
0.6960,  0.207914
0.6965,  0.199437
0.6970,  0.196770
0.6975,  0.202351
0.6980,  0.211126
0.6985,  0.219945
0.6990,  0.227734
0.6995,  0.227270
0.7000,  0.224706
0.7005,  0.221250
0.7010,  0.217566
0.7015,  0.215547
0.7020,  0.213955
0.7025,  0.211057
0.7030,  0.207053
0.7035,  0.208686
0.7040,  0.209619
0.7045,  0.211600
0.7050,  0.214709
0.7055,  0.211305
0.7060,  0.207091
0.7065,  0.203134
0.7070,  0.197956
0.7075,  0.193535
0.7080,  0.190282
0.7085,  0.187256
0.7090,  0.184116
0.7095,  0.184516
0.7100,  0.185117
0.7105,  0.186723
0.7110,  0.189055
0.7115,  0.190527
0.7120,  0.192183
0.7125,  0.193540
0.7130,  0.194572
0.7135,  0.198053
0.7140,  0.201554
0.7145,  0.207290
0.7150,  0.219878
0.7155,  0.240428
0.7160,  0.271416
0.7165,  0.311470
0.7170,  0.351769
0.7175,  0.385245
0.7180,  0.409225
0.7185,  0.420805
0.7190,  0.423235
0.7195,  0.412713
0.7200,  0.386967
0.7205,  0.352754
0.7210,  0.317619
0.7215,  0.295774
0.7220,  0.294646
0.7225,  0.309269
0.7230,  0.333460
0.7235,  0.355975
0.7240,  0.371195
0.7245,  0.377630
0.7250,  0.376373
0.7255,  0.372642
0.7260,  0.369962
0.7265,  0.367977
0.7270,  0.367371
0.7275,  0.365377
0.7280,  0.359820
0.7285,  0.354967
0.7290,  0.348751
0.7295,  0.344256
0.7300,  0.340904
0.7305,  0.333339
0.7310,  0.321030
0.7315,  0.304731
0.7320,  0.284583
0.7325,  0.264361
0.7330,  0.246868
0.7335,  0.234740
0.7340,  0.228257
0.7345,  0.226881
0.7350,  0.228157
0.7355,  0.230025
0.7360,  0.231345
0.7365,  0.227678
0.7370,  0.223606
0.7375,  0.217831
0.7380,  0.212708
0.7385,  0.208533
0.7390,  0.204084
0.7395,  0.199111
0.7400,  0.193347
0.7405,  0.188375
0.7410,  0.184518
0.7415,  0.184476
0.7420,  0.185108
0.7425,  0.184136
0.7430,  0.183200
0.7435,  0.181120
0.7440,  0.179151
0.7445,  0.178136
0.7450,  0.176167
0.7455,  0.175273
0.7460,  0.174315
0.7465,  0.173310
0.7470,  0.173951
0.7475,  0.173246
0.7480,  0.172626
0.7485,  0.172485
0.7490,  0.172856
0.7495,  0.174176
0.7500,  0.174086
0.7505,  0.173475
0.7510,  0.172390
0.7515,  0.170921
0.7520,  0.170270
0.7525,  0.169096
0.7530,  0.168247
0.7535,  0.168124
0.7540,  0.167692
0.7545,  0.168826
0.7550,  0.170429
0.7555,  0.171096
0.7560,  0.171351
0.7565,  0.171821
0.7570,  0.173933
0.7575,  0.187333
0.7580,  0.224603
0.7585,  0.299751
0.7590,  0.424826
0.7595,  0.597277
0.7600,  0.767056
0.7605,  0.864567
0.7610,  0.861406
0.7615,  0.802727
0.7620,  0.753767
0.7625,  0.736591
0.7630,  0.726876
0.7635,  0.698159
0.7640,  0.643968
0.7645,  0.570207
0.7650,  0.495329
0.7655,  0.424156
0.7660,  0.361885
0.7665,  0.308183
0.7670,  0.265282
0.7675,  0.238488
0.7680,  0.219556
0.7685,  0.208627
0.7690,  0.200612
0.7695,  0.194616
0.7700,  0.190660
0.7705,  0.185320
0.7710,  0.182302
0.7715,  0.180152
0.7720,  0.176079
0.7725,  0.174922
0.7730,  0.174429
0.7735,  0.170885
0.7740,  0.168136
0.7745,  0.165775
0.7750,  0.161053
0.7755,  0.159885
0.7760,  0.161308
0.7765,  0.163639
0.7770,  0.166622
0.7775,  0.167676
0.7780,  0.166960
0.7785,  0.164379
0.7790,  0.164791
0.7795,  0.166157
0.7800,  0.166219
0.7805,  0.166624
0.7810,  0.164891
0.7815,  0.162488
0.7820,  0.162237
0.7825,  0.163478
0.7830,  0.164734
0.7835,  0.166590
0.7840,  0.168268
0.7845,  0.169721
0.7850,  0.170776
0.7855,  0.173070
0.7860,  0.176826
0.7865,  0.180290
0.7870,  0.185767
0.7875,  0.190843
0.7880,  0.195312
0.7885,  0.201612
0.7890,  0.205942
0.7895,  0.206409
0.7900,  0.207046
0.7905,  0.204167
0.7910,  0.202648
0.7915,  0.202378
0.7920,  0.199736
0.7925,  0.198032
0.7930,  0.194348
0.7935,  0.191059
0.7940,  0.190558
0.7945,  0.190898
0.7950,  0.192320
0.7955,  0.199231
0.7960,  0.202796
0.7965,  0.203288
0.7970,  0.202921
0.7975,  0.197124
0.7980,  0.193637
0.7985,  0.194229
0.7990,  0.196567
0.7995,  0.201938
0.8000,  0.205920
0.8005,  0.208377
0.8010,  0.209809
0.8015,  0.207352
0.8020,  0.206905
0.8025,  0.204735
0.8030,  0.202090
0.8035,  0.201281
0.8040,  0.197110
0.8045,  0.192718
0.8050,  0.187330
0.8055,  0.182832
0.8060,  0.181503
0.8065,  0.182583
0.8070,  0.185816
0.8075,  0.186894
0.8080,  0.189050
0.8085,  0.191780
0.8090,  0.194152
0.8095,  0.203164
0.8100,  0.212857
0.8105,  0.224472
0.8110,  0.238648
0.8115,  0.253266
0.8120,  0.270906
0.8125,  0.292889
0.8130,  0.317643
0.8135,  0.340767
0.8140,  0.363105
0.8145,  0.382298
0.8150,  0.398026
0.8155,  0.410039
0.8160,  0.418283
0.8165,  0.419336
0.8170,  0.415161
0.8175,  0.403563
0.8180,  0.388587
0.8185,  0.371165
0.8190,  0.347819
0.8195,  0.327759
0.8200,  0.308060
0.8205,  0.295869
0.8210,  0.307221
0.8215,  0.336762
0.8220,  0.376796
0.8225,  0.407091
0.8230,  0.400690
0.8235,  0.366932
0.8240,  0.324626
0.8245,  0.291600
0.8250,  0.274850
0.8255,  0.273738
0.8260,  0.281001
0.8265,  0.291862
0.8270,  0.307430
0.8275,  0.321496
0.8280,  0.327196
0.8285,  0.323544
0.8290,  0.314909
0.8295,  0.303847
0.8300,  0.296538
0.8305,  0.289400
0.8310,  0.283743
0.8315,  0.281408
0.8320,  0.278033
0.8325,  0.274833
0.8330,  0.270279
0.8335,  0.258488
0.8340,  0.246444
0.8345,  0.237621
0.8350,  0.230194
0.8355,  0.226568
0.8360,  0.222944
0.8365,  0.216851
0.8370,  0.210819
0.8375,  0.205260
0.8380,  0.201332
0.8385,  0.197296
0.8390,  0.192413
0.8395,  0.188686
0.8400,  0.185521
0.8405,  0.184278
0.8410,  0.183789
0.8415,  0.182159
0.8420,  0.181939
0.8425,  0.180603
0.8430,  0.180010
0.8435,  0.178521
0.8440,  0.173624
0.8445,  0.170478
0.8450,  0.165881
0.8455,  0.162759
0.8460,  0.162930
0.8465,  0.163326
0.8470,  0.164615
0.8475,  0.166495
0.8480,  0.169312
0.8485,  0.167174
0.8490,  0.166368
0.8495,  0.163866
0.8500,  0.155934
0.8505,  0.158091
0.8510,  0.157987
0.8515,  0.159720
0.8520,  0.168375
0.8525,  0.161827
0.8530,  0.162235
0.8535,  0.160333
0.8540,  0.145783
0.8545,  0.153851
0.8550,  0.149784
0.8555,  0.147082
0.8560,  0.149790
0.8565,  0.147719
0.8570,  0.150681
0.8575,  0.154238
0.8580,  0.158564
0.8585,  0.157405
0.8590,  0.156020
0.8595,  0.155124
0.8600,  0.153572
0.8605,  0.151724
0.8610,  0.152096
0.8615,  0.149760
0.8620,  0.147501
0.8625,  0.147323
0.8630,  0.148438
0.8635,  0.153694
0.8640,  0.161417
0.8645,  0.157213
0.8650,  0.155418
0.8655,  0.151409
0.8660,  0.138562
0.8665,  0.141774
0.8670,  0.137913
0.8675,  0.133496
0.8680,  0.133703
0.8685,  0.135814
0.8690,  0.138148
0.8695,  0.143887
0.8700,  0.150669
0.8705,  0.152892
0.8710,  0.157054
0.8715,  0.158270
0.8720,  0.161428
0.8725,  0.161860
0.8730,  0.159361
0.8735,  0.159778
0.8740,  0.160272
0.8745,  0.159052
0.8750,  0.160349
0.8755,  0.157873
0.8760,  0.153487
0.8765,  0.154891
0.8770,  0.156115
0.8775,  0.158521
0.8780,  0.161115
0.8785,  0.161180
0.8790,  0.160902
0.8795,  0.160433
0.8800,  0.160645
0.8805,  0.160100
0.8810,  0.157873
0.8815,  0.154182
0.8820,  0.149974
0.8825,  0.149030
0.8830,  0.150846
0.8835,  0.154415
0.8840,  0.159494
0.8845,  0.159550
0.8850,  0.160041
0.8855,  0.160214
0.8860,  0.158318
0.8865,  0.160523
0.8870,  0.159791
0.8875,  0.158739
0.8880,  0.158895
0.8885,  0.159707
0.8890,  0.162969
0.8895,  0.166574
0.8900,  0.169810
