0.3500,  0.047178
0.3505,  0.099975
0.3510,  0.071712
0.3515,  0.050114
0.3520,  0.019663
0.3525,  -0.014444
0.3530,  0.018530
0.3535,  0.058425
0.3540,  0.079480
0.3545,  0.097195
0.3550,  0.075675
0.3555,  0.065180
0.3560,  0.039442
0.3565,  0.012607
0.3570,  -0.010581
0.3575,  -0.043707
0.3580,  -0.077736
0.3585,  -0.130789
0.3590,  0.001053
0.3595,  0.108410
0.3600,  0.093474
0.3605,  0.082916
0.3610,  0.047933
0.3615,  0.007452
0.3620,  0.049579
0.3625,  0.079311
0.3630,  0.068358
0.3635,  0.059455
0.3640,  0.056070
0.3645,  0.040965
0.3650,  0.065562
0.3655,  0.092076
0.3660,  0.098046
0.3665,  0.110590
0.3670,  0.091819
0.3675,  0.073071
0.3680,  0.046818
0.3685,  0.021117
0.3690,  0.058484
0.3695,  0.096415
0.3700,  0.073126
0.3705,  0.046917
0.3710,  0.063210
0.3715,  0.084199
0.3720,  0.060702
0.3725,  0.032105
0.3730,  0.003669
0.3735,  -0.025903
0.3740,  -0.021577
0.3745,  -0.021728
0.3750,  0.042781
0.3755,  0.097804
0.3760,  0.097715
0.3765,  0.086897
0.3770,  0.124225
0.3775,  0.161314
0.3780,  0.157458
0.3785,  0.157576
0.3790,  0.080649
0.3795,  0.000626
0.3800,  0.046676
0.3805,  0.093354
0.3810,  0.073049
0.3815,  0.061391
0.3820,  -0.002548
0.3825,  -0.080107
0.3830,  -0.098369
0.3835,  -0.132447
0.3840,  -0.000977
0.3845,  0.100255
0.3850,  0.108823
0.3855,  0.111366
0.3860,  0.094253
0.3865,  0.083176
0.3870,  0.076698
0.3875,  0.069380
0.3880,  0.052140
0.3885,  0.034011
0.3890,  0.081777
0.3895,  0.120408
0.3900,  0.122446
0.3905,  0.123498
0.3910,  0.137032
0.3915,  0.167102
0.3920,  0.101145
0.3925,  0.029272
0.3930,  -0.107003
0.3935,  -0.308273
0.3940,  -0.085544
0.3945,  0.072216
0.3950,  0.151704
0.3955,  0.228100
0.3960,  0.100834
0.3965,  -0.058585
0.3970,  -0.041335
0.3975,  -0.040989
0.3980,  0.108891
0.3985,  0.209455
0.3990,  0.194432
0.3995,  0.188592
0.4000,  0.164446
0.4005,  0.141609
0.4010,  0.132963
0.4015,  0.129010
0.4020,  0.117795
0.4025,  0.111913
0.4030,  0.092222
0.4035,  0.075931
0.4040,  0.074326
0.4045,  0.076544
0.4050,  0.081613
0.4055,  0.084016
0.4060,  0.070577
0.4065,  0.057135
0.4070,  0.064790
0.4075,  0.070036
0.4080,  0.087237
0.4085,  0.103829
0.4090,  0.099319
0.4095,  0.096732
0.4100,  0.062151
0.4105,  0.020157
0.4110,  0.074304
0.4115,  0.123242
0.4120,  0.111883
0.4125,  0.100110
0.4130,  0.091059
0.4135,  0.084169
0.4140,  0.079982
0.4145,  0.071941
0.4150,  0.066503
0.4155,  0.063745
0.4160,  0.081949
0.4165,  0.101878
0.4170,  0.069259
0.4175,  0.034679
0.4180,  0.042224
0.4185,  0.052155
0.4190,  0.059889
0.4195,  0.065120
0.4200,  0.075954
0.4205,  0.087298
0.4210,  0.094380
0.4215,  0.101367
0.4220,  0.061581
0.4225,  0.017505
0.4230,  0.046209
0.4235,  0.074670
0.4240,  0.082818
0.4245,  0.095346
0.4250,  0.086854
0.4255,  0.074982
0.4260,  0.081325
0.4265,  0.091803
0.4270,  0.071158
0.4275,  0.046900
0.4280,  0.057081
0.4285,  0.069340
0.4290,  0.057328
0.4295,  0.047698
0.4300,  -0.020024
0.4305,  -0.108398
0.4310,  0.041572
0.4315,  0.153953
0.4320,  0.131731
0.4325,  0.108269
0.4330,  0.113793
0.4335,  0.119971
0.4340,  0.098644
0.4345,  0.075951
0.4350,  0.075811
0.4355,  0.074465
0.4360,  0.104355
0.4365,  0.137976
0.4370,  0.113638
0.4375,  0.094051
0.4380,  0.055156
0.4385,  0.009414
0.4390,  0.064286
0.4395,  0.110508
0.4400,  0.083612
0.4405,  0.054002
0.4410,  0.087762
0.4415,  0.118821
0.4420,  0.120991
0.4425,  0.120743
0.4430,  0.101900
0.4435,  0.087423
0.4440,  0.095690
0.4445,  0.105016
0.4450,  0.077495
0.4455,  0.046902
0.4460,  0.060304
0.4465,  0.071560
0.4470,  0.101191
0.4475,  0.130758
0.4480,  0.112010
0.4485,  0.090221
0.4490,  0.092841
0.4495,  0.090867
0.4500,  0.100758
0.4505,  0.112705
0.4510,  0.105756
0.4515,  0.098609
0.4520,  0.075469
0.4525,  0.054327
0.4530,  0.063340
0.4535,  0.070218
0.4540,  0.075747
0.4545,  0.081014
0.4550,  0.091444
0.4555,  0.101091
0.4560,  0.103946
0.4565,  0.106605
0.4570,  0.108446
0.4575,  0.111715
0.4580,  0.090892
0.4585,  0.069324
0.4590,  0.075900
0.4595,  0.081619
0.4600,  0.086409
0.4605,  0.090274
0.4610,  0.089636
0.4615,  0.088492
0.4620,  0.096235
0.4625,  0.105547
0.4630,  0.095406
0.4635,  0.088017
0.4640,  0.082092
0.4645,  0.076440
0.4650,  0.092702
0.4655,  0.108482
0.4660,  0.087799
0.4665,  0.068717
0.4670,  0.087532
0.4675,  0.105526
0.4680,  0.104692
0.4685,  0.103198
0.4690,  0.107283
0.4695,  0.111990
0.4700,  0.094788
0.4705,  0.075491
0.4710,  0.095792
0.4715,  0.118586
0.4720,  0.115283
0.4725,  0.113636
0.4730,  0.103987
0.4735,  0.095450
0.4740,  0.103648
0.4745,  0.114591
0.4750,  0.110906
0.4755,  0.106646
0.4760,  0.097276
0.4765,  0.087115
0.4770,  0.107914
0.4775,  0.126535
0.4780,  0.112675
0.4785,  0.099226
0.4790,  0.108501
0.4795,  0.117294
0.4800,  0.110172
0.4805,  0.104966
0.4810,  0.113124
0.4815,  0.121113
0.4820,  0.110908
0.4825,  0.105778
0.4830,  0.108823
0.4835,  0.111829
0.4840,  0.110788
0.4845,  0.113822
0.4850,  0.105624
0.4855,  0.097609
0.4860,  0.070543
0.4865,  0.032814
0.4870,  0.072848
0.4875,  0.107050
0.4880,  0.114712
0.4885,  0.121138
0.4890,  0.120640
0.4895,  0.121518
0.4900,  0.125289
0.4905,  0.133575
0.4910,  0.118029
0.4915,  0.100108
0.4920,  0.099581
0.4925,  0.097770
0.4930,  0.092967
0.4935,  0.085435
0.4940,  0.109595
0.4945,  0.135184
0.4950,  0.110129
0.4955,  0.086238
0.4960,  0.103901
0.4965,  0.120527
0.4970,  0.123734
0.4975,  0.127782
0.4980,  0.102575
0.4985,  0.074852
0.4990,  0.095843
0.4995,  0.118584
0.5000,  0.104522
0.5005,  0.089252
0.5010,  0.084120
0.5015,  0.076429
0.5020,  0.092004
0.5025,  0.106600
0.5030,  0.112934
0.5035,  0.118134
0.5040,  0.106632
0.5045,  0.090384
0.5050,  0.106949
0.5055,  0.124883
0.5060,  0.116046
0.5065,  0.109908
0.5070,  0.102424
0.5075,  0.094495
0.5080,  0.096914
0.5085,  0.097469
0.5090,  0.095106
0.5095,  0.093876
0.5100,  0.098634
0.5105,  0.103502
0.5110,  0.112928
0.5115,  0.122602
0.5120,  0.102862
0.5125,  0.083640
0.5130,  0.085915
0.5135,  0.086226
0.5140,  0.090933
0.5145,  0.094802
0.5150,  0.103025
0.5155,  0.116874
0.5160,  0.087868
0.5165,  0.055864
0.5170,  0.077669
0.5175,  0.094558
0.5180,  0.079686
0.5185,  0.058854
0.5190,  0.085734
0.5195,  0.111495
0.5200,  0.104662
0.5205,  0.097555
0.5210,  0.105463
0.5215,  0.116286
0.5220,  0.100943
0.5225,  0.083433
0.5230,  0.092279
0.5235,  0.100087
0.5240,  0.107722
0.5245,  0.117935
0.5250,  0.115883
0.5255,  0.118275
0.5260,  0.080230
0.5265,  0.036386
0.5270,  0.068855
0.5275,  0.093152
0.5280,  0.098250
0.5285,  0.102749
0.5290,  0.100891
0.5295,  0.098413
0.5300,  0.099490
0.5305,  0.102836
0.5310,  0.105967
0.5315,  0.112727
0.5320,  0.085033
0.5325,  0.052817
0.5330,  0.084285
0.5335,  0.112590
0.5340,  0.097401
0.5345,  0.080725
0.5350,  0.100813
0.5355,  0.122251
0.5360,  0.101797
0.5365,  0.082480
0.5370,  0.085499
0.5375,  0.089313
0.5380,  0.096129
0.5385,  0.104593
0.5390,  0.096301
0.5395,  0.088242
0.5400,  0.080133
0.5405,  0.069937
0.5410,  0.090889
0.5415,  0.110166
0.5420,  0.097897
0.5425,  0.085734
0.5430,  0.094075
0.5435,  0.100050
0.5440,  0.097492
0.5445,  0.097303
0.5450,  0.101888
0.5455,  0.105546
0.5460,  0.103975
0.5465,  0.102791
0.5470,  0.095281
0.5475,  0.085896
0.5480,  0.089906
0.5485,  0.093425
0.5490,  0.098325
0.5495,  0.103677
0.5500,  0.096770
0.5505,  0.091528
0.5510,  0.094474
0.5515,  0.097017
0.5520,  0.094338
0.5525,  0.090376
0.5530,  0.095687
0.5535,  0.100489
0.5540,  0.103045
0.5545,  0.104943
0.5550,  0.105543
0.5555,  0.107791
0.5560,  0.097345
0.5565,  0.087888
0.5570,  0.096631
0.5575,  0.106384
0.5580,  0.100345
0.5585,  0.091053
0.5590,  0.094184
0.5595,  0.097911
0.5600,  0.100465
0.5605,  0.103311
0.5610,  0.099192
0.5615,  0.095869
0.5620,  0.100607
0.5625,  0.105057
0.5630,  0.107305
0.5635,  0.109850
0.5640,  0.110381
0.5645,  0.110760
0.5650,  0.103494
0.5655,  0.093566
0.5660,  0.097636
0.5665,  0.102273
0.5670,  0.113309
0.5675,  0.125246
0.5680,  0.111712
0.5685,  0.098134
0.5690,  0.109367
0.5695,  0.121654
0.5700,  0.107372
0.5705,  0.090316
0.5710,  0.097941
0.5715,  0.101705
0.5720,  0.109833
0.5725,  0.119515
0.5730,  0.115121
0.5735,  0.111868
0.5740,  0.111544
0.5745,  0.110966
0.5750,  0.103886
0.5755,  0.095935
0.5760,  0.098518
0.5765,  0.102337
0.5770,  0.105865
0.5775,  0.109892
0.5780,  0.098272
0.5785,  0.084608
0.5790,  0.092113
0.5795,  0.097860
0.5800,  0.098120
0.5805,  0.098755
0.5810,  0.097941
0.5815,  0.097826
0.5820,  0.098787
0.5825,  0.099839
0.5830,  0.096267
0.5835,  0.095273
0.5840,  0.097358
0.5845,  0.100575
0.5850,  0.089583
0.5855,  0.077404
0.5860,  0.089260
0.5865,  0.100809
0.5870,  0.108702
0.5875,  0.121784
0.5880,  0.115406
0.5885,  0.106565
0.5890,  0.083604
0.5895,  0.054254
0.5900,  0.092677
0.5905,  0.128615
0.5910,  0.120238
0.5915,  0.112052
0.5920,  0.112497
0.5925,  0.113811
0.5930,  0.110269
0.5935,  0.110616
0.5940,  0.108484
0.5945,  0.104007
0.5950,  0.106657
0.5955,  0.105493
0.5960,  0.107135
0.5965,  0.110902
0.5970,  0.105942
0.5975,  0.102020
0.5980,  0.097943
0.5985,  0.094910
0.5990,  0.102727
0.5995,  0.109363
0.6000,  0.105900
0.6005,  0.102276
0.6010,  0.104255
0.6015,  0.103946
0.6020,  0.093080
0.6025,  0.082700
0.6030,  0.093080
0.6035,  0.104537
0.6040,  0.102171
0.6045,  0.103107
0.6050,  0.103710
0.6055,  0.102005
0.6060,  0.100516
0.6065,  0.099947
0.6070,  0.101513
0.6075,  0.102672
0.6080,  0.100755
0.6085,  0.099136
0.6090,  0.100218
0.6095,  0.101715
0.6100,  0.094717
0.6105,  0.088955
0.6110,  0.097688
0.6115,  0.107352
0.6120,  0.102961
0.6125,  0.099015
0.6130,  0.096808
0.6135,  0.093944
0.6140,  0.100621
0.6145,  0.109523
0.6150,  0.113445
0.6155,  0.115298
0.6160,  0.093091
0.6165,  0.068187
0.6170,  0.087080
0.6175,  0.107970
0.6180,  0.112649
0.6185,  0.115772
0.6190,  0.112565
0.6195,  0.108492
0.6200,  0.113478
0.6205,  0.119095
0.6210,  0.109689
0.6215,  0.100699
0.6220,  0.107298
0.6225,  0.114616
0.6230,  0.108432
0.6235,  0.102774
0.6240,  0.105309
0.6245,  0.105365
0.6250,  0.100158
0.6255,  0.093237
0.6260,  0.105701
0.6265,  0.120495
0.6270,  0.124255
0.6275,  0.125906
0.6280,  0.126741
0.6285,  0.128342
0.6290,  0.125328
0.6295,  0.122620
0.6300,  0.119006
0.6305,  0.113473
0.6310,  0.107900
0.6315,  0.107191
0.6320,  0.106487
0.6325,  0.108127
0.6330,  0.110256
0.6335,  0.112037
0.6340,  0.113600
0.6345,  0.114179
0.6350,  0.113663
0.6355,  0.113896
0.6360,  0.112272
0.6365,  0.109076
0.6370,  0.106651
0.6375,  0.105533
0.6380,  0.107119
0.6385,  0.109850
0.6390,  0.113522
0.6395,  0.112834
0.6400,  0.110595
0.6405,  0.106837
0.6410,  0.102836
0.6415,  0.102802
0.6420,  0.100687
0.6425,  0.097605
0.6430,  0.095193
0.6435,  0.095228
0.6440,  0.098457
0.6445,  0.104695
0.6450,  0.111307
0.6455,  0.113567
0.6460,  0.114899
0.6465,  0.116522
0.6470,  0.116411
0.6475,  0.114652
0.6480,  0.112247
0.6485,  0.108107
0.6490,  0.102115
0.6495,  0.105062
0.6500,  0.109217
0.6505,  0.115920
0.6510,  0.122983
0.6515,  0.123282
0.6520,  0.122730
0.6525,  0.119005
0.6530,  0.116589
0.6535,  0.109931
0.6540,  0.108749
0.6545,  0.113651
0.6550,  0.122002
0.6555,  0.117983
0.6560,  0.104376
0.6565,  0.080178
0.6570,  0.050184
0.6575,  0.059252
0.6580,  0.071076
0.6585,  0.084093
0.6590,  0.098118
0.6595,  0.093564
0.6600,  0.089794
0.6605,  0.088537
0.6610,  0.088281
0.6615,  0.084302
0.6620,  0.082236
0.6625,  0.080932
0.6630,  0.080280
0.6635,  0.082116
0.6640,  0.084174
0.6645,  0.086124
0.6650,  0.087138
0.6655,  0.086216
0.6660,  0.084346
0.6665,  0.082742
0.6670,  0.079301
0.6675,  0.079506
0.6680,  0.079875
0.6685,  0.080850
0.6690,  0.082153
0.6695,  0.080647
0.6700,  0.079516
0.6705,  0.078365
0.6710,  0.079269
0.6715,  0.081695
0.6720,  0.079197
0.6725,  0.079106
0.6730,  0.080910
0.6735,  0.081127
0.6740,  0.079330
0.6745,  0.074691
0.6750,  0.071950
0.6755,  0.072733
0.6760,  0.074184
0.6765,  0.078097
0.6770,  0.081134
0.6775,  0.082141
0.6780,  0.081176
0.6785,  0.080999
0.6790,  0.078112
0.6795,  0.077826
0.6800,  0.079120
0.6805,  0.079051
0.6810,  0.079378
0.6815,  0.079918
0.6820,  0.082742
0.6825,  0.084841
0.6830,  0.086897
0.6835,  0.087856
0.6840,  0.086611
0.6845,  0.088979
0.6850,  0.096049
0.6855,  0.119428
0.6860,  0.147651
0.6865,  0.172977
0.6870,  0.185072
0.6875,  0.186898
0.6880,  0.184628
0.6885,  0.179756
0.6890,  0.174314
0.6895,  0.169461
0.6900,  0.161614
0.6905,  0.150654
0.6910,  0.142237
0.6915,  0.136633
0.6920,  0.131327
0.6925,  0.130682
0.6930,  0.133171
0.6935,  0.133611
0.6940,  0.135569
0.6945,  0.132787
0.6950,  0.128871
0.6955,  0.121997
0.6960,  0.114586
0.6965,  0.110353
0.6970,  0.105622
0.6975,  0.107624
0.6980,  0.113591
0.6985,  0.121283
0.6990,  0.128084
0.6995,  0.128414
0.7000,  0.126249
0.7005,  0.122770
0.7010,  0.117465
0.7015,  0.120376
0.7020,  0.120274
0.7025,  0.118825
0.7030,  0.115213
0.7035,  0.116173
0.7040,  0.119914
0.7045,  0.122623
0.7050,  0.126141
0.7055,  0.123398
0.7060,  0.119199
0.7065,  0.116074
0.7070,  0.113323
0.7075,  0.111451
0.7080,  0.110391
0.7085,  0.107439
0.7090,  0.105738
0.7095,  0.106276
0.7100,  0.104990
0.7105,  0.101825
0.7110,  0.102541
0.7115,  0.101015
0.7120,  0.097862
0.7125,  0.099202
0.7130,  0.100864
0.7135,  0.104239
0.7140,  0.109996
0.7145,  0.113049
0.7150,  0.119358
0.7155,  0.133417
0.7160,  0.154926
0.7165,  0.182324
0.7170,  0.208942
0.7175,  0.229641
0.7180,  0.246238
0.7185,  0.258259
0.7190,  0.259197
0.7195,  0.251333
0.7200,  0.233543
0.7205,  0.214703
0.7210,  0.196012
0.7215,  0.186558
0.7220,  0.189314
0.7225,  0.201319
0.7230,  0.214880
0.7235,  0.224317
0.7240,  0.232614
0.7245,  0.237535
0.7250,  0.238086
0.7255,  0.237529
0.7260,  0.239995
0.7265,  0.242089
0.7270,  0.242172
0.7275,  0.236986
0.7280,  0.230664
0.7285,  0.223608
0.7290,  0.216615
0.7295,  0.211160
0.7300,  0.205332
0.7305,  0.198495
0.7310,  0.192580
0.7315,  0.183994
0.7320,  0.171669
0.7325,  0.157236
0.7330,  0.145614
0.7335,  0.136519
0.7340,  0.133704
0.7345,  0.133632
0.7350,  0.132941
0.7355,  0.132758
0.7360,  0.128464
0.7365,  0.128827
0.7370,  0.125371
0.7375,  0.118836
0.7380,  0.114861
0.7385,  0.111676
0.7390,  0.107928
0.7395,  0.103954
0.7400,  0.099836
0.7405,  0.096785
0.7410,  0.092173
0.7415,  0.095598
0.7420,  0.096989
0.7425,  0.094441
0.7430,  0.095029
0.7435,  0.094562
0.7440,  0.097609
0.7445,  0.100409
0.7450,  0.100679
0.7455,  0.100823
0.7460,  0.099431
0.7465,  0.102850
0.7470,  0.104265
0.7475,  0.100183
0.7480,  0.093978
0.7485,  0.093359
0.7490,  0.092206
0.7495,  0.090729
0.7500,  0.090581
0.7505,  0.093100
0.7510,  0.096847
0.7515,  0.098397
0.7520,  0.099884
0.7525,  0.096907
0.7530,  0.094007
0.7535,  0.091314
0.7540,  0.090167
0.7545,  0.091633
0.7550,  0.093509
0.7555,  0.095318
0.7560,  0.094696
0.7565,  0.094074
0.7570,  0.094941
0.7575,  0.102786
0.7580,  0.131268
0.7585,  0.194649
0.7590,  0.294406
0.7595,  0.413742
0.7600,  0.510536
0.7605,  0.557727
0.7610,  0.551681
0.7615,  0.529639
0.7620,  0.515186
0.7625,  0.513698
0.7630,  0.505254
0.7635,  0.475504
0.7640,  0.432103
0.7645,  0.381367
0.7650,  0.335680
0.7655,  0.284725
0.7660,  0.236466
0.7665,  0.190825
0.7670,  0.161946
0.7675,  0.142052
0.7680,  0.128861
0.7685,  0.123348
0.7690,  0.118867
0.7695,  0.112805
0.7700,  0.101536
0.7705,  0.097818
0.7710,  0.095286
0.7715,  0.095849
0.7720,  0.094925
0.7725,  0.095641
0.7730,  0.097177
0.7735,  0.094838
0.7740,  0.087854
0.7745,  0.084944
0.7750,  0.082190
0.7755,  0.084757
0.7760,  0.084599
0.7765,  0.088856
0.7770,  0.091662
0.7775,  0.087938
0.7780,  0.085198
0.7785,  0.084698
0.7790,  0.084371
0.7795,  0.087090
0.7800,  0.087249
0.7805,  0.085307
0.7810,  0.088453
0.7815,  0.087962
0.7820,  0.087836
0.7825,  0.084638
0.7830,  0.086320
0.7835,  0.083038
0.7840,  0.084328
0.7845,  0.085075
0.7850,  0.084090
0.7855,  0.087113
0.7860,  0.088549
0.7865,  0.090580
0.7870,  0.093362
0.7875,  0.096000
0.7880,  0.101423
0.7885,  0.106931
0.7890,  0.111416
0.7895,  0.111869
0.7900,  0.111517
0.7905,  0.105575
0.7910,  0.104359
0.7915,  0.108629
0.7920,  0.111497
0.7925,  0.113082
0.7930,  0.103908
0.7935,  0.100587
0.7940,  0.095861
0.7945,  0.092882
0.7950,  0.088294
0.7955,  0.095032
0.7960,  0.101500
0.7965,  0.099529
0.7970,  0.096495
0.7975,  0.096871
0.7980,  0.099459
0.7985,  0.106512
0.7990,  0.110001
0.7995,  0.112624
0.8000,  0.110022
0.8005,  0.107708
0.8010,  0.107400
0.8015,  0.102641
0.8020,  0.104417
0.8025,  0.105980
0.8030,  0.107798
0.8035,  0.107833
0.8040,  0.107487
0.8045,  0.103189
0.8050,  0.096273
0.8055,  0.094394
0.8060,  0.094181
0.8065,  0.092928
0.8070,  0.096399
0.8075,  0.097275
0.8080,  0.095872
0.8085,  0.093047
0.8090,  0.088208
0.8095,  0.092528
0.8100,  0.097623
0.8105,  0.105904
0.8110,  0.112579
0.8115,  0.118666
0.8120,  0.126656
0.8125,  0.141244
0.8130,  0.155909
0.8135,  0.174393
0.8140,  0.189136
0.8145,  0.202103
0.8150,  0.216875
0.8155,  0.228820
0.8160,  0.239341
0.8165,  0.248860
0.8170,  0.250705
0.8175,  0.241544
0.8180,  0.231171
0.8185,  0.216820
0.8190,  0.203150
0.8195,  0.195634
0.8200,  0.191036
0.8205,  0.183536
0.8210,  0.185661
0.8215,  0.205065
0.8220,  0.227707
0.8225,  0.241358
0.8230,  0.232826
0.8235,  0.211830
0.8240,  0.183672
0.8245,  0.162957
0.8250,  0.155362
0.8255,  0.155461
0.8260,  0.160869
0.8265,  0.170311
0.8270,  0.177460
0.8275,  0.186804
0.8280,  0.197349
0.8285,  0.190918
0.8290,  0.183968
0.8295,  0.181599
0.8300,  0.174054
0.8305,  0.167924
0.8310,  0.160881
0.8315,  0.157082
0.8320,  0.161941
0.8325,  0.157464
0.8330,  0.153902
0.8335,  0.142042
0.8340,  0.132678
0.8345,  0.128401
0.8350,  0.126581
0.8355,  0.124168
0.8360,  0.119207
0.8365,  0.114170
0.8370,  0.113429
0.8375,  0.115813
0.8380,  0.112261
0.8385,  0.110449
0.8390,  0.091459
0.8395,  0.081881
0.8400,  0.075640
0.8405,  0.078672
0.8410,  0.085427
0.8415,  0.087159
0.8420,  0.082873
0.8425,  0.083587
0.8430,  0.085538
0.8435,  0.086547
0.8440,  0.081744
0.8445,  0.072313
0.8450,  0.065210
0.8455,  0.062183
0.8460,  0.064952
0.8465,  0.077150
0.8470,  0.084992
0.8475,  0.081768
0.8480,  0.085691
0.8485,  0.082934
0.8490,  0.078843
0.8495,  0.068615
0.8500,  0.059316
0.8505,  0.061878
0.8510,  0.061328
0.8515,  0.061077
0.8520,  0.066547
0.8525,  0.051468
0.8530,  0.054052
0.8535,  0.058644
0.8540,  0.043062
0.8545,  0.060592
0.8550,  0.068626
0.8555,  0.069785
0.8560,  0.072091
0.8565,  0.063741
0.8570,  0.058257
0.8575,  0.059037
0.8580,  0.068773
0.8585,  0.069731
0.8590,  0.074157
0.8595,  0.082478
0.8600,  0.084386
0.8605,  0.079099
0.8610,  0.074791
0.8615,  0.069318
0.8620,  0.056900
0.8625,  0.051621
0.8630,  0.049420
0.8635,  0.051543
0.8640,  0.058508
0.8645,  0.050098
0.8650,  0.051663
0.8655,  0.052005
0.8660,  0.038739
0.8665,  0.049741
0.8670,  0.055016
0.8675,  0.056506
0.8680,  0.055764
0.8685,  0.046016
0.8690,  0.036950
0.8695,  0.041691
0.8700,  0.051044
0.8705,  0.060326
0.8710,  0.070630
0.8715,  0.070275
0.8720,  0.074055
0.8725,  0.072829
0.8730,  0.072043
0.8735,  0.062953
0.8740,  0.058667
0.8745,  0.056979
0.8750,  0.055289
0.8755,  0.068550
0.8760,  0.079766
0.8765,  0.084579
0.8770,  0.083768
0.8775,  0.077183
0.8780,  0.066248
0.8785,  0.055697
0.8790,  0.046143
0.8795,  0.047910
0.8800,  0.046692
0.8805,  0.057888
0.8810,  0.049557
0.8815,  0.048762
0.8820,  0.056625
0.8825,  0.055314
0.8830,  0.061201
0.8835,  0.058679
0.8840,  0.061504
0.8845,  0.050238
0.8850,  0.049064
0.8855,  0.036791
0.8860,  0.035844
0.8865,  0.040485
0.8870,  0.053094
0.8875,  0.058772
0.8880,  0.055255
0.8885,  0.058836
0.8890,  0.056810
0.8895,  0.056561
0.8900,  0.054862
