0.3500,  1.738745
0.3505,  1.784699
0.3510,  1.714670
0.3515,  1.636151
0.3520,  1.533565
0.3525,  1.444866
0.3530,  1.432966
0.3535,  1.416058
0.3540,  1.407937
0.3545,  1.408593
0.3550,  1.375223
0.3555,  1.352733
0.3560,  1.338703
0.3565,  1.334542
0.3570,  1.362186
0.3575,  1.378941
0.3580,  1.387931
0.3585,  1.369516
0.3590,  1.542508
0.3595,  1.662223
0.3600,  1.618983
0.3605,  1.563411
0.3610,  1.470109
0.3615,  1.368600
0.3620,  1.375128
0.3625,  1.389697
0.3630,  1.348944
0.3635,  1.300617
0.3640,  1.253314
0.3645,  1.189671
0.3650,  1.169954
0.3655,  1.158975
0.3660,  1.122319
0.3665,  1.096393
0.3670,  1.037866
0.3675,  0.991765
0.3680,  0.944272
0.3685,  0.899388
0.3690,  0.939874
0.3695,  0.984003
0.3700,  0.945289
0.3705,  0.907098
0.3710,  0.929408
0.3715,  0.949048
0.3720,  0.914241
0.3725,  0.887849
0.3730,  0.866282
0.3735,  0.853720
0.3740,  0.897352
0.3745,  0.928021
0.3750,  1.024948
0.3755,  1.085988
0.3760,  1.062850
0.3765,  1.023685
0.3770,  1.034132
0.3775,  1.035975
0.3780,  0.995289
0.3785,  0.978304
0.3790,  0.869095
0.3795,  0.755638
0.3800,  0.811033
0.3805,  0.870519
0.3810,  0.847234
0.3815,  0.850035
0.3820,  0.799121
0.3825,  0.744468
0.3830,  0.782692
0.3835,  0.799378
0.3840,  1.020170
0.3845,  1.172310
0.3850,  1.168178
0.3855,  1.147365
0.3860,  1.103071
0.3865,  1.069962
0.3870,  1.045645
0.3875,  1.020798
0.3880,  0.979892
0.3885,  0.930887
0.3890,  0.965391
0.3895,  0.980013
0.3900,  0.945539
0.3905,  0.911279
0.3910,  0.896131
0.3915,  0.908255
0.3920,  0.801351
0.3925,  0.708886
0.3930,  0.556939
0.3935,  0.335877
0.3940,  0.682736
0.3945,  0.916552
0.3950,  1.025141
0.3955,  1.120438
0.3960,  0.943143
0.3965,  0.725327
0.3970,  0.740156
0.3975,  0.717454
0.3980,  0.884935
0.3985,  0.979269
0.3990,  0.910147
0.3995,  0.851722
0.4000,  0.776139
0.4005,  0.708155
0.4010,  0.664844
0.4015,  0.636972
0.4020,  0.606868
0.4025,  0.588141
0.4030,  0.555277
0.4035,  0.523919
0.4040,  0.510137
0.4045,  0.502494
0.4050,  0.499475
0.4055,  0.500998
0.4060,  0.487848
0.4065,  0.474307
0.4070,  0.491190
0.4075,  0.503494
0.4080,  0.529985
0.4085,  0.552410
0.4090,  0.539955
0.4095,  0.532549
0.4100,  0.483029
0.4105,  0.423957
0.4110,  0.496018
0.4115,  0.557052
0.4120,  0.536227
0.4125,  0.514333
0.4130,  0.493383
0.4135,  0.478719
0.4140,  0.471200
0.4145,  0.462226
0.4150,  0.457549
0.4155,  0.453784
0.4160,  0.476830
0.4165,  0.500346
0.4170,  0.456836
0.4175,  0.411419
0.4180,  0.420570
0.4185,  0.429018
0.4190,  0.435205
0.4195,  0.437751
0.4200,  0.450953
0.4205,  0.464373
0.4210,  0.474307
0.4215,  0.487135
0.4220,  0.437345
0.4225,  0.381401
0.4230,  0.422242
0.4235,  0.463772
0.4240,  0.477209
0.4245,  0.493344
0.4250,  0.475172
0.4255,  0.458210
0.4260,  0.461405
0.4265,  0.471454
0.4270,  0.439473
0.4275,  0.407219
0.4280,  0.420623
0.4285,  0.440688
0.4290,  0.429321
0.4295,  0.426595
0.4300,  0.343820
0.4305,  0.236588
0.4310,  0.444920
0.4315,  0.600155
0.4320,  0.564997
0.4325,  0.523256
0.4330,  0.519474
0.4335,  0.514535
0.4340,  0.476298
0.4345,  0.443009
0.4350,  0.439495
0.4355,  0.433697
0.4360,  0.469324
0.4365,  0.506545
0.4370,  0.467289
0.4375,  0.435068
0.4380,  0.376832
0.4385,  0.312041
0.4390,  0.383027
0.4395,  0.447561
0.4400,  0.415601
0.4405,  0.377329
0.4410,  0.421254
0.4415,  0.457177
0.4420,  0.451574
0.4425,  0.448938
0.4430,  0.419905
0.4435,  0.392115
0.4440,  0.400609
0.4445,  0.412808
0.4450,  0.376110
0.4455,  0.335918
0.4460,  0.351126
0.4465,  0.364610
0.4470,  0.400944
0.4475,  0.434434
0.4480,  0.403821
0.4485,  0.369815
0.4490,  0.369434
0.4495,  0.371487
0.4500,  0.386829
0.4505,  0.402261
0.4510,  0.384456
0.4515,  0.368839
0.4520,  0.333696
0.4525,  0.301314
0.4530,  0.313547
0.4535,  0.327477
0.4540,  0.340144
0.4545,  0.349914
0.4550,  0.361971
0.4555,  0.372283
0.4560,  0.374366
0.4565,  0.377370
0.4570,  0.375342
0.4575,  0.376655
0.4580,  0.348603
0.4585,  0.319710
0.4590,  0.327275
0.4595,  0.332739
0.4600,  0.337220
0.4605,  0.340812
0.4610,  0.340779
0.4615,  0.339928
0.4620,  0.346733
0.4625,  0.353436
0.4630,  0.336242
0.4635,  0.324779
0.4640,  0.317107
0.4645,  0.307095
0.4650,  0.329383
0.4655,  0.353557
0.4660,  0.329546
0.4665,  0.304264
0.4670,  0.329549
0.4675,  0.349503
0.4680,  0.342331
0.4685,  0.339335
0.4690,  0.341936
0.4695,  0.345473
0.4700,  0.322493
0.4705,  0.291950
0.4710,  0.321177
0.4715,  0.348145
0.4720,  0.344340
0.4725,  0.339873
0.4730,  0.324309
0.4735,  0.308387
0.4740,  0.316715
0.4745,  0.327193
0.4750,  0.316464
0.4755,  0.306870
0.4760,  0.292938
0.4765,  0.278638
0.4770,  0.303978
0.4775,  0.326405
0.4780,  0.304969
0.4785,  0.283969
0.4790,  0.296091
0.4795,  0.307293
0.4800,  0.294777
0.4805,  0.285911
0.4810,  0.297038
0.4815,  0.307551
0.4820,  0.291447
0.4825,  0.277066
0.4830,  0.276975
0.4835,  0.281131
0.4840,  0.277883
0.4845,  0.277960
0.4850,  0.260946
0.4855,  0.246660
0.4860,  0.213871
0.4865,  0.170472
0.4870,  0.232486
0.4875,  0.283138
0.4880,  0.295555
0.4885,  0.303429
0.4890,  0.299569
0.4895,  0.295363
0.4900,  0.292691
0.4905,  0.294797
0.4910,  0.265132
0.4915,  0.237030
0.4920,  0.237178
0.4925,  0.238546
0.4930,  0.234464
0.4935,  0.227733
0.4940,  0.260383
0.4945,  0.292961
0.4950,  0.256214
0.4955,  0.220345
0.4960,  0.238719
0.4965,  0.256835
0.4970,  0.257014
0.4975,  0.260178
0.4980,  0.226381
0.4985,  0.190005
0.4990,  0.217309
0.4995,  0.245477
0.5000,  0.222739
0.5005,  0.199516
0.5010,  0.195584
0.5015,  0.188343
0.5020,  0.209191
0.5025,  0.228245
0.5030,  0.236895
0.5035,  0.242183
0.5040,  0.226453
0.5045,  0.205953
0.5050,  0.227976
0.5055,  0.249128
0.5060,  0.235051
0.5065,  0.223819
0.5070,  0.210073
0.5075,  0.198065
0.5080,  0.202956
0.5085,  0.206123
0.5090,  0.204947
0.5095,  0.203060
0.5100,  0.208251
0.5105,  0.213126
0.5110,  0.223034
0.5115,  0.233292
0.5120,  0.203591
0.5125,  0.176022
0.5130,  0.179991
0.5135,  0.183627
0.5140,  0.193490
0.5145,  0.201575
0.5150,  0.210890
0.5155,  0.223807
0.5160,  0.179984
0.5165,  0.135202
0.5170,  0.167084
0.5175,  0.196102
0.5180,  0.183576
0.5185,  0.161736
0.5190,  0.201892
0.5195,  0.237353
0.5200,  0.225820
0.5205,  0.213599
0.5210,  0.221468
0.5215,  0.231503
0.5220,  0.206809
0.5225,  0.183055
0.5230,  0.198954
0.5235,  0.210008
0.5240,  0.217275
0.5245,  0.226544
0.5250,  0.219116
0.5255,  0.216495
0.5260,  0.163314
0.5265,  0.106008
0.5270,  0.155170
0.5275,  0.196481
0.5280,  0.208781
0.5285,  0.215922
0.5290,  0.210368
0.5295,  0.205127
0.5300,  0.206468
0.5305,  0.207888
0.5310,  0.205673
0.5315,  0.210163
0.5320,  0.169086
0.5325,  0.126194
0.5330,  0.171884
0.5335,  0.214421
0.5340,  0.197517
0.5345,  0.177344
0.5350,  0.203025
0.5355,  0.228359
0.5360,  0.198408
0.5365,  0.171145
0.5370,  0.176584
0.5375,  0.181745
0.5380,  0.190134
0.5385,  0.199262
0.5390,  0.185976
0.5395,  0.174814
0.5400,  0.165433
0.5405,  0.154782
0.5410,  0.186548
0.5415,  0.214035
0.5420,  0.198671
0.5425,  0.182677
0.5430,  0.193457
0.5435,  0.203419
0.5440,  0.201189
0.5445,  0.198896
0.5450,  0.203659
0.5455,  0.207486
0.5460,  0.202647
0.5465,  0.198404
0.5470,  0.189383
0.5475,  0.180294
0.5480,  0.188235
0.5485,  0.194436
0.5490,  0.200512
0.5495,  0.206735
0.5500,  0.197587
0.5505,  0.189729
0.5510,  0.192565
0.5515,  0.193798
0.5520,  0.189488
0.5525,  0.184722
0.5530,  0.195037
0.5535,  0.204641
0.5540,  0.207976
0.5545,  0.210114
0.5550,  0.209790
0.5555,  0.211551
0.5560,  0.196947
0.5565,  0.183588
0.5570,  0.193038
0.5575,  0.204364
0.5580,  0.196191
0.5585,  0.186814
0.5590,  0.196499
0.5595,  0.205157
0.5600,  0.212701
0.5605,  0.219055
0.5610,  0.213954
0.5615,  0.207681
0.5620,  0.211661
0.5625,  0.217102
0.5630,  0.219570
0.5635,  0.223101
0.5640,  0.223461
0.5645,  0.223390
0.5650,  0.211978
0.5655,  0.199564
0.5660,  0.207630
0.5665,  0.214551
0.5670,  0.229056
0.5675,  0.243049
0.5680,  0.225737
0.5685,  0.209468
0.5690,  0.225223
0.5695,  0.240888
0.5700,  0.222167
0.5705,  0.201395
0.5710,  0.215624
0.5715,  0.224037
0.5720,  0.236080
0.5725,  0.248196
0.5730,  0.240921
0.5735,  0.236067
0.5740,  0.234635
0.5745,  0.234700
0.5750,  0.228103
0.5755,  0.220196
0.5760,  0.226651
0.5765,  0.234176
0.5770,  0.241106
0.5775,  0.248628
0.5780,  0.233296
0.5785,  0.216126
0.5790,  0.226124
0.5795,  0.233722
0.5800,  0.233101
0.5805,  0.233402
0.5810,  0.235529
0.5815,  0.238077
0.5820,  0.241058
0.5825,  0.241939
0.5830,  0.235609
0.5835,  0.230053
0.5840,  0.231551
0.5845,  0.238915
0.5850,  0.226898
0.5855,  0.213139
0.5860,  0.230780
0.5865,  0.245723
0.5870,  0.250938
0.5875,  0.261288
0.5880,  0.251168
0.5885,  0.243495
0.5890,  0.224469
0.5895,  0.199005
0.5900,  0.259712
0.5905,  0.308577
0.5910,  0.295403
0.5915,  0.281217
0.5920,  0.278702
0.5925,  0.276993
0.5930,  0.269657
0.5935,  0.268423
0.5940,  0.266031
0.5945,  0.263076
0.5950,  0.267260
0.5955,  0.269361
0.5960,  0.273136
0.5965,  0.276650
0.5970,  0.268115
0.5975,  0.261600
0.5980,  0.256247
0.5985,  0.252997
0.5990,  0.261743
0.5995,  0.269020
0.6000,  0.265048
0.6005,  0.261942
0.6010,  0.266199
0.6015,  0.266561
0.6020,  0.255136
0.6025,  0.243567
0.6030,  0.258345
0.6035,  0.273251
0.6040,  0.270857
0.6045,  0.270070
0.6050,  0.269220
0.6055,  0.265738
0.6060,  0.264291
0.6065,  0.262766
0.6070,  0.262303
0.6075,  0.263999
0.6080,  0.263552
0.6085,  0.264500
0.6090,  0.270440
0.6095,  0.276650
0.6100,  0.269763
0.6105,  0.260525
0.6110,  0.272275
0.6115,  0.284279
0.6120,  0.274631
0.6125,  0.267798
0.6130,  0.267709
0.6135,  0.269150
0.6140,  0.281730
0.6145,  0.291895
0.6150,  0.294699
0.6155,  0.299557
0.6160,  0.275228
0.6165,  0.246547
0.6170,  0.274288
0.6175,  0.300566
0.6180,  0.306161
0.6185,  0.311157
0.6190,  0.306803
0.6195,  0.299548
0.6200,  0.303394
0.6205,  0.308323
0.6210,  0.295361
0.6215,  0.283633
0.6220,  0.295042
0.6225,  0.306684
0.6230,  0.299349
0.6235,  0.294369
0.6240,  0.300427
0.6245,  0.304944
0.6250,  0.301578
0.6255,  0.293225
0.6260,  0.306812
0.6265,  0.322012
0.6270,  0.323208
0.6275,  0.328304
0.6280,  0.335051
0.6285,  0.342879
0.6290,  0.345155
0.6295,  0.344746
0.6300,  0.340135
0.6305,  0.332830
0.6310,  0.324158
0.6315,  0.321387
0.6320,  0.318550
0.6325,  0.317889
0.6330,  0.318351
0.6335,  0.319820
0.6340,  0.323362
0.6345,  0.327954
0.6350,  0.330382
0.6355,  0.331752
0.6360,  0.331817
0.6365,  0.329269
0.6370,  0.324649
0.6375,  0.320171
0.6380,  0.315883
0.6385,  0.316405
0.6390,  0.320972
0.6395,  0.324807
0.6400,  0.330459
0.6405,  0.333790
0.6410,  0.332514
0.6415,  0.335544
0.6420,  0.333392
0.6425,  0.327793
0.6430,  0.325410
0.6435,  0.326506
0.6440,  0.326719
0.6445,  0.330194
0.6450,  0.339540
0.6455,  0.345249
0.6460,  0.351489
0.6465,  0.356712
0.6470,  0.359329
0.6475,  0.358242
0.6480,  0.354731
0.6485,  0.349959
0.6490,  0.347822
0.6495,  0.355681
0.6500,  0.358335
0.6505,  0.360687
0.6510,  0.365927
0.6515,  0.365938
0.6520,  0.365643
0.6525,  0.363981
0.6530,  0.359302
0.6535,  0.346915
0.6540,  0.340045
0.6545,  0.339560
0.6550,  0.349676
0.6555,  0.358201
0.6560,  0.365959
0.6565,  0.360673
0.6570,  0.334433
0.6575,  0.347245
0.6580,  0.356512
0.6585,  0.365177
0.6590,  0.377240
0.6595,  0.369309
0.6600,  0.363316
0.6605,  0.358326
0.6610,  0.356660
0.6615,  0.351951
0.6620,  0.349133
0.6625,  0.346719
0.6630,  0.345559
0.6635,  0.351289
0.6640,  0.354556
0.6645,  0.360655
0.6650,  0.363837
0.6655,  0.360804
0.6660,  0.357795
0.6665,  0.355084
0.6670,  0.352064
0.6675,  0.353304
0.6680,  0.354682
0.6685,  0.357427
0.6690,  0.363471
0.6695,  0.365993
0.6700,  0.367556
0.6705,  0.367605
0.6710,  0.368084
0.6715,  0.371966
0.6720,  0.374056
0.6725,  0.375173
0.6730,  0.372715
0.6735,  0.366597
0.6740,  0.363082
0.6745,  0.363023
0.6750,  0.365485
0.6755,  0.371008
0.6760,  0.374834
0.6765,  0.379652
0.6770,  0.386278
0.6775,  0.388498
0.6780,  0.391002
0.6785,  0.391008
0.6790,  0.389322
0.6795,  0.387107
0.6800,  0.385499
0.6805,  0.384720
0.6810,  0.385535
0.6815,  0.388882
0.6820,  0.394159
0.6825,  0.399323
0.6830,  0.406412
0.6835,  0.410363
0.6840,  0.412890
0.6845,  0.415389
0.6850,  0.417796
0.6855,  0.431497
0.6860,  0.460565
0.6865,  0.504273
0.6870,  0.548202
0.6875,  0.577772
0.6880,  0.593371
0.6885,  0.591923
0.6890,  0.590719
0.6895,  0.589826
0.6900,  0.585247
0.6905,  0.573284
0.6910,  0.559314
0.6915,  0.544941
0.6920,  0.531254
0.6925,  0.522796
0.6930,  0.519581
0.6935,  0.518102
0.6940,  0.520559
0.6945,  0.523238
0.6950,  0.528523
0.6955,  0.526653
0.6960,  0.520542
0.6965,  0.510097
0.6970,  0.500852
0.6975,  0.500943
0.6980,  0.505251
0.6985,  0.509553
0.6990,  0.514951
0.6995,  0.516751
0.7000,  0.515202
0.7005,  0.518645
0.7010,  0.520754
0.7015,  0.532037
0.7020,  0.539232
0.7025,  0.541801
0.7030,  0.541002
0.7035,  0.539776
0.7040,  0.536683
0.7045,  0.533794
0.7050,  0.532497
0.7055,  0.525971
0.7060,  0.520234
0.7065,  0.514934
0.7070,  0.513369
0.7075,  0.510808
0.7080,  0.512766
0.7085,  0.515372
0.7090,  0.515154
0.7095,  0.517341
0.7100,  0.517681
0.7105,  0.521594
0.7110,  0.526453
0.7115,  0.529351
0.7120,  0.533186
0.7125,  0.537515
0.7130,  0.542788
0.7135,  0.549109
0.7140,  0.555436
0.7145,  0.559849
0.7150,  0.560973
0.7155,  0.569855
0.7160,  0.593321
0.7165,  0.629353
0.7170,  0.679428
0.7175,  0.733055
0.7180,  0.793556
0.7185,  0.845464
0.7190,  0.879567
0.7195,  0.902714
0.7200,  0.906528
0.7205,  0.879972
0.7210,  0.837988
0.7215,  0.791528
0.7220,  0.758175
0.7225,  0.747038
0.7230,  0.757573
0.7235,  0.781716
0.7240,  0.809763
0.7245,  0.837199
0.7250,  0.856125
0.7255,  0.861134
0.7260,  0.859981
0.7265,  0.856605
0.7270,  0.852224
0.7275,  0.841659
0.7280,  0.835593
0.7285,  0.828830
0.7290,  0.823578
0.7295,  0.828223
0.7300,  0.833650
0.7305,  0.838295
0.7310,  0.832506
0.7315,  0.814005
0.7320,  0.787276
0.7325,  0.760548
0.7330,  0.728042
0.7335,  0.701943
0.7340,  0.681134
0.7345,  0.672618
0.7350,  0.669115
0.7355,  0.673630
0.7360,  0.685339
0.7365,  0.695161
0.7370,  0.696422
0.7375,  0.684627
0.7380,  0.673183
0.7385,  0.666791
0.7390,  0.662827
0.7395,  0.658210
0.7400,  0.654902
0.7405,  0.652410
0.7410,  0.651847
0.7415,  0.664047
0.7420,  0.666816
0.7425,  0.665247
0.7430,  0.663401
0.7435,  0.660704
0.7440,  0.658929
0.7445,  0.659466
0.7450,  0.658641
0.7455,  0.660846
0.7460,  0.658259
0.7465,  0.662151
0.7470,  0.667674
0.7475,  0.664248
0.7480,  0.663950
0.7485,  0.667722
0.7490,  0.669117
0.7495,  0.667820
0.7500,  0.671684
0.7505,  0.670283
0.7510,  0.667357
0.7515,  0.665393
0.7520,  0.666722
0.7525,  0.674640
0.7530,  0.681005
0.7535,  0.690573
0.7540,  0.697547
0.7545,  0.700259
0.7550,  0.706618
0.7555,  0.706159
0.7560,  0.710013
0.7565,  0.712603
0.7570,  0.716860
0.7575,  0.727475
0.7580,  0.759832
0.7585,  0.831152
0.7590,  0.974385
0.7595,  1.254013
0.7600,  1.732439
0.7605,  2.437290
0.7610,  3.354154
0.7615,  3.671431
0.7620,  3.361733
0.7625,  3.017469
0.7630,  2.856599
0.7635,  2.719418
0.7640,  2.511687
0.7645,  2.261988
0.7650,  2.007569
0.7655,  1.753075
0.7660,  1.526987
0.7665,  1.338070
0.7670,  1.174581
0.7675,  1.068771
0.7680,  0.993200
0.7685,  0.946381
0.7690,  0.912940
0.7695,  0.894863
0.7700,  0.881610
0.7705,  0.873015
0.7710,  0.857897
0.7715,  0.852776
0.7720,  0.855484
0.7725,  0.839103
0.7730,  0.832440
0.7735,  0.827367
0.7740,  0.822121
0.7745,  0.819564
0.7750,  0.821529
0.7755,  0.823640
0.7760,  0.830917
0.7765,  0.849557
0.7770,  0.864172
0.7775,  0.877157
0.7780,  0.884351
0.7785,  0.882137
0.7790,  0.871083
0.7795,  0.879278
0.7800,  0.886385
0.7805,  0.887883
0.7810,  0.889859
0.7815,  0.893949
0.7820,  0.896285
0.7825,  0.901052
0.7830,  0.900983
0.7835,  0.901405
0.7840,  0.904847
0.7845,  0.911468
0.7850,  0.909399
0.7855,  0.908959
0.7860,  0.932087
0.7865,  0.969145
0.7870,  0.993775
0.7875,  1.006236
0.7880,  1.018181
0.7885,  1.013531
0.7890,  1.020453
0.7895,  1.016238
0.7900,  1.020773
0.7905,  1.024720
0.7910,  1.031128
0.7915,  1.043566
0.7920,  1.058175
0.7925,  1.081177
0.7930,  1.106930
0.7935,  1.113505
0.7940,  1.109201
0.7945,  1.098162
0.7950,  1.089477
0.7955,  1.080663
0.7960,  1.089308
0.7965,  1.111240
0.7970,  1.139268
0.7975,  1.131450
0.7980,  1.129044
0.7985,  1.126800
0.7990,  1.126056
0.7995,  1.120631
0.8000,  1.123142
0.8005,  1.125492
0.8010,  1.130451
0.8015,  1.134104
0.8020,  1.153772
0.8025,  1.175705
0.8030,  1.192376
0.8035,  1.201511
0.8040,  1.225064
0.8045,  1.224555
0.8050,  1.204851
0.8055,  1.187659
0.8060,  1.184440
0.8065,  1.184627
0.8070,  1.185223
0.8075,  1.189965
0.8080,  1.211728
0.8085,  1.233700
0.8090,  1.272541
0.8095,  1.305453
0.8100,  1.322457
0.8105,  1.364490
0.8110,  1.396592
0.8115,  1.419846
0.8120,  1.463671
0.8125,  1.543531
0.8130,  1.654047
0.8135,  1.776885
0.8140,  1.926754
0.8145,  2.099669
0.8150,  2.267289
0.8155,  2.400576
0.8160,  2.445157
0.8165,  2.554596
0.8170,  2.616742
0.8175,  2.633915
0.8180,  2.653647
0.8185,  2.668571
0.8190,  2.723337
0.8195,  2.694237
0.8200,  2.561462
0.8205,  2.329298
0.8210,  2.196128
0.8215,  2.196363
0.8220,  2.346489
0.8225,  2.571727
0.8230,  2.800607
0.8235,  2.800923
0.8240,  2.636464
0.8245,  2.400854
0.8250,  2.241602
0.8255,  2.140355
0.8260,  2.118377
0.8265,  2.067218
0.8270,  2.099900
0.8275,  2.180752
0.8280,  2.277700
0.8285,  2.392870
0.8290,  2.486019
0.8295,  2.544382
0.8300,  2.559834
0.8305,  2.571133
0.8310,  2.533958
0.8315,  2.541263
0.8320,  2.525895
0.8325,  2.476204
0.8330,  2.449303
0.8335,  2.327106
0.8340,  2.238913
0.8345,  2.254264
0.8350,  2.245020
0.8355,  2.306175
0.8360,  2.324780
0.8365,  2.305206
0.8370,  2.249309
0.8375,  2.187987
0.8380,  2.182394
0.8385,  2.106721
0.8390,  2.102132
0.8395,  2.124980
0.8400,  2.164486
0.8405,  2.182955
0.8410,  2.248965
0.8415,  2.302635
0.8420,  2.337680
0.8425,  2.377033
0.8430,  2.347603
0.8435,  2.313534
0.8440,  2.237435
0.8445,  2.255062
0.8450,  2.279940
0.8455,  2.348162
0.8460,  2.424831
0.8465,  2.462084
0.8470,  2.497723
0.8475,  2.536964
0.8480,  2.518042
0.8485,  2.551507
0.8490,  2.602382
0.8495,  2.721485
0.8500,  2.907276
0.8505,  3.192291
0.8510,  3.522040
0.8515,  3.849176
0.8520,  4.328018
0.8525,  4.600360
0.8530,  4.977818
0.8535,  6.001882
0.8540,  Infinity
0.8545,  Infinity
0.8550,  Infinity
0.8555,  Infinity
0.8560,  Infinity
0.8565,  Infinity
0.8570,  Infinity
0.8575,  Infinity
0.8580,  Infinity
0.8585,  6.668686
0.8590,  5.540235
0.8595,  5.680126
0.8600,  5.084829
0.8605,  6.502778
0.8610,  5.521110
0.8615,  5.702992
0.8620,  7.510375
0.8625,  Infinity
0.8630,  Infinity
0.8635,  Infinity
0.8640,  Infinity
0.8645,  Infinity
0.8650,  Infinity
0.8655,  Infinity
0.8660,  Infinity
0.8665,  Infinity
0.8670,  Infinity
0.8675,  Infinity
0.8680,  Infinity
0.8685,  Infinity
0.8690,  Infinity
0.8695,  Infinity
0.8700,  Infinity
0.8705,  Infinity
0.8710,  Infinity
0.8715,  Infinity
0.8720,  Infinity
0.8725,  Infinity
0.8730,  Infinity
0.8735,  Infinity
0.8740,  Infinity
0.8745,  Infinity
0.8750,  Infinity
0.8755,  Infinity
0.8760,  Infinity
0.8765,  Infinity
0.8770,  Infinity
0.8775,  Infinity
0.8780,  Infinity
0.8785,  Infinity
0.8790,  Infinity
0.8795,  Infinity
0.8800,  Infinity
0.8805,  Infinity
0.8810,  Infinity
0.8815,  Infinity
0.8820,  Infinity
0.8825,  Infinity
0.8830,  Infinity
0.8835,  Infinity
0.8840,  Infinity
0.8845,  Infinity
0.8850,  Infinity
0.8855,  Infinity
0.8860,  Infinity
0.8865,  Infinity
0.8870,  Infinity
0.8875,  Infinity
0.8880,  Infinity
0.8885,  Infinity
0.8890,  Infinity
0.8895,  Infinity
0.8900,  Infinity
