0.3500,  Infinity
0.3505,  Infinity
0.3510,  Infinity
0.3515,  Infinity
0.3520,  Infinity
0.3525,  Infinity
0.3530,  Infinity
0.3535,  Infinity
0.3540,  Infinity
0.3545,  Infinity
0.3550,  Infinity
0.3555,  Infinity
0.3560,  Infinity
0.3565,  Infinity
0.3570,  Infinity
0.3575,  Infinity
0.3580,  Infinity
0.3585,  Infinity
0.3590,  Infinity
0.3595,  Infinity
0.3600,  Infinity
0.3605,  Infinity
0.3610,  Infinity
0.3615,  Infinity
0.3620,  Infinity
0.3625,  Infinity
0.3630,  Infinity
0.3635,  Infinity
0.3640,  Infinity
0.3645,  Infinity
0.3650,  Infinity
0.3655,  3.983394
0.3660,  3.180997
0.3665,  2.848081
0.3670,  2.633678
0.3675,  2.443447
0.3680,  2.282963
0.3685,  2.164729
0.3690,  2.174282
0.3695,  2.263936
0.3700,  2.273840
0.3705,  2.307076
0.3710,  2.404434
0.3715,  2.439759
0.3720,  2.399256
0.3725,  2.433400
0.3730,  2.496207
0.3735,  2.556312
0.3740,  2.597858
0.3745,  2.571145
0.3750,  2.594895
0.3755,  2.615577
0.3760,  2.569238
0.3765,  2.475087
0.3770,  2.372783
0.3775,  2.238968
0.3780,  2.098781
0.3785,  2.012171
0.3790,  1.847426
0.3795,  1.708465
0.3800,  1.765768
0.3805,  1.841756
0.3810,  1.863990
0.3815,  1.937652
0.3820,  1.984178
0.3825,  2.077470
0.3830,  2.358487
0.3835,  2.659330
0.3840,  3.003730
0.3845,  3.164421
0.3850,  3.119926
0.3855,  3.012731
0.3860,  2.880811
0.3865,  2.799559
0.3870,  2.660962
0.3875,  2.459576
0.3880,  2.241291
0.3885,  2.059082
0.3890,  2.038550
0.3895,  2.036222
0.3900,  1.955921
0.3905,  1.858671
0.3910,  1.818526
0.3915,  1.859253
0.3920,  1.771873
0.3925,  1.716439
0.3930,  1.639485
0.3935,  1.465452
0.3940,  1.790212
0.3945,  1.980232
0.3950,  2.057234
0.3955,  2.167978
0.3960,  2.023856
0.3965,  1.815822
0.3970,  1.811272
0.3975,  1.733816
0.3980,  1.783443
0.3985,  1.755595
0.3990,  1.608429
0.3995,  1.503180
0.4000,  1.379746
0.4005,  1.271914
0.4010,  1.204561
0.4015,  1.158442
0.4020,  1.111380
0.4025,  1.077144
0.4030,  1.030340
0.4035,  0.986831
0.4040,  0.969522
0.4045,  0.963992
0.4050,  0.963661
0.4055,  0.964923
0.4060,  0.948361
0.4065,  0.934815
0.4070,  0.949125
0.4075,  0.961666
0.4080,  0.991041
0.4085,  1.013354
0.4090,  0.996634
0.4095,  0.979762
0.4100,  0.925525
0.4105,  0.872148
0.4110,  0.942820
0.4115,  1.006982
0.4120,  0.993061
0.4125,  0.970737
0.4130,  0.944037
0.4135,  0.920763
0.4140,  0.903941
0.4145,  0.884952
0.4150,  0.873991
0.4155,  0.866577
0.4160,  0.891628
0.4165,  0.920124
0.4170,  0.883355
0.4175,  0.837222
0.4180,  0.842089
0.4185,  0.847720
0.4190,  0.856182
0.4195,  0.857068
0.4200,  0.868584
0.4205,  0.879503
0.4210,  0.881899
0.4215,  0.887367
0.4220,  0.838846
0.4225,  0.779818
0.4230,  0.812352
0.4235,  0.850237
0.4240,  0.873040
0.4245,  0.897393
0.4250,  0.879702
0.4255,  0.861576
0.4260,  0.857371
0.4265,  0.864820
0.4270,  0.830968
0.4275,  0.799622
0.4280,  0.822014
0.4285,  0.839361
0.4290,  0.836007
0.4295,  0.839493
0.4300,  0.775330
0.4305,  0.682373
0.4310,  0.891171
0.4315,  1.038219
0.4320,  0.999292
0.4325,  0.947888
0.4330,  0.934298
0.4335,  0.922021
0.4340,  0.881220
0.4345,  0.846293
0.4350,  0.833100
0.4355,  0.820731
0.4360,  0.852273
0.4365,  0.884332
0.4370,  0.845214
0.4375,  0.808281
0.4380,  0.748611
0.4385,  0.686924
0.4390,  0.750574
0.4395,  0.811374
0.4400,  0.782074
0.4405,  0.748886
0.4410,  0.791041
0.4415,  0.821088
0.4420,  0.809916
0.4425,  0.797715
0.4430,  0.761853
0.4435,  0.736391
0.4440,  0.747495
0.4445,  0.758102
0.4450,  0.724285
0.4455,  0.687673
0.4460,  0.702583
0.4465,  0.714817
0.4470,  0.744140
0.4475,  0.769525
0.4480,  0.731923
0.4485,  0.698817
0.4490,  0.696044
0.4495,  0.695166
0.4500,  0.714266
0.4505,  0.728523
0.4510,  0.716454
0.4515,  0.703121
0.4520,  0.667663
0.4525,  0.635963
0.4530,  0.646073
0.4535,  0.654139
0.4540,  0.664241
0.4545,  0.672700
0.4550,  0.686686
0.4555,  0.698361
0.4560,  0.699736
0.4565,  0.701151
0.4570,  0.694524
0.4575,  0.694985
0.4580,  0.667969
0.4585,  0.637761
0.4590,  0.644516
0.4595,  0.654620
0.4600,  0.660997
0.4605,  0.663604
0.4610,  0.664561
0.4615,  0.664109
0.4620,  0.668657
0.4625,  0.673248
0.4630,  0.654322
0.4635,  0.642178
0.4640,  0.631715
0.4645,  0.620358
0.4650,  0.643890
0.4655,  0.667876
0.4660,  0.644082
0.4665,  0.620930
0.4670,  0.645250
0.4675,  0.662687
0.4680,  0.655183
0.4685,  0.648817
0.4690,  0.644954
0.4695,  0.650008
0.4700,  0.630334
0.4705,  0.611038
0.4710,  0.640034
0.4715,  0.668021
0.4720,  0.662194
0.4725,  0.654156
0.4730,  0.633560
0.4735,  0.612722
0.4740,  0.616343
0.4745,  0.622706
0.4750,  0.613375
0.4755,  0.604183
0.4760,  0.586274
0.4765,  0.568868
0.4770,  0.592958
0.4775,  0.614293
0.4780,  0.593848
0.4785,  0.574124
0.4790,  0.583692
0.4795,  0.589983
0.4800,  0.574826
0.4805,  0.564999
0.4810,  0.572304
0.4815,  0.580129
0.4820,  0.562695
0.4825,  0.549290
0.4830,  0.548502
0.4835,  0.548719
0.4840,  0.541271
0.4845,  0.540224
0.4850,  0.520152
0.4855,  0.504648
0.4860,  0.474439
0.4865,  0.432493
0.4870,  0.487299
0.4875,  0.533269
0.4880,  0.545068
0.4885,  0.553651
0.4890,  0.549960
0.4895,  0.547682
0.4900,  0.546390
0.4905,  0.547519
0.4910,  0.515960
0.4915,  0.488684
0.4920,  0.486332
0.4925,  0.484628
0.4930,  0.478156
0.4935,  0.467503
0.4940,  0.496459
0.4945,  0.525627
0.4950,  0.489002
0.4955,  0.454307
0.4960,  0.471166
0.4965,  0.489072
0.4970,  0.489332
0.4975,  0.492830
0.4980,  0.461772
0.4985,  0.427312
0.4990,  0.454503
0.4995,  0.479869
0.5000,  0.458171
0.5005,  0.435978
0.5010,  0.429450
0.5015,  0.421370
0.5020,  0.442820
0.5025,  0.462775
0.5030,  0.469749
0.5035,  0.475256
0.5040,  0.460238
0.5045,  0.440176
0.5050,  0.463143
0.5055,  0.482940
0.5060,  0.470205
0.5065,  0.458270
0.5070,  0.444338
0.5075,  0.432369
0.5080,  0.437552
0.5085,  0.440965
0.5090,  0.437985
0.5095,  0.433212
0.5100,  0.436757
0.5105,  0.439839
0.5110,  0.447694
0.5115,  0.455908
0.5120,  0.425214
0.5125,  0.396396
0.5130,  0.396633
0.5135,  0.398878
0.5140,  0.408520
0.5145,  0.415112
0.5150,  0.425120
0.5155,  0.437918
0.5160,  0.398576
0.5165,  0.358399
0.5170,  0.388470
0.5175,  0.414780
0.5180,  0.400719
0.5185,  0.378491
0.5190,  0.415028
0.5195,  0.448797
0.5200,  0.439382
0.5205,  0.429266
0.5210,  0.437330
0.5215,  0.447555
0.5220,  0.422893
0.5225,  0.398917
0.5230,  0.410594
0.5235,  0.419807
0.5240,  0.427771
0.5245,  0.437907
0.5250,  0.431136
0.5255,  0.427441
0.5260,  0.374990
0.5265,  0.320786
0.5270,  0.367043
0.5275,  0.404613
0.5280,  0.414545
0.5285,  0.421744
0.5290,  0.417985
0.5295,  0.413154
0.5300,  0.413465
0.5305,  0.415081
0.5310,  0.413824
0.5315,  0.417010
0.5320,  0.376606
0.5325,  0.335653
0.5330,  0.378841
0.5335,  0.416379
0.5340,  0.399007
0.5345,  0.379356
0.5350,  0.404491
0.5355,  0.429889
0.5360,  0.401376
0.5365,  0.375288
0.5370,  0.380006
0.5375,  0.384637
0.5380,  0.393903
0.5385,  0.401299
0.5390,  0.388251
0.5395,  0.377527
0.5400,  0.366891
0.5405,  0.355197
0.5410,  0.384140
0.5415,  0.410626
0.5420,  0.396011
0.5425,  0.382744
0.5430,  0.395928
0.5435,  0.404987
0.5440,  0.401432
0.5445,  0.401457
0.5450,  0.405049
0.5455,  0.408785
0.5460,  0.403662
0.5465,  0.398764
0.5470,  0.389058
0.5475,  0.378032
0.5480,  0.385426
0.5485,  0.392932
0.5490,  0.400508
0.5495,  0.406499
0.5500,  0.396955
0.5505,  0.388749
0.5510,  0.390350
0.5515,  0.391527
0.5520,  0.384921
0.5525,  0.378110
0.5530,  0.386579
0.5535,  0.395721
0.5540,  0.398503
0.5545,  0.399604
0.5550,  0.398877
0.5555,  0.400648
0.5560,  0.386664
0.5565,  0.374432
0.5570,  0.384791
0.5575,  0.396149
0.5580,  0.387546
0.5585,  0.378313
0.5590,  0.387039
0.5595,  0.393842
0.5600,  0.398784
0.5605,  0.404062
0.5610,  0.400716
0.5615,  0.396230
0.5620,  0.399476
0.5625,  0.404227
0.5630,  0.405587
0.5635,  0.408135
0.5640,  0.406031
0.5645,  0.406224
0.5650,  0.397781
0.5655,  0.388467
0.5660,  0.395920
0.5665,  0.402879
0.5670,  0.416313
0.5675,  0.430566
0.5680,  0.416155
0.5685,  0.400078
0.5690,  0.415129
0.5695,  0.430202
0.5700,  0.410766
0.5705,  0.389806
0.5710,  0.401203
0.5715,  0.407388
0.5720,  0.415684
0.5725,  0.425116
0.5730,  0.417291
0.5735,  0.413941
0.5740,  0.413562
0.5745,  0.412334
0.5750,  0.403583
0.5755,  0.393644
0.5760,  0.397139
0.5765,  0.402140
0.5770,  0.406879
0.5775,  0.413315
0.5780,  0.396369
0.5785,  0.379234
0.5790,  0.387226
0.5795,  0.395603
0.5800,  0.396406
0.5805,  0.396847
0.5810,  0.397127
0.5815,  0.400419
0.5820,  0.405373
0.5825,  0.407539
0.5830,  0.402473
0.5835,  0.400647
0.5840,  0.401357
0.5845,  0.403991
0.5850,  0.389011
0.5855,  0.374833
0.5860,  0.392532
0.5865,  0.410897
0.5870,  0.421280
0.5875,  0.437301
0.5880,  0.431831
0.5885,  0.430554
0.5890,  0.414968
0.5895,  0.391832
0.5900,  0.449780
0.5905,  0.498270
0.5910,  0.484770
0.5915,  0.470687
0.5920,  0.469352
0.5925,  0.467190
0.5930,  0.456932
0.5935,  0.453589
0.5940,  0.449140
0.5945,  0.447542
0.5950,  0.454094
0.5955,  0.454655
0.5960,  0.456418
0.5965,  0.459843
0.5970,  0.450028
0.5975,  0.440298
0.5980,  0.429423
0.5985,  0.422067
0.5990,  0.429788
0.5995,  0.437628
0.6000,  0.432351
0.6005,  0.426611
0.6010,  0.429510
0.6015,  0.429283
0.6020,  0.416467
0.6025,  0.402368
0.6030,  0.415176
0.6035,  0.428290
0.6040,  0.423875
0.6045,  0.424938
0.6050,  0.424364
0.6055,  0.421269
0.6060,  0.420244
0.6065,  0.420537
0.6070,  0.418821
0.6075,  0.417499
0.6080,  0.414950
0.6085,  0.415904
0.6090,  0.420808
0.6095,  0.426185
0.6100,  0.420257
0.6105,  0.410566
0.6110,  0.421132
0.6115,  0.431172
0.6120,  0.421897
0.6125,  0.414446
0.6130,  0.414276
0.6135,  0.414663
0.6140,  0.427259
0.6145,  0.438590
0.6150,  0.442269
0.6155,  0.447916
0.6160,  0.424375
0.6165,  0.394766
0.6170,  0.417273
0.6175,  0.441748
0.6180,  0.447209
0.6185,  0.448454
0.6190,  0.445890
0.6195,  0.441471
0.6200,  0.449911
0.6205,  0.457252
0.6210,  0.443754
0.6215,  0.432358
0.6220,  0.438758
0.6225,  0.446709
0.6230,  0.437311
0.6235,  0.431916
0.6240,  0.439489
0.6245,  0.444125
0.6250,  0.445365
0.6255,  0.443056
0.6260,  0.458573
0.6265,  0.470806
0.6270,  0.468953
0.6275,  0.472569
0.6280,  0.478367
0.6285,  0.486489
0.6290,  0.489934
0.6295,  0.494568
0.6300,  0.493288
0.6305,  0.488584
0.6310,  0.481617
0.6315,  0.480249
0.6320,  0.476825
0.6325,  0.470914
0.6330,  0.467481
0.6335,  0.467171
0.6340,  0.467553
0.6345,  0.472744
0.6350,  0.476649
0.6355,  0.480203
0.6360,  0.481451
0.6365,  0.475774
0.6370,  0.468015
0.6375,  0.462378
0.6380,  0.457859
0.6385,  0.456039
0.6390,  0.458752
0.6395,  0.459033
0.6400,  0.461288
0.6405,  0.459736
0.6410,  0.457547
0.6415,  0.462775
0.6420,  0.463042
0.6425,  0.462929
0.6430,  0.461616
0.6435,  0.462629
0.6440,  0.464551
0.6445,  0.469089
0.6450,  0.477785
0.6455,  0.488397
0.6460,  0.499822
0.6465,  0.509789
0.6470,  0.519231
0.6475,  0.525479
0.6480,  0.527203
0.6485,  0.524780
0.6490,  0.522284
0.6495,  0.524026
0.6500,  0.520184
0.6505,  0.518394
0.6510,  0.523150
0.6515,  0.525498
0.6520,  0.528867
0.6525,  0.529188
0.6530,  0.524616
0.6535,  0.513154
0.6540,  0.507520
0.6545,  0.505997
0.6550,  0.511633
0.6555,  0.517101
0.6560,  0.516282
0.6565,  0.501663
0.6570,  0.474704
0.6575,  0.481866
0.6580,  0.487880
0.6585,  0.496307
0.6590,  0.508360
0.6595,  0.500199
0.6600,  0.493212
0.6605,  0.489999
0.6610,  0.488141
0.6615,  0.479725
0.6620,  0.471703
0.6625,  0.468205
0.6630,  0.466834
0.6635,  0.470942
0.6640,  0.480170
0.6645,  0.487449
0.6650,  0.492487
0.6655,  0.494416
0.6660,  0.492719
0.6665,  0.487395
0.6670,  0.481762
0.6675,  0.480005
0.6680,  0.476274
0.6685,  0.476194
0.6690,  0.475567
0.6695,  0.471255
0.6700,  0.474634
0.6705,  0.483549
0.6710,  0.489184
0.6715,  0.498158
0.6720,  0.504108
0.6725,  0.507593
0.6730,  0.506134
0.6735,  0.497793
0.6740,  0.491964
0.6745,  0.488598
0.6750,  0.484972
0.6755,  0.483869
0.6760,  0.486845
0.6765,  0.493348
0.6770,  0.501170
0.6775,  0.504603
0.6780,  0.507824
0.6785,  0.513226
0.6790,  0.513923
0.6795,  0.515751
0.6800,  0.515283
0.6805,  0.512236
0.6810,  0.511882
0.6815,  0.508992
0.6820,  0.509528
0.6825,  0.514984
0.6830,  0.527161
0.6835,  0.537886
0.6840,  0.542865
0.6845,  0.551786
0.6850,  0.558375
0.6855,  0.575664
0.6860,  0.604423
0.6865,  0.643954
0.6870,  0.685457
0.6875,  0.714437
0.6880,  0.723983
0.6885,  0.723100
0.6890,  0.724531
0.6895,  0.722584
0.6900,  0.716522
0.6905,  0.707621
0.6910,  0.704693
0.6915,  0.696842
0.6920,  0.694773
0.6925,  0.697922
0.6930,  0.707189
0.6935,  0.715614
0.6940,  0.715858
0.6945,  0.718791
0.6950,  0.721326
0.6955,  0.710323
0.6960,  0.692323
0.6965,  0.676344
0.6970,  0.662669
0.6975,  0.656951
0.6980,  0.670183
0.6985,  0.683081
0.6990,  0.699264
0.6995,  0.710479
0.7000,  0.716682
0.7005,  0.715697
0.7010,  0.712184
0.7015,  0.717263
0.7020,  0.723156
0.7025,  0.719815
0.7030,  0.712996
0.7035,  0.708294
0.7040,  0.704967
0.7045,  0.706070
0.7050,  0.712168
0.7055,  0.708439
0.7060,  0.701846
0.7065,  0.697922
0.7070,  0.684620
0.7075,  0.675693
0.7080,  0.674904
0.7085,  0.675968
0.7090,  0.678921
0.7095,  0.680239
0.7100,  0.682060
0.7105,  0.679375
0.7110,  0.683727
0.7115,  0.688921
0.7120,  0.696350
0.7125,  0.705657
0.7130,  0.713004
0.7135,  0.718795
0.7140,  0.730708
0.7145,  0.741357
0.7150,  0.748928
0.7155,  0.760935
0.7160,  0.804353
0.7165,  0.874237
0.7170,  0.963314
0.7175,  1.059444
0.7180,  1.159979
0.7185,  1.246636
0.7190,  1.306388
0.7195,  1.355010
0.7200,  1.344539
0.7205,  1.285855
0.7210,  1.212617
0.7215,  1.133631
0.7220,  1.083698
0.7225,  1.066300
0.7230,  1.091686
0.7235,  1.130247
0.7240,  1.170870
0.7245,  1.196764
0.7250,  1.216042
0.7255,  1.230790
0.7260,  1.245061
0.7265,  1.255901
0.7270,  1.264527
0.7275,  1.270168
0.7280,  1.268924
0.7285,  1.275762
0.7290,  1.264141
0.7295,  1.255837
0.7300,  1.250348
0.7305,  1.234039
0.7310,  1.222142
0.7315,  1.196997
0.7320,  1.155446
0.7325,  1.094489
0.7330,  1.019053
0.7335,  0.973207
0.7340,  0.943115
0.7345,  0.925056
0.7350,  0.917630
0.7355,  0.914895
0.7360,  0.919835
0.7365,  0.928120
0.7370,  0.915496
0.7375,  0.891452
0.7380,  0.885497
0.7385,  0.883992
0.7390,  0.878118
0.7395,  0.867358
0.7400,  0.858844
0.7405,  0.844893
0.7410,  0.831668
0.7415,  0.833484
0.7420,  0.836657
0.7425,  0.837962
0.7430,  0.834688
0.7435,  0.821834
0.7440,  0.822187
0.7445,  0.822093
0.7450,  0.818761
0.7455,  0.828630
0.7460,  0.838557
0.7465,  0.844659
0.7470,  0.843032
0.7475,  0.842703
0.7480,  0.847913
0.7485,  0.858531
0.7490,  0.864099
0.7495,  0.868686
0.7500,  0.863091
0.7505,  0.861525
0.7510,  0.852868
0.7515,  0.852518
0.7520,  0.851678
0.7525,  0.859300
0.7530,  0.866919
0.7535,  0.865499
0.7540,  0.859006
0.7545,  0.861410
0.7550,  0.868154
0.7555,  0.875407
0.7560,  0.881476
0.7565,  0.881017
0.7570,  0.890938
0.7575,  0.892088
0.7580,  0.932185
0.7585,  1.029740
0.7590,  1.224809
0.7595,  1.605945
0.7600,  2.362718
0.7605,  4.013875
0.7610,  Infinity
0.7615,  Infinity
0.7620,  Infinity
0.7625,  Infinity
0.7630,  Infinity
0.7635,  Infinity
0.7640,  Infinity
0.7645,  5.434780
0.7650,  3.146599
0.7655,  2.454676
0.7660,  1.991914
0.7665,  1.688807
0.7670,  1.491982
0.7675,  1.339077
0.7680,  1.238102
0.7685,  1.174972
0.7690,  1.127902
0.7695,  1.099766
0.7700,  1.081777
0.7705,  1.068857
0.7710,  1.056107
0.7715,  1.055012
0.7720,  1.047244
0.7725,  1.041756
0.7730,  1.047158
0.7735,  1.054478
0.7740,  1.050312
0.7745,  1.051757
0.7750,  1.053581
0.7755,  1.047459
0.7760,  1.030210
0.7765,  1.033075
0.7770,  1.049686
0.7775,  1.060006
0.7780,  1.076970
0.7785,  1.076610
0.7790,  1.060820
0.7795,  1.059753
0.7800,  1.079505
0.7805,  1.104721
0.7810,  1.131481
0.7815,  1.146018
0.7820,  1.155263
0.7825,  1.150967
0.7830,  1.151923
0.7835,  1.155138
0.7840,  1.154197
0.7845,  1.147635
0.7850,  1.166547
0.7855,  1.188576
0.7860,  1.222424
0.7865,  1.271141
0.7870,  1.284213
0.7875,  1.275885
0.7880,  1.272915
0.7885,  1.309023
0.7890,  1.351385
0.7895,  1.431046
0.7900,  1.477363
0.7905,  1.474117
0.7910,  1.461873
0.7915,  1.457395
0.7920,  1.459894
0.7925,  1.458853
0.7930,  1.449052
0.7935,  1.417643
0.7940,  1.398007
0.7945,  1.404013
0.7950,  1.427454
0.7955,  1.443970
0.7960,  1.463558
0.7965,  1.471631
0.7970,  1.470080
0.7975,  1.476545
0.7980,  1.473754
0.7985,  1.480395
0.7990,  1.517682
0.7995,  1.531896
0.8000,  1.544585
0.8005,  1.554807
0.8010,  1.583759
0.8015,  1.592789
0.8020,  1.639255
0.8025,  1.677192
0.8030,  1.705131
0.8035,  1.692433
0.8040,  1.662774
0.8045,  1.631561
0.8050,  1.625077
0.8055,  1.622800
0.8060,  1.638791
0.8065,  1.669041
0.8070,  1.679871
0.8075,  1.702357
0.8080,  1.722040
0.8085,  1.741791
0.8090,  1.809915
0.8095,  1.908782
0.8100,  1.932138
0.8105,  2.054408
0.8110,  2.182564
0.8115,  2.346710
0.8120,  2.576521
0.8125,  2.777704
0.8130,  3.191479
0.8135,  4.260228
0.8140,  6.367504
0.8145,  Infinity
0.8150,  Infinity
0.8155,  Infinity
0.8160,  Infinity
0.8165,  Infinity
0.8170,  Infinity
0.8175,  Infinity
0.8180,  Infinity
0.8185,  Infinity
0.8190,  Infinity
0.8195,  Infinity
0.8200,  Infinity
0.8205,  Infinity
0.8210,  Infinity
0.8215,  Infinity
0.8220,  Infinity
0.8225,  Infinity
0.8230,  Infinity
0.8235,  Infinity
0.8240,  Infinity
0.8245,  Infinity
0.8250,  Infinity
0.8255,  Infinity
0.8260,  Infinity
0.8265,  Infinity
0.8270,  Infinity
0.8275,  Infinity
0.8280,  Infinity
0.8285,  Infinity
0.8290,  Infinity
0.8295,  Infinity
0.8300,  Infinity
0.8305,  Infinity
0.8310,  Infinity
0.8315,  Infinity
0.8320,  Infinity
0.8325,  Infinity
0.8330,  Infinity
0.8335,  Infinity
0.8340,  Infinity
0.8345,  Infinity
0.8350,  Infinity
0.8355,  Infinity
0.8360,  Infinity
0.8365,  Infinity
0.8370,  Infinity
0.8375,  Infinity
0.8380,  Infinity
0.8385,  Infinity
0.8390,  Infinity
0.8395,  Infinity
0.8400,  Infinity
0.8405,  Infinity
0.8410,  Infinity
0.8415,  Infinity
0.8420,  Infinity
0.8425,  Infinity
0.8430,  Infinity
0.8435,  Infinity
0.8440,  Infinity
0.8445,  Infinity
0.8450,  Infinity
0.8455,  Infinity
0.8460,  Infinity
0.8465,  Infinity
0.8470,  Infinity
0.8475,  Infinity
0.8480,  Infinity
0.8485,  Infinity
0.8490,  Infinity
0.8495,  Infinity
0.8500,  Infinity
0.8505,  Infinity
0.8510,  Infinity
0.8515,  Infinity
0.8520,  Infinity
0.8525,  Infinity
0.8530,  Infinity
0.8535,  Infinity
0.8540,  Infinity
0.8545,  Infinity
0.8550,  Infinity
0.8555,  Infinity
0.8560,  Infinity
0.8565,  Infinity
0.8570,  Infinity
0.8575,  Infinity
0.8580,  Infinity
0.8585,  Infinity
0.8590,  Infinity
0.8595,  Infinity
0.8600,  Infinity
0.8605,  Infinity
0.8610,  Infinity
0.8615,  Infinity
0.8620,  Infinity
0.8625,  Infinity
0.8630,  Infinity
0.8635,  Infinity
0.8640,  Infinity
0.8645,  Infinity
0.8650,  Infinity
0.8655,  Infinity
0.8660,  Infinity
0.8665,  Infinity
0.8670,  Infinity
0.8675,  Infinity
0.8680,  Infinity
0.8685,  Infinity
0.8690,  Infinity
0.8695,  Infinity
0.8700,  Infinity
0.8705,  Infinity
0.8710,  Infinity
0.8715,  Infinity
0.8720,  Infinity
0.8725,  Infinity
0.8730,  Infinity
0.8735,  Infinity
0.8740,  Infinity
0.8745,  Infinity
0.8750,  Infinity
0.8755,  Infinity
0.8760,  Infinity
0.8765,  Infinity
0.8770,  Infinity
0.8775,  Infinity
0.8780,  Infinity
0.8785,  Infinity
0.8790,  Infinity
0.8795,  Infinity
0.8800,  Infinity
0.8805,  Infinity
0.8810,  Infinity
0.8815,  Infinity
0.8820,  Infinity
0.8825,  Infinity
0.8830,  Infinity
0.8835,  Infinity
0.8840,  Infinity
0.8845,  Infinity
0.8850,  Infinity
0.8855,  Infinity
0.8860,  Infinity
0.8865,  Infinity
0.8870,  Infinity
0.8875,  Infinity
0.8880,  Infinity
0.8885,  Infinity
0.8890,  Infinity
0.8895,  Infinity
0.8900,  Infinity
