0.3500,  0.546552
0.3505,  0.612615
0.3510,  0.580109
0.3515,  0.540450
0.3520,  0.492521
0.3525,  0.442487
0.3530,  0.471848
0.3535,  0.502762
0.3540,  0.522529
0.3545,  0.554092
0.3550,  0.533355
0.3555,  0.508608
0.3560,  0.463195
0.3565,  0.432275
0.3570,  0.408641
0.3575,  0.380853
0.3580,  0.343668
0.3585,  0.285872
0.3590,  0.447281
0.3595,  0.589474
0.3600,  0.570970
0.3605,  0.546684
0.3610,  0.486872
0.3615,  0.421647
0.3620,  0.452082
0.3625,  0.486806
0.3630,  0.472024
0.3635,  0.456903
0.3640,  0.444568
0.3645,  0.443671
0.3650,  0.493579
0.3655,  0.530011
0.3660,  0.533505
0.3665,  0.536461
0.3670,  0.496134
0.3675,  0.459616
0.3680,  0.410756
0.3685,  0.358751
0.3690,  0.394003
0.3695,  0.435899
0.3700,  0.403305
0.3705,  0.370733
0.3710,  0.394816
0.3715,  0.428918
0.3720,  0.407213
0.3725,  0.382326
0.3730,  0.351488
0.3735,  0.318261
0.3740,  0.332311
0.3745,  0.329610
0.3750,  0.403782
0.3755,  0.472344
0.3760,  0.467944
0.3765,  0.444515
0.3770,  0.487048
0.3775,  0.534363
0.3780,  0.528279
0.3785,  0.530832
0.3790,  0.431639
0.3795,  0.320024
0.3800,  0.375983
0.3805,  0.434849
0.3810,  0.400921
0.3815,  0.378313
0.3820,  0.291199
0.3825,  0.186026
0.3830,  0.163730
0.3835,  0.127818
0.3840,  0.309905
0.3845,  0.446637
0.3850,  0.457352
0.3855,  0.473860
0.3860,  0.465438
0.3865,  0.457563
0.3870,  0.452966
0.3875,  0.443731
0.3880,  0.423193
0.3885,  0.394008
0.3890,  0.450079
0.3895,  0.489525
0.3900,  0.473099
0.3905,  0.459487
0.3910,  0.467536
0.3915,  0.492888
0.3920,  0.393758
0.3925,  0.299107
0.3930,  0.131379
0.3935,  -0.108885
0.3940,  0.204981
0.3945,  0.423314
0.3950,  0.532455
0.3955,  0.626799
0.3960,  0.447316
0.3965,  0.226695
0.3970,  0.240645
0.3975,  0.231391
0.3980,  0.426422
0.3985,  0.559019
0.3990,  0.536112
0.3995,  0.521629
0.4000,  0.481411
0.4005,  0.442612
0.4010,  0.422051
0.4015,  0.409193
0.4020,  0.385876
0.4025,  0.372053
0.4030,  0.342042
0.4035,  0.310749
0.4040,  0.301939
0.4045,  0.298895
0.4050,  0.298112
0.4055,  0.301309
0.4060,  0.285998
0.4065,  0.269881
0.4070,  0.282036
0.4075,  0.291695
0.4080,  0.320571
0.4085,  0.350285
0.4090,  0.345420
0.4095,  0.339151
0.4100,  0.289356
0.4105,  0.230914
0.4110,  0.298737
0.4115,  0.358325
0.4120,  0.336516
0.4125,  0.317942
0.4130,  0.303825
0.4135,  0.293167
0.4140,  0.288853
0.4145,  0.283977
0.4150,  0.282281
0.4155,  0.281614
0.4160,  0.306660
0.4165,  0.331691
0.4170,  0.291283
0.4175,  0.245999
0.4180,  0.251804
0.4185,  0.260892
0.4190,  0.270734
0.4195,  0.274239
0.4200,  0.287198
0.4205,  0.306020
0.4210,  0.314448
0.4215,  0.326158
0.4220,  0.274940
0.4225,  0.219184
0.4230,  0.256501
0.4235,  0.291728
0.4240,  0.303596
0.4245,  0.318062
0.4250,  0.304202
0.4255,  0.287546
0.4260,  0.289604
0.4265,  0.296563
0.4270,  0.261665
0.4275,  0.228344
0.4280,  0.241468
0.4285,  0.255813
0.4290,  0.241272
0.4295,  0.226807
0.4300,  0.140441
0.4305,  0.031293
0.4310,  0.237554
0.4315,  0.389389
0.4320,  0.359601
0.4325,  0.326835
0.4330,  0.332626
0.4335,  0.339582
0.4340,  0.310517
0.4345,  0.281377
0.4350,  0.279812
0.4355,  0.274586
0.4360,  0.310842
0.4365,  0.347436
0.4370,  0.311810
0.4375,  0.279147
0.4380,  0.227083
0.4385,  0.170289
0.4390,  0.245717
0.4395,  0.311457
0.4400,  0.281375
0.4405,  0.247579
0.4410,  0.290595
0.4415,  0.325471
0.4420,  0.320358
0.4425,  0.315092
0.4430,  0.286030
0.4435,  0.262582
0.4440,  0.273911
0.4445,  0.288946
0.4450,  0.256470
0.4455,  0.221954
0.4460,  0.240936
0.4465,  0.251630
0.4470,  0.287485
0.4475,  0.321102
0.4480,  0.291089
0.4485,  0.259665
0.4490,  0.259636
0.4495,  0.261356
0.4500,  0.275933
0.4505,  0.293885
0.4510,  0.282277
0.4515,  0.272679
0.4520,  0.237588
0.4525,  0.205655
0.4530,  0.219612
0.4535,  0.233252
0.4540,  0.242537
0.4545,  0.246934
0.4550,  0.260066
0.4555,  0.270614
0.4560,  0.271875
0.4565,  0.268949
0.4570,  0.264707
0.4575,  0.267099
0.4580,  0.240489
0.4585,  0.217169
0.4590,  0.231923
0.4595,  0.242226
0.4600,  0.249671
0.4605,  0.256286
0.4610,  0.260447
0.4615,  0.261128
0.4620,  0.266859
0.4625,  0.273541
0.4630,  0.257360
0.4635,  0.245861
0.4640,  0.233175
0.4645,  0.219293
0.4650,  0.238195
0.4655,  0.262190
0.4660,  0.238540
0.4665,  0.218532
0.4670,  0.248079
0.4675,  0.270773
0.4680,  0.269173
0.4685,  0.267168
0.4690,  0.267245
0.4695,  0.267167
0.4700,  0.245436
0.4705,  0.217126
0.4710,  0.246840
0.4715,  0.274088
0.4720,  0.269893
0.4725,  0.269370
0.4730,  0.257218
0.4735,  0.246500
0.4740,  0.258864
0.4745,  0.273345
0.4750,  0.267591
0.4755,  0.263195
0.4760,  0.252599
0.4765,  0.239318
0.4770,  0.263785
0.4775,  0.285313
0.4780,  0.262711
0.4785,  0.242295
0.4790,  0.255042
0.4795,  0.266319
0.4800,  0.254083
0.4805,  0.246964
0.4810,  0.260238
0.4815,  0.273062
0.4820,  0.259586
0.4825,  0.249356
0.4830,  0.250658
0.4835,  0.254008
0.4840,  0.247707
0.4845,  0.247812
0.4850,  0.229999
0.4855,  0.216432
0.4860,  0.183251
0.4865,  0.139321
0.4870,  0.197130
0.4875,  0.245281
0.4880,  0.258845
0.4885,  0.270064
0.4890,  0.269090
0.4895,  0.267246
0.4900,  0.268167
0.4905,  0.274369
0.4910,  0.246348
0.4915,  0.221238
0.4920,  0.222884
0.4925,  0.220000
0.4930,  0.213223
0.4935,  0.205523
0.4940,  0.240953
0.4945,  0.275813
0.4950,  0.241807
0.4955,  0.209272
0.4960,  0.227967
0.4965,  0.245975
0.4970,  0.247376
0.4975,  0.250778
0.4980,  0.217506
0.4985,  0.182200
0.4990,  0.210526
0.4995,  0.238989
0.5000,  0.216968
0.5005,  0.194183
0.5010,  0.189585
0.5015,  0.180917
0.5020,  0.201454
0.5025,  0.222943
0.5030,  0.233451
0.5035,  0.241437
0.5040,  0.225000
0.5045,  0.203782
0.5050,  0.224079
0.5055,  0.246041
0.5060,  0.234435
0.5065,  0.224986
0.5070,  0.213927
0.5075,  0.203112
0.5080,  0.206600
0.5085,  0.209438
0.5090,  0.209201
0.5095,  0.207333
0.5100,  0.211437
0.5105,  0.214533
0.5110,  0.223440
0.5115,  0.232561
0.5120,  0.203185
0.5125,  0.176204
0.5130,  0.180920
0.5135,  0.183688
0.5140,  0.190739
0.5145,  0.197293
0.5150,  0.208046
0.5155,  0.224827
0.5160,  0.185012
0.5165,  0.143801
0.5170,  0.173815
0.5175,  0.197611
0.5180,  0.180067
0.5185,  0.154804
0.5190,  0.191716
0.5195,  0.226096
0.5200,  0.215049
0.5205,  0.204122
0.5210,  0.214673
0.5215,  0.227013
0.5220,  0.204130
0.5225,  0.180881
0.5230,  0.194619
0.5235,  0.204944
0.5240,  0.212665
0.5245,  0.224640
0.5250,  0.219483
0.5255,  0.218607
0.5260,  0.165477
0.5265,  0.107344
0.5270,  0.152425
0.5275,  0.188962
0.5280,  0.197556
0.5285,  0.204245
0.5290,  0.200935
0.5295,  0.197682
0.5300,  0.199642
0.5305,  0.203090
0.5310,  0.205299
0.5315,  0.211022
0.5320,  0.170204
0.5325,  0.127735
0.5330,  0.170076
0.5335,  0.208595
0.5340,  0.191201
0.5345,  0.170806
0.5350,  0.197609
0.5355,  0.225270
0.5360,  0.197334
0.5365,  0.170704
0.5370,  0.175531
0.5375,  0.181035
0.5380,  0.189586
0.5385,  0.197977
0.5390,  0.186292
0.5395,  0.175063
0.5400,  0.164747
0.5405,  0.152392
0.5410,  0.180528
0.5415,  0.205993
0.5420,  0.189346
0.5425,  0.172852
0.5430,  0.184044
0.5435,  0.193879
0.5440,  0.191702
0.5445,  0.191244
0.5450,  0.195601
0.5455,  0.198085
0.5460,  0.193325
0.5465,  0.190106
0.5470,  0.181768
0.5475,  0.171993
0.5480,  0.179406
0.5485,  0.185320
0.5490,  0.191661
0.5495,  0.198486
0.5500,  0.189353
0.5505,  0.181144
0.5510,  0.183327
0.5515,  0.185097
0.5520,  0.181738
0.5525,  0.177251
0.5530,  0.187204
0.5535,  0.195912
0.5540,  0.199547
0.5545,  0.200849
0.5550,  0.199993
0.5555,  0.200225
0.5560,  0.185687
0.5565,  0.173873
0.5570,  0.185237
0.5575,  0.196794
0.5580,  0.188521
0.5585,  0.178077
0.5590,  0.184076
0.5595,  0.188007
0.5600,  0.193643
0.5605,  0.198553
0.5610,  0.192434
0.5615,  0.186849
0.5620,  0.192346
0.5625,  0.198146
0.5630,  0.200728
0.5635,  0.203441
0.5640,  0.203632
0.5645,  0.203406
0.5650,  0.192623
0.5655,  0.179613
0.5660,  0.187215
0.5665,  0.194820
0.5670,  0.210086
0.5675,  0.226387
0.5680,  0.210097
0.5685,  0.194049
0.5690,  0.209886
0.5695,  0.224576
0.5700,  0.203271
0.5705,  0.179183
0.5710,  0.189889
0.5715,  0.197118
0.5720,  0.205857
0.5725,  0.218137
0.5730,  0.212583
0.5735,  0.209484
0.5740,  0.207517
0.5745,  0.206987
0.5750,  0.200026
0.5755,  0.189877
0.5760,  0.193631
0.5765,  0.199637
0.5770,  0.202683
0.5775,  0.206410
0.5780,  0.189199
0.5785,  0.169959
0.5790,  0.180300
0.5795,  0.188101
0.5800,  0.189967
0.5805,  0.194269
0.5810,  0.198424
0.5815,  0.201809
0.5820,  0.204275
0.5825,  0.205089
0.5830,  0.196917
0.5835,  0.191720
0.5840,  0.191155
0.5845,  0.195793
0.5850,  0.181702
0.5855,  0.165930
0.5860,  0.181208
0.5865,  0.199031
0.5870,  0.211638
0.5875,  0.229505
0.5880,  0.224454
0.5885,  0.217226
0.5890,  0.193597
0.5895,  0.160335
0.5900,  0.213184
0.5905,  0.259539
0.5910,  0.245111
0.5915,  0.230490
0.5920,  0.227683
0.5925,  0.224994
0.5930,  0.218496
0.5935,  0.219998
0.5940,  0.221895
0.5945,  0.222214
0.5950,  0.225402
0.5955,  0.225675
0.5960,  0.226238
0.5965,  0.226511
0.5970,  0.215721
0.5975,  0.205978
0.5980,  0.199269
0.5985,  0.193659
0.5990,  0.202897
0.5995,  0.213214
0.6000,  0.211522
0.6005,  0.209857
0.6010,  0.212752
0.6015,  0.212735
0.6020,  0.198688
0.6025,  0.184245
0.6030,  0.197500
0.6035,  0.212285
0.6040,  0.208072
0.6045,  0.206904
0.6050,  0.204718
0.6055,  0.200104
0.6060,  0.197232
0.6065,  0.197197
0.6070,  0.200165
0.6075,  0.204359
0.6080,  0.206840
0.6085,  0.207028
0.6090,  0.212360
0.6095,  0.216768
0.6100,  0.203929
0.6105,  0.189716
0.6110,  0.197743
0.6115,  0.208453
0.6120,  0.199603
0.6125,  0.193386
0.6130,  0.193766
0.6135,  0.194517
0.6140,  0.205860
0.6145,  0.218702
0.6150,  0.221653
0.6155,  0.223268
0.6160,  0.195216
0.6165,  0.163295
0.6170,  0.188021
0.6175,  0.213591
0.6180,  0.219181
0.6185,  0.225939
0.6190,  0.225153
0.6195,  0.221444
0.6200,  0.227144
0.6205,  0.232181
0.6210,  0.219968
0.6215,  0.206272
0.6220,  0.213196
0.6225,  0.223125
0.6230,  0.213540
0.6235,  0.208216
0.6240,  0.214139
0.6245,  0.217378
0.6250,  0.212725
0.6255,  0.204199
0.6260,  0.218905
0.6265,  0.237231
0.6270,  0.241765
0.6275,  0.244631
0.6280,  0.249971
0.6285,  0.257129
0.6290,  0.258119
0.6295,  0.256993
0.6300,  0.249357
0.6305,  0.239929
0.6310,  0.228348
0.6315,  0.226051
0.6320,  0.222381
0.6325,  0.223353
0.6330,  0.226635
0.6335,  0.232056
0.6340,  0.236875
0.6345,  0.239835
0.6350,  0.240688
0.6355,  0.236685
0.6360,  0.231925
0.6365,  0.226419
0.6370,  0.220868
0.6375,  0.216278
0.6380,  0.215426
0.6385,  0.217543
0.6390,  0.221885
0.6395,  0.226122
0.6400,  0.229643
0.6405,  0.229503
0.6410,  0.225341
0.6415,  0.223262
0.6420,  0.218386
0.6425,  0.213086
0.6430,  0.208443
0.6435,  0.206984
0.6440,  0.210969
0.6445,  0.219367
0.6450,  0.231896
0.6455,  0.239037
0.6460,  0.245002
0.6465,  0.248783
0.6470,  0.250249
0.6475,  0.245562
0.6480,  0.241811
0.6485,  0.240642
0.6490,  0.238055
0.6495,  0.241715
0.6500,  0.242478
0.6505,  0.246788
0.6510,  0.255359
0.6515,  0.252887
0.6520,  0.251960
0.6525,  0.247706
0.6530,  0.246534
0.6535,  0.235916
0.6540,  0.228027
0.6545,  0.229083
0.6550,  0.237817
0.6555,  0.239933
0.6560,  0.235911
0.6565,  0.214062
0.6570,  0.178428
0.6575,  0.188469
0.6580,  0.200730
0.6585,  0.214377
0.6590,  0.227576
0.6595,  0.217964
0.6600,  0.210033
0.6605,  0.203397
0.6610,  0.201692
0.6615,  0.197249
0.6620,  0.197250
0.6625,  0.201020
0.6630,  0.205934
0.6635,  0.212763
0.6640,  0.216342
0.6645,  0.221134
0.6650,  0.223684
0.6655,  0.218969
0.6660,  0.212234
0.6665,  0.209259
0.6670,  0.203623
0.6675,  0.201784
0.6680,  0.200671
0.6685,  0.202660
0.6690,  0.204884
0.6695,  0.204433
0.6700,  0.207030
0.6705,  0.207381
0.6710,  0.209606
0.6715,  0.213823
0.6720,  0.213957
0.6725,  0.212052
0.6730,  0.206749
0.6735,  0.199745
0.6740,  0.197340
0.6745,  0.198794
0.6750,  0.203091
0.6755,  0.209347
0.6760,  0.214086
0.6765,  0.219182
0.6770,  0.219500
0.6775,  0.217292
0.6780,  0.215165
0.6785,  0.212459
0.6790,  0.206630
0.6795,  0.203633
0.6800,  0.200640
0.6805,  0.199844
0.6810,  0.204286
0.6815,  0.208354
0.6820,  0.212372
0.6825,  0.215672
0.6830,  0.219839
0.6835,  0.220911
0.6840,  0.215717
0.6845,  0.214992
0.6850,  0.218011
0.6855,  0.237058
0.6860,  0.272354
0.6865,  0.315051
0.6870,  0.349144
0.6875,  0.366090
0.6880,  0.370357
0.6885,  0.364131
0.6890,  0.361343
0.6895,  0.353379
0.6900,  0.337914
0.6905,  0.325893
0.6910,  0.316583
0.6915,  0.307927
0.6920,  0.303062
0.6925,  0.301806
0.6930,  0.307641
0.6935,  0.314052
0.6940,  0.318591
0.6945,  0.321508
0.6950,  0.318883
0.6955,  0.307981
0.6960,  0.292284
0.6965,  0.280319
0.6970,  0.272331
0.6975,  0.277003
0.6980,  0.281618
0.6985,  0.288318
0.6990,  0.296711
0.6995,  0.300463
0.7000,  0.301747
0.7005,  0.302992
0.7010,  0.297758
0.7015,  0.299179
0.7020,  0.297956
0.7025,  0.294629
0.7030,  0.290718
0.7035,  0.289824
0.7040,  0.288636
0.7045,  0.291014
0.7050,  0.299073
0.7055,  0.298210
0.7060,  0.294977
0.7065,  0.292743
0.7070,  0.291900
0.7075,  0.287758
0.7080,  0.281239
0.7085,  0.275707
0.7090,  0.270130
0.7095,  0.264033
0.7100,  0.259212
0.7105,  0.263360
0.7110,  0.268863
0.7115,  0.271602
0.7120,  0.277759
0.7125,  0.287241
0.7130,  0.290647
0.7135,  0.292764
0.7140,  0.292764
0.7145,  0.291070
0.7150,  0.295337
0.7155,  0.305666
0.7160,  0.332733
0.7165,  0.370982
0.7170,  0.422040
0.7175,  0.472465
0.7180,  0.519060
0.7185,  0.555186
0.7190,  0.574501
0.7195,  0.580043
0.7200,  0.556815
0.7205,  0.516108
0.7210,  0.475046
0.7215,  0.439878
0.7220,  0.422737
0.7225,  0.429137
0.7230,  0.449471
0.7235,  0.474198
0.7240,  0.499147
0.7245,  0.518908
0.7250,  0.529368
0.7255,  0.534703
0.7260,  0.535153
0.7265,  0.531926
0.7270,  0.525748
0.7275,  0.509525
0.7280,  0.493830
0.7285,  0.477518
0.7290,  0.468783
0.7295,  0.468621
0.7300,  0.469969
0.7305,  0.475261
0.7310,  0.477834
0.7315,  0.463154
0.7320,  0.439890
0.7325,  0.407954
0.7330,  0.376262
0.7335,  0.351760
0.7340,  0.336712
0.7345,  0.330322
0.7350,  0.330161
0.7355,  0.339950
0.7360,  0.345039
0.7365,  0.348379
0.7370,  0.349220
0.7375,  0.346247
0.7380,  0.341483
0.7385,  0.346980
0.7390,  0.335638
0.7395,  0.327645
0.7400,  0.313925
0.7405,  0.300928
0.7410,  0.293186
0.7415,  0.297211
0.7420,  0.307664
0.7425,  0.318176
0.7430,  0.323232
0.7435,  0.313377
0.7440,  0.310434
0.7445,  0.307439
0.7450,  0.301380
0.7455,  0.296846
0.7460,  0.290494
0.7465,  0.276448
0.7470,  0.274407
0.7475,  0.275474
0.7480,  0.283998
0.7485,  0.294666
0.7490,  0.301578
0.7495,  0.305459
0.7500,  0.304571
0.7505,  0.302590
0.7510,  0.296456
0.7515,  0.285279
0.7520,  0.280278
0.7525,  0.272154
0.7530,  0.268334
0.7535,  0.272740
0.7540,  0.276425
0.7545,  0.280903
0.7550,  0.276693
0.7555,  0.280175
0.7560,  0.283260
0.7565,  0.282829
0.7570,  0.284539
0.7575,  0.294003
0.7580,  0.315859
0.7585,  0.373820
0.7590,  0.484768
0.7595,  0.657365
0.7600,  0.857995
0.7605,  1.013073
0.7610,  1.071226
0.7615,  1.060310
0.7620,  1.041252
0.7625,  1.031943
0.7630,  1.012551
0.7635,  0.968022
0.7640,  0.908511
0.7645,  0.841968
0.7650,  0.768212
0.7655,  0.682096
0.7660,  0.606823
0.7665,  0.538990
0.7670,  0.476924
0.7675,  0.429343
0.7680,  0.393055
0.7685,  0.367860
0.7690,  0.355740
0.7695,  0.346122
0.7700,  0.340544
0.7705,  0.335241
0.7710,  0.331582
0.7715,  0.331741
0.7720,  0.326401
0.7725,  0.314547
0.7730,  0.308236
0.7735,  0.302383
0.7740,  0.301716
0.7745,  0.302200
0.7750,  0.302417
0.7755,  0.313101
0.7760,  0.318318
0.7765,  0.312570
0.7770,  0.316627
0.7775,  0.310733
0.7780,  0.311035
0.7785,  0.305428
0.7790,  0.295725
0.7795,  0.291638
0.7800,  0.292972
0.7805,  0.290386
0.7810,  0.294204
0.7815,  0.301388
0.7820,  0.318048
0.7825,  0.329097
0.7830,  0.339219
0.7835,  0.342458
0.7840,  0.330801
0.7845,  0.318838
0.7850,  0.309395
0.7855,  0.304108
0.7860,  0.304590
0.7865,  0.323732
0.7870,  0.335750
0.7875,  0.352478
0.7880,  0.366395
0.7885,  0.383131
0.7890,  0.387091
0.7895,  0.383741
0.7900,  0.371927
0.7905,  0.372217
0.7910,  0.373533
0.7915,  0.373337
0.7920,  0.371896
0.7925,  0.378963
0.7930,  0.391202
0.7935,  0.394219
0.7940,  0.386844
0.7945,  0.385117
0.7950,  0.383464
0.7955,  0.386813
0.7960,  0.384533
0.7965,  0.383882
0.7970,  0.376537
0.7975,  0.369194
0.7980,  0.363630
0.7985,  0.367365
0.7990,  0.372833
0.7995,  0.391620
0.8000,  0.409883
0.8005,  0.417881
0.8010,  0.411529
0.8015,  0.395646
0.8020,  0.385993
0.8025,  0.370530
0.8030,  0.359201
0.8035,  0.360909
0.8040,  0.371004
0.8045,  0.378778
0.8050,  0.383911
0.8055,  0.383983
0.8060,  0.387318
0.8065,  0.393743
0.8070,  0.386696
0.8075,  0.375764
0.8080,  0.359894
0.8085,  0.352146
0.8090,  0.350477
0.8095,  0.361970
0.8100,  0.393366
0.8105,  0.416847
0.8110,  0.444450
0.8115,  0.478353
0.8120,  0.508127
0.8125,  0.537885
0.8130,  0.559210
0.8135,  0.581601
0.8140,  0.601327
0.8145,  0.624838
0.8150,  0.648813
0.8155,  0.683620
0.8160,  0.732308
0.8165,  0.787595
0.8170,  0.804515
0.8175,  0.799573
0.8180,  0.789302
0.8185,  0.749511
0.8190,  0.672935
0.8195,  0.614223
0.8200,  0.574181
0.8205,  0.555550
0.8210,  0.564954
0.8215,  0.611765
0.8220,  0.682254
0.8225,  0.733469
0.8230,  0.747232
0.8235,  0.731653
0.8240,  0.676185
0.8245,  0.621493
0.8250,  0.582651
0.8255,  0.555007
0.8260,  0.541213
0.8265,  0.549240
0.8270,  0.560905
0.8275,  0.584511
0.8280,  0.625577
0.8285,  0.636198
0.8290,  0.648345
0.8295,  0.637133
0.8300,  0.599320
0.8305,  0.559637
0.8310,  0.542231
0.8315,  0.538543
0.8320,  0.536096
0.8325,  0.531419
0.8330,  0.528950
0.8335,  0.533798
0.8340,  0.517514
0.8345,  0.506574
0.8350,  0.505615
0.8355,  0.505869
0.8360,  0.494558
0.8365,  0.478875
0.8370,  0.463325
0.8375,  0.458555
0.8380,  0.460968
0.8385,  0.470871
0.8390,  0.475115
0.8395,  0.475475
0.8400,  0.478616
0.8405,  0.469021
0.8410,  0.468171
0.8415,  0.457317
0.8420,  0.443743
0.8425,  0.429643
0.8430,  0.418526
0.8435,  0.416376
0.8440,  0.418139
0.8445,  0.420853
0.8450,  0.430522
0.8455,  0.448218
0.8460,  0.452755
0.8465,  0.444474
0.8470,  0.434445
0.8475,  0.423968
0.8480,  0.438699
0.8485,  0.442946
0.8490,  0.443260
0.8495,  0.453536
0.8500,  0.464368
0.8505,  0.458686
0.8510,  0.457912
0.8515,  0.470890
0.8520,  0.479947
0.8525,  0.457002
0.8530,  0.464741
0.8535,  0.497536
0.8540,  0.496229
0.8545,  0.509483
0.8550,  0.515098
0.8555,  0.508180
0.8560,  0.496307
0.8565,  0.468325
0.8570,  0.440485
0.8575,  0.442946
0.8580,  0.454267
0.8585,  0.452790
0.8590,  0.467055
0.8595,  0.473371
0.8600,  0.477197
0.8605,  0.487405
0.8610,  0.484472
0.8615,  0.482018
0.8620,  0.474433
0.8625,  0.456736
0.8630,  0.444799
0.8635,  0.446961
0.8640,  0.461611
0.8645,  0.464195
0.8650,  0.474255
0.8655,  0.499482
0.8660,  0.506007
0.8665,  0.523115
0.8670,  0.515604
0.8675,  0.481965
0.8680,  0.457894
0.8685,  0.438448
0.8690,  0.442267
0.8695,  0.449634
0.8700,  0.491200
0.8705,  0.518237
0.8710,  0.552658
0.8715,  0.569615
0.8720,  0.564757
0.8725,  0.546854
0.8730,  0.533916
0.8735,  0.512742
0.8740,  0.488394
0.8745,  0.472273
0.8750,  0.500737
0.8755,  0.521666
0.8760,  0.535995
0.8765,  0.556866
0.8770,  0.567953
0.8775,  0.589887
0.8780,  0.594736
0.8785,  0.580729
0.8790,  0.559994
0.8795,  0.550502
0.8800,  0.522549
0.8805,  0.520382
0.8810,  0.538977
0.8815,  0.576126
0.8820,  0.624372
0.8825,  0.647377
0.8830,  0.639727
0.8835,  0.596811
0.8840,  0.552360
0.8845,  0.520549
0.8850,  0.494526
0.8855,  0.502477
0.8860,  0.524998
0.8865,  0.576112
0.8870,  0.628320
0.8875,  0.674643
0.8880,  0.679311
0.8885,  0.655810
0.8890,  0.627569
0.8895,  0.597463
0.8900,  0.587163
