0.3500,  0.130417
0.3505,  0.190870
0.3510,  0.153980
0.3515,  0.117488
0.3520,  0.076726
0.3525,  0.036082
0.3530,  0.082221
0.3535,  0.124954
0.3540,  0.154256
0.3545,  0.185845
0.3550,  0.169265
0.3555,  0.143426
0.3560,  0.104905
0.3565,  0.065750
0.3570,  0.036619
0.3575,  -0.001942
0.3580,  -0.046409
0.3585,  -0.106641
0.3590,  0.059266
0.3595,  0.195103
0.3600,  0.179361
0.3605,  0.167247
0.3610,  0.119346
0.3615,  0.065612
0.3620,  0.110538
0.3625,  0.148506
0.3630,  0.135825
0.3635,  0.118675
0.3640,  0.115324
0.3645,  0.104724
0.3650,  0.135789
0.3655,  0.165418
0.3660,  0.176398
0.3665,  0.193470
0.3670,  0.168609
0.3675,  0.144044
0.3680,  0.111295
0.3685,  0.078409
0.3690,  0.122418
0.3695,  0.167312
0.3700,  0.139762
0.3705,  0.110303
0.3710,  0.130524
0.3715,  0.152670
0.3720,  0.117805
0.3725,  0.081172
0.3730,  0.041213
0.3735,  0.000782
0.3740,  0.009580
0.3745,  0.015389
0.3750,  0.099040
0.3755,  0.167237
0.3760,  0.163444
0.3765,  0.148630
0.3770,  0.192322
0.3775,  0.230584
0.3780,  0.221969
0.3785,  0.223550
0.3790,  0.130539
0.3795,  0.030841
0.3800,  0.085582
0.3805,  0.143183
0.3810,  0.118427
0.3815,  0.105424
0.3820,  0.029328
0.3825,  -0.067403
0.3830,  -0.088229
0.3835,  -0.125496
0.3840,  0.033653
0.3845,  0.154841
0.3850,  0.163763
0.3855,  0.169442
0.3860,  0.151712
0.3865,  0.139368
0.3870,  0.131225
0.3875,  0.122758
0.3880,  0.104316
0.3885,  0.081749
0.3890,  0.138871
0.3895,  0.182519
0.3900,  0.183552
0.3905,  0.186702
0.3910,  0.208095
0.3915,  0.245815
0.3920,  0.157780
0.3925,  0.063316
0.3930,  -0.107638
0.3935,  -0.357475
0.3940,  -0.082053
0.3945,  0.112508
0.3950,  0.211251
0.3955,  0.307700
0.3960,  0.153265
0.3965,  -0.041153
0.3970,  -0.017526
0.3975,  -0.016874
0.3980,  0.164349
0.3985,  0.285545
0.3990,  0.264790
0.3995,  0.254264
0.4000,  0.223361
0.4005,  0.195547
0.4010,  0.184259
0.4015,  0.180069
0.4020,  0.168022
0.4025,  0.160962
0.4030,  0.136873
0.4035,  0.117860
0.4040,  0.118183
0.4045,  0.120204
0.4050,  0.122254
0.4055,  0.121476
0.4060,  0.103513
0.4065,  0.088167
0.4070,  0.101668
0.4075,  0.110964
0.4080,  0.134361
0.4085,  0.155734
0.4090,  0.148214
0.4095,  0.144660
0.4100,  0.101253
0.4105,  0.050768
0.4110,  0.119798
0.4115,  0.179768
0.4120,  0.164898
0.4125,  0.149998
0.4130,  0.137462
0.4135,  0.127962
0.4140,  0.121222
0.4145,  0.110860
0.4150,  0.104854
0.4155,  0.099708
0.4160,  0.121069
0.4165,  0.146166
0.4170,  0.107319
0.4175,  0.067438
0.4180,  0.077295
0.4185,  0.088680
0.4190,  0.094604
0.4195,  0.099613
0.4200,  0.111621
0.4205,  0.124775
0.4210,  0.132306
0.4215,  0.139904
0.4220,  0.093711
0.4225,  0.040074
0.4230,  0.079927
0.4235,  0.118179
0.4240,  0.132112
0.4245,  0.147614
0.4250,  0.131909
0.4255,  0.118202
0.4260,  0.122481
0.4265,  0.130795
0.4270,  0.102207
0.4275,  0.070981
0.4280,  0.077646
0.4285,  0.091115
0.4290,  0.079231
0.4295,  0.068569
0.4300,  -0.013197
0.4305,  -0.120515
0.4310,  0.066741
0.4315,  0.206829
0.4320,  0.177179
0.4325,  0.147783
0.4330,  0.155386
0.4335,  0.163829
0.4340,  0.141259
0.4345,  0.115444
0.4350,  0.114573
0.4355,  0.109359
0.4360,  0.144490
0.4365,  0.181596
0.4370,  0.150847
0.4375,  0.124999
0.4380,  0.076582
0.4385,  0.021707
0.4390,  0.090948
0.4395,  0.149817
0.4400,  0.117969
0.4405,  0.083111
0.4410,  0.123879
0.4415,  0.159129
0.4420,  0.158652
0.4425,  0.158914
0.4430,  0.136912
0.4435,  0.115933
0.4440,  0.126053
0.4445,  0.140400
0.4450,  0.110086
0.4455,  0.076428
0.4460,  0.092707
0.4465,  0.103580
0.4470,  0.136038
0.4475,  0.166003
0.4480,  0.140014
0.4485,  0.111606
0.4490,  0.114933
0.4495,  0.118843
0.4500,  0.132732
0.4505,  0.149672
0.4510,  0.139972
0.4515,  0.131472
0.4520,  0.102523
0.4525,  0.076549
0.4530,  0.090310
0.4535,  0.100682
0.4540,  0.108475
0.4545,  0.116098
0.4550,  0.126520
0.4555,  0.133900
0.4560,  0.134304
0.4565,  0.137041
0.4570,  0.138758
0.4575,  0.142150
0.4580,  0.116031
0.4585,  0.091681
0.4590,  0.100297
0.4595,  0.108648
0.4600,  0.115211
0.4605,  0.120572
0.4610,  0.119425
0.4615,  0.118236
0.4620,  0.127815
0.4625,  0.135932
0.4630,  0.121338
0.4635,  0.111918
0.4640,  0.105254
0.4645,  0.098229
0.4650,  0.118691
0.4655,  0.140536
0.4660,  0.119871
0.4665,  0.097926
0.4670,  0.121075
0.4675,  0.138908
0.4680,  0.133474
0.4685,  0.129919
0.4690,  0.133264
0.4695,  0.137004
0.4700,  0.119593
0.4705,  0.097343
0.4710,  0.124942
0.4715,  0.149348
0.4720,  0.147676
0.4725,  0.147228
0.4730,  0.137156
0.4735,  0.128460
0.4740,  0.139739
0.4745,  0.153151
0.4750,  0.148015
0.4755,  0.142693
0.4760,  0.129295
0.4765,  0.115643
0.4770,  0.140267
0.4775,  0.164341
0.4780,  0.146965
0.4785,  0.128898
0.4790,  0.141246
0.4795,  0.153190
0.4800,  0.143446
0.4805,  0.136908
0.4810,  0.147413
0.4815,  0.157893
0.4820,  0.144873
0.4825,  0.134625
0.4830,  0.136785
0.4835,  0.140183
0.4840,  0.138417
0.4845,  0.142592
0.4850,  0.132040
0.4855,  0.122127
0.4860,  0.091353
0.4865,  0.045379
0.4870,  0.094925
0.4875,  0.136766
0.4880,  0.147273
0.4885,  0.157390
0.4890,  0.157826
0.4895,  0.159233
0.4900,  0.162494
0.4905,  0.170652
0.4910,  0.149159
0.4915,  0.126666
0.4920,  0.126758
0.4925,  0.124113
0.4930,  0.117541
0.4935,  0.109619
0.4940,  0.140717
0.4945,  0.172520
0.4950,  0.142922
0.4955,  0.112894
0.4960,  0.133766
0.4965,  0.152711
0.4970,  0.155678
0.4975,  0.161622
0.4980,  0.132754
0.4985,  0.100105
0.4990,  0.124736
0.4995,  0.150806
0.5000,  0.132345
0.5005,  0.113120
0.5010,  0.107464
0.5015,  0.098890
0.5020,  0.116917
0.5025,  0.133896
0.5030,  0.141875
0.5035,  0.145786
0.5040,  0.127889
0.5045,  0.108890
0.5050,  0.130678
0.5055,  0.152991
0.5060,  0.143330
0.5065,  0.136621
0.5070,  0.128389
0.5075,  0.119073
0.5080,  0.122867
0.5085,  0.124373
0.5090,  0.121795
0.5095,  0.118857
0.5100,  0.122989
0.5105,  0.127572
0.5110,  0.137956
0.5115,  0.148629
0.5120,  0.123942
0.5125,  0.101729
0.5130,  0.106693
0.5135,  0.109834
0.5140,  0.116628
0.5145,  0.121054
0.5150,  0.130705
0.5155,  0.146249
0.5160,  0.110021
0.5165,  0.070824
0.5170,  0.097505
0.5175,  0.117313
0.5180,  0.098272
0.5185,  0.073321
0.5190,  0.106933
0.5195,  0.138552
0.5200,  0.128915
0.5205,  0.120004
0.5210,  0.130818
0.5215,  0.143713
0.5220,  0.124015
0.5225,  0.102285
0.5230,  0.113497
0.5235,  0.121013
0.5240,  0.129811
0.5245,  0.142397
0.5250,  0.140398
0.5255,  0.142835
0.5260,  0.096140
0.5265,  0.042791
0.5270,  0.082958
0.5275,  0.114027
0.5280,  0.119884
0.5285,  0.124906
0.5290,  0.122270
0.5295,  0.119917
0.5300,  0.122174
0.5305,  0.126073
0.5310,  0.127557
0.5315,  0.134773
0.5320,  0.099329
0.5325,  0.060529
0.5330,  0.101116
0.5335,  0.136869
0.5340,  0.118601
0.5345,  0.098784
0.5350,  0.124268
0.5355,  0.149787
0.5360,  0.124655
0.5365,  0.102288
0.5370,  0.108221
0.5375,  0.112119
0.5380,  0.119015
0.5385,  0.126728
0.5390,  0.114278
0.5395,  0.104505
0.5400,  0.094733
0.5405,  0.081374
0.5410,  0.106726
0.5415,  0.130002
0.5420,  0.115348
0.5425,  0.100568
0.5430,  0.110827
0.5435,  0.119407
0.5440,  0.117007
0.5445,  0.115334
0.5450,  0.119326
0.5455,  0.123053
0.5460,  0.118801
0.5465,  0.116552
0.5470,  0.108343
0.5475,  0.097846
0.5480,  0.103855
0.5485,  0.108615
0.5490,  0.114792
0.5495,  0.122219
0.5500,  0.115355
0.5505,  0.107799
0.5510,  0.109999
0.5515,  0.112433
0.5520,  0.108102
0.5525,  0.103078
0.5530,  0.108951
0.5535,  0.115880
0.5540,  0.119332
0.5545,  0.123184
0.5550,  0.125612
0.5555,  0.130017
0.5560,  0.117168
0.5565,  0.104345
0.5570,  0.114286
0.5575,  0.125790
0.5580,  0.116518
0.5585,  0.105010
0.5590,  0.108341
0.5595,  0.112873
0.5600,  0.118490
0.5605,  0.122186
0.5610,  0.117628
0.5615,  0.113958
0.5620,  0.119670
0.5625,  0.124372
0.5630,  0.127009
0.5635,  0.128973
0.5640,  0.128712
0.5645,  0.130636
0.5650,  0.121647
0.5655,  0.108741
0.5660,  0.112904
0.5665,  0.118898
0.5670,  0.132041
0.5675,  0.145828
0.5680,  0.129037
0.5685,  0.111758
0.5690,  0.124532
0.5695,  0.139465
0.5700,  0.122953
0.5705,  0.101967
0.5710,  0.110731
0.5715,  0.114965
0.5720,  0.125224
0.5725,  0.135887
0.5730,  0.129779
0.5735,  0.126156
0.5740,  0.125589
0.5745,  0.126749
0.5750,  0.120804
0.5755,  0.111965
0.5760,  0.114444
0.5765,  0.120494
0.5770,  0.125150
0.5775,  0.130584
0.5780,  0.114960
0.5785,  0.096638
0.5790,  0.104415
0.5795,  0.111117
0.5800,  0.110375
0.5805,  0.110624
0.5810,  0.112079
0.5815,  0.114707
0.5820,  0.118813
0.5825,  0.120894
0.5830,  0.115293
0.5835,  0.111790
0.5840,  0.114079
0.5845,  0.117958
0.5850,  0.105522
0.5855,  0.089463
0.5860,  0.102117
0.5865,  0.115046
0.5870,  0.123460
0.5875,  0.137307
0.5880,  0.130574
0.5885,  0.121313
0.5890,  0.093540
0.5895,  0.057096
0.5900,  0.104046
0.5905,  0.148639
0.5910,  0.138478
0.5915,  0.125888
0.5920,  0.123779
0.5925,  0.123523
0.5930,  0.119242
0.5935,  0.121392
0.5940,  0.119055
0.5945,  0.115894
0.5950,  0.120731
0.5955,  0.123229
0.5960,  0.125781
0.5965,  0.129164
0.5970,  0.121376
0.5975,  0.115560
0.5980,  0.109878
0.5985,  0.106293
0.5990,  0.113304
0.5995,  0.119874
0.6000,  0.117089
0.6005,  0.114556
0.6010,  0.118775
0.6015,  0.118833
0.6020,  0.107001
0.6025,  0.094014
0.6030,  0.106289
0.6035,  0.120031
0.6040,  0.116601
0.6045,  0.118583
0.6050,  0.117771
0.6055,  0.114929
0.6060,  0.113081
0.6065,  0.113189
0.6070,  0.116111
0.6075,  0.118921
0.6080,  0.118101
0.6085,  0.118142
0.6090,  0.120588
0.6095,  0.121855
0.6100,  0.112864
0.6105,  0.103737
0.6110,  0.113562
0.6115,  0.125252
0.6120,  0.118759
0.6125,  0.113040
0.6130,  0.112616
0.6135,  0.110912
0.6140,  0.120280
0.6145,  0.131566
0.6150,  0.134711
0.6155,  0.136579
0.6160,  0.108995
0.6165,  0.078856
0.6170,  0.102609
0.6175,  0.125627
0.6180,  0.132262
0.6185,  0.136710
0.6190,  0.131891
0.6195,  0.124316
0.6200,  0.129916
0.6205,  0.137288
0.6210,  0.129452
0.6215,  0.120400
0.6220,  0.129137
0.6225,  0.136883
0.6230,  0.126777
0.6235,  0.119088
0.6240,  0.122360
0.6245,  0.122462
0.6250,  0.116027
0.6255,  0.107986
0.6260,  0.123311
0.6265,  0.139157
0.6270,  0.141676
0.6275,  0.143419
0.6280,  0.146079
0.6285,  0.150254
0.6290,  0.149442
0.6295,  0.148752
0.6300,  0.144170
0.6305,  0.135612
0.6310,  0.127804
0.6315,  0.123920
0.6320,  0.123339
0.6325,  0.126491
0.6330,  0.129184
0.6335,  0.131504
0.6340,  0.133893
0.6345,  0.136284
0.6350,  0.138611
0.6355,  0.138258
0.6360,  0.138104
0.6365,  0.133136
0.6370,  0.128719
0.6375,  0.126673
0.6380,  0.128613
0.6385,  0.132792
0.6390,  0.135738
0.6395,  0.132931
0.6400,  0.128777
0.6405,  0.123457
0.6410,  0.117978
0.6415,  0.117203
0.6420,  0.114196
0.6425,  0.112384
0.6430,  0.112081
0.6435,  0.112367
0.6440,  0.117098
0.6445,  0.122767
0.6450,  0.129589
0.6455,  0.129807
0.6460,  0.129089
0.6465,  0.129169
0.6470,  0.127972
0.6475,  0.127013
0.6480,  0.127400
0.6485,  0.123344
0.6490,  0.118429
0.6495,  0.122355
0.6500,  0.125834
0.6505,  0.132241
0.6510,  0.139483
0.6515,  0.137075
0.6520,  0.135616
0.6525,  0.131119
0.6530,  0.130268
0.6535,  0.125071
0.6540,  0.126275
0.6545,  0.133138
0.6550,  0.143552
0.6555,  0.141906
0.6560,  0.125582
0.6565,  0.095114
0.6570,  0.057002
0.6575,  0.066615
0.6580,  0.081107
0.6585,  0.096685
0.6590,  0.115381
0.6595,  0.111664
0.6600,  0.104708
0.6605,  0.100896
0.6610,  0.101152
0.6615,  0.098332
0.6620,  0.096563
0.6625,  0.095120
0.6630,  0.095658
0.6635,  0.098064
0.6640,  0.098943
0.6645,  0.099821
0.6650,  0.101696
0.6655,  0.100093
0.6660,  0.096145
0.6665,  0.093582
0.6670,  0.089340
0.6675,  0.091255
0.6680,  0.093700
0.6685,  0.095944
0.6690,  0.097918
0.6695,  0.096605
0.6700,  0.096894
0.6705,  0.094339
0.6710,  0.094879
0.6715,  0.097260
0.6720,  0.096858
0.6725,  0.097339
0.6730,  0.095924
0.6735,  0.092691
0.6740,  0.090941
0.6745,  0.088177
0.6750,  0.086692
0.6755,  0.089298
0.6760,  0.091169
0.6765,  0.092366
0.6770,  0.095333
0.6775,  0.095003
0.6780,  0.094536
0.6785,  0.094273
0.6790,  0.092232
0.6795,  0.091847
0.6800,  0.092555
0.6805,  0.091545
0.6810,  0.092724
0.6815,  0.092293
0.6820,  0.093305
0.6825,  0.094598
0.6830,  0.096452
0.6835,  0.097504
0.6840,  0.097725
0.6845,  0.099847
0.6850,  0.110761
0.6855,  0.138233
0.6860,  0.169554
0.6865,  0.200666
0.6870,  0.216404
0.6875,  0.218797
0.6880,  0.215704
0.6885,  0.208608
0.6890,  0.204103
0.6895,  0.197884
0.6900,  0.186814
0.6905,  0.176065
0.6910,  0.166019
0.6915,  0.158865
0.6920,  0.151094
0.6925,  0.151351
0.6930,  0.154176
0.6935,  0.153434
0.6940,  0.151931
0.6945,  0.148382
0.6950,  0.142048
0.6955,  0.134328
0.6960,  0.126626
0.6965,  0.122940
0.6970,  0.120135
0.6975,  0.126426
0.6980,  0.134621
0.6985,  0.142793
0.6990,  0.147887
0.6995,  0.145384
0.7000,  0.139176
0.7005,  0.134373
0.7010,  0.130142
0.7015,  0.131774
0.7020,  0.132024
0.7025,  0.132274
0.7030,  0.132832
0.7035,  0.136809
0.7040,  0.141688
0.7045,  0.144628
0.7050,  0.145943
0.7055,  0.139980
0.7060,  0.134635
0.7065,  0.131337
0.7070,  0.127431
0.7075,  0.124275
0.7080,  0.123605
0.7085,  0.121418
0.7090,  0.119904
0.7095,  0.121520
0.7100,  0.121847
0.7105,  0.121637
0.7110,  0.124235
0.7115,  0.124011
0.7120,  0.124245
0.7125,  0.124326
0.7130,  0.120430
0.7135,  0.119441
0.7140,  0.124732
0.7145,  0.130532
0.7150,  0.138342
0.7155,  0.152139
0.7160,  0.173241
0.7165,  0.200383
0.7170,  0.227052
0.7175,  0.248875
0.7180,  0.266227
0.7185,  0.278650
0.7190,  0.280096
0.7195,  0.274741
0.7200,  0.260496
0.7205,  0.243175
0.7210,  0.219828
0.7215,  0.204872
0.7220,  0.206499
0.7225,  0.219815
0.7230,  0.234160
0.7235,  0.244795
0.7240,  0.254184
0.7245,  0.259406
0.7250,  0.261779
0.7255,  0.258397
0.7260,  0.257991
0.7265,  0.256418
0.7270,  0.258328
0.7275,  0.258789
0.7280,  0.259578
0.7285,  0.255740
0.7290,  0.248863
0.7295,  0.242450
0.7300,  0.236041
0.7305,  0.225344
0.7310,  0.216934
0.7315,  0.203492
0.7320,  0.192789
0.7325,  0.180643
0.7330,  0.167312
0.7335,  0.156707
0.7340,  0.155337
0.7345,  0.158529
0.7350,  0.158403
0.7355,  0.160078
0.7360,  0.155585
0.7365,  0.151113
0.7370,  0.146745
0.7375,  0.140551
0.7380,  0.138278
0.7385,  0.138550
0.7390,  0.132596
0.7395,  0.128446
0.7400,  0.121153
0.7405,  0.115909
0.7410,  0.108857
0.7415,  0.113305
0.7420,  0.115607
0.7425,  0.115701
0.7430,  0.114588
0.7435,  0.111500
0.7440,  0.112991
0.7445,  0.114004
0.7450,  0.116235
0.7455,  0.119161
0.7460,  0.119734
0.7465,  0.123153
0.7470,  0.125437
0.7475,  0.119293
0.7480,  0.115996
0.7485,  0.115129
0.7490,  0.111740
0.7495,  0.110398
0.7500,  0.110028
0.7505,  0.111930
0.7510,  0.115069
0.7515,  0.117014
0.7520,  0.122018
0.7525,  0.118119
0.7530,  0.114399
0.7535,  0.113878
0.7540,  0.111390
0.7545,  0.106217
0.7550,  0.106997
0.7555,  0.108170
0.7560,  0.109103
0.7565,  0.109381
0.7570,  0.106789
0.7575,  0.114477
0.7580,  0.150423
0.7585,  0.224450
0.7590,  0.341097
0.7595,  0.483539
0.7600,  0.598807
0.7605,  0.651655
0.7610,  0.649402
0.7615,  0.618810
0.7620,  0.601566
0.7625,  0.595979
0.7630,  0.586240
0.7635,  0.556525
0.7640,  0.510744
0.7645,  0.455543
0.7650,  0.399290
0.7655,  0.343037
0.7660,  0.283686
0.7665,  0.228457
0.7670,  0.186244
0.7675,  0.167111
0.7680,  0.150999
0.7685,  0.143103
0.7690,  0.137368
0.7695,  0.139106
0.7700,  0.134743
0.7705,  0.131692
0.7710,  0.125633
0.7715,  0.119839
0.7720,  0.118328
0.7725,  0.113093
0.7730,  0.110542
0.7735,  0.109707
0.7740,  0.109786
0.7745,  0.109961
0.7750,  0.108922
0.7755,  0.112242
0.7760,  0.110250
0.7765,  0.108791
0.7770,  0.111674
0.7775,  0.110329
0.7780,  0.113073
0.7785,  0.110457
0.7790,  0.107306
0.7795,  0.104966
0.7800,  0.107231
0.7805,  0.104562
0.7810,  0.106539
0.7815,  0.104803
0.7820,  0.098662
0.7825,  0.099730
0.7830,  0.104208
0.7835,  0.103562
0.7840,  0.100202
0.7845,  0.100995
0.7850,  0.101684
0.7855,  0.099215
0.7860,  0.098032
0.7865,  0.102730
0.7870,  0.108671
0.7875,  0.111227
0.7880,  0.120120
0.7885,  0.124125
0.7890,  0.124933
0.7895,  0.121666
0.7900,  0.116091
0.7905,  0.111710
0.7910,  0.114738
0.7915,  0.121533
0.7920,  0.130034
0.7925,  0.130491
0.7930,  0.130219
0.7935,  0.121490
0.7940,  0.112304
0.7945,  0.104332
0.7950,  0.100426
0.7955,  0.107205
0.7960,  0.113285
0.7965,  0.113884
0.7970,  0.117870
0.7975,  0.116933
0.7980,  0.120612
0.7985,  0.125938
0.7990,  0.125001
0.7995,  0.125601
0.8000,  0.128001
0.8005,  0.129890
0.8010,  0.130889
0.8015,  0.126895
0.8020,  0.122415
0.8025,  0.123890
0.8030,  0.126222
0.8035,  0.126860
0.8040,  0.119064
0.8045,  0.117974
0.8050,  0.117330
0.8055,  0.114866
0.8060,  0.111766
0.8065,  0.106712
0.8070,  0.106445
0.8075,  0.107437
0.8080,  0.110077
0.8085,  0.115471
0.8090,  0.113965
0.8095,  0.115802
0.8100,  0.116716
0.8105,  0.121785
0.8110,  0.128897
0.8115,  0.130811
0.8120,  0.139054
0.8125,  0.153143
0.8130,  0.169244
0.8135,  0.187661
0.8140,  0.204194
0.8145,  0.221965
0.8150,  0.246017
0.8155,  0.256848
0.8160,  0.259791
0.8165,  0.268598
0.8170,  0.278566
0.8175,  0.277406
0.8180,  0.269073
0.8185,  0.249270
0.8190,  0.219768
0.8195,  0.208560
0.8200,  0.203583
0.8205,  0.194366
0.8210,  0.202305
0.8215,  0.218999
0.8220,  0.249914
0.8225,  0.273374
0.8230,  0.262836
0.8235,  0.240027
0.8240,  0.213457
0.8245,  0.189239
0.8250,  0.177211
0.8255,  0.178193
0.8260,  0.183466
0.8265,  0.189093
0.8270,  0.201987
0.8275,  0.213944
0.8280,  0.225439
0.8285,  0.208919
0.8290,  0.196472
0.8295,  0.193137
0.8300,  0.191208
0.8305,  0.186224
0.8310,  0.165818
0.8315,  0.165559
0.8320,  0.167688
0.8325,  0.171249
0.8330,  0.165957
0.8335,  0.162931
0.8340,  0.159332
0.8345,  0.155354
0.8350,  0.146005
0.8355,  0.135569
0.8360,  0.132856
0.8365,  0.127351
0.8370,  0.128646
0.8375,  0.135948
0.8380,  0.128972
0.8385,  0.129594
0.8390,  0.108862
0.8395,  0.094789
0.8400,  0.092988
0.8405,  0.098905
0.8410,  0.099181
0.8415,  0.097563
0.8420,  0.090963
0.8425,  0.089217
0.8430,  0.096445
0.8435,  0.096404
0.8440,  0.091137
0.8445,  0.085277
0.8450,  0.075733
0.8455,  0.067659
0.8460,  0.067319
0.8465,  0.070207
0.8470,  0.076865
0.8475,  0.082890
0.8480,  0.096423
0.8485,  0.094980
0.8490,  0.087361
0.8495,  0.078872
0.8500,  0.063548
0.8505,  0.066198
0.8510,  0.062551
0.8515,  0.070511
0.8520,  0.078916
0.8525,  0.064356
0.8530,  0.077492
0.8535,  0.080885
0.8540,  0.056049
0.8545,  0.070144
0.8550,  0.072507
0.8555,  0.076099
0.8560,  0.078034
0.8565,  0.070956
0.8570,  0.062230
0.8575,  0.063205
0.8580,  0.072838
0.8585,  0.076480
0.8590,  0.080524
0.8595,  0.089070
0.8600,  0.094803
0.8605,  0.090847
0.8610,  0.086261
0.8615,  0.079894
0.8620,  0.074771
0.8625,  0.070579
0.8630,  0.068651
0.8635,  0.066038
0.8640,  0.075745
0.8645,  0.063941
0.8650,  0.062486
0.8655,  0.065568
0.8660,  0.052420
0.8665,  0.060590
0.8670,  0.061039
0.8675,  0.058164
0.8680,  0.053685
0.8685,  0.045867
0.8690,  0.043222
0.8695,  0.056619
0.8700,  0.058038
0.8705,  0.066610
0.8710,  0.082273
0.8715,  0.084621
0.8720,  0.092227
0.8725,  0.089576
0.8730,  0.087070
0.8735,  0.075891
0.8740,  0.071990
0.8745,  0.075648
0.8750,  0.073690
0.8755,  0.084689
0.8760,  0.093687
0.8765,  0.092711
0.8770,  0.101316
0.8775,  0.097068
0.8780,  0.080747
0.8785,  0.075196
0.8790,  0.060096
0.8795,  0.054620
0.8800,  0.060184
0.8805,  0.068634
0.8810,  0.065478
0.8815,  0.060941
0.8820,  0.064127
0.8825,  0.070664
0.8830,  0.086719
0.8835,  0.084590
0.8840,  0.076490
0.8845,  0.053531
0.8850,  0.037599
0.8855,  0.045191
0.8860,  0.062636
0.8865,  0.069430
0.8870,  0.073617
0.8875,  0.074407
0.8880,  0.070161
0.8885,  0.061634
0.8890,  0.056268
0.8895,  0.065495
0.8900,  0.062546
