0.3500,  0.492065
0.3505,  0.544675
0.3510,  0.503879
0.3515,  0.461256
0.3520,  0.418081
0.3525,  0.372160
0.3530,  0.405464
0.3535,  0.439904
0.3540,  0.465019
0.3545,  0.504289
0.3550,  0.488702
0.3555,  0.472001
0.3560,  0.437941
0.3565,  0.405798
0.3570,  0.379492
0.3575,  0.343798
0.3580,  0.298892
0.3585,  0.246442
0.3590,  0.392870
0.3595,  0.518255
0.3600,  0.499241
0.3605,  0.479233
0.3610,  0.422708
0.3615,  0.372548
0.3620,  0.415444
0.3625,  0.454801
0.3630,  0.448584
0.3635,  0.437337
0.3640,  0.419002
0.3645,  0.402313
0.3650,  0.432498
0.3655,  0.462452
0.3660,  0.467492
0.3665,  0.471881
0.3670,  0.436521
0.3675,  0.406916
0.3680,  0.369124
0.3685,  0.331742
0.3690,  0.368206
0.3695,  0.406717
0.3700,  0.373081
0.3705,  0.339233
0.3710,  0.357810
0.3715,  0.384140
0.3720,  0.362569
0.3725,  0.340665
0.3730,  0.313904
0.3735,  0.283909
0.3740,  0.300147
0.3745,  0.301419
0.3750,  0.368364
0.3755,  0.428901
0.3760,  0.422491
0.3765,  0.399402
0.3770,  0.437957
0.3775,  0.476954
0.3780,  0.469187
0.3785,  0.470824
0.3790,  0.376175
0.3795,  0.270789
0.3800,  0.320712
0.3805,  0.378885
0.3810,  0.357585
0.3815,  0.346693
0.3820,  0.271939
0.3825,  0.181651
0.3830,  0.168808
0.3835,  0.137948
0.3840,  0.303617
0.3845,  0.424307
0.3850,  0.431428
0.3855,  0.441128
0.3860,  0.426785
0.3865,  0.418278
0.3870,  0.412558
0.3875,  0.402119
0.3880,  0.379411
0.3885,  0.351482
0.3890,  0.403863
0.3895,  0.437229
0.3900,  0.423537
0.3905,  0.417607
0.3910,  0.423037
0.3915,  0.443375
0.3920,  0.350856
0.3925,  0.257347
0.3930,  0.098044
0.3935,  -0.126439
0.3940,  0.162125
0.3945,  0.365635
0.3950,  0.468138
0.3955,  0.559442
0.3960,  0.401381
0.3965,  0.207762
0.3970,  0.229478
0.3975,  0.219989
0.3980,  0.392154
0.3985,  0.504186
0.3990,  0.471647
0.3995,  0.451723
0.4000,  0.411674
0.4005,  0.376277
0.4010,  0.358887
0.4015,  0.350028
0.4020,  0.334003
0.4025,  0.323700
0.4030,  0.299933
0.4035,  0.275725
0.4040,  0.269392
0.4045,  0.267890
0.4050,  0.268067
0.4055,  0.270069
0.4060,  0.255159
0.4065,  0.240660
0.4070,  0.252779
0.4075,  0.259722
0.4080,  0.284093
0.4085,  0.309107
0.4090,  0.302371
0.4095,  0.299501
0.4100,  0.258894
0.4105,  0.209189
0.4110,  0.273987
0.4115,  0.328159
0.4120,  0.305667
0.4125,  0.284180
0.4130,  0.269402
0.4135,  0.257208
0.4140,  0.250553
0.4145,  0.241931
0.4150,  0.236409
0.4155,  0.235738
0.4160,  0.262574
0.4165,  0.293312
0.4170,  0.260892
0.4175,  0.224699
0.4180,  0.234062
0.4185,  0.240975
0.4190,  0.246485
0.4195,  0.244235
0.4200,  0.255205
0.4205,  0.266592
0.4210,  0.269273
0.4215,  0.277371
0.4220,  0.229986
0.4225,  0.179457
0.4230,  0.214205
0.4235,  0.250231
0.4240,  0.262696
0.4245,  0.285816
0.4250,  0.279025
0.4255,  0.262519
0.4260,  0.261360
0.4265,  0.264332
0.4270,  0.232382
0.4275,  0.199940
0.4280,  0.211911
0.4285,  0.228167
0.4290,  0.214726
0.4295,  0.202382
0.4300,  0.122933
0.4305,  0.026555
0.4310,  0.216785
0.4315,  0.362536
0.4320,  0.331685
0.4325,  0.301359
0.4330,  0.302448
0.4335,  0.303241
0.4340,  0.270532
0.4345,  0.242134
0.4350,  0.238883
0.4355,  0.235906
0.4360,  0.271544
0.4365,  0.306579
0.4370,  0.274958
0.4375,  0.250857
0.4380,  0.206709
0.4385,  0.154063
0.4390,  0.221171
0.4395,  0.280148
0.4400,  0.249031
0.4405,  0.211669
0.4410,  0.248126
0.4415,  0.281806
0.4420,  0.279221
0.4425,  0.278183
0.4430,  0.255205
0.4435,  0.234794
0.4440,  0.246318
0.4445,  0.259977
0.4450,  0.229185
0.4455,  0.196185
0.4460,  0.214293
0.4465,  0.225520
0.4470,  0.257579
0.4475,  0.286902
0.4480,  0.256453
0.4485,  0.227065
0.4490,  0.227142
0.4495,  0.226231
0.4500,  0.238352
0.4505,  0.254180
0.4510,  0.245421
0.4515,  0.243087
0.4520,  0.215609
0.4525,  0.189522
0.4530,  0.201663
0.4535,  0.211682
0.4540,  0.215904
0.4545,  0.217799
0.4550,  0.223940
0.4555,  0.229828
0.4560,  0.232742
0.4565,  0.236183
0.4570,  0.236833
0.4575,  0.242997
0.4580,  0.220294
0.4585,  0.196545
0.4590,  0.207916
0.4595,  0.216178
0.4600,  0.222001
0.4605,  0.227260
0.4610,  0.228785
0.4615,  0.227794
0.4620,  0.231906
0.4625,  0.239800
0.4630,  0.227370
0.4635,  0.217773
0.4640,  0.206662
0.4645,  0.197838
0.4650,  0.217784
0.4655,  0.240213
0.4660,  0.218586
0.4665,  0.197893
0.4670,  0.223059
0.4675,  0.242109
0.4680,  0.237420
0.4685,  0.233350
0.4690,  0.237556
0.4695,  0.240776
0.4700,  0.219690
0.4705,  0.192262
0.4710,  0.220269
0.4715,  0.249116
0.4720,  0.245687
0.4725,  0.246455
0.4730,  0.233296
0.4735,  0.220997
0.4740,  0.229697
0.4745,  0.240929
0.4750,  0.234836
0.4755,  0.228819
0.4760,  0.216510
0.4765,  0.204840
0.4770,  0.228292
0.4775,  0.248479
0.4780,  0.230928
0.4785,  0.215358
0.4790,  0.229766
0.4795,  0.240084
0.4800,  0.228260
0.4805,  0.220726
0.4810,  0.232111
0.4815,  0.241869
0.4820,  0.226912
0.4825,  0.217970
0.4830,  0.219020
0.4835,  0.221828
0.4840,  0.218087
0.4845,  0.219281
0.4850,  0.204997
0.4855,  0.192523
0.4860,  0.162125
0.4865,  0.119387
0.4870,  0.170379
0.4875,  0.212972
0.4880,  0.225001
0.4885,  0.234520
0.4890,  0.233932
0.4895,  0.234075
0.4900,  0.235410
0.4905,  0.241473
0.4910,  0.217809
0.4915,  0.194843
0.4920,  0.196964
0.4925,  0.195779
0.4930,  0.190974
0.4935,  0.181759
0.4940,  0.212326
0.4945,  0.242328
0.4950,  0.211338
0.4955,  0.179912
0.4960,  0.198309
0.4965,  0.216989
0.4970,  0.218792
0.4975,  0.222052
0.4980,  0.192129
0.4985,  0.161455
0.4990,  0.188105
0.4995,  0.212476
0.5000,  0.190290
0.5005,  0.168993
0.5010,  0.163969
0.5015,  0.156739
0.5020,  0.176313
0.5025,  0.194459
0.5030,  0.202995
0.5035,  0.210358
0.5040,  0.196691
0.5045,  0.179339
0.5050,  0.200204
0.5055,  0.219667
0.5060,  0.207518
0.5065,  0.197446
0.5070,  0.186213
0.5075,  0.175333
0.5080,  0.177291
0.5085,  0.179764
0.5090,  0.179390
0.5095,  0.178168
0.5100,  0.183644
0.5105,  0.188303
0.5110,  0.197935
0.5115,  0.208081
0.5120,  0.183026
0.5125,  0.158653
0.5130,  0.163280
0.5135,  0.165307
0.5140,  0.171947
0.5145,  0.175218
0.5150,  0.182824
0.5155,  0.197573
0.5160,  0.160027
0.5165,  0.121156
0.5170,  0.149185
0.5175,  0.172840
0.5180,  0.157652
0.5185,  0.134044
0.5190,  0.167652
0.5195,  0.199487
0.5200,  0.189795
0.5205,  0.179592
0.5210,  0.189050
0.5215,  0.200167
0.5220,  0.177658
0.5225,  0.154823
0.5230,  0.166402
0.5235,  0.175957
0.5240,  0.184519
0.5245,  0.195767
0.5250,  0.192888
0.5255,  0.194562
0.5260,  0.147572
0.5265,  0.095336
0.5270,  0.136608
0.5275,  0.168294
0.5280,  0.175077
0.5285,  0.181157
0.5290,  0.176909
0.5295,  0.173623
0.5300,  0.175852
0.5305,  0.181202
0.5310,  0.182898
0.5315,  0.189481
0.5320,  0.152982
0.5325,  0.113701
0.5330,  0.153601
0.5335,  0.189127
0.5340,  0.171594
0.5345,  0.151672
0.5350,  0.175847
0.5355,  0.200197
0.5360,  0.174334
0.5365,  0.149802
0.5370,  0.154107
0.5375,  0.159603
0.5380,  0.168677
0.5385,  0.178058
0.5390,  0.167939
0.5395,  0.157158
0.5400,  0.146436
0.5405,  0.134398
0.5410,  0.159987
0.5415,  0.182205
0.5420,  0.166778
0.5425,  0.152197
0.5430,  0.162382
0.5435,  0.170424
0.5440,  0.167746
0.5445,  0.167985
0.5450,  0.174448
0.5455,  0.180313
0.5460,  0.177019
0.5465,  0.173889
0.5470,  0.164820
0.5475,  0.154794
0.5480,  0.161547
0.5485,  0.165260
0.5490,  0.168685
0.5495,  0.173891
0.5500,  0.166107
0.5505,  0.159674
0.5510,  0.162096
0.5515,  0.164891
0.5520,  0.161370
0.5525,  0.156741
0.5530,  0.164707
0.5535,  0.172406
0.5540,  0.174346
0.5545,  0.174708
0.5550,  0.174196
0.5555,  0.175437
0.5560,  0.162197
0.5565,  0.150519
0.5570,  0.160206
0.5575,  0.169935
0.5580,  0.160091
0.5585,  0.152167
0.5590,  0.159289
0.5595,  0.165932
0.5600,  0.171109
0.5605,  0.175550
0.5610,  0.168508
0.5615,  0.162411
0.5620,  0.166248
0.5625,  0.171893
0.5630,  0.175324
0.5635,  0.178557
0.5640,  0.179518
0.5645,  0.180546
0.5650,  0.171688
0.5655,  0.160905
0.5660,  0.167441
0.5665,  0.174239
0.5670,  0.187863
0.5675,  0.202636
0.5680,  0.187401
0.5685,  0.171418
0.5690,  0.183807
0.5695,  0.196950
0.5700,  0.179025
0.5705,  0.158663
0.5710,  0.169106
0.5715,  0.176201
0.5720,  0.184814
0.5725,  0.195742
0.5730,  0.189740
0.5735,  0.187022
0.5740,  0.185351
0.5745,  0.184691
0.5750,  0.177892
0.5755,  0.168086
0.5760,  0.170754
0.5765,  0.174992
0.5770,  0.178337
0.5775,  0.183581
0.5780,  0.168642
0.5785,  0.152019
0.5790,  0.161347
0.5795,  0.167946
0.5800,  0.168428
0.5805,  0.168633
0.5810,  0.168217
0.5815,  0.169869
0.5820,  0.172638
0.5825,  0.175077
0.5830,  0.169444
0.5835,  0.165538
0.5840,  0.166781
0.5845,  0.172755
0.5850,  0.162055
0.5855,  0.149259
0.5860,  0.164618
0.5865,  0.180814
0.5870,  0.191865
0.5875,  0.206272
0.5880,  0.200544
0.5885,  0.192898
0.5890,  0.168287
0.5895,  0.134362
0.5900,  0.182176
0.5905,  0.224979
0.5910,  0.213899
0.5915,  0.203547
0.5920,  0.204007
0.5925,  0.204465
0.5930,  0.199063
0.5935,  0.199151
0.5940,  0.199059
0.5945,  0.195878
0.5950,  0.199377
0.5955,  0.199857
0.5960,  0.200484
0.5965,  0.200776
0.5970,  0.191888
0.5975,  0.184349
0.5980,  0.178493
0.5985,  0.173651
0.5990,  0.181549
0.5995,  0.188451
0.6000,  0.185686
0.6005,  0.182732
0.6010,  0.184881
0.6015,  0.182897
0.6020,  0.169256
0.6025,  0.155719
0.6030,  0.168369
0.6035,  0.183192
0.6040,  0.182647
0.6045,  0.185176
0.6050,  0.184682
0.6055,  0.182075
0.6060,  0.179629
0.6065,  0.177578
0.6070,  0.178301
0.6075,  0.178959
0.6080,  0.178790
0.6085,  0.180739
0.6090,  0.187123
0.6095,  0.190927
0.6100,  0.180892
0.6105,  0.168379
0.6110,  0.178360
0.6115,  0.190350
0.6120,  0.182521
0.6125,  0.176597
0.6130,  0.175556
0.6135,  0.173344
0.6140,  0.182887
0.6145,  0.195035
0.6150,  0.198733
0.6155,  0.200514
0.6160,  0.175486
0.6165,  0.145369
0.6170,  0.167293
0.6175,  0.189861
0.6180,  0.194838
0.6185,  0.199452
0.6190,  0.196257
0.6195,  0.191197
0.6200,  0.197659
0.6205,  0.203030
0.6210,  0.191486
0.6215,  0.181028
0.6220,  0.189964
0.6225,  0.200864
0.6230,  0.193735
0.6235,  0.187787
0.6240,  0.192080
0.6245,  0.194585
0.6250,  0.191211
0.6255,  0.184756
0.6260,  0.197874
0.6265,  0.213285
0.6270,  0.216989
0.6275,  0.219149
0.6280,  0.224084
0.6285,  0.229977
0.6290,  0.230306
0.6295,  0.227812
0.6300,  0.221348
0.6305,  0.214100
0.6310,  0.207236
0.6315,  0.205340
0.6320,  0.202885
0.6325,  0.200305
0.6330,  0.200223
0.6335,  0.201380
0.6340,  0.203816
0.6345,  0.206896
0.6350,  0.208410
0.6355,  0.209610
0.6360,  0.206031
0.6365,  0.202607
0.6370,  0.197434
0.6375,  0.193216
0.6380,  0.192022
0.6385,  0.195249
0.6390,  0.199548
0.6395,  0.198761
0.6400,  0.198464
0.6405,  0.198436
0.6410,  0.198262
0.6415,  0.199470
0.6420,  0.197939
0.6425,  0.195913
0.6430,  0.194541
0.6435,  0.193616
0.6440,  0.196831
0.6445,  0.203933
0.6450,  0.212751
0.6455,  0.218875
0.6460,  0.225160
0.6465,  0.228461
0.6470,  0.228260
0.6475,  0.225822
0.6480,  0.224190
0.6485,  0.222002
0.6490,  0.217649
0.6495,  0.218461
0.6500,  0.218437
0.6505,  0.221316
0.6510,  0.227972
0.6515,  0.225183
0.6520,  0.221876
0.6525,  0.218056
0.6530,  0.216689
0.6535,  0.209116
0.6540,  0.207043
0.6545,  0.214181
0.6550,  0.228404
0.6555,  0.231988
0.6560,  0.224947
0.6565,  0.199203
0.6570,  0.161624
0.6575,  0.168015
0.6580,  0.176862
0.6585,  0.190472
0.6590,  0.204320
0.6595,  0.198901
0.6600,  0.195550
0.6605,  0.192669
0.6610,  0.191934
0.6615,  0.187595
0.6620,  0.185075
0.6625,  0.186781
0.6630,  0.186956
0.6635,  0.189744
0.6640,  0.190844
0.6645,  0.191429
0.6650,  0.192528
0.6655,  0.191135
0.6660,  0.187299
0.6665,  0.183744
0.6670,  0.180985
0.6675,  0.185127
0.6680,  0.187867
0.6685,  0.189717
0.6690,  0.190824
0.6695,  0.189027
0.6700,  0.184988
0.6705,  0.180327
0.6710,  0.177943
0.6715,  0.180615
0.6720,  0.182470
0.6725,  0.186118
0.6730,  0.187080
0.6735,  0.185611
0.6740,  0.189161
0.6745,  0.190924
0.6750,  0.189371
0.6755,  0.189971
0.6760,  0.190119
0.6765,  0.189284
0.6770,  0.190338
0.6775,  0.191113
0.6780,  0.191587
0.6785,  0.190542
0.6790,  0.190103
0.6795,  0.191670
0.6800,  0.193090
0.6805,  0.194582
0.6810,  0.194313
0.6815,  0.197444
0.6820,  0.197965
0.6825,  0.198644
0.6830,  0.200414
0.6835,  0.197899
0.6840,  0.193112
0.6845,  0.196195
0.6850,  0.202955
0.6855,  0.227396
0.6860,  0.266540
0.6865,  0.308938
0.6870,  0.337129
0.6875,  0.346957
0.6880,  0.343208
0.6885,  0.334546
0.6890,  0.326423
0.6895,  0.315555
0.6900,  0.302787
0.6905,  0.294533
0.6910,  0.290557
0.6915,  0.288184
0.6920,  0.287629
0.6925,  0.290744
0.6930,  0.298475
0.6935,  0.302551
0.6940,  0.302902
0.6945,  0.294941
0.6950,  0.287939
0.6955,  0.275617
0.6960,  0.263669
0.6965,  0.257634
0.6970,  0.256239
0.6975,  0.261801
0.6980,  0.268914
0.6985,  0.280061
0.6990,  0.288606
0.6995,  0.290212
0.7000,  0.288092
0.7005,  0.289961
0.7010,  0.283387
0.7015,  0.282456
0.7020,  0.274909
0.7025,  0.268358
0.7030,  0.265898
0.7035,  0.265711
0.7040,  0.269405
0.7045,  0.276119
0.7050,  0.282446
0.7055,  0.283378
0.7060,  0.283956
0.7065,  0.283770
0.7070,  0.277914
0.7075,  0.270393
0.7080,  0.263101
0.7085,  0.257956
0.7090,  0.252665
0.7095,  0.249683
0.7100,  0.248874
0.7105,  0.250256
0.7110,  0.255890
0.7115,  0.259785
0.7120,  0.262400
0.7125,  0.263931
0.7130,  0.263440
0.7135,  0.266196
0.7140,  0.269094
0.7145,  0.272027
0.7150,  0.281955
0.7155,  0.301624
0.7160,  0.339551
0.7165,  0.378269
0.7170,  0.420155
0.7175,  0.457305
0.7180,  0.495561
0.7185,  0.526552
0.7190,  0.537748
0.7195,  0.539857
0.7200,  0.522546
0.7205,  0.488298
0.7210,  0.450814
0.7215,  0.421475
0.7220,  0.412132
0.7225,  0.426011
0.7230,  0.448269
0.7235,  0.472392
0.7240,  0.487673
0.7245,  0.493158
0.7250,  0.499288
0.7255,  0.500830
0.7260,  0.500887
0.7265,  0.499903
0.7270,  0.504206
0.7275,  0.491459
0.7280,  0.482997
0.7285,  0.473689
0.7290,  0.463114
0.7295,  0.454292
0.7300,  0.447170
0.7305,  0.440889
0.7310,  0.440966
0.7315,  0.428314
0.7320,  0.411682
0.7325,  0.394490
0.7330,  0.370297
0.7335,  0.352749
0.7340,  0.339741
0.7345,  0.333731
0.7350,  0.333817
0.7355,  0.338904
0.7360,  0.338448
0.7365,  0.337551
0.7370,  0.335314
0.7375,  0.330833
0.7380,  0.326980
0.7385,  0.328691
0.7390,  0.320715
0.7395,  0.314555
0.7400,  0.306275
0.7405,  0.302426
0.7410,  0.297134
0.7415,  0.295930
0.7420,  0.293952
0.7425,  0.291268
0.7430,  0.289350
0.7435,  0.278953
0.7440,  0.276137
0.7445,  0.278613
0.7450,  0.281103
0.7455,  0.284850
0.7460,  0.284109
0.7465,  0.275330
0.7470,  0.269950
0.7475,  0.262941
0.7480,  0.261668
0.7485,  0.264153
0.7490,  0.268816
0.7495,  0.278227
0.7500,  0.286281
0.7505,  0.290835
0.7510,  0.292553
0.7515,  0.287342
0.7520,  0.283686
0.7525,  0.274900
0.7530,  0.265738
0.7535,  0.262147
0.7540,  0.262531
0.7545,  0.265332
0.7550,  0.262903
0.7555,  0.266293
0.7560,  0.270424
0.7565,  0.273913
0.7570,  0.280058
0.7575,  0.292448
0.7580,  0.325678
0.7585,  0.391605
0.7590,  0.512003
0.7595,  0.677071
0.7600,  0.847808
0.7605,  0.968670
0.7610,  1.015893
0.7615,  0.995730
0.7620,  0.983393
0.7625,  0.983809
0.7630,  0.982344
0.7635,  0.952526
0.7640,  0.884968
0.7645,  0.796015
0.7650,  0.710287
0.7655,  0.620433
0.7660,  0.538334
0.7665,  0.470790
0.7670,  0.416511
0.7675,  0.387402
0.7680,  0.372740
0.7685,  0.357494
0.7690,  0.345917
0.7695,  0.339316
0.7700,  0.329716
0.7705,  0.319099
0.7710,  0.309455
0.7715,  0.304477
0.7720,  0.298998
0.7725,  0.292739
0.7730,  0.291458
0.7735,  0.292928
0.7740,  0.299793
0.7745,  0.308128
0.7750,  0.306761
0.7755,  0.311284
0.7760,  0.310880
0.7765,  0.307978
0.7770,  0.300495
0.7775,  0.285135
0.7780,  0.279186
0.7785,  0.277340
0.7790,  0.276262
0.7795,  0.280972
0.7800,  0.289796
0.7805,  0.295994
0.7810,  0.300864
0.7815,  0.304432
0.7820,  0.311004
0.7825,  0.312013
0.7830,  0.309160
0.7835,  0.306015
0.7840,  0.301405
0.7845,  0.302757
0.7850,  0.307940
0.7855,  0.314749
0.7860,  0.325882
0.7865,  0.344986
0.7870,  0.351299
0.7875,  0.357575
0.7880,  0.361634
0.7885,  0.368201
0.7890,  0.370755
0.7895,  0.364426
0.7900,  0.350338
0.7905,  0.347245
0.7910,  0.358296
0.7915,  0.368653
0.7920,  0.374452
0.7925,  0.380951
0.7930,  0.388394
0.7935,  0.378970
0.7940,  0.361271
0.7945,  0.353439
0.7950,  0.348385
0.7955,  0.354302
0.7960,  0.359843
0.7965,  0.363239
0.7970,  0.367984
0.7975,  0.369575
0.7980,  0.364024
0.7985,  0.360322
0.7990,  0.360192
0.7995,  0.365595
0.8000,  0.376028
0.8005,  0.385471
0.8010,  0.386205
0.8015,  0.384482
0.8020,  0.382076
0.8025,  0.376036
0.8030,  0.369639
0.8035,  0.373754
0.8040,  0.379665
0.8045,  0.382872
0.8050,  0.381022
0.8055,  0.373686
0.8060,  0.372756
0.8065,  0.380915
0.8070,  0.375896
0.8075,  0.366634
0.8080,  0.364559
0.8085,  0.363682
0.8090,  0.374023
0.8095,  0.392232
0.8100,  0.413370
0.8105,  0.428661
0.8110,  0.436315
0.8115,  0.457303
0.8120,  0.480113
0.8125,  0.508782
0.8130,  0.534261
0.8135,  0.565977
0.8140,  0.609796
0.8145,  0.649431
0.8150,  0.692370
0.8155,  0.725281
0.8160,  0.736838
0.8165,  0.741669
0.8170,  0.733600
0.8175,  0.731728
0.8180,  0.727932
0.8185,  0.717727
0.8190,  0.681478
0.8195,  0.628795
0.8200,  0.579664
0.8205,  0.552489
0.8210,  0.549006
0.8215,  0.586566
0.8220,  0.649966
0.8225,  0.692189
0.8230,  0.709861
0.8235,  0.688663
0.8240,  0.632818
0.8245,  0.587638
0.8250,  0.568963
0.8255,  0.559075
0.8260,  0.555890
0.8265,  0.568343
0.8270,  0.583914
0.8275,  0.594114
0.8280,  0.610583
0.8285,  0.606514
0.8290,  0.610528
0.8295,  0.612579
0.8300,  0.602478
0.8305,  0.596094
0.8310,  0.588321
0.8315,  0.573595
0.8320,  0.559994
0.8325,  0.542042
0.8330,  0.524069
0.8335,  0.516560
0.8340,  0.506685
0.8345,  0.513691
0.8350,  0.524641
0.8355,  0.535295
0.8360,  0.533708
0.8365,  0.527037
0.8370,  0.503371
0.8375,  0.476502
0.8380,  0.464897
0.8385,  0.455933
0.8390,  0.451701
0.8395,  0.450092
0.8400,  0.453095
0.8405,  0.453539
0.8410,  0.462971
0.8415,  0.469494
0.8420,  0.467234
0.8425,  0.464157
0.8430,  0.459513
0.8435,  0.456528
0.8440,  0.446601
0.8445,  0.437756
0.8450,  0.421801
0.8455,  0.414326
0.8460,  0.418458
0.8465,  0.424783
0.8470,  0.437808
0.8475,  0.450008
0.8480,  0.463061
0.8485,  0.448958
0.8490,  0.433234
0.8495,  0.432547
0.8500,  0.428816
0.8505,  0.431529
0.8510,  0.433710
0.8515,  0.452504
0.8520,  0.485720
0.8525,  0.488401
0.8530,  0.508424
0.8535,  0.531236
0.8540,  0.512647
0.8545,  0.522393
0.8550,  0.503694
0.8555,  0.487994
0.8560,  0.473381
0.8565,  0.450823
0.8570,  0.442971
0.8575,  0.455572
0.8580,  0.492872
0.8585,  0.507431
0.8590,  0.515677
0.8595,  0.507021
0.8600,  0.495698
0.8605,  0.497910
0.8610,  0.485922
0.8615,  0.475872
0.8620,  0.469370
0.8625,  0.471810
0.8630,  0.480128
0.8635,  0.492967
0.8640,  0.528856
0.8645,  0.532129
0.8650,  0.547331
0.8655,  0.563021
0.8660,  0.543034
0.8665,  0.520858
0.8670,  0.495195
0.8675,  0.476211
0.8680,  0.468819
0.8685,  0.474414
0.8690,  0.506204
0.8695,  0.535394
0.8700,  0.550065
0.8705,  0.559759
0.8710,  0.561377
0.8715,  0.558364
0.8720,  0.532440
0.8725,  0.520985
0.8730,  0.512021
0.8735,  0.505540
0.8740,  0.516252
0.8745,  0.532650
0.8750,  0.566848
0.8755,  0.575787
0.8760,  0.576399
0.8765,  0.595709
0.8770,  0.604211
0.8775,  0.592952
0.8780,  0.578367
0.8785,  0.585497
0.8790,  0.570468
0.8795,  0.571085
0.8800,  0.574904
0.8805,  0.588336
0.8810,  0.598218
0.8815,  0.613566
0.8820,  0.640384
0.8825,  0.646962
0.8830,  0.653265
0.8835,  0.617989
0.8840,  0.597720
0.8845,  0.605750
0.8850,  0.590977
0.8855,  0.600879
0.8860,  0.624996
0.8865,  0.645788
0.8870,  0.650731
0.8875,  0.684576
0.8880,  0.691350
0.8885,  0.692532
0.8890,  0.666908
0.8895,  0.636941
0.8900,  0.644352
