0.3500,  0.088317
0.3505,  0.144974
0.3510,  0.111347
0.3515,  0.084264
0.3520,  0.050390
0.3525,  0.014079
0.3530,  0.057016
0.3535,  0.096780
0.3540,  0.113728
0.3545,  0.132392
0.3550,  0.111330
0.3555,  0.092197
0.3560,  0.061713
0.3565,  0.029597
0.3570,  0.003751
0.3575,  -0.031754
0.3580,  -0.065975
0.3585,  -0.117735
0.3590,  0.033325
0.3595,  0.160247
0.3600,  0.143607
0.3605,  0.133754
0.3610,  0.085017
0.3615,  0.034789
0.3620,  0.072789
0.3625,  0.105336
0.3630,  0.090577
0.3635,  0.076774
0.3640,  0.074657
0.3645,  0.067503
0.3650,  0.100361
0.3655,  0.135121
0.3660,  0.148866
0.3665,  0.162454
0.3670,  0.138012
0.3675,  0.115956
0.3680,  0.088266
0.3685,  0.062032
0.3690,  0.101769
0.3695,  0.139706
0.3700,  0.110330
0.3705,  0.078929
0.3710,  0.096430
0.3715,  0.120691
0.3720,  0.091876
0.3725,  0.060710
0.3730,  0.031238
0.3735,  -0.000628
0.3740,  0.007976
0.3745,  0.012171
0.3750,  0.085353
0.3755,  0.144157
0.3760,  0.139274
0.3765,  0.122775
0.3770,  0.161170
0.3775,  0.201109
0.3780,  0.196201
0.3785,  0.195144
0.3790,  0.109561
0.3795,  0.020953
0.3800,  0.071687
0.3805,  0.124652
0.3810,  0.103189
0.3815,  0.090213
0.3820,  0.019192
0.3825,  -0.068938
0.3830,  -0.090853
0.3835,  -0.131557
0.3840,  0.010667
0.3845,  0.119410
0.3850,  0.125733
0.3855,  0.133469
0.3860,  0.121880
0.3865,  0.114775
0.3870,  0.110163
0.3875,  0.101748
0.3880,  0.081902
0.3885,  0.060952
0.3890,  0.115420
0.3895,  0.157610
0.3900,  0.156530
0.3905,  0.157592
0.3910,  0.172823
0.3915,  0.204612
0.3920,  0.129946
0.3925,  0.048941
0.3930,  -0.105345
0.3935,  -0.329980
0.3940,  -0.079727
0.3945,  0.098766
0.3950,  0.188835
0.3955,  0.273192
0.3960,  0.130051
0.3965,  -0.051180
0.3970,  -0.034160
0.3975,  -0.034140
0.3980,  0.134462
0.3985,  0.250423
0.3990,  0.237093
0.3995,  0.230729
0.4000,  0.202692
0.4005,  0.177808
0.4010,  0.167059
0.4015,  0.161930
0.4020,  0.149551
0.4025,  0.142421
0.4030,  0.123219
0.4035,  0.106121
0.4040,  0.103806
0.4045,  0.104383
0.4050,  0.106097
0.4055,  0.106408
0.4060,  0.090419
0.4065,  0.075403
0.4070,  0.085906
0.4075,  0.093164
0.4080,  0.114018
0.4085,  0.134474
0.4090,  0.128375
0.4095,  0.124453
0.4100,  0.085436
0.4105,  0.041458
0.4110,  0.105257
0.4115,  0.160654
0.4120,  0.147027
0.4125,  0.132032
0.4130,  0.119995
0.4135,  0.108656
0.4140,  0.100100
0.4145,  0.091139
0.4150,  0.087948
0.4155,  0.085682
0.4160,  0.108332
0.4165,  0.133968
0.4170,  0.102695
0.4175,  0.064856
0.4180,  0.070193
0.4185,  0.078389
0.4190,  0.085580
0.4195,  0.088567
0.4200,  0.099423
0.4205,  0.111728
0.4210,  0.117004
0.4215,  0.125127
0.4220,  0.081905
0.4225,  0.034673
0.4230,  0.069492
0.4235,  0.100792
0.4240,  0.110135
0.4245,  0.124256
0.4250,  0.111724
0.4255,  0.096220
0.4260,  0.099958
0.4265,  0.109326
0.4270,  0.086409
0.4275,  0.061945
0.4280,  0.072451
0.4285,  0.084122
0.4290,  0.072850
0.4295,  0.064244
0.4300,  -0.008712
0.4305,  -0.104015
0.4310,  0.064379
0.4315,  0.189500
0.4320,  0.160240
0.4325,  0.131586
0.4330,  0.136329
0.4335,  0.141965
0.4340,  0.121354
0.4345,  0.098193
0.4350,  0.097139
0.4355,  0.093936
0.4360,  0.127006
0.4365,  0.163747
0.4370,  0.138630
0.4375,  0.116449
0.4380,  0.071060
0.4385,  0.018874
0.4390,  0.080687
0.4395,  0.133670
0.4400,  0.105710
0.4405,  0.075152
0.4410,  0.113890
0.4415,  0.146828
0.4420,  0.147271
0.4425,  0.147141
0.4430,  0.124531
0.4435,  0.105176
0.4440,  0.114773
0.4445,  0.127297
0.4450,  0.100581
0.4455,  0.068295
0.4460,  0.080407
0.4465,  0.090057
0.4470,  0.120099
0.4475,  0.149766
0.4480,  0.127939
0.4485,  0.103482
0.4490,  0.107316
0.4495,  0.109591
0.4500,  0.123234
0.4505,  0.139128
0.4510,  0.131888
0.4515,  0.123436
0.4520,  0.094124
0.4525,  0.068109
0.4530,  0.079579
0.4535,  0.087836
0.4540,  0.092767
0.4545,  0.096155
0.4550,  0.106617
0.4555,  0.117113
0.4560,  0.122161
0.4565,  0.126969
0.4570,  0.128163
0.4575,  0.131155
0.4580,  0.107997
0.4585,  0.085172
0.4590,  0.092307
0.4595,  0.099663
0.4600,  0.106669
0.4605,  0.112605
0.4610,  0.111052
0.4615,  0.107237
0.4620,  0.114212
0.4625,  0.122792
0.4630,  0.109693
0.4635,  0.099641
0.4640,  0.093954
0.4645,  0.087712
0.4650,  0.106226
0.4655,  0.125382
0.4660,  0.104563
0.4665,  0.083967
0.4670,  0.102900
0.4675,  0.118476
0.4680,  0.115758
0.4685,  0.115768
0.4690,  0.121471
0.4695,  0.128523
0.4700,  0.112241
0.4705,  0.090798
0.4710,  0.114491
0.4715,  0.137511
0.4720,  0.134498
0.4725,  0.132647
0.4730,  0.123399
0.4735,  0.115193
0.4740,  0.124415
0.4745,  0.134402
0.4750,  0.129080
0.4755,  0.125320
0.4760,  0.116745
0.4765,  0.107537
0.4770,  0.130896
0.4775,  0.150514
0.4780,  0.132775
0.4785,  0.116708
0.4790,  0.128618
0.4795,  0.139927
0.4800,  0.131286
0.4805,  0.125556
0.4810,  0.134324
0.4815,  0.143019
0.4820,  0.130649
0.4825,  0.122769
0.4830,  0.126712
0.4835,  0.129244
0.4840,  0.128215
0.4845,  0.132067
0.4850,  0.122600
0.4855,  0.111833
0.4860,  0.081547
0.4865,  0.038917
0.4870,  0.084069
0.4875,  0.124025
0.4880,  0.134136
0.4885,  0.142238
0.4890,  0.142108
0.4895,  0.143837
0.4900,  0.147150
0.4905,  0.154684
0.4910,  0.135330
0.4915,  0.115358
0.4920,  0.117142
0.4925,  0.115680
0.4930,  0.110487
0.4935,  0.101532
0.4940,  0.129843
0.4945,  0.159236
0.4950,  0.130852
0.4955,  0.102326
0.4960,  0.121096
0.4965,  0.138946
0.4970,  0.142355
0.4975,  0.148406
0.4980,  0.122675
0.4985,  0.093125
0.4990,  0.115884
0.4995,  0.139583
0.5000,  0.123114
0.5005,  0.105773
0.5010,  0.099357
0.5015,  0.090652
0.5020,  0.106384
0.5025,  0.121863
0.5030,  0.129713
0.5035,  0.134795
0.5040,  0.119059
0.5045,  0.100459
0.5050,  0.119480
0.5055,  0.139806
0.5060,  0.131774
0.5065,  0.125958
0.5070,  0.118595
0.5075,  0.108981
0.5080,  0.111569
0.5085,  0.112675
0.5090,  0.111086
0.5095,  0.109444
0.5100,  0.113472
0.5105,  0.117574
0.5110,  0.126521
0.5115,  0.136967
0.5120,  0.116071
0.5125,  0.095911
0.5130,  0.101308
0.5135,  0.102961
0.5140,  0.108078
0.5145,  0.112731
0.5150,  0.121124
0.5155,  0.135483
0.5160,  0.102230
0.5165,  0.066089
0.5170,  0.091880
0.5175,  0.111909
0.5180,  0.094587
0.5185,  0.070259
0.5190,  0.099704
0.5195,  0.128086
0.5200,  0.119927
0.5205,  0.112361
0.5210,  0.123140
0.5215,  0.134510
0.5220,  0.115562
0.5225,  0.094351
0.5230,  0.105448
0.5235,  0.113858
0.5240,  0.122450
0.5245,  0.134043
0.5250,  0.132226
0.5255,  0.134174
0.5260,  0.092285
0.5265,  0.043861
0.5270,  0.079264
0.5275,  0.105257
0.5280,  0.109382
0.5285,  0.114510
0.5290,  0.112776
0.5295,  0.110742
0.5300,  0.112093
0.5305,  0.115940
0.5310,  0.118720
0.5315,  0.125810
0.5320,  0.094636
0.5325,  0.059243
0.5330,  0.094886
0.5335,  0.125694
0.5340,  0.109491
0.5345,  0.092138
0.5350,  0.114842
0.5355,  0.138252
0.5360,  0.115713
0.5365,  0.094582
0.5370,  0.098502
0.5375,  0.102086
0.5380,  0.109446
0.5385,  0.117620
0.5390,  0.107527
0.5395,  0.098631
0.5400,  0.089310
0.5405,  0.077640
0.5410,  0.100593
0.5415,  0.121417
0.5420,  0.107450
0.5425,  0.093709
0.5430,  0.103515
0.5435,  0.111385
0.5440,  0.109422
0.5445,  0.108018
0.5450,  0.112095
0.5455,  0.115651
0.5460,  0.112658
0.5465,  0.110802
0.5470,  0.103419
0.5475,  0.094591
0.5480,  0.099335
0.5485,  0.103095
0.5490,  0.108873
0.5495,  0.115037
0.5500,  0.107255
0.5505,  0.100262
0.5510,  0.102012
0.5515,  0.104799
0.5520,  0.102400
0.5525,  0.098815
0.5530,  0.106660
0.5535,  0.114047
0.5540,  0.116869
0.5545,  0.118360
0.5550,  0.119370
0.5555,  0.122861
0.5560,  0.110578
0.5565,  0.098542
0.5570,  0.106975
0.5575,  0.117236
0.5580,  0.111456
0.5585,  0.102104
0.5590,  0.105690
0.5595,  0.108288
0.5600,  0.111113
0.5605,  0.114988
0.5610,  0.110427
0.5615,  0.106405
0.5620,  0.110993
0.5625,  0.115823
0.5630,  0.120306
0.5635,  0.124563
0.5640,  0.123813
0.5645,  0.123285
0.5650,  0.115213
0.5655,  0.103983
0.5660,  0.108801
0.5665,  0.114914
0.5670,  0.127474
0.5675,  0.140184
0.5680,  0.124819
0.5685,  0.108952
0.5690,  0.121202
0.5695,  0.134159
0.5700,  0.117697
0.5705,  0.097841
0.5710,  0.105807
0.5715,  0.109708
0.5720,  0.117844
0.5725,  0.127525
0.5730,  0.122628
0.5735,  0.120953
0.5740,  0.121254
0.5745,  0.121500
0.5750,  0.114458
0.5755,  0.105906
0.5760,  0.108766
0.5765,  0.113317
0.5770,  0.115881
0.5775,  0.120480
0.5780,  0.108007
0.5785,  0.091507
0.5790,  0.098878
0.5795,  0.104161
0.5800,  0.102927
0.5805,  0.103694
0.5810,  0.104304
0.5815,  0.106157
0.5820,  0.110439
0.5825,  0.113454
0.5830,  0.109016
0.5835,  0.105645
0.5840,  0.107601
0.5845,  0.112811
0.5850,  0.101027
0.5855,  0.085798
0.5860,  0.097372
0.5865,  0.110357
0.5870,  0.120232
0.5875,  0.134949
0.5880,  0.128216
0.5885,  0.119241
0.5890,  0.092374
0.5895,  0.058037
0.5900,  0.100581
0.5905,  0.140130
0.5910,  0.130189
0.5915,  0.119894
0.5920,  0.119250
0.5925,  0.119907
0.5930,  0.116633
0.5935,  0.117450
0.5940,  0.115059
0.5945,  0.110608
0.5950,  0.113467
0.5955,  0.115021
0.5960,  0.118505
0.5965,  0.120949
0.5970,  0.114048
0.5975,  0.111543
0.5980,  0.108035
0.5985,  0.105681
0.5990,  0.112282
0.5995,  0.118818
0.6000,  0.115471
0.6005,  0.111950
0.6010,  0.114466
0.6015,  0.114003
0.6020,  0.103569
0.6025,  0.092974
0.6030,  0.105183
0.6035,  0.117846
0.6040,  0.116142
0.6045,  0.113643
0.6050,  0.110927
0.6055,  0.108033
0.6060,  0.105970
0.6065,  0.105255
0.6070,  0.107732
0.6075,  0.110897
0.6080,  0.111560
0.6085,  0.111657
0.6090,  0.114778
0.6095,  0.115729
0.6100,  0.106343
0.6105,  0.096659
0.6110,  0.105123
0.6115,  0.115983
0.6120,  0.110488
0.6125,  0.105592
0.6130,  0.104811
0.6135,  0.103144
0.6140,  0.111150
0.6145,  0.121849
0.6150,  0.126340
0.6155,  0.128486
0.6160,  0.104703
0.6165,  0.077394
0.6170,  0.098112
0.6175,  0.118636
0.6180,  0.123762
0.6185,  0.127346
0.6190,  0.124390
0.6195,  0.119365
0.6200,  0.123919
0.6205,  0.129231
0.6210,  0.119543
0.6215,  0.109554
0.6220,  0.116405
0.6225,  0.126156
0.6230,  0.119670
0.6235,  0.115256
0.6240,  0.118444
0.6245,  0.117209
0.6250,  0.108808
0.6255,  0.101093
0.6260,  0.115471
0.6265,  0.129796
0.6270,  0.130989
0.6275,  0.133855
0.6280,  0.135712
0.6285,  0.139074
0.6290,  0.138633
0.6295,  0.137093
0.6300,  0.132421
0.6305,  0.125808
0.6310,  0.120000
0.6315,  0.116975
0.6320,  0.114995
0.6325,  0.118005
0.6330,  0.121074
0.6335,  0.123331
0.6340,  0.125712
0.6345,  0.127247
0.6350,  0.128783
0.6355,  0.129325
0.6360,  0.128411
0.6365,  0.121828
0.6370,  0.118704
0.6375,  0.117446
0.6380,  0.119360
0.6385,  0.121821
0.6390,  0.124834
0.6395,  0.124863
0.6400,  0.123793
0.6405,  0.119338
0.6410,  0.114189
0.6415,  0.113170
0.6420,  0.109556
0.6425,  0.107710
0.6430,  0.105993
0.6435,  0.105242
0.6440,  0.107124
0.6445,  0.114544
0.6450,  0.121775
0.6455,  0.122692
0.6460,  0.123493
0.6465,  0.125165
0.6470,  0.125794
0.6475,  0.122839
0.6480,  0.120851
0.6485,  0.116957
0.6490,  0.112086
0.6495,  0.116820
0.6500,  0.121700
0.6505,  0.129087
0.6510,  0.136058
0.6515,  0.133047
0.6520,  0.131976
0.6525,  0.128411
0.6530,  0.125972
0.6535,  0.119205
0.6540,  0.118923
0.6545,  0.124814
0.6550,  0.135256
0.6555,  0.133786
0.6560,  0.119112
0.6565,  0.093460
0.6570,  0.060856
0.6575,  0.069864
0.6580,  0.081141
0.6585,  0.094605
0.6590,  0.108575
0.6595,  0.103602
0.6600,  0.099311
0.6605,  0.097562
0.6610,  0.097407
0.6615,  0.094731
0.6620,  0.093203
0.6625,  0.091427
0.6630,  0.089707
0.6635,  0.091550
0.6640,  0.094429
0.6645,  0.098170
0.6650,  0.100205
0.6655,  0.097804
0.6660,  0.094840
0.6665,  0.092906
0.6670,  0.087402
0.6675,  0.087442
0.6680,  0.087360
0.6685,  0.088984
0.6690,  0.091278
0.6695,  0.089691
0.6700,  0.088153
0.6705,  0.088564
0.6710,  0.089847
0.6715,  0.092343
0.6720,  0.092041
0.6725,  0.091864
0.6730,  0.091378
0.6735,  0.088872
0.6740,  0.087478
0.6745,  0.083672
0.6750,  0.081595
0.6755,  0.081772
0.6760,  0.083614
0.6765,  0.088006
0.6770,  0.090302
0.6775,  0.091397
0.6780,  0.092309
0.6785,  0.091592
0.6790,  0.088429
0.6795,  0.087844
0.6800,  0.087697
0.6805,  0.086101
0.6810,  0.085568
0.6815,  0.084507
0.6820,  0.086329
0.6825,  0.088858
0.6830,  0.093695
0.6835,  0.097022
0.6840,  0.098641
0.6845,  0.100015
0.6850,  0.109223
0.6855,  0.133923
0.6860,  0.162565
0.6865,  0.188173
0.6870,  0.199890
0.6875,  0.199070
0.6880,  0.199061
0.6885,  0.192291
0.6890,  0.187239
0.6895,  0.182448
0.6900,  0.175074
0.6905,  0.166875
0.6910,  0.156046
0.6915,  0.149839
0.6920,  0.145626
0.6925,  0.144553
0.6930,  0.147369
0.6935,  0.148671
0.6940,  0.145017
0.6945,  0.141367
0.6950,  0.136128
0.6955,  0.128043
0.6960,  0.119716
0.6965,  0.116307
0.6970,  0.114726
0.6975,  0.119604
0.6980,  0.122984
0.6985,  0.128505
0.6990,  0.134742
0.6995,  0.135710
0.7000,  0.133030
0.7005,  0.127990
0.7010,  0.124462
0.7015,  0.129358
0.7020,  0.129875
0.7025,  0.130321
0.7030,  0.129988
0.7035,  0.130776
0.7040,  0.132963
0.7045,  0.136261
0.7050,  0.141512
0.7055,  0.136969
0.7060,  0.131310
0.7065,  0.126916
0.7070,  0.123637
0.7075,  0.120703
0.7080,  0.118736
0.7085,  0.116068
0.7090,  0.112769
0.7095,  0.111621
0.7100,  0.111720
0.7105,  0.110430
0.7110,  0.111006
0.7115,  0.110676
0.7120,  0.110137
0.7125,  0.110498
0.7130,  0.110233
0.7135,  0.111156
0.7140,  0.116710
0.7145,  0.121751
0.7150,  0.132356
0.7155,  0.148517
0.7160,  0.170162
0.7165,  0.193885
0.7170,  0.219053
0.7175,  0.239704
0.7180,  0.254814
0.7185,  0.267317
0.7190,  0.271309
0.7195,  0.265948
0.7200,  0.251757
0.7205,  0.232472
0.7210,  0.212865
0.7215,  0.201999
0.7220,  0.204269
0.7225,  0.218582
0.7230,  0.232457
0.7235,  0.242689
0.7240,  0.247582
0.7245,  0.247108
0.7250,  0.247208
0.7255,  0.242275
0.7260,  0.243462
0.7265,  0.246219
0.7270,  0.249617
0.7275,  0.247411
0.7280,  0.243759
0.7285,  0.236058
0.7290,  0.228711
0.7295,  0.223460
0.7300,  0.221105
0.7305,  0.212741
0.7310,  0.205124
0.7315,  0.195149
0.7320,  0.182565
0.7325,  0.169223
0.7330,  0.157682
0.7335,  0.147900
0.7340,  0.143483
0.7345,  0.142548
0.7350,  0.142973
0.7355,  0.143594
0.7360,  0.140351
0.7365,  0.136518
0.7370,  0.133901
0.7375,  0.129182
0.7380,  0.126839
0.7385,  0.126890
0.7390,  0.121793
0.7395,  0.117805
0.7400,  0.114861
0.7405,  0.112729
0.7410,  0.107572
0.7415,  0.108457
0.7420,  0.109633
0.7425,  0.108203
0.7430,  0.109074
0.7435,  0.106924
0.7440,  0.108161
0.7445,  0.108146
0.7450,  0.107022
0.7455,  0.107697
0.7460,  0.110368
0.7465,  0.115797
0.7470,  0.114981
0.7475,  0.109693
0.7480,  0.106186
0.7485,  0.103933
0.7490,  0.099610
0.7495,  0.100611
0.7500,  0.101543
0.7505,  0.104853
0.7510,  0.105047
0.7515,  0.105257
0.7520,  0.106215
0.7525,  0.103215
0.7530,  0.098147
0.7535,  0.096201
0.7540,  0.096547
0.7545,  0.094896
0.7550,  0.097836
0.7555,  0.101974
0.7560,  0.103966
0.7565,  0.103111
0.7570,  0.103682
0.7575,  0.114038
0.7580,  0.149147
0.7585,  0.221525
0.7590,  0.333212
0.7595,  0.461463
0.7600,  0.573632
0.7605,  0.615775
0.7610,  0.598515
0.7615,  0.569215
0.7620,  0.546853
0.7625,  0.540269
0.7630,  0.530573
0.7635,  0.496627
0.7640,  0.454382
0.7645,  0.405792
0.7650,  0.357651
0.7655,  0.307021
0.7660,  0.255018
0.7665,  0.207268
0.7670,  0.168060
0.7675,  0.143035
0.7680,  0.126964
0.7685,  0.120236
0.7690,  0.119110
0.7695,  0.116829
0.7700,  0.113767
0.7705,  0.109178
0.7710,  0.104455
0.7715,  0.105068
0.7720,  0.105751
0.7725,  0.103885
0.7730,  0.104777
0.7735,  0.104941
0.7740,  0.100027
0.7745,  0.096766
0.7750,  0.093678
0.7755,  0.096822
0.7760,  0.100218
0.7765,  0.103759
0.7770,  0.106219
0.7775,  0.101842
0.7780,  0.099876
0.7785,  0.094224
0.7790,  0.088122
0.7795,  0.083028
0.7800,  0.084817
0.7805,  0.085643
0.7810,  0.089054
0.7815,  0.087274
0.7820,  0.089348
0.7825,  0.092132
0.7830,  0.095229
0.7835,  0.096749
0.7840,  0.094772
0.7845,  0.090331
0.7850,  0.087798
0.7855,  0.085585
0.7860,  0.087656
0.7865,  0.091732
0.7870,  0.098983
0.7875,  0.104433
0.7880,  0.117809
0.7885,  0.121034
0.7890,  0.123109
0.7895,  0.120568
0.7900,  0.118565
0.7905,  0.113810
0.7910,  0.112584
0.7915,  0.109257
0.7920,  0.113364
0.7925,  0.113831
0.7930,  0.113367
0.7935,  0.110297
0.7940,  0.107778
0.7945,  0.107211
0.7950,  0.113619
0.7955,  0.120970
0.7960,  0.122113
0.7965,  0.113967
0.7970,  0.108695
0.7975,  0.108186
0.7980,  0.108346
0.7985,  0.113341
0.7990,  0.117166
0.7995,  0.124060
0.8000,  0.126316
0.8005,  0.128792
0.8010,  0.131515
0.8015,  0.126820
0.8020,  0.119174
0.8025,  0.113926
0.8030,  0.109142
0.8035,  0.106629
0.8040,  0.106697
0.8045,  0.108743
0.8050,  0.110064
0.8055,  0.119207
0.8060,  0.117173
0.8065,  0.109456
0.8070,  0.106778
0.8075,  0.109472
0.8080,  0.107813
0.8085,  0.106172
0.8090,  0.102687
0.8095,  0.104643
0.8100,  0.106045
0.8105,  0.115418
0.8110,  0.126563
0.8115,  0.136639
0.8120,  0.145041
0.8125,  0.158683
0.8130,  0.173605
0.8135,  0.190741
0.8140,  0.193917
0.8145,  0.199197
0.8150,  0.218738
0.8155,  0.229146
0.8160,  0.235110
0.8165,  0.243692
0.8170,  0.257257
0.8175,  0.262689
0.8180,  0.257820
0.8185,  0.241862
0.8190,  0.219318
0.8195,  0.207070
0.8200,  0.193811
0.8205,  0.187989
0.8210,  0.194220
0.8215,  0.217011
0.8220,  0.244229
0.8225,  0.264929
0.8230,  0.256543
0.8235,  0.227363
0.8240,  0.193057
0.8245,  0.175493
0.8250,  0.172476
0.8255,  0.168663
0.8260,  0.168475
0.8265,  0.175938
0.8270,  0.185335
0.8275,  0.196568
0.8280,  0.210033
0.8285,  0.214609
0.8290,  0.216686
0.8295,  0.212549
0.8300,  0.199988
0.8305,  0.184970
0.8310,  0.174456
0.8315,  0.167774
0.8320,  0.164034
0.8325,  0.153399
0.8330,  0.149262
0.8335,  0.138578
0.8340,  0.138537
0.8345,  0.137946
0.8350,  0.132809
0.8355,  0.127843
0.8360,  0.124113
0.8365,  0.118025
0.8370,  0.110512
0.8375,  0.111376
0.8380,  0.103914
0.8385,  0.109381
0.8390,  0.099056
0.8395,  0.095660
0.8400,  0.090235
0.8405,  0.093775
0.8410,  0.098012
0.8415,  0.098795
0.8420,  0.089626
0.8425,  0.085135
0.8430,  0.086897
0.8435,  0.083267
0.8440,  0.082442
0.8445,  0.075755
0.8450,  0.070498
0.8455,  0.067139
0.8460,  0.075267
0.8465,  0.081020
0.8470,  0.088247
0.8475,  0.084384
0.8480,  0.086662
0.8485,  0.082606
0.8490,  0.070873
0.8495,  0.062967
0.8500,  0.053039
0.8505,  0.063313
0.8510,  0.061344
0.8515,  0.067755
0.8520,  0.075099
0.8525,  0.073478
0.8530,  0.077340
0.8535,  0.064293
0.8540,  0.038697
0.8545,  0.050803
0.8550,  0.061391
0.8555,  0.068225
0.8560,  0.071023
0.8565,  0.067470
0.8570,  0.068472
0.8575,  0.075142
0.8580,  0.078177
0.8585,  0.074457
0.8590,  0.080883
0.8595,  0.085412
0.8600,  0.084218
0.8605,  0.078462
0.8610,  0.073843
0.8615,  0.072423
0.8620,  0.074466
0.8625,  0.082324
0.8630,  0.081738
0.8635,  0.082813
0.8640,  0.087610
0.8645,  0.076898
0.8650,  0.074837
0.8655,  0.062890
0.8660,  0.036535
0.8665,  0.042554
0.8670,  0.046068
0.8675,  0.046614
0.8680,  0.049228
0.8685,  0.053406
0.8690,  0.068900
0.8695,  0.076840
0.8700,  0.075333
0.8705,  0.068980
0.8710,  0.071995
0.8715,  0.075436
0.8720,  0.083768
0.8725,  0.083563
0.8730,  0.080098
0.8735,  0.076536
0.8740,  0.073014
0.8745,  0.068721
0.8750,  0.064508
0.8755,  0.077525
0.8760,  0.092382
0.8765,  0.092701
0.8770,  0.088776
0.8775,  0.083002
0.8780,  0.077881
0.8785,  0.075317
0.8790,  0.065180
0.8795,  0.071263
0.8800,  0.082628
0.8805,  0.091602
0.8810,  0.083493
0.8815,  0.067953
0.8820,  0.054693
0.8825,  0.043260
0.8830,  0.038851
0.8835,  0.040551
0.8840,  0.054814
0.8845,  0.056183
0.8850,  0.056147
0.8855,  0.049697
0.8860,  0.054665
0.8865,  0.051039
0.8870,  0.053728
0.8875,  0.057165
0.8880,  0.060975
0.8885,  0.056862
0.8890,  0.056656
0.8895,  0.076529
0.8900,  0.072456
