0.3500,  0.104439
0.3505,  0.160340
0.3510,  0.129050
0.3515,  0.095519
0.3520,  0.057778
0.3525,  0.019506
0.3530,  0.065015
0.3535,  0.103910
0.3540,  0.125452
0.3545,  0.142816
0.3550,  0.119716
0.3555,  0.098032
0.3560,  0.059353
0.3565,  0.025966
0.3570,  -0.001053
0.3575,  -0.032855
0.3580,  -0.077347
0.3585,  -0.127038
0.3590,  0.031039
0.3595,  0.161719
0.3600,  0.146869
0.3605,  0.136538
0.3610,  0.089261
0.3615,  0.037432
0.3620,  0.080134
0.3625,  0.118610
0.3630,  0.104663
0.3635,  0.093314
0.3640,  0.091642
0.3645,  0.081310
0.3650,  0.110639
0.3655,  0.134405
0.3660,  0.141292
0.3665,  0.152158
0.3670,  0.127048
0.3675,  0.105859
0.3680,  0.076947
0.3685,  0.051061
0.3690,  0.096072
0.3695,  0.140898
0.3700,  0.116578
0.3705,  0.090335
0.3710,  0.111044
0.3715,  0.135235
0.3720,  0.107283
0.3725,  0.077517
0.3730,  0.041883
0.3735,  0.001702
0.3740,  0.007580
0.3745,  0.008946
0.3750,  0.081111
0.3755,  0.140265
0.3760,  0.133349
0.3765,  0.119195
0.3770,  0.165806
0.3775,  0.209917
0.3780,  0.207187
0.3785,  0.213277
0.3790,  0.129450
0.3795,  0.034187
0.3800,  0.083410
0.3805,  0.135280
0.3810,  0.106769
0.3815,  0.089182
0.3820,  0.010031
0.3825,  -0.087867
0.3830,  -0.113194
0.3835,  -0.154549
0.3840,  0.000364
0.3845,  0.121442
0.3850,  0.135402
0.3855,  0.148562
0.3860,  0.136821
0.3865,  0.124566
0.3870,  0.114629
0.3875,  0.106147
0.3880,  0.090220
0.3885,  0.068647
0.3890,  0.121478
0.3895,  0.163712
0.3900,  0.165050
0.3905,  0.167598
0.3910,  0.183848
0.3915,  0.213200
0.3920,  0.127177
0.3925,  0.036897
0.3930,  -0.126602
0.3935,  -0.358403
0.3940,  -0.087031
0.3945,  0.105475
0.3950,  0.202993
0.3955,  0.292328
0.3960,  0.140756
0.3965,  -0.049093
0.3970,  -0.029014
0.3975,  -0.029837
0.3980,  0.148603
0.3985,  0.271400
0.3990,  0.255382
0.3995,  0.249507
0.4000,  0.220331
0.4005,  0.193035
0.4010,  0.182814
0.4015,  0.178459
0.4020,  0.166597
0.4025,  0.160242
0.4030,  0.137672
0.4035,  0.115147
0.4040,  0.107607
0.4045,  0.103640
0.4050,  0.102384
0.4055,  0.104171
0.4060,  0.091069
0.4065,  0.078065
0.4070,  0.090435
0.4075,  0.098037
0.4080,  0.121577
0.4085,  0.144439
0.4090,  0.140448
0.4095,  0.139074
0.4100,  0.097591
0.4105,  0.047951
0.4110,  0.110987
0.4115,  0.167465
0.4120,  0.150900
0.4125,  0.134463
0.4130,  0.124643
0.4135,  0.117344
0.4140,  0.112595
0.4145,  0.105345
0.4150,  0.101451
0.4155,  0.097741
0.4160,  0.119599
0.4165,  0.142932
0.4170,  0.105764
0.4175,  0.066291
0.4180,  0.074784
0.4185,  0.081915
0.4190,  0.087988
0.4195,  0.090259
0.4200,  0.104249
0.4205,  0.115969
0.4210,  0.119950
0.4215,  0.128439
0.4220,  0.087121
0.4225,  0.040605
0.4230,  0.076461
0.4235,  0.110282
0.4240,  0.121020
0.4245,  0.134389
0.4250,  0.118997
0.4255,  0.102154
0.4260,  0.104363
0.4265,  0.109798
0.4270,  0.081796
0.4275,  0.053879
0.4280,  0.067437
0.4285,  0.084038
0.4290,  0.072922
0.4295,  0.064505
0.4300,  -0.013328
0.4305,  -0.112828
0.4310,  0.066042
0.4315,  0.198217
0.4320,  0.168563
0.4325,  0.135300
0.4330,  0.137193
0.4335,  0.143212
0.4340,  0.119919
0.4345,  0.098105
0.4350,  0.101282
0.4355,  0.102528
0.4360,  0.141579
0.4365,  0.180565
0.4370,  0.151026
0.4375,  0.125291
0.4380,  0.075242
0.4385,  0.018620
0.4390,  0.081291
0.4395,  0.139184
0.4400,  0.112269
0.4405,  0.079203
0.4410,  0.118204
0.4415,  0.153490
0.4420,  0.152288
0.4425,  0.151556
0.4430,  0.129059
0.4435,  0.109783
0.4440,  0.121346
0.4445,  0.135684
0.4450,  0.105748
0.4455,  0.072245
0.4460,  0.084723
0.4465,  0.096274
0.4470,  0.128161
0.4475,  0.157826
0.4480,  0.133011
0.4485,  0.104460
0.4490,  0.108930
0.4495,  0.111338
0.4500,  0.127980
0.4505,  0.144118
0.4510,  0.134749
0.4515,  0.126186
0.4520,  0.097666
0.4525,  0.072344
0.4530,  0.083441
0.4535,  0.094268
0.4540,  0.101213
0.4545,  0.105741
0.4550,  0.116394
0.4555,  0.125037
0.4560,  0.127299
0.4565,  0.129414
0.4570,  0.129799
0.4575,  0.132599
0.4580,  0.107703
0.4585,  0.083196
0.4590,  0.093374
0.4595,  0.102332
0.4600,  0.107942
0.4605,  0.112387
0.4610,  0.113984
0.4615,  0.113665
0.4620,  0.120502
0.4625,  0.128721
0.4630,  0.116394
0.4635,  0.107311
0.4640,  0.099648
0.4645,  0.091682
0.4650,  0.109889
0.4655,  0.129411
0.4660,  0.107512
0.4665,  0.088218
0.4670,  0.111887
0.4675,  0.130428
0.4680,  0.125732
0.4685,  0.122854
0.4690,  0.124716
0.4695,  0.128247
0.4700,  0.107842
0.4705,  0.086600
0.4710,  0.116133
0.4715,  0.142255
0.4720,  0.141845
0.4725,  0.143033
0.4730,  0.133342
0.4735,  0.122188
0.4740,  0.131453
0.4745,  0.144297
0.4750,  0.140931
0.4755,  0.136664
0.4760,  0.126144
0.4765,  0.113673
0.4770,  0.135007
0.4775,  0.154626
0.4780,  0.135691
0.4785,  0.119269
0.4790,  0.132743
0.4795,  0.146831
0.4800,  0.138686
0.4805,  0.132816
0.4810,  0.144812
0.4815,  0.154641
0.4820,  0.142005
0.4825,  0.133557
0.4830,  0.136294
0.4835,  0.139942
0.4840,  0.139017
0.4845,  0.142613
0.4850,  0.131510
0.4855,  0.119441
0.4860,  0.087986
0.4865,  0.045286
0.4870,  0.094734
0.4875,  0.136773
0.4880,  0.146934
0.4885,  0.153898
0.4890,  0.152706
0.4895,  0.152371
0.4900,  0.154976
0.4905,  0.162691
0.4910,  0.141990
0.4915,  0.121562
0.4920,  0.124089
0.4925,  0.123583
0.4930,  0.119018
0.4935,  0.112992
0.4940,  0.142674
0.4945,  0.170299
0.4950,  0.139799
0.4955,  0.110996
0.4960,  0.129921
0.4965,  0.147758
0.4970,  0.151731
0.4975,  0.156738
0.4980,  0.128561
0.4985,  0.098602
0.4990,  0.123480
0.4995,  0.147827
0.5000,  0.128502
0.5005,  0.108607
0.5010,  0.102994
0.5015,  0.094066
0.5020,  0.111684
0.5025,  0.128291
0.5030,  0.136328
0.5035,  0.143238
0.5040,  0.128729
0.5045,  0.109727
0.5050,  0.130085
0.5055,  0.151391
0.5060,  0.140558
0.5065,  0.132481
0.5070,  0.122797
0.5075,  0.113307
0.5080,  0.116440
0.5085,  0.118375
0.5090,  0.117573
0.5095,  0.116237
0.5100,  0.121613
0.5105,  0.127181
0.5110,  0.137096
0.5115,  0.147530
0.5120,  0.123080
0.5125,  0.099138
0.5130,  0.102008
0.5135,  0.103638
0.5140,  0.111097
0.5145,  0.117542
0.5150,  0.125945
0.5155,  0.140649
0.5160,  0.106228
0.5165,  0.068719
0.5170,  0.094370
0.5175,  0.115063
0.5180,  0.098492
0.5185,  0.075074
0.5190,  0.107725
0.5195,  0.137258
0.5200,  0.127597
0.5205,  0.117850
0.5210,  0.128178
0.5215,  0.141011
0.5220,  0.121033
0.5225,  0.100541
0.5230,  0.112820
0.5235,  0.122679
0.5240,  0.130291
0.5245,  0.141891
0.5250,  0.138686
0.5255,  0.139770
0.5260,  0.094441
0.5265,  0.043422
0.5270,  0.082420
0.5275,  0.112554
0.5280,  0.119165
0.5285,  0.125064
0.5290,  0.122107
0.5295,  0.119027
0.5300,  0.120345
0.5305,  0.123607
0.5310,  0.125553
0.5315,  0.132655
0.5320,  0.099671
0.5325,  0.063119
0.5330,  0.100424
0.5335,  0.132993
0.5340,  0.115335
0.5345,  0.095952
0.5350,  0.119292
0.5355,  0.144690
0.5360,  0.120657
0.5365,  0.097519
0.5370,  0.101171
0.5375,  0.104991
0.5380,  0.111862
0.5385,  0.120506
0.5390,  0.107957
0.5395,  0.098039
0.5400,  0.088934
0.5405,  0.076612
0.5410,  0.101123
0.5415,  0.122754
0.5420,  0.108647
0.5425,  0.095355
0.5430,  0.106020
0.5435,  0.115003
0.5440,  0.112874
0.5445,  0.111447
0.5450,  0.115287
0.5455,  0.120081
0.5460,  0.117235
0.5465,  0.114306
0.5470,  0.104898
0.5475,  0.095423
0.5480,  0.101602
0.5485,  0.107728
0.5490,  0.113946
0.5495,  0.120799
0.5500,  0.114522
0.5505,  0.108442
0.5510,  0.110971
0.5515,  0.113033
0.5520,  0.107172
0.5525,  0.102141
0.5530,  0.109669
0.5535,  0.117526
0.5540,  0.121887
0.5545,  0.125079
0.5550,  0.126184
0.5555,  0.127752
0.5560,  0.113849
0.5565,  0.101886
0.5570,  0.111233
0.5575,  0.120497
0.5580,  0.111401
0.5585,  0.100506
0.5590,  0.105011
0.5595,  0.109429
0.5600,  0.114109
0.5605,  0.119051
0.5610,  0.114572
0.5615,  0.110247
0.5620,  0.114919
0.5625,  0.120020
0.5630,  0.122155
0.5635,  0.125744
0.5640,  0.126865
0.5645,  0.127871
0.5650,  0.117049
0.5655,  0.105507
0.5660,  0.111316
0.5665,  0.117598
0.5670,  0.129748
0.5675,  0.143462
0.5680,  0.127725
0.5685,  0.112342
0.5690,  0.126097
0.5695,  0.140123
0.5700,  0.123752
0.5705,  0.103874
0.5710,  0.113490
0.5715,  0.116804
0.5720,  0.123735
0.5725,  0.133644
0.5730,  0.129040
0.5735,  0.126382
0.5740,  0.125865
0.5745,  0.125807
0.5750,  0.118749
0.5755,  0.110104
0.5760,  0.114566
0.5765,  0.119302
0.5770,  0.123160
0.5775,  0.128001
0.5780,  0.111405
0.5785,  0.093660
0.5790,  0.101523
0.5795,  0.107827
0.5800,  0.107338
0.5805,  0.107747
0.5810,  0.109427
0.5815,  0.111497
0.5820,  0.115274
0.5825,  0.117210
0.5830,  0.112629
0.5835,  0.109223
0.5840,  0.109854
0.5845,  0.113659
0.5850,  0.101136
0.5855,  0.087526
0.5860,  0.101181
0.5865,  0.115112
0.5870,  0.123701
0.5875,  0.138155
0.5880,  0.132015
0.5885,  0.122765
0.5890,  0.098970
0.5895,  0.065417
0.5900,  0.112665
0.5905,  0.154219
0.5910,  0.145014
0.5915,  0.135600
0.5920,  0.134990
0.5925,  0.134212
0.5930,  0.128769
0.5935,  0.127068
0.5940,  0.123274
0.5945,  0.118435
0.5950,  0.123058
0.5955,  0.125527
0.5960,  0.127292
0.5965,  0.130582
0.5970,  0.123867
0.5975,  0.118061
0.5980,  0.112852
0.5985,  0.107372
0.5990,  0.114434
0.5995,  0.121726
0.6000,  0.118511
0.6005,  0.114155
0.6010,  0.116614
0.6015,  0.116311
0.6020,  0.106196
0.6025,  0.095070
0.6030,  0.107997
0.6035,  0.120631
0.6040,  0.118637
0.6045,  0.119652
0.6050,  0.119618
0.6055,  0.116904
0.6060,  0.114119
0.6065,  0.112168
0.6070,  0.113225
0.6075,  0.115950
0.6080,  0.115904
0.6085,  0.118558
0.6090,  0.121779
0.6095,  0.124041
0.6100,  0.115739
0.6105,  0.105730
0.6110,  0.114732
0.6115,  0.124757
0.6120,  0.115902
0.6125,  0.108812
0.6130,  0.106606
0.6135,  0.103827
0.6140,  0.113375
0.6145,  0.123478
0.6150,  0.128171
0.6155,  0.131401
0.6160,  0.107109
0.6165,  0.078862
0.6170,  0.100660
0.6175,  0.122802
0.6180,  0.125256
0.6185,  0.129102
0.6190,  0.126573
0.6195,  0.122429
0.6200,  0.130073
0.6205,  0.137468
0.6210,  0.126476
0.6215,  0.114737
0.6220,  0.122027
0.6225,  0.131258
0.6230,  0.122938
0.6235,  0.117335
0.6240,  0.119769
0.6245,  0.119890
0.6250,  0.113346
0.6255,  0.106696
0.6260,  0.121772
0.6265,  0.138107
0.6270,  0.141497
0.6275,  0.143824
0.6280,  0.147743
0.6285,  0.151232
0.6290,  0.150189
0.6295,  0.148554
0.6300,  0.143476
0.6305,  0.135960
0.6310,  0.127374
0.6315,  0.124816
0.6320,  0.123481
0.6325,  0.123547
0.6330,  0.124624
0.6335,  0.125977
0.6340,  0.127584
0.6345,  0.131351
0.6350,  0.135703
0.6355,  0.137353
0.6360,  0.136061
0.6365,  0.131713
0.6370,  0.125555
0.6375,  0.120385
0.6380,  0.119558
0.6385,  0.123001
0.6390,  0.126967
0.6395,  0.126631
0.6400,  0.125395
0.6405,  0.122852
0.6410,  0.118685
0.6415,  0.118122
0.6420,  0.116097
0.6425,  0.113574
0.6430,  0.110941
0.6435,  0.110209
0.6440,  0.112629
0.6445,  0.116570
0.6450,  0.126774
0.6455,  0.133139
0.6460,  0.136982
0.6465,  0.139225
0.6470,  0.138056
0.6475,  0.133017
0.6480,  0.130646
0.6485,  0.126057
0.6490,  0.119903
0.6495,  0.123584
0.6500,  0.126371
0.6505,  0.132129
0.6510,  0.139419
0.6515,  0.138349
0.6520,  0.138066
0.6525,  0.134565
0.6530,  0.131529
0.6535,  0.124687
0.6540,  0.124675
0.6545,  0.131848
0.6550,  0.142409
0.6555,  0.141701
0.6560,  0.128585
0.6565,  0.099396
0.6570,  0.062576
0.6575,  0.071011
0.6580,  0.083805
0.6585,  0.099477
0.6590,  0.114072
0.6595,  0.110207
0.6600,  0.105806
0.6605,  0.101451
0.6610,  0.099572
0.6615,  0.094769
0.6620,  0.091365
0.6625,  0.089988
0.6630,  0.090513
0.6635,  0.093979
0.6640,  0.096619
0.6645,  0.100227
0.6650,  0.103135
0.6655,  0.100845
0.6660,  0.095963
0.6665,  0.092679
0.6670,  0.088546
0.6675,  0.088850
0.6680,  0.087169
0.6685,  0.088879
0.6690,  0.091995
0.6695,  0.091321
0.6700,  0.091673
0.6705,  0.091888
0.6710,  0.094457
0.6715,  0.097742
0.6720,  0.098338
0.6725,  0.098867
0.6730,  0.097038
0.6735,  0.093666
0.6740,  0.093296
0.6745,  0.090834
0.6750,  0.088566
0.6755,  0.088812
0.6760,  0.091606
0.6765,  0.095527
0.6770,  0.099734
0.6775,  0.099171
0.6780,  0.099269
0.6785,  0.098504
0.6790,  0.094161
0.6795,  0.092151
0.6800,  0.090470
0.6805,  0.088124
0.6810,  0.085584
0.6815,  0.084320
0.6820,  0.085816
0.6825,  0.090501
0.6830,  0.098652
0.6835,  0.102959
0.6840,  0.102339
0.6845,  0.101441
0.6850,  0.103483
0.6855,  0.122838
0.6860,  0.151742
0.6865,  0.181880
0.6870,  0.202589
0.6875,  0.205264
0.6880,  0.205706
0.6885,  0.203442
0.6890,  0.199180
0.6895,  0.191588
0.6900,  0.183277
0.6905,  0.174257
0.6910,  0.168129
0.6915,  0.162807
0.6920,  0.160694
0.6925,  0.159177
0.6930,  0.160613
0.6935,  0.161254
0.6940,  0.160117
0.6945,  0.157125
0.6950,  0.149344
0.6955,  0.140617
0.6960,  0.131418
0.6965,  0.126865
0.6970,  0.127072
0.6975,  0.132389
0.6980,  0.139041
0.6985,  0.142781
0.6990,  0.147337
0.6995,  0.144895
0.7000,  0.138275
0.7005,  0.130724
0.7010,  0.126456
0.7015,  0.130253
0.7020,  0.132799
0.7025,  0.132151
0.7030,  0.130688
0.7035,  0.133989
0.7040,  0.135941
0.7045,  0.136849
0.7050,  0.138776
0.7055,  0.134448
0.7060,  0.130193
0.7065,  0.123613
0.7070,  0.120885
0.7075,  0.117935
0.7080,  0.116572
0.7085,  0.115785
0.7090,  0.114048
0.7095,  0.117062
0.7100,  0.119865
0.7105,  0.123330
0.7110,  0.126514
0.7115,  0.125656
0.7120,  0.122507
0.7125,  0.121125
0.7130,  0.119370
0.7135,  0.119606
0.7140,  0.121470
0.7145,  0.125203
0.7150,  0.131287
0.7155,  0.144914
0.7160,  0.170069
0.7165,  0.201684
0.7170,  0.234626
0.7175,  0.260700
0.7180,  0.280961
0.7185,  0.295688
0.7190,  0.297184
0.7195,  0.295012
0.7200,  0.283980
0.7205,  0.263754
0.7210,  0.240928
0.7215,  0.223773
0.7220,  0.224663
0.7225,  0.233318
0.7230,  0.246691
0.7235,  0.258974
0.7240,  0.269010
0.7245,  0.268930
0.7250,  0.272388
0.7255,  0.273064
0.7260,  0.275527
0.7265,  0.276181
0.7270,  0.275173
0.7275,  0.271183
0.7280,  0.267754
0.7285,  0.263695
0.7290,  0.260433
0.7295,  0.257850
0.7300,  0.252889
0.7305,  0.245278
0.7310,  0.232999
0.7315,  0.219111
0.7320,  0.206843
0.7325,  0.190689
0.7330,  0.173463
0.7335,  0.159541
0.7340,  0.149827
0.7345,  0.146685
0.7350,  0.146801
0.7355,  0.146412
0.7360,  0.141264
0.7365,  0.138113
0.7370,  0.136072
0.7375,  0.131711
0.7380,  0.129214
0.7385,  0.128516
0.7390,  0.122496
0.7395,  0.119471
0.7400,  0.114458
0.7405,  0.111796
0.7410,  0.107307
0.7415,  0.110710
0.7420,  0.110641
0.7425,  0.107855
0.7430,  0.108036
0.7435,  0.103619
0.7440,  0.099903
0.7445,  0.101705
0.7450,  0.099441
0.7455,  0.098542
0.7460,  0.097722
0.7465,  0.100190
0.7470,  0.104044
0.7475,  0.104058
0.7480,  0.106238
0.7485,  0.106413
0.7490,  0.105421
0.7495,  0.105071
0.7500,  0.103630
0.7505,  0.104987
0.7510,  0.105803
0.7515,  0.105547
0.7520,  0.106544
0.7525,  0.104956
0.7530,  0.100560
0.7535,  0.097185
0.7540,  0.096299
0.7545,  0.093785
0.7550,  0.090349
0.7555,  0.090444
0.7560,  0.092320
0.7565,  0.092340
0.7570,  0.097272
0.7575,  0.109844
0.7580,  0.135855
0.7585,  0.192499
0.7590,  0.293742
0.7595,  0.424020
0.7600,  0.549500
0.7605,  0.620869
0.7610,  0.634174
0.7615,  0.618317
0.7620,  0.599017
0.7625,  0.588922
0.7630,  0.577094
0.7635,  0.544931
0.7640,  0.500230
0.7645,  0.451692
0.7650,  0.392133
0.7655,  0.336205
0.7660,  0.283975
0.7665,  0.231344
0.7670,  0.187999
0.7675,  0.165824
0.7680,  0.147844
0.7685,  0.138599
0.7690,  0.133650
0.7695,  0.125971
0.7700,  0.118069
0.7705,  0.109185
0.7710,  0.103460
0.7715,  0.101308
0.7720,  0.100178
0.7725,  0.096953
0.7730,  0.097526
0.7735,  0.096478
0.7740,  0.095747
0.7745,  0.095612
0.7750,  0.094691
0.7755,  0.097337
0.7760,  0.100795
0.7765,  0.097852
0.7770,  0.098369
0.7775,  0.093049
0.7780,  0.093282
0.7785,  0.097368
0.7790,  0.097512
0.7795,  0.099141
0.7800,  0.098267
0.7805,  0.094144
0.7810,  0.094715
0.7815,  0.098312
0.7820,  0.097756
0.7825,  0.100238
0.7830,  0.099632
0.7835,  0.096781
0.7840,  0.094695
0.7845,  0.090260
0.7850,  0.091693
0.7855,  0.090032
0.7860,  0.090341
0.7865,  0.091280
0.7870,  0.094193
0.7875,  0.098566
0.7880,  0.104758
0.7885,  0.107632
0.7890,  0.110426
0.7895,  0.111385
0.7900,  0.107993
0.7905,  0.109282
0.7910,  0.107247
0.7915,  0.107430
0.7920,  0.110456
0.7925,  0.113150
0.7930,  0.115783
0.7935,  0.117135
0.7940,  0.112226
0.7945,  0.106412
0.7950,  0.100006
0.7955,  0.107541
0.7960,  0.108852
0.7965,  0.110516
0.7970,  0.113958
0.7975,  0.105730
0.7980,  0.102710
0.7985,  0.104562
0.7990,  0.106691
0.7995,  0.110023
0.8000,  0.109993
0.8005,  0.110753
0.8010,  0.111407
0.8015,  0.109995
0.8020,  0.108448
0.8025,  0.109237
0.8030,  0.109264
0.8035,  0.112413
0.8040,  0.112365
0.8045,  0.110033
0.8050,  0.104721
0.8055,  0.098612
0.8060,  0.097207
0.8065,  0.100108
0.8070,  0.101464
0.8075,  0.096173
0.8080,  0.090285
0.8085,  0.091865
0.8090,  0.095662
0.8095,  0.107260
0.8100,  0.117249
0.8105,  0.126061
0.8110,  0.136863
0.8115,  0.142462
0.8120,  0.149607
0.8125,  0.167219
0.8130,  0.185357
0.8135,  0.203863
0.8140,  0.218738
0.8145,  0.241250
0.8150,  0.261322
0.8155,  0.276756
0.8160,  0.287624
0.8165,  0.300001
0.8170,  0.310668
0.8175,  0.305481
0.8180,  0.289732
0.8185,  0.263176
0.8190,  0.235073
0.8195,  0.218297
0.8200,  0.204080
0.8205,  0.195339
0.8210,  0.204144
0.8215,  0.227755
0.8220,  0.259801
0.8225,  0.282455
0.8230,  0.281848
0.8235,  0.254352
0.8240,  0.222027
0.8245,  0.196832
0.8250,  0.176696
0.8255,  0.173193
0.8260,  0.179613
0.8265,  0.190698
0.8270,  0.203765
0.8275,  0.219843
0.8280,  0.231157
0.8285,  0.225531
0.8290,  0.218481
0.8295,  0.211466
0.8300,  0.201592
0.8305,  0.188689
0.8310,  0.180221
0.8315,  0.171734
0.8320,  0.166466
0.8325,  0.166205
0.8330,  0.167764
0.8335,  0.167302
0.8340,  0.162378
0.8345,  0.152448
0.8350,  0.143511
0.8355,  0.139216
0.8360,  0.133188
0.8365,  0.126541
0.8370,  0.123877
0.8375,  0.119473
0.8380,  0.113252
0.8385,  0.101514
0.8390,  0.093542
0.8395,  0.092257
0.8400,  0.086998
0.8405,  0.085229
0.8410,  0.081149
0.8415,  0.080286
0.8420,  0.080180
0.8425,  0.078685
0.8430,  0.087717
0.8435,  0.092825
0.8440,  0.092576
0.8445,  0.087438
0.8450,  0.084722
0.8455,  0.085747
0.8460,  0.081117
0.8465,  0.072862
0.8470,  0.076514
0.8475,  0.076132
0.8480,  0.081216
0.8485,  0.078152
0.8490,  0.068325
0.8495,  0.065432
0.8500,  0.058101
0.8505,  0.066286
0.8510,  0.069201
0.8515,  0.070295
0.8520,  0.071629
0.8525,  0.053779
0.8530,  0.044309
0.8535,  0.038158
0.8540,  0.032666
0.8545,  0.055667
0.8550,  0.060247
0.8555,  0.058125
0.8560,  0.062677
0.8565,  0.064234
0.8570,  0.058607
0.8575,  0.054559
0.8580,  0.053387
0.8585,  0.052169
0.8590,  0.052752
0.8595,  0.054610
0.8600,  0.058247
0.8605,  0.065679
0.8610,  0.072443
0.8615,  0.072046
0.8620,  0.069998
0.8625,  0.066049
0.8630,  0.061416
0.8635,  0.061473
0.8640,  0.069880
0.8645,  0.057666
0.8650,  0.054229
0.8655,  0.054064
0.8660,  0.038243
0.8665,  0.047875
0.8670,  0.051578
0.8675,  0.055290
0.8680,  0.052667
0.8685,  0.051140
0.8690,  0.050129
0.8695,  0.045191
0.8700,  0.054473
0.8705,  0.059657
0.8710,  0.065626
0.8715,  0.074405
0.8720,  0.077015
0.8725,  0.072139
0.8730,  0.064939
0.8735,  0.060153
0.8740,  0.060951
0.8745,  0.056934
0.8750,  0.050195
0.8755,  0.047893
0.8760,  0.047381
0.8765,  0.058848
0.8770,  0.066607
0.8775,  0.071292
0.8780,  0.072101
0.8785,  0.070310
0.8790,  0.065469
0.8795,  0.057013
0.8800,  0.049006
0.8805,  0.042992
0.8810,  0.044647
0.8815,  0.048419
0.8820,  0.044311
0.8825,  0.051900
0.8830,  0.060418
0.8835,  0.070046
0.8840,  0.079281
0.8845,  0.077977
0.8850,  0.080757
0.8855,  0.067530
0.8860,  0.058875
0.8865,  0.058816
0.8870,  0.060912
0.8875,  0.061601
0.8880,  0.056252
0.8885,  0.058703
0.8890,  0.054979
0.8895,  0.054016
0.8900,  0.052439
