0.3500,  0.308789
0.3505,  0.354266
0.3510,  0.321031
0.3515,  0.282025
0.3520,  0.243276
0.3525,  0.200882
0.3530,  0.235522
0.3535,  0.267347
0.3540,  0.278923
0.3545,  0.304651
0.3550,  0.295451
0.3555,  0.288941
0.3560,  0.261884
0.3565,  0.237755
0.3570,  0.203126
0.3575,  0.161230
0.3580,  0.115499
0.3585,  0.053527
0.3590,  0.198953
0.3595,  0.320888
0.3600,  0.314236
0.3605,  0.304458
0.3610,  0.258579
0.3615,  0.210809
0.3620,  0.240905
0.3625,  0.270593
0.3630,  0.253986
0.3635,  0.239939
0.3640,  0.223171
0.3645,  0.210680
0.3650,  0.237370
0.3655,  0.267654
0.3660,  0.282711
0.3665,  0.294596
0.3670,  0.269824
0.3675,  0.253403
0.3680,  0.226189
0.3685,  0.196541
0.3690,  0.232508
0.3695,  0.270635
0.3700,  0.247854
0.3705,  0.226358
0.3710,  0.252249
0.3715,  0.282918
0.3720,  0.265314
0.3725,  0.244025
0.3730,  0.209786
0.3735,  0.165194
0.3740,  0.159274
0.3745,  0.149730
0.3750,  0.205375
0.3755,  0.250884
0.3760,  0.240342
0.3765,  0.225249
0.3770,  0.267125
0.3775,  0.306198
0.3780,  0.303946
0.3785,  0.314618
0.3790,  0.238035
0.3795,  0.147341
0.3800,  0.194891
0.3805,  0.254229
0.3810,  0.246638
0.3815,  0.243652
0.3820,  0.177719
0.3825,  0.086218
0.3830,  0.053846
0.3835,  0.007746
0.3840,  0.138002
0.3845,  0.235956
0.3850,  0.237955
0.3855,  0.242128
0.3860,  0.228309
0.3865,  0.219904
0.3870,  0.219026
0.3875,  0.211325
0.3880,  0.191794
0.3885,  0.167560
0.3890,  0.207457
0.3895,  0.238655
0.3900,  0.235711
0.3905,  0.236927
0.3910,  0.258205
0.3915,  0.302064
0.3920,  0.242586
0.3925,  0.176466
0.3930,  0.035592
0.3935,  -0.183277
0.3940,  0.047477
0.3945,  0.205128
0.3950,  0.287090
0.3955,  0.369365
0.3960,  0.230201
0.3965,  0.049093
0.3970,  0.050679
0.3975,  0.035010
0.3980,  0.189153
0.3985,  0.299395
0.3990,  0.288801
0.3995,  0.285785
0.4000,  0.261100
0.4005,  0.237472
0.4010,  0.230014
0.4015,  0.230897
0.4020,  0.225913
0.4025,  0.224395
0.4030,  0.206368
0.4035,  0.190964
0.4040,  0.191588
0.4045,  0.193937
0.4050,  0.196344
0.4055,  0.197597
0.4060,  0.182715
0.4065,  0.166157
0.4070,  0.171312
0.4075,  0.173596
0.4080,  0.190894
0.4085,  0.210340
0.4090,  0.207661
0.4095,  0.206225
0.4100,  0.165760
0.4105,  0.116256
0.4110,  0.171138
0.4115,  0.222192
0.4120,  0.208393
0.4125,  0.193835
0.4130,  0.180008
0.4135,  0.170744
0.4140,  0.167049
0.4145,  0.162059
0.4150,  0.163166
0.4155,  0.164810
0.4160,  0.185839
0.4165,  0.209127
0.4170,  0.177274
0.4175,  0.139164
0.4180,  0.142111
0.4185,  0.147195
0.4190,  0.151787
0.4195,  0.152357
0.4200,  0.161883
0.4205,  0.171312
0.4210,  0.175883
0.4215,  0.185457
0.4220,  0.148351
0.4225,  0.104162
0.4230,  0.132322
0.4235,  0.163535
0.4240,  0.176764
0.4245,  0.190265
0.4250,  0.177322
0.4255,  0.164051
0.4260,  0.166876
0.4265,  0.171392
0.4270,  0.142821
0.4275,  0.117324
0.4280,  0.132186
0.4285,  0.148144
0.4290,  0.142194
0.4295,  0.137717
0.4300,  0.066954
0.4305,  -0.031306
0.4310,  0.116637
0.4315,  0.223868
0.4320,  0.190290
0.4325,  0.162359
0.4330,  0.171791
0.4335,  0.180501
0.4340,  0.158706
0.4345,  0.134928
0.4350,  0.134372
0.4355,  0.133918
0.4360,  0.169198
0.4365,  0.207917
0.4370,  0.187690
0.4375,  0.172847
0.4380,  0.133121
0.4385,  0.083957
0.4390,  0.138893
0.4395,  0.185274
0.4400,  0.153173
0.4405,  0.117280
0.4410,  0.148393
0.4415,  0.178556
0.4420,  0.178572
0.4425,  0.179423
0.4430,  0.159453
0.4435,  0.141891
0.4440,  0.153530
0.4445,  0.168009
0.4450,  0.142379
0.4455,  0.111717
0.4460,  0.124943
0.4465,  0.134426
0.4470,  0.161496
0.4475,  0.187763
0.4480,  0.164190
0.4485,  0.139482
0.4490,  0.141838
0.4495,  0.143607
0.4500,  0.157776
0.4505,  0.173859
0.4510,  0.168370
0.4515,  0.165246
0.4520,  0.140959
0.4525,  0.117024
0.4530,  0.124576
0.4535,  0.130490
0.4540,  0.132379
0.4545,  0.133837
0.4550,  0.138154
0.4555,  0.143720
0.4560,  0.148711
0.4565,  0.153222
0.4570,  0.156162
0.4575,  0.162533
0.4580,  0.143790
0.4585,  0.124679
0.4590,  0.136457
0.4595,  0.143582
0.4600,  0.146892
0.4605,  0.148044
0.4610,  0.144883
0.4615,  0.141187
0.4620,  0.145718
0.4625,  0.152787
0.4630,  0.141184
0.4635,  0.133989
0.4640,  0.128677
0.4645,  0.122098
0.4650,  0.138743
0.4655,  0.156219
0.4660,  0.137370
0.4665,  0.118441
0.4670,  0.138132
0.4675,  0.155177
0.4680,  0.150590
0.4685,  0.148024
0.4690,  0.153057
0.4695,  0.156119
0.4700,  0.137586
0.4705,  0.115358
0.4710,  0.137051
0.4715,  0.160278
0.4720,  0.160581
0.4725,  0.162368
0.4730,  0.153289
0.4735,  0.142974
0.4740,  0.150438
0.4745,  0.160629
0.4750,  0.156624
0.4755,  0.152508
0.4760,  0.142223
0.4765,  0.131065
0.4770,  0.151705
0.4775,  0.171473
0.4780,  0.156052
0.4785,  0.141387
0.4790,  0.151897
0.4795,  0.163020
0.4800,  0.154076
0.4805,  0.148135
0.4810,  0.159317
0.4815,  0.168188
0.4820,  0.155759
0.4825,  0.147546
0.4830,  0.149156
0.4835,  0.151461
0.4840,  0.152916
0.4845,  0.159154
0.4850,  0.151496
0.4855,  0.140864
0.4860,  0.107125
0.4865,  0.061710
0.4870,  0.101796
0.4875,  0.137950
0.4880,  0.147141
0.4885,  0.153504
0.4890,  0.151962
0.4895,  0.152834
0.4900,  0.157979
0.4905,  0.168773
0.4910,  0.153166
0.4915,  0.134851
0.4920,  0.134810
0.4925,  0.133233
0.4930,  0.128746
0.4935,  0.119666
0.4940,  0.144888
0.4945,  0.171785
0.4950,  0.145707
0.4955,  0.119733
0.4960,  0.137567
0.4965,  0.154836
0.4970,  0.158475
0.4975,  0.164704
0.4980,  0.139839
0.4985,  0.111944
0.4990,  0.135556
0.4995,  0.160905
0.5000,  0.145894
0.5005,  0.128269
0.5010,  0.122045
0.5015,  0.112156
0.5020,  0.128847
0.5025,  0.146005
0.5030,  0.154326
0.5035,  0.159849
0.5040,  0.143972
0.5045,  0.124639
0.5050,  0.140674
0.5055,  0.160315
0.5060,  0.153129
0.5065,  0.148974
0.5070,  0.140783
0.5075,  0.131645
0.5080,  0.134311
0.5085,  0.135769
0.5090,  0.134596
0.5095,  0.133937
0.5100,  0.138854
0.5105,  0.142936
0.5110,  0.151626
0.5115,  0.161951
0.5120,  0.141474
0.5125,  0.121205
0.5130,  0.125217
0.5135,  0.126999
0.5140,  0.131345
0.5145,  0.136613
0.5150,  0.147935
0.5155,  0.166079
0.5160,  0.136526
0.5165,  0.100203
0.5170,  0.120943
0.5175,  0.135700
0.5180,  0.115532
0.5185,  0.089762
0.5190,  0.117158
0.5195,  0.144299
0.5200,  0.136610
0.5205,  0.130264
0.5210,  0.141521
0.5215,  0.154761
0.5220,  0.138107
0.5225,  0.119240
0.5230,  0.129360
0.5235,  0.138784
0.5240,  0.147260
0.5245,  0.160981
0.5250,  0.163127
0.5255,  0.167096
0.5260,  0.124915
0.5265,  0.074359
0.5270,  0.103806
0.5275,  0.127090
0.5280,  0.132129
0.5285,  0.138099
0.5290,  0.136392
0.5295,  0.135548
0.5300,  0.139256
0.5305,  0.146412
0.5310,  0.152507
0.5315,  0.160517
0.5320,  0.129639
0.5325,  0.094384
0.5330,  0.124742
0.5335,  0.152474
0.5340,  0.134919
0.5345,  0.117073
0.5350,  0.140200
0.5355,  0.164625
0.5360,  0.143895
0.5365,  0.122354
0.5370,  0.125098
0.5375,  0.129004
0.5380,  0.136735
0.5385,  0.146081
0.5390,  0.137836
0.5395,  0.128101
0.5400,  0.116869
0.5405,  0.105375
0.5410,  0.127780
0.5415,  0.148066
0.5420,  0.135290
0.5425,  0.122803
0.5430,  0.132005
0.5435,  0.140493
0.5440,  0.140187
0.5445,  0.140780
0.5450,  0.145525
0.5455,  0.149627
0.5460,  0.146713
0.5465,  0.143607
0.5470,  0.134467
0.5475,  0.123471
0.5480,  0.127405
0.5485,  0.132303
0.5490,  0.138778
0.5495,  0.145421
0.5500,  0.137701
0.5505,  0.131287
0.5510,  0.134471
0.5515,  0.136535
0.5520,  0.133476
0.5525,  0.127870
0.5530,  0.133271
0.5535,  0.138887
0.5540,  0.139704
0.5545,  0.143445
0.5550,  0.147639
0.5555,  0.151855
0.5560,  0.140246
0.5565,  0.129073
0.5570,  0.137076
0.5575,  0.146534
0.5580,  0.138377
0.5585,  0.127342
0.5590,  0.130242
0.5595,  0.133177
0.5600,  0.138253
0.5605,  0.143578
0.5610,  0.140175
0.5615,  0.136526
0.5620,  0.141466
0.5625,  0.146767
0.5630,  0.149555
0.5635,  0.152904
0.5640,  0.154319
0.5645,  0.156368
0.5650,  0.147876
0.5655,  0.136404
0.5660,  0.140091
0.5665,  0.144361
0.5670,  0.155970
0.5675,  0.168765
0.5680,  0.153533
0.5685,  0.138891
0.5690,  0.152606
0.5695,  0.166774
0.5700,  0.151058
0.5705,  0.130586
0.5710,  0.138347
0.5715,  0.142094
0.5720,  0.150547
0.5725,  0.161585
0.5730,  0.158115
0.5735,  0.157547
0.5740,  0.158414
0.5745,  0.159058
0.5750,  0.151801
0.5755,  0.142608
0.5760,  0.145274
0.5765,  0.150742
0.5770,  0.156505
0.5775,  0.160628
0.5780,  0.143181
0.5785,  0.125495
0.5790,  0.132357
0.5795,  0.139058
0.5800,  0.138402
0.5805,  0.137784
0.5810,  0.138009
0.5815,  0.138675
0.5820,  0.142751
0.5825,  0.145761
0.5830,  0.142741
0.5835,  0.140094
0.5840,  0.141665
0.5845,  0.146938
0.5850,  0.135104
0.5855,  0.120833
0.5860,  0.133294
0.5865,  0.150367
0.5870,  0.165295
0.5875,  0.182995
0.5880,  0.178114
0.5885,  0.166505
0.5890,  0.137415
0.5895,  0.101367
0.5900,  0.141608
0.5905,  0.179364
0.5910,  0.170971
0.5915,  0.162028
0.5920,  0.162513
0.5925,  0.164560
0.5930,  0.161177
0.5935,  0.160511
0.5940,  0.157447
0.5945,  0.152549
0.5950,  0.155593
0.5955,  0.155433
0.5960,  0.159676
0.5965,  0.164759
0.5970,  0.158867
0.5975,  0.151900
0.5980,  0.144112
0.5985,  0.139061
0.5990,  0.145460
0.5995,  0.152430
0.6000,  0.149763
0.6005,  0.147275
0.6010,  0.150130
0.6015,  0.148541
0.6020,  0.136678
0.6025,  0.125133
0.6030,  0.135659
0.6035,  0.148549
0.6040,  0.149172
0.6045,  0.151179
0.6050,  0.150412
0.6055,  0.146752
0.6060,  0.143654
0.6065,  0.141309
0.6070,  0.139845
0.6075,  0.141187
0.6080,  0.142071
0.6085,  0.144351
0.6090,  0.148211
0.6095,  0.149515
0.6100,  0.141506
0.6105,  0.132734
0.6110,  0.143503
0.6115,  0.153281
0.6120,  0.144916
0.6125,  0.138263
0.6130,  0.137083
0.6135,  0.132874
0.6140,  0.141767
0.6145,  0.153044
0.6150,  0.157303
0.6155,  0.158101
0.6160,  0.132975
0.6165,  0.105112
0.6170,  0.124021
0.6175,  0.144005
0.6180,  0.148647
0.6185,  0.154216
0.6190,  0.150817
0.6195,  0.145097
0.6200,  0.150596
0.6205,  0.156741
0.6210,  0.147063
0.6215,  0.138146
0.6220,  0.145354
0.6225,  0.154135
0.6230,  0.147666
0.6235,  0.144315
0.6240,  0.149230
0.6245,  0.151327
0.6250,  0.145884
0.6255,  0.138389
0.6260,  0.152983
0.6265,  0.168757
0.6270,  0.174021
0.6275,  0.176788
0.6280,  0.178885
0.6285,  0.181979
0.6290,  0.181333
0.6295,  0.177491
0.6300,  0.170817
0.6305,  0.162227
0.6310,  0.155089
0.6315,  0.151618
0.6320,  0.149338
0.6325,  0.147076
0.6330,  0.148530
0.6335,  0.149138
0.6340,  0.151024
0.6345,  0.154621
0.6350,  0.157553
0.6355,  0.156764
0.6360,  0.154080
0.6365,  0.150069
0.6370,  0.144149
0.6375,  0.142479
0.6380,  0.142854
0.6385,  0.144373
0.6390,  0.145414
0.6395,  0.145301
0.6400,  0.142930
0.6405,  0.139368
0.6410,  0.135661
0.6415,  0.135585
0.6420,  0.134842
0.6425,  0.132892
0.6430,  0.130952
0.6435,  0.133542
0.6440,  0.139105
0.6445,  0.148622
0.6450,  0.156129
0.6455,  0.159530
0.6460,  0.161772
0.6465,  0.162833
0.6470,  0.161364
0.6475,  0.157767
0.6480,  0.156429
0.6485,  0.150789
0.6490,  0.142441
0.6495,  0.144162
0.6500,  0.148882
0.6505,  0.155439
0.6510,  0.161954
0.6515,  0.159211
0.6520,  0.156158
0.6525,  0.154992
0.6530,  0.157282
0.6535,  0.154626
0.6540,  0.158464
0.6545,  0.167326
0.6550,  0.176149
0.6555,  0.167628
0.6560,  0.144871
0.6565,  0.111878
0.6570,  0.075777
0.6575,  0.085072
0.6580,  0.100785
0.6585,  0.115576
0.6590,  0.131235
0.6595,  0.126587
0.6600,  0.121205
0.6605,  0.118384
0.6610,  0.117712
0.6615,  0.116262
0.6620,  0.117968
0.6625,  0.119869
0.6630,  0.121659
0.6635,  0.122819
0.6640,  0.124717
0.6645,  0.125444
0.6650,  0.125987
0.6655,  0.123149
0.6660,  0.117840
0.6665,  0.112588
0.6670,  0.108919
0.6675,  0.108180
0.6680,  0.107566
0.6685,  0.111761
0.6690,  0.115963
0.6695,  0.116798
0.6700,  0.116526
0.6705,  0.117421
0.6710,  0.117450
0.6715,  0.117746
0.6720,  0.116420
0.6725,  0.116530
0.6730,  0.114651
0.6735,  0.110649
0.6740,  0.108813
0.6745,  0.107531
0.6750,  0.105692
0.6755,  0.106003
0.6760,  0.107860
0.6765,  0.112086
0.6770,  0.113649
0.6775,  0.115109
0.6780,  0.116010
0.6785,  0.115908
0.6790,  0.112976
0.6795,  0.110917
0.6800,  0.109924
0.6805,  0.107671
0.6810,  0.103677
0.6815,  0.105856
0.6820,  0.114355
0.6825,  0.121257
0.6830,  0.127798
0.6835,  0.130299
0.6840,  0.130400
0.6845,  0.132279
0.6850,  0.143322
0.6855,  0.174565
0.6860,  0.212673
0.6865,  0.241658
0.6870,  0.251967
0.6875,  0.246460
0.6880,  0.242706
0.6885,  0.238114
0.6890,  0.232576
0.6895,  0.224918
0.6900,  0.217336
0.6905,  0.208968
0.6910,  0.200907
0.6915,  0.195283
0.6920,  0.192506
0.6925,  0.192109
0.6930,  0.192145
0.6935,  0.189280
0.6940,  0.187778
0.6945,  0.182550
0.6950,  0.173793
0.6955,  0.162883
0.6960,  0.155939
0.6965,  0.152753
0.6970,  0.152476
0.6975,  0.159561
0.6980,  0.168602
0.6985,  0.172012
0.6990,  0.175211
0.6995,  0.174027
0.7000,  0.170166
0.7005,  0.168712
0.7010,  0.167965
0.7015,  0.167244
0.7020,  0.163276
0.7025,  0.160050
0.7030,  0.158769
0.7035,  0.156050
0.7040,  0.157174
0.7045,  0.160547
0.7050,  0.161365
0.7055,  0.158446
0.7060,  0.154892
0.7065,  0.151967
0.7070,  0.147920
0.7075,  0.144995
0.7080,  0.143320
0.7085,  0.140662
0.7090,  0.137721
0.7095,  0.136216
0.7100,  0.135963
0.7105,  0.137579
0.7110,  0.141709
0.7115,  0.142297
0.7120,  0.142466
0.7125,  0.143128
0.7130,  0.145491
0.7135,  0.147906
0.7140,  0.153772
0.7145,  0.163184
0.7150,  0.179086
0.7155,  0.205011
0.7160,  0.239279
0.7165,  0.272494
0.7170,  0.302089
0.7175,  0.324083
0.7180,  0.339681
0.7185,  0.352612
0.7190,  0.345844
0.7195,  0.331372
0.7200,  0.309182
0.7205,  0.281857
0.7210,  0.260064
0.7215,  0.249982
0.7220,  0.255062
0.7225,  0.268784
0.7230,  0.282042
0.7235,  0.291635
0.7240,  0.300750
0.7245,  0.309701
0.7250,  0.315003
0.7255,  0.313783
0.7260,  0.311635
0.7265,  0.314258
0.7270,  0.317392
0.7275,  0.311808
0.7280,  0.302685
0.7285,  0.292869
0.7290,  0.281874
0.7295,  0.274145
0.7300,  0.265846
0.7305,  0.256424
0.7310,  0.245691
0.7315,  0.231847
0.7320,  0.220834
0.7325,  0.203991
0.7330,  0.191444
0.7335,  0.182371
0.7340,  0.177883
0.7345,  0.179139
0.7350,  0.179425
0.7355,  0.178883
0.7360,  0.173447
0.7365,  0.169920
0.7370,  0.168899
0.7375,  0.164321
0.7380,  0.162043
0.7385,  0.159032
0.7390,  0.151022
0.7395,  0.145949
0.7400,  0.143642
0.7405,  0.137660
0.7410,  0.128970
0.7415,  0.131382
0.7420,  0.132908
0.7425,  0.134220
0.7430,  0.137012
0.7435,  0.135256
0.7440,  0.133010
0.7445,  0.131549
0.7450,  0.130975
0.7455,  0.131562
0.7460,  0.132142
0.7465,  0.132646
0.7470,  0.128505
0.7475,  0.123988
0.7480,  0.121010
0.7485,  0.122938
0.7490,  0.123404
0.7495,  0.123419
0.7500,  0.119379
0.7505,  0.116517
0.7510,  0.115342
0.7515,  0.117251
0.7520,  0.112845
0.7525,  0.111159
0.7530,  0.109330
0.7535,  0.111442
0.7540,  0.112170
0.7545,  0.113486
0.7550,  0.115765
0.7555,  0.118567
0.7560,  0.118167
0.7565,  0.118680
0.7570,  0.125125
0.7575,  0.151678
0.7580,  0.221039
0.7585,  0.335153
0.7590,  0.494838
0.7595,  0.647892
0.7600,  0.728035
0.7605,  0.740712
0.7610,  0.720183
0.7615,  0.702718
0.7620,  0.701831
0.7625,  0.703665
0.7630,  0.667984
0.7635,  0.615288
0.7640,  0.556524
0.7645,  0.489802
0.7650,  0.426563
0.7655,  0.364379
0.7660,  0.305448
0.7665,  0.251371
0.7670,  0.211692
0.7675,  0.186394
0.7680,  0.171832
0.7685,  0.161813
0.7690,  0.148891
0.7695,  0.139899
0.7700,  0.133867
0.7705,  0.129218
0.7710,  0.126185
0.7715,  0.124680
0.7720,  0.121613
0.7725,  0.120109
0.7730,  0.124183
0.7735,  0.121748
0.7740,  0.117121
0.7745,  0.116151
0.7750,  0.113491
0.7755,  0.114845
0.7760,  0.116072
0.7765,  0.120034
0.7770,  0.123755
0.7775,  0.119320
0.7780,  0.117249
0.7785,  0.118678
0.7790,  0.115978
0.7795,  0.119949
0.7800,  0.119613
0.7805,  0.118073
0.7810,  0.113589
0.7815,  0.110723
0.7820,  0.111615
0.7825,  0.114357
0.7830,  0.117570
0.7835,  0.124327
0.7840,  0.124206
0.7845,  0.121059
0.7850,  0.120368
0.7855,  0.120875
0.7860,  0.124632
0.7865,  0.133280
0.7870,  0.138071
0.7875,  0.141123
0.7880,  0.147314
0.7885,  0.154801
0.7890,  0.155138
0.7895,  0.154358
0.7900,  0.151426
0.7905,  0.152623
0.7910,  0.149843
0.7915,  0.150557
0.7920,  0.151653
0.7925,  0.148336
0.7930,  0.141629
0.7935,  0.145208
0.7940,  0.145759
0.7945,  0.148923
0.7950,  0.146192
0.7955,  0.151258
0.7960,  0.148216
0.7965,  0.148436
0.7970,  0.147480
0.7975,  0.143326
0.7980,  0.142242
0.7985,  0.146327
0.7990,  0.146564
0.7995,  0.150380
0.8000,  0.151412
0.8005,  0.154453
0.8010,  0.161928
0.8015,  0.165902
0.8020,  0.154485
0.8025,  0.145632
0.8030,  0.138913
0.8035,  0.136688
0.8040,  0.134590
0.8045,  0.134319
0.8050,  0.131710
0.8055,  0.130033
0.8060,  0.135199
0.8065,  0.139261
0.8070,  0.139711
0.8075,  0.142499
0.8080,  0.138545
0.8085,  0.138657
0.8090,  0.139695
0.8095,  0.148709
0.8100,  0.159277
0.8105,  0.166628
0.8110,  0.177088
0.8115,  0.194999
0.8120,  0.213730
0.8125,  0.233342
0.8130,  0.260327
0.8135,  0.279268
0.8140,  0.292491
0.8145,  0.311832
0.8150,  0.333952
0.8155,  0.343573
0.8160,  0.348295
0.8165,  0.350939
0.8170,  0.345599
0.8175,  0.338825
0.8180,  0.326949
0.8185,  0.304292
0.8190,  0.279058
0.8195,  0.257968
0.8200,  0.248314
0.8205,  0.245096
0.8210,  0.264432
0.8215,  0.296766
0.8220,  0.330106
0.8225,  0.333036
0.8230,  0.309595
0.8235,  0.275171
0.8240,  0.244654
0.8245,  0.238365
0.8250,  0.230671
0.8255,  0.232638
0.8260,  0.238567
0.8265,  0.247177
0.8270,  0.252215
0.8275,  0.262165
0.8280,  0.271156
0.8285,  0.260568
0.8290,  0.250525
0.8295,  0.247154
0.8300,  0.243104
0.8305,  0.244951
0.8310,  0.244118
0.8315,  0.235029
0.8320,  0.223396
0.8325,  0.210562
0.8330,  0.202775
0.8335,  0.194379
0.8340,  0.185749
0.8345,  0.178691
0.8350,  0.180305
0.8355,  0.174360
0.8360,  0.167262
0.8365,  0.156118
0.8370,  0.157060
0.8375,  0.159555
0.8380,  0.154235
0.8385,  0.139409
0.8390,  0.134872
0.8395,  0.128144
0.8400,  0.127052
0.8405,  0.129180
0.8410,  0.129054
0.8415,  0.126275
0.8420,  0.128047
0.8425,  0.129837
0.8430,  0.131088
0.8435,  0.129631
0.8440,  0.123127
0.8445,  0.115681
0.8450,  0.113656
0.8455,  0.117595
0.8460,  0.121754
0.8465,  0.121682
0.8470,  0.127782
0.8475,  0.126674
0.8480,  0.132269
0.8485,  0.137102
0.8490,  0.133349
0.8495,  0.123328
0.8500,  0.100302
0.8505,  0.098773
0.8510,  0.095666
0.8515,  0.103311
0.8520,  0.120347
0.8525,  0.121551
0.8530,  0.120550
0.8535,  0.106894
0.8540,  0.078211
0.8545,  0.092223
0.8550,  0.099137
0.8555,  0.096728
0.8560,  0.098572
0.8565,  0.096541
0.8570,  0.098833
0.8575,  0.096911
0.8580,  0.094237
0.8585,  0.093393
0.8590,  0.092520
0.8595,  0.091839
0.8600,  0.092042
0.8605,  0.094634
0.8610,  0.090261
0.8615,  0.096315
0.8620,  0.092711
0.8625,  0.096170
0.8630,  0.094905
0.8635,  0.105262
0.8640,  0.120717
0.8645,  0.107277
0.8650,  0.100870
0.8655,  0.090954
0.8660,  0.055853
0.8665,  0.053828
0.8670,  0.058906
0.8675,  0.062010
0.8680,  0.071578
0.8685,  0.073249
0.8690,  0.076826
0.8695,  0.085894
0.8700,  0.095698
0.8705,  0.101385
0.8710,  0.117446
0.8715,  0.113519
0.8720,  0.116709
0.8725,  0.112197
0.8730,  0.100103
0.8735,  0.099449
0.8740,  0.104971
0.8745,  0.109534
0.8750,  0.112330
0.8755,  0.109530
0.8760,  0.099278
0.8765,  0.086868
0.8770,  0.079720
0.8775,  0.079459
0.8780,  0.091976
0.8785,  0.103946
0.8790,  0.117417
0.8795,  0.113983
0.8800,  0.100049
0.8805,  0.103984
0.8810,  0.105928
0.8815,  0.114049
0.8820,  0.106545
0.8825,  0.100163
0.8830,  0.096680
0.8835,  0.094910
0.8840,  0.102727
0.8845,  0.100130
0.8850,  0.105570
0.8855,  0.103111
0.8860,  0.106246
0.8865,  0.111193
0.8870,  0.104427
0.8875,  0.098008
0.8880,  0.097783
0.8885,  0.108260
0.8890,  0.109484
0.8895,  0.105202
0.8900,  0.109304
