0.3500,  0.025586
0.3505,  0.082160
0.3510,  0.053543
0.3515,  0.022346
0.3520,  -0.005787
0.3525,  -0.037529
0.3530,  0.004412
0.3535,  0.040998
0.3540,  0.067953
0.3545,  0.084356
0.3550,  0.062690
0.3555,  0.049173
0.3560,  0.018064
0.3565,  -0.012751
0.3570,  -0.042801
0.3575,  -0.077352
0.3580,  -0.118327
0.3585,  -0.165724
0.3590,  -0.023350
0.3595,  0.090319
0.3600,  0.078085
0.3605,  0.068872
0.3610,  0.027470
0.3615,  -0.016221
0.3620,  0.025071
0.3625,  0.053996
0.3630,  0.039825
0.3635,  0.027788
0.3640,  0.019290
0.3645,  0.008227
0.3650,  0.040714
0.3655,  0.070266
0.3660,  0.080797
0.3665,  0.093585
0.3670,  0.067819
0.3675,  0.046617
0.3680,  0.020375
0.3685,  -0.008326
0.3690,  0.031914
0.3695,  0.071960
0.3700,  0.047334
0.3705,  0.018539
0.3710,  0.032947
0.3715,  0.050896
0.3720,  0.025868
0.3725,  0.002469
0.3730,  -0.024663
0.3735,  -0.054625
0.3740,  -0.045923
0.3745,  -0.044880
0.3750,  0.021443
0.3755,  0.077602
0.3760,  0.076401
0.3765,  0.065840
0.3770,  0.103432
0.3775,  0.134786
0.3780,  0.127122
0.3785,  0.130830
0.3790,  0.052302
0.3795,  -0.032477
0.3800,  0.017814
0.3805,  0.069808
0.3810,  0.047329
0.3815,  0.033165
0.3820,  -0.036336
0.3825,  -0.123844
0.3830,  -0.147501
0.3835,  -0.185309
0.3840,  -0.049176
0.3845,  0.055381
0.3850,  0.064286
0.3855,  0.073465
0.3860,  0.061921
0.3865,  0.054197
0.3870,  0.049268
0.3875,  0.040631
0.3880,  0.022957
0.3885,  0.001247
0.3890,  0.049766
0.3895,  0.090550
0.3900,  0.092889
0.3905,  0.097678
0.3910,  0.114723
0.3915,  0.141515
0.3920,  0.062578
0.3925,  -0.017813
0.3930,  -0.162339
0.3935,  -0.372576
0.3940,  -0.131335
0.3945,  0.039503
0.3950,  0.128357
0.3955,  0.213937
0.3960,  0.078762
0.3965,  -0.094329
0.3970,  -0.079560
0.3975,  -0.082576
0.3980,  0.078073
0.3985,  0.187908
0.3990,  0.173296
0.3995,  0.167070
0.4000,  0.141759
0.4005,  0.118642
0.4010,  0.109333
0.4015,  0.104547
0.4020,  0.093082
0.4025,  0.087819
0.4030,  0.069363
0.4035,  0.051334
0.4040,  0.046629
0.4045,  0.045202
0.4050,  0.044633
0.4055,  0.045444
0.4060,  0.032441
0.4065,  0.020735
0.4070,  0.033581
0.4075,  0.042831
0.4080,  0.065545
0.4085,  0.087785
0.4090,  0.081768
0.4095,  0.076959
0.4100,  0.038769
0.4105,  -0.007332
0.4110,  0.048841
0.4115,  0.099963
0.4120,  0.087015
0.4125,  0.072772
0.4130,  0.059136
0.4135,  0.049580
0.4140,  0.045715
0.4145,  0.040089
0.4150,  0.039296
0.4155,  0.037121
0.4160,  0.058396
0.4165,  0.081281
0.4170,  0.050454
0.4175,  0.016736
0.4180,  0.023452
0.4185,  0.031680
0.4190,  0.037224
0.4195,  0.037944
0.4200,  0.048016
0.4205,  0.057804
0.4210,  0.061399
0.4215,  0.069633
0.4220,  0.030158
0.4225,  -0.013777
0.4230,  0.018820
0.4235,  0.048984
0.4240,  0.059861
0.4245,  0.073580
0.4250,  0.061629
0.4255,  0.047638
0.4260,  0.052246
0.4265,  0.057628
0.4270,  0.032969
0.4275,  0.007945
0.4280,  0.019664
0.4285,  0.035849
0.4290,  0.026555
0.4295,  0.020871
0.4300,  -0.049502
0.4305,  -0.143639
0.4310,  0.013826
0.4315,  0.131320
0.4320,  0.104694
0.4325,  0.077454
0.4330,  0.080447
0.4335,  0.086261
0.4340,  0.064919
0.4345,  0.045627
0.4350,  0.047644
0.4355,  0.046745
0.4360,  0.081263
0.4365,  0.116701
0.4370,  0.089990
0.4375,  0.068116
0.4380,  0.025521
0.4385,  -0.023952
0.4390,  0.035038
0.4395,  0.085901
0.4400,  0.058350
0.4405,  0.028271
0.4410,  0.063696
0.4415,  0.094750
0.4420,  0.094022
0.4425,  0.093164
0.4430,  0.071449
0.4435,  0.053448
0.4440,  0.064114
0.4445,  0.078826
0.4450,  0.053788
0.4455,  0.024426
0.4460,  0.036797
0.4465,  0.047584
0.4470,  0.077058
0.4475,  0.102260
0.4480,  0.078541
0.4485,  0.054336
0.4490,  0.058197
0.4495,  0.061558
0.4500,  0.075256
0.4505,  0.090381
0.4510,  0.082802
0.4515,  0.076139
0.4520,  0.050076
0.4525,  0.027010
0.4530,  0.037340
0.4535,  0.044660
0.4540,  0.050092
0.4545,  0.054166
0.4550,  0.062155
0.4555,  0.069100
0.4560,  0.071649
0.4565,  0.074860
0.4570,  0.077021
0.4575,  0.083834
0.4580,  0.064851
0.4585,  0.044393
0.4590,  0.052781
0.4595,  0.058908
0.4600,  0.063868
0.4605,  0.068160
0.4610,  0.066650
0.4615,  0.063593
0.4620,  0.070549
0.4625,  0.078713
0.4630,  0.067284
0.4635,  0.059586
0.4640,  0.052610
0.4645,  0.045732
0.4650,  0.063355
0.4655,  0.081185
0.4660,  0.060154
0.4665,  0.040530
0.4670,  0.061164
0.4675,  0.077941
0.4680,  0.072218
0.4685,  0.071887
0.4690,  0.073708
0.4695,  0.076828
0.4700,  0.059656
0.4705,  0.040151
0.4710,  0.067089
0.4715,  0.093936
0.4720,  0.094730
0.4725,  0.094986
0.4730,  0.084779
0.4735,  0.074464
0.4740,  0.083235
0.4745,  0.094882
0.4750,  0.089621
0.4755,  0.083614
0.4760,  0.073595
0.4765,  0.062611
0.4770,  0.083607
0.4775,  0.102859
0.4780,  0.087968
0.4785,  0.074372
0.4790,  0.087127
0.4795,  0.098117
0.4800,  0.090137
0.4805,  0.084614
0.4810,  0.095220
0.4815,  0.104027
0.4820,  0.090886
0.4825,  0.083018
0.4830,  0.085423
0.4835,  0.088309
0.4840,  0.086938
0.4845,  0.089609
0.4850,  0.078782
0.4855,  0.069362
0.4860,  0.042100
0.4865,  0.003915
0.4870,  0.048515
0.4875,  0.087362
0.4880,  0.095844
0.4885,  0.101817
0.4890,  0.100782
0.4895,  0.101480
0.4900,  0.104468
0.4905,  0.111541
0.4910,  0.093393
0.4915,  0.075578
0.4920,  0.078033
0.4925,  0.077608
0.4930,  0.073417
0.4935,  0.066817
0.4940,  0.092467
0.4945,  0.118882
0.4950,  0.091355
0.4955,  0.064667
0.4960,  0.080026
0.4965,  0.095990
0.4970,  0.098759
0.4975,  0.104048
0.4980,  0.079538
0.4985,  0.052385
0.4990,  0.075238
0.4995,  0.098568
0.5000,  0.082505
0.5005,  0.065609
0.5010,  0.061004
0.5015,  0.052998
0.5020,  0.068414
0.5025,  0.083313
0.5030,  0.090473
0.5035,  0.096158
0.5040,  0.082468
0.5045,  0.064733
0.5050,  0.081884
0.5055,  0.101273
0.5060,  0.093096
0.5065,  0.087533
0.5070,  0.079872
0.5075,  0.071285
0.5080,  0.074061
0.5085,  0.075732
0.5090,  0.074503
0.5095,  0.072601
0.5100,  0.076658
0.5105,  0.080520
0.5110,  0.089065
0.5115,  0.096825
0.5120,  0.074677
0.5125,  0.055224
0.5130,  0.060111
0.5135,  0.061779
0.5140,  0.067556
0.5145,  0.073124
0.5150,  0.082598
0.5155,  0.097097
0.5160,  0.065718
0.5165,  0.030926
0.5170,  0.052922
0.5175,  0.070260
0.5180,  0.054517
0.5185,  0.031828
0.5190,  0.060469
0.5195,  0.088001
0.5200,  0.080142
0.5205,  0.073259
0.5210,  0.083581
0.5215,  0.095603
0.5220,  0.077120
0.5225,  0.058706
0.5230,  0.069074
0.5235,  0.076858
0.5240,  0.084142
0.5245,  0.094701
0.5250,  0.092262
0.5255,  0.095142
0.5260,  0.054511
0.5265,  0.007464
0.5270,  0.041594
0.5275,  0.067718
0.5280,  0.072453
0.5285,  0.077004
0.5290,  0.074669
0.5295,  0.072882
0.5300,  0.074444
0.5305,  0.077793
0.5310,  0.081008
0.5315,  0.087837
0.5320,  0.057545
0.5325,  0.023555
0.5330,  0.057149
0.5335,  0.087079
0.5340,  0.071062
0.5345,  0.053785
0.5350,  0.075612
0.5355,  0.099158
0.5360,  0.078284
0.5365,  0.057473
0.5370,  0.060076
0.5375,  0.062422
0.5380,  0.068406
0.5385,  0.077054
0.5390,  0.069137
0.5395,  0.061560
0.5400,  0.052884
0.5405,  0.041467
0.5410,  0.064295
0.5415,  0.085397
0.5420,  0.072192
0.5425,  0.058521
0.5430,  0.067281
0.5435,  0.075280
0.5440,  0.073402
0.5445,  0.072904
0.5450,  0.076682
0.5455,  0.080233
0.5460,  0.077619
0.5465,  0.075238
0.5470,  0.067145
0.5475,  0.057615
0.5480,  0.063697
0.5485,  0.069069
0.5490,  0.074835
0.5495,  0.079790
0.5500,  0.072840
0.5505,  0.067525
0.5510,  0.069984
0.5515,  0.072642
0.5520,  0.068221
0.5525,  0.062196
0.5530,  0.068021
0.5535,  0.074386
0.5540,  0.077023
0.5545,  0.079747
0.5550,  0.082463
0.5555,  0.085745
0.5560,  0.074108
0.5565,  0.062483
0.5570,  0.070494
0.5575,  0.079203
0.5580,  0.071205
0.5585,  0.061989
0.5590,  0.067084
0.5595,  0.070959
0.5600,  0.074669
0.5605,  0.078352
0.5610,  0.074256
0.5615,  0.070039
0.5620,  0.074367
0.5625,  0.078864
0.5630,  0.081550
0.5635,  0.085460
0.5640,  0.086599
0.5645,  0.087587
0.5650,  0.079386
0.5655,  0.068946
0.5660,  0.073416
0.5665,  0.079439
0.5670,  0.090854
0.5675,  0.102297
0.5680,  0.087816
0.5685,  0.074363
0.5690,  0.087309
0.5695,  0.100911
0.5700,  0.085641
0.5705,  0.067008
0.5710,  0.074831
0.5715,  0.079659
0.5720,  0.087704
0.5725,  0.096103
0.5730,  0.090590
0.5735,  0.087602
0.5740,  0.086935
0.5745,  0.087077
0.5750,  0.080827
0.5755,  0.072470
0.5760,  0.074981
0.5765,  0.079102
0.5770,  0.083493
0.5775,  0.087066
0.5780,  0.072097
0.5785,  0.056928
0.5790,  0.065222
0.5795,  0.071783
0.5800,  0.071334
0.5805,  0.070666
0.5810,  0.070696
0.5815,  0.071825
0.5820,  0.075227
0.5825,  0.078359
0.5830,  0.075332
0.5835,  0.072839
0.5840,  0.074285
0.5845,  0.078829
0.5850,  0.068086
0.5855,  0.055271
0.5860,  0.067700
0.5865,  0.080830
0.5870,  0.090564
0.5875,  0.104588
0.5880,  0.099048
0.5885,  0.089560
0.5890,  0.066304
0.5895,  0.035973
0.5900,  0.076625
0.5905,  0.114265
0.5910,  0.104626
0.5915,  0.094713
0.5920,  0.093642
0.5925,  0.095623
0.5930,  0.091486
0.5935,  0.090168
0.5940,  0.087953
0.5945,  0.084031
0.5950,  0.086701
0.5955,  0.088368
0.5960,  0.091215
0.5965,  0.094770
0.5970,  0.087930
0.5975,  0.081737
0.5980,  0.076913
0.5985,  0.074038
0.5990,  0.081155
0.5995,  0.087375
0.6000,  0.083862
0.6005,  0.081029
0.6010,  0.083883
0.6015,  0.083343
0.6020,  0.072878
0.6025,  0.062266
0.6030,  0.072806
0.6035,  0.084492
0.6040,  0.082658
0.6045,  0.082948
0.6050,  0.082303
0.6055,  0.079615
0.6060,  0.076863
0.6065,  0.075052
0.6070,  0.076307
0.6075,  0.078712
0.6080,  0.079092
0.6085,  0.079527
0.6090,  0.083226
0.6095,  0.085983
0.6100,  0.078336
0.6105,  0.070409
0.6110,  0.080114
0.6115,  0.089547
0.6120,  0.081787
0.6125,  0.075153
0.6130,  0.072804
0.6135,  0.070645
0.6140,  0.079819
0.6145,  0.089647
0.6150,  0.094137
0.6155,  0.097338
0.6160,  0.075233
0.6165,  0.049023
0.6170,  0.068636
0.6175,  0.088592
0.6180,  0.092103
0.6185,  0.096409
0.6190,  0.094398
0.6195,  0.089006
0.6200,  0.093459
0.6205,  0.099204
0.6210,  0.090792
0.6215,  0.081665
0.6220,  0.088060
0.6225,  0.096925
0.6230,  0.089993
0.6235,  0.084856
0.6240,  0.088310
0.6245,  0.089064
0.6250,  0.084700
0.6255,  0.079518
0.6260,  0.091471
0.6265,  0.103708
0.6270,  0.105055
0.6275,  0.108295
0.6280,  0.111325
0.6285,  0.113355
0.6290,  0.112525
0.6295,  0.112080
0.6300,  0.109546
0.6305,  0.103381
0.6310,  0.096493
0.6315,  0.095287
0.6320,  0.093188
0.6325,  0.092336
0.6330,  0.093109
0.6335,  0.093552
0.6340,  0.095058
0.6345,  0.097518
0.6350,  0.098071
0.6355,  0.096842
0.6360,  0.095502
0.6365,  0.091824
0.6370,  0.087058
0.6375,  0.085128
0.6380,  0.086842
0.6385,  0.089170
0.6390,  0.091006
0.6395,  0.090516
0.6400,  0.089515
0.6405,  0.088264
0.6410,  0.085136
0.6415,  0.086030
0.6420,  0.084839
0.6425,  0.082421
0.6430,  0.080798
0.6435,  0.081520
0.6440,  0.082520
0.6445,  0.088221
0.6450,  0.096445
0.6455,  0.101077
0.6460,  0.105075
0.6465,  0.106678
0.6470,  0.104505
0.6475,  0.102358
0.6480,  0.099307
0.6485,  0.096401
0.6490,  0.091933
0.6495,  0.093607
0.6500,  0.095551
0.6505,  0.100706
0.6510,  0.108554
0.6515,  0.108715
0.6520,  0.106894
0.6525,  0.103854
0.6530,  0.101399
0.6535,  0.093483
0.6540,  0.091644
0.6545,  0.097572
0.6550,  0.106831
0.6555,  0.105000
0.6560,  0.092533
0.6565,  0.068481
0.6570,  0.035681
0.6575,  0.043722
0.6580,  0.055470
0.6585,  0.067866
0.6590,  0.081831
0.6595,  0.079594
0.6600,  0.075779
0.6605,  0.072966
0.6610,  0.073006
0.6615,  0.069635
0.6620,  0.067558
0.6625,  0.068525
0.6630,  0.070180
0.6635,  0.073863
0.6640,  0.076814
0.6645,  0.078107
0.6650,  0.079630
0.6655,  0.076823
0.6660,  0.072400
0.6665,  0.070257
0.6670,  0.067815
0.6675,  0.068801
0.6680,  0.066586
0.6685,  0.068823
0.6690,  0.072604
0.6695,  0.071354
0.6700,  0.072111
0.6705,  0.071472
0.6710,  0.069432
0.6715,  0.070624
0.6720,  0.070421
0.6725,  0.069003
0.6730,  0.066610
0.6735,  0.063624
0.6740,  0.062190
0.6745,  0.059662
0.6750,  0.058740
0.6755,  0.060920
0.6760,  0.062530
0.6765,  0.067100
0.6770,  0.069366
0.6775,  0.069148
0.6780,  0.069281
0.6785,  0.068360
0.6790,  0.066445
0.6795,  0.064085
0.6800,  0.063707
0.6805,  0.064369
0.6810,  0.064975
0.6815,  0.064136
0.6820,  0.064877
0.6825,  0.064386
0.6830,  0.067373
0.6835,  0.068721
0.6840,  0.070320
0.6845,  0.070732
0.6850,  0.077879
0.6855,  0.102151
0.6860,  0.133595
0.6865,  0.161401
0.6870,  0.176711
0.6875,  0.179055
0.6880,  0.176687
0.6885,  0.172597
0.6890,  0.167700
0.6895,  0.159771
0.6900,  0.150414
0.6905,  0.141595
0.6910,  0.136079
0.6915,  0.131174
0.6920,  0.128264
0.6925,  0.127651
0.6930,  0.131035
0.6935,  0.130543
0.6940,  0.131037
0.6945,  0.131269
0.6950,  0.125433
0.6955,  0.116251
0.6960,  0.108865
0.6965,  0.104656
0.6970,  0.101344
0.6975,  0.104872
0.6980,  0.112109
0.6985,  0.119327
0.6990,  0.126328
0.6995,  0.126988
0.7000,  0.123167
0.7005,  0.120778
0.7010,  0.117488
0.7015,  0.117852
0.7020,  0.114595
0.7025,  0.112621
0.7030,  0.108598
0.7035,  0.108615
0.7040,  0.112052
0.7045,  0.117386
0.7050,  0.119271
0.7055,  0.115978
0.7060,  0.111502
0.7065,  0.103122
0.7070,  0.099445
0.7075,  0.095830
0.7080,  0.093181
0.7085,  0.087821
0.7090,  0.083367
0.7095,  0.085074
0.7100,  0.088588
0.7105,  0.089910
0.7110,  0.093438
0.7115,  0.095912
0.7120,  0.097421
0.7125,  0.098215
0.7130,  0.099739
0.7135,  0.101741
0.7140,  0.104818
0.7145,  0.106911
0.7150,  0.114542
0.7155,  0.132983
0.7160,  0.161264
0.7165,  0.190865
0.7170,  0.223078
0.7175,  0.248503
0.7180,  0.270607
0.7185,  0.286362
0.7190,  0.289762
0.7195,  0.285733
0.7200,  0.269851
0.7205,  0.244073
0.7210,  0.214397
0.7215,  0.195994
0.7220,  0.195509
0.7225,  0.206747
0.7230,  0.224330
0.7235,  0.238110
0.7240,  0.251580
0.7245,  0.257191
0.7250,  0.259235
0.7255,  0.257448
0.7260,  0.254065
0.7265,  0.251064
0.7270,  0.246069
0.7275,  0.237069
0.7280,  0.232714
0.7285,  0.228098
0.7290,  0.225160
0.7295,  0.226380
0.7300,  0.221779
0.7305,  0.218856
0.7310,  0.208321
0.7315,  0.192931
0.7320,  0.175944
0.7325,  0.159102
0.7330,  0.143842
0.7335,  0.131635
0.7340,  0.125111
0.7345,  0.124789
0.7350,  0.128681
0.7355,  0.131857
0.7360,  0.128927
0.7365,  0.126222
0.7370,  0.123952
0.7375,  0.119246
0.7380,  0.115230
0.7385,  0.110407
0.7390,  0.105847
0.7395,  0.104978
0.7400,  0.103531
0.7405,  0.100141
0.7410,  0.096527
0.7415,  0.098247
0.7420,  0.098608
0.7425,  0.099108
0.7430,  0.100793
0.7435,  0.095887
0.7440,  0.094406
0.7445,  0.092506
0.7450,  0.089843
0.7455,  0.088549
0.7460,  0.087123
0.7465,  0.086528
0.7470,  0.087725
0.7475,  0.084359
0.7480,  0.082984
0.7485,  0.082570
0.7490,  0.082568
0.7495,  0.080453
0.7500,  0.077785
0.7505,  0.078975
0.7510,  0.078300
0.7515,  0.077659
0.7520,  0.078124
0.7525,  0.074927
0.7530,  0.074699
0.7535,  0.074670
0.7540,  0.078240
0.7545,  0.075372
0.7550,  0.076036
0.7555,  0.075362
0.7560,  0.075033
0.7565,  0.072554
0.7570,  0.073678
0.7575,  0.082988
0.7580,  0.112398
0.7585,  0.178884
0.7590,  0.286445
0.7595,  0.414792
0.7600,  0.528193
0.7605,  0.578849
0.7610,  0.575744
0.7615,  0.552481
0.7620,  0.536698
0.7625,  0.527434
0.7630,  0.514869
0.7635,  0.483702
0.7640,  0.440461
0.7645,  0.387524
0.7650,  0.341032
0.7655,  0.293462
0.7660,  0.248983
0.7665,  0.207904
0.7670,  0.170892
0.7675,  0.150342
0.7680,  0.135286
0.7685,  0.122994
0.7690,  0.116012
0.7695,  0.109751
0.7700,  0.104527
0.7705,  0.102908
0.7710,  0.099322
0.7715,  0.098315
0.7720,  0.093599
0.7725,  0.088265
0.7730,  0.089590
0.7735,  0.086249
0.7740,  0.081000
0.7745,  0.074875
0.7750,  0.067812
0.7755,  0.065223
0.7760,  0.066515
0.7765,  0.071039
0.7770,  0.076516
0.7775,  0.078320
0.7780,  0.076782
0.7785,  0.077134
0.7790,  0.076100
0.7795,  0.073978
0.7800,  0.073167
0.7805,  0.069603
0.7810,  0.065553
0.7815,  0.065998
0.7820,  0.067820
0.7825,  0.070674
0.7830,  0.070917
0.7835,  0.072620
0.7840,  0.073885
0.7845,  0.075963
0.7850,  0.077221
0.7855,  0.078628
0.7860,  0.080925
0.7865,  0.084931
0.7870,  0.089592
0.7875,  0.091393
0.7880,  0.095047
0.7885,  0.103817
0.7890,  0.115107
0.7895,  0.116081
0.7900,  0.109655
0.7905,  0.106634
0.7910,  0.102738
0.7915,  0.101106
0.7920,  0.100995
0.7925,  0.102725
0.7930,  0.102547
0.7935,  0.098718
0.7940,  0.094910
0.7945,  0.095612
0.7950,  0.095215
0.7955,  0.097920
0.7960,  0.099724
0.7965,  0.102242
0.7970,  0.101175
0.7975,  0.096749
0.7980,  0.091993
0.7985,  0.090424
0.7990,  0.092990
0.7995,  0.099780
0.8000,  0.102940
0.8005,  0.103978
0.8010,  0.104528
0.8015,  0.100683
0.8020,  0.099138
0.8025,  0.094472
0.8030,  0.087571
0.8035,  0.083104
0.8040,  0.084920
0.8045,  0.082881
0.8050,  0.080874
0.8055,  0.080754
0.8060,  0.084760
0.8065,  0.084775
0.8070,  0.085125
0.8075,  0.084629
0.8080,  0.084575
0.8085,  0.082670
0.8090,  0.077025
0.8095,  0.081023
0.8100,  0.090551
0.8105,  0.103960
0.8110,  0.118016
0.8115,  0.131404
0.8120,  0.148772
0.8125,  0.168838
0.8130,  0.188313
0.8135,  0.207524
0.8140,  0.225780
0.8145,  0.238105
0.8150,  0.255402
0.8155,  0.267467
0.8160,  0.271340
0.8165,  0.270668
0.8170,  0.268950
0.8175,  0.265679
0.8180,  0.264228
0.8185,  0.255858
0.8190,  0.231498
0.8195,  0.214981
0.8200,  0.196415
0.8205,  0.181467
0.8210,  0.191255
0.8215,  0.221839
0.8220,  0.258859
0.8225,  0.279181
0.8230,  0.271943
0.8235,  0.241477
0.8240,  0.203328
0.8245,  0.181002
0.8250,  0.163541
0.8255,  0.157190
0.8260,  0.161295
0.8265,  0.172940
0.8270,  0.188657
0.8275,  0.202086
0.8280,  0.207913
0.8285,  0.205297
0.8290,  0.203146
0.8295,  0.195433
0.8300,  0.180302
0.8305,  0.170394
0.8310,  0.165926
0.8315,  0.164932
0.8320,  0.158082
0.8325,  0.152717
0.8330,  0.152129
0.8335,  0.153348
0.8340,  0.147823
0.8345,  0.146849
0.8350,  0.143257
0.8355,  0.133155
0.8360,  0.123253
0.8365,  0.109859
0.8370,  0.097291
0.8375,  0.092478
0.8380,  0.088524
0.8385,  0.087795
0.8390,  0.084507
0.8395,  0.085254
0.8400,  0.084598
0.8405,  0.084166
0.8410,  0.081880
0.8415,  0.079431
0.8420,  0.084871
0.8425,  0.080734
0.8430,  0.079773
0.8435,  0.073673
0.8440,  0.067704
0.8445,  0.066446
0.8450,  0.065028
0.8455,  0.065385
0.8460,  0.069556
0.8465,  0.071807
0.8470,  0.071394
0.8475,  0.068845
0.8480,  0.069302
0.8485,  0.068119
0.8490,  0.066528
0.8495,  0.061015
0.8500,  0.053406
0.8505,  0.059163
0.8510,  0.065867
0.8515,  0.074224
0.8520,  0.083088
0.8525,  0.070483
0.8530,  0.064381
0.8535,  0.054119
0.8540,  0.034167
0.8545,  0.048957
0.8550,  0.051799
0.8555,  0.052951
0.8560,  0.060991
0.8565,  0.063461
0.8570,  0.068546
0.8575,  0.071965
0.8580,  0.074379
0.8585,  0.069138
0.8590,  0.062482
0.8595,  0.059912
0.8600,  0.051247
0.8605,  0.042743
0.8610,  0.045100
0.8615,  0.047532
0.8620,  0.049717
0.8625,  0.053580
0.8630,  0.054928
0.8635,  0.060206
0.8640,  0.067168
0.8645,  0.054475
0.8650,  0.048432
0.8655,  0.040433
0.8660,  0.024365
0.8665,  0.028118
0.8670,  0.027588
0.8675,  0.030474
0.8680,  0.035460
0.8685,  0.039271
0.8690,  0.042024
0.8695,  0.039792
0.8700,  0.043636
0.8705,  0.039420
0.8710,  0.041069
0.8715,  0.043858
0.8720,  0.054052
0.8725,  0.064011
0.8730,  0.066978
0.8735,  0.066394
0.8740,  0.068933
0.8745,  0.064381
0.8750,  0.055915
0.8755,  0.047592
0.8760,  0.046220
0.8765,  0.054051
0.8770,  0.054487
0.8775,  0.045541
0.8780,  0.045497
0.8785,  0.051141
0.8790,  0.062990
0.8795,  0.067472
0.8800,  0.065088
0.8805,  0.067246
0.8810,  0.063569
0.8815,  0.056580
0.8820,  0.045733
0.8825,  0.042453
0.8830,  0.042478
0.8835,  0.046513
0.8840,  0.057650
0.8845,  0.062170
0.8850,  0.061425
0.8855,  0.057439
0.8860,  0.047022
0.8865,  0.036288
0.8870,  0.031857
0.8875,  0.030928
0.8880,  0.033753
0.8885,  0.052617
0.8890,  0.060732
0.8895,  0.064515
0.8900,  0.065998
