0.3500,  1.445902
0.3505,  1.490162
0.3510,  1.448209
0.3515,  1.380691
0.3520,  1.296311
0.3525,  1.204234
0.3530,  1.213005
0.3535,  1.239465
0.3540,  1.243983
0.3545,  1.238580
0.3550,  1.216380
0.3555,  1.182191
0.3560,  1.135137
0.3565,  1.118024
0.3570,  1.122182
0.3575,  1.136010
0.3580,  1.114410
0.3585,  1.102433
0.3590,  1.276617
0.3595,  1.396030
0.3600,  1.351243
0.3605,  1.316282
0.3610,  1.247469
0.3615,  1.164829
0.3620,  1.188768
0.3625,  1.192137
0.3630,  1.151249
0.3635,  1.129091
0.3640,  1.115177
0.3645,  1.067741
0.3650,  1.065107
0.3655,  1.071654
0.3660,  1.044346
0.3665,  1.019300
0.3670,  0.952470
0.3675,  0.901797
0.3680,  0.852450
0.3685,  0.803851
0.3690,  0.834977
0.3695,  0.869602
0.3700,  0.836458
0.3705,  0.814905
0.3710,  0.847505
0.3715,  0.875615
0.3720,  0.844951
0.3725,  0.820492
0.3730,  0.801083
0.3735,  0.776465
0.3740,  0.796799
0.3745,  0.808029
0.3750,  0.898893
0.3755,  0.974887
0.3760,  0.965315
0.3765,  0.933220
0.3770,  0.955655
0.3775,  0.973737
0.3780,  0.947318
0.3785,  0.931127
0.3790,  0.812542
0.3795,  0.691568
0.3800,  0.741275
0.3805,  0.794864
0.3810,  0.765648
0.3815,  0.752806
0.3820,  0.687202
0.3825,  0.626635
0.3830,  0.650896
0.3835,  0.646729
0.3840,  0.848243
0.3845,  0.997501
0.3850,  1.010186
0.3855,  1.016356
0.3860,  0.991148
0.3865,  0.966429
0.3870,  0.944745
0.3875,  0.923128
0.3880,  0.890183
0.3885,  0.840924
0.3890,  0.874087
0.3895,  0.899337
0.3900,  0.870265
0.3905,  0.843357
0.3910,  0.832482
0.3915,  0.846264
0.3920,  0.744446
0.3925,  0.651653
0.3930,  0.495720
0.3935,  0.265361
0.3940,  0.595122
0.3945,  0.828854
0.3950,  0.935319
0.3955,  1.030525
0.3960,  0.859821
0.3965,  0.644912
0.3970,  0.661552
0.3975,  0.649982
0.3980,  0.830048
0.3985,  0.941514
0.3990,  0.888902
0.3995,  0.842603
0.4000,  0.775215
0.4005,  0.709960
0.4010,  0.667528
0.4015,  0.636044
0.4020,  0.596975
0.4025,  0.575224
0.4030,  0.542219
0.4035,  0.510189
0.4040,  0.501175
0.4045,  0.498770
0.4050,  0.494277
0.4055,  0.490356
0.4060,  0.472099
0.4065,  0.456982
0.4070,  0.470924
0.4075,  0.480720
0.4080,  0.508941
0.4085,  0.536910
0.4090,  0.531739
0.4095,  0.526457
0.4100,  0.472852
0.4105,  0.407858
0.4110,  0.471155
0.4115,  0.529731
0.4120,  0.509927
0.4125,  0.492339
0.4130,  0.475186
0.4135,  0.463698
0.4140,  0.460839
0.4145,  0.451964
0.4150,  0.446514
0.4155,  0.442118
0.4160,  0.467688
0.4165,  0.491324
0.4170,  0.452246
0.4175,  0.407018
0.4180,  0.415120
0.4185,  0.429973
0.4190,  0.444900
0.4195,  0.448344
0.4200,  0.462792
0.4205,  0.481191
0.4210,  0.483673
0.4215,  0.490973
0.4220,  0.434801
0.4225,  0.374850
0.4230,  0.412895
0.4235,  0.451642
0.4240,  0.468719
0.4245,  0.486921
0.4250,  0.472155
0.4255,  0.454192
0.4260,  0.452579
0.4265,  0.456486
0.4270,  0.425667
0.4275,  0.396759
0.4280,  0.406935
0.4285,  0.424557
0.4290,  0.413461
0.4295,  0.407890
0.4300,  0.334886
0.4305,  0.232039
0.4310,  0.437450
0.4315,  0.589893
0.4320,  0.557695
0.4325,  0.521907
0.4330,  0.521372
0.4335,  0.516179
0.4340,  0.476448
0.4345,  0.443702
0.4350,  0.439920
0.4355,  0.435293
0.4360,  0.470508
0.4365,  0.509068
0.4370,  0.472847
0.4375,  0.437015
0.4380,  0.376871
0.4385,  0.316387
0.4390,  0.389519
0.4395,  0.454069
0.4400,  0.424992
0.4405,  0.388883
0.4410,  0.431306
0.4415,  0.466392
0.4420,  0.460529
0.4425,  0.455630
0.4430,  0.425767
0.4435,  0.400562
0.4440,  0.409515
0.4445,  0.422393
0.4450,  0.386510
0.4455,  0.346258
0.4460,  0.361561
0.4465,  0.377232
0.4470,  0.411394
0.4475,  0.442820
0.4480,  0.409267
0.4485,  0.373637
0.4490,  0.374990
0.4495,  0.376786
0.4500,  0.392606
0.4505,  0.406780
0.4510,  0.397577
0.4515,  0.386092
0.4520,  0.353970
0.4525,  0.321262
0.4530,  0.330876
0.4535,  0.340271
0.4540,  0.346207
0.4545,  0.352322
0.4550,  0.363749
0.4555,  0.378146
0.4560,  0.385747
0.4565,  0.389797
0.4570,  0.390955
0.4575,  0.393822
0.4580,  0.363179
0.4585,  0.333603
0.4590,  0.342653
0.4595,  0.350345
0.4600,  0.357255
0.4605,  0.362661
0.4610,  0.361731
0.4615,  0.359395
0.4620,  0.365807
0.4625,  0.371544
0.4630,  0.353400
0.4635,  0.339818
0.4640,  0.329797
0.4645,  0.321960
0.4650,  0.344435
0.4655,  0.368824
0.4660,  0.344117
0.4665,  0.319505
0.4670,  0.344205
0.4675,  0.363220
0.4680,  0.357744
0.4685,  0.352838
0.4690,  0.353950
0.4695,  0.355147
0.4700,  0.333882
0.4705,  0.307010
0.4710,  0.338639
0.4715,  0.371294
0.4720,  0.369983
0.4725,  0.370618
0.4730,  0.360191
0.4735,  0.346375
0.4740,  0.353861
0.4745,  0.360789
0.4750,  0.346399
0.4755,  0.335799
0.4760,  0.322974
0.4765,  0.312132
0.4770,  0.340243
0.4775,  0.363439
0.4780,  0.343076
0.4785,  0.323245
0.4790,  0.337197
0.4795,  0.349799
0.4800,  0.338370
0.4805,  0.327573
0.4810,  0.336150
0.4815,  0.341080
0.4820,  0.320082
0.4825,  0.306204
0.4830,  0.308301
0.4835,  0.313511
0.4840,  0.308671
0.4845,  0.309024
0.4850,  0.290544
0.4855,  0.275477
0.4860,  0.243956
0.4865,  0.201161
0.4870,  0.260865
0.4875,  0.310580
0.4880,  0.323445
0.4885,  0.330433
0.4890,  0.327100
0.4895,  0.324924
0.4900,  0.323208
0.4905,  0.325803
0.4910,  0.297336
0.4915,  0.270966
0.4920,  0.270243
0.4925,  0.270145
0.4930,  0.264494
0.4935,  0.257778
0.4940,  0.289940
0.4945,  0.322322
0.4950,  0.286265
0.4955,  0.251674
0.4960,  0.269176
0.4965,  0.285327
0.4970,  0.286971
0.4975,  0.291294
0.4980,  0.257807
0.4985,  0.222196
0.4990,  0.249022
0.4995,  0.274965
0.5000,  0.251934
0.5005,  0.229190
0.5010,  0.223368
0.5015,  0.215155
0.5020,  0.236815
0.5025,  0.256591
0.5030,  0.265749
0.5035,  0.275492
0.5040,  0.259272
0.5045,  0.240451
0.5050,  0.262551
0.5055,  0.282309
0.5060,  0.267647
0.5065,  0.254523
0.5070,  0.242213
0.5075,  0.230158
0.5080,  0.233618
0.5085,  0.237212
0.5090,  0.237415
0.5095,  0.236452
0.5100,  0.241410
0.5105,  0.245327
0.5110,  0.253979
0.5115,  0.262354
0.5120,  0.234219
0.5125,  0.207657
0.5130,  0.210816
0.5135,  0.214065
0.5140,  0.224334
0.5145,  0.232357
0.5150,  0.242311
0.5155,  0.254388
0.5160,  0.211105
0.5165,  0.167213
0.5170,  0.197012
0.5175,  0.222908
0.5180,  0.209098
0.5185,  0.188393
0.5190,  0.230112
0.5195,  0.266951
0.5200,  0.256087
0.5205,  0.243746
0.5210,  0.250154
0.5215,  0.258361
0.5220,  0.234131
0.5225,  0.211240
0.5230,  0.225670
0.5235,  0.236589
0.5240,  0.245389
0.5245,  0.255421
0.5250,  0.247337
0.5255,  0.244713
0.5260,  0.192349
0.5265,  0.136913
0.5270,  0.183107
0.5275,  0.221977
0.5280,  0.232934
0.5285,  0.239207
0.5290,  0.236634
0.5295,  0.233182
0.5300,  0.233237
0.5305,  0.235835
0.5310,  0.235006
0.5315,  0.238418
0.5320,  0.197161
0.5325,  0.154213
0.5330,  0.197399
0.5335,  0.236302
0.5340,  0.219108
0.5345,  0.200528
0.5350,  0.228198
0.5355,  0.254966
0.5360,  0.226317
0.5365,  0.198205
0.5370,  0.201943
0.5375,  0.207066
0.5380,  0.214595
0.5385,  0.224621
0.5390,  0.212987
0.5395,  0.202256
0.5400,  0.191186
0.5405,  0.179178
0.5410,  0.207655
0.5415,  0.233064
0.5420,  0.217721
0.5425,  0.203532
0.5430,  0.216612
0.5435,  0.227864
0.5440,  0.225816
0.5445,  0.223067
0.5450,  0.228472
0.5455,  0.233000
0.5460,  0.227509
0.5465,  0.222975
0.5470,  0.211484
0.5475,  0.201477
0.5480,  0.209527
0.5485,  0.215263
0.5490,  0.221915
0.5495,  0.230050
0.5500,  0.222969
0.5505,  0.215507
0.5510,  0.216818
0.5515,  0.218407
0.5520,  0.212500
0.5525,  0.206763
0.5530,  0.214356
0.5535,  0.222917
0.5540,  0.226228
0.5545,  0.229245
0.5550,  0.230951
0.5555,  0.232240
0.5560,  0.217036
0.5565,  0.204219
0.5570,  0.214607
0.5575,  0.225970
0.5580,  0.216106
0.5585,  0.207542
0.5590,  0.216404
0.5595,  0.223648
0.5600,  0.228519
0.5605,  0.230925
0.5610,  0.224359
0.5615,  0.219704
0.5620,  0.225683
0.5625,  0.231261
0.5630,  0.233594
0.5635,  0.237706
0.5640,  0.239252
0.5645,  0.242102
0.5650,  0.232904
0.5655,  0.221480
0.5660,  0.228421
0.5665,  0.233056
0.5670,  0.246721
0.5675,  0.261321
0.5680,  0.244091
0.5685,  0.226689
0.5690,  0.241364
0.5695,  0.258278
0.5700,  0.242296
0.5705,  0.219287
0.5710,  0.229098
0.5715,  0.234592
0.5720,  0.243173
0.5725,  0.253941
0.5730,  0.247141
0.5735,  0.243450
0.5740,  0.242774
0.5745,  0.242877
0.5750,  0.235193
0.5755,  0.226707
0.5760,  0.230057
0.5765,  0.233176
0.5770,  0.236346
0.5775,  0.241215
0.5780,  0.225242
0.5785,  0.208686
0.5790,  0.219318
0.5795,  0.227032
0.5800,  0.227068
0.5805,  0.228569
0.5810,  0.230578
0.5815,  0.231659
0.5820,  0.234575
0.5825,  0.238593
0.5830,  0.235490
0.5835,  0.232230
0.5840,  0.233634
0.5845,  0.238422
0.5850,  0.223611
0.5855,  0.207274
0.5860,  0.223446
0.5865,  0.239198
0.5870,  0.248257
0.5875,  0.259928
0.5880,  0.251031
0.5885,  0.244056
0.5890,  0.225163
0.5895,  0.197518
0.5900,  0.254598
0.5905,  0.303575
0.5910,  0.292765
0.5915,  0.279706
0.5920,  0.276969
0.5925,  0.274954
0.5930,  0.267913
0.5935,  0.265371
0.5940,  0.261478
0.5945,  0.258981
0.5950,  0.265198
0.5955,  0.267026
0.5960,  0.269122
0.5965,  0.271499
0.5970,  0.262485
0.5975,  0.255900
0.5980,  0.249481
0.5985,  0.243920
0.5990,  0.249767
0.5995,  0.258744
0.6000,  0.252376
0.6005,  0.247589
0.6010,  0.250826
0.6015,  0.251798
0.6020,  0.241417
0.6025,  0.230441
0.6030,  0.245131
0.6035,  0.262031
0.6040,  0.258577
0.6045,  0.257055
0.6050,  0.254046
0.6055,  0.251548
0.6060,  0.250966
0.6065,  0.249859
0.6070,  0.250460
0.6075,  0.251736
0.6080,  0.249861
0.6085,  0.250384
0.6090,  0.254410
0.6095,  0.257689
0.6100,  0.249548
0.6105,  0.238751
0.6110,  0.251074
0.6115,  0.262877
0.6120,  0.252906
0.6125,  0.245024
0.6130,  0.245002
0.6135,  0.245830
0.6140,  0.257508
0.6145,  0.268191
0.6150,  0.271518
0.6155,  0.277059
0.6160,  0.251574
0.6165,  0.221733
0.6170,  0.248133
0.6175,  0.273038
0.6180,  0.276447
0.6185,  0.282664
0.6190,  0.281173
0.6195,  0.273828
0.6200,  0.278442
0.6205,  0.283618
0.6210,  0.271765
0.6215,  0.260075
0.6220,  0.268629
0.6225,  0.277463
0.6230,  0.270895
0.6235,  0.266343
0.6240,  0.273288
0.6245,  0.277397
0.6250,  0.274373
0.6255,  0.268290
0.6260,  0.283931
0.6265,  0.298829
0.6270,  0.301449
0.6275,  0.306689
0.6280,  0.311712
0.6285,  0.315025
0.6290,  0.311956
0.6295,  0.310104
0.6300,  0.306126
0.6305,  0.299754
0.6310,  0.293412
0.6315,  0.292645
0.6320,  0.292296
0.6325,  0.289472
0.6330,  0.290534
0.6335,  0.291630
0.6340,  0.294294
0.6345,  0.298951
0.6350,  0.304039
0.6355,  0.305437
0.6360,  0.304582
0.6365,  0.298989
0.6370,  0.291370
0.6375,  0.285637
0.6380,  0.283111
0.6385,  0.285729
0.6390,  0.290655
0.6395,  0.292621
0.6400,  0.293777
0.6405,  0.292247
0.6410,  0.287848
0.6415,  0.287052
0.6420,  0.284592
0.6425,  0.284056
0.6430,  0.283771
0.6435,  0.285090
0.6440,  0.287989
0.6445,  0.294904
0.6450,  0.306677
0.6455,  0.312970
0.6460,  0.316843
0.6465,  0.320498
0.6470,  0.322528
0.6475,  0.318275
0.6480,  0.315828
0.6485,  0.313529
0.6490,  0.311735
0.6495,  0.320217
0.6500,  0.323845
0.6505,  0.327333
0.6510,  0.333606
0.6515,  0.332415
0.6520,  0.331223
0.6525,  0.327564
0.6530,  0.324789
0.6535,  0.310992
0.6540,  0.304710
0.6545,  0.304162
0.6550,  0.312741
0.6555,  0.318030
0.6560,  0.321329
0.6565,  0.309016
0.6570,  0.277881
0.6575,  0.289344
0.6580,  0.301345
0.6585,  0.312385
0.6590,  0.320038
0.6595,  0.305040
0.6600,  0.297147
0.6605,  0.289455
0.6610,  0.285717
0.6615,  0.281255
0.6620,  0.279769
0.6625,  0.282722
0.6630,  0.286389
0.6635,  0.291047
0.6640,  0.294156
0.6645,  0.297445
0.6650,  0.298472
0.6655,  0.295167
0.6660,  0.288717
0.6665,  0.282349
0.6670,  0.277442
0.6675,  0.280223
0.6680,  0.284388
0.6685,  0.288818
0.6690,  0.293689
0.6695,  0.295753
0.6700,  0.295895
0.6705,  0.298695
0.6710,  0.300990
0.6715,  0.305108
0.6720,  0.305054
0.6725,  0.304390
0.6730,  0.303279
0.6735,  0.300342
0.6740,  0.299550
0.6745,  0.300279
0.6750,  0.299842
0.6755,  0.303692
0.6760,  0.309792
0.6765,  0.315360
0.6770,  0.317199
0.6775,  0.316507
0.6780,  0.314236
0.6785,  0.308100
0.6790,  0.305566
0.6795,  0.306291
0.6800,  0.309926
0.6805,  0.311303
0.6810,  0.313162
0.6815,  0.317350
0.6820,  0.322351
0.6825,  0.326241
0.6830,  0.329436
0.6835,  0.330891
0.6840,  0.333326
0.6845,  0.331085
0.6850,  0.334282
0.6855,  0.349624
0.6860,  0.381041
0.6865,  0.427257
0.6870,  0.476790
0.6875,  0.501755
0.6880,  0.511354
0.6885,  0.510452
0.6890,  0.511175
0.6895,  0.504676
0.6900,  0.491997
0.6905,  0.477187
0.6910,  0.467374
0.6915,  0.461175
0.6920,  0.455442
0.6925,  0.450186
0.6930,  0.450855
0.6935,  0.453939
0.6940,  0.460789
0.6945,  0.462836
0.6950,  0.463936
0.6955,  0.453178
0.6960,  0.443295
0.6965,  0.430067
0.6970,  0.417810
0.6975,  0.418769
0.6980,  0.422617
0.6985,  0.429901
0.6990,  0.440677
0.6995,  0.447310
0.7000,  0.451581
0.7005,  0.451637
0.7010,  0.450220
0.7015,  0.452692
0.7020,  0.453265
0.7025,  0.453595
0.7030,  0.448792
0.7035,  0.445580
0.7040,  0.446577
0.7045,  0.446192
0.7050,  0.449637
0.7055,  0.449836
0.7060,  0.446628
0.7065,  0.437875
0.7070,  0.436104
0.7075,  0.431071
0.7080,  0.436104
0.7085,  0.438316
0.7090,  0.433582
0.7095,  0.431141
0.7100,  0.432189
0.7105,  0.434348
0.7110,  0.441179
0.7115,  0.444070
0.7120,  0.445445
0.7125,  0.451580
0.7130,  0.449338
0.7135,  0.444694
0.7140,  0.446521
0.7145,  0.452944
0.7150,  0.462829
0.7155,  0.483169
0.7160,  0.519306
0.7165,  0.563902
0.7170,  0.620555
0.7175,  0.685180
0.7180,  0.749748
0.7185,  0.795039
0.7190,  0.822975
0.7195,  0.843615
0.7200,  0.826039
0.7205,  0.785302
0.7210,  0.737382
0.7215,  0.691335
0.7220,  0.663205
0.7225,  0.658136
0.7230,  0.674364
0.7235,  0.703268
0.7240,  0.735973
0.7245,  0.760527
0.7250,  0.779494
0.7255,  0.789334
0.7260,  0.791806
0.7265,  0.787588
0.7270,  0.785706
0.7275,  0.783904
0.7280,  0.783464
0.7285,  0.778206
0.7290,  0.773200
0.7295,  0.773499
0.7300,  0.759940
0.7305,  0.752200
0.7310,  0.743190
0.7315,  0.721573
0.7320,  0.701923
0.7325,  0.672849
0.7330,  0.643547
0.7335,  0.612568
0.7340,  0.602620
0.7345,  0.592932
0.7350,  0.590548
0.7355,  0.586253
0.7360,  0.586116
0.7365,  0.585430
0.7370,  0.576616
0.7375,  0.570161
0.7380,  0.567853
0.7385,  0.556592
0.7390,  0.549466
0.7395,  0.546226
0.7400,  0.540806
0.7405,  0.532870
0.7410,  0.533624
0.7415,  0.535431
0.7420,  0.529780
0.7425,  0.525221
0.7430,  0.519753
0.7435,  0.514907
0.7440,  0.515607
0.7445,  0.512323
0.7450,  0.511472
0.7455,  0.513797
0.7460,  0.515886
0.7465,  0.522891
0.7470,  0.525083
0.7475,  0.522461
0.7480,  0.512859
0.7485,  0.513083
0.7490,  0.513094
0.7495,  0.521776
0.7500,  0.528444
0.7505,  0.533177
0.7510,  0.535017
0.7515,  0.537305
0.7520,  0.538384
0.7525,  0.535672
0.7530,  0.532264
0.7535,  0.533130
0.7540,  0.535418
0.7545,  0.533215
0.7550,  0.538426
0.7555,  0.549983
0.7560,  0.556320
0.7565,  0.560705
0.7570,  0.568660
0.7575,  0.580013
0.7580,  0.605245
0.7585,  0.662467
0.7590,  0.783149
0.7595,  1.005662
0.7600,  1.355349
0.7605,  1.759087
0.7610,  2.031781
0.7615,  2.112633
0.7620,  2.047961
0.7625,  1.955281
0.7630,  1.947720
0.7635,  1.889340
0.7640,  1.793283
0.7645,  1.621411
0.7650,  1.439966
0.7655,  1.267649
0.7660,  1.115284
0.7665,  0.977889
0.7670,  0.878618
0.7675,  0.823765
0.7680,  0.773604
0.7685,  0.739752
0.7690,  0.712436
0.7695,  0.691016
0.7700,  0.672362
0.7705,  0.649596
0.7710,  0.630369
0.7715,  0.624181
0.7720,  0.630071
0.7725,  0.629971
0.7730,  0.634333
0.7735,  0.642790
0.7740,  0.647793
0.7745,  0.664680
0.7750,  0.657407
0.7755,  0.652606
0.7760,  0.661804
0.7765,  0.673391
0.7770,  0.675988
0.7775,  0.671960
0.7780,  0.661890
0.7785,  0.653583
0.7790,  0.649410
0.7795,  0.654391
0.7800,  0.663584
0.7805,  0.676246
0.7810,  0.680927
0.7815,  0.679034
0.7820,  0.680238
0.7825,  0.677718
0.7830,  0.682391
0.7835,  0.677079
0.7840,  0.685833
0.7845,  0.696407
0.7850,  0.713483
0.7855,  0.724849
0.7860,  0.728953
0.7865,  0.737068
0.7870,  0.750503
0.7875,  0.747718
0.7880,  0.741609
0.7885,  0.734910
0.7890,  0.750206
0.7895,  0.754273
0.7900,  0.764549
0.7905,  0.786946
0.7910,  0.788089
0.7915,  0.797439
0.7920,  0.808123
0.7925,  0.810880
0.7930,  0.799773
0.7935,  0.787831
0.7940,  0.775723
0.7945,  0.766354
0.7950,  0.765803
0.7955,  0.784372
0.7960,  0.789854
0.7965,  0.804173
0.7970,  0.807344
0.7975,  0.807114
0.7980,  0.801842
0.7985,  0.802181
0.7990,  0.813271
0.7995,  0.827413
0.8000,  0.846063
0.8005,  0.857825
0.8010,  0.872004
0.8015,  0.877873
0.8020,  0.888272
0.8025,  0.895396
0.8030,  0.898861
0.8035,  0.919746
0.8040,  0.900893
0.8045,  0.893272
0.8050,  0.880598
0.8055,  0.876537
0.8060,  0.872928
0.8065,  0.876736
0.8070,  0.878725
0.8075,  0.873999
0.8080,  0.876393
0.8085,  0.889649
0.8090,  0.911481
0.8095,  0.940281
0.8100,  0.985929
0.8105,  0.980338
0.8110,  0.997397
0.8115,  1.016398
0.8120,  1.036337
0.8125,  1.076613
0.8130,  1.164346
0.8135,  1.249446
0.8140,  1.323036
0.8145,  1.415451
0.8150,  1.510854
0.8155,  1.585706
0.8160,  1.644695
0.8165,  1.696910
0.8170,  1.737651
0.8175,  1.732683
0.8180,  1.741011
0.8185,  1.706265
0.8190,  1.675508
0.8195,  1.601930
0.8200,  1.517261
0.8205,  1.459202
0.8210,  1.386276
0.8215,  1.394046
0.8220,  1.488241
0.8225,  1.636149
0.8230,  1.750274
0.8235,  1.806599
0.8240,  1.735255
0.8245,  1.601633
0.8250,  1.506214
0.8255,  1.437397
0.8260,  1.380781
0.8265,  1.374332
0.8270,  1.430930
0.8275,  1.503992
0.8280,  1.537373
0.8285,  1.556164
0.8290,  1.545362
0.8295,  1.563405
0.8300,  1.573169
0.8305,  1.604972
0.8310,  1.585902
0.8315,  1.569847
0.8320,  1.524060
0.8325,  1.493373
0.8330,  1.459653
0.8335,  1.450456
0.8340,  1.423110
0.8345,  1.406991
0.8350,  1.444547
0.8355,  1.442450
0.8360,  1.413324
0.8365,  1.371991
0.8370,  1.338510
0.8375,  1.313060
0.8380,  1.306364
0.8385,  1.299015
0.8390,  1.309418
0.8395,  1.307425
0.8400,  1.310811
0.8405,  1.289962
0.8410,  1.289058
0.8415,  1.276344
0.8420,  1.251949
0.8425,  1.260545
0.8430,  1.293290
0.8435,  1.308288
0.8440,  1.308383
0.8445,  1.280978
0.8450,  1.259659
0.8455,  1.254571
0.8460,  1.286066
0.8465,  1.319300
0.8470,  1.334242
0.8475,  1.324484
0.8480,  1.330418
0.8485,  1.325581
0.8490,  1.335536
0.8495,  1.336168
0.8500,  1.358012
0.8505,  1.404756
0.8510,  1.429826
0.8515,  1.467207
0.8520,  1.533886
0.8525,  1.589122
0.8530,  1.637861
0.8535,  1.687114
0.8540,  1.715225
0.8545,  1.786539
0.8550,  1.852918
0.8555,  1.852934
0.8560,  1.763993
0.8565,  1.741873
0.8570,  1.721058
0.8575,  1.678815
0.8580,  1.640389
0.8585,  1.617427
0.8590,  1.640920
0.8595,  1.663095
0.8600,  1.690627
0.8605,  1.687858
0.8610,  1.657243
0.8615,  1.663200
0.8620,  1.689410
0.8625,  1.740380
0.8630,  1.782248
0.8635,  1.788101
0.8640,  1.918874
0.8645,  1.927410
0.8650,  1.948788
0.8655,  1.960118
0.8660,  2.070044
0.8665,  2.319672
0.8670,  2.402087
0.8675,  2.444027
0.8680,  2.598040
0.8685,  2.557621
0.8690,  2.353963
0.8695,  2.211481
0.8700,  2.176143
0.8705,  2.194617
0.8710,  2.169524
0.8715,  2.271565
0.8720,  2.395951
0.8725,  2.483318
0.8730,  2.646222
0.8735,  2.619250
0.8740,  2.943684
0.8745,  2.794297
0.8750,  2.731067
0.8755,  2.887446
0.8760,  3.007708
0.8765,  2.940451
0.8770,  2.907840
0.8775,  2.899398
0.8780,  3.587686
0.8785,  4.995816
0.8790,  4.131449
0.8795,  4.475455
0.8800,  Infinity
0.8805,  Infinity
0.8810,  5.506701
0.8815,  4.736251
0.8820,  5.716206
0.8825,  5.852402
0.8830,  Infinity
0.8835,  Infinity
0.8840,  Infinity
0.8845,  Infinity
0.8850,  Infinity
0.8855,  Infinity
0.8860,  Infinity
0.8865,  Infinity
0.8870,  Infinity
0.8875,  Infinity
0.8880,  Infinity
0.8885,  Infinity
0.8890,  Infinity
0.8895,  Infinity
0.8900,  Infinity
