0.3500,  0.446698
0.3505,  0.507532
0.3510,  0.466818
0.3515,  0.424105
0.3520,  0.392442
0.3525,  0.346340
0.3530,  0.390791
0.3535,  0.432661
0.3540,  0.449070
0.3545,  0.469886
0.3550,  0.438957
0.3555,  0.418081
0.3560,  0.377571
0.3565,  0.342893
0.3570,  0.309482
0.3575,  0.280519
0.3580,  0.256986
0.3585,  0.212665
0.3590,  0.384358
0.3595,  0.517014
0.3600,  0.487118
0.3605,  0.455552
0.3610,  0.403310
0.3615,  0.338419
0.3620,  0.381707
0.3625,  0.421357
0.3630,  0.407948
0.3635,  0.402316
0.3640,  0.399286
0.3645,  0.388256
0.3650,  0.420727
0.3655,  0.456571
0.3660,  0.465553
0.3665,  0.473751
0.3670,  0.438115
0.3675,  0.403942
0.3680,  0.359833
0.3685,  0.316376
0.3690,  0.358114
0.3695,  0.401611
0.3700,  0.367945
0.3705,  0.331423
0.3710,  0.350150
0.3715,  0.372894
0.3720,  0.340852
0.3725,  0.310684
0.3730,  0.275054
0.3735,  0.238241
0.3740,  0.251262
0.3745,  0.253218
0.3750,  0.331303
0.3755,  0.393586
0.3760,  0.390433
0.3765,  0.379695
0.3770,  0.426786
0.3775,  0.470929
0.3780,  0.467136
0.3785,  0.466829
0.3790,  0.365106
0.3795,  0.255890
0.3800,  0.306652
0.3805,  0.365682
0.3810,  0.341153
0.3815,  0.322670
0.3820,  0.231157
0.3825,  0.123354
0.3830,  0.100999
0.3835,  0.067193
0.3840,  0.247786
0.3845,  0.384706
0.3850,  0.404146
0.3855,  0.420451
0.3860,  0.405971
0.3865,  0.394269
0.3870,  0.382392
0.3875,  0.367668
0.3880,  0.345102
0.3885,  0.317068
0.3890,  0.374004
0.3895,  0.415477
0.3900,  0.404602
0.3905,  0.396057
0.3910,  0.404447
0.3915,  0.427097
0.3920,  0.322308
0.3925,  0.220422
0.3930,  0.051797
0.3935,  -0.185031
0.3940,  0.129084
0.3945,  0.346592
0.3950,  0.453242
0.3955,  0.551763
0.3960,  0.378520
0.3965,  0.164269
0.3970,  0.185269
0.3975,  0.184267
0.3980,  0.377135
0.3985,  0.514413
0.3990,  0.499099
0.3995,  0.483087
0.4000,  0.440245
0.4005,  0.400218
0.4010,  0.379872
0.4015,  0.370586
0.4020,  0.351248
0.4025,  0.335845
0.4030,  0.306676
0.4035,  0.277051
0.4040,  0.264704
0.4045,  0.258664
0.4050,  0.255833
0.4055,  0.256483
0.4060,  0.241554
0.4065,  0.227972
0.4070,  0.244367
0.4075,  0.259034
0.4080,  0.290613
0.4085,  0.318839
0.4090,  0.310988
0.4095,  0.301783
0.4100,  0.248731
0.4105,  0.192028
0.4110,  0.262567
0.4115,  0.323610
0.4120,  0.307543
0.4125,  0.288928
0.4130,  0.269592
0.4135,  0.256492
0.4140,  0.251269
0.4145,  0.243819
0.4150,  0.242563
0.4155,  0.241447
0.4160,  0.262869
0.4165,  0.290633
0.4170,  0.251894
0.4175,  0.207855
0.4180,  0.215663
0.4185,  0.226545
0.4190,  0.232166
0.4195,  0.232315
0.4200,  0.247770
0.4205,  0.261743
0.4210,  0.267994
0.4215,  0.277909
0.4220,  0.229984
0.4225,  0.171458
0.4230,  0.208889
0.4235,  0.245311
0.4240,  0.261321
0.4245,  0.278320
0.4250,  0.263213
0.4255,  0.246005
0.4260,  0.244976
0.4265,  0.249925
0.4270,  0.215975
0.4275,  0.184978
0.4280,  0.196715
0.4285,  0.218054
0.4290,  0.202024
0.4295,  0.191254
0.4300,  0.106246
0.4305,  -0.000411
0.4310,  0.201231
0.4315,  0.353611
0.4320,  0.327271
0.4325,  0.292641
0.4330,  0.293752
0.4335,  0.294092
0.4340,  0.263290
0.4345,  0.236386
0.4350,  0.236596
0.4355,  0.236662
0.4360,  0.278808
0.4365,  0.318369
0.4370,  0.280526
0.4375,  0.251001
0.4380,  0.197087
0.4385,  0.135135
0.4390,  0.205819
0.4395,  0.269224
0.4400,  0.239364
0.4405,  0.203292
0.4410,  0.246195
0.4415,  0.285411
0.4420,  0.286083
0.4425,  0.283281
0.4430,  0.254585
0.4435,  0.233135
0.4440,  0.245838
0.4445,  0.260321
0.4450,  0.227116
0.4455,  0.187732
0.4460,  0.200933
0.4465,  0.214956
0.4470,  0.250923
0.4475,  0.284531
0.4480,  0.255769
0.4485,  0.225480
0.4490,  0.230917
0.4495,  0.232418
0.4500,  0.246868
0.4505,  0.261830
0.4510,  0.251665
0.4515,  0.242328
0.4520,  0.208886
0.4525,  0.180286
0.4530,  0.191826
0.4535,  0.198969
0.4540,  0.208454
0.4545,  0.212308
0.4550,  0.223450
0.4555,  0.232431
0.4560,  0.237350
0.4565,  0.238414
0.4570,  0.236518
0.4575,  0.239248
0.4580,  0.213767
0.4585,  0.188619
0.4590,  0.202146
0.4595,  0.212558
0.4600,  0.217727
0.4605,  0.220953
0.4610,  0.219388
0.4615,  0.218274
0.4620,  0.225407
0.4625,  0.233072
0.4630,  0.216040
0.4635,  0.205687
0.4640,  0.199864
0.4645,  0.191518
0.4650,  0.215494
0.4655,  0.238583
0.4660,  0.215330
0.4665,  0.192571
0.4670,  0.219779
0.4675,  0.240824
0.4680,  0.238849
0.4685,  0.235304
0.4690,  0.235910
0.4695,  0.240143
0.4700,  0.218226
0.4705,  0.191895
0.4710,  0.223327
0.4715,  0.253152
0.4720,  0.252551
0.4725,  0.251677
0.4730,  0.240795
0.4735,  0.227960
0.4740,  0.234724
0.4745,  0.245432
0.4750,  0.238406
0.4755,  0.231387
0.4760,  0.217924
0.4765,  0.204258
0.4770,  0.229190
0.4775,  0.250438
0.4780,  0.232874
0.4785,  0.217632
0.4790,  0.231839
0.4795,  0.244614
0.4800,  0.234281
0.4805,  0.226096
0.4810,  0.237321
0.4815,  0.248040
0.4820,  0.232578
0.4825,  0.221974
0.4830,  0.223375
0.4835,  0.225690
0.4840,  0.222179
0.4845,  0.223879
0.4850,  0.208341
0.4855,  0.196595
0.4860,  0.165984
0.4865,  0.122186
0.4870,  0.179653
0.4875,  0.230260
0.4880,  0.245271
0.4885,  0.254689
0.4890,  0.252122
0.4895,  0.251338
0.4900,  0.253661
0.4905,  0.258712
0.4910,  0.231303
0.4915,  0.205639
0.4920,  0.206826
0.4925,  0.204545
0.4930,  0.199243
0.4935,  0.191172
0.4940,  0.223335
0.4945,  0.255732
0.4950,  0.222763
0.4955,  0.191065
0.4960,  0.211144
0.4965,  0.228878
0.4970,  0.228184
0.4975,  0.230882
0.4980,  0.198066
0.4985,  0.164512
0.4990,  0.192659
0.4995,  0.220512
0.5000,  0.199626
0.5005,  0.177711
0.5010,  0.172502
0.5015,  0.163480
0.5020,  0.183879
0.5025,  0.203201
0.5030,  0.212247
0.5035,  0.219353
0.5040,  0.202612
0.5045,  0.182450
0.5050,  0.204293
0.5055,  0.225285
0.5060,  0.212734
0.5065,  0.203440
0.5070,  0.192092
0.5075,  0.183171
0.5080,  0.188260
0.5085,  0.190451
0.5090,  0.189132
0.5095,  0.186240
0.5100,  0.189729
0.5105,  0.193263
0.5110,  0.201802
0.5115,  0.212230
0.5120,  0.185008
0.5125,  0.159424
0.5130,  0.162770
0.5135,  0.164149
0.5140,  0.170485
0.5145,  0.177507
0.5150,  0.186983
0.5155,  0.201916
0.5160,  0.161535
0.5165,  0.119044
0.5170,  0.147054
0.5175,  0.171727
0.5180,  0.155968
0.5185,  0.132545
0.5190,  0.169577
0.5195,  0.203100
0.5200,  0.193335
0.5205,  0.183941
0.5210,  0.194649
0.5215,  0.207494
0.5220,  0.184939
0.5225,  0.161748
0.5230,  0.174146
0.5235,  0.183527
0.5240,  0.190644
0.5245,  0.201803
0.5250,  0.195391
0.5255,  0.193766
0.5260,  0.142237
0.5265,  0.085473
0.5270,  0.129822
0.5275,  0.168318
0.5280,  0.179576
0.5285,  0.187714
0.5290,  0.185043
0.5295,  0.181220
0.5300,  0.181777
0.5305,  0.183990
0.5310,  0.182456
0.5315,  0.187446
0.5320,  0.147676
0.5325,  0.106273
0.5330,  0.149260
0.5335,  0.188076
0.5340,  0.172036
0.5345,  0.152751
0.5350,  0.178366
0.5355,  0.204869
0.5360,  0.177913
0.5365,  0.151420
0.5370,  0.155814
0.5375,  0.159153
0.5380,  0.163696
0.5385,  0.170441
0.5390,  0.157926
0.5395,  0.146624
0.5400,  0.136709
0.5405,  0.125976
0.5410,  0.155710
0.5415,  0.183866
0.5420,  0.169667
0.5425,  0.155333
0.5430,  0.167706
0.5435,  0.176749
0.5440,  0.172458
0.5445,  0.170108
0.5450,  0.174747
0.5455,  0.177510
0.5460,  0.171722
0.5465,  0.168142
0.5470,  0.159654
0.5475,  0.149974
0.5480,  0.158327
0.5485,  0.166026
0.5490,  0.173016
0.5495,  0.180405
0.5500,  0.172588
0.5505,  0.164737
0.5510,  0.165772
0.5515,  0.168385
0.5520,  0.163147
0.5525,  0.156551
0.5530,  0.165990
0.5535,  0.173436
0.5540,  0.176234
0.5545,  0.178231
0.5550,  0.178333
0.5555,  0.179222
0.5560,  0.164234
0.5565,  0.150535
0.5570,  0.159150
0.5575,  0.168793
0.5580,  0.159389
0.5585,  0.149370
0.5590,  0.157280
0.5595,  0.165234
0.5600,  0.172056
0.5605,  0.176553
0.5610,  0.170046
0.5615,  0.164121
0.5620,  0.168350
0.5625,  0.174870
0.5630,  0.179489
0.5635,  0.183768
0.5640,  0.184339
0.5645,  0.185382
0.5650,  0.173415
0.5655,  0.162387
0.5660,  0.169056
0.5665,  0.175663
0.5670,  0.187426
0.5675,  0.200051
0.5680,  0.182469
0.5685,  0.167390
0.5690,  0.183080
0.5695,  0.198074
0.5700,  0.178020
0.5705,  0.156431
0.5710,  0.168302
0.5715,  0.175727
0.5720,  0.185667
0.5725,  0.196481
0.5730,  0.189216
0.5735,  0.185245
0.5740,  0.185833
0.5745,  0.186090
0.5750,  0.178697
0.5755,  0.169556
0.5760,  0.172659
0.5765,  0.175681
0.5770,  0.180533
0.5775,  0.186181
0.5780,  0.169605
0.5785,  0.151262
0.5790,  0.161245
0.5795,  0.169500
0.5800,  0.169301
0.5805,  0.169345
0.5810,  0.169350
0.5815,  0.171777
0.5820,  0.175453
0.5825,  0.179236
0.5830,  0.174703
0.5835,  0.170936
0.5840,  0.173479
0.5845,  0.177727
0.5850,  0.161327
0.5855,  0.144007
0.5860,  0.159288
0.5865,  0.174829
0.5870,  0.185380
0.5875,  0.201547
0.5880,  0.195642
0.5885,  0.189227
0.5890,  0.166001
0.5895,  0.135600
0.5900,  0.189499
0.5905,  0.235857
0.5910,  0.224120
0.5915,  0.210112
0.5920,  0.208473
0.5925,  0.209292
0.5930,  0.203719
0.5935,  0.200776
0.5940,  0.196887
0.5945,  0.193939
0.5950,  0.200971
0.5955,  0.202758
0.5960,  0.204883
0.5965,  0.208167
0.5970,  0.199717
0.5975,  0.192060
0.5980,  0.184107
0.5985,  0.179291
0.5990,  0.184929
0.5995,  0.192071
0.6000,  0.187610
0.6005,  0.184822
0.6010,  0.187919
0.6015,  0.187382
0.6020,  0.175664
0.6025,  0.162918
0.6030,  0.175545
0.6035,  0.189234
0.6040,  0.185747
0.6045,  0.185194
0.6050,  0.185439
0.6055,  0.184168
0.6060,  0.183649
0.6065,  0.181819
0.6070,  0.181047
0.6075,  0.182065
0.6080,  0.179760
0.6085,  0.177235
0.6090,  0.180750
0.6095,  0.186224
0.6100,  0.178283
0.6105,  0.168664
0.6110,  0.182205
0.6115,  0.195473
0.6120,  0.186208
0.6125,  0.176045
0.6130,  0.173440
0.6135,  0.172722
0.6140,  0.185163
0.6145,  0.197843
0.6150,  0.202355
0.6155,  0.205730
0.6160,  0.181301
0.6165,  0.151797
0.6170,  0.174159
0.6175,  0.196914
0.6180,  0.201105
0.6185,  0.204342
0.6190,  0.201789
0.6195,  0.196846
0.6200,  0.203917
0.6205,  0.210128
0.6210,  0.197222
0.6215,  0.186817
0.6220,  0.194616
0.6225,  0.203526
0.6230,  0.192487
0.6235,  0.184817
0.6240,  0.187914
0.6245,  0.191038
0.6250,  0.188638
0.6255,  0.185468
0.6260,  0.203950
0.6265,  0.217075
0.6270,  0.216301
0.6275,  0.217514
0.6280,  0.220055
0.6285,  0.223121
0.6290,  0.221973
0.6295,  0.220512
0.6300,  0.219110
0.6305,  0.213903
0.6310,  0.206765
0.6315,  0.208111
0.6320,  0.206306
0.6325,  0.205184
0.6330,  0.204291
0.6335,  0.204539
0.6340,  0.206050
0.6345,  0.208231
0.6350,  0.213029
0.6355,  0.215327
0.6360,  0.217255
0.6365,  0.214601
0.6370,  0.209715
0.6375,  0.204794
0.6380,  0.202484
0.6385,  0.201952
0.6390,  0.200829
0.6395,  0.197178
0.6400,  0.193797
0.6405,  0.192607
0.6410,  0.190060
0.6415,  0.193348
0.6420,  0.195517
0.6425,  0.194839
0.6430,  0.195360
0.6435,  0.193430
0.6440,  0.191807
0.6445,  0.198073
0.6450,  0.204219
0.6455,  0.207797
0.6460,  0.212788
0.6465,  0.217995
0.6470,  0.220161
0.6475,  0.218947
0.6480,  0.219756
0.6485,  0.219230
0.6490,  0.216229
0.6495,  0.220442
0.6500,  0.221226
0.6505,  0.224255
0.6510,  0.229435
0.6515,  0.227047
0.6520,  0.226141
0.6525,  0.224299
0.6530,  0.223313
0.6535,  0.215872
0.6540,  0.213355
0.6545,  0.211661
0.6550,  0.218131
0.6555,  0.216268
0.6560,  0.205064
0.6565,  0.183990
0.6570,  0.148741
0.6575,  0.159065
0.6580,  0.170602
0.6585,  0.184172
0.6590,  0.200574
0.6595,  0.199271
0.6600,  0.194195
0.6605,  0.190398
0.6610,  0.187252
0.6615,  0.179589
0.6620,  0.173681
0.6625,  0.170255
0.6630,  0.172087
0.6635,  0.174822
0.6640,  0.178622
0.6645,  0.183876
0.6650,  0.185104
0.6655,  0.183798
0.6660,  0.185628
0.6665,  0.183773
0.6670,  0.181134
0.6675,  0.182553
0.6680,  0.180052
0.6685,  0.178254
0.6690,  0.176924
0.6695,  0.174402
0.6700,  0.175843
0.6705,  0.176980
0.6710,  0.181396
0.6715,  0.188511
0.6720,  0.191726
0.6725,  0.194237
0.6730,  0.194541
0.6735,  0.190378
0.6740,  0.183716
0.6745,  0.177315
0.6750,  0.172639
0.6755,  0.171153
0.6760,  0.171213
0.6765,  0.175071
0.6770,  0.179962
0.6775,  0.181580
0.6780,  0.183915
0.6785,  0.183028
0.6790,  0.183243
0.6795,  0.182159
0.6800,  0.180837
0.6805,  0.178877
0.6810,  0.177546
0.6815,  0.176663
0.6820,  0.177907
0.6825,  0.181857
0.6830,  0.186001
0.6835,  0.187311
0.6840,  0.187663
0.6845,  0.190944
0.6850,  0.193852
0.6855,  0.211194
0.6860,  0.241639
0.6865,  0.278589
0.6870,  0.310511
0.6875,  0.320874
0.6880,  0.325132
0.6885,  0.320989
0.6890,  0.316997
0.6895,  0.313125
0.6900,  0.305640
0.6905,  0.300388
0.6910,  0.290242
0.6915,  0.283068
0.6920,  0.281857
0.6925,  0.283009
0.6930,  0.289854
0.6935,  0.287445
0.6940,  0.282776
0.6945,  0.285026
0.6950,  0.275778
0.6955,  0.263482
0.6960,  0.250265
0.6965,  0.240157
0.6970,  0.232372
0.6975,  0.237235
0.6980,  0.248605
0.6985,  0.258399
0.6990,  0.266302
0.6995,  0.272284
0.7000,  0.271972
0.7005,  0.269510
0.7010,  0.261458
0.7015,  0.264130
0.7020,  0.263345
0.7025,  0.259900
0.7030,  0.254022
0.7035,  0.255204
0.7040,  0.259804
0.7045,  0.265059
0.7050,  0.272052
0.7055,  0.273370
0.7060,  0.275732
0.7065,  0.267986
0.7070,  0.265814
0.7075,  0.257124
0.7080,  0.249442
0.7085,  0.241277
0.7090,  0.234649
0.7095,  0.227434
0.7100,  0.229289
0.7105,  0.233350
0.7110,  0.240519
0.7115,  0.241936
0.7120,  0.242797
0.7125,  0.247207
0.7130,  0.247848
0.7135,  0.249949
0.7140,  0.250333
0.7145,  0.249407
0.7150,  0.253365
0.7155,  0.267650
0.7160,  0.295240
0.7165,  0.329317
0.7170,  0.375668
0.7175,  0.420095
0.7180,  0.460085
0.7185,  0.491087
0.7190,  0.507914
0.7195,  0.519812
0.7200,  0.514961
0.7205,  0.491776
0.7210,  0.453020
0.7215,  0.415101
0.7220,  0.397609
0.7225,  0.400950
0.7230,  0.419750
0.7235,  0.444333
0.7240,  0.465951
0.7245,  0.480082
0.7250,  0.485676
0.7255,  0.486320
0.7260,  0.485830
0.7265,  0.482714
0.7270,  0.479192
0.7275,  0.472770
0.7280,  0.465655
0.7285,  0.457733
0.7290,  0.451907
0.7295,  0.451942
0.7300,  0.450580
0.7305,  0.445031
0.7310,  0.432340
0.7315,  0.415430
0.7320,  0.395497
0.7325,  0.368412
0.7330,  0.343663
0.7335,  0.323957
0.7340,  0.306726
0.7345,  0.301349
0.7350,  0.302637
0.7355,  0.309459
0.7360,  0.314083
0.7365,  0.312017
0.7370,  0.308350
0.7375,  0.298591
0.7380,  0.285241
0.7385,  0.281933
0.7390,  0.274162
0.7395,  0.266286
0.7400,  0.257678
0.7405,  0.249996
0.7410,  0.244591
0.7415,  0.248169
0.7420,  0.253694
0.7425,  0.261825
0.7430,  0.262699
0.7435,  0.260769
0.7440,  0.260561
0.7445,  0.252511
0.7450,  0.245273
0.7455,  0.242555
0.7460,  0.239928
0.7465,  0.239129
0.7470,  0.236789
0.7475,  0.238353
0.7480,  0.242468
0.7485,  0.244230
0.7490,  0.244843
0.7495,  0.248015
0.7500,  0.246803
0.7505,  0.245969
0.7510,  0.246558
0.7515,  0.245060
0.7520,  0.248257
0.7525,  0.243815
0.7530,  0.239971
0.7535,  0.242165
0.7540,  0.242921
0.7545,  0.241996
0.7550,  0.245104
0.7555,  0.241660
0.7560,  0.234325
0.7565,  0.227998
0.7570,  0.222313
0.7575,  0.231875
0.7580,  0.258918
0.7585,  0.314096
0.7590,  0.414698
0.7595,  0.569363
0.7600,  0.757303
0.7605,  0.898343
0.7610,  0.959444
0.7615,  0.958121
0.7620,  0.941205
0.7625,  0.928497
0.7630,  0.919363
0.7635,  0.887412
0.7640,  0.835595
0.7645,  0.768636
0.7650,  0.701918
0.7655,  0.626828
0.7660,  0.549196
0.7665,  0.482139
0.7670,  0.430913
0.7675,  0.391776
0.7680,  0.360362
0.7685,  0.342843
0.7690,  0.329127
0.7695,  0.314312
0.7700,  0.302048
0.7705,  0.292455
0.7710,  0.281624
0.7715,  0.281403
0.7720,  0.282784
0.7725,  0.275585
0.7730,  0.276491
0.7735,  0.270474
0.7740,  0.262425
0.7745,  0.253825
0.7750,  0.247415
0.7755,  0.245008
0.7760,  0.245813
0.7765,  0.250504
0.7770,  0.253219
0.7775,  0.258382
0.7780,  0.255581
0.7785,  0.254910
0.7790,  0.243819
0.7795,  0.247577
0.7800,  0.244329
0.7805,  0.244261
0.7810,  0.246202
0.7815,  0.246922
0.7820,  0.246834
0.7825,  0.242902
0.7830,  0.241079
0.7835,  0.250734
0.7840,  0.250434
0.7845,  0.255796
0.7850,  0.258465
0.7855,  0.263666
0.7860,  0.273839
0.7865,  0.282392
0.7870,  0.290328
0.7875,  0.302588
0.7880,  0.312696
0.7885,  0.316283
0.7890,  0.320107
0.7895,  0.320038
0.7900,  0.316573
0.7905,  0.316234
0.7910,  0.315012
0.7915,  0.317255
0.7920,  0.316325
0.7925,  0.314465
0.7930,  0.314319
0.7935,  0.317310
0.7940,  0.316066
0.7945,  0.319729
0.7950,  0.318850
0.7955,  0.327540
0.7960,  0.328829
0.7965,  0.328614
0.7970,  0.327999
0.7975,  0.321956
0.7980,  0.315019
0.7985,  0.315858
0.7990,  0.312419
0.7995,  0.316275
0.8000,  0.315294
0.8005,  0.315759
0.8010,  0.320322
0.8015,  0.314712
0.8020,  0.305141
0.8025,  0.309493
0.8030,  0.317715
0.8035,  0.323301
0.8040,  0.330182
0.8045,  0.330213
0.8050,  0.327278
0.8055,  0.314188
0.8060,  0.298984
0.8065,  0.281910
0.8070,  0.273580
0.8075,  0.272445
0.8080,  0.284813
0.8085,  0.282634
0.8090,  0.292539
0.8095,  0.307460
0.8100,  0.322514
0.8105,  0.331795
0.8110,  0.345311
0.8115,  0.366154
0.8120,  0.390161
0.8125,  0.414900
0.8130,  0.442864
0.8135,  0.468449
0.8140,  0.501663
0.8145,  0.533043
0.8150,  0.563112
0.8155,  0.588875
0.8160,  0.612089
0.8165,  0.651425
0.8170,  0.671438
0.8175,  0.674107
0.8180,  0.659467
0.8185,  0.636059
0.8190,  0.596251
0.8195,  0.562574
0.8200,  0.527444
0.8205,  0.502928
0.8210,  0.502158
0.8215,  0.524511
0.8220,  0.580259
0.8225,  0.646926
0.8230,  0.662126
0.8235,  0.630263
0.8240,  0.569784
0.8245,  0.514468
0.8250,  0.478241
0.8255,  0.461294
0.8260,  0.450417
0.8265,  0.456925
0.8270,  0.469801
0.8275,  0.488372
0.8280,  0.510141
0.8285,  0.527324
0.8290,  0.522782
0.8295,  0.513722
0.8300,  0.499852
0.8305,  0.495797
0.8310,  0.487094
0.8315,  0.471869
0.8320,  0.466833
0.8325,  0.464812
0.8330,  0.457432
0.8335,  0.448635
0.8340,  0.436169
0.8345,  0.416107
0.8350,  0.409842
0.8355,  0.402178
0.8360,  0.395578
0.8365,  0.381992
0.8370,  0.376555
0.8375,  0.378205
0.8380,  0.379176
0.8385,  0.383809
0.8390,  0.388462
0.8395,  0.382082
0.8400,  0.363882
0.8405,  0.350738
0.8410,  0.343786
0.8415,  0.335768
0.8420,  0.334487
0.8425,  0.327279
0.8430,  0.324925
0.8435,  0.325163
0.8440,  0.324927
0.8445,  0.341247
0.8450,  0.330945
0.8455,  0.331349
0.8460,  0.329149
0.8465,  0.328355
0.8470,  0.334890
0.8475,  0.337978
0.8480,  0.359844
0.8485,  0.358727
0.8490,  0.344777
0.8495,  0.336484
0.8500,  0.329176
0.8505,  0.341065
0.8510,  0.353823
0.8515,  0.363185
0.8520,  0.382169
0.8525,  0.376870
0.8530,  0.357606
0.8535,  0.344605
0.8540,  0.324185
0.8545,  0.344154
0.8550,  0.361781
0.8555,  0.350268
0.8560,  0.360283
0.8565,  0.356122
0.8570,  0.359103
0.8575,  0.345909
0.8580,  0.344270
0.8585,  0.359497
0.8590,  0.365174
0.8595,  0.370739
0.8600,  0.369980
0.8605,  0.356147
0.8610,  0.333599
0.8615,  0.322216
0.8620,  0.323253
0.8625,  0.325887
0.8630,  0.325623
0.8635,  0.352653
0.8640,  0.355848
0.8645,  0.352306
0.8650,  0.365606
0.8655,  0.365872
0.8660,  0.341173
0.8665,  0.343699
0.8670,  0.335297
0.8675,  0.327798
0.8680,  0.331441
0.8685,  0.347020
0.8690,  0.381184
0.8695,  0.402436
0.8700,  0.415311
0.8705,  0.403307
0.8710,  0.376856
0.8715,  0.357994
0.8720,  0.345640
0.8725,  0.346118
0.8730,  0.355351
0.8735,  0.359336
0.8740,  0.366348
0.8745,  0.387839
0.8750,  0.401927
0.8755,  0.410845
0.8760,  0.411105
0.8765,  0.429598
0.8770,  0.421527
0.8775,  0.408510
0.8780,  0.382843
0.8785,  0.369256
0.8790,  0.347379
0.8795,  0.352470
0.8800,  0.367396
0.8805,  0.379724
0.8810,  0.408273
0.8815,  0.413623
0.8820,  0.425154
0.8825,  0.425676
0.8830,  0.429075
0.8835,  0.422138
0.8840,  0.400069
0.8845,  0.387282
0.8850,  0.393974
0.8855,  0.393378
0.8860,  0.416811
0.8865,  0.440674
0.8870,  0.465230
0.8875,  0.464399
0.8880,  0.443027
0.8885,  0.404977
0.8890,  0.389865
0.8895,  0.402603
0.8900,  0.428255
