0.3500,  -0.016819
0.3505,  0.025085
0.3510,  0.000835
0.3515,  -0.025756
0.3520,  -0.051379
0.3525,  -0.077411
0.3530,  -0.041296
0.3535,  -0.008819
0.3540,  0.003907
0.3545,  0.027739
0.3550,  0.008847
0.3555,  -0.004480
0.3560,  -0.033371
0.3565,  -0.063063
0.3570,  -0.083011
0.3575,  -0.114209
0.3580,  -0.142920
0.3585,  -0.179031
0.3590,  -0.059449
0.3595,  0.035845
0.3600,  0.022137
0.3605,  0.009660
0.3610,  -0.023683
0.3615,  -0.058973
0.3620,  -0.024573
0.3625,  0.006001
0.3630,  -0.003839
0.3635,  -0.012753
0.3640,  -0.019762
0.3645,  -0.031523
0.3650,  -0.009309
0.3655,  0.014075
0.3660,  0.022203
0.3665,  0.032214
0.3670,  0.013565
0.3675,  -0.000906
0.3680,  -0.019611
0.3685,  -0.040855
0.3690,  -0.007774
0.3695,  0.023127
0.3700,  0.002393
0.3705,  -0.019626
0.3710,  -0.006254
0.3715,  0.009399
0.3720,  -0.012234
0.3725,  -0.031100
0.3730,  -0.051347
0.3735,  -0.076298
0.3740,  -0.067305
0.3745,  -0.062471
0.3750,  -0.007264
0.3755,  0.035113
0.3760,  0.028506
0.3765,  0.016902
0.3770,  0.048873
0.3775,  0.078554
0.3780,  0.075699
0.3785,  0.080690
0.3790,  0.016474
0.3795,  -0.055666
0.3800,  -0.017904
0.3805,  0.023092
0.3810,  0.006099
0.3815,  -0.001735
0.3820,  -0.057533
0.3825,  -0.129842
0.3830,  -0.146097
0.3835,  -0.173679
0.3840,  -0.059068
0.3845,  0.027086
0.3850,  0.032574
0.3855,  0.037923
0.3860,  0.025250
0.3865,  0.016572
0.3870,  0.014312
0.3875,  0.011051
0.3880,  -0.003708
0.3885,  -0.021000
0.3890,  0.022436
0.3895,  0.057069
0.3900,  0.058108
0.3905,  0.059514
0.3910,  0.070768
0.3915,  0.094787
0.3920,  0.032763
0.3925,  -0.032819
0.3930,  -0.152820
0.3935,  -0.328013
0.3940,  -0.129054
0.3945,  0.012070
0.3950,  0.085938
0.3955,  0.157693
0.3960,  0.047758
0.3965,  -0.092578
0.3970,  -0.079198
0.3975,  -0.084973
0.3980,  0.044619
0.3985,  0.136593
0.3990,  0.124748
0.3995,  0.118216
0.4000,  0.095947
0.4005,  0.076053
0.4010,  0.067831
0.4015,  0.063204
0.4020,  0.054810
0.4025,  0.051557
0.4030,  0.035896
0.4035,  0.022574
0.4040,  0.022271
0.4045,  0.023891
0.4050,  0.025396
0.4055,  0.026670
0.4060,  0.015424
0.4065,  0.003350
0.4070,  0.011032
0.4075,  0.016277
0.4080,  0.032931
0.4085,  0.050245
0.4090,  0.046907
0.4095,  0.044719
0.4100,  0.013539
0.4105,  -0.025257
0.4110,  0.019865
0.4115,  0.060649
0.4120,  0.050581
0.4125,  0.042217
0.4130,  0.034613
0.4135,  0.029256
0.4140,  0.024799
0.4145,  0.019020
0.4150,  0.016878
0.4155,  0.015225
0.4160,  0.032723
0.4165,  0.051474
0.4170,  0.025000
0.4175,  -0.004318
0.4180,  -0.001346
0.4185,  0.005129
0.4190,  0.011589
0.4195,  0.013197
0.4200,  0.021973
0.4205,  0.032886
0.4210,  0.038593
0.4215,  0.046863
0.4220,  0.017980
0.4225,  -0.017765
0.4230,  0.007487
0.4235,  0.030804
0.4240,  0.037909
0.4245,  0.046600
0.4250,  0.035800
0.4255,  0.026545
0.4260,  0.031263
0.4265,  0.038142
0.4270,  0.018294
0.4275,  -0.002205
0.4280,  0.007552
0.4285,  0.020229
0.4290,  0.010225
0.4295,  0.002158
0.4300,  -0.058860
0.4305,  -0.134047
0.4310,  -0.002857
0.4315,  0.095386
0.4320,  0.074865
0.4325,  0.052301
0.4330,  0.054343
0.4335,  0.058694
0.4340,  0.041002
0.4345,  0.024279
0.4350,  0.026278
0.4355,  0.026542
0.4360,  0.053467
0.4365,  0.083210
0.4370,  0.063821
0.4375,  0.047840
0.4380,  0.012888
0.4385,  -0.029359
0.4390,  0.017460
0.4395,  0.059608
0.4400,  0.038066
0.4405,  0.013554
0.4410,  0.043616
0.4415,  0.070075
0.4420,  0.070365
0.4425,  0.071611
0.4430,  0.055475
0.4435,  0.040783
0.4440,  0.048663
0.4445,  0.058877
0.4450,  0.037218
0.4455,  0.013218
0.4460,  0.023888
0.4465,  0.032183
0.4470,  0.055675
0.4475,  0.077908
0.4480,  0.059083
0.4485,  0.038974
0.4490,  0.040870
0.4495,  0.042084
0.4500,  0.052857
0.4505,  0.065576
0.4510,  0.060681
0.4515,  0.058010
0.4520,  0.037504
0.4525,  0.019116
0.4530,  0.027465
0.4535,  0.034136
0.4540,  0.037631
0.4545,  0.038754
0.4550,  0.044011
0.4555,  0.052225
0.4560,  0.056277
0.4565,  0.058657
0.4570,  0.058447
0.4575,  0.061364
0.4580,  0.044788
0.4585,  0.028023
0.4590,  0.036181
0.4595,  0.041745
0.4600,  0.045200
0.4605,  0.048256
0.4610,  0.047928
0.4615,  0.046253
0.4620,  0.051631
0.4625,  0.058686
0.4630,  0.049144
0.4635,  0.043411
0.4640,  0.039129
0.4645,  0.033494
0.4650,  0.048499
0.4655,  0.063740
0.4660,  0.046366
0.4665,  0.030793
0.4670,  0.047297
0.4675,  0.062153
0.4680,  0.058532
0.4685,  0.057264
0.4690,  0.058192
0.4695,  0.060847
0.4700,  0.047851
0.4705,  0.030547
0.4710,  0.051779
0.4715,  0.071898
0.4720,  0.072305
0.4725,  0.073917
0.4730,  0.067453
0.4735,  0.059648
0.4740,  0.067814
0.4745,  0.076495
0.4750,  0.072344
0.4755,  0.068424
0.4760,  0.059289
0.4765,  0.049650
0.4770,  0.066114
0.4775,  0.081288
0.4780,  0.068772
0.4785,  0.058326
0.4790,  0.068520
0.4795,  0.077608
0.4800,  0.069896
0.4805,  0.065005
0.4810,  0.073693
0.4815,  0.082004
0.4820,  0.073050
0.4825,  0.066404
0.4830,  0.068504
0.4835,  0.071516
0.4840,  0.070311
0.4845,  0.073562
0.4850,  0.066040
0.4855,  0.059138
0.4860,  0.036375
0.4865,  0.004095
0.4870,  0.039060
0.4875,  0.069628
0.4880,  0.078296
0.4885,  0.084148
0.4890,  0.082971
0.4895,  0.083063
0.4900,  0.084948
0.4905,  0.090718
0.4910,  0.075735
0.4915,  0.060872
0.4920,  0.062926
0.4925,  0.063346
0.4930,  0.060021
0.4935,  0.054255
0.4940,  0.077550
0.4945,  0.099931
0.4950,  0.078171
0.4955,  0.056979
0.4960,  0.068935
0.4965,  0.081389
0.4970,  0.083089
0.4975,  0.087137
0.4980,  0.067096
0.4985,  0.044956
0.4990,  0.063530
0.4995,  0.082852
0.5000,  0.069835
0.5005,  0.055606
0.5010,  0.051807
0.5015,  0.045737
0.5020,  0.058816
0.5025,  0.071600
0.5030,  0.078256
0.5035,  0.084010
0.5040,  0.072974
0.5045,  0.058587
0.5050,  0.073626
0.5055,  0.089623
0.5060,  0.082634
0.5065,  0.077684
0.5070,  0.071006
0.5075,  0.063260
0.5080,  0.064417
0.5085,  0.064627
0.5090,  0.063220
0.5095,  0.061726
0.5100,  0.064686
0.5105,  0.067696
0.5110,  0.075316
0.5115,  0.083504
0.5120,  0.066093
0.5125,  0.049434
0.5130,  0.053122
0.5135,  0.055074
0.5140,  0.060568
0.5145,  0.064384
0.5150,  0.071099
0.5155,  0.082435
0.5160,  0.056037
0.5165,  0.027354
0.5170,  0.045052
0.5175,  0.059338
0.5180,  0.047196
0.5185,  0.030023
0.5190,  0.054263
0.5195,  0.076795
0.5200,  0.070555
0.5205,  0.064818
0.5210,  0.072410
0.5215,  0.081847
0.5220,  0.067135
0.5225,  0.051678
0.5230,  0.061022
0.5235,  0.067566
0.5240,  0.073555
0.5245,  0.082583
0.5250,  0.081130
0.5255,  0.083362
0.5260,  0.049665
0.5265,  0.010483
0.5270,  0.038090
0.5275,  0.060746
0.5280,  0.065980
0.5285,  0.070187
0.5290,  0.068180
0.5295,  0.067256
0.5300,  0.069075
0.5305,  0.071648
0.5310,  0.072975
0.5315,  0.078485
0.5320,  0.052964
0.5325,  0.025027
0.5330,  0.052479
0.5335,  0.077179
0.5340,  0.065312
0.5345,  0.051526
0.5350,  0.069230
0.5355,  0.087885
0.5360,  0.069351
0.5365,  0.051667
0.5370,  0.054274
0.5375,  0.057353
0.5380,  0.063313
0.5385,  0.069521
0.5390,  0.060885
0.5395,  0.054016
0.5400,  0.047881
0.5405,  0.039411
0.5410,  0.058466
0.5415,  0.075264
0.5420,  0.064403
0.5425,  0.054073
0.5430,  0.061812
0.5435,  0.068155
0.5440,  0.066598
0.5445,  0.066528
0.5450,  0.070333
0.5455,  0.074117
0.5460,  0.072070
0.5465,  0.069261
0.5470,  0.062802
0.5475,  0.055200
0.5480,  0.058874
0.5485,  0.062338
0.5490,  0.066653
0.5495,  0.071967
0.5500,  0.067139
0.5505,  0.062885
0.5510,  0.065157
0.5515,  0.067208
0.5520,  0.064540
0.5525,  0.061585
0.5530,  0.067520
0.5535,  0.072354
0.5540,  0.073861
0.5545,  0.075058
0.5550,  0.075884
0.5555,  0.077710
0.5560,  0.068831
0.5565,  0.059627
0.5570,  0.065676
0.5575,  0.072496
0.5580,  0.066425
0.5585,  0.059454
0.5590,  0.063686
0.5595,  0.067673
0.5600,  0.071154
0.5605,  0.073943
0.5610,  0.069980
0.5615,  0.066400
0.5620,  0.070027
0.5625,  0.074416
0.5630,  0.077132
0.5635,  0.079931
0.5640,  0.080733
0.5645,  0.082026
0.5650,  0.075764
0.5655,  0.067406
0.5660,  0.072228
0.5665,  0.075496
0.5670,  0.083663
0.5675,  0.092218
0.5680,  0.080031
0.5685,  0.069085
0.5690,  0.079495
0.5695,  0.090511
0.5700,  0.078319
0.5705,  0.063351
0.5710,  0.070053
0.5715,  0.073796
0.5720,  0.079726
0.5725,  0.086759
0.5730,  0.083265
0.5735,  0.081192
0.5740,  0.081542
0.5745,  0.081980
0.5750,  0.076551
0.5755,  0.069275
0.5760,  0.071450
0.5765,  0.075267
0.5770,  0.078085
0.5775,  0.081684
0.5780,  0.069547
0.5785,  0.057074
0.5790,  0.063532
0.5795,  0.069465
0.5800,  0.069531
0.5805,  0.069143
0.5810,  0.070308
0.5815,  0.071854
0.5820,  0.074589
0.5825,  0.077008
0.5830,  0.073483
0.5835,  0.070418
0.5840,  0.072273
0.5845,  0.075416
0.5850,  0.065319
0.5855,  0.054486
0.5860,  0.065423
0.5865,  0.076358
0.5870,  0.084306
0.5875,  0.096012
0.5880,  0.093199
0.5885,  0.086978
0.5890,  0.067359
0.5895,  0.042863
0.5900,  0.078106
0.5905,  0.110086
0.5910,  0.102551
0.5915,  0.094179
0.5920,  0.092571
0.5925,  0.092657
0.5930,  0.089982
0.5935,  0.090234
0.5940,  0.088447
0.5945,  0.085004
0.5950,  0.087269
0.5955,  0.088260
0.5960,  0.090704
0.5965,  0.092768
0.5970,  0.086377
0.5975,  0.080637
0.5980,  0.076287
0.5985,  0.072716
0.5990,  0.077478
0.5995,  0.082410
0.6000,  0.079526
0.6005,  0.078129
0.6010,  0.080071
0.6015,  0.079789
0.6020,  0.071974
0.6025,  0.062503
0.6030,  0.070884
0.6035,  0.080522
0.6040,  0.079231
0.6045,  0.079581
0.6050,  0.078653
0.6055,  0.075843
0.6060,  0.075017
0.6065,  0.074769
0.6070,  0.074819
0.6075,  0.075584
0.6080,  0.075266
0.6085,  0.076204
0.6090,  0.080432
0.6095,  0.082181
0.6100,  0.077075
0.6105,  0.070046
0.6110,  0.077093
0.6115,  0.084592
0.6120,  0.078112
0.6125,  0.072961
0.6130,  0.071812
0.6135,  0.071109
0.6140,  0.078235
0.6145,  0.086059
0.6150,  0.089838
0.6155,  0.092139
0.6160,  0.073205
0.6165,  0.052093
0.6170,  0.067944
0.6175,  0.082861
0.6180,  0.085736
0.6185,  0.089427
0.6190,  0.087472
0.6195,  0.083146
0.6200,  0.088471
0.6205,  0.093420
0.6210,  0.085245
0.6215,  0.077570
0.6220,  0.082726
0.6225,  0.089152
0.6230,  0.083315
0.6235,  0.079055
0.6240,  0.082504
0.6245,  0.084183
0.6250,  0.081544
0.6255,  0.076968
0.6260,  0.088346
0.6265,  0.100398
0.6270,  0.100533
0.6275,  0.101001
0.6280,  0.102231
0.6285,  0.104850
0.6290,  0.104727
0.6295,  0.103682
0.6300,  0.102095
0.6305,  0.098767
0.6310,  0.093023
0.6315,  0.090860
0.6320,  0.088139
0.6325,  0.086968
0.6330,  0.087710
0.6335,  0.088908
0.6340,  0.089820
0.6345,  0.091306
0.6350,  0.093943
0.6355,  0.094361
0.6360,  0.093723
0.6365,  0.089883
0.6370,  0.085120
0.6375,  0.081994
0.6380,  0.082313
0.6385,  0.084661
0.6390,  0.086403
0.6395,  0.086794
0.6400,  0.086181
0.6405,  0.084970
0.6410,  0.081338
0.6415,  0.081956
0.6420,  0.081805
0.6425,  0.080172
0.6430,  0.078263
0.6435,  0.077742
0.6440,  0.079073
0.6445,  0.083792
0.6450,  0.089645
0.6455,  0.093095
0.6460,  0.097030
0.6465,  0.098935
0.6470,  0.099116
0.6475,  0.098107
0.6480,  0.096833
0.6485,  0.095189
0.6490,  0.090445
0.6495,  0.092172
0.6500,  0.092137
0.6505,  0.095306
0.6510,  0.100822
0.6515,  0.101401
0.6520,  0.100637
0.6525,  0.099276
0.6530,  0.097866
0.6535,  0.090957
0.6540,  0.088746
0.6545,  0.092445
0.6550,  0.098516
0.6555,  0.097710
0.6560,  0.087182
0.6565,  0.067232
0.6570,  0.040688
0.6575,  0.047596
0.6580,  0.057714
0.6585,  0.068837
0.6590,  0.079316
0.6595,  0.075986
0.6600,  0.074987
0.6605,  0.072197
0.6610,  0.071314
0.6615,  0.069571
0.6620,  0.069315
0.6625,  0.067852
0.6630,  0.067060
0.6635,  0.069368
0.6640,  0.071632
0.6645,  0.072395
0.6650,  0.073546
0.6655,  0.072274
0.6660,  0.068953
0.6665,  0.066933
0.6670,  0.064370
0.6675,  0.064081
0.6680,  0.061914
0.6685,  0.063509
0.6690,  0.065778
0.6695,  0.065295
0.6700,  0.066560
0.6705,  0.067141
0.6710,  0.067678
0.6715,  0.069732
0.6720,  0.069907
0.6725,  0.069787
0.6730,  0.067306
0.6735,  0.063007
0.6740,  0.060378
0.6745,  0.058675
0.6750,  0.056776
0.6755,  0.058158
0.6760,  0.060960
0.6765,  0.064857
0.6770,  0.068484
0.6775,  0.070037
0.6780,  0.069953
0.6785,  0.068524
0.6790,  0.066497
0.6795,  0.064527
0.6800,  0.063302
0.6805,  0.062069
0.6810,  0.064251
0.6815,  0.066933
0.6820,  0.068531
0.6825,  0.069334
0.6830,  0.071354
0.6835,  0.071144
0.6840,  0.071288
0.6845,  0.073587
0.6850,  0.078457
0.6855,  0.096057
0.6860,  0.120566
0.6865,  0.145129
0.6870,  0.159253
0.6875,  0.158927
0.6880,  0.157421
0.6885,  0.153103
0.6890,  0.148807
0.6895,  0.142887
0.6900,  0.137343
0.6905,  0.133128
0.6910,  0.128868
0.6915,  0.125075
0.6920,  0.121027
0.6925,  0.121470
0.6930,  0.123652
0.6935,  0.123518
0.6940,  0.122820
0.6945,  0.119870
0.6950,  0.115413
0.6955,  0.109850
0.6960,  0.104853
0.6965,  0.100688
0.6970,  0.099823
0.6975,  0.103597
0.6980,  0.108663
0.6985,  0.111904
0.6990,  0.116051
0.6995,  0.115509
0.7000,  0.113197
0.7005,  0.112792
0.7010,  0.109285
0.7015,  0.110918
0.7020,  0.109291
0.7025,  0.106873
0.7030,  0.104695
0.7035,  0.105577
0.7040,  0.107690
0.7045,  0.108611
0.7050,  0.109525
0.7055,  0.105844
0.7060,  0.100947
0.7065,  0.095348
0.7070,  0.094052
0.7075,  0.092037
0.7080,  0.090128
0.7085,  0.088105
0.7090,  0.086626
0.7095,  0.087274
0.7100,  0.088969
0.7105,  0.087628
0.7110,  0.088600
0.7115,  0.090365
0.7120,  0.091141
0.7125,  0.092813
0.7130,  0.093711
0.7135,  0.096178
0.7140,  0.098886
0.7145,  0.103551
0.7150,  0.111963
0.7155,  0.127185
0.7160,  0.151356
0.7165,  0.177374
0.7170,  0.203814
0.7175,  0.225907
0.7180,  0.245264
0.7185,  0.258506
0.7190,  0.260932
0.7195,  0.255946
0.7200,  0.239593
0.7205,  0.219234
0.7210,  0.197105
0.7215,  0.183734
0.7220,  0.184847
0.7225,  0.194389
0.7230,  0.207375
0.7235,  0.217074
0.7240,  0.224961
0.7245,  0.226225
0.7250,  0.226167
0.7255,  0.224175
0.7260,  0.225564
0.7265,  0.228149
0.7270,  0.228085
0.7275,  0.221013
0.7280,  0.215968
0.7285,  0.210572
0.7290,  0.202329
0.7295,  0.200195
0.7300,  0.197477
0.7305,  0.192429
0.7310,  0.187620
0.7315,  0.176088
0.7320,  0.165307
0.7325,  0.153700
0.7330,  0.143810
0.7335,  0.133584
0.7340,  0.125376
0.7345,  0.121270
0.7350,  0.120368
0.7355,  0.119529
0.7360,  0.117711
0.7365,  0.115195
0.7370,  0.113707
0.7375,  0.109674
0.7380,  0.108945
0.7385,  0.108749
0.7390,  0.105456
0.7395,  0.102706
0.7400,  0.098623
0.7405,  0.094445
0.7410,  0.091992
0.7415,  0.094535
0.7420,  0.095833
0.7425,  0.095743
0.7430,  0.096011
0.7435,  0.092413
0.7440,  0.089417
0.7445,  0.087606
0.7450,  0.083799
0.7455,  0.083116
0.7460,  0.082260
0.7465,  0.082923
0.7470,  0.083002
0.7475,  0.080438
0.7480,  0.080609
0.7485,  0.079904
0.7490,  0.080367
0.7495,  0.082842
0.7500,  0.083321
0.7505,  0.083265
0.7510,  0.081906
0.7515,  0.080790
0.7520,  0.077027
0.7525,  0.073517
0.7530,  0.071886
0.7535,  0.070254
0.7540,  0.069960
0.7545,  0.069550
0.7550,  0.073577
0.7555,  0.075270
0.7560,  0.074556
0.7565,  0.070846
0.7570,  0.070597
0.7575,  0.080163
0.7580,  0.108599
0.7585,  0.166061
0.7590,  0.253466
0.7595,  0.365541
0.7600,  0.459160
0.7605,  0.505477
0.7610,  0.504340
0.7615,  0.488214
0.7620,  0.478520
0.7625,  0.476702
0.7630,  0.463258
0.7635,  0.433731
0.7640,  0.395724
0.7645,  0.349908
0.7650,  0.305742
0.7655,  0.259850
0.7660,  0.218427
0.7665,  0.179925
0.7670,  0.148037
0.7675,  0.132179
0.7680,  0.121634
0.7685,  0.116313
0.7690,  0.111917
0.7695,  0.103866
0.7700,  0.098447
0.7705,  0.093283
0.7710,  0.089520
0.7715,  0.086116
0.7720,  0.083428
0.7725,  0.079499
0.7730,  0.078757
0.7735,  0.077667
0.7740,  0.075980
0.7745,  0.074320
0.7750,  0.070164
0.7755,  0.069717
0.7760,  0.069859
0.7765,  0.068873
0.7770,  0.067487
0.7775,  0.066939
0.7780,  0.067726
0.7785,  0.070288
0.7790,  0.071492
0.7795,  0.073307
0.7800,  0.072975
0.7805,  0.073081
0.7810,  0.069229
0.7815,  0.066328
0.7820,  0.066521
0.7825,  0.068304
0.7830,  0.067652
0.7835,  0.068666
0.7840,  0.068738
0.7845,  0.068785
0.7850,  0.072424
0.7855,  0.077125
0.7860,  0.084949
0.7865,  0.089633
0.7870,  0.094359
0.7875,  0.096323
0.7880,  0.096188
0.7885,  0.099398
0.7890,  0.100727
0.7895,  0.102148
0.7900,  0.100687
0.7905,  0.100108
0.7910,  0.096493
0.7915,  0.095100
0.7920,  0.098222
0.7925,  0.097621
0.7930,  0.100231
0.7935,  0.097110
0.7940,  0.091586
0.7945,  0.085829
0.7950,  0.085506
0.7955,  0.089535
0.7960,  0.094153
0.7965,  0.094439
0.7970,  0.097963
0.7975,  0.097085
0.7980,  0.093896
0.7985,  0.090285
0.7990,  0.088267
0.7995,  0.089535
0.8000,  0.091961
0.8005,  0.094891
0.8010,  0.098244
0.8015,  0.096449
0.8020,  0.095454
0.8025,  0.097860
0.8030,  0.099327
0.8035,  0.099379
0.8040,  0.095898
0.8045,  0.088231
0.8050,  0.083111
0.8055,  0.081416
0.8060,  0.076978
0.8065,  0.076089
0.8070,  0.078367
0.8075,  0.078641
0.8080,  0.077963
0.8085,  0.080968
0.8090,  0.084231
0.8095,  0.092505
0.8100,  0.098503
0.8105,  0.108012
0.8110,  0.112921
0.8115,  0.121309
0.8120,  0.131546
0.8125,  0.151649
0.8130,  0.170599
0.8135,  0.185571
0.8140,  0.200056
0.8145,  0.219366
0.8150,  0.234100
0.8155,  0.242161
0.8160,  0.245155
0.8165,  0.247983
0.8170,  0.248799
0.8175,  0.241648
0.8180,  0.233110
0.8185,  0.224132
0.8190,  0.205588
0.8195,  0.197810
0.8200,  0.184820
0.8205,  0.175731
0.8210,  0.184433
0.8215,  0.203190
0.8220,  0.226597
0.8225,  0.243230
0.8230,  0.240015
0.8235,  0.213119
0.8240,  0.185766
0.8245,  0.169869
0.8250,  0.162453
0.8255,  0.159947
0.8260,  0.160251
0.8265,  0.167057
0.8270,  0.176791
0.8275,  0.186939
0.8280,  0.191732
0.8285,  0.181557
0.8290,  0.171955
0.8295,  0.165378
0.8300,  0.159503
0.8305,  0.154631
0.8310,  0.154378
0.8315,  0.153454
0.8320,  0.150038
0.8325,  0.148795
0.8330,  0.145467
0.8335,  0.136698
0.8340,  0.129772
0.8345,  0.122309
0.8350,  0.118649
0.8355,  0.115415
0.8360,  0.113452
0.8365,  0.107222
0.8370,  0.104870
0.8375,  0.103201
0.8380,  0.098310
0.8385,  0.093789
0.8390,  0.086344
0.8395,  0.081844
0.8400,  0.081839
0.8405,  0.080859
0.8410,  0.078624
0.8415,  0.078476
0.8420,  0.073712
0.8425,  0.074053
0.8430,  0.075243
0.8435,  0.075966
0.8440,  0.072414
0.8445,  0.069880
0.8450,  0.065686
0.8455,  0.062790
0.8460,  0.066355
0.8465,  0.067473
0.8470,  0.068301
0.8475,  0.072087
0.8480,  0.078962
0.8485,  0.075204
0.8490,  0.068367
0.8495,  0.059675
0.8500,  0.055478
0.8505,  0.059441
0.8510,  0.060328
0.8515,  0.061814
0.8520,  0.067151
0.8525,  0.056361
0.8530,  0.054273
0.8535,  0.055187
0.8540,  0.046998
0.8545,  0.058525
0.8550,  0.059355
0.8555,  0.057769
0.8560,  0.060993
0.8565,  0.060208
0.8570,  0.058617
0.8575,  0.058084
0.8580,  0.059035
0.8585,  0.056564
0.8590,  0.057539
0.8595,  0.054612
0.8600,  0.052200
0.8605,  0.051719
0.8610,  0.050406
0.8615,  0.052908
0.8620,  0.047848
0.8625,  0.046469
0.8630,  0.047029
0.8635,  0.050536
0.8640,  0.056525
0.8645,  0.050270
0.8650,  0.048071
0.8655,  0.043845
0.8660,  0.029650
0.8665,  0.038680
0.8670,  0.036149
0.8675,  0.037591
0.8680,  0.042777
0.8685,  0.041025
0.8690,  0.044755
0.8695,  0.051488
0.8700,  0.054789
0.8705,  0.058331
0.8710,  0.061691
0.8715,  0.063294
0.8720,  0.063137
0.8725,  0.056809
0.8730,  0.056237
0.8735,  0.056771
0.8740,  0.060427
0.8745,  0.061596
0.8750,  0.051298
0.8755,  0.048338
0.8760,  0.049547
0.8765,  0.053756
0.8770,  0.055315
0.8775,  0.060249
0.8780,  0.061442
0.8785,  0.054614
0.8790,  0.054355
0.8795,  0.052148
0.8800,  0.046920
0.8805,  0.047559
0.8810,  0.054881
0.8815,  0.046608
0.8820,  0.041786
0.8825,  0.042200
0.8830,  0.039855
0.8835,  0.047721
0.8840,  0.055552
0.8845,  0.057238
0.8850,  0.054930
0.8855,  0.056843
0.8860,  0.056769
0.8865,  0.053441
0.8870,  0.057626
0.8875,  0.060456
0.8880,  0.059171
0.8885,  0.057486
0.8890,  0.062301
0.8895,  0.066367
0.8900,  0.067876
