0.3500,  4.116173
0.3505,  3.977342
0.3510,  3.604119
0.3515,  3.146189
0.3520,  2.861352
0.3525,  2.658210
0.3530,  2.548208
0.3535,  2.320653
0.3540,  2.187321
0.3545,  2.148380
0.3550,  2.130188
0.3555,  2.171603
0.3560,  2.155099
0.3565,  2.255483
0.3570,  2.567114
0.3575,  2.938975
0.3580,  3.258218
0.3585,  3.347861
0.3590,  3.381065
0.3595,  3.353919
0.3600,  3.040207
0.3605,  2.860458
0.3610,  2.689602
0.3615,  2.417560
0.3620,  2.243331
0.3625,  2.124003
0.3630,  1.990995
0.3635,  1.878605
0.3640,  1.768152
0.3645,  1.672983
0.3650,  1.628923
0.3655,  1.579599
0.3660,  1.497997
0.3665,  1.423517
0.3670,  1.333507
0.3675,  1.276574
0.3680,  1.223185
0.3685,  1.161087
0.3690,  1.182995
0.3695,  1.226378
0.3700,  1.197233
0.3705,  1.162377
0.3710,  1.184100
0.3715,  1.211517
0.3720,  1.184504
0.3725,  1.172795
0.3730,  1.175588
0.3735,  1.181103
0.3740,  1.238192
0.3745,  1.279552
0.3750,  1.381043
0.3755,  1.435278
0.3760,  1.386245
0.3765,  1.319730
0.3770,  1.303382
0.3775,  1.279473
0.3780,  1.224388
0.3785,  1.201450
0.3790,  1.092991
0.3795,  0.980704
0.3800,  1.032165
0.3805,  1.095967
0.3810,  1.091622
0.3815,  1.117679
0.3820,  1.095621
0.3825,  1.079802
0.3830,  1.164411
0.3835,  1.216780
0.3840,  1.434862
0.3845,  1.585617
0.3850,  1.598200
0.3855,  1.575025
0.3860,  1.507020
0.3865,  1.451383
0.3870,  1.404971
0.3875,  1.354576
0.3880,  1.289948
0.3885,  1.226038
0.3890,  1.244867
0.3895,  1.246822
0.3900,  1.197817
0.3905,  1.149924
0.3910,  1.132121
0.3915,  1.142198
0.3920,  1.038177
0.3925,  0.954740
0.3930,  0.833001
0.3935,  0.660180
0.3940,  1.014452
0.3945,  1.238504
0.3950,  1.335165
0.3955,  1.425090
0.3960,  1.248506
0.3965,  1.024508
0.3970,  1.022058
0.3975,  0.987758
0.3980,  1.121332
0.3985,  1.172815
0.3990,  1.077086
0.3995,  0.998183
0.4000,  0.905197
0.4005,  0.823222
0.4010,  0.767531
0.4015,  0.729247
0.4020,  0.690381
0.4025,  0.664366
0.4030,  0.628274
0.4035,  0.598030
0.4040,  0.586663
0.4045,  0.583831
0.4050,  0.586491
0.4055,  0.589636
0.4060,  0.575558
0.4065,  0.564054
0.4070,  0.579922
0.4075,  0.589204
0.4080,  0.614441
0.4085,  0.638908
0.4090,  0.626854
0.4095,  0.614764
0.4100,  0.562445
0.4105,  0.503673
0.4110,  0.571272
0.4115,  0.630546
0.4120,  0.609509
0.4125,  0.582998
0.4130,  0.558669
0.4135,  0.541167
0.4140,  0.531292
0.4145,  0.525223
0.4150,  0.522527
0.4155,  0.516725
0.4160,  0.539719
0.4165,  0.564379
0.4170,  0.524027
0.4175,  0.481087
0.4180,  0.487234
0.4185,  0.498270
0.4190,  0.511217
0.4195,  0.516533
0.4200,  0.527999
0.4205,  0.537672
0.4210,  0.542521
0.4215,  0.551558
0.4220,  0.501986
0.4225,  0.447410
0.4230,  0.482982
0.4235,  0.520534
0.4240,  0.533005
0.4245,  0.551976
0.4250,  0.542396
0.4255,  0.527551
0.4260,  0.530828
0.4265,  0.537577
0.4270,  0.508879
0.4275,  0.479866
0.4280,  0.495720
0.4285,  0.517968
0.4290,  0.513386
0.4295,  0.512956
0.4300,  0.440007
0.4305,  0.338399
0.4310,  0.538269
0.4315,  0.688172
0.4320,  0.648552
0.4325,  0.601635
0.4330,  0.592298
0.4335,  0.585831
0.4340,  0.548438
0.4345,  0.514510
0.4350,  0.507711
0.4355,  0.500904
0.4360,  0.530404
0.4365,  0.559947
0.4370,  0.521659
0.4375,  0.492944
0.4380,  0.440006
0.4385,  0.379624
0.4390,  0.450527
0.4395,  0.512224
0.4400,  0.479776
0.4405,  0.443486
0.4410,  0.484981
0.4415,  0.518414
0.4420,  0.509642
0.4425,  0.501481
0.4430,  0.469779
0.4435,  0.443700
0.4440,  0.451856
0.4445,  0.465116
0.4450,  0.432922
0.4455,  0.393434
0.4460,  0.405095
0.4465,  0.415910
0.4470,  0.448728
0.4475,  0.479489
0.4480,  0.453091
0.4485,  0.421860
0.4490,  0.422514
0.4495,  0.422605
0.4500,  0.433479
0.4505,  0.446915
0.4510,  0.430593
0.4515,  0.416997
0.4520,  0.384280
0.4525,  0.357302
0.4530,  0.370144
0.4535,  0.381950
0.4540,  0.390785
0.4545,  0.399015
0.4550,  0.408795
0.4555,  0.416148
0.4560,  0.417020
0.4565,  0.417921
0.4570,  0.414928
0.4575,  0.414927
0.4580,  0.385408
0.4585,  0.359266
0.4590,  0.370566
0.4595,  0.382226
0.4600,  0.389580
0.4605,  0.393559
0.4610,  0.391902
0.4615,  0.387269
0.4620,  0.391301
0.4625,  0.397376
0.4630,  0.380493
0.4635,  0.369545
0.4640,  0.361934
0.4645,  0.354476
0.4650,  0.375036
0.4655,  0.394871
0.4660,  0.370755
0.4665,  0.346251
0.4670,  0.369512
0.4675,  0.389671
0.4680,  0.386593
0.4685,  0.384618
0.4690,  0.385001
0.4695,  0.386340
0.4700,  0.361443
0.4705,  0.332497
0.4710,  0.358835
0.4715,  0.385693
0.4720,  0.380750
0.4725,  0.376158
0.4730,  0.359313
0.4735,  0.342138
0.4740,  0.349437
0.4745,  0.358860
0.4750,  0.348493
0.4755,  0.338478
0.4760,  0.322798
0.4765,  0.307568
0.4770,  0.332086
0.4775,  0.354335
0.4780,  0.332583
0.4785,  0.311536
0.4790,  0.323199
0.4795,  0.333483
0.4800,  0.319866
0.4805,  0.309021
0.4810,  0.318160
0.4815,  0.325563
0.4820,  0.309194
0.4825,  0.296447
0.4830,  0.296773
0.4835,  0.298917
0.4840,  0.296070
0.4845,  0.295389
0.4850,  0.279447
0.4855,  0.265954
0.4860,  0.236893
0.4865,  0.196761
0.4870,  0.255267
0.4875,  0.304886
0.4880,  0.317880
0.4885,  0.324918
0.4890,  0.321111
0.4895,  0.317115
0.4900,  0.314561
0.4905,  0.317104
0.4910,  0.288155
0.4915,  0.261497
0.4920,  0.260498
0.4925,  0.258815
0.4930,  0.253608
0.4935,  0.244273
0.4940,  0.273750
0.4945,  0.304349
0.4950,  0.270356
0.4955,  0.236160
0.4960,  0.252914
0.4965,  0.269653
0.4970,  0.269541
0.4975,  0.273249
0.4980,  0.241327
0.4985,  0.207331
0.4990,  0.234115
0.4995,  0.260400
0.5000,  0.237984
0.5005,  0.216282
0.5010,  0.211301
0.5015,  0.203331
0.5020,  0.224997
0.5025,  0.244751
0.5030,  0.253293
0.5035,  0.259675
0.5040,  0.242709
0.5045,  0.223372
0.5050,  0.243445
0.5055,  0.262275
0.5060,  0.247813
0.5065,  0.236177
0.5070,  0.223851
0.5075,  0.213744
0.5080,  0.218700
0.5085,  0.222162
0.5090,  0.221520
0.5095,  0.219468
0.5100,  0.224154
0.5105,  0.228390
0.5110,  0.236699
0.5115,  0.245922
0.5120,  0.217877
0.5125,  0.192604
0.5130,  0.197219
0.5135,  0.199886
0.5140,  0.208977
0.5145,  0.216449
0.5150,  0.225892
0.5155,  0.240423
0.5160,  0.199862
0.5165,  0.158828
0.5170,  0.188522
0.5175,  0.215728
0.5180,  0.203066
0.5185,  0.180703
0.5190,  0.217590
0.5195,  0.251526
0.5200,  0.241518
0.5205,  0.229835
0.5210,  0.237081
0.5215,  0.247496
0.5220,  0.222498
0.5225,  0.198673
0.5230,  0.213834
0.5235,  0.224148
0.5240,  0.233656
0.5245,  0.244144
0.5250,  0.237080
0.5255,  0.237032
0.5260,  0.185963
0.5265,  0.130242
0.5270,  0.175200
0.5275,  0.213138
0.5280,  0.223821
0.5285,  0.229787
0.5290,  0.224849
0.5295,  0.219588
0.5300,  0.219096
0.5305,  0.220744
0.5310,  0.219636
0.5315,  0.224943
0.5320,  0.186693
0.5325,  0.146053
0.5330,  0.189105
0.5335,  0.228874
0.5340,  0.212595
0.5345,  0.193647
0.5350,  0.219664
0.5355,  0.245763
0.5360,  0.218054
0.5365,  0.191548
0.5370,  0.195898
0.5375,  0.200721
0.5380,  0.208926
0.5385,  0.217315
0.5390,  0.205719
0.5395,  0.196256
0.5400,  0.187386
0.5405,  0.176275
0.5410,  0.205021
0.5415,  0.230682
0.5420,  0.215299
0.5425,  0.199653
0.5430,  0.209536
0.5435,  0.218898
0.5440,  0.216697
0.5445,  0.214712
0.5450,  0.217532
0.5455,  0.222185
0.5460,  0.218676
0.5465,  0.214656
0.5470,  0.205272
0.5475,  0.195686
0.5480,  0.203233
0.5485,  0.208997
0.5490,  0.215313
0.5495,  0.221294
0.5500,  0.212237
0.5505,  0.205415
0.5510,  0.208633
0.5515,  0.212052
0.5520,  0.207925
0.5525,  0.203140
0.5530,  0.212509
0.5535,  0.222417
0.5540,  0.225938
0.5545,  0.226345
0.5550,  0.225487
0.5555,  0.227652
0.5560,  0.213879
0.5565,  0.201422
0.5570,  0.211828
0.5575,  0.223124
0.5580,  0.214336
0.5585,  0.204847
0.5590,  0.213975
0.5595,  0.222371
0.5600,  0.230123
0.5605,  0.234842
0.5610,  0.229314
0.5615,  0.223551
0.5620,  0.227566
0.5625,  0.233096
0.5630,  0.234606
0.5635,  0.236252
0.5640,  0.235814
0.5645,  0.236717
0.5650,  0.227295
0.5655,  0.216542
0.5660,  0.224127
0.5665,  0.231933
0.5670,  0.245746
0.5675,  0.258917
0.5680,  0.241129
0.5685,  0.225235
0.5690,  0.239984
0.5695,  0.254575
0.5700,  0.237653
0.5705,  0.219017
0.5710,  0.232284
0.5715,  0.239447
0.5720,  0.248958
0.5725,  0.260346
0.5730,  0.253290
0.5735,  0.249044
0.5740,  0.248687
0.5745,  0.249388
0.5750,  0.243158
0.5755,  0.236562
0.5760,  0.242606
0.5765,  0.248709
0.5770,  0.254972
0.5775,  0.262968
0.5780,  0.248473
0.5785,  0.229929
0.5790,  0.240249
0.5795,  0.249856
0.5800,  0.250168
0.5805,  0.250528
0.5810,  0.252655
0.5815,  0.255198
0.5820,  0.257060
0.5825,  0.258270
0.5830,  0.253126
0.5835,  0.248816
0.5840,  0.249713
0.5845,  0.255854
0.5850,  0.243455
0.5855,  0.229046
0.5860,  0.245020
0.5865,  0.261592
0.5870,  0.270832
0.5875,  0.282135
0.5880,  0.272653
0.5885,  0.265099
0.5890,  0.246825
0.5895,  0.220220
0.5900,  0.279050
0.5905,  0.328435
0.5910,  0.317056
0.5915,  0.303016
0.5920,  0.300442
0.5925,  0.298214
0.5930,  0.289885
0.5935,  0.286801
0.5940,  0.282437
0.5945,  0.280018
0.5950,  0.285081
0.5955,  0.287620
0.5960,  0.291309
0.5965,  0.295120
0.5970,  0.286951
0.5975,  0.279350
0.5980,  0.273192
0.5985,  0.271013
0.5990,  0.281905
0.5995,  0.289361
0.6000,  0.282691
0.6005,  0.278329
0.6010,  0.282890
0.6015,  0.287383
0.6020,  0.279431
0.6025,  0.269004
0.6030,  0.282237
0.6035,  0.296231
0.6040,  0.292887
0.6045,  0.290377
0.6050,  0.288204
0.6055,  0.283491
0.6060,  0.281024
0.6065,  0.280161
0.6070,  0.281251
0.6075,  0.284029
0.6080,  0.285035
0.6085,  0.287289
0.6090,  0.293129
0.6095,  0.297197
0.6100,  0.290056
0.6105,  0.281363
0.6110,  0.291907
0.6115,  0.302787
0.6120,  0.292970
0.6125,  0.285635
0.6130,  0.284567
0.6135,  0.285163
0.6140,  0.298396
0.6145,  0.311106
0.6150,  0.317068
0.6155,  0.322494
0.6160,  0.297823
0.6165,  0.268760
0.6170,  0.294738
0.6175,  0.319864
0.6180,  0.326325
0.6185,  0.332193
0.6190,  0.329104
0.6195,  0.323115
0.6200,  0.326976
0.6205,  0.331349
0.6210,  0.320034
0.6215,  0.310779
0.6220,  0.320459
0.6225,  0.331597
0.6230,  0.322583
0.6235,  0.316654
0.6240,  0.322399
0.6245,  0.327874
0.6250,  0.325392
0.6255,  0.319375
0.6260,  0.334888
0.6265,  0.350834
0.6270,  0.353485
0.6275,  0.356827
0.6280,  0.361728
0.6285,  0.367172
0.6290,  0.366310
0.6295,  0.365348
0.6300,  0.363315
0.6305,  0.357365
0.6310,  0.349959
0.6315,  0.348672
0.6320,  0.347392
0.6325,  0.347251
0.6330,  0.348239
0.6335,  0.350901
0.6340,  0.354351
0.6345,  0.356934
0.6350,  0.359783
0.6355,  0.362760
0.6360,  0.363366
0.6365,  0.360366
0.6370,  0.353881
0.6375,  0.346964
0.6380,  0.345176
0.6385,  0.349359
0.6390,  0.357148
0.6395,  0.361857
0.6400,  0.361777
0.6405,  0.361646
0.6410,  0.356157
0.6415,  0.356356
0.6420,  0.356403
0.6425,  0.355026
0.6430,  0.354089
0.6435,  0.354173
0.6440,  0.354903
0.6445,  0.360628
0.6450,  0.369915
0.6455,  0.375413
0.6460,  0.382766
0.6465,  0.387037
0.6470,  0.385079
0.6475,  0.382843
0.6480,  0.384051
0.6485,  0.386300
0.6490,  0.384951
0.6495,  0.390256
0.6500,  0.393756
0.6505,  0.400805
0.6510,  0.408916
0.6515,  0.409726
0.6520,  0.408270
0.6525,  0.403452
0.6530,  0.397624
0.6535,  0.387348
0.6540,  0.382149
0.6545,  0.384508
0.6550,  0.394712
0.6555,  0.403988
0.6560,  0.410367
0.6565,  0.405002
0.6570,  0.381383
0.6575,  0.390296
0.6580,  0.394922
0.6585,  0.401777
0.6590,  0.410791
0.6595,  0.402264
0.6600,  0.395572
0.6605,  0.388162
0.6610,  0.384705
0.6615,  0.379890
0.6620,  0.380001
0.6625,  0.381557
0.6630,  0.385320
0.6635,  0.390716
0.6640,  0.395336
0.6645,  0.398447
0.6650,  0.400318
0.6655,  0.397831
0.6660,  0.393465
0.6665,  0.388287
0.6670,  0.383799
0.6675,  0.386000
0.6680,  0.390947
0.6685,  0.396641
0.6690,  0.401453
0.6695,  0.402869
0.6700,  0.405651
0.6705,  0.412130
0.6710,  0.416373
0.6715,  0.419608
0.6720,  0.419809
0.6725,  0.418395
0.6730,  0.414042
0.6735,  0.409366
0.6740,  0.411487
0.6745,  0.414798
0.6750,  0.417464
0.6755,  0.421481
0.6760,  0.424209
0.6765,  0.429822
0.6770,  0.433663
0.6775,  0.431261
0.6780,  0.434658
0.6785,  0.435340
0.6790,  0.432175
0.6795,  0.430347
0.6800,  0.429752
0.6805,  0.430715
0.6810,  0.432243
0.6815,  0.433983
0.6820,  0.439765
0.6825,  0.446587
0.6830,  0.454309
0.6835,  0.459519
0.6840,  0.463812
0.6845,  0.467552
0.6850,  0.467053
0.6855,  0.483823
0.6860,  0.518308
0.6865,  0.568565
0.6870,  0.620066
0.6875,  0.653370
0.6880,  0.670475
0.6885,  0.669506
0.6890,  0.663292
0.6895,  0.655627
0.6900,  0.645984
0.6905,  0.629155
0.6910,  0.612309
0.6915,  0.604599
0.6920,  0.596983
0.6925,  0.597205
0.6930,  0.598887
0.6935,  0.598732
0.6940,  0.599613
0.6945,  0.600460
0.6950,  0.601440
0.6955,  0.594146
0.6960,  0.584318
0.6965,  0.573022
0.6970,  0.559264
0.6975,  0.555872
0.6980,  0.560016
0.6985,  0.569639
0.6990,  0.578899
0.6995,  0.586300
0.7000,  0.589539
0.7005,  0.593797
0.7010,  0.601655
0.7015,  0.613023
0.7020,  0.618464
0.7025,  0.619459
0.7030,  0.615971
0.7035,  0.618099
0.7040,  0.619434
0.7045,  0.617910
0.7050,  0.616674
0.7055,  0.612068
0.7060,  0.607624
0.7065,  0.603205
0.7070,  0.600827
0.7075,  0.600557
0.7080,  0.600473
0.7085,  0.599500
0.7090,  0.599142
0.7095,  0.601613
0.7100,  0.603467
0.7105,  0.608101
0.7110,  0.610163
0.7115,  0.610801
0.7120,  0.609826
0.7125,  0.612237
0.7130,  0.616724
0.7135,  0.623467
0.7140,  0.629672
0.7145,  0.634402
0.7150,  0.640669
0.7155,  0.657023
0.7160,  0.686289
0.7165,  0.733920
0.7170,  0.799347
0.7175,  0.870189
0.7180,  0.936678
0.7185,  0.990017
0.7190,  1.032813
0.7195,  1.053320
0.7200,  1.048626
0.7205,  1.015344
0.7210,  0.972125
0.7215,  0.929109
0.7220,  0.894667
0.7225,  0.886026
0.7230,  0.905262
0.7235,  0.939046
0.7240,  0.977165
0.7245,  0.995216
0.7250,  1.012328
0.7255,  1.018277
0.7260,  1.019374
0.7265,  1.012762
0.7270,  1.011973
0.7275,  1.009770
0.7280,  1.009770
0.7285,  1.004603
0.7290,  1.001434
0.7295,  1.008130
0.7300,  1.008555
0.7305,  0.995304
0.7310,  0.982849
0.7315,  0.967918
0.7320,  0.943155
0.7325,  0.904007
0.7330,  0.867317
0.7335,  0.840707
0.7340,  0.820897
0.7345,  0.809995
0.7350,  0.805295
0.7355,  0.806473
0.7360,  0.812626
0.7365,  0.818990
0.7370,  0.814573
0.7375,  0.801436
0.7380,  0.799320
0.7385,  0.797148
0.7390,  0.786661
0.7395,  0.776794
0.7400,  0.770063
0.7405,  0.765219
0.7410,  0.765670
0.7415,  0.780011
0.7420,  0.783367
0.7425,  0.783496
0.7430,  0.783092
0.7435,  0.776480
0.7440,  0.775971
0.7445,  0.774383
0.7450,  0.774948
0.7455,  0.771461
0.7460,  0.769466
0.7465,  0.772511
0.7470,  0.778441
0.7475,  0.783563
0.7480,  0.785204
0.7485,  0.793592
0.7490,  0.809363
0.7495,  0.818209
0.7500,  0.820814
0.7505,  0.821128
0.7510,  0.822009
0.7515,  0.829046
0.7520,  0.833864
0.7525,  0.840044
0.7530,  0.846721
0.7535,  0.854578
0.7540,  0.859762
0.7545,  0.859764
0.7550,  0.866447
0.7555,  0.874153
0.7560,  0.876223
0.7565,  0.880520
0.7570,  0.881230
0.7575,  0.886687
0.7580,  0.914883
0.7585,  0.997408
0.7590,  1.173874
0.7595,  1.552606
0.7600,  2.391164
0.7605,  4.513243
0.7610,  Infinity
0.7615,  Infinity
0.7620,  Infinity
0.7625,  Infinity
0.7630,  Infinity
0.7635,  Infinity
0.7640,  Infinity
0.7645,  4.221450
0.7650,  3.007766
0.7655,  2.357509
0.7660,  1.970255
0.7665,  1.716905
0.7670,  1.511465
0.7675,  1.372075
0.7680,  1.258607
0.7685,  1.193197
0.7690,  1.156862
0.7695,  1.130116
0.7700,  1.112670
0.7705,  1.102108
0.7710,  1.085163
0.7715,  1.072757
0.7720,  1.070593
0.7725,  1.074656
0.7730,  1.080679
0.7735,  1.071067
0.7740,  1.069399
0.7745,  1.081745
0.7750,  1.103154
0.7755,  1.120764
0.7760,  1.141585
0.7765,  1.149415
0.7770,  1.152393
0.7775,  1.160289
0.7780,  1.162637
0.7785,  1.169784
0.7790,  1.149687
0.7795,  1.152856
0.7800,  1.159578
0.7805,  1.160133
0.7810,  1.163423
0.7815,  1.165243
0.7820,  1.154922
0.7825,  1.163357
0.7830,  1.159343
0.7835,  1.152698
0.7840,  1.173314
0.7845,  1.193220
0.7850,  1.217159
0.7855,  1.238703
0.7860,  1.242890
0.7865,  1.260739
0.7870,  1.283149
0.7875,  1.291869
0.7880,  1.307902
0.7885,  1.312944
0.7890,  1.324744
0.7895,  1.346677
0.7900,  1.360779
0.7905,  1.372535
0.7910,  1.371228
0.7915,  1.383704
0.7920,  1.410021
0.7925,  1.462257
0.7930,  1.490245
0.7935,  1.491043
0.7940,  1.479432
0.7945,  1.474590
0.7950,  1.458805
0.7955,  1.457930
0.7960,  1.461418
0.7965,  1.471723
0.7970,  1.489882
0.7975,  1.506234
0.7980,  1.510539
0.7985,  1.522685
0.7990,  1.565640
0.7995,  1.601316
0.8000,  1.620551
0.8005,  1.644559
0.8010,  1.669269
0.8015,  1.682491
0.8020,  1.672759
0.8025,  1.714656
0.8030,  1.746427
0.8035,  1.780629
0.8040,  1.812404
0.8045,  1.823354
0.8050,  1.826449
0.8055,  1.805013
0.8060,  1.793583
0.8065,  1.807128
0.8070,  1.829355
0.8075,  1.834991
0.8080,  1.880133
0.8085,  1.881093
0.8090,  1.900671
0.8095,  1.976819
0.8100,  2.055154
0.8105,  2.138808
0.8110,  2.240452
0.8115,  2.299240
0.8120,  2.400927
0.8125,  2.591041
0.8130,  2.899783
0.8135,  3.490683
0.8140,  5.505140
0.8145,  Infinity
0.8150,  Infinity
0.8155,  Infinity
0.8160,  Infinity
0.8165,  Infinity
0.8170,  Infinity
0.8175,  Infinity
0.8180,  Infinity
0.8185,  Infinity
0.8190,  Infinity
0.8195,  Infinity
0.8200,  Infinity
0.8205,  Infinity
0.8210,  Infinity
0.8215,  Infinity
0.8220,  Infinity
0.8225,  Infinity
0.8230,  Infinity
0.8235,  Infinity
0.8240,  Infinity
0.8245,  Infinity
0.8250,  Infinity
0.8255,  Infinity
0.8260,  Infinity
0.8265,  Infinity
0.8270,  Infinity
0.8275,  Infinity
0.8280,  Infinity
0.8285,  Infinity
0.8290,  Infinity
0.8295,  Infinity
0.8300,  Infinity
0.8305,  Infinity
0.8310,  Infinity
0.8315,  Infinity
0.8320,  Infinity
0.8325,  Infinity
0.8330,  Infinity
0.8335,  Infinity
0.8340,  Infinity
0.8345,  Infinity
0.8350,  Infinity
0.8355,  Infinity
0.8360,  Infinity
0.8365,  Infinity
0.8370,  Infinity
0.8375,  Infinity
0.8380,  Infinity
0.8385,  Infinity
0.8390,  Infinity
0.8395,  Infinity
0.8400,  Infinity
0.8405,  Infinity
0.8410,  Infinity
0.8415,  Infinity
0.8420,  Infinity
0.8425,  Infinity
0.8430,  Infinity
0.8435,  Infinity
0.8440,  Infinity
0.8445,  Infinity
0.8450,  Infinity
0.8455,  Infinity
0.8460,  Infinity
0.8465,  Infinity
0.8470,  Infinity
0.8475,  Infinity
0.8480,  Infinity
0.8485,  Infinity
0.8490,  Infinity
0.8495,  Infinity
0.8500,  Infinity
0.8505,  Infinity
0.8510,  Infinity
0.8515,  Infinity
0.8520,  Infinity
0.8525,  Infinity
0.8530,  Infinity
0.8535,  Infinity
0.8540,  Infinity
0.8545,  Infinity
0.8550,  Infinity
0.8555,  Infinity
0.8560,  Infinity
0.8565,  Infinity
0.8570,  Infinity
0.8575,  Infinity
0.8580,  Infinity
0.8585,  Infinity
0.8590,  Infinity
0.8595,  Infinity
0.8600,  Infinity
0.8605,  Infinity
0.8610,  Infinity
0.8615,  Infinity
0.8620,  Infinity
0.8625,  Infinity
0.8630,  Infinity
0.8635,  Infinity
0.8640,  Infinity
0.8645,  Infinity
0.8650,  Infinity
0.8655,  Infinity
0.8660,  Infinity
0.8665,  Infinity
0.8670,  Infinity
0.8675,  Infinity
0.8680,  Infinity
0.8685,  Infinity
0.8690,  Infinity
0.8695,  Infinity
0.8700,  Infinity
0.8705,  Infinity
0.8710,  Infinity
0.8715,  Infinity
0.8720,  Infinity
0.8725,  Infinity
0.8730,  Infinity
0.8735,  Infinity
0.8740,  Infinity
0.8745,  Infinity
0.8750,  Infinity
0.8755,  Infinity
0.8760,  Infinity
0.8765,  Infinity
0.8770,  Infinity
0.8775,  Infinity
0.8780,  Infinity
0.8785,  Infinity
0.8790,  Infinity
0.8795,  Infinity
0.8800,  Infinity
0.8805,  Infinity
0.8810,  Infinity
0.8815,  Infinity
0.8820,  Infinity
0.8825,  Infinity
0.8830,  Infinity
0.8835,  Infinity
0.8840,  Infinity
0.8845,  Infinity
0.8850,  Infinity
0.8855,  Infinity
0.8860,  Infinity
0.8865,  Infinity
0.8870,  Infinity
0.8875,  Infinity
0.8880,  Infinity
0.8885,  Infinity
0.8890,  Infinity
0.8895,  Infinity
0.8900,  Infinity
