0.3500,  0.276557
0.3505,  0.334009
0.3510,  0.295779
0.3515,  0.265031
0.3520,  0.222331
0.3525,  0.181242
0.3530,  0.219896
0.3535,  0.260121
0.3540,  0.280537
0.3545,  0.306090
0.3550,  0.288002
0.3555,  0.275464
0.3560,  0.239412
0.3565,  0.201655
0.3570,  0.176275
0.3575,  0.137301
0.3580,  0.094340
0.3585,  0.030861
0.3590,  0.182386
0.3595,  0.307783
0.3600,  0.286619
0.3605,  0.275827
0.3610,  0.223345
0.3615,  0.169662
0.3620,  0.208690
0.3625,  0.247169
0.3630,  0.234974
0.3635,  0.223562
0.3640,  0.215031
0.3645,  0.205637
0.3650,  0.246608
0.3655,  0.281679
0.3660,  0.292730
0.3665,  0.307290
0.3670,  0.281513
0.3675,  0.258913
0.3680,  0.226982
0.3685,  0.190981
0.3690,  0.228925
0.3695,  0.266844
0.3700,  0.234594
0.3705,  0.206315
0.3710,  0.227273
0.3715,  0.255939
0.3720,  0.235028
0.3725,  0.212673
0.3730,  0.182952
0.3735,  0.146326
0.3740,  0.155007
0.3745,  0.150196
0.3750,  0.216841
0.3755,  0.271668
0.3760,  0.259647
0.3765,  0.237829
0.3770,  0.279122
0.3775,  0.322292
0.3780,  0.319928
0.3785,  0.330322
0.3790,  0.247156
0.3795,  0.152100
0.3800,  0.203589
0.3805,  0.258454
0.3810,  0.235690
0.3815,  0.222210
0.3820,  0.143646
0.3825,  0.042402
0.3830,  0.010901
0.3835,  -0.039156
0.3840,  0.115073
0.3845,  0.236919
0.3850,  0.242430
0.3855,  0.249566
0.3860,  0.241120
0.3865,  0.234897
0.3870,  0.231410
0.3875,  0.221325
0.3880,  0.200299
0.3885,  0.175055
0.3890,  0.230088
0.3895,  0.274084
0.3900,  0.269120
0.3905,  0.268244
0.3910,  0.287114
0.3915,  0.320134
0.3920,  0.236313
0.3925,  0.146745
0.3930,  -0.018495
0.3935,  -0.258637
0.3940,  0.014533
0.3945,  0.207179
0.3950,  0.310580
0.3955,  0.408666
0.3960,  0.253710
0.3965,  0.052601
0.3970,  0.060886
0.3975,  0.047860
0.3980,  0.224104
0.3985,  0.342945
0.3990,  0.322350
0.3995,  0.316349
0.4000,  0.290231
0.4005,  0.266458
0.4010,  0.258658
0.4015,  0.257813
0.4020,  0.248811
0.4025,  0.244976
0.4030,  0.224166
0.4035,  0.200156
0.4040,  0.192712
0.4045,  0.190443
0.4050,  0.190417
0.4055,  0.191008
0.4060,  0.173093
0.4065,  0.155616
0.4070,  0.166626
0.4075,  0.173567
0.4080,  0.196254
0.4085,  0.221401
0.4090,  0.217933
0.4095,  0.215763
0.4100,  0.173082
0.4105,  0.118876
0.4110,  0.181624
0.4115,  0.238107
0.4120,  0.220381
0.4125,  0.203319
0.4130,  0.189298
0.4135,  0.179949
0.4140,  0.173939
0.4145,  0.166856
0.4150,  0.164741
0.4155,  0.165749
0.4160,  0.190873
0.4165,  0.219282
0.4170,  0.184661
0.4175,  0.144588
0.4180,  0.149094
0.4185,  0.155487
0.4190,  0.160750
0.4195,  0.161066
0.4200,  0.172741
0.4205,  0.187324
0.4210,  0.196131
0.4215,  0.204630
0.4220,  0.158317
0.4225,  0.107823
0.4230,  0.142436
0.4235,  0.174945
0.4240,  0.186313
0.4245,  0.204825
0.4250,  0.192869
0.4255,  0.178570
0.4260,  0.181019
0.4265,  0.183476
0.4270,  0.150689
0.4275,  0.123154
0.4280,  0.135423
0.4285,  0.153228
0.4290,  0.141772
0.4295,  0.131981
0.4300,  0.048810
0.4305,  -0.060308
0.4310,  0.117339
0.4315,  0.250105
0.4320,  0.218396
0.4325,  0.191126
0.4330,  0.198460
0.4335,  0.208434
0.4340,  0.182479
0.4345,  0.157926
0.4350,  0.155873
0.4355,  0.149832
0.4360,  0.185767
0.4365,  0.225291
0.4370,  0.198290
0.4375,  0.176288
0.4380,  0.129625
0.4385,  0.076814
0.4390,  0.147184
0.4395,  0.205952
0.4400,  0.173631
0.4405,  0.136678
0.4410,  0.174550
0.4415,  0.208678
0.4420,  0.207218
0.4425,  0.205238
0.4430,  0.181506
0.4435,  0.160126
0.4440,  0.171003
0.4445,  0.186193
0.4450,  0.157010
0.4455,  0.122868
0.4460,  0.136147
0.4465,  0.146075
0.4470,  0.176551
0.4475,  0.206218
0.4480,  0.178353
0.4485,  0.149316
0.4490,  0.152528
0.4495,  0.154221
0.4500,  0.168464
0.4505,  0.183689
0.4510,  0.178100
0.4515,  0.176829
0.4520,  0.148026
0.4525,  0.122307
0.4530,  0.133378
0.4535,  0.141471
0.4540,  0.148549
0.4545,  0.151196
0.4550,  0.158532
0.4555,  0.164681
0.4560,  0.166489
0.4565,  0.169908
0.4570,  0.171006
0.4575,  0.175010
0.4580,  0.151199
0.4585,  0.126608
0.4590,  0.138814
0.4595,  0.146451
0.4600,  0.150415
0.4605,  0.154893
0.4610,  0.157657
0.4615,  0.159638
0.4620,  0.168275
0.4625,  0.177120
0.4630,  0.162283
0.4635,  0.151914
0.4640,  0.142563
0.4645,  0.132816
0.4650,  0.151878
0.4655,  0.172560
0.4660,  0.151312
0.4665,  0.132786
0.4670,  0.158965
0.4675,  0.175515
0.4680,  0.169962
0.4685,  0.165841
0.4690,  0.169661
0.4695,  0.172368
0.4700,  0.153119
0.4705,  0.126198
0.4710,  0.153112
0.4715,  0.178292
0.4720,  0.174802
0.4725,  0.175251
0.4730,  0.164251
0.4735,  0.154220
0.4740,  0.166605
0.4745,  0.184427
0.4750,  0.183934
0.4755,  0.178440
0.4760,  0.164328
0.4765,  0.149965
0.4770,  0.172078
0.4775,  0.191479
0.4780,  0.171670
0.4785,  0.152775
0.4790,  0.166829
0.4795,  0.178825
0.4800,  0.169379
0.4805,  0.163236
0.4810,  0.174904
0.4815,  0.186485
0.4820,  0.174352
0.4825,  0.165095
0.4830,  0.169632
0.4835,  0.174450
0.4840,  0.173896
0.4845,  0.177714
0.4850,  0.165326
0.4855,  0.152925
0.4860,  0.117953
0.4865,  0.068947
0.4870,  0.115809
0.4875,  0.157318
0.4880,  0.168551
0.4885,  0.177492
0.4890,  0.176132
0.4895,  0.176855
0.4900,  0.181753
0.4905,  0.192157
0.4910,  0.170492
0.4915,  0.149259
0.4920,  0.150192
0.4925,  0.148053
0.4930,  0.142324
0.4935,  0.134875
0.4940,  0.166378
0.4945,  0.198329
0.4950,  0.166385
0.4955,  0.135874
0.4960,  0.155469
0.4965,  0.175937
0.4970,  0.180098
0.4975,  0.185671
0.4980,  0.155764
0.4985,  0.123356
0.4990,  0.149623
0.4995,  0.177335
0.5000,  0.158380
0.5005,  0.137486
0.5010,  0.130684
0.5015,  0.120694
0.5020,  0.138858
0.5025,  0.157523
0.5030,  0.168484
0.5035,  0.176290
0.5040,  0.160400
0.5045,  0.140133
0.5050,  0.160354
0.5055,  0.181172
0.5060,  0.171061
0.5065,  0.164060
0.5070,  0.155160
0.5075,  0.144260
0.5080,  0.146913
0.5085,  0.149494
0.5090,  0.149062
0.5095,  0.148755
0.5100,  0.154764
0.5105,  0.159851
0.5110,  0.168771
0.5115,  0.178814
0.5120,  0.152914
0.5125,  0.129274
0.5130,  0.134868
0.5135,  0.136482
0.5140,  0.142465
0.5145,  0.146587
0.5150,  0.156688
0.5155,  0.175010
0.5160,  0.139365
0.5165,  0.099909
0.5170,  0.124978
0.5175,  0.142529
0.5180,  0.123461
0.5185,  0.096701
0.5190,  0.127908
0.5195,  0.158711
0.5200,  0.149172
0.5205,  0.141014
0.5210,  0.153780
0.5215,  0.169050
0.5220,  0.149594
0.5225,  0.126978
0.5230,  0.137966
0.5235,  0.147366
0.5240,  0.156430
0.5245,  0.170330
0.5250,  0.169789
0.5255,  0.173345
0.5260,  0.126276
0.5265,  0.070278
0.5270,  0.107147
0.5275,  0.135400
0.5280,  0.140698
0.5285,  0.146530
0.5290,  0.143634
0.5295,  0.141889
0.5300,  0.146293
0.5305,  0.153215
0.5310,  0.158549
0.5315,  0.167751
0.5320,  0.131650
0.5325,  0.091715
0.5330,  0.129779
0.5335,  0.163402
0.5340,  0.143532
0.5345,  0.121673
0.5350,  0.146055
0.5355,  0.173731
0.5360,  0.150495
0.5365,  0.126647
0.5370,  0.129217
0.5375,  0.133923
0.5380,  0.143600
0.5385,  0.155505
0.5390,  0.145236
0.5395,  0.132992
0.5400,  0.122108
0.5405,  0.107280
0.5410,  0.132658
0.5415,  0.156929
0.5420,  0.142520
0.5425,  0.127175
0.5430,  0.136619
0.5435,  0.144164
0.5440,  0.141076
0.5445,  0.141688
0.5450,  0.147651
0.5455,  0.153463
0.5460,  0.150110
0.5465,  0.148400
0.5470,  0.138446
0.5475,  0.127867
0.5480,  0.133432
0.5485,  0.138328
0.5490,  0.143502
0.5495,  0.149541
0.5500,  0.141799
0.5505,  0.134820
0.5510,  0.137926
0.5515,  0.142134
0.5520,  0.139714
0.5525,  0.133805
0.5530,  0.139857
0.5535,  0.146880
0.5540,  0.149687
0.5545,  0.150889
0.5550,  0.150941
0.5555,  0.152889
0.5560,  0.139665
0.5565,  0.127896
0.5570,  0.138465
0.5575,  0.150020
0.5580,  0.141989
0.5585,  0.130793
0.5590,  0.133985
0.5595,  0.137467
0.5600,  0.143034
0.5605,  0.147942
0.5610,  0.142083
0.5615,  0.135833
0.5620,  0.139520
0.5625,  0.146389
0.5630,  0.152115
0.5635,  0.156970
0.5640,  0.157812
0.5645,  0.158029
0.5650,  0.147136
0.5655,  0.133977
0.5660,  0.141894
0.5665,  0.149060
0.5670,  0.163254
0.5675,  0.178877
0.5680,  0.163570
0.5685,  0.147017
0.5690,  0.160781
0.5695,  0.174901
0.5700,  0.156235
0.5705,  0.134154
0.5710,  0.142199
0.5715,  0.148704
0.5720,  0.158606
0.5725,  0.170055
0.5730,  0.165155
0.5735,  0.162280
0.5740,  0.161958
0.5745,  0.162874
0.5750,  0.155505
0.5755,  0.144265
0.5760,  0.146057
0.5765,  0.149688
0.5770,  0.153773
0.5775,  0.157853
0.5780,  0.142159
0.5785,  0.124381
0.5790,  0.134736
0.5795,  0.143476
0.5800,  0.144268
0.5805,  0.144113
0.5810,  0.144674
0.5815,  0.145842
0.5820,  0.147467
0.5825,  0.149746
0.5830,  0.144699
0.5835,  0.140968
0.5840,  0.142086
0.5845,  0.146782
0.5850,  0.134282
0.5855,  0.120758
0.5860,  0.136301
0.5865,  0.153400
0.5870,  0.168491
0.5875,  0.189202
0.5880,  0.186289
0.5885,  0.176111
0.5890,  0.146068
0.5895,  0.108318
0.5900,  0.153698
0.5905,  0.195924
0.5910,  0.184057
0.5915,  0.172837
0.5920,  0.172377
0.5925,  0.173723
0.5930,  0.169807
0.5935,  0.171667
0.5940,  0.170494
0.5945,  0.167289
0.5950,  0.169855
0.5955,  0.170728
0.5960,  0.172117
0.5965,  0.172209
0.5970,  0.162430
0.5975,  0.154600
0.5980,  0.147846
0.5985,  0.143343
0.5990,  0.152106
0.5995,  0.162030
0.6000,  0.159777
0.6005,  0.156758
0.6010,  0.158698
0.6015,  0.155261
0.6020,  0.139321
0.6025,  0.124216
0.6030,  0.136202
0.6035,  0.151036
0.6040,  0.149156
0.6045,  0.150675
0.6050,  0.151538
0.6055,  0.147825
0.6060,  0.144170
0.6065,  0.141533
0.6070,  0.141584
0.6075,  0.143404
0.6080,  0.144949
0.6085,  0.147274
0.6090,  0.154481
0.6095,  0.158819
0.6100,  0.146671
0.6105,  0.133105
0.6110,  0.141435
0.6115,  0.152141
0.6120,  0.145728
0.6125,  0.140698
0.6130,  0.140642
0.6135,  0.138812
0.6140,  0.150823
0.6145,  0.162062
0.6150,  0.166436
0.6155,  0.166833
0.6160,  0.137332
0.6165,  0.103668
0.6170,  0.125160
0.6175,  0.149452
0.6180,  0.155535
0.6185,  0.160422
0.6190,  0.157043
0.6195,  0.153905
0.6200,  0.161333
0.6205,  0.168366
0.6210,  0.158507
0.6215,  0.146474
0.6220,  0.152439
0.6225,  0.161123
0.6230,  0.152958
0.6235,  0.147831
0.6240,  0.151090
0.6245,  0.152223
0.6250,  0.148633
0.6255,  0.144125
0.6260,  0.159375
0.6265,  0.175858
0.6270,  0.180030
0.6275,  0.183881
0.6280,  0.188980
0.6285,  0.193006
0.6290,  0.192967
0.6295,  0.192647
0.6300,  0.186716
0.6305,  0.176834
0.6310,  0.165676
0.6315,  0.161892
0.6320,  0.158481
0.6325,  0.156926
0.6330,  0.158221
0.6335,  0.160179
0.6340,  0.162003
0.6345,  0.164984
0.6350,  0.167424
0.6355,  0.165430
0.6360,  0.161269
0.6365,  0.155983
0.6370,  0.149592
0.6375,  0.146243
0.6380,  0.145430
0.6385,  0.147614
0.6390,  0.153223
0.6395,  0.156347
0.6400,  0.155966
0.6405,  0.154403
0.6410,  0.151247
0.6415,  0.151015
0.6420,  0.149216
0.6425,  0.146610
0.6430,  0.143884
0.6435,  0.143132
0.6440,  0.146294
0.6445,  0.153402
0.6450,  0.162891
0.6455,  0.169341
0.6460,  0.173777
0.6465,  0.175581
0.6470,  0.175911
0.6475,  0.174677
0.6480,  0.174429
0.6485,  0.170429
0.6490,  0.163299
0.6495,  0.162847
0.6500,  0.163887
0.6505,  0.167930
0.6510,  0.175665
0.6515,  0.174748
0.6520,  0.170660
0.6525,  0.165394
0.6530,  0.164615
0.6535,  0.159949
0.6540,  0.161587
0.6545,  0.170425
0.6550,  0.180884
0.6555,  0.174897
0.6560,  0.155278
0.6565,  0.120670
0.6570,  0.080342
0.6575,  0.088899
0.6580,  0.102701
0.6585,  0.120095
0.6590,  0.137112
0.6595,  0.135445
0.6600,  0.130491
0.6605,  0.127159
0.6610,  0.127118
0.6615,  0.122593
0.6620,  0.121519
0.6625,  0.123773
0.6630,  0.123104
0.6635,  0.126169
0.6640,  0.127800
0.6645,  0.129980
0.6650,  0.131406
0.6655,  0.129254
0.6660,  0.125027
0.6665,  0.121062
0.6670,  0.117289
0.6675,  0.119480
0.6680,  0.119063
0.6685,  0.121795
0.6690,  0.124662
0.6695,  0.124341
0.6700,  0.121320
0.6705,  0.118478
0.6710,  0.118736
0.6715,  0.121710
0.6720,  0.121901
0.6725,  0.121118
0.6730,  0.117985
0.6735,  0.112307
0.6740,  0.108567
0.6745,  0.109288
0.6750,  0.110632
0.6755,  0.113448
0.6760,  0.117386
0.6765,  0.120156
0.6770,  0.119163
0.6775,  0.119213
0.6780,  0.121856
0.6785,  0.124303
0.6790,  0.121683
0.6795,  0.119695
0.6800,  0.117569
0.6805,  0.116767
0.6810,  0.116806
0.6815,  0.117613
0.6820,  0.120263
0.6825,  0.123216
0.6830,  0.127051
0.6835,  0.127689
0.6840,  0.124722
0.6845,  0.127671
0.6850,  0.139472
0.6855,  0.171634
0.6860,  0.213151
0.6865,  0.248482
0.6870,  0.267016
0.6875,  0.266455
0.6880,  0.260406
0.6885,  0.251423
0.6890,  0.244573
0.6895,  0.235102
0.6900,  0.223494
0.6905,  0.217972
0.6910,  0.214243
0.6915,  0.212650
0.6920,  0.211384
0.6925,  0.213348
0.6930,  0.217671
0.6935,  0.217738
0.6940,  0.214221
0.6945,  0.210705
0.6950,  0.203718
0.6955,  0.189759
0.6960,  0.176484
0.6965,  0.168540
0.6970,  0.163959
0.6975,  0.173153
0.6980,  0.180038
0.6985,  0.190389
0.6990,  0.197847
0.6995,  0.198635
0.7000,  0.197635
0.7005,  0.197681
0.7010,  0.189819
0.7015,  0.184665
0.7020,  0.178334
0.7025,  0.176477
0.7030,  0.174787
0.7035,  0.173606
0.7040,  0.173234
0.7045,  0.177939
0.7050,  0.184218
0.7055,  0.181920
0.7060,  0.178821
0.7065,  0.175636
0.7070,  0.171971
0.7075,  0.166016
0.7080,  0.157869
0.7085,  0.151705
0.7090,  0.147732
0.7095,  0.147204
0.7100,  0.146677
0.7105,  0.147232
0.7110,  0.149113
0.7115,  0.150190
0.7120,  0.150566
0.7125,  0.154253
0.7130,  0.158926
0.7135,  0.161291
0.7140,  0.165274
0.7145,  0.170498
0.7150,  0.186437
0.7155,  0.212288
0.7160,  0.255490
0.7165,  0.296163
0.7170,  0.336281
0.7175,  0.366572
0.7180,  0.392703
0.7185,  0.416260
0.7190,  0.419200
0.7195,  0.414192
0.7200,  0.384598
0.7205,  0.341854
0.7210,  0.305758
0.7215,  0.286080
0.7220,  0.284903
0.7225,  0.305368
0.7230,  0.329040
0.7235,  0.346612
0.7240,  0.363573
0.7245,  0.370163
0.7250,  0.370572
0.7255,  0.370843
0.7260,  0.370480
0.7265,  0.366974
0.7270,  0.363211
0.7275,  0.355591
0.7280,  0.347013
0.7285,  0.336142
0.7290,  0.327024
0.7295,  0.318509
0.7300,  0.310429
0.7305,  0.305576
0.7310,  0.297083
0.7315,  0.278918
0.7320,  0.259276
0.7325,  0.242309
0.7330,  0.223541
0.7335,  0.206446
0.7340,  0.195931
0.7345,  0.191517
0.7350,  0.194982
0.7355,  0.202747
0.7360,  0.202733
0.7365,  0.197131
0.7370,  0.191105
0.7375,  0.183451
0.7380,  0.183469
0.7385,  0.185065
0.7390,  0.174803
0.7395,  0.170600
0.7400,  0.163908
0.7405,  0.155539
0.7410,  0.143440
0.7415,  0.140386
0.7420,  0.141759
0.7425,  0.145707
0.7430,  0.150801
0.7435,  0.147556
0.7440,  0.144814
0.7445,  0.143155
0.7450,  0.141412
0.7455,  0.140318
0.7460,  0.138732
0.7465,  0.135750
0.7470,  0.136482
0.7475,  0.134995
0.7480,  0.134328
0.7485,  0.136890
0.7490,  0.138220
0.7495,  0.142989
0.7500,  0.142740
0.7505,  0.142992
0.7510,  0.141222
0.7515,  0.136762
0.7520,  0.129825
0.7525,  0.124835
0.7530,  0.120363
0.7535,  0.121657
0.7540,  0.123782
0.7545,  0.123099
0.7550,  0.122994
0.7555,  0.124208
0.7560,  0.125760
0.7565,  0.122738
0.7570,  0.128130
0.7575,  0.150993
0.7580,  0.198624
0.7585,  0.286600
0.7590,  0.423217
0.7595,  0.581257
0.7600,  0.700307
0.7605,  0.740911
0.7610,  0.733360
0.7615,  0.711977
0.7620,  0.706695
0.7625,  0.712896
0.7630,  0.700208
0.7635,  0.656641
0.7640,  0.591295
0.7645,  0.526354
0.7650,  0.460393
0.7655,  0.388621
0.7660,  0.323343
0.7665,  0.268824
0.7670,  0.222856
0.7675,  0.203250
0.7680,  0.192490
0.7685,  0.180872
0.7690,  0.175839
0.7695,  0.165708
0.7700,  0.159065
0.7705,  0.151254
0.7710,  0.143070
0.7715,  0.133350
0.7720,  0.128171
0.7725,  0.123616
0.7730,  0.126577
0.7735,  0.128791
0.7740,  0.132217
0.7745,  0.133476
0.7750,  0.130903
0.7755,  0.131336
0.7760,  0.131610
0.7765,  0.125765
0.7770,  0.129850
0.7775,  0.122708
0.7780,  0.113132
0.7785,  0.106184
0.7790,  0.100862
0.7795,  0.102581
0.7800,  0.109039
0.7805,  0.112859
0.7810,  0.115296
0.7815,  0.117926
0.7820,  0.120978
0.7825,  0.124511
0.7830,  0.129536
0.7835,  0.131968
0.7840,  0.126196
0.7845,  0.125525
0.7850,  0.130096
0.7855,  0.128452
0.7860,  0.128538
0.7865,  0.140761
0.7870,  0.147021
0.7875,  0.154019
0.7880,  0.158814
0.7885,  0.167565
0.7890,  0.173348
0.7895,  0.171707
0.7900,  0.169279
0.7905,  0.172109
0.7910,  0.170540
0.7915,  0.165522
0.7920,  0.164850
0.7925,  0.168402
0.7930,  0.173295
0.7935,  0.166754
0.7940,  0.155757
0.7945,  0.152928
0.7950,  0.153093
0.7955,  0.152035
0.7960,  0.151967
0.7965,  0.151305
0.7970,  0.148089
0.7975,  0.143653
0.7980,  0.138868
0.7985,  0.144705
0.7990,  0.146466
0.7995,  0.153785
0.8000,  0.167694
0.8005,  0.175002
0.8010,  0.179072
0.8015,  0.172067
0.8020,  0.162517
0.8025,  0.154881
0.8030,  0.147403
0.8035,  0.148255
0.8040,  0.150632
0.8045,  0.157378
0.8050,  0.152493
0.8055,  0.141172
0.8060,  0.138152
0.8065,  0.143381
0.8070,  0.149628
0.8075,  0.150268
0.8080,  0.148994
0.8085,  0.139886
0.8090,  0.135032
0.8095,  0.141417
0.8100,  0.161936
0.8105,  0.182215
0.8110,  0.200568
0.8115,  0.223539
0.8120,  0.248202
0.8125,  0.278372
0.8130,  0.297451
0.8135,  0.310608
0.8140,  0.327985
0.8145,  0.343749
0.8150,  0.355590
0.8155,  0.375793
0.8160,  0.385301
0.8165,  0.392025
0.8170,  0.397854
0.8175,  0.400096
0.8180,  0.399676
0.8185,  0.385744
0.8190,  0.338261
0.8195,  0.299151
0.8200,  0.266672
0.8205,  0.252497
0.8210,  0.270827
0.8215,  0.315848
0.8220,  0.365093
0.8225,  0.380549
0.8230,  0.366067
0.8235,  0.332007
0.8240,  0.302737
0.8245,  0.280543
0.8250,  0.267136
0.8255,  0.257613
0.8260,  0.255948
0.8265,  0.261320
0.8270,  0.273448
0.8275,  0.286879
0.8280,  0.305624
0.8285,  0.309568
0.8290,  0.306923
0.8295,  0.297326
0.8300,  0.283753
0.8305,  0.270540
0.8310,  0.256922
0.8315,  0.245679
0.8320,  0.235494
0.8325,  0.218383
0.8330,  0.203924
0.8335,  0.194681
0.8340,  0.180531
0.8345,  0.177920
0.8350,  0.189452
0.8355,  0.199673
0.8360,  0.203713
0.8365,  0.198723
0.8370,  0.178549
0.8375,  0.158732
0.8380,  0.135132
0.8385,  0.133125
0.8390,  0.137278
0.8395,  0.141722
0.8400,  0.145091
0.8405,  0.145527
0.8410,  0.151170
0.8415,  0.150561
0.8420,  0.143735
0.8425,  0.135706
0.8430,  0.127576
0.8435,  0.122752
0.8440,  0.112905
0.8445,  0.108321
0.8450,  0.111273
0.8455,  0.106768
0.8460,  0.104102
0.8465,  0.107053
0.8470,  0.117542
0.8475,  0.125739
0.8480,  0.141301
0.8485,  0.130019
0.8490,  0.116885
0.8495,  0.108653
0.8500,  0.100789
0.8505,  0.097282
0.8510,  0.097065
0.8515,  0.110568
0.8520,  0.130078
0.8525,  0.132310
0.8530,  0.140809
0.8535,  0.139735
0.8540,  0.114205
0.8545,  0.105624
0.8550,  0.092807
0.8555,  0.091270
0.8560,  0.094980
0.8565,  0.087648
0.8570,  0.086978
0.8575,  0.097453
0.8580,  0.114488
0.8585,  0.116575
0.8590,  0.122499
0.8595,  0.117151
0.8600,  0.112526
0.8605,  0.109676
0.8610,  0.093577
0.8615,  0.088450
0.8620,  0.086484
0.8625,  0.086567
0.8630,  0.100217
0.8635,  0.116076
0.8640,  0.132087
0.8645,  0.130773
0.8650,  0.128284
0.8655,  0.112687
0.8660,  0.076975
0.8665,  0.068355
0.8670,  0.064023
0.8675,  0.061339
0.8680,  0.067023
0.8685,  0.066062
0.8690,  0.069775
0.8695,  0.091583
0.8700,  0.113393
0.8705,  0.116621
0.8710,  0.125772
0.8715,  0.117179
0.8720,  0.113944
0.8725,  0.107929
0.8730,  0.101849
0.8735,  0.087133
0.8740,  0.078496
0.8745,  0.072050
0.8750,  0.092077
0.8755,  0.104968
0.8760,  0.116884
0.8765,  0.128885
0.8770,  0.135823
0.8775,  0.138045
0.8780,  0.121626
0.8785,  0.112961
0.8790,  0.102340
0.8795,  0.104920
0.8800,  0.110540
0.8805,  0.109609
0.8810,  0.109183
0.8815,  0.108081
0.8820,  0.120029
0.8825,  0.117517
0.8830,  0.106059
0.8835,  0.098106
0.8840,  0.087648
0.8845,  0.084584
0.8850,  0.079365
0.8855,  0.078406
0.8860,  0.087313
0.8865,  0.104936
0.8870,  0.122062
0.8875,  0.142034
0.8880,  0.143691
0.8885,  0.140388
0.8890,  0.136368
0.8895,  0.118580
0.8900,  0.112692
