0.3500,  0.457093
0.3505,  0.519097
0.3510,  0.483969
0.3515,  0.460471
0.3520,  0.417884
0.3525,  0.365134
0.3530,  0.395945
0.3535,  0.415335
0.3540,  0.432666
0.3545,  0.462220
0.3550,  0.445688
0.3555,  0.441773
0.3560,  0.411219
0.3565,  0.386130
0.3570,  0.355002
0.3575,  0.323495
0.3580,  0.281315
0.3585,  0.215237
0.3590,  0.340940
0.3595,  0.453660
0.3600,  0.438731
0.3605,  0.419811
0.3610,  0.377900
0.3615,  0.330782
0.3620,  0.375216
0.3625,  0.413249
0.3630,  0.404230
0.3635,  0.387312
0.3640,  0.372142
0.3645,  0.359195
0.3650,  0.387800
0.3655,  0.414589
0.3660,  0.425655
0.3665,  0.439434
0.3670,  0.415664
0.3675,  0.393759
0.3680,  0.368794
0.3685,  0.342442
0.3690,  0.379806
0.3695,  0.415844
0.3700,  0.386428
0.3705,  0.357402
0.3710,  0.379103
0.3715,  0.404458
0.3720,  0.386539
0.3725,  0.364531
0.3730,  0.335781
0.3735,  0.300656
0.3740,  0.298810
0.3745,  0.294386
0.3750,  0.348446
0.3755,  0.383136
0.3760,  0.364866
0.3765,  0.350053
0.3770,  0.392447
0.3775,  0.435089
0.3780,  0.442094
0.3785,  0.454733
0.3790,  0.377857
0.3795,  0.290264
0.3800,  0.335413
0.3805,  0.387053
0.3810,  0.374437
0.3815,  0.370078
0.3820,  0.304344
0.3825,  0.216531
0.3830,  0.187992
0.3835,  0.142567
0.3840,  0.271547
0.3845,  0.369348
0.3850,  0.374456
0.3855,  0.380342
0.3860,  0.363915
0.3865,  0.357133
0.3870,  0.351533
0.3875,  0.335990
0.3880,  0.314519
0.3885,  0.293417
0.3890,  0.340451
0.3895,  0.376765
0.3900,  0.372944
0.3905,  0.372849
0.3910,  0.394546
0.3915,  0.439312
0.3920,  0.379082
0.3925,  0.311960
0.3930,  0.168758
0.3935,  -0.054307
0.3940,  0.168334
0.3945,  0.325735
0.3950,  0.410509
0.3955,  0.497487
0.3960,  0.360907
0.3965,  0.177468
0.3970,  0.176056
0.3975,  0.156517
0.3980,  0.307972
0.3985,  0.419320
0.3990,  0.409537
0.3995,  0.408924
0.4000,  0.383495
0.4005,  0.358448
0.4010,  0.353357
0.4015,  0.355756
0.4020,  0.347446
0.4025,  0.340337
0.4030,  0.323106
0.4035,  0.309974
0.4040,  0.309519
0.4045,  0.309898
0.4050,  0.309523
0.4055,  0.310060
0.4060,  0.298118
0.4065,  0.285620
0.4070,  0.291889
0.4075,  0.294851
0.4080,  0.314509
0.4085,  0.336109
0.4090,  0.331329
0.4095,  0.328375
0.4100,  0.289851
0.4105,  0.243004
0.4110,  0.297845
0.4115,  0.343884
0.4120,  0.326748
0.4125,  0.312792
0.4130,  0.300868
0.4135,  0.295417
0.4140,  0.290558
0.4145,  0.280670
0.4150,  0.275344
0.4155,  0.272249
0.4160,  0.294851
0.4165,  0.320948
0.4170,  0.290226
0.4175,  0.255562
0.4180,  0.261984
0.4185,  0.269947
0.4190,  0.274606
0.4195,  0.270802
0.4200,  0.279918
0.4205,  0.290628
0.4210,  0.296594
0.4215,  0.308586
0.4220,  0.268256
0.4225,  0.224329
0.4230,  0.256814
0.4235,  0.282182
0.4240,  0.290303
0.4245,  0.298353
0.4250,  0.282314
0.4255,  0.266943
0.4260,  0.268998
0.4265,  0.275681
0.4270,  0.252773
0.4275,  0.229542
0.4280,  0.242591
0.4285,  0.263237
0.4290,  0.258517
0.4295,  0.256257
0.4300,  0.188547
0.4305,  0.084541
0.4310,  0.228162
0.4315,  0.335615
0.4320,  0.302935
0.4325,  0.274814
0.4330,  0.281692
0.4335,  0.293319
0.4340,  0.273454
0.4345,  0.252710
0.4350,  0.251206
0.4355,  0.250417
0.4360,  0.285191
0.4365,  0.322417
0.4370,  0.303208
0.4375,  0.283193
0.4380,  0.238420
0.4385,  0.186039
0.4390,  0.241637
0.4395,  0.290256
0.4400,  0.260979
0.4405,  0.228902
0.4410,  0.263300
0.4415,  0.294395
0.4420,  0.293654
0.4425,  0.292899
0.4430,  0.272145
0.4435,  0.256527
0.4440,  0.268456
0.4445,  0.281992
0.4450,  0.256298
0.4455,  0.223483
0.4460,  0.231046
0.4465,  0.238942
0.4470,  0.266094
0.4475,  0.292441
0.4480,  0.269940
0.4485,  0.245085
0.4490,  0.246988
0.4495,  0.249433
0.4500,  0.263007
0.4505,  0.278676
0.4510,  0.275676
0.4515,  0.273469
0.4520,  0.249763
0.4525,  0.222714
0.4530,  0.233489
0.4535,  0.239203
0.4540,  0.243938
0.4545,  0.244130
0.4550,  0.246879
0.4555,  0.250899
0.4560,  0.252849
0.4565,  0.258261
0.4570,  0.264066
0.4575,  0.270536
0.4580,  0.249685
0.4585,  0.228099
0.4590,  0.236483
0.4595,  0.241019
0.4600,  0.243487
0.4605,  0.248147
0.4610,  0.249027
0.4615,  0.247815
0.4620,  0.253784
0.4625,  0.262274
0.4630,  0.249196
0.4635,  0.240752
0.4640,  0.234082
0.4645,  0.227046
0.4650,  0.242334
0.4655,  0.260978
0.4660,  0.242562
0.4665,  0.220447
0.4670,  0.237711
0.4675,  0.254627
0.4680,  0.250469
0.4685,  0.249984
0.4690,  0.250975
0.4695,  0.255063
0.4700,  0.236982
0.4705,  0.212939
0.4710,  0.238395
0.4715,  0.260233
0.4720,  0.258428
0.4725,  0.259816
0.4730,  0.251255
0.4735,  0.242313
0.4740,  0.250747
0.4745,  0.260968
0.4750,  0.257236
0.4755,  0.252180
0.4760,  0.239323
0.4765,  0.226508
0.4770,  0.246913
0.4775,  0.265893
0.4780,  0.251062
0.4785,  0.237041
0.4790,  0.248939
0.4795,  0.258686
0.4800,  0.250270
0.4805,  0.243524
0.4810,  0.251643
0.4815,  0.261577
0.4820,  0.252273
0.4825,  0.245709
0.4830,  0.247287
0.4835,  0.249262
0.4840,  0.248109
0.4845,  0.254583
0.4850,  0.247935
0.4855,  0.238252
0.4860,  0.206508
0.4865,  0.161376
0.4870,  0.201186
0.4875,  0.235628
0.4880,  0.242583
0.4885,  0.248422
0.4890,  0.246643
0.4895,  0.247458
0.4900,  0.251360
0.4905,  0.260607
0.4910,  0.242897
0.4915,  0.225134
0.4920,  0.226942
0.4925,  0.226349
0.4930,  0.222151
0.4935,  0.214473
0.4940,  0.240906
0.4945,  0.268038
0.4950,  0.241248
0.4955,  0.215339
0.4960,  0.231917
0.4965,  0.249454
0.4970,  0.252043
0.4975,  0.256898
0.4980,  0.230836
0.4985,  0.203979
0.4990,  0.227940
0.4995,  0.252097
0.5000,  0.236365
0.5005,  0.219498
0.5010,  0.214233
0.5015,  0.206460
0.5020,  0.222148
0.5025,  0.238345
0.5030,  0.247262
0.5035,  0.253432
0.5040,  0.238422
0.5045,  0.219787
0.5050,  0.236233
0.5055,  0.255165
0.5060,  0.247798
0.5065,  0.242125
0.5070,  0.234566
0.5075,  0.224667
0.5080,  0.226354
0.5085,  0.227456
0.5090,  0.225886
0.5095,  0.224575
0.5100,  0.227261
0.5105,  0.229802
0.5110,  0.239399
0.5115,  0.250272
0.5120,  0.229542
0.5125,  0.209083
0.5130,  0.212443
0.5135,  0.213688
0.5140,  0.220298
0.5145,  0.225939
0.5150,  0.238308
0.5155,  0.255568
0.5160,  0.225655
0.5165,  0.190217
0.5170,  0.208918
0.5175,  0.221272
0.5180,  0.200723
0.5185,  0.173976
0.5190,  0.200600
0.5195,  0.227360
0.5200,  0.219664
0.5205,  0.214760
0.5210,  0.227088
0.5215,  0.242305
0.5220,  0.225049
0.5225,  0.204144
0.5230,  0.213289
0.5235,  0.219486
0.5240,  0.227941
0.5245,  0.243054
0.5250,  0.245457
0.5255,  0.249952
0.5260,  0.208620
0.5265,  0.157307
0.5270,  0.185982
0.5275,  0.209660
0.5280,  0.214437
0.5285,  0.220335
0.5290,  0.219642
0.5295,  0.219272
0.5300,  0.221380
0.5305,  0.226603
0.5310,  0.231282
0.5315,  0.239117
0.5320,  0.206835
0.5325,  0.171236
0.5330,  0.203491
0.5335,  0.231293
0.5340,  0.214896
0.5345,  0.197997
0.5350,  0.220434
0.5355,  0.245516
0.5360,  0.226607
0.5365,  0.206394
0.5370,  0.209570
0.5375,  0.213049
0.5380,  0.220149
0.5385,  0.229107
0.5390,  0.221666
0.5395,  0.210767
0.5400,  0.199272
0.5405,  0.185742
0.5410,  0.206188
0.5415,  0.226331
0.5420,  0.212684
0.5425,  0.198819
0.5430,  0.207095
0.5435,  0.215598
0.5440,  0.215470
0.5445,  0.215218
0.5450,  0.219991
0.5455,  0.224553
0.5460,  0.222210
0.5465,  0.218854
0.5470,  0.210125
0.5475,  0.199858
0.5480,  0.203609
0.5485,  0.208181
0.5490,  0.213715
0.5495,  0.219074
0.5500,  0.212597
0.5505,  0.206401
0.5510,  0.207956
0.5515,  0.211776
0.5520,  0.208424
0.5525,  0.202704
0.5530,  0.208380
0.5535,  0.211979
0.5540,  0.213723
0.5545,  0.216307
0.5550,  0.220407
0.5555,  0.224774
0.5560,  0.214763
0.5565,  0.204287
0.5570,  0.212505
0.5575,  0.221452
0.5580,  0.215131
0.5585,  0.204025
0.5590,  0.206262
0.5595,  0.208231
0.5600,  0.212002
0.5605,  0.216379
0.5610,  0.212211
0.5615,  0.208459
0.5620,  0.213416
0.5625,  0.218833
0.5630,  0.220697
0.5635,  0.223982
0.5640,  0.226080
0.5645,  0.228315
0.5650,  0.220283
0.5655,  0.210072
0.5660,  0.216109
0.5665,  0.222596
0.5670,  0.234379
0.5675,  0.246675
0.5680,  0.231987
0.5685,  0.217863
0.5690,  0.230757
0.5695,  0.244223
0.5700,  0.229609
0.5705,  0.210751
0.5710,  0.217883
0.5715,  0.222106
0.5720,  0.230821
0.5725,  0.240249
0.5730,  0.236369
0.5735,  0.234767
0.5740,  0.234402
0.5745,  0.232544
0.5750,  0.224900
0.5755,  0.215883
0.5760,  0.218066
0.5765,  0.223386
0.5770,  0.228887
0.5775,  0.234707
0.5780,  0.218790
0.5785,  0.199780
0.5790,  0.205552
0.5795,  0.210800
0.5800,  0.209782
0.5805,  0.209540
0.5810,  0.209932
0.5815,  0.211168
0.5820,  0.213925
0.5825,  0.215581
0.5830,  0.211378
0.5835,  0.210283
0.5840,  0.214386
0.5845,  0.219778
0.5850,  0.206639
0.5855,  0.192324
0.5860,  0.205671
0.5865,  0.225221
0.5870,  0.242051
0.5875,  0.261483
0.5880,  0.258622
0.5885,  0.246527
0.5890,  0.216943
0.5895,  0.183126
0.5900,  0.224099
0.5905,  0.263065
0.5910,  0.254409
0.5915,  0.244495
0.5920,  0.244615
0.5925,  0.245379
0.5930,  0.241954
0.5935,  0.243092
0.5940,  0.238939
0.5945,  0.231917
0.5950,  0.232918
0.5955,  0.233339
0.5960,  0.234902
0.5965,  0.237659
0.5970,  0.230890
0.5975,  0.223963
0.5980,  0.216412
0.5985,  0.211547
0.5990,  0.218226
0.5995,  0.225854
0.6000,  0.223528
0.6005,  0.220381
0.6010,  0.221967
0.6015,  0.218565
0.6020,  0.204188
0.6025,  0.191144
0.6030,  0.202173
0.6035,  0.215175
0.6040,  0.214932
0.6045,  0.214063
0.6050,  0.213837
0.6055,  0.210416
0.6060,  0.206746
0.6065,  0.204762
0.6070,  0.206114
0.6075,  0.210466
0.6080,  0.211833
0.6085,  0.213021
0.6090,  0.214460
0.6095,  0.215520
0.6100,  0.207570
0.6105,  0.196964
0.6110,  0.202893
0.6115,  0.211739
0.6120,  0.205038
0.6125,  0.199188
0.6130,  0.196858
0.6135,  0.196930
0.6140,  0.207482
0.6145,  0.218450
0.6150,  0.221433
0.6155,  0.221502
0.6160,  0.196174
0.6165,  0.169239
0.6170,  0.189773
0.6175,  0.210310
0.6180,  0.214472
0.6185,  0.217272
0.6190,  0.213077
0.6195,  0.209376
0.6200,  0.216632
0.6205,  0.223124
0.6210,  0.213877
0.6215,  0.202973
0.6220,  0.208770
0.6225,  0.216136
0.6230,  0.207920
0.6235,  0.203381
0.6240,  0.206692
0.6245,  0.207476
0.6250,  0.204227
0.6255,  0.200285
0.6260,  0.216117
0.6265,  0.232332
0.6270,  0.235097
0.6275,  0.237205
0.6280,  0.240787
0.6285,  0.245728
0.6290,  0.245283
0.6295,  0.242322
0.6300,  0.236537
0.6305,  0.229075
0.6310,  0.221105
0.6315,  0.217790
0.6320,  0.212781
0.6325,  0.211445
0.6330,  0.213344
0.6335,  0.215917
0.6340,  0.218694
0.6345,  0.220745
0.6350,  0.221733
0.6355,  0.221083
0.6360,  0.219238
0.6365,  0.213377
0.6370,  0.207758
0.6375,  0.204274
0.6380,  0.203460
0.6385,  0.206548
0.6390,  0.208537
0.6395,  0.205893
0.6400,  0.205989
0.6405,  0.203295
0.6410,  0.198402
0.6415,  0.196985
0.6420,  0.193221
0.6425,  0.189811
0.6430,  0.187587
0.6435,  0.190297
0.6440,  0.196852
0.6445,  0.206814
0.6450,  0.217828
0.6455,  0.226142
0.6460,  0.232129
0.6465,  0.234802
0.6470,  0.234995
0.6475,  0.232773
0.6480,  0.229404
0.6485,  0.221665
0.6490,  0.213760
0.6495,  0.213663
0.6500,  0.216241
0.6505,  0.222545
0.6510,  0.227710
0.6515,  0.223836
0.6520,  0.221268
0.6525,  0.219861
0.6530,  0.222889
0.6535,  0.220251
0.6540,  0.224604
0.6545,  0.233071
0.6550,  0.239407
0.6555,  0.224909
0.6560,  0.197998
0.6565,  0.166003
0.6570,  0.134028
0.6575,  0.147302
0.6580,  0.161699
0.6585,  0.178092
0.6590,  0.193011
0.6595,  0.187012
0.6600,  0.181900
0.6605,  0.178358
0.6610,  0.176292
0.6615,  0.172018
0.6620,  0.170017
0.6625,  0.169505
0.6630,  0.169316
0.6635,  0.172518
0.6640,  0.173895
0.6645,  0.176713
0.6650,  0.179998
0.6655,  0.178175
0.6660,  0.175681
0.6665,  0.172846
0.6670,  0.169801
0.6675,  0.173030
0.6680,  0.173285
0.6685,  0.172749
0.6690,  0.173069
0.6695,  0.171940
0.6700,  0.171594
0.6705,  0.171633
0.6710,  0.170535
0.6715,  0.171798
0.6720,  0.172525
0.6725,  0.172985
0.6730,  0.170713
0.6735,  0.166125
0.6740,  0.161221
0.6745,  0.158630
0.6750,  0.157025
0.6755,  0.159868
0.6760,  0.164049
0.6765,  0.168656
0.6770,  0.171347
0.6775,  0.172806
0.6780,  0.169761
0.6785,  0.169268
0.6790,  0.166022
0.6795,  0.163806
0.6800,  0.163261
0.6805,  0.162773
0.6810,  0.162083
0.6815,  0.160532
0.6820,  0.162056
0.6825,  0.167711
0.6830,  0.172475
0.6835,  0.173994
0.6840,  0.176566
0.6845,  0.183154
0.6850,  0.200882
0.6855,  0.236314
0.6860,  0.271745
0.6865,  0.295192
0.6870,  0.303868
0.6875,  0.297233
0.6880,  0.292258
0.6885,  0.286631
0.6890,  0.280173
0.6895,  0.272293
0.6900,  0.263537
0.6905,  0.257176
0.6910,  0.250456
0.6915,  0.249696
0.6920,  0.254956
0.6925,  0.260959
0.6930,  0.264079
0.6935,  0.262586
0.6940,  0.252198
0.6945,  0.240340
0.6950,  0.228375
0.6955,  0.217197
0.6960,  0.208779
0.6965,  0.206881
0.6970,  0.211571
0.6975,  0.221127
0.6980,  0.228257
0.6985,  0.236135
0.6990,  0.242236
0.6995,  0.241573
0.7000,  0.235478
0.7005,  0.229162
0.7010,  0.224836
0.7015,  0.226330
0.7020,  0.223898
0.7025,  0.220765
0.7030,  0.216595
0.7035,  0.222554
0.7040,  0.224170
0.7045,  0.227655
0.7050,  0.229710
0.7055,  0.225007
0.7060,  0.222887
0.7065,  0.217980
0.7070,  0.215349
0.7075,  0.210232
0.7080,  0.204528
0.7085,  0.196831
0.7090,  0.188364
0.7095,  0.185897
0.7100,  0.186993
0.7105,  0.191092
0.7110,  0.195562
0.7115,  0.196495
0.7120,  0.197057
0.7125,  0.202894
0.7130,  0.203765
0.7135,  0.203204
0.7140,  0.205742
0.7145,  0.216888
0.7150,  0.234788
0.7155,  0.264634
0.7160,  0.309141
0.7165,  0.354720
0.7170,  0.397396
0.7175,  0.423779
0.7180,  0.443851
0.7185,  0.460509
0.7190,  0.457331
0.7195,  0.438759
0.7200,  0.406364
0.7205,  0.370563
0.7210,  0.340818
0.7215,  0.331207
0.7220,  0.342614
0.7225,  0.366561
0.7230,  0.392151
0.7235,  0.408826
0.7240,  0.415728
0.7245,  0.420019
0.7250,  0.414887
0.7255,  0.410721
0.7260,  0.410448
0.7265,  0.411159
0.7270,  0.409305
0.7275,  0.403923
0.7280,  0.396459
0.7285,  0.385737
0.7290,  0.372594
0.7295,  0.364829
0.7300,  0.360153
0.7305,  0.353689
0.7310,  0.338766
0.7315,  0.317483
0.7320,  0.292519
0.7325,  0.269318
0.7330,  0.248929
0.7335,  0.236878
0.7340,  0.234810
0.7345,  0.235942
0.7350,  0.235310
0.7355,  0.232551
0.7360,  0.231243
0.7365,  0.224543
0.7370,  0.224269
0.7375,  0.222071
0.7380,  0.224225
0.7385,  0.214158
0.7390,  0.202029
0.7395,  0.197111
0.7400,  0.192309
0.7405,  0.187190
0.7410,  0.181017
0.7415,  0.178626
0.7420,  0.181909
0.7425,  0.183335
0.7430,  0.185757
0.7435,  0.185274
0.7440,  0.182003
0.7445,  0.179240
0.7450,  0.178022
0.7455,  0.176932
0.7460,  0.176549
0.7465,  0.176720
0.7470,  0.178374
0.7475,  0.178497
0.7480,  0.175705
0.7485,  0.172691
0.7490,  0.171328
0.7495,  0.172775
0.7500,  0.171190
0.7505,  0.172235
0.7510,  0.169261
0.7515,  0.167775
0.7520,  0.164161
0.7525,  0.161298
0.7530,  0.156303
0.7535,  0.155220
0.7540,  0.157511
0.7545,  0.160847
0.7550,  0.162312
0.7555,  0.160081
0.7560,  0.156941
0.7565,  0.155915
0.7570,  0.165593
0.7575,  0.196207
0.7580,  0.265380
0.7585,  0.381134
0.7590,  0.540307
0.7595,  0.702542
0.7600,  0.781998
0.7605,  0.781307
0.7610,  0.753041
0.7615,  0.738903
0.7620,  0.726673
0.7625,  0.722543
0.7630,  0.699571
0.7635,  0.648112
0.7640,  0.583718
0.7645,  0.521346
0.7650,  0.467221
0.7655,  0.407491
0.7660,  0.348013
0.7665,  0.297345
0.7670,  0.257194
0.7675,  0.233523
0.7680,  0.216786
0.7685,  0.210627
0.7690,  0.204213
0.7695,  0.195920
0.7700,  0.189289
0.7705,  0.181525
0.7710,  0.174622
0.7715,  0.172085
0.7720,  0.178218
0.7725,  0.180577
0.7730,  0.185127
0.7735,  0.181106
0.7740,  0.174915
0.7745,  0.172498
0.7750,  0.166211
0.7755,  0.162652
0.7760,  0.160288
0.7765,  0.161939
0.7770,  0.160417
0.7775,  0.153612
0.7780,  0.151564
0.7785,  0.156882
0.7790,  0.160372
0.7795,  0.159427
0.7800,  0.154109
0.7805,  0.149020
0.7810,  0.147829
0.7815,  0.148894
0.7820,  0.148467
0.7825,  0.150328
0.7830,  0.155732
0.7835,  0.157062
0.7840,  0.157011
0.7845,  0.152366
0.7850,  0.149476
0.7855,  0.149846
0.7860,  0.156436
0.7865,  0.166711
0.7870,  0.178107
0.7875,  0.185139
0.7880,  0.198510
0.7885,  0.200566
0.7890,  0.202113
0.7895,  0.196679
0.7900,  0.193884
0.7905,  0.191784
0.7910,  0.192542
0.7915,  0.191611
0.7920,  0.197234
0.7925,  0.199922
0.7930,  0.199237
0.7935,  0.194577
0.7940,  0.193255
0.7945,  0.194277
0.7950,  0.195619
0.7955,  0.199359
0.7960,  0.204124
0.7965,  0.207691
0.7970,  0.209401
0.7975,  0.204005
0.7980,  0.201697
0.7985,  0.198876
0.7990,  0.204450
0.7995,  0.211965
0.8000,  0.206210
0.8005,  0.206054
0.8010,  0.208386
0.8015,  0.212503
0.8020,  0.206473
0.8025,  0.199754
0.8030,  0.192995
0.8035,  0.184254
0.8040,  0.182266
0.8045,  0.173989
0.8050,  0.166428
0.8055,  0.167832
0.8060,  0.173159
0.8065,  0.182151
0.8070,  0.186173
0.8075,  0.185969
0.8080,  0.185074
0.8085,  0.178795
0.8090,  0.180807
0.8095,  0.187713
0.8100,  0.199379
0.8105,  0.217489
0.8110,  0.240524
0.8115,  0.259201
0.8120,  0.283730
0.8125,  0.317457
0.8130,  0.341259
0.8135,  0.360024
0.8140,  0.377744
0.8145,  0.393192
0.8150,  0.417245
0.8155,  0.439146
0.8160,  0.446816
0.8165,  0.442359
0.8170,  0.430744
0.8175,  0.413138
0.8180,  0.406146
0.8185,  0.387635
0.8190,  0.364690
0.8195,  0.340920
0.8200,  0.319154
0.8205,  0.312865
0.8210,  0.348059
0.8215,  0.382959
0.8220,  0.409951
0.8225,  0.414791
0.8230,  0.377144
0.8235,  0.341425
0.8240,  0.323354
0.8245,  0.298750
0.8250,  0.279980
0.8255,  0.271631
0.8260,  0.279693
0.8265,  0.294471
0.8270,  0.324125
0.8275,  0.340888
0.8280,  0.345341
0.8285,  0.334801
0.8290,  0.330494
0.8295,  0.320085
0.8300,  0.316733
0.8305,  0.302729
0.8310,  0.289488
0.8315,  0.275616
0.8320,  0.270301
0.8325,  0.265918
0.8330,  0.256472
0.8335,  0.245146
0.8340,  0.236148
0.8345,  0.228476
0.8350,  0.229725
0.8355,  0.225529
0.8360,  0.211472
0.8365,  0.206063
0.8370,  0.201969
0.8375,  0.197707
0.8380,  0.197081
0.8385,  0.194699
0.8390,  0.187825
0.8395,  0.176573
0.8400,  0.169518
0.8405,  0.170630
0.8410,  0.165727
0.8415,  0.161723
0.8420,  0.163941
0.8425,  0.158929
0.8430,  0.146267
0.8435,  0.142047
0.8440,  0.143688
0.8445,  0.142925
0.8450,  0.147281
0.8455,  0.149394
0.8460,  0.156764
0.8465,  0.154428
0.8470,  0.158800
0.8475,  0.166457
0.8480,  0.176985
0.8485,  0.177594
0.8490,  0.165741
0.8495,  0.154627
0.8500,  0.124302
0.8505,  0.120424
0.8510,  0.125690
0.8515,  0.147097
0.8520,  0.170895
0.8525,  0.174076
0.8530,  0.177913
0.8535,  0.155195
0.8540,  0.116007
0.8545,  0.112498
0.8550,  0.113246
0.8555,  0.122364
0.8560,  0.131504
0.8565,  0.131308
0.8570,  0.136585
0.8575,  0.147578
0.8580,  0.146483
0.8585,  0.147945
0.8590,  0.146927
0.8595,  0.142661
0.8600,  0.137879
0.8605,  0.131495
0.8610,  0.126544
0.8615,  0.124721
0.8620,  0.116063
0.8625,  0.119185
0.8630,  0.125786
0.8635,  0.135557
0.8640,  0.153858
0.8645,  0.153378
0.8650,  0.148987
0.8655,  0.130822
0.8660,  0.096996
0.8665,  0.085790
0.8670,  0.085842
0.8675,  0.095408
0.8680,  0.107924
0.8685,  0.113773
0.8690,  0.111739
0.8695,  0.110520
0.8700,  0.127218
0.8705,  0.133976
0.8710,  0.130403
0.8715,  0.126526
0.8720,  0.133262
0.8725,  0.140127
0.8730,  0.137450
0.8735,  0.134739
0.8740,  0.125751
0.8745,  0.119029
0.8750,  0.126779
0.8755,  0.124722
0.8760,  0.127424
0.8765,  0.136634
0.8770,  0.130228
0.8775,  0.131584
0.8780,  0.139537
0.8785,  0.131962
0.8790,  0.108798
0.8795,  0.093950
0.8800,  0.100353
0.8805,  0.113913
0.8810,  0.114677
0.8815,  0.115083
0.8820,  0.124880
0.8825,  0.124019
0.8830,  0.125702
0.8835,  0.136447
0.8840,  0.139902
0.8845,  0.130671
0.8850,  0.143134
0.8855,  0.134009
0.8860,  0.129423
0.8865,  0.138882
0.8870,  0.143513
0.8875,  0.145797
0.8880,  0.142474
0.8885,  0.143179
0.8890,  0.145507
0.8895,  0.155303
0.8900,  0.165479
