0.3500,  1.992356
0.3505,  1.972449
0.3510,  1.895800
0.3515,  1.759390
0.3520,  1.648089
0.3525,  1.538452
0.3530,  1.514578
0.3535,  1.488296
0.3540,  1.473197
0.3545,  1.481242
0.3550,  1.460375
0.3555,  1.448610
0.3560,  1.447776
0.3565,  1.459212
0.3570,  1.478219
0.3575,  1.515629
0.3580,  1.541150
0.3585,  1.506591
0.3590,  1.697395
0.3595,  1.805141
0.3600,  1.749617
0.3605,  1.697085
0.3610,  1.615873
0.3615,  1.511000
0.3620,  1.507061
0.3625,  1.496193
0.3630,  1.450076
0.3635,  1.414203
0.3640,  1.370430
0.3645,  1.303756
0.3650,  1.254196
0.3655,  1.224434
0.3660,  1.171393
0.3665,  1.129885
0.3670,  1.069522
0.3675,  1.022823
0.3680,  0.967364
0.3685,  0.919542
0.3690,  0.961765
0.3695,  1.004403
0.3700,  0.971693
0.3705,  0.933240
0.3710,  0.953861
0.3715,  0.980783
0.3720,  0.956855
0.3725,  0.936583
0.3730,  0.924086
0.3735,  0.904789
0.3740,  0.937910
0.3745,  0.959462
0.3750,  1.041744
0.3755,  1.100225
0.3760,  1.079251
0.3765,  1.035042
0.3770,  1.044138
0.3775,  1.054280
0.3780,  1.014652
0.3785,  0.994599
0.3790,  0.885360
0.3795,  0.767927
0.3800,  0.821782
0.3805,  0.893691
0.3810,  0.886281
0.3815,  0.899761
0.3820,  0.857877
0.3825,  0.802928
0.3830,  0.839227
0.3835,  0.859280
0.3840,  1.064889
0.3845,  1.191644
0.3850,  1.175378
0.3855,  1.159339
0.3860,  1.129826
0.3865,  1.098751
0.3870,  1.067956
0.3875,  1.040970
0.3880,  1.012989
0.3885,  0.978484
0.3890,  1.017347
0.3895,  1.017120
0.3900,  0.959784
0.3905,  0.917780
0.3910,  0.902904
0.3915,  0.910704
0.3920,  0.806921
0.3925,  0.731652
0.3930,  0.597772
0.3935,  0.402802
0.3940,  0.752421
0.3945,  0.974168
0.3950,  1.070898
0.3955,  1.158046
0.3960,  0.982847
0.3965,  0.772698
0.3970,  0.774688
0.3975,  0.732515
0.3980,  0.871509
0.3985,  0.955622
0.3990,  0.895582
0.3995,  0.848571
0.4000,  0.782034
0.4005,  0.719824
0.4010,  0.682308
0.4015,  0.658827
0.4020,  0.629470
0.4025,  0.610447
0.4030,  0.576939
0.4035,  0.543789
0.4040,  0.531153
0.4045,  0.523393
0.4050,  0.516634
0.4055,  0.517368
0.4060,  0.500705
0.4065,  0.481782
0.4070,  0.495662
0.4075,  0.505109
0.4080,  0.535027
0.4085,  0.563784
0.4090,  0.553305
0.4095,  0.547222
0.4100,  0.498366
0.4105,  0.442181
0.4110,  0.509310
0.4115,  0.565809
0.4120,  0.543826
0.4125,  0.519650
0.4130,  0.498389
0.4135,  0.483441
0.4140,  0.475910
0.4145,  0.467856
0.4150,  0.465639
0.4155,  0.465322
0.4160,  0.489850
0.4165,  0.516757
0.4170,  0.473453
0.4175,  0.426805
0.4180,  0.431863
0.4185,  0.437724
0.4190,  0.442028
0.4195,  0.443725
0.4200,  0.455761
0.4205,  0.469040
0.4210,  0.477008
0.4215,  0.489434
0.4220,  0.441981
0.4225,  0.388165
0.4230,  0.427863
0.4235,  0.466585
0.4240,  0.482846
0.4245,  0.501323
0.4250,  0.487234
0.4255,  0.471641
0.4260,  0.469656
0.4265,  0.473910
0.4270,  0.443481
0.4275,  0.416860
0.4280,  0.429432
0.4285,  0.450500
0.4290,  0.437851
0.4295,  0.431280
0.4300,  0.357703
0.4305,  0.255572
0.4310,  0.455338
0.4315,  0.603860
0.4320,  0.570296
0.4325,  0.528380
0.4330,  0.528537
0.4335,  0.526628
0.4340,  0.489586
0.4345,  0.457946
0.4350,  0.454151
0.4355,  0.447666
0.4360,  0.478849
0.4365,  0.512964
0.4370,  0.476660
0.4375,  0.448288
0.4380,  0.394088
0.4385,  0.328813
0.4390,  0.394663
0.4395,  0.456574
0.4400,  0.425258
0.4405,  0.390823
0.4410,  0.434752
0.4415,  0.472608
0.4420,  0.470207
0.4425,  0.465707
0.4430,  0.435062
0.4435,  0.406489
0.4440,  0.413100
0.4445,  0.423931
0.4450,  0.386466
0.4455,  0.347043
0.4460,  0.361426
0.4465,  0.374754
0.4470,  0.409525
0.4475,  0.440581
0.4480,  0.411087
0.4485,  0.377925
0.4490,  0.378361
0.4495,  0.380144
0.4500,  0.393718
0.4505,  0.406139
0.4510,  0.392467
0.4515,  0.381170
0.4520,  0.345843
0.4525,  0.318723
0.4530,  0.332678
0.4535,  0.346369
0.4540,  0.355548
0.4545,  0.362735
0.4550,  0.372549
0.4555,  0.378802
0.4560,  0.381133
0.4565,  0.383009
0.4570,  0.382048
0.4575,  0.384321
0.4580,  0.356071
0.4585,  0.330053
0.4590,  0.342343
0.4595,  0.348027
0.4600,  0.349750
0.4605,  0.352618
0.4610,  0.353393
0.4615,  0.354170
0.4620,  0.362765
0.4625,  0.371328
0.4630,  0.353562
0.4635,  0.340594
0.4640,  0.331597
0.4645,  0.323470
0.4650,  0.345901
0.4655,  0.367556
0.4660,  0.343580
0.4665,  0.318692
0.4670,  0.344902
0.4675,  0.365185
0.4680,  0.363818
0.4685,  0.362349
0.4690,  0.359486
0.4695,  0.359597
0.4700,  0.335670
0.4705,  0.308688
0.4710,  0.339368
0.4715,  0.369647
0.4720,  0.368159
0.4725,  0.365209
0.4730,  0.350749
0.4735,  0.336253
0.4740,  0.344211
0.4745,  0.354446
0.4750,  0.344148
0.4755,  0.332991
0.4760,  0.315549
0.4765,  0.299762
0.4770,  0.323503
0.4775,  0.344112
0.4780,  0.323094
0.4785,  0.303847
0.4790,  0.316400
0.4795,  0.328182
0.4800,  0.317764
0.4805,  0.308569
0.4810,  0.318067
0.4815,  0.325967
0.4820,  0.307886
0.4825,  0.294284
0.4830,  0.291798
0.4835,  0.291207
0.4840,  0.283796
0.4845,  0.283064
0.4850,  0.267014
0.4855,  0.255140
0.4860,  0.223708
0.4865,  0.181489
0.4870,  0.239883
0.4875,  0.287585
0.4880,  0.301500
0.4885,  0.311689
0.4890,  0.307581
0.4895,  0.303374
0.4900,  0.299454
0.4905,  0.300461
0.4910,  0.271266
0.4915,  0.245755
0.4920,  0.247651
0.4925,  0.247350
0.4930,  0.242672
0.4935,  0.235376
0.4940,  0.266249
0.4945,  0.295776
0.4950,  0.259185
0.4955,  0.224362
0.4960,  0.244861
0.4965,  0.262433
0.4970,  0.262759
0.4975,  0.264812
0.4980,  0.230955
0.4985,  0.197317
0.4990,  0.226498
0.4995,  0.255332
0.5000,  0.233702
0.5005,  0.210438
0.5010,  0.204522
0.5015,  0.195534
0.5020,  0.215597
0.5025,  0.234633
0.5030,  0.242854
0.5035,  0.249586
0.5040,  0.231789
0.5045,  0.209238
0.5050,  0.231392
0.5055,  0.253473
0.5060,  0.240005
0.5065,  0.229133
0.5070,  0.219195
0.5075,  0.208656
0.5080,  0.212592
0.5085,  0.215173
0.5090,  0.214384
0.5095,  0.211338
0.5100,  0.214295
0.5105,  0.217933
0.5110,  0.227021
0.5115,  0.236529
0.5120,  0.208332
0.5125,  0.182954
0.5130,  0.185997
0.5135,  0.188633
0.5140,  0.196467
0.5145,  0.204524
0.5150,  0.214244
0.5155,  0.228596
0.5160,  0.186469
0.5165,  0.144142
0.5170,  0.174217
0.5175,  0.200137
0.5180,  0.185811
0.5185,  0.164406
0.5190,  0.202849
0.5195,  0.236647
0.5200,  0.225414
0.5205,  0.214454
0.5210,  0.223540
0.5215,  0.233225
0.5220,  0.208891
0.5225,  0.184924
0.5230,  0.198689
0.5235,  0.207801
0.5240,  0.216094
0.5245,  0.226126
0.5250,  0.218862
0.5255,  0.216449
0.5260,  0.164427
0.5265,  0.108967
0.5270,  0.156053
0.5275,  0.195037
0.5280,  0.205576
0.5285,  0.212291
0.5290,  0.207462
0.5295,  0.202517
0.5300,  0.202622
0.5305,  0.204096
0.5310,  0.203596
0.5315,  0.208510
0.5320,  0.168843
0.5325,  0.126545
0.5330,  0.170198
0.5335,  0.209683
0.5340,  0.193241
0.5345,  0.173210
0.5350,  0.198469
0.5355,  0.224128
0.5360,  0.195977
0.5365,  0.170192
0.5370,  0.174756
0.5375,  0.180056
0.5380,  0.187545
0.5385,  0.196158
0.5390,  0.183397
0.5395,  0.172234
0.5400,  0.161553
0.5405,  0.150032
0.5410,  0.179792
0.5415,  0.206847
0.5420,  0.191969
0.5425,  0.177167
0.5430,  0.188711
0.5435,  0.197808
0.5440,  0.195307
0.5445,  0.194040
0.5450,  0.199546
0.5455,  0.202034
0.5460,  0.196139
0.5465,  0.192180
0.5470,  0.183188
0.5475,  0.173518
0.5480,  0.180205
0.5485,  0.184529
0.5490,  0.189755
0.5495,  0.197012
0.5500,  0.189240
0.5505,  0.182447
0.5510,  0.184870
0.5515,  0.188773
0.5520,  0.185903
0.5525,  0.180354
0.5530,  0.188535
0.5535,  0.196092
0.5540,  0.198389
0.5545,  0.201213
0.5550,  0.201180
0.5555,  0.201483
0.5560,  0.186332
0.5565,  0.174482
0.5570,  0.185562
0.5575,  0.196693
0.5580,  0.188938
0.5585,  0.180504
0.5590,  0.188650
0.5595,  0.195863
0.5600,  0.200043
0.5605,  0.204413
0.5610,  0.196995
0.5615,  0.189013
0.5620,  0.193594
0.5625,  0.201154
0.5630,  0.205691
0.5635,  0.210086
0.5640,  0.210646
0.5645,  0.211900
0.5650,  0.202590
0.5655,  0.190992
0.5660,  0.196867
0.5665,  0.202820
0.5670,  0.214249
0.5675,  0.227197
0.5680,  0.210151
0.5685,  0.195426
0.5690,  0.210965
0.5695,  0.225019
0.5700,  0.205890
0.5705,  0.185337
0.5710,  0.198079
0.5715,  0.206149
0.5720,  0.214415
0.5725,  0.224855
0.5730,  0.216434
0.5735,  0.211011
0.5740,  0.210920
0.5745,  0.211851
0.5750,  0.203521
0.5755,  0.193666
0.5760,  0.196201
0.5765,  0.200424
0.5770,  0.206227
0.5775,  0.213611
0.5780,  0.198967
0.5785,  0.181130
0.5790,  0.191840
0.5795,  0.199524
0.5800,  0.198747
0.5805,  0.197885
0.5810,  0.198241
0.5815,  0.200693
0.5820,  0.204804
0.5825,  0.209499
0.5830,  0.204383
0.5835,  0.201346
0.5840,  0.202053
0.5845,  0.207364
0.5850,  0.193860
0.5855,  0.179300
0.5860,  0.195776
0.5865,  0.211224
0.5870,  0.220159
0.5875,  0.233577
0.5880,  0.226732
0.5885,  0.221376
0.5890,  0.202571
0.5895,  0.175249
0.5900,  0.231574
0.5905,  0.278620
0.5910,  0.266144
0.5915,  0.250854
0.5920,  0.246763
0.5925,  0.245931
0.5930,  0.240013
0.5935,  0.237562
0.5940,  0.234384
0.5945,  0.231321
0.5950,  0.238120
0.5955,  0.241196
0.5960,  0.246366
0.5965,  0.248876
0.5970,  0.238483
0.5975,  0.229222
0.5980,  0.222737
0.5985,  0.220040
0.5990,  0.228495
0.5995,  0.236655
0.6000,  0.232305
0.6005,  0.228106
0.6010,  0.230553
0.6015,  0.230209
0.6020,  0.219674
0.6025,  0.207542
0.6030,  0.221167
0.6035,  0.237507
0.6040,  0.234539
0.6045,  0.234386
0.6050,  0.234453
0.6055,  0.228843
0.6060,  0.224210
0.6065,  0.219665
0.6070,  0.219445
0.6075,  0.223118
0.6080,  0.224627
0.6085,  0.226805
0.6090,  0.233291
0.6095,  0.236047
0.6100,  0.226083
0.6105,  0.216345
0.6110,  0.228032
0.6115,  0.238545
0.6120,  0.229315
0.6125,  0.221442
0.6130,  0.219953
0.6135,  0.219269
0.6140,  0.231889
0.6145,  0.246734
0.6150,  0.252563
0.6155,  0.255744
0.6160,  0.231048
0.6165,  0.201565
0.6170,  0.224624
0.6175,  0.247529
0.6180,  0.252540
0.6185,  0.258977
0.6190,  0.257668
0.6195,  0.252976
0.6200,  0.259744
0.6205,  0.265830
0.6210,  0.251573
0.6215,  0.239000
0.6220,  0.246298
0.6225,  0.258214
0.6230,  0.250833
0.6235,  0.247727
0.6240,  0.255240
0.6245,  0.257702
0.6250,  0.252346
0.6255,  0.245360
0.6260,  0.261159
0.6265,  0.276622
0.6270,  0.277514
0.6275,  0.280698
0.6280,  0.285480
0.6285,  0.291966
0.6290,  0.293144
0.6295,  0.291901
0.6300,  0.289379
0.6305,  0.283627
0.6310,  0.274488
0.6315,  0.273693
0.6320,  0.270967
0.6325,  0.269785
0.6330,  0.271576
0.6335,  0.275799
0.6340,  0.281492
0.6345,  0.284689
0.6350,  0.288054
0.6355,  0.289993
0.6360,  0.288994
0.6365,  0.282876
0.6370,  0.274546
0.6375,  0.268787
0.6380,  0.267354
0.6385,  0.269352
0.6390,  0.272077
0.6395,  0.273428
0.6400,  0.274956
0.6405,  0.274689
0.6410,  0.269501
0.6415,  0.269155
0.6420,  0.265964
0.6425,  0.263601
0.6430,  0.262540
0.6435,  0.262876
0.6440,  0.263293
0.6445,  0.271877
0.6450,  0.282495
0.6455,  0.291510
0.6460,  0.301441
0.6465,  0.307704
0.6470,  0.311298
0.6475,  0.311126
0.6480,  0.310776
0.6485,  0.306305
0.6490,  0.301441
0.6495,  0.306170
0.6500,  0.308333
0.6505,  0.314611
0.6510,  0.321273
0.6515,  0.323311
0.6520,  0.324571
0.6525,  0.321650
0.6530,  0.316392
0.6535,  0.303168
0.6540,  0.294248
0.6545,  0.294156
0.6550,  0.305876
0.6555,  0.311914
0.6560,  0.309704
0.6565,  0.297245
0.6570,  0.267324
0.6575,  0.278670
0.6580,  0.288630
0.6585,  0.297481
0.6590,  0.306026
0.6595,  0.299425
0.6600,  0.292491
0.6605,  0.285651
0.6610,  0.281277
0.6615,  0.275005
0.6620,  0.269584
0.6625,  0.267934
0.6630,  0.271664
0.6635,  0.276150
0.6640,  0.283122
0.6645,  0.289706
0.6650,  0.291156
0.6655,  0.286334
0.6660,  0.280044
0.6665,  0.273834
0.6670,  0.270342
0.6675,  0.273865
0.6680,  0.275251
0.6685,  0.281599
0.6690,  0.287969
0.6695,  0.290346
0.6700,  0.292401
0.6705,  0.293588
0.6710,  0.296651
0.6715,  0.299911
0.6720,  0.301303
0.6725,  0.299847
0.6730,  0.297953
0.6735,  0.295046
0.6740,  0.294260
0.6745,  0.293738
0.6750,  0.295434
0.6755,  0.298247
0.6760,  0.302477
0.6765,  0.310386
0.6770,  0.311817
0.6775,  0.310959
0.6780,  0.309092
0.6785,  0.306861
0.6790,  0.304818
0.6795,  0.304065
0.6800,  0.302534
0.6805,  0.301943
0.6810,  0.305350
0.6815,  0.307893
0.6820,  0.314499
0.6825,  0.321462
0.6830,  0.329609
0.6835,  0.333101
0.6840,  0.333074
0.6845,  0.330209
0.6850,  0.331087
0.6855,  0.345078
0.6860,  0.380765
0.6865,  0.432136
0.6870,  0.484708
0.6875,  0.514732
0.6880,  0.523917
0.6885,  0.514560
0.6890,  0.507441
0.6895,  0.499733
0.6900,  0.486595
0.6905,  0.476201
0.6910,  0.462556
0.6915,  0.456092
0.6920,  0.453230
0.6925,  0.452907
0.6930,  0.459815
0.6935,  0.460539
0.6940,  0.459026
0.6945,  0.465620
0.6950,  0.463943
0.6955,  0.455113
0.6960,  0.442910
0.6965,  0.431239
0.6970,  0.422723
0.6975,  0.423518
0.6980,  0.433383
0.6985,  0.444454
0.6990,  0.457153
0.6995,  0.466288
0.7000,  0.464773
0.7005,  0.463093
0.7010,  0.458936
0.7015,  0.461522
0.7020,  0.461561
0.7025,  0.459621
0.7030,  0.455420
0.7035,  0.459330
0.7040,  0.469199
0.7045,  0.475645
0.7050,  0.481738
0.7055,  0.482203
0.7060,  0.478346
0.7065,  0.463403
0.7070,  0.456589
0.7075,  0.444112
0.7080,  0.438118
0.7085,  0.434449
0.7090,  0.432422
0.7095,  0.434817
0.7100,  0.443179
0.7105,  0.449000
0.7110,  0.454581
0.7115,  0.455547
0.7120,  0.460213
0.7125,  0.468122
0.7130,  0.469466
0.7135,  0.470402
0.7140,  0.470939
0.7145,  0.470790
0.7150,  0.475608
0.7155,  0.491761
0.7160,  0.529321
0.7165,  0.580263
0.7170,  0.647241
0.7175,  0.715685
0.7180,  0.788878
0.7185,  0.837209
0.7190,  0.867882
0.7195,  0.875234
0.7200,  0.861030
0.7205,  0.827751
0.7210,  0.782914
0.7215,  0.738556
0.7220,  0.714186
0.7225,  0.716956
0.7230,  0.739787
0.7235,  0.769105
0.7240,  0.798991
0.7245,  0.817664
0.7250,  0.825104
0.7255,  0.831303
0.7260,  0.835207
0.7265,  0.835497
0.7270,  0.835498
0.7275,  0.823044
0.7280,  0.823972
0.7285,  0.826614
0.7290,  0.821710
0.7295,  0.817067
0.7300,  0.813195
0.7305,  0.801310
0.7310,  0.781819
0.7315,  0.754458
0.7320,  0.722011
0.7325,  0.685328
0.7330,  0.656528
0.7335,  0.635005
0.7340,  0.615061
0.7345,  0.607224
0.7350,  0.605958
0.7355,  0.604552
0.7360,  0.607921
0.7365,  0.603128
0.7370,  0.589267
0.7375,  0.574912
0.7380,  0.566065
0.7385,  0.567311
0.7390,  0.570613
0.7395,  0.573396
0.7400,  0.569596
0.7405,  0.567353
0.7410,  0.557416
0.7415,  0.560721
0.7420,  0.561237
0.7425,  0.565633
0.7430,  0.571713
0.7435,  0.577684
0.7440,  0.577066
0.7445,  0.580631
0.7450,  0.580183
0.7455,  0.581155
0.7460,  0.578531
0.7465,  0.577474
0.7470,  0.575292
0.7475,  0.567830
0.7480,  0.564698
0.7485,  0.569614
0.7490,  0.580451
0.7495,  0.591120
0.7500,  0.599628
0.7505,  0.603397
0.7510,  0.604347
0.7515,  0.599339
0.7520,  0.600014
0.7525,  0.596520
0.7530,  0.587794
0.7535,  0.580366
0.7540,  0.575661
0.7545,  0.575914
0.7550,  0.584451
0.7555,  0.592931
0.7560,  0.601114
0.7565,  0.606679
0.7570,  0.606609
0.7575,  0.616505
0.7580,  0.643246
0.7585,  0.722054
0.7590,  0.876497
0.7595,  1.148005
0.7600,  1.576501
0.7605,  2.129271
0.7610,  2.610155
0.7615,  2.775133
0.7620,  2.649717
0.7625,  2.514084
0.7630,  2.413374
0.7635,  2.236821
0.7640,  1.980689
0.7645,  1.738700
0.7650,  1.530796
0.7655,  1.373215
0.7660,  1.226129
0.7665,  1.107392
0.7670,  1.024095
0.7675,  0.956271
0.7680,  0.895827
0.7685,  0.857569
0.7690,  0.829014
0.7695,  0.794910
0.7700,  0.766803
0.7705,  0.753486
0.7710,  0.742428
0.7715,  0.740850
0.7720,  0.749467
0.7725,  0.751323
0.7730,  0.760384
0.7735,  0.766160
0.7740,  0.759986
0.7745,  0.746691
0.7750,  0.725532
0.7755,  0.706652
0.7760,  0.699622
0.7765,  0.716001
0.7770,  0.723974
0.7775,  0.732773
0.7780,  0.737058
0.7785,  0.747493
0.7790,  0.736201
0.7795,  0.741493
0.7800,  0.749154
0.7805,  0.743772
0.7810,  0.741706
0.7815,  0.742275
0.7820,  0.737257
0.7825,  0.727142
0.7830,  0.731348
0.7835,  0.753119
0.7840,  0.752293
0.7845,  0.767173
0.7850,  0.776679
0.7855,  0.791941
0.7860,  0.802176
0.7865,  0.813817
0.7870,  0.815544
0.7875,  0.821459
0.7880,  0.839314
0.7885,  0.856379
0.7890,  0.879962
0.7895,  0.911993
0.7900,  0.936059
0.7905,  0.941196
0.7910,  0.939551
0.7915,  0.935685
0.7920,  0.929855
0.7925,  0.923098
0.7930,  0.925711
0.7935,  0.944556
0.7940,  0.952050
0.7945,  0.965276
0.7950,  0.967170
0.7955,  0.985486
0.7960,  1.001420
0.7965,  1.012208
0.7970,  1.009896
0.7975,  0.994123
0.7980,  0.985676
0.7985,  0.991263
0.7990,  1.007141
0.7995,  1.024819
0.8000,  1.036320
0.8005,  1.030669
0.8010,  1.045588
0.8015,  1.043324
0.8020,  1.041774
0.8025,  1.057802
0.8030,  1.071495
0.8035,  1.076929
0.8040,  1.084155
0.8045,  1.088683
0.8050,  1.089272
0.8055,  1.071853
0.8060,  1.056734
0.8065,  1.032798
0.8070,  1.027212
0.8075,  1.030516
0.8080,  1.040697
0.8085,  1.043531
0.8090,  1.050110
0.8095,  1.069125
0.8100,  1.089280
0.8105,  1.137356
0.8110,  1.180834
0.8115,  1.238826
0.8120,  1.296036
0.8125,  1.382467
0.8130,  1.473355
0.8135,  1.568034
0.8140,  1.675857
0.8145,  1.807639
0.8150,  1.952762
0.8155,  2.154782
0.8160,  2.379781
0.8165,  2.595938
0.8170,  2.773088
0.8175,  2.953686
0.8180,  3.093900
0.8185,  2.801274
0.8190,  2.565808
0.8195,  2.277791
0.8200,  2.057235
0.8205,  1.913416
0.8210,  1.877455
0.8215,  1.987069
0.8220,  2.355885
0.8225,  3.257118
0.8230,  3.954751
0.8235,  3.532695
0.8240,  2.734597
0.8245,  2.228014
0.8250,  1.976755
0.8255,  1.872815
0.8260,  1.824929
0.8265,  1.865463
0.8270,  2.002648
0.8275,  2.129116
0.8280,  2.252793
0.8285,  2.448632
0.8290,  2.597585
0.8295,  2.551010
0.8300,  2.352364
0.8305,  2.245836
0.8310,  2.218523
0.8315,  2.184867
0.8320,  2.205455
0.8325,  2.202343
0.8330,  2.163799
0.8335,  2.178946
0.8340,  2.124356
0.8345,  2.038846
0.8350,  1.991330
0.8355,  1.944867
0.8360,  1.884169
0.8365,  1.763426
0.8370,  1.761829
0.8375,  1.795341
0.8380,  1.808305
0.8385,  1.859955
0.8390,  1.868899
0.8395,  1.847378
0.8400,  1.803808
0.8405,  1.771560
0.8410,  1.727930
0.8415,  1.681417
0.8420,  1.665284
0.8425,  1.662560
0.8430,  1.708286
0.8435,  1.771896
0.8440,  1.827832
0.8445,  1.852752
0.8450,  1.815606
0.8455,  1.824745
0.8460,  1.824170
0.8465,  1.873786
0.8470,  1.930346
0.8475,  1.983488
0.8480,  2.119908
0.8485,  2.196528
0.8490,  2.223503
0.8495,  2.270345
0.8500,  2.360017
0.8505,  2.382440
0.8510,  2.495797
0.8515,  2.456784
0.8520,  2.590677
0.8525,  2.905651
0.8530,  3.220537
0.8535,  4.286807
0.8540,  8.180766
0.8545,  4.210564
0.8550,  4.244144
0.8555,  4.113038
0.8560,  3.912181
0.8565,  3.313759
0.8570,  3.297242
0.8575,  3.159237
0.8580,  3.181521
0.8585,  3.537825
0.8590,  3.783381
0.8595,  3.853539
0.8600,  3.929543
0.8605,  3.866080
0.8610,  3.299014
0.8615,  3.085489
0.8620,  3.032646
0.8625,  3.092139
0.8630,  3.228092
0.8635,  4.272512
0.8640,  5.959876
0.8645,  Infinity
0.8650,  Infinity
0.8655,  Infinity
0.8660,  Infinity
0.8665,  Infinity
0.8670,  5.719733
0.8675,  5.025455
0.8680,  6.085437
0.8685,  Infinity
0.8690,  Infinity
0.8695,  Infinity
0.8700,  Infinity
0.8705,  Infinity
0.8710,  Infinity
0.8715,  4.291496
0.8720,  3.530228
0.8725,  3.542663
0.8730,  4.647392
0.8735,  7.758225
0.8740,  Infinity
0.8745,  Infinity
0.8750,  Infinity
0.8755,  Infinity
0.8760,  Infinity
0.8765,  Infinity
0.8770,  Infinity
0.8775,  Infinity
0.8780,  Infinity
0.8785,  3.955240
0.8790,  3.375384
0.8795,  3.504659
0.8800,  3.948247
0.8805,  4.756363
0.8810,  Infinity
0.8815,  Infinity
0.8820,  Infinity
0.8825,  Infinity
0.8830,  Infinity
0.8835,  6.195768
0.8840,  4.661149
0.8845,  4.636392
0.8850,  5.589230
0.8855,  5.408139
0.8860,  Infinity
0.8865,  Infinity
0.8870,  Infinity
0.8875,  Infinity
0.8880,  Infinity
0.8885,  4.605907
0.8890,  3.615523
0.8895,  3.793018
0.8900,  4.600854
