0.3500,  0.007435
0.3505,  0.063918
0.3510,  0.043328
0.3515,  0.022672
0.3520,  -0.006196
0.3525,  -0.039628
0.3530,  -0.007841
0.3535,  0.025342
0.3540,  0.035916
0.3545,  0.056825
0.3550,  0.036992
0.3555,  0.025542
0.3560,  -0.004846
0.3565,  -0.036735
0.3570,  -0.065755
0.3575,  -0.102946
0.3580,  -0.138258
0.3585,  -0.185539
0.3590,  -0.041759
0.3595,  0.074771
0.3600,  0.066235
0.3605,  0.052581
0.3610,  0.010638
0.3615,  -0.029900
0.3620,  0.003988
0.3625,  0.042534
0.3630,  0.030674
0.3635,  0.018808
0.3640,  0.012723
0.3645,  0.000574
0.3650,  0.027752
0.3655,  0.052248
0.3660,  0.061451
0.3665,  0.074530
0.3670,  0.050664
0.3675,  0.029788
0.3680,  0.001177
0.3685,  -0.028530
0.3690,  0.008436
0.3695,  0.047785
0.3700,  0.023559
0.3705,  -0.003194
0.3710,  0.012924
0.3715,  0.035598
0.3720,  0.013775
0.3725,  -0.007840
0.3730,  -0.033573
0.3735,  -0.065081
0.3740,  -0.058515
0.3745,  -0.057668
0.3750,  0.007353
0.3755,  0.062708
0.3760,  0.058302
0.3765,  0.047599
0.3770,  0.090610
0.3775,  0.127269
0.3780,  0.120832
0.3785,  0.121635
0.3790,  0.040408
0.3795,  -0.047735
0.3800,  -0.001705
0.3805,  0.046926
0.3810,  0.024911
0.3815,  0.014256
0.3820,  -0.054977
0.3825,  -0.142813
0.3830,  -0.161661
0.3835,  -0.196588
0.3840,  -0.059330
0.3845,  0.046649
0.3850,  0.055037
0.3855,  0.065173
0.3860,  0.051779
0.3865,  0.042540
0.3870,  0.043039
0.3875,  0.040665
0.3880,  0.023721
0.3885,  0.002783
0.3890,  0.053108
0.3895,  0.091795
0.3900,  0.092811
0.3905,  0.096271
0.3910,  0.109793
0.3915,  0.132155
0.3920,  0.049586
0.3925,  -0.031807
0.3930,  -0.178617
0.3935,  -0.386981
0.3940,  -0.138841
0.3945,  0.039230
0.3950,  0.130194
0.3955,  0.212314
0.3960,  0.077642
0.3965,  -0.094390
0.3970,  -0.077872
0.3975,  -0.076608
0.3980,  0.087175
0.3985,  0.198620
0.3990,  0.181149
0.3995,  0.169126
0.4000,  0.138302
0.4005,  0.112138
0.4010,  0.101821
0.4015,  0.097234
0.4020,  0.085910
0.4025,  0.081405
0.4030,  0.063955
0.4035,  0.046034
0.4040,  0.042591
0.4045,  0.041550
0.4050,  0.040572
0.4055,  0.040453
0.4060,  0.025881
0.4065,  0.013112
0.4070,  0.023477
0.4075,  0.031445
0.4080,  0.053942
0.4085,  0.074919
0.4090,  0.069195
0.4095,  0.065120
0.4100,  0.026372
0.4105,  -0.019925
0.4110,  0.037913
0.4115,  0.089353
0.4120,  0.074374
0.4125,  0.059857
0.4130,  0.047520
0.4135,  0.037044
0.4140,  0.030583
0.4145,  0.024804
0.4150,  0.023564
0.4155,  0.022873
0.4160,  0.043843
0.4165,  0.068883
0.4170,  0.039347
0.4175,  0.003793
0.4180,  0.011255
0.4185,  0.021174
0.4190,  0.028240
0.4195,  0.030322
0.4200,  0.040931
0.4205,  0.050093
0.4210,  0.055386
0.4215,  0.063242
0.4220,  0.024719
0.4225,  -0.018455
0.4230,  0.013239
0.4235,  0.043053
0.4240,  0.053222
0.4245,  0.064370
0.4250,  0.052364
0.4255,  0.039704
0.4260,  0.044220
0.4265,  0.051987
0.4270,  0.024615
0.4275,  0.000395
0.4280,  0.012350
0.4285,  0.024550
0.4290,  0.012506
0.4295,  0.003235
0.4300,  -0.067531
0.4305,  -0.158822
0.4310,  0.003068
0.4315,  0.122230
0.4320,  0.095303
0.4325,  0.068216
0.4330,  0.072837
0.4335,  0.080053
0.4340,  0.058748
0.4345,  0.036522
0.4350,  0.038682
0.4355,  0.040682
0.4360,  0.074653
0.4365,  0.108446
0.4370,  0.082481
0.4375,  0.061363
0.4380,  0.019628
0.4385,  -0.030055
0.4390,  0.027590
0.4395,  0.079570
0.4400,  0.054809
0.4405,  0.026406
0.4410,  0.062445
0.4415,  0.093968
0.4420,  0.093501
0.4425,  0.093193
0.4430,  0.072494
0.4435,  0.054213
0.4440,  0.063156
0.4445,  0.073659
0.4450,  0.044775
0.4455,  0.013964
0.4460,  0.028125
0.4465,  0.040303
0.4470,  0.071621
0.4475,  0.099041
0.4480,  0.075578
0.4485,  0.049627
0.4490,  0.050701
0.4495,  0.053609
0.4500,  0.068928
0.4505,  0.081334
0.4510,  0.071768
0.4515,  0.066530
0.4520,  0.041106
0.4525,  0.018533
0.4530,  0.030287
0.4535,  0.039822
0.4540,  0.046166
0.4545,  0.047360
0.4550,  0.053296
0.4555,  0.059717
0.4560,  0.062776
0.4565,  0.067326
0.4570,  0.071311
0.4575,  0.075696
0.4580,  0.055047
0.4585,  0.034562
0.4590,  0.045772
0.4595,  0.053362
0.4600,  0.057286
0.4605,  0.060289
0.4610,  0.060507
0.4615,  0.059166
0.4620,  0.065116
0.4625,  0.071549
0.4630,  0.058507
0.4635,  0.051114
0.4640,  0.045165
0.4645,  0.037389
0.4650,  0.055625
0.4655,  0.074391
0.4660,  0.056446
0.4665,  0.038902
0.4670,  0.062916
0.4675,  0.080213
0.4680,  0.075275
0.4685,  0.071342
0.4690,  0.072894
0.4695,  0.077853
0.4700,  0.060587
0.4705,  0.038098
0.4710,  0.064340
0.4715,  0.088811
0.4720,  0.089315
0.4725,  0.090089
0.4730,  0.081257
0.4735,  0.070662
0.4740,  0.078198
0.4745,  0.087598
0.4750,  0.081213
0.4755,  0.076513
0.4760,  0.067893
0.4765,  0.058050
0.4770,  0.079474
0.4775,  0.099786
0.4780,  0.085980
0.4785,  0.072621
0.4790,  0.084359
0.4795,  0.095640
0.4800,  0.087386
0.4805,  0.080283
0.4810,  0.087901
0.4815,  0.095711
0.4820,  0.085553
0.4825,  0.080082
0.4830,  0.083525
0.4835,  0.087616
0.4840,  0.086493
0.4845,  0.088721
0.4850,  0.076573
0.4855,  0.066165
0.4860,  0.039568
0.4865,  0.001906
0.4870,  0.046379
0.4875,  0.083377
0.4880,  0.092950
0.4885,  0.100946
0.4890,  0.099209
0.4895,  0.098679
0.4900,  0.101541
0.4905,  0.107832
0.4910,  0.087532
0.4915,  0.069436
0.4920,  0.072149
0.4925,  0.072486
0.4930,  0.068040
0.4935,  0.061415
0.4940,  0.089244
0.4945,  0.116429
0.4950,  0.089169
0.4955,  0.062741
0.4960,  0.080437
0.4965,  0.095603
0.4970,  0.097018
0.4975,  0.101412
0.4980,  0.076358
0.4985,  0.049503
0.4990,  0.071975
0.4995,  0.094546
0.5000,  0.078043
0.5005,  0.060808
0.5010,  0.055357
0.5015,  0.047058
0.5020,  0.063812
0.5025,  0.079776
0.5030,  0.087601
0.5035,  0.094166
0.5040,  0.080450
0.5045,  0.063648
0.5050,  0.081431
0.5055,  0.099353
0.5060,  0.089658
0.5065,  0.083096
0.5070,  0.075974
0.5075,  0.068140
0.5080,  0.070818
0.5085,  0.071250
0.5090,  0.069507
0.5095,  0.068130
0.5100,  0.072934
0.5105,  0.077848
0.5110,  0.087035
0.5115,  0.095847
0.5120,  0.073386
0.5125,  0.053407
0.5130,  0.058339
0.5135,  0.060685
0.5140,  0.067207
0.5145,  0.070670
0.5150,  0.078190
0.5155,  0.091912
0.5160,  0.059206
0.5165,  0.024312
0.5170,  0.047508
0.5175,  0.066207
0.5180,  0.050772
0.5185,  0.029419
0.5190,  0.059603
0.5195,  0.088807
0.5200,  0.081306
0.5205,  0.072947
0.5210,  0.081857
0.5215,  0.092696
0.5220,  0.073549
0.5225,  0.055000
0.5230,  0.067192
0.5235,  0.075272
0.5240,  0.083103
0.5245,  0.093175
0.5250,  0.089847
0.5255,  0.090105
0.5260,  0.047789
0.5265,  0.001734
0.5270,  0.038323
0.5275,  0.066543
0.5280,  0.072614
0.5285,  0.076971
0.5290,  0.074226
0.5295,  0.073252
0.5300,  0.074364
0.5305,  0.077973
0.5310,  0.080241
0.5315,  0.085969
0.5320,  0.055689
0.5325,  0.020891
0.5330,  0.053683
0.5335,  0.083783
0.5340,  0.069174
0.5345,  0.052378
0.5350,  0.074012
0.5355,  0.096461
0.5360,  0.074582
0.5365,  0.053410
0.5370,  0.056169
0.5375,  0.059828
0.5380,  0.066929
0.5385,  0.074369
0.5390,  0.065082
0.5395,  0.056626
0.5400,  0.047903
0.5405,  0.037381
0.5410,  0.060005
0.5415,  0.080801
0.5420,  0.067995
0.5425,  0.054310
0.5430,  0.063052
0.5435,  0.071902
0.5440,  0.069574
0.5445,  0.068370
0.5450,  0.072768
0.5455,  0.076333
0.5460,  0.073604
0.5465,  0.070648
0.5470,  0.064259
0.5475,  0.056898
0.5480,  0.062840
0.5485,  0.067158
0.5490,  0.072027
0.5495,  0.078112
0.5500,  0.072211
0.5505,  0.065920
0.5510,  0.067522
0.5515,  0.069070
0.5520,  0.064334
0.5525,  0.059362
0.5530,  0.066064
0.5535,  0.073355
0.5540,  0.076048
0.5545,  0.078880
0.5550,  0.080132
0.5555,  0.083004
0.5560,  0.071277
0.5565,  0.059815
0.5570,  0.067782
0.5575,  0.077783
0.5580,  0.071573
0.5585,  0.064266
0.5590,  0.068799
0.5595,  0.071480
0.5600,  0.074317
0.5605,  0.077496
0.5610,  0.072671
0.5615,  0.068240
0.5620,  0.072376
0.5625,  0.078166
0.5630,  0.082243
0.5635,  0.086368
0.5640,  0.087097
0.5645,  0.088397
0.5650,  0.080127
0.5655,  0.069142
0.5660,  0.072845
0.5665,  0.075682
0.5670,  0.085428
0.5675,  0.097104
0.5680,  0.083307
0.5685,  0.070429
0.5690,  0.084788
0.5695,  0.099398
0.5700,  0.085238
0.5705,  0.066457
0.5710,  0.073155
0.5715,  0.077135
0.5720,  0.085630
0.5725,  0.093660
0.5730,  0.088397
0.5735,  0.086111
0.5740,  0.086606
0.5745,  0.087000
0.5750,  0.079564
0.5755,  0.070631
0.5760,  0.073048
0.5765,  0.077024
0.5770,  0.079945
0.5775,  0.084843
0.5780,  0.072134
0.5785,  0.058257
0.5790,  0.066313
0.5795,  0.071920
0.5800,  0.070309
0.5805,  0.069292
0.5810,  0.070080
0.5815,  0.071264
0.5820,  0.074075
0.5825,  0.075773
0.5830,  0.071251
0.5835,  0.068948
0.5840,  0.071486
0.5845,  0.075774
0.5850,  0.064987
0.5855,  0.052533
0.5860,  0.064069
0.5865,  0.075028
0.5870,  0.082950
0.5875,  0.096688
0.5880,  0.091976
0.5885,  0.084231
0.5890,  0.061631
0.5895,  0.032311
0.5900,  0.073992
0.5905,  0.112057
0.5910,  0.102253
0.5915,  0.093288
0.5920,  0.093280
0.5925,  0.094061
0.5930,  0.089606
0.5935,  0.089486
0.5940,  0.086684
0.5945,  0.082909
0.5950,  0.084060
0.5955,  0.083793
0.5960,  0.085825
0.5965,  0.089711
0.5970,  0.083701
0.5975,  0.079215
0.5980,  0.075004
0.5985,  0.071856
0.5990,  0.078716
0.5995,  0.084993
0.6000,  0.081147
0.6005,  0.078190
0.6010,  0.079562
0.6015,  0.079138
0.6020,  0.069879
0.6025,  0.058686
0.6030,  0.070258
0.6035,  0.082395
0.6040,  0.081126
0.6045,  0.082296
0.6050,  0.082430
0.6055,  0.078586
0.6060,  0.075208
0.6065,  0.072927
0.6070,  0.073037
0.6075,  0.076112
0.6080,  0.076847
0.6085,  0.076692
0.6090,  0.080755
0.6095,  0.082662
0.6100,  0.074145
0.6105,  0.065560
0.6110,  0.074703
0.6115,  0.084049
0.6120,  0.076107
0.6125,  0.069813
0.6130,  0.069201
0.6135,  0.067990
0.6140,  0.076851
0.6145,  0.086687
0.6150,  0.090244
0.6155,  0.091366
0.6160,  0.068501
0.6165,  0.043072
0.6170,  0.063993
0.6175,  0.085518
0.6180,  0.091040
0.6185,  0.094108
0.6190,  0.090787
0.6195,  0.085554
0.6200,  0.090672
0.6205,  0.096646
0.6210,  0.087887
0.6215,  0.077282
0.6220,  0.083090
0.6225,  0.091406
0.6230,  0.084869
0.6235,  0.080286
0.6240,  0.083986
0.6245,  0.084170
0.6250,  0.079568
0.6255,  0.073265
0.6260,  0.086484
0.6265,  0.099205
0.6270,  0.100160
0.6275,  0.102832
0.6280,  0.106401
0.6285,  0.109148
0.6290,  0.109418
0.6295,  0.108163
0.6300,  0.103684
0.6305,  0.096608
0.6310,  0.088931
0.6315,  0.086073
0.6320,  0.081741
0.6325,  0.082693
0.6330,  0.086804
0.6335,  0.089698
0.6340,  0.091482
0.6345,  0.093322
0.6350,  0.095500
0.6355,  0.095223
0.6360,  0.092376
0.6365,  0.090095
0.6370,  0.086436
0.6375,  0.084835
0.6380,  0.085887
0.6385,  0.088826
0.6390,  0.091834
0.6395,  0.091066
0.6400,  0.090456
0.6405,  0.086385
0.6410,  0.081558
0.6415,  0.081274
0.6420,  0.079256
0.6425,  0.078307
0.6430,  0.077919
0.6435,  0.078198
0.6440,  0.079533
0.6445,  0.086346
0.6450,  0.094566
0.6455,  0.097757
0.6460,  0.099833
0.6465,  0.099848
0.6470,  0.097723
0.6475,  0.094096
0.6480,  0.090724
0.6485,  0.087668
0.6490,  0.085280
0.6495,  0.089785
0.6500,  0.094076
0.6505,  0.099128
0.6510,  0.103675
0.6515,  0.101628
0.6520,  0.099988
0.6525,  0.095927
0.6530,  0.090909
0.6535,  0.081951
0.6540,  0.080416
0.6545,  0.086552
0.6550,  0.097731
0.6555,  0.099451
0.6560,  0.091722
0.6565,  0.067125
0.6570,  0.035562
0.6575,  0.042727
0.6580,  0.051679
0.6585,  0.063447
0.6590,  0.078118
0.6595,  0.074352
0.6600,  0.070577
0.6605,  0.065544
0.6610,  0.064044
0.6615,  0.061746
0.6620,  0.061010
0.6625,  0.063642
0.6630,  0.065106
0.6635,  0.066622
0.6640,  0.065196
0.6645,  0.066539
0.6650,  0.067261
0.6655,  0.064730
0.6660,  0.062639
0.6665,  0.060708
0.6670,  0.056669
0.6675,  0.058569
0.6680,  0.058770
0.6685,  0.060156
0.6690,  0.061935
0.6695,  0.061046
0.6700,  0.061003
0.6705,  0.061693
0.6710,  0.061526
0.6715,  0.064387
0.6720,  0.063270
0.6725,  0.060550
0.6730,  0.057960
0.6735,  0.053566
0.6740,  0.051394
0.6745,  0.049730
0.6750,  0.050051
0.6755,  0.053520
0.6760,  0.056605
0.6765,  0.059243
0.6770,  0.061545
0.6775,  0.060566
0.6780,  0.057969
0.6785,  0.055316
0.6790,  0.053583
0.6795,  0.052396
0.6800,  0.050693
0.6805,  0.049612
0.6810,  0.051688
0.6815,  0.055629
0.6820,  0.060425
0.6825,  0.064506
0.6830,  0.067855
0.6835,  0.070759
0.6840,  0.071892
0.6845,  0.068638
0.6850,  0.072488
0.6855,  0.090602
0.6860,  0.118153
0.6865,  0.145918
0.6870,  0.165998
0.6875,  0.167001
0.6880,  0.166159
0.6885,  0.161703
0.6890,  0.157807
0.6895,  0.152505
0.6900,  0.146147
0.6905,  0.134707
0.6910,  0.125811
0.6915,  0.119345
0.6920,  0.115575
0.6925,  0.115231
0.6930,  0.117983
0.6935,  0.116245
0.6940,  0.116573
0.6945,  0.116707
0.6950,  0.115217
0.6955,  0.109655
0.6960,  0.102555
0.6965,  0.096944
0.6970,  0.089811
0.6975,  0.090321
0.6980,  0.091909
0.6985,  0.097061
0.6990,  0.102682
0.6995,  0.101999
0.7000,  0.100657
0.7005,  0.101576
0.7010,  0.102310
0.7015,  0.106443
0.7020,  0.106542
0.7025,  0.106574
0.7030,  0.102909
0.7035,  0.103283
0.7040,  0.103785
0.7045,  0.104479
0.7050,  0.107308
0.7055,  0.105459
0.7060,  0.103800
0.7065,  0.100577
0.7070,  0.100401
0.7075,  0.096647
0.7080,  0.091533
0.7085,  0.087778
0.7090,  0.085243
0.7095,  0.085089
0.7100,  0.083521
0.7105,  0.081695
0.7110,  0.084228
0.7115,  0.085688
0.7120,  0.087740
0.7125,  0.089871
0.7130,  0.090644
0.7135,  0.092483
0.7140,  0.096703
0.7145,  0.102620
0.7150,  0.111969
0.7155,  0.124290
0.7160,  0.145343
0.7165,  0.169898
0.7170,  0.196480
0.7175,  0.216949
0.7180,  0.235572
0.7185,  0.248230
0.7190,  0.252010
0.7195,  0.253728
0.7200,  0.243543
0.7205,  0.224050
0.7210,  0.201263
0.7215,  0.181194
0.7220,  0.178845
0.7225,  0.187208
0.7230,  0.201232
0.7235,  0.212675
0.7240,  0.224431
0.7245,  0.228682
0.7250,  0.231539
0.7255,  0.228558
0.7260,  0.225840
0.7265,  0.225549
0.7270,  0.225042
0.7275,  0.221884
0.7280,  0.222694
0.7285,  0.215257
0.7290,  0.209189
0.7295,  0.207222
0.7300,  0.205147
0.7305,  0.202545
0.7310,  0.197518
0.7315,  0.185036
0.7320,  0.171522
0.7325,  0.158793
0.7330,  0.147891
0.7335,  0.132507
0.7340,  0.122268
0.7345,  0.116071
0.7350,  0.114046
0.7355,  0.114056
0.7360,  0.113645
0.7365,  0.109725
0.7370,  0.109454
0.7375,  0.107133
0.7380,  0.103388
0.7385,  0.099901
0.7390,  0.096883
0.7395,  0.094156
0.7400,  0.087768
0.7405,  0.083055
0.7410,  0.077709
0.7415,  0.080050
0.7420,  0.082650
0.7425,  0.083781
0.7430,  0.088138
0.7435,  0.086041
0.7440,  0.084426
0.7445,  0.082123
0.7450,  0.076742
0.7455,  0.072421
0.7460,  0.070834
0.7465,  0.074667
0.7470,  0.080290
0.7475,  0.078230
0.7480,  0.078834
0.7485,  0.078617
0.7490,  0.077572
0.7495,  0.081045
0.7500,  0.086010
0.7505,  0.086807
0.7510,  0.086415
0.7515,  0.082276
0.7520,  0.080169
0.7525,  0.078969
0.7530,  0.076176
0.7535,  0.068774
0.7540,  0.065113
0.7545,  0.067335
0.7550,  0.073638
0.7555,  0.076290
0.7560,  0.078888
0.7565,  0.080170
0.7570,  0.082372
0.7575,  0.091111
0.7580,  0.112091
0.7585,  0.161849
0.7590,  0.252572
0.7595,  0.369600
0.7600,  0.495113
0.7605,  0.567592
0.7610,  0.579105
0.7615,  0.560943
0.7620,  0.542190
0.7625,  0.528301
0.7630,  0.510275
0.7635,  0.478575
0.7640,  0.437775
0.7645,  0.385893
0.7650,  0.334991
0.7655,  0.283449
0.7660,  0.230639
0.7665,  0.185954
0.7670,  0.149645
0.7675,  0.127342
0.7680,  0.115543
0.7685,  0.107970
0.7690,  0.104716
0.7695,  0.099861
0.7700,  0.089492
0.7705,  0.083011
0.7710,  0.079375
0.7715,  0.074488
0.7720,  0.075518
0.7725,  0.073029
0.7730,  0.075923
0.7735,  0.076758
0.7740,  0.078982
0.7745,  0.076628
0.7750,  0.079088
0.7755,  0.079432
0.7760,  0.074453
0.7765,  0.072050
0.7770,  0.074787
0.7775,  0.075424
0.7780,  0.073376
0.7785,  0.076050
0.7790,  0.073046
0.7795,  0.071727
0.7800,  0.073315
0.7805,  0.071628
0.7810,  0.067992
0.7815,  0.068662
0.7820,  0.069335
0.7825,  0.070815
0.7830,  0.073765
0.7835,  0.071740
0.7840,  0.073153
0.7845,  0.070397
0.7850,  0.069693
0.7855,  0.067756
0.7860,  0.064374
0.7865,  0.068682
0.7870,  0.072947
0.7875,  0.078814
0.7880,  0.082064
0.7885,  0.085712
0.7890,  0.089879
0.7895,  0.089885
0.7900,  0.090020
0.7905,  0.091657
0.7910,  0.092269
0.7915,  0.093943
0.7920,  0.096930
0.7925,  0.092917
0.7930,  0.087631
0.7935,  0.086262
0.7940,  0.080427
0.7945,  0.078655
0.7950,  0.076529
0.7955,  0.080499
0.7960,  0.088812
0.7965,  0.094582
0.7970,  0.095788
0.7975,  0.094001
0.7980,  0.087328
0.7985,  0.081202
0.7990,  0.078757
0.7995,  0.080333
0.8000,  0.087099
0.8005,  0.089014
0.8010,  0.091013
0.8015,  0.086399
0.8020,  0.085550
0.8025,  0.086599
0.8030,  0.091938
0.8035,  0.093415
0.8040,  0.094398
0.8045,  0.088937
0.8050,  0.087045
0.8055,  0.085550
0.8060,  0.082798
0.8065,  0.077627
0.8070,  0.078100
0.8075,  0.080541
0.8080,  0.081248
0.8085,  0.081727
0.8090,  0.083261
0.8095,  0.087809
0.8100,  0.095631
0.8105,  0.099953
0.8110,  0.102727
0.8115,  0.110704
0.8120,  0.125231
0.8125,  0.141099
0.8130,  0.160951
0.8135,  0.177559
0.8140,  0.193115
0.8145,  0.206271
0.8150,  0.227445
0.8155,  0.242501
0.8160,  0.246627
0.8165,  0.250178
0.8170,  0.250640
0.8175,  0.244715
0.8180,  0.230749
0.8185,  0.215696
0.8190,  0.199194
0.8195,  0.194409
0.8200,  0.182380
0.8205,  0.168045
0.8210,  0.174523
0.8215,  0.200442
0.8220,  0.231227
0.8225,  0.248970
0.8230,  0.239652
0.8235,  0.212330
0.8240,  0.181136
0.8245,  0.161142
0.8250,  0.155153
0.8255,  0.149264
0.8260,  0.154229
0.8265,  0.153666
0.8270,  0.160093
0.8275,  0.168804
0.8280,  0.179449
0.8285,  0.185431
0.8290,  0.182321
0.8295,  0.175805
0.8300,  0.167821
0.8305,  0.162596
0.8310,  0.155151
0.8315,  0.150249
0.8320,  0.145154
0.8325,  0.145222
0.8330,  0.140059
0.8335,  0.134747
0.8340,  0.127173
0.8345,  0.128174
0.8350,  0.124505
0.8355,  0.119340
0.8360,  0.109469
0.8365,  0.104351
0.8370,  0.102138
0.8375,  0.099763
0.8380,  0.091433
0.8385,  0.087047
0.8390,  0.081946
0.8395,  0.080091
0.8400,  0.081573
0.8405,  0.076532
0.8410,  0.072754
0.8415,  0.077080
0.8420,  0.069553
0.8425,  0.070492
0.8430,  0.070284
0.8435,  0.067991
0.8440,  0.060006
0.8445,  0.061567
0.8450,  0.064655
0.8455,  0.064964
0.8460,  0.065734
0.8465,  0.066805
0.8470,  0.070514
0.8475,  0.073966
0.8480,  0.072506
0.8485,  0.061028
0.8490,  0.054232
0.8495,  0.045291
0.8500,  0.030386
0.8505,  0.038056
0.8510,  0.043932
0.8515,  0.049689
0.8520,  0.058018
0.8525,  0.050986
0.8530,  0.049080
0.8535,  0.047108
0.8540,  0.030235
0.8545,  0.042508
0.8550,  0.044216
0.8555,  0.051998
0.8560,  0.062664
0.8565,  0.059700
0.8570,  0.061194
0.8575,  0.064608
0.8580,  0.067979
0.8585,  0.068901
0.8590,  0.062570
0.8595,  0.053903
0.8600,  0.042820
0.8605,  0.041569
0.8610,  0.040993
0.8615,  0.039546
0.8620,  0.037331
0.8625,  0.044596
0.8630,  0.045057
0.8635,  0.044594
0.8640,  0.054355
0.8645,  0.042001
0.8650,  0.025991
0.8655,  0.018551
0.8660,  0.002714
0.8665,  0.018193
0.8670,  0.035182
0.8675,  0.049085
0.8680,  0.046332
0.8685,  0.046247
0.8690,  0.045838
0.8695,  0.042180
0.8700,  0.049267
0.8705,  0.046135
0.8710,  0.047645
0.8715,  0.046786
0.8720,  0.059839
0.8725,  0.064959
0.8730,  0.060665
0.8735,  0.062741
0.8740,  0.064773
0.8745,  0.062120
0.8750,  0.058488
0.8755,  0.050354
0.8760,  0.046283
0.8765,  0.049377
0.8770,  0.050508
0.8775,  0.052719
0.8780,  0.060017
0.8785,  0.060985
0.8790,  0.060328
0.8795,  0.061421
0.8800,  0.062376
0.8805,  0.053384
0.8810,  0.035731
0.8815,  0.023534
0.8820,  0.018924
0.8825,  0.018792
0.8830,  0.023533
0.8835,  0.022642
0.8840,  0.031683
0.8845,  0.037414
0.8850,  0.044011
0.8855,  0.054324
0.8860,  0.055876
0.8865,  0.053836
0.8870,  0.047419
0.8875,  0.043325
0.8880,  0.034762
0.8885,  0.033171
0.8890,  0.042116
0.8895,  0.054655
0.8900,  0.063579
