0.3500,  0.318414
0.3505,  0.382519
0.3510,  0.361573
0.3515,  0.336305
0.3520,  0.301714
0.3525,  0.270669
0.3530,  0.304903
0.3535,  0.339900
0.3540,  0.355187
0.3545,  0.377102
0.3550,  0.344380
0.3555,  0.323271
0.3560,  0.295138
0.3565,  0.264014
0.3570,  0.233982
0.3575,  0.203851
0.3580,  0.175648
0.3585,  0.125813
0.3590,  0.266676
0.3595,  0.376293
0.3600,  0.361755
0.3605,  0.350487
0.3610,  0.302912
0.3615,  0.246896
0.3620,  0.280467
0.3625,  0.317595
0.3630,  0.307461
0.3635,  0.295890
0.3640,  0.285465
0.3645,  0.262135
0.3650,  0.284596
0.3655,  0.310953
0.3660,  0.320942
0.3665,  0.338416
0.3670,  0.317692
0.3675,  0.297981
0.3680,  0.272840
0.3685,  0.248827
0.3690,  0.297112
0.3695,  0.342832
0.3700,  0.320559
0.3705,  0.292139
0.3710,  0.305553
0.3715,  0.318846
0.3720,  0.288456
0.3725,  0.263628
0.3730,  0.231574
0.3735,  0.195555
0.3740,  0.201318
0.3745,  0.201739
0.3750,  0.260555
0.3755,  0.308019
0.3760,  0.302705
0.3765,  0.288255
0.3770,  0.327354
0.3775,  0.362076
0.3780,  0.359158
0.3785,  0.368431
0.3790,  0.287487
0.3795,  0.198723
0.3800,  0.248981
0.3805,  0.304868
0.3810,  0.292982
0.3815,  0.286918
0.3820,  0.216749
0.3825,  0.124491
0.3830,  0.094541
0.3835,  0.046443
0.3840,  0.171811
0.3845,  0.267172
0.3850,  0.268777
0.3855,  0.273178
0.3860,  0.258303
0.3865,  0.250848
0.3870,  0.252361
0.3875,  0.251292
0.3880,  0.231527
0.3885,  0.204121
0.3890,  0.247141
0.3895,  0.286313
0.3900,  0.289281
0.3905,  0.294574
0.3910,  0.317979
0.3915,  0.356821
0.3920,  0.289677
0.3925,  0.215792
0.3930,  0.069153
0.3935,  -0.154381
0.3940,  0.073954
0.3945,  0.236051
0.3950,  0.321391
0.3955,  0.410361
0.3960,  0.276507
0.3965,  0.098216
0.3970,  0.109027
0.3975,  0.100224
0.3980,  0.253371
0.3985,  0.354777
0.3990,  0.338210
0.3995,  0.335479
0.4000,  0.312091
0.4005,  0.288218
0.4010,  0.280459
0.4015,  0.276831
0.4020,  0.265617
0.4025,  0.264098
0.4030,  0.251559
0.4035,  0.237759
0.4040,  0.235150
0.4045,  0.236085
0.4050,  0.236802
0.4055,  0.236060
0.4060,  0.221044
0.4065,  0.206010
0.4070,  0.213960
0.4075,  0.216727
0.4080,  0.234944
0.4085,  0.258480
0.4090,  0.256143
0.4095,  0.251339
0.4100,  0.204577
0.4105,  0.151789
0.4110,  0.209155
0.4115,  0.261943
0.4120,  0.249096
0.4125,  0.235391
0.4130,  0.225391
0.4135,  0.216742
0.4140,  0.211968
0.4145,  0.207092
0.4150,  0.204243
0.4155,  0.196143
0.4160,  0.212157
0.4165,  0.237567
0.4170,  0.207893
0.4175,  0.175408
0.4180,  0.182926
0.4185,  0.189640
0.4190,  0.197656
0.4195,  0.200828
0.4200,  0.213853
0.4205,  0.223182
0.4210,  0.224915
0.4215,  0.230541
0.4220,  0.189428
0.4225,  0.144799
0.4230,  0.178745
0.4235,  0.207499
0.4240,  0.217922
0.4245,  0.232673
0.4250,  0.218992
0.4255,  0.202995
0.4260,  0.207470
0.4265,  0.215427
0.4270,  0.190883
0.4275,  0.166522
0.4280,  0.176467
0.4285,  0.192372
0.4290,  0.185527
0.4295,  0.181412
0.4300,  0.107319
0.4305,  0.008452
0.4310,  0.162101
0.4315,  0.269520
0.4320,  0.234968
0.4325,  0.205104
0.4330,  0.212153
0.4335,  0.220731
0.4340,  0.199833
0.4345,  0.179635
0.4350,  0.180078
0.4355,  0.178290
0.4360,  0.211649
0.4365,  0.246491
0.4370,  0.222690
0.4375,  0.203890
0.4380,  0.161856
0.4385,  0.109074
0.4390,  0.163697
0.4395,  0.211209
0.4400,  0.182425
0.4405,  0.152759
0.4410,  0.191424
0.4415,  0.224910
0.4420,  0.222046
0.4425,  0.218731
0.4430,  0.196947
0.4435,  0.178853
0.4440,  0.189341
0.4445,  0.204072
0.4450,  0.179342
0.4455,  0.149654
0.4460,  0.163948
0.4465,  0.176032
0.4470,  0.205579
0.4475,  0.230976
0.4480,  0.207368
0.4485,  0.179250
0.4490,  0.178405
0.4495,  0.179871
0.4500,  0.192128
0.4505,  0.206964
0.4510,  0.200861
0.4515,  0.198496
0.4520,  0.176602
0.4525,  0.154211
0.4530,  0.161453
0.4535,  0.168073
0.4540,  0.171415
0.4545,  0.174041
0.4550,  0.181742
0.4555,  0.189064
0.4560,  0.191552
0.4565,  0.195654
0.4570,  0.200692
0.4575,  0.204444
0.4580,  0.180994
0.4585,  0.157744
0.4590,  0.166061
0.4595,  0.170412
0.4600,  0.172619
0.4605,  0.176015
0.4610,  0.176420
0.4615,  0.177013
0.4620,  0.185121
0.4625,  0.193191
0.4630,  0.181412
0.4635,  0.172642
0.4640,  0.165543
0.4645,  0.159020
0.4650,  0.175838
0.4655,  0.193855
0.4660,  0.175360
0.4665,  0.158530
0.4670,  0.179687
0.4675,  0.195140
0.4680,  0.190572
0.4685,  0.188710
0.4690,  0.191089
0.4695,  0.195584
0.4700,  0.177001
0.4705,  0.154233
0.4710,  0.176325
0.4715,  0.199133
0.4720,  0.199006
0.4725,  0.199826
0.4730,  0.190106
0.4735,  0.178225
0.4740,  0.186379
0.4745,  0.197402
0.4750,  0.193510
0.4755,  0.188887
0.4760,  0.177751
0.4765,  0.166138
0.4770,  0.187248
0.4775,  0.205569
0.4780,  0.189095
0.4785,  0.173855
0.4790,  0.185566
0.4795,  0.195816
0.4800,  0.185649
0.4805,  0.176778
0.4810,  0.185518
0.4815,  0.195141
0.4820,  0.184755
0.4825,  0.176922
0.4830,  0.179556
0.4835,  0.184374
0.4840,  0.186013
0.4845,  0.193482
0.4850,  0.185262
0.4855,  0.174121
0.4860,  0.142117
0.4865,  0.097592
0.4870,  0.138360
0.4875,  0.175235
0.4880,  0.183410
0.4885,  0.188399
0.4890,  0.187035
0.4895,  0.188011
0.4900,  0.192911
0.4905,  0.203813
0.4910,  0.185864
0.4915,  0.166205
0.4920,  0.166565
0.4925,  0.164886
0.4930,  0.160045
0.4935,  0.153147
0.4940,  0.180720
0.4945,  0.210444
0.4950,  0.183398
0.4955,  0.156449
0.4960,  0.174052
0.4965,  0.191380
0.4970,  0.194686
0.4975,  0.199325
0.4980,  0.173393
0.4985,  0.145661
0.4990,  0.169183
0.4995,  0.193265
0.5000,  0.176960
0.5005,  0.158429
0.5010,  0.152447
0.5015,  0.142892
0.5020,  0.158215
0.5025,  0.173978
0.5030,  0.182146
0.5035,  0.188327
0.5040,  0.174620
0.5045,  0.157895
0.5050,  0.177054
0.5055,  0.197351
0.5060,  0.188247
0.5065,  0.182035
0.5070,  0.173999
0.5075,  0.164496
0.5080,  0.166014
0.5085,  0.166751
0.5090,  0.165046
0.5095,  0.163701
0.5100,  0.167862
0.5105,  0.171574
0.5110,  0.180251
0.5115,  0.189929
0.5120,  0.168718
0.5125,  0.149115
0.5130,  0.153370
0.5135,  0.155547
0.5140,  0.160921
0.5145,  0.164538
0.5150,  0.175381
0.5155,  0.193181
0.5160,  0.162811
0.5165,  0.126633
0.5170,  0.146426
0.5175,  0.159746
0.5180,  0.140687
0.5185,  0.116573
0.5190,  0.145651
0.5195,  0.173614
0.5200,  0.166478
0.5205,  0.159693
0.5210,  0.169562
0.5215,  0.182182
0.5220,  0.165064
0.5225,  0.145540
0.5230,  0.155782
0.5235,  0.164125
0.5240,  0.172903
0.5245,  0.185774
0.5250,  0.186490
0.5255,  0.191217
0.5260,  0.150865
0.5265,  0.100940
0.5270,  0.131821
0.5275,  0.156198
0.5280,  0.161262
0.5285,  0.165773
0.5290,  0.164647
0.5295,  0.163774
0.5300,  0.167201
0.5305,  0.173357
0.5310,  0.179255
0.5315,  0.188013
0.5320,  0.157038
0.5325,  0.119987
0.5330,  0.151133
0.5335,  0.179298
0.5340,  0.161829
0.5345,  0.144293
0.5350,  0.166715
0.5355,  0.190806
0.5360,  0.169051
0.5365,  0.147396
0.5370,  0.149808
0.5375,  0.153482
0.5380,  0.160585
0.5385,  0.169705
0.5390,  0.161822
0.5395,  0.154065
0.5400,  0.144423
0.5405,  0.132266
0.5410,  0.154253
0.5415,  0.174952
0.5420,  0.161340
0.5425,  0.148038
0.5430,  0.156625
0.5435,  0.163956
0.5440,  0.161650
0.5445,  0.160801
0.5450,  0.165507
0.5455,  0.168336
0.5460,  0.166647
0.5465,  0.163024
0.5470,  0.155339
0.5475,  0.146265
0.5480,  0.150487
0.5485,  0.153976
0.5490,  0.159432
0.5495,  0.166734
0.5500,  0.160487
0.5505,  0.153288
0.5510,  0.155707
0.5515,  0.158697
0.5520,  0.155493
0.5525,  0.150640
0.5530,  0.156863
0.5535,  0.162962
0.5540,  0.165819
0.5545,  0.169123
0.5550,  0.172198
0.5555,  0.175517
0.5560,  0.163715
0.5565,  0.153191
0.5570,  0.161659
0.5575,  0.170459
0.5580,  0.160949
0.5585,  0.149708
0.5590,  0.152980
0.5595,  0.155109
0.5600,  0.158963
0.5605,  0.165424
0.5610,  0.162886
0.5615,  0.157926
0.5620,  0.161993
0.5625,  0.167482
0.5630,  0.170697
0.5635,  0.174314
0.5640,  0.175332
0.5645,  0.176529
0.5650,  0.167471
0.5655,  0.157001
0.5660,  0.162685
0.5665,  0.170380
0.5670,  0.183206
0.5675,  0.196504
0.5680,  0.182617
0.5685,  0.167875
0.5690,  0.179566
0.5695,  0.190764
0.5700,  0.173677
0.5705,  0.152345
0.5710,  0.159499
0.5715,  0.165104
0.5720,  0.176277
0.5725,  0.185986
0.5730,  0.182074
0.5735,  0.180642
0.5740,  0.181348
0.5745,  0.182816
0.5750,  0.176456
0.5755,  0.167215
0.5760,  0.169979
0.5765,  0.174013
0.5770,  0.177206
0.5775,  0.180568
0.5780,  0.166125
0.5785,  0.148745
0.5790,  0.155785
0.5795,  0.160925
0.5800,  0.159260
0.5805,  0.158273
0.5810,  0.158531
0.5815,  0.160436
0.5820,  0.163728
0.5825,  0.165582
0.5830,  0.160961
0.5835,  0.159154
0.5840,  0.161711
0.5845,  0.166492
0.5850,  0.154575
0.5855,  0.140847
0.5860,  0.153424
0.5865,  0.169827
0.5870,  0.184916
0.5875,  0.202859
0.5880,  0.199191
0.5885,  0.188571
0.5890,  0.158371
0.5895,  0.123259
0.5900,  0.163473
0.5905,  0.201013
0.5910,  0.191217
0.5915,  0.180387
0.5920,  0.180478
0.5925,  0.181820
0.5930,  0.180180
0.5935,  0.180205
0.5940,  0.177342
0.5945,  0.171755
0.5950,  0.173455
0.5955,  0.173659
0.5960,  0.177126
0.5965,  0.182172
0.5970,  0.175578
0.5975,  0.168003
0.5980,  0.160645
0.5985,  0.155030
0.5990,  0.163756
0.5995,  0.172259
0.6000,  0.170433
0.6005,  0.167477
0.6010,  0.167433
0.6015,  0.164518
0.6020,  0.152732
0.6025,  0.140566
0.6030,  0.151404
0.6035,  0.164786
0.6040,  0.164584
0.6045,  0.165558
0.6050,  0.164168
0.6055,  0.161531
0.6060,  0.160314
0.6065,  0.159214
0.6070,  0.159067
0.6075,  0.160687
0.6080,  0.160656
0.6085,  0.161040
0.6090,  0.165645
0.6095,  0.167151
0.6100,  0.159538
0.6105,  0.151384
0.6110,  0.160187
0.6115,  0.170014
0.6120,  0.161195
0.6125,  0.152810
0.6130,  0.151446
0.6135,  0.148613
0.6140,  0.158433
0.6145,  0.168879
0.6150,  0.172928
0.6155,  0.173433
0.6160,  0.146807
0.6165,  0.117231
0.6170,  0.134542
0.6175,  0.154168
0.6180,  0.158418
0.6185,  0.161811
0.6190,  0.160975
0.6195,  0.160372
0.6200,  0.169569
0.6205,  0.177077
0.6210,  0.168135
0.6215,  0.158037
0.6220,  0.162108
0.6225,  0.169118
0.6230,  0.161345
0.6235,  0.156315
0.6240,  0.160734
0.6245,  0.162212
0.6250,  0.157861
0.6255,  0.153159
0.6260,  0.168060
0.6265,  0.184674
0.6270,  0.188427
0.6275,  0.190119
0.6280,  0.191687
0.6285,  0.194775
0.6290,  0.194244
0.6295,  0.193642
0.6300,  0.189853
0.6305,  0.182234
0.6310,  0.171018
0.6315,  0.166361
0.6320,  0.162751
0.6325,  0.161408
0.6330,  0.161252
0.6335,  0.162417
0.6340,  0.164453
0.6345,  0.168924
0.6350,  0.172096
0.6355,  0.171476
0.6360,  0.169355
0.6365,  0.163697
0.6370,  0.157527
0.6375,  0.153862
0.6380,  0.152898
0.6385,  0.154566
0.6390,  0.159503
0.6395,  0.162193
0.6400,  0.161721
0.6405,  0.159847
0.6410,  0.154377
0.6415,  0.153586
0.6420,  0.151739
0.6425,  0.149654
0.6430,  0.148322
0.6435,  0.149290
0.6440,  0.150380
0.6445,  0.156499
0.6450,  0.163031
0.6455,  0.168393
0.6460,  0.173510
0.6465,  0.176434
0.6470,  0.176337
0.6475,  0.175679
0.6480,  0.170303
0.6485,  0.162872
0.6490,  0.152824
0.6495,  0.151744
0.6500,  0.153477
0.6505,  0.159556
0.6510,  0.167058
0.6515,  0.165882
0.6520,  0.160323
0.6525,  0.158769
0.6530,  0.158733
0.6535,  0.155430
0.6540,  0.160833
0.6545,  0.172351
0.6550,  0.182117
0.6555,  0.175071
0.6560,  0.149708
0.6565,  0.113816
0.6570,  0.077536
0.6575,  0.087882
0.6580,  0.103198
0.6585,  0.119499
0.6590,  0.136090
0.6595,  0.133137
0.6600,  0.130280
0.6605,  0.128930
0.6610,  0.128148
0.6615,  0.124171
0.6620,  0.123697
0.6625,  0.123343
0.6630,  0.122184
0.6635,  0.121681
0.6640,  0.122966
0.6645,  0.126228
0.6650,  0.130120
0.6655,  0.128452
0.6660,  0.124532
0.6665,  0.119361
0.6670,  0.115112
0.6675,  0.117318
0.6680,  0.118161
0.6685,  0.122409
0.6690,  0.123679
0.6695,  0.119020
0.6700,  0.118751
0.6705,  0.119908
0.6710,  0.121834
0.6715,  0.122255
0.6720,  0.121289
0.6725,  0.122717
0.6730,  0.122759
0.6735,  0.119715
0.6740,  0.117550
0.6745,  0.117767
0.6750,  0.118804
0.6755,  0.118996
0.6760,  0.118559
0.6765,  0.118814
0.6770,  0.119448
0.6775,  0.118844
0.6780,  0.117859
0.6785,  0.118199
0.6790,  0.117463
0.6795,  0.118364
0.6800,  0.120348
0.6805,  0.118508
0.6810,  0.114324
0.6815,  0.113768
0.6820,  0.115115
0.6825,  0.118579
0.6830,  0.122202
0.6835,  0.124471
0.6840,  0.126502
0.6845,  0.131983
0.6850,  0.148051
0.6855,  0.181774
0.6860,  0.218498
0.6865,  0.245572
0.6870,  0.256856
0.6875,  0.252865
0.6880,  0.248517
0.6885,  0.241195
0.6890,  0.233333
0.6895,  0.224559
0.6900,  0.213879
0.6905,  0.202985
0.6910,  0.193431
0.6915,  0.191012
0.6920,  0.192273
0.6925,  0.196722
0.6930,  0.202366
0.6935,  0.202982
0.6940,  0.200958
0.6945,  0.189113
0.6950,  0.177765
0.6955,  0.166421
0.6960,  0.157263
0.6965,  0.152111
0.6970,  0.151828
0.6975,  0.159704
0.6980,  0.166288
0.6985,  0.175412
0.6990,  0.183895
0.6995,  0.183690
0.7000,  0.178295
0.7005,  0.172493
0.7010,  0.164479
0.7015,  0.160657
0.7020,  0.158077
0.7025,  0.157011
0.7030,  0.153521
0.7035,  0.154737
0.7040,  0.159206
0.7045,  0.163516
0.7050,  0.166885
0.7055,  0.165581
0.7060,  0.162423
0.7065,  0.156784
0.7070,  0.153836
0.7075,  0.152373
0.7080,  0.147731
0.7085,  0.142742
0.7090,  0.138316
0.7095,  0.138969
0.7100,  0.137596
0.7105,  0.136290
0.7110,  0.140145
0.7115,  0.144245
0.7120,  0.147389
0.7125,  0.150346
0.7130,  0.151032
0.7135,  0.153189
0.7140,  0.155501
0.7145,  0.162407
0.7150,  0.175240
0.7155,  0.196940
0.7160,  0.231351
0.7165,  0.266934
0.7170,  0.302277
0.7175,  0.329662
0.7180,  0.351223
0.7185,  0.367082
0.7190,  0.361257
0.7195,  0.341563
0.7200,  0.308848
0.7205,  0.274817
0.7210,  0.250042
0.7215,  0.241723
0.7220,  0.249744
0.7225,  0.269516
0.7230,  0.288084
0.7235,  0.302421
0.7240,  0.310307
0.7245,  0.313853
0.7250,  0.316996
0.7255,  0.314818
0.7260,  0.315087
0.7265,  0.313598
0.7270,  0.312815
0.7275,  0.309355
0.7280,  0.299028
0.7285,  0.288084
0.7290,  0.281212
0.7295,  0.279697
0.7300,  0.278497
0.7305,  0.271886
0.7310,  0.263555
0.7315,  0.248697
0.7320,  0.225124
0.7325,  0.205299
0.7330,  0.191737
0.7335,  0.183029
0.7340,  0.179860
0.7345,  0.177414
0.7350,  0.173495
0.7355,  0.173799
0.7360,  0.169754
0.7365,  0.169021
0.7370,  0.171026
0.7375,  0.169959
0.7380,  0.167681
0.7385,  0.161234
0.7390,  0.151857
0.7395,  0.143769
0.7400,  0.136908
0.7405,  0.130232
0.7410,  0.124747
0.7415,  0.128399
0.7420,  0.128171
0.7425,  0.127251
0.7430,  0.129316
0.7435,  0.124849
0.7440,  0.125158
0.7445,  0.120553
0.7450,  0.117931
0.7455,  0.119025
0.7460,  0.120484
0.7465,  0.120189
0.7470,  0.118366
0.7475,  0.116920
0.7480,  0.119192
0.7485,  0.120968
0.7490,  0.120836
0.7495,  0.124992
0.7500,  0.123300
0.7505,  0.122938
0.7510,  0.122203
0.7515,  0.118496
0.7520,  0.118124
0.7525,  0.115685
0.7530,  0.114207
0.7535,  0.116861
0.7540,  0.120084
0.7545,  0.119377
0.7550,  0.121432
0.7555,  0.126379
0.7560,  0.131403
0.7565,  0.133608
0.7570,  0.133429
0.7575,  0.147491
0.7580,  0.203323
0.7585,  0.307880
0.7590,  0.453325
0.7595,  0.610240
0.7600,  0.710438
0.7605,  0.730697
0.7610,  0.711221
0.7615,  0.692965
0.7620,  0.690234
0.7625,  0.687292
0.7630,  0.657975
0.7635,  0.604636
0.7640,  0.543304
0.7645,  0.476359
0.7650,  0.412573
0.7655,  0.349365
0.7660,  0.288183
0.7665,  0.229605
0.7670,  0.189578
0.7675,  0.173160
0.7680,  0.166384
0.7685,  0.157690
0.7690,  0.148100
0.7695,  0.139176
0.7700,  0.135443
0.7705,  0.128972
0.7710,  0.122507
0.7715,  0.121000
0.7720,  0.123057
0.7725,  0.121985
0.7730,  0.123436
0.7735,  0.122384
0.7740,  0.121668
0.7745,  0.120188
0.7750,  0.113734
0.7755,  0.108033
0.7760,  0.105214
0.7765,  0.107931
0.7770,  0.115930
0.7775,  0.117864
0.7780,  0.116136
0.7785,  0.115787
0.7790,  0.115095
0.7795,  0.121638
0.7800,  0.122376
0.7805,  0.120737
0.7810,  0.119173
0.7815,  0.114142
0.7820,  0.113906
0.7825,  0.112731
0.7830,  0.114073
0.7835,  0.112008
0.7840,  0.110169
0.7845,  0.110017
0.7850,  0.112659
0.7855,  0.114704
0.7860,  0.121316
0.7865,  0.126767
0.7870,  0.129550
0.7875,  0.131688
0.7880,  0.133457
0.7885,  0.136475
0.7890,  0.142120
0.7895,  0.141265
0.7900,  0.147782
0.7905,  0.150808
0.7910,  0.150869
0.7915,  0.149776
0.7920,  0.146375
0.7925,  0.140691
0.7930,  0.134377
0.7935,  0.130026
0.7940,  0.127896
0.7945,  0.123496
0.7950,  0.118982
0.7955,  0.125954
0.7960,  0.129745
0.7965,  0.129635
0.7970,  0.131976
0.7975,  0.134259
0.7980,  0.134213
0.7985,  0.132153
0.7990,  0.130034
0.7995,  0.133282
0.8000,  0.130877
0.8005,  0.134756
0.8010,  0.142073
0.8015,  0.141073
0.8020,  0.137499
0.8025,  0.131997
0.8030,  0.131516
0.8035,  0.136806
0.8040,  0.139169
0.8045,  0.135954
0.8050,  0.127275
0.8055,  0.120234
0.8060,  0.118311
0.8065,  0.119728
0.8070,  0.123342
0.8075,  0.124091
0.8080,  0.127868
0.8085,  0.128841
0.8090,  0.128388
0.8095,  0.139038
0.8100,  0.150124
0.8105,  0.154428
0.8110,  0.160771
0.8115,  0.171012
0.8120,  0.192563
0.8125,  0.225916
0.8130,  0.251402
0.8135,  0.272642
0.8140,  0.288550
0.8145,  0.302127
0.8150,  0.312520
0.8155,  0.328509
0.8160,  0.338485
0.8165,  0.341138
0.8170,  0.342039
0.8175,  0.326717
0.8180,  0.310210
0.8185,  0.284212
0.8190,  0.262637
0.8195,  0.243808
0.8200,  0.220641
0.8205,  0.217754
0.8210,  0.248484
0.8215,  0.289161
0.8220,  0.318266
0.8225,  0.323225
0.8230,  0.294809
0.8235,  0.258524
0.8240,  0.227935
0.8245,  0.206037
0.8250,  0.192522
0.8255,  0.200602
0.8260,  0.213814
0.8265,  0.230276
0.8270,  0.245176
0.8275,  0.250946
0.8280,  0.254952
0.8285,  0.248596
0.8290,  0.245532
0.8295,  0.233223
0.8300,  0.228158
0.8305,  0.220876
0.8310,  0.214349
0.8315,  0.201779
0.8320,  0.200806
0.8325,  0.198213
0.8330,  0.188677
0.8335,  0.180821
0.8340,  0.165274
0.8345,  0.172033
0.8350,  0.164521
0.8355,  0.151767
0.8360,  0.149656
0.8365,  0.141577
0.8370,  0.126953
0.8375,  0.121217
0.8380,  0.120073
0.8385,  0.119355
0.8390,  0.120027
0.8395,  0.116788
0.8400,  0.113160
0.8405,  0.116090
0.8410,  0.107729
0.8415,  0.106151
0.8420,  0.114563
0.8425,  0.117176
0.8430,  0.119267
0.8435,  0.116914
0.8440,  0.116463
0.8445,  0.112543
0.8450,  0.099697
0.8455,  0.102037
0.8460,  0.104591
0.8465,  0.098994
0.8470,  0.095451
0.8475,  0.090963
0.8480,  0.095685
0.8485,  0.092559
0.8490,  0.088095
0.8495,  0.086076
0.8500,  0.077040
0.8505,  0.081730
0.8510,  0.080097
0.8515,  0.077718
0.8520,  0.096066
0.8525,  0.101410
0.8530,  0.105777
0.8535,  0.091639
0.8540,  0.061437
0.8545,  0.065075
0.8550,  0.063915
0.8555,  0.063338
0.8560,  0.074040
0.8565,  0.069559
0.8570,  0.069428
0.8575,  0.074296
0.8580,  0.078924
0.8585,  0.087790
0.8590,  0.086591
0.8595,  0.080607
0.8600,  0.075778
0.8605,  0.079163
0.8610,  0.082795
0.8615,  0.079484
0.8620,  0.073511
0.8625,  0.074876
0.8630,  0.074171
0.8635,  0.078232
0.8640,  0.093809
0.8645,  0.099474
0.8650,  0.102798
0.8655,  0.104455
0.8660,  0.073802
0.8665,  0.062631
0.8670,  0.058165
0.8675,  0.057904
0.8680,  0.057182
0.8685,  0.050068
0.8690,  0.053834
0.8695,  0.058804
0.8700,  0.068071
0.8705,  0.071803
0.8710,  0.072020
0.8715,  0.081663
0.8720,  0.083044
0.8725,  0.076091
0.8730,  0.075925
0.8735,  0.085204
0.8740,  0.081853
0.8745,  0.079847
0.8750,  0.079817
0.8755,  0.080049
0.8760,  0.075252
0.8765,  0.081894
0.8770,  0.072938
0.8775,  0.061720
0.8780,  0.065696
0.8785,  0.074119
0.8790,  0.082326
0.8795,  0.089796
0.8800,  0.080083
0.8805,  0.072423
0.8810,  0.066285
0.8815,  0.067174
0.8820,  0.061034
0.8825,  0.060288
0.8830,  0.063408
0.8835,  0.071717
0.8840,  0.075349
0.8845,  0.073033
0.8850,  0.076609
0.8855,  0.080396
0.8860,  0.075890
0.8865,  0.069241
0.8870,  0.066205
0.8875,  0.072355
0.8880,  0.069302
0.8885,  0.065773
0.8890,  0.063003
0.8895,  0.064933
0.8900,  0.066338
