0.3500,  0.268863
0.3505,  0.328118
0.3510,  0.301446
0.3515,  0.263056
0.3520,  0.223186
0.3525,  0.182655
0.3530,  0.221346
0.3535,  0.255426
0.3540,  0.281883
0.3545,  0.310991
0.3550,  0.284705
0.3555,  0.266701
0.3560,  0.224811
0.3565,  0.187873
0.3570,  0.147308
0.3575,  0.099239
0.3580,  0.058536
0.3585,  0.009290
0.3590,  0.177213
0.3595,  0.318339
0.3600,  0.318118
0.3605,  0.301693
0.3610,  0.245517
0.3615,  0.180622
0.3620,  0.214110
0.3625,  0.247911
0.3630,  0.231497
0.3635,  0.216803
0.3640,  0.200940
0.3645,  0.184274
0.3650,  0.214252
0.3655,  0.247459
0.3660,  0.255971
0.3665,  0.268293
0.3670,  0.248128
0.3675,  0.234602
0.3680,  0.207764
0.3685,  0.178367
0.3690,  0.218810
0.3695,  0.258597
0.3700,  0.230715
0.3705,  0.201393
0.3710,  0.222564
0.3715,  0.247826
0.3720,  0.224072
0.3725,  0.204810
0.3730,  0.177262
0.3735,  0.135151
0.3740,  0.132383
0.3745,  0.122016
0.3750,  0.185485
0.3755,  0.243090
0.3760,  0.237733
0.3765,  0.221435
0.3770,  0.264643
0.3775,  0.307939
0.3780,  0.303319
0.3785,  0.303835
0.3790,  0.210925
0.3795,  0.112899
0.3800,  0.168330
0.3805,  0.232215
0.3810,  0.221529
0.3815,  0.217365
0.3820,  0.144748
0.3825,  0.049623
0.3830,  0.022612
0.3835,  -0.026095
0.3840,  0.118708
0.3845,  0.230545
0.3850,  0.234726
0.3855,  0.236986
0.3860,  0.214111
0.3865,  0.201850
0.3870,  0.198931
0.3875,  0.189820
0.3880,  0.168849
0.3885,  0.145613
0.3890,  0.195697
0.3895,  0.237115
0.3900,  0.236230
0.3905,  0.234821
0.3910,  0.252371
0.3915,  0.290925
0.3920,  0.218519
0.3925,  0.138261
0.3930,  -0.021729
0.3935,  -0.259064
0.3940,  -0.003397
0.3945,  0.175021
0.3950,  0.269684
0.3955,  0.362543
0.3960,  0.214262
0.3965,  0.021837
0.3970,  0.033123
0.3975,  0.024382
0.3980,  0.198138
0.3985,  0.321776
0.3990,  0.308199
0.3995,  0.300286
0.4000,  0.269310
0.4005,  0.237823
0.4010,  0.224641
0.4015,  0.221919
0.4020,  0.215121
0.4025,  0.215787
0.4030,  0.201106
0.4035,  0.187214
0.4040,  0.186029
0.4045,  0.186066
0.4050,  0.186441
0.4055,  0.184679
0.4060,  0.164566
0.4065,  0.146753
0.4070,  0.154843
0.4075,  0.156479
0.4080,  0.175194
0.4085,  0.199392
0.4090,  0.197684
0.4095,  0.194853
0.4100,  0.151480
0.4105,  0.098770
0.4110,  0.160367
0.4115,  0.218367
0.4120,  0.204400
0.4125,  0.189525
0.4130,  0.176536
0.4135,  0.167175
0.4140,  0.162644
0.4145,  0.155164
0.4150,  0.152853
0.4155,  0.149449
0.4160,  0.169818
0.4165,  0.194909
0.4170,  0.160461
0.4175,  0.122486
0.4180,  0.129428
0.4185,  0.138313
0.4190,  0.144053
0.4195,  0.147080
0.4200,  0.159328
0.4205,  0.170200
0.4210,  0.174188
0.4215,  0.181806
0.4220,  0.136211
0.4225,  0.085241
0.4230,  0.117056
0.4235,  0.146566
0.4240,  0.157591
0.4245,  0.175677
0.4250,  0.166238
0.4255,  0.158523
0.4260,  0.163400
0.4265,  0.168310
0.4270,  0.137307
0.4275,  0.114114
0.4280,  0.130446
0.4285,  0.147166
0.4290,  0.137261
0.4295,  0.130579
0.4300,  0.051343
0.4305,  -0.056348
0.4310,  0.107749
0.4315,  0.231387
0.4320,  0.195513
0.4325,  0.164352
0.4330,  0.171138
0.4335,  0.180065
0.4340,  0.160557
0.4345,  0.139038
0.4350,  0.139707
0.4355,  0.137966
0.4360,  0.172633
0.4365,  0.212236
0.4370,  0.188129
0.4375,  0.170059
0.4380,  0.124398
0.4385,  0.067774
0.4390,  0.127506
0.4395,  0.179351
0.4400,  0.146928
0.4405,  0.112671
0.4410,  0.150148
0.4415,  0.182914
0.4420,  0.181654
0.4425,  0.181091
0.4430,  0.159115
0.4435,  0.141376
0.4440,  0.152354
0.4445,  0.165534
0.4450,  0.135779
0.4455,  0.102450
0.4460,  0.118424
0.4465,  0.130337
0.4470,  0.164227
0.4475,  0.193218
0.4480,  0.167939
0.4485,  0.139920
0.4490,  0.141798
0.4495,  0.143912
0.4500,  0.159458
0.4505,  0.175034
0.4510,  0.167828
0.4515,  0.163281
0.4520,  0.133427
0.4525,  0.110348
0.4530,  0.119425
0.4535,  0.125890
0.4540,  0.129638
0.4545,  0.131518
0.4550,  0.140543
0.4555,  0.148726
0.4560,  0.154040
0.4565,  0.159414
0.4570,  0.162174
0.4575,  0.167052
0.4580,  0.144201
0.4585,  0.121045
0.4590,  0.130375
0.4595,  0.135033
0.4600,  0.137990
0.4605,  0.141571
0.4610,  0.141469
0.4615,  0.140020
0.4620,  0.147071
0.4625,  0.155917
0.4630,  0.143138
0.4635,  0.135306
0.4640,  0.127849
0.4645,  0.120026
0.4650,  0.140242
0.4655,  0.159907
0.4660,  0.137615
0.4665,  0.116973
0.4670,  0.140285
0.4675,  0.159329
0.4680,  0.153282
0.4685,  0.153933
0.4690,  0.160217
0.4695,  0.166678
0.4700,  0.146353
0.4705,  0.121304
0.4710,  0.147694
0.4715,  0.172598
0.4720,  0.170758
0.4725,  0.171155
0.4730,  0.158483
0.4735,  0.145388
0.4740,  0.153448
0.4745,  0.165810
0.4750,  0.162676
0.4755,  0.159055
0.4760,  0.148867
0.4765,  0.136307
0.4770,  0.157312
0.4775,  0.178436
0.4780,  0.162083
0.4785,  0.146644
0.4790,  0.159548
0.4795,  0.171563
0.4800,  0.159048
0.4805,  0.149855
0.4810,  0.161812
0.4815,  0.171444
0.4820,  0.158624
0.4825,  0.150683
0.4830,  0.153299
0.4835,  0.154883
0.4840,  0.155385
0.4845,  0.162871
0.4850,  0.153735
0.4855,  0.143190
0.4860,  0.109055
0.4865,  0.061326
0.4870,  0.104774
0.4875,  0.143373
0.4880,  0.153336
0.4885,  0.161700
0.4890,  0.161334
0.4895,  0.163259
0.4900,  0.168110
0.4905,  0.177248
0.4910,  0.159185
0.4915,  0.140299
0.4920,  0.140531
0.4925,  0.139314
0.4930,  0.133196
0.4935,  0.123816
0.4940,  0.153328
0.4945,  0.182489
0.4950,  0.152474
0.4955,  0.122801
0.4960,  0.141635
0.4965,  0.160945
0.4970,  0.163389
0.4975,  0.168267
0.4980,  0.140872
0.4985,  0.110657
0.4990,  0.136198
0.4995,  0.163869
0.5000,  0.147207
0.5005,  0.127943
0.5010,  0.121704
0.5015,  0.112331
0.5020,  0.131419
0.5025,  0.148664
0.5030,  0.156516
0.5035,  0.162092
0.5040,  0.145812
0.5045,  0.126215
0.5050,  0.144195
0.5055,  0.165739
0.5060,  0.158068
0.5065,  0.152709
0.5070,  0.144870
0.5075,  0.135902
0.5080,  0.139631
0.5085,  0.140971
0.5090,  0.139000
0.5095,  0.137032
0.5100,  0.140950
0.5105,  0.145677
0.5110,  0.157275
0.5115,  0.169469
0.5120,  0.146463
0.5125,  0.125117
0.5130,  0.129826
0.5135,  0.131420
0.5140,  0.136648
0.5145,  0.140262
0.5150,  0.150130
0.5155,  0.167759
0.5160,  0.134017
0.5165,  0.095909
0.5170,  0.119933
0.5175,  0.137289
0.5180,  0.116741
0.5185,  0.090778
0.5190,  0.121986
0.5195,  0.152463
0.5200,  0.144647
0.5205,  0.137449
0.5210,  0.148432
0.5215,  0.163340
0.5220,  0.144184
0.5225,  0.123520
0.5230,  0.134895
0.5235,  0.143687
0.5240,  0.151872
0.5245,  0.165470
0.5250,  0.165202
0.5255,  0.168479
0.5260,  0.123800
0.5265,  0.070891
0.5270,  0.105841
0.5275,  0.132333
0.5280,  0.136787
0.5285,  0.143043
0.5290,  0.141108
0.5295,  0.139918
0.5300,  0.142415
0.5305,  0.147716
0.5310,  0.150986
0.5315,  0.159395
0.5320,  0.127610
0.5325,  0.090607
0.5330,  0.126328
0.5335,  0.157700
0.5340,  0.138849
0.5345,  0.119141
0.5350,  0.143691
0.5355,  0.169963
0.5360,  0.147704
0.5365,  0.124266
0.5370,  0.126809
0.5375,  0.130472
0.5380,  0.136958
0.5385,  0.146102
0.5390,  0.136160
0.5395,  0.126676
0.5400,  0.115781
0.5405,  0.102723
0.5410,  0.126541
0.5415,  0.149601
0.5420,  0.136205
0.5425,  0.123532
0.5430,  0.134756
0.5435,  0.143403
0.5440,  0.141553
0.5445,  0.142461
0.5450,  0.147732
0.5455,  0.152017
0.5460,  0.148710
0.5465,  0.144357
0.5470,  0.134344
0.5475,  0.122950
0.5480,  0.127523
0.5485,  0.133240
0.5490,  0.139872
0.5495,  0.146743
0.5500,  0.139741
0.5505,  0.133299
0.5510,  0.136304
0.5515,  0.139960
0.5520,  0.135949
0.5525,  0.130470
0.5530,  0.136453
0.5535,  0.142189
0.5540,  0.144477
0.5545,  0.148232
0.5550,  0.151086
0.5555,  0.154187
0.5560,  0.141025
0.5565,  0.128376
0.5570,  0.137199
0.5575,  0.148058
0.5580,  0.139322
0.5585,  0.127576
0.5590,  0.130029
0.5595,  0.132404
0.5600,  0.137383
0.5605,  0.143175
0.5610,  0.141356
0.5615,  0.137522
0.5620,  0.142428
0.5625,  0.148984
0.5630,  0.152298
0.5635,  0.156272
0.5640,  0.158152
0.5645,  0.159553
0.5650,  0.149261
0.5655,  0.136275
0.5660,  0.140784
0.5665,  0.145183
0.5670,  0.158641
0.5675,  0.173239
0.5680,  0.157907
0.5685,  0.143506
0.5690,  0.159627
0.5695,  0.175748
0.5700,  0.158994
0.5705,  0.136379
0.5710,  0.143860
0.5715,  0.147168
0.5720,  0.155598
0.5725,  0.168240
0.5730,  0.163775
0.5735,  0.162055
0.5740,  0.162138
0.5745,  0.162521
0.5750,  0.154506
0.5755,  0.144483
0.5760,  0.146491
0.5765,  0.150886
0.5770,  0.156645
0.5775,  0.161258
0.5780,  0.143267
0.5785,  0.123805
0.5790,  0.131473
0.5795,  0.138368
0.5800,  0.137529
0.5805,  0.137028
0.5810,  0.138218
0.5815,  0.140520
0.5820,  0.145839
0.5825,  0.148250
0.5830,  0.144224
0.5835,  0.140711
0.5840,  0.143092
0.5845,  0.147894
0.5850,  0.134548
0.5855,  0.119367
0.5860,  0.133555
0.5865,  0.150021
0.5870,  0.163259
0.5875,  0.181886
0.5880,  0.176601
0.5885,  0.164817
0.5890,  0.134520
0.5895,  0.098057
0.5900,  0.142651
0.5905,  0.184332
0.5910,  0.176035
0.5915,  0.167266
0.5920,  0.167427
0.5925,  0.168147
0.5930,  0.162352
0.5935,  0.161994
0.5940,  0.159328
0.5945,  0.153838
0.5950,  0.157989
0.5955,  0.160582
0.5960,  0.164530
0.5965,  0.168758
0.5970,  0.161700
0.5975,  0.153804
0.5980,  0.145656
0.5985,  0.140861
0.5990,  0.147465
0.5995,  0.156102
0.6000,  0.152165
0.6005,  0.149537
0.6010,  0.150599
0.6015,  0.147674
0.6020,  0.134463
0.6025,  0.121655
0.6030,  0.135881
0.6035,  0.152676
0.6040,  0.153096
0.6045,  0.153332
0.6050,  0.151199
0.6055,  0.146777
0.6060,  0.143191
0.6065,  0.141448
0.6070,  0.140287
0.6075,  0.142248
0.6080,  0.142306
0.6085,  0.144899
0.6090,  0.149696
0.6095,  0.151454
0.6100,  0.142980
0.6105,  0.133938
0.6110,  0.144161
0.6115,  0.155759
0.6120,  0.146592
0.6125,  0.139568
0.6130,  0.138182
0.6135,  0.135765
0.6140,  0.146312
0.6145,  0.157830
0.6150,  0.161999
0.6155,  0.164383
0.6160,  0.137269
0.6165,  0.107962
0.6170,  0.129433
0.6175,  0.151858
0.6180,  0.155885
0.6185,  0.157229
0.6190,  0.152608
0.6195,  0.149612
0.6200,  0.157894
0.6205,  0.165733
0.6210,  0.153621
0.6215,  0.142646
0.6220,  0.150789
0.6225,  0.160368
0.6230,  0.153665
0.6235,  0.150059
0.6240,  0.154574
0.6245,  0.156116
0.6250,  0.149040
0.6255,  0.140681
0.6260,  0.155186
0.6265,  0.171338
0.6270,  0.175442
0.6275,  0.179565
0.6280,  0.183575
0.6285,  0.187803
0.6290,  0.187270
0.6295,  0.184449
0.6300,  0.179639
0.6305,  0.170885
0.6310,  0.162159
0.6315,  0.160883
0.6320,  0.160078
0.6325,  0.157433
0.6330,  0.157037
0.6335,  0.157031
0.6340,  0.156699
0.6345,  0.158266
0.6350,  0.161278
0.6355,  0.159955
0.6360,  0.157980
0.6365,  0.153856
0.6370,  0.148910
0.6375,  0.147548
0.6380,  0.147480
0.6385,  0.150003
0.6390,  0.152926
0.6395,  0.153188
0.6400,  0.152135
0.6405,  0.149012
0.6410,  0.143822
0.6415,  0.142423
0.6420,  0.140050
0.6425,  0.138211
0.6430,  0.139112
0.6435,  0.141973
0.6440,  0.146213
0.6445,  0.154689
0.6450,  0.162102
0.6455,  0.167583
0.6460,  0.170488
0.6465,  0.172194
0.6470,  0.172131
0.6475,  0.168923
0.6480,  0.165474
0.6485,  0.159852
0.6490,  0.152607
0.6495,  0.155336
0.6500,  0.160080
0.6505,  0.166201
0.6510,  0.172823
0.6515,  0.170516
0.6520,  0.167871
0.6525,  0.164348
0.6530,  0.162050
0.6535,  0.156115
0.6540,  0.156521
0.6545,  0.164669
0.6550,  0.174937
0.6555,  0.169480
0.6560,  0.149499
0.6565,  0.117185
0.6570,  0.080034
0.6575,  0.088983
0.6580,  0.102778
0.6585,  0.118480
0.6590,  0.134375
0.6595,  0.130747
0.6600,  0.127892
0.6605,  0.124006
0.6610,  0.121342
0.6615,  0.119805
0.6620,  0.120817
0.6625,  0.122887
0.6630,  0.124840
0.6635,  0.127480
0.6640,  0.129924
0.6645,  0.131505
0.6650,  0.132753
0.6655,  0.130573
0.6660,  0.125781
0.6665,  0.121046
0.6670,  0.115969
0.6675,  0.115169
0.6680,  0.114242
0.6685,  0.114898
0.6690,  0.116275
0.6695,  0.116232
0.6700,  0.119913
0.6705,  0.124645
0.6710,  0.123951
0.6715,  0.125487
0.6720,  0.125397
0.6725,  0.124902
0.6730,  0.121918
0.6735,  0.115953
0.6740,  0.113943
0.6745,  0.113266
0.6750,  0.113926
0.6755,  0.117139
0.6760,  0.121246
0.6765,  0.125511
0.6770,  0.126387
0.6775,  0.126055
0.6780,  0.122928
0.6785,  0.121774
0.6790,  0.120549
0.6795,  0.119319
0.6800,  0.118156
0.6805,  0.117120
0.6810,  0.113643
0.6815,  0.113417
0.6820,  0.117547
0.6825,  0.121234
0.6830,  0.127100
0.6835,  0.131804
0.6840,  0.132690
0.6845,  0.136633
0.6850,  0.146162
0.6855,  0.174644
0.6860,  0.210075
0.6865,  0.238885
0.6870,  0.256642
0.6875,  0.254447
0.6880,  0.253333
0.6885,  0.249378
0.6890,  0.244810
0.6895,  0.235634
0.6900,  0.227383
0.6905,  0.218067
0.6910,  0.207489
0.6915,  0.199207
0.6920,  0.196229
0.6925,  0.196337
0.6930,  0.198680
0.6935,  0.196647
0.6940,  0.195922
0.6945,  0.193033
0.6950,  0.186609
0.6955,  0.176798
0.6960,  0.167718
0.6965,  0.161899
0.6970,  0.160357
0.6975,  0.165670
0.6980,  0.172215
0.6985,  0.176193
0.6990,  0.181096
0.6995,  0.181804
0.7000,  0.177787
0.7005,  0.173030
0.7010,  0.169630
0.7015,  0.170643
0.7020,  0.170490
0.7025,  0.170028
0.7030,  0.169102
0.7035,  0.167877
0.7040,  0.167738
0.7045,  0.170501
0.7050,  0.170580
0.7055,  0.164360
0.7060,  0.160947
0.7065,  0.159568
0.7070,  0.159018
0.7075,  0.157106
0.7080,  0.156098
0.7085,  0.151521
0.7090,  0.147623
0.7095,  0.150137
0.7100,  0.151141
0.7105,  0.152290
0.7110,  0.154656
0.7115,  0.154594
0.7120,  0.152548
0.7125,  0.154392
0.7130,  0.157401
0.7135,  0.159470
0.7140,  0.164267
0.7145,  0.173899
0.7150,  0.191295
0.7155,  0.214413
0.7160,  0.245466
0.7165,  0.280104
0.7170,  0.311167
0.7175,  0.337399
0.7180,  0.356763
0.7185,  0.369040
0.7190,  0.363981
0.7195,  0.350767
0.7200,  0.328032
0.7205,  0.300604
0.7210,  0.277524
0.7215,  0.268350
0.7220,  0.276180
0.7225,  0.290550
0.7230,  0.302656
0.7235,  0.312344
0.7240,  0.321040
0.7245,  0.328258
0.7250,  0.330363
0.7255,  0.329251
0.7260,  0.328796
0.7265,  0.331011
0.7270,  0.334677
0.7275,  0.328575
0.7280,  0.324107
0.7285,  0.317041
0.7290,  0.304507
0.7295,  0.297946
0.7300,  0.289514
0.7305,  0.282234
0.7310,  0.269467
0.7315,  0.249481
0.7320,  0.233203
0.7325,  0.216978
0.7330,  0.203534
0.7335,  0.195264
0.7340,  0.193189
0.7345,  0.194768
0.7350,  0.193838
0.7355,  0.190254
0.7360,  0.185226
0.7365,  0.180243
0.7370,  0.177339
0.7375,  0.173093
0.7380,  0.169961
0.7385,  0.171245
0.7390,  0.167657
0.7395,  0.165049
0.7400,  0.163198
0.7405,  0.157102
0.7410,  0.150657
0.7415,  0.151495
0.7420,  0.155919
0.7425,  0.157512
0.7430,  0.155703
0.7435,  0.146980
0.7440,  0.143453
0.7445,  0.144761
0.7450,  0.148449
0.7455,  0.146887
0.7460,  0.143452
0.7465,  0.141746
0.7470,  0.140607
0.7475,  0.138791
0.7480,  0.138574
0.7485,  0.138436
0.7490,  0.139589
0.7495,  0.141904
0.7500,  0.138150
0.7505,  0.134124
0.7510,  0.130901
0.7515,  0.131778
0.7520,  0.133061
0.7525,  0.132812
0.7530,  0.131675
0.7535,  0.132556
0.7540,  0.132630
0.7545,  0.129071
0.7550,  0.126646
0.7555,  0.127359
0.7560,  0.129043
0.7565,  0.131084
0.7570,  0.138382
0.7575,  0.162202
0.7580,  0.223390
0.7585,  0.327416
0.7590,  0.478405
0.7595,  0.645179
0.7600,  0.754191
0.7605,  0.779196
0.7610,  0.754882
0.7615,  0.724024
0.7620,  0.715091
0.7625,  0.713339
0.7630,  0.687188
0.7635,  0.638768
0.7640,  0.582976
0.7645,  0.520106
0.7650,  0.461757
0.7655,  0.399726
0.7660,  0.336883
0.7665,  0.280043
0.7670,  0.239886
0.7675,  0.214406
0.7680,  0.193062
0.7685,  0.180796
0.7690,  0.166762
0.7695,  0.159688
0.7700,  0.152662
0.7705,  0.148612
0.7710,  0.149031
0.7715,  0.145053
0.7720,  0.142182
0.7725,  0.139173
0.7730,  0.144242
0.7735,  0.139095
0.7740,  0.133753
0.7745,  0.122888
0.7750,  0.116370
0.7755,  0.117308
0.7760,  0.120418
0.7765,  0.125838
0.7770,  0.137556
0.7775,  0.139501
0.7780,  0.141278
0.7785,  0.139090
0.7790,  0.134587
0.7795,  0.135257
0.7800,  0.134284
0.7805,  0.128713
0.7810,  0.121161
0.7815,  0.119981
0.7820,  0.119084
0.7825,  0.121556
0.7830,  0.128484
0.7835,  0.137723
0.7840,  0.146011
0.7845,  0.146528
0.7850,  0.145240
0.7855,  0.140676
0.7860,  0.145921
0.7865,  0.153574
0.7870,  0.155544
0.7875,  0.158620
0.7880,  0.162318
0.7885,  0.169948
0.7890,  0.173374
0.7895,  0.175412
0.7900,  0.173374
0.7905,  0.172812
0.7910,  0.168543
0.7915,  0.163151
0.7920,  0.159546
0.7925,  0.149791
0.7930,  0.145649
0.7935,  0.144622
0.7940,  0.146846
0.7945,  0.153871
0.7950,  0.159970
0.7955,  0.168813
0.7960,  0.171697
0.7965,  0.167693
0.7970,  0.164159
0.7975,  0.161187
0.7980,  0.159317
0.7985,  0.159157
0.7990,  0.158931
0.7995,  0.157169
0.8000,  0.161945
0.8005,  0.168966
0.8010,  0.178173
0.8015,  0.183412
0.8020,  0.175844
0.8025,  0.168583
0.8030,  0.160059
0.8035,  0.155979
0.8040,  0.150975
0.8045,  0.144971
0.8050,  0.141047
0.8055,  0.144154
0.8060,  0.145896
0.8065,  0.146675
0.8070,  0.154963
0.8075,  0.162904
0.8080,  0.162283
0.8085,  0.157905
0.8090,  0.159211
0.8095,  0.165393
0.8100,  0.175043
0.8105,  0.183263
0.8110,  0.195175
0.8115,  0.205739
0.8120,  0.219555
0.8125,  0.242307
0.8130,  0.276846
0.8135,  0.307608
0.8140,  0.326068
0.8145,  0.349767
0.8150,  0.366609
0.8155,  0.370918
0.8160,  0.375156
0.8165,  0.377000
0.8170,  0.370098
0.8175,  0.359903
0.8180,  0.348042
0.8185,  0.332193
0.8190,  0.317221
0.8195,  0.302098
0.8200,  0.286336
0.8205,  0.271553
0.8210,  0.288508
0.8215,  0.321874
0.8220,  0.359557
0.8225,  0.363574
0.8230,  0.338376
0.8235,  0.309001
0.8240,  0.282983
0.8245,  0.264305
0.8250,  0.260705
0.8255,  0.257591
0.8260,  0.267495
0.8265,  0.280097
0.8270,  0.286949
0.8275,  0.293220
0.8280,  0.294208
0.8285,  0.279143
0.8290,  0.274708
0.8295,  0.266468
0.8300,  0.258818
0.8305,  0.258776
0.8310,  0.261063
0.8315,  0.261878
0.8320,  0.257062
0.8325,  0.239066
0.8330,  0.226528
0.8335,  0.209360
0.8340,  0.197251
0.8345,  0.197145
0.8350,  0.197218
0.8355,  0.194315
0.8360,  0.188892
0.8365,  0.180197
0.8370,  0.182299
0.8375,  0.180711
0.8380,  0.174634
0.8385,  0.164025
0.8390,  0.151240
0.8395,  0.139283
0.8400,  0.141648
0.8405,  0.143102
0.8410,  0.139173
0.8415,  0.140907
0.8420,  0.141283
0.8425,  0.142309
0.8430,  0.150972
0.8435,  0.152173
0.8440,  0.145626
0.8445,  0.132982
0.8450,  0.130599
0.8455,  0.133510
0.8460,  0.131160
0.8465,  0.130547
0.8470,  0.130792
0.8475,  0.137862
0.8480,  0.151368
0.8485,  0.165381
0.8490,  0.166927
0.8495,  0.161364
0.8500,  0.134097
0.8505,  0.126665
0.8510,  0.116669
0.8515,  0.118025
0.8520,  0.128320
0.8525,  0.125041
0.8530,  0.130550
0.8535,  0.129658
0.8540,  0.113496
0.8545,  0.127585
0.8550,  0.137384
0.8555,  0.133888
0.8560,  0.125854
0.8565,  0.114819
0.8570,  0.110275
0.8575,  0.111313
0.8580,  0.109556
0.8585,  0.107857
0.8590,  0.111920
0.8595,  0.112289
0.8600,  0.111304
0.8605,  0.113815
0.8610,  0.115597
0.8615,  0.113495
0.8620,  0.101584
0.8625,  0.094540
0.8630,  0.096665
0.8635,  0.105789
0.8640,  0.123240
0.8645,  0.125604
0.8650,  0.125095
0.8655,  0.116330
0.8660,  0.084294
0.8665,  0.084731
0.8670,  0.084225
0.8675,  0.081333
0.8680,  0.094525
0.8685,  0.094777
0.8690,  0.091494
0.8695,  0.099863
0.8700,  0.110856
0.8705,  0.116531
0.8710,  0.137385
0.8715,  0.142978
0.8720,  0.150499
0.8725,  0.143577
0.8730,  0.131074
0.8735,  0.121584
0.8740,  0.118003
0.8745,  0.118612
0.8750,  0.112992
0.8755,  0.124937
0.8760,  0.121414
0.8765,  0.111518
0.8770,  0.105197
0.8775,  0.102230
0.8780,  0.124652
0.8785,  0.125709
0.8790,  0.136031
0.8795,  0.127288
0.8800,  0.107468
0.8805,  0.108316
0.8810,  0.105450
0.8815,  0.109642
0.8820,  0.114039
0.8825,  0.120746
0.8830,  0.131623
0.8835,  0.134801
0.8840,  0.140362
0.8845,  0.119315
0.8850,  0.108659
0.8855,  0.105902
0.8860,  0.101245
0.8865,  0.102536
0.8870,  0.113434
0.8875,  0.117435
0.8880,  0.130218
0.8885,  0.148277
0.8890,  0.148795
0.8895,  0.147036
0.8900,  0.152542
