0.3500,  0.298409
0.3505,  0.355469
0.3510,  0.326279
0.3515,  0.285797
0.3520,  0.252521
0.3525,  0.224080
0.3530,  0.266470
0.3535,  0.303089
0.3540,  0.317813
0.3545,  0.341362
0.3550,  0.311785
0.3555,  0.290862
0.3560,  0.259138
0.3565,  0.220967
0.3570,  0.190812
0.3575,  0.155266
0.3580,  0.124547
0.3585,  0.069343
0.3590,  0.217982
0.3595,  0.337983
0.3600,  0.323561
0.3605,  0.314326
0.3610,  0.273089
0.3615,  0.215617
0.3620,  0.246791
0.3625,  0.286197
0.3630,  0.276607
0.3635,  0.265639
0.3640,  0.253685
0.3645,  0.230465
0.3650,  0.256495
0.3655,  0.288280
0.3660,  0.299073
0.3665,  0.320459
0.3670,  0.298287
0.3675,  0.275971
0.3680,  0.245733
0.3685,  0.215785
0.3690,  0.262016
0.3695,  0.302482
0.3700,  0.272216
0.3705,  0.240601
0.3710,  0.258683
0.3715,  0.277180
0.3720,  0.248619
0.3725,  0.226877
0.3730,  0.200318
0.3735,  0.164275
0.3740,  0.166677
0.3745,  0.166148
0.3750,  0.231304
0.3755,  0.279889
0.3760,  0.269582
0.3765,  0.252574
0.3770,  0.294201
0.3775,  0.332292
0.3780,  0.326594
0.3785,  0.335463
0.3790,  0.255485
0.3795,  0.165368
0.3800,  0.221713
0.3805,  0.283170
0.3810,  0.267196
0.3815,  0.254899
0.3820,  0.177867
0.3825,  0.082209
0.3830,  0.050752
0.3835,  0.001565
0.3840,  0.142746
0.3845,  0.247008
0.3850,  0.248188
0.3855,  0.252230
0.3860,  0.237610
0.3865,  0.231089
0.3870,  0.228737
0.3875,  0.221416
0.3880,  0.199533
0.3885,  0.177223
0.3890,  0.230213
0.3895,  0.270010
0.3900,  0.271698
0.3905,  0.277038
0.3910,  0.299542
0.3915,  0.340361
0.3920,  0.269586
0.3925,  0.189744
0.3930,  0.030506
0.3935,  -0.210007
0.3940,  0.037156
0.3945,  0.210934
0.3950,  0.301883
0.3955,  0.396609
0.3960,  0.254828
0.3965,  0.067362
0.3970,  0.081163
0.3975,  0.072230
0.3980,  0.234942
0.3985,  0.345814
0.3990,  0.331988
0.3995,  0.327504
0.4000,  0.295836
0.4005,  0.267242
0.4010,  0.259981
0.4015,  0.258465
0.4020,  0.248032
0.4025,  0.245798
0.4030,  0.231168
0.4035,  0.214551
0.4040,  0.208636
0.4045,  0.207717
0.4050,  0.210191
0.4055,  0.211817
0.4060,  0.194910
0.4065,  0.176928
0.4070,  0.185825
0.4075,  0.190664
0.4080,  0.211488
0.4085,  0.234962
0.4090,  0.233534
0.4095,  0.234040
0.4100,  0.189590
0.4105,  0.134068
0.4110,  0.191877
0.4115,  0.246062
0.4120,  0.232456
0.4125,  0.217891
0.4130,  0.204789
0.4135,  0.193815
0.4140,  0.187270
0.4145,  0.179161
0.4150,  0.176735
0.4155,  0.171945
0.4160,  0.193545
0.4165,  0.222422
0.4170,  0.190765
0.4175,  0.153340
0.4180,  0.159023
0.4185,  0.167295
0.4190,  0.173654
0.4195,  0.173663
0.4200,  0.184714
0.4205,  0.196710
0.4210,  0.201755
0.4215,  0.211427
0.4220,  0.171848
0.4225,  0.124920
0.4230,  0.158943
0.4235,  0.190005
0.4240,  0.200587
0.4245,  0.212069
0.4250,  0.200613
0.4255,  0.183419
0.4260,  0.187952
0.4265,  0.197439
0.4270,  0.169799
0.4275,  0.141547
0.4280,  0.156102
0.4285,  0.173968
0.4290,  0.163510
0.4295,  0.156190
0.4300,  0.079320
0.4305,  -0.026211
0.4310,  0.138807
0.4315,  0.262444
0.4320,  0.227620
0.4325,  0.193434
0.4330,  0.198803
0.4335,  0.207309
0.4340,  0.186244
0.4345,  0.164131
0.4350,  0.163486
0.4355,  0.162781
0.4360,  0.198670
0.4365,  0.234843
0.4370,  0.208419
0.4375,  0.189798
0.4380,  0.145113
0.4385,  0.090109
0.4390,  0.153159
0.4395,  0.206669
0.4400,  0.175410
0.4405,  0.140816
0.4410,  0.178533
0.4415,  0.210968
0.4420,  0.208349
0.4425,  0.207352
0.4430,  0.184189
0.4435,  0.163347
0.4440,  0.174791
0.4445,  0.191237
0.4450,  0.167135
0.4455,  0.137150
0.4460,  0.151207
0.4465,  0.160320
0.4470,  0.189369
0.4475,  0.218170
0.4480,  0.194908
0.4485,  0.164693
0.4490,  0.165130
0.4495,  0.165388
0.4500,  0.178024
0.4505,  0.194231
0.4510,  0.187781
0.4515,  0.184553
0.4520,  0.161806
0.4525,  0.138900
0.4530,  0.147167
0.4535,  0.154599
0.4540,  0.159209
0.4545,  0.162757
0.4550,  0.167465
0.4555,  0.173259
0.4560,  0.175331
0.4565,  0.179047
0.4570,  0.184009
0.4575,  0.189781
0.4580,  0.165786
0.4585,  0.141244
0.4590,  0.150487
0.4595,  0.157220
0.4600,  0.161099
0.4605,  0.165610
0.4610,  0.166966
0.4615,  0.166298
0.4620,  0.174213
0.4625,  0.182025
0.4630,  0.168610
0.4635,  0.159201
0.4640,  0.150545
0.4645,  0.143724
0.4650,  0.163904
0.4655,  0.184494
0.4660,  0.165429
0.4665,  0.145379
0.4670,  0.165988
0.4675,  0.180432
0.4680,  0.173739
0.4685,  0.171733
0.4690,  0.175064
0.4695,  0.180426
0.4700,  0.161578
0.4705,  0.137711
0.4710,  0.162777
0.4715,  0.189091
0.4720,  0.189219
0.4725,  0.191275
0.4730,  0.179808
0.4735,  0.167717
0.4740,  0.177052
0.4745,  0.188437
0.4750,  0.182655
0.4755,  0.178018
0.4760,  0.168120
0.4765,  0.154865
0.4770,  0.176335
0.4775,  0.197499
0.4780,  0.179982
0.4785,  0.163411
0.4790,  0.175266
0.4795,  0.186356
0.4800,  0.174309
0.4805,  0.167339
0.4810,  0.179721
0.4815,  0.191101
0.4820,  0.180276
0.4825,  0.173637
0.4830,  0.175943
0.4835,  0.177444
0.4840,  0.176689
0.4845,  0.182880
0.4850,  0.174166
0.4855,  0.163173
0.4860,  0.130280
0.4865,  0.082207
0.4870,  0.125214
0.4875,  0.164446
0.4880,  0.174421
0.4885,  0.181526
0.4890,  0.180475
0.4895,  0.180425
0.4900,  0.184831
0.4905,  0.196311
0.4910,  0.178202
0.4915,  0.158310
0.4920,  0.160008
0.4925,  0.158440
0.4930,  0.152008
0.4935,  0.143152
0.4940,  0.172938
0.4945,  0.204263
0.4950,  0.175472
0.4955,  0.148288
0.4960,  0.166196
0.4965,  0.183496
0.4970,  0.186153
0.4975,  0.192290
0.4980,  0.164962
0.4985,  0.134542
0.4990,  0.159493
0.4995,  0.185310
0.5000,  0.167463
0.5005,  0.147293
0.5010,  0.140772
0.5015,  0.131392
0.5020,  0.147969
0.5025,  0.165431
0.5030,  0.174752
0.5035,  0.182396
0.5040,  0.169017
0.5045,  0.150342
0.5050,  0.167061
0.5055,  0.186037
0.5060,  0.176996
0.5065,  0.170740
0.5070,  0.163698
0.5075,  0.155271
0.5080,  0.158413
0.5085,  0.160183
0.5090,  0.159114
0.5095,  0.157738
0.5100,  0.161521
0.5105,  0.164783
0.5110,  0.173455
0.5115,  0.182125
0.5120,  0.158305
0.5125,  0.136591
0.5130,  0.141963
0.5135,  0.145201
0.5140,  0.151470
0.5145,  0.155738
0.5150,  0.167213
0.5155,  0.186713
0.5160,  0.155806
0.5165,  0.118644
0.5170,  0.141675
0.5175,  0.156623
0.5180,  0.134334
0.5185,  0.107004
0.5190,  0.137724
0.5195,  0.167752
0.5200,  0.160473
0.5205,  0.153490
0.5210,  0.164522
0.5215,  0.177585
0.5220,  0.157564
0.5225,  0.135294
0.5230,  0.146329
0.5235,  0.155142
0.5240,  0.165135
0.5245,  0.178751
0.5250,  0.178410
0.5255,  0.182135
0.5260,  0.139097
0.5265,  0.087224
0.5270,  0.121775
0.5275,  0.147378
0.5280,  0.151970
0.5285,  0.157893
0.5290,  0.156501
0.5295,  0.155733
0.5300,  0.157968
0.5305,  0.163634
0.5310,  0.169746
0.5315,  0.177789
0.5320,  0.144131
0.5325,  0.104603
0.5330,  0.139733
0.5335,  0.170692
0.5340,  0.151724
0.5345,  0.131961
0.5350,  0.155427
0.5355,  0.182784
0.5360,  0.161253
0.5365,  0.139808
0.5370,  0.143936
0.5375,  0.148241
0.5380,  0.155288
0.5385,  0.163341
0.5390,  0.153345
0.5395,  0.142531
0.5400,  0.132079
0.5405,  0.118342
0.5410,  0.140978
0.5415,  0.162931
0.5420,  0.148389
0.5425,  0.135131
0.5430,  0.146204
0.5435,  0.155113
0.5440,  0.153129
0.5445,  0.152053
0.5450,  0.158468
0.5455,  0.162691
0.5460,  0.159685
0.5465,  0.156171
0.5470,  0.148568
0.5475,  0.138910
0.5480,  0.143196
0.5485,  0.146118
0.5490,  0.150985
0.5495,  0.157710
0.5500,  0.152225
0.5505,  0.146709
0.5510,  0.149094
0.5515,  0.152435
0.5520,  0.148616
0.5525,  0.143199
0.5530,  0.150810
0.5535,  0.156968
0.5540,  0.160275
0.5545,  0.164766
0.5550,  0.169038
0.5555,  0.171819
0.5560,  0.157679
0.5565,  0.145092
0.5570,  0.154493
0.5575,  0.164732
0.5580,  0.155150
0.5585,  0.143699
0.5590,  0.149088
0.5595,  0.150565
0.5600,  0.154181
0.5605,  0.157901
0.5610,  0.152497
0.5615,  0.147196
0.5620,  0.151846
0.5625,  0.158152
0.5630,  0.162832
0.5635,  0.167024
0.5640,  0.168081
0.5645,  0.168591
0.5650,  0.159861
0.5655,  0.147881
0.5660,  0.152902
0.5665,  0.159705
0.5670,  0.173318
0.5675,  0.187903
0.5680,  0.172843
0.5685,  0.157191
0.5690,  0.170186
0.5695,  0.184582
0.5700,  0.167827
0.5705,  0.147441
0.5710,  0.156479
0.5715,  0.160438
0.5720,  0.169056
0.5725,  0.178115
0.5730,  0.173445
0.5735,  0.171167
0.5740,  0.171277
0.5745,  0.172718
0.5750,  0.165889
0.5755,  0.157041
0.5760,  0.160505
0.5765,  0.165468
0.5770,  0.169704
0.5775,  0.174241
0.5780,  0.159047
0.5785,  0.139934
0.5790,  0.145636
0.5795,  0.150819
0.5800,  0.150289
0.5805,  0.151529
0.5810,  0.153491
0.5815,  0.154789
0.5820,  0.157746
0.5825,  0.160564
0.5830,  0.156455
0.5835,  0.152687
0.5840,  0.153058
0.5845,  0.157805
0.5850,  0.144138
0.5855,  0.129349
0.5860,  0.144196
0.5865,  0.162129
0.5870,  0.177272
0.5875,  0.196914
0.5880,  0.191740
0.5885,  0.180656
0.5890,  0.150449
0.5895,  0.111723
0.5900,  0.155243
0.5905,  0.196716
0.5910,  0.187140
0.5915,  0.175719
0.5920,  0.174192
0.5925,  0.175662
0.5930,  0.172435
0.5935,  0.172365
0.5940,  0.167840
0.5945,  0.161976
0.5950,  0.165419
0.5955,  0.167862
0.5960,  0.171187
0.5965,  0.175290
0.5970,  0.168486
0.5975,  0.161584
0.5980,  0.155221
0.5985,  0.150305
0.5990,  0.157856
0.5995,  0.165218
0.6000,  0.161550
0.6005,  0.158319
0.6010,  0.160681
0.6015,  0.159599
0.6020,  0.147621
0.6025,  0.134619
0.6030,  0.145938
0.6035,  0.160159
0.6040,  0.159994
0.6045,  0.161860
0.6050,  0.159578
0.6055,  0.155189
0.6060,  0.153883
0.6065,  0.153006
0.6070,  0.153075
0.6075,  0.154068
0.6080,  0.153316
0.6085,  0.154418
0.6090,  0.158911
0.6095,  0.160793
0.6100,  0.151497
0.6105,  0.142071
0.6110,  0.151921
0.6115,  0.163084
0.6120,  0.155034
0.6125,  0.148130
0.6130,  0.145927
0.6135,  0.139974
0.6140,  0.147831
0.6145,  0.160626
0.6150,  0.167520
0.6155,  0.171056
0.6160,  0.144180
0.6165,  0.111495
0.6170,  0.129215
0.6175,  0.150361
0.6180,  0.155472
0.6185,  0.160061
0.6190,  0.157254
0.6195,  0.154366
0.6200,  0.162944
0.6205,  0.172096
0.6210,  0.164172
0.6215,  0.154719
0.6220,  0.161150
0.6225,  0.169078
0.6230,  0.160014
0.6235,  0.154339
0.6240,  0.157881
0.6245,  0.158909
0.6250,  0.156025
0.6255,  0.150681
0.6260,  0.165509
0.6265,  0.181996
0.6270,  0.185261
0.6275,  0.187418
0.6280,  0.189184
0.6285,  0.192674
0.6290,  0.191921
0.6295,  0.189420
0.6300,  0.183477
0.6305,  0.175208
0.6310,  0.165638
0.6315,  0.161129
0.6320,  0.158101
0.6325,  0.155878
0.6330,  0.154901
0.6335,  0.155156
0.6340,  0.157032
0.6345,  0.162296
0.6350,  0.164636
0.6355,  0.166004
0.6360,  0.163315
0.6365,  0.157906
0.6370,  0.151630
0.6375,  0.148802
0.6380,  0.149379
0.6385,  0.152660
0.6390,  0.157058
0.6395,  0.158074
0.6400,  0.157393
0.6405,  0.156888
0.6410,  0.152345
0.6415,  0.153104
0.6420,  0.151428
0.6425,  0.147800
0.6430,  0.145692
0.6435,  0.145353
0.6440,  0.148393
0.6445,  0.154643
0.6450,  0.162977
0.6455,  0.166224
0.6460,  0.169371
0.6465,  0.171133
0.6470,  0.170739
0.6475,  0.169546
0.6480,  0.166012
0.6485,  0.159368
0.6490,  0.149558
0.6495,  0.151719
0.6500,  0.154056
0.6505,  0.159165
0.6510,  0.167586
0.6515,  0.166993
0.6520,  0.166198
0.6525,  0.165402
0.6530,  0.164403
0.6535,  0.159027
0.6540,  0.163522
0.6545,  0.174502
0.6550,  0.185154
0.6555,  0.177796
0.6560,  0.153397
0.6565,  0.117603
0.6570,  0.080789
0.6575,  0.093373
0.6580,  0.108025
0.6585,  0.124291
0.6590,  0.139870
0.6595,  0.136293
0.6600,  0.133023
0.6605,  0.128011
0.6610,  0.127748
0.6615,  0.127605
0.6620,  0.128248
0.6625,  0.128893
0.6630,  0.124217
0.6635,  0.124796
0.6640,  0.125964
0.6645,  0.128444
0.6650,  0.131322
0.6655,  0.130423
0.6660,  0.127929
0.6665,  0.123508
0.6670,  0.117498
0.6675,  0.118470
0.6680,  0.118785
0.6685,  0.122773
0.6690,  0.125119
0.6695,  0.121893
0.6700,  0.120893
0.6705,  0.121201
0.6710,  0.122848
0.6715,  0.125640
0.6720,  0.123877
0.6725,  0.123122
0.6730,  0.120772
0.6735,  0.116729
0.6740,  0.113155
0.6745,  0.114408
0.6750,  0.114470
0.6755,  0.115192
0.6760,  0.118181
0.6765,  0.121383
0.6770,  0.124464
0.6775,  0.125080
0.6780,  0.123201
0.6785,  0.119976
0.6790,  0.115950
0.6795,  0.114738
0.6800,  0.116070
0.6805,  0.115986
0.6810,  0.115298
0.6815,  0.114208
0.6820,  0.113450
0.6825,  0.115319
0.6830,  0.121213
0.6835,  0.124652
0.6840,  0.126678
0.6845,  0.132564
0.6850,  0.148513
0.6855,  0.183049
0.6860,  0.223438
0.6865,  0.254625
0.6870,  0.265512
0.6875,  0.258655
0.6880,  0.250259
0.6885,  0.240104
0.6890,  0.231371
0.6895,  0.223717
0.6900,  0.217040
0.6905,  0.207751
0.6910,  0.201136
0.6915,  0.198331
0.6920,  0.197443
0.6925,  0.197551
0.6930,  0.200567
0.6935,  0.200245
0.6940,  0.194936
0.6945,  0.185466
0.6950,  0.179828
0.6955,  0.170846
0.6960,  0.163462
0.6965,  0.159871
0.6970,  0.161327
0.6975,  0.166667
0.6980,  0.174136
0.6985,  0.180661
0.6990,  0.185918
0.6995,  0.187907
0.7000,  0.185115
0.7005,  0.180503
0.7010,  0.172449
0.7015,  0.168525
0.7020,  0.164930
0.7025,  0.161430
0.7030,  0.158630
0.7035,  0.160036
0.7040,  0.163994
0.7045,  0.169217
0.7050,  0.172080
0.7055,  0.168625
0.7060,  0.164265
0.7065,  0.159756
0.7070,  0.156221
0.7075,  0.151495
0.7080,  0.148184
0.7085,  0.143605
0.7090,  0.142289
0.7095,  0.144243
0.7100,  0.144859
0.7105,  0.143682
0.7110,  0.145855
0.7115,  0.147576
0.7120,  0.147955
0.7125,  0.145407
0.7130,  0.145181
0.7135,  0.149528
0.7140,  0.153300
0.7145,  0.161856
0.7150,  0.178034
0.7155,  0.203318
0.7160,  0.244222
0.7165,  0.283409
0.7170,  0.319185
0.7175,  0.343549
0.7180,  0.361878
0.7185,  0.375159
0.7190,  0.373359
0.7195,  0.355154
0.7200,  0.322714
0.7205,  0.285567
0.7210,  0.255522
0.7215,  0.244356
0.7220,  0.251672
0.7225,  0.270004
0.7230,  0.289163
0.7235,  0.304311
0.7240,  0.314311
0.7245,  0.325620
0.7250,  0.327522
0.7255,  0.323369
0.7260,  0.323235
0.7265,  0.322194
0.7270,  0.318882
0.7275,  0.313320
0.7280,  0.309984
0.7285,  0.300355
0.7290,  0.293778
0.7295,  0.293602
0.7300,  0.289686
0.7305,  0.280918
0.7310,  0.266138
0.7315,  0.249468
0.7320,  0.227814
0.7325,  0.208320
0.7330,  0.195043
0.7335,  0.183666
0.7340,  0.179568
0.7345,  0.178662
0.7350,  0.180665
0.7355,  0.183305
0.7360,  0.176136
0.7365,  0.176205
0.7370,  0.179199
0.7375,  0.174507
0.7380,  0.166344
0.7385,  0.161840
0.7390,  0.152357
0.7395,  0.147299
0.7400,  0.143871
0.7405,  0.135816
0.7410,  0.125471
0.7415,  0.126887
0.7420,  0.128921
0.7425,  0.133145
0.7430,  0.138845
0.7435,  0.135071
0.7440,  0.136264
0.7445,  0.135248
0.7450,  0.130841
0.7455,  0.130440
0.7460,  0.131140
0.7465,  0.133568
0.7470,  0.134030
0.7475,  0.128310
0.7480,  0.128863
0.7485,  0.133290
0.7490,  0.131085
0.7495,  0.130217
0.7500,  0.123663
0.7505,  0.121448
0.7510,  0.118134
0.7515,  0.115226
0.7520,  0.117795
0.7525,  0.121163
0.7530,  0.120757
0.7535,  0.122481
0.7540,  0.123102
0.7545,  0.122220
0.7550,  0.121259
0.7555,  0.124177
0.7560,  0.126634
0.7565,  0.126145
0.7570,  0.128088
0.7575,  0.146602
0.7580,  0.202772
0.7585,  0.304193
0.7590,  0.456221
0.7595,  0.622577
0.7600,  0.738422
0.7605,  0.768517
0.7610,  0.744003
0.7615,  0.720529
0.7620,  0.711389
0.7625,  0.702682
0.7630,  0.675612
0.7635,  0.621549
0.7640,  0.562472
0.7645,  0.492636
0.7650,  0.430079
0.7655,  0.367400
0.7660,  0.306550
0.7665,  0.253046
0.7670,  0.213746
0.7675,  0.191071
0.7680,  0.177543
0.7685,  0.159372
0.7690,  0.143827
0.7695,  0.133625
0.7700,  0.132079
0.7705,  0.130941
0.7710,  0.129980
0.7715,  0.128556
0.7720,  0.129770
0.7725,  0.130502
0.7730,  0.132878
0.7735,  0.131546
0.7740,  0.122033
0.7745,  0.111694
0.7750,  0.103297
0.7755,  0.101503
0.7760,  0.102193
0.7765,  0.104746
0.7770,  0.109266
0.7775,  0.111102
0.7780,  0.113500
0.7785,  0.117583
0.7790,  0.120170
0.7795,  0.125981
0.7800,  0.127879
0.7805,  0.126963
0.7810,  0.124284
0.7815,  0.119261
0.7820,  0.119394
0.7825,  0.121142
0.7830,  0.122851
0.7835,  0.123924
0.7840,  0.129973
0.7845,  0.130802
0.7850,  0.128399
0.7855,  0.128497
0.7860,  0.124733
0.7865,  0.123760
0.7870,  0.126873
0.7875,  0.126235
0.7880,  0.130873
0.7885,  0.139316
0.7890,  0.144961
0.7895,  0.147512
0.7900,  0.159992
0.7905,  0.171097
0.7910,  0.168143
0.7915,  0.165876
0.7920,  0.162211
0.7925,  0.152165
0.7930,  0.144949
0.7935,  0.141467
0.7940,  0.138172
0.7945,  0.134569
0.7950,  0.132758
0.7955,  0.136860
0.7960,  0.140932
0.7965,  0.142167
0.7970,  0.144856
0.7975,  0.142512
0.7980,  0.140899
0.7985,  0.136345
0.7990,  0.128947
0.7995,  0.129532
0.8000,  0.132350
0.8005,  0.136368
0.8010,  0.142544
0.8015,  0.146844
0.8020,  0.147167
0.8025,  0.145454
0.8030,  0.142972
0.8035,  0.145377
0.8040,  0.139426
0.8045,  0.130172
0.8050,  0.120333
0.8055,  0.118379
0.8060,  0.118144
0.8065,  0.123284
0.8070,  0.134973
0.8075,  0.141654
0.8080,  0.148806
0.8085,  0.149316
0.8090,  0.146902
0.8095,  0.150549
0.8100,  0.155957
0.8105,  0.166784
0.8110,  0.171169
0.8115,  0.180163
0.8120,  0.191295
0.8125,  0.224837
0.8130,  0.251040
0.8135,  0.283771
0.8140,  0.307332
0.8145,  0.323620
0.8150,  0.341382
0.8155,  0.352946
0.8160,  0.356172
0.8165,  0.358276
0.8170,  0.344184
0.8175,  0.329571
0.8180,  0.312953
0.8185,  0.291124
0.8190,  0.272844
0.8195,  0.264689
0.8200,  0.254152
0.8205,  0.245190
0.8210,  0.267708
0.8215,  0.300944
0.8220,  0.330044
0.8225,  0.328095
0.8230,  0.303753
0.8235,  0.272352
0.8240,  0.241691
0.8245,  0.220010
0.8250,  0.211896
0.8255,  0.226187
0.8260,  0.247716
0.8265,  0.257064
0.8270,  0.264850
0.8275,  0.266294
0.8280,  0.267489
0.8285,  0.253127
0.8290,  0.244604
0.8295,  0.236930
0.8300,  0.231129
0.8305,  0.222468
0.8310,  0.223193
0.8315,  0.227140
0.8320,  0.224369
0.8325,  0.222144
0.8330,  0.210294
0.8335,  0.204464
0.8340,  0.187584
0.8345,  0.179081
0.8350,  0.167088
0.8355,  0.157417
0.8360,  0.157954
0.8365,  0.159115
0.8370,  0.156171
0.8375,  0.149718
0.8380,  0.142231
0.8385,  0.138902
0.8390,  0.128183
0.8395,  0.116611
0.8400,  0.110557
0.8405,  0.112588
0.8410,  0.106754
0.8415,  0.112464
0.8420,  0.126640
0.8425,  0.138717
0.8430,  0.139934
0.8435,  0.131310
0.8440,  0.126876
0.8445,  0.119880
0.8450,  0.105950
0.8455,  0.096145
0.8460,  0.100199
0.8465,  0.096816
0.8470,  0.098034
0.8475,  0.106490
0.8480,  0.111677
0.8485,  0.114149
0.8490,  0.107864
0.8495,  0.107068
0.8500,  0.099789
0.8505,  0.102097
0.8510,  0.103378
0.8515,  0.094001
0.8520,  0.102029
0.8525,  0.097295
0.8530,  0.105926
0.8535,  0.105565
0.8540,  0.079459
0.8545,  0.098347
0.8550,  0.107027
0.8555,  0.099304
0.8560,  0.111010
0.8565,  0.100938
0.8570,  0.094750
0.8575,  0.084583
0.8580,  0.080246
0.8585,  0.083569
0.8590,  0.088326
0.8595,  0.090824
0.8600,  0.095572
0.8605,  0.106653
0.8610,  0.106030
0.8615,  0.101463
0.8620,  0.092518
0.8625,  0.081947
0.8630,  0.081111
0.8635,  0.082003
0.8640,  0.090052
0.8645,  0.092416
0.8650,  0.102966
0.8655,  0.106756
0.8660,  0.088697
0.8665,  0.081300
0.8670,  0.074338
0.8675,  0.074633
0.8680,  0.074920
0.8685,  0.070147
0.8690,  0.075701
0.8695,  0.068839
0.8700,  0.078616
0.8705,  0.084557
0.8710,  0.094315
0.8715,  0.104803
0.8720,  0.118480
0.8725,  0.119964
0.8730,  0.109800
0.8735,  0.104309
0.8740,  0.094049
0.8745,  0.088788
0.8750,  0.082078
0.8755,  0.083530
0.8760,  0.087243
0.8765,  0.096843
0.8770,  0.105624
0.8775,  0.106948
0.8780,  0.116379
0.8785,  0.103126
0.8790,  0.101112
0.8795,  0.093576
0.8800,  0.083590
0.8805,  0.076371
0.8810,  0.068500
0.8815,  0.065854
0.8820,  0.070826
0.8825,  0.082830
0.8830,  0.086829
0.8835,  0.090668
0.8840,  0.100193
0.8845,  0.100308
0.8850,  0.098689
0.8855,  0.094928
0.8860,  0.074798
0.8865,  0.071080
0.8870,  0.080252
0.8875,  0.090667
0.8880,  0.096717
0.8885,  0.107614
0.8890,  0.114536
0.8895,  0.114325
0.8900,  0.114501
