0.3500,  -0.018522
0.3505,  0.025982
0.3510,  0.000045
0.3515,  -0.027504
0.3520,  -0.050807
0.3525,  -0.081580
0.3530,  -0.045079
0.3535,  -0.016575
0.3540,  -0.001485
0.3545,  0.018231
0.3550,  0.000875
0.3555,  -0.009743
0.3560,  -0.037019
0.3565,  -0.064043
0.3570,  -0.088882
0.3575,  -0.117496
0.3580,  -0.148285
0.3585,  -0.186345
0.3590,  -0.068375
0.3595,  0.027140
0.3600,  0.020615
0.3605,  0.010867
0.3610,  -0.025249
0.3615,  -0.064418
0.3620,  -0.028260
0.3625,  0.005647
0.3630,  -0.002716
0.3635,  -0.009410
0.3640,  -0.013817
0.3645,  -0.022149
0.3650,  0.006655
0.3655,  0.031021
0.3660,  0.037944
0.3665,  0.047301
0.3670,  0.026024
0.3675,  0.007215
0.3680,  -0.016675
0.3685,  -0.040484
0.3690,  -0.005276
0.3695,  0.027533
0.3700,  0.005040
0.3705,  -0.018928
0.3710,  -0.004892
0.3715,  0.013575
0.3720,  -0.007003
0.3725,  -0.029135
0.3730,  -0.055758
0.3735,  -0.084384
0.3740,  -0.077531
0.3745,  -0.074563
0.3750,  -0.018618
0.3755,  0.027429
0.3760,  0.023749
0.3765,  0.015586
0.3770,  0.055254
0.3775,  0.089138
0.3780,  0.083902
0.3785,  0.085282
0.3790,  0.014493
0.3795,  -0.061755
0.3800,  -0.020007
0.3805,  0.023392
0.3810,  0.003833
0.3815,  -0.008391
0.3820,  -0.069529
0.3825,  -0.144714
0.3830,  -0.162010
0.3835,  -0.191079
0.3840,  -0.066995
0.3845,  0.026656
0.3850,  0.032878
0.3855,  0.041356
0.3860,  0.033070
0.3865,  0.027973
0.3870,  0.024339
0.3875,  0.019382
0.3880,  0.004740
0.3885,  -0.014990
0.3890,  0.027612
0.3895,  0.062048
0.3900,  0.063159
0.3905,  0.064291
0.3910,  0.075581
0.3915,  0.098295
0.3920,  0.030243
0.3925,  -0.039214
0.3930,  -0.164827
0.3935,  -0.347470
0.3940,  -0.135165
0.3945,  0.015133
0.3950,  0.090792
0.3955,  0.160621
0.3960,  0.039157
0.3965,  -0.110645
0.3970,  -0.092606
0.3975,  -0.088493
0.3980,  0.053022
0.3985,  0.149345
0.3990,  0.138497
0.3995,  0.133323
0.4000,  0.111433
0.4005,  0.089550
0.4010,  0.078567
0.4015,  0.073246
0.4020,  0.062598
0.4025,  0.056113
0.4030,  0.038579
0.4035,  0.022133
0.4040,  0.017713
0.4045,  0.018007
0.4050,  0.019638
0.4055,  0.020772
0.4060,  0.011029
0.4065,  0.001644
0.4070,  0.011789
0.4075,  0.020328
0.4080,  0.041098
0.4085,  0.059566
0.4090,  0.054200
0.4095,  0.049658
0.4100,  0.013970
0.4105,  -0.026265
0.4110,  0.024279
0.4115,  0.069896
0.4120,  0.059340
0.4125,  0.047418
0.4130,  0.037601
0.4135,  0.030554
0.4140,  0.027013
0.4145,  0.022508
0.4150,  0.019180
0.4155,  0.015818
0.4160,  0.034149
0.4165,  0.054635
0.4170,  0.024364
0.4175,  -0.007720
0.4180,  -0.003327
0.4185,  0.004022
0.4190,  0.010796
0.4195,  0.012761
0.4200,  0.023814
0.4205,  0.036076
0.4210,  0.042769
0.4215,  0.049325
0.4220,  0.014342
0.4225,  -0.022778
0.4230,  0.004855
0.4235,  0.031760
0.4240,  0.041573
0.4245,  0.051413
0.4250,  0.039305
0.4255,  0.027419
0.4260,  0.030809
0.4265,  0.034515
0.4270,  0.013274
0.4275,  -0.006181
0.4280,  0.004129
0.4285,  0.017187
0.4290,  0.005535
0.4295,  -0.002995
0.4300,  -0.063166
0.4305,  -0.139753
0.4310,  0.001281
0.4315,  0.106200
0.4320,  0.082291
0.4325,  0.057482
0.4330,  0.061253
0.4335,  0.066647
0.4340,  0.047029
0.4345,  0.029051
0.4350,  0.031183
0.4355,  0.032812
0.4360,  0.062662
0.4365,  0.090934
0.4370,  0.067358
0.4375,  0.047525
0.4380,  0.009712
0.4385,  -0.034360
0.4390,  0.015891
0.4395,  0.060885
0.4400,  0.039427
0.4405,  0.015042
0.4410,  0.046448
0.4415,  0.073095
0.4420,  0.071846
0.4425,  0.071037
0.4430,  0.052792
0.4435,  0.038142
0.4440,  0.047963
0.4445,  0.060805
0.4450,  0.038322
0.4455,  0.011298
0.4460,  0.021252
0.4465,  0.028510
0.4470,  0.053553
0.4475,  0.078072
0.4480,  0.059211
0.4485,  0.039951
0.4490,  0.044235
0.4495,  0.047859
0.4500,  0.060207
0.4505,  0.074953
0.4510,  0.069548
0.4515,  0.063908
0.4520,  0.040364
0.4525,  0.015919
0.4530,  0.022715
0.4535,  0.028992
0.4540,  0.034741
0.4545,  0.038984
0.4550,  0.047156
0.4555,  0.054822
0.4560,  0.059305
0.4565,  0.063301
0.4570,  0.065064
0.4575,  0.066915
0.4580,  0.046900
0.4585,  0.027343
0.4590,  0.033919
0.4595,  0.039438
0.4600,  0.043801
0.4605,  0.047938
0.4610,  0.049603
0.4615,  0.049803
0.4620,  0.056041
0.4625,  0.062010
0.4630,  0.051486
0.4635,  0.044447
0.4640,  0.039510
0.4645,  0.034204
0.4650,  0.048974
0.4655,  0.063351
0.4660,  0.046153
0.4665,  0.030380
0.4670,  0.050788
0.4675,  0.066291
0.4680,  0.062489
0.4685,  0.061475
0.4690,  0.064050
0.4695,  0.067511
0.4700,  0.052571
0.4705,  0.035189
0.4710,  0.057642
0.4715,  0.078482
0.4720,  0.076447
0.4725,  0.076899
0.4730,  0.070316
0.4735,  0.061857
0.4740,  0.068797
0.4745,  0.076707
0.4750,  0.071848
0.4755,  0.069130
0.4760,  0.061653
0.4765,  0.053267
0.4770,  0.072460
0.4775,  0.089668
0.4780,  0.076820
0.4785,  0.063869
0.4790,  0.073050
0.4795,  0.082253
0.4800,  0.073263
0.4805,  0.067308
0.4810,  0.076262
0.4815,  0.086127
0.4820,  0.076584
0.4825,  0.069628
0.4830,  0.071872
0.4835,  0.075538
0.4840,  0.074146
0.4845,  0.076328
0.4850,  0.067823
0.4855,  0.059525
0.4860,  0.035383
0.4865,  0.002424
0.4870,  0.041591
0.4875,  0.074266
0.4880,  0.082588
0.4885,  0.089804
0.4890,  0.089381
0.4895,  0.089673
0.4900,  0.091738
0.4905,  0.097334
0.4910,  0.080394
0.4915,  0.064882
0.4920,  0.066463
0.4925,  0.065514
0.4930,  0.060994
0.4935,  0.055582
0.4940,  0.079262
0.4945,  0.102836
0.4950,  0.079822
0.4955,  0.056775
0.4960,  0.070636
0.4965,  0.083975
0.4970,  0.086751
0.4975,  0.091133
0.4980,  0.068905
0.4985,  0.044002
0.4990,  0.063323
0.4995,  0.083505
0.5000,  0.068932
0.5005,  0.053710
0.5010,  0.050088
0.5015,  0.043776
0.5020,  0.057771
0.5025,  0.070973
0.5030,  0.077592
0.5035,  0.083709
0.5040,  0.072772
0.5045,  0.059494
0.5050,  0.075573
0.5055,  0.092401
0.5060,  0.083953
0.5065,  0.077165
0.5070,  0.069682
0.5075,  0.061885
0.5080,  0.064835
0.5085,  0.067029
0.5090,  0.066374
0.5095,  0.065346
0.5100,  0.068981
0.5105,  0.072342
0.5110,  0.079259
0.5115,  0.086770
0.5120,  0.067818
0.5125,  0.049912
0.5130,  0.053764
0.5135,  0.055808
0.5140,  0.061115
0.5145,  0.065618
0.5150,  0.073081
0.5155,  0.084736
0.5160,  0.056174
0.5165,  0.025524
0.5170,  0.045533
0.5175,  0.061811
0.5180,  0.048959
0.5185,  0.030650
0.5190,  0.055966
0.5195,  0.079733
0.5200,  0.072821
0.5205,  0.066298
0.5210,  0.073793
0.5215,  0.083495
0.5220,  0.067915
0.5225,  0.052684
0.5230,  0.062706
0.5235,  0.069199
0.5240,  0.075564
0.5245,  0.084541
0.5250,  0.082115
0.5255,  0.083231
0.5260,  0.048096
0.5265,  0.008364
0.5270,  0.039308
0.5275,  0.063018
0.5280,  0.068834
0.5285,  0.073568
0.5290,  0.070706
0.5295,  0.067807
0.5300,  0.069133
0.5305,  0.072148
0.5310,  0.073405
0.5315,  0.078247
0.5320,  0.051555
0.5325,  0.022238
0.5330,  0.053200
0.5335,  0.080324
0.5340,  0.067333
0.5345,  0.052888
0.5350,  0.071655
0.5355,  0.091811
0.5360,  0.073168
0.5365,  0.054777
0.5370,  0.057234
0.5375,  0.059776
0.5380,  0.065618
0.5385,  0.071307
0.5390,  0.063184
0.5395,  0.055718
0.5400,  0.048801
0.5405,  0.039162
0.5410,  0.058434
0.5415,  0.076321
0.5420,  0.065829
0.5425,  0.055332
0.5430,  0.062723
0.5435,  0.069529
0.5440,  0.067844
0.5445,  0.066802
0.5450,  0.070710
0.5455,  0.073101
0.5460,  0.070219
0.5465,  0.068361
0.5470,  0.062146
0.5475,  0.054787
0.5480,  0.060171
0.5485,  0.064693
0.5490,  0.068881
0.5495,  0.073479
0.5500,  0.067906
0.5505,  0.062524
0.5510,  0.063406
0.5515,  0.064647
0.5520,  0.061159
0.5525,  0.057914
0.5530,  0.064304
0.5535,  0.070997
0.5540,  0.072865
0.5545,  0.074768
0.5550,  0.075928
0.5555,  0.078221
0.5560,  0.067963
0.5565,  0.058040
0.5570,  0.064980
0.5575,  0.073646
0.5580,  0.068193
0.5585,  0.060736
0.5590,  0.065836
0.5595,  0.069701
0.5600,  0.072042
0.5605,  0.074276
0.5610,  0.070228
0.5615,  0.067084
0.5620,  0.071277
0.5625,  0.075210
0.5630,  0.077273
0.5635,  0.080156
0.5640,  0.081055
0.5645,  0.081864
0.5650,  0.075471
0.5655,  0.066293
0.5660,  0.070407
0.5665,  0.074801
0.5670,  0.083851
0.5675,  0.093852
0.5680,  0.081610
0.5685,  0.069876
0.5690,  0.080970
0.5695,  0.091951
0.5700,  0.078604
0.5705,  0.062546
0.5710,  0.069509
0.5715,  0.074312
0.5720,  0.082463
0.5725,  0.090374
0.5730,  0.085727
0.5735,  0.083474
0.5740,  0.082949
0.5745,  0.082739
0.5750,  0.077214
0.5755,  0.070442
0.5760,  0.072914
0.5765,  0.076419
0.5770,  0.079189
0.5775,  0.082363
0.5780,  0.068850
0.5785,  0.055575
0.5790,  0.063173
0.5795,  0.069539
0.5800,  0.070069
0.5805,  0.070664
0.5810,  0.071224
0.5815,  0.071378
0.5820,  0.072256
0.5825,  0.073616
0.5830,  0.069990
0.5835,  0.066797
0.5840,  0.067172
0.5845,  0.070780
0.5850,  0.061393
0.5855,  0.051473
0.5860,  0.062964
0.5865,  0.073363
0.5870,  0.080108
0.5875,  0.091307
0.5880,  0.086700
0.5885,  0.081046
0.5890,  0.063488
0.5895,  0.038368
0.5900,  0.075215
0.5905,  0.108354
0.5910,  0.099398
0.5915,  0.089541
0.5920,  0.087200
0.5925,  0.086665
0.5930,  0.082410
0.5935,  0.083541
0.5940,  0.082013
0.5945,  0.078733
0.5950,  0.081944
0.5955,  0.083136
0.5960,  0.084995
0.5965,  0.087629
0.5970,  0.081572
0.5975,  0.077019
0.5980,  0.073305
0.5985,  0.071379
0.5990,  0.077586
0.5995,  0.082665
0.6000,  0.078785
0.6005,  0.075177
0.6010,  0.076682
0.6015,  0.076680
0.6020,  0.068601
0.6025,  0.060990
0.6030,  0.071042
0.6035,  0.082071
0.6040,  0.080460
0.6045,  0.080423
0.6050,  0.078533
0.6055,  0.075146
0.6060,  0.072875
0.6065,  0.071070
0.6070,  0.072173
0.6075,  0.075044
0.6080,  0.076074
0.6085,  0.076406
0.6090,  0.080717
0.6095,  0.083437
0.6100,  0.076490
0.6105,  0.068439
0.6110,  0.075266
0.6115,  0.082942
0.6120,  0.076506
0.6125,  0.070741
0.6130,  0.069905
0.6135,  0.067955
0.6140,  0.073814
0.6145,  0.081828
0.6150,  0.084867
0.6155,  0.086804
0.6160,  0.067098
0.6165,  0.045029
0.6170,  0.061716
0.6175,  0.078766
0.6180,  0.083619
0.6185,  0.087834
0.6190,  0.086709
0.6195,  0.082680
0.6200,  0.086365
0.6205,  0.090286
0.6210,  0.081320
0.6215,  0.073444
0.6220,  0.079917
0.6225,  0.086560
0.6230,  0.080925
0.6235,  0.077079
0.6240,  0.081173
0.6245,  0.081503
0.6250,  0.077096
0.6255,  0.072508
0.6260,  0.084282
0.6265,  0.096306
0.6270,  0.097376
0.6275,  0.099287
0.6280,  0.100410
0.6285,  0.102875
0.6290,  0.102128
0.6295,  0.100068
0.6300,  0.096216
0.6305,  0.091011
0.6310,  0.084719
0.6315,  0.082021
0.6320,  0.081273
0.6325,  0.080974
0.6330,  0.082154
0.6335,  0.082313
0.6340,  0.084197
0.6345,  0.086926
0.6350,  0.089363
0.6355,  0.091280
0.6360,  0.092054
0.6365,  0.088745
0.6370,  0.083923
0.6375,  0.080510
0.6380,  0.080242
0.6385,  0.082871
0.6390,  0.085513
0.6395,  0.084723
0.6400,  0.083476
0.6405,  0.080606
0.6410,  0.075722
0.6415,  0.075476
0.6420,  0.075033
0.6425,  0.073998
0.6430,  0.073264
0.6435,  0.073763
0.6440,  0.074213
0.6445,  0.077327
0.6450,  0.082735
0.6455,  0.085534
0.6460,  0.088161
0.6465,  0.089544
0.6470,  0.089252
0.6475,  0.086909
0.6480,  0.084745
0.6485,  0.083639
0.6490,  0.080446
0.6495,  0.084411
0.6500,  0.086334
0.6505,  0.091401
0.6510,  0.097872
0.6515,  0.097012
0.6520,  0.095688
0.6525,  0.093594
0.6530,  0.092322
0.6535,  0.086108
0.6540,  0.084198
0.6545,  0.087161
0.6550,  0.093616
0.6555,  0.091420
0.6560,  0.082450
0.6565,  0.062671
0.6570,  0.035684
0.6575,  0.043412
0.6580,  0.053309
0.6585,  0.063174
0.6590,  0.073427
0.6595,  0.070985
0.6600,  0.067262
0.6605,  0.063129
0.6610,  0.060289
0.6615,  0.057562
0.6620,  0.058090
0.6625,  0.059018
0.6630,  0.060051
0.6635,  0.062295
0.6640,  0.063090
0.6645,  0.063385
0.6650,  0.063830
0.6655,  0.061303
0.6660,  0.059515
0.6665,  0.056867
0.6670,  0.053509
0.6675,  0.054834
0.6680,  0.055059
0.6685,  0.056928
0.6690,  0.058646
0.6695,  0.056977
0.6700,  0.055245
0.6705,  0.055100
0.6710,  0.057842
0.6715,  0.060986
0.6720,  0.061277
0.6725,  0.060551
0.6730,  0.058407
0.6735,  0.054345
0.6740,  0.051852
0.6745,  0.049561
0.6750,  0.049478
0.6755,  0.053374
0.6760,  0.056532
0.6765,  0.058991
0.6770,  0.061614
0.6775,  0.061551
0.6780,  0.059589
0.6785,  0.058702
0.6790,  0.055306
0.6795,  0.052345
0.6800,  0.051117
0.6805,  0.050998
0.6810,  0.052458
0.6815,  0.053685
0.6820,  0.057030
0.6825,  0.059057
0.6830,  0.061411
0.6835,  0.062750
0.6840,  0.061626
0.6845,  0.061813
0.6850,  0.064656
0.6855,  0.082583
0.6860,  0.109358
0.6865,  0.137061
0.6870,  0.155710
0.6875,  0.157977
0.6880,  0.155060
0.6885,  0.148581
0.6890,  0.144373
0.6895,  0.139419
0.6900,  0.134186
0.6905,  0.128790
0.6910,  0.123124
0.6915,  0.118743
0.6920,  0.115259
0.6925,  0.113808
0.6930,  0.115588
0.6935,  0.116687
0.6940,  0.117094
0.6945,  0.116105
0.6950,  0.113835
0.6955,  0.106169
0.6960,  0.097118
0.6965,  0.091068
0.6970,  0.086386
0.6975,  0.087731
0.6980,  0.090882
0.6985,  0.094832
0.6990,  0.099365
0.6995,  0.100196
0.7000,  0.100051
0.7005,  0.100188
0.7010,  0.096692
0.7015,  0.097898
0.7020,  0.097409
0.7025,  0.096687
0.7030,  0.094105
0.7035,  0.094691
0.7040,  0.096137
0.7045,  0.099704
0.7050,  0.102450
0.7055,  0.100165
0.7060,  0.096381
0.7065,  0.090144
0.7070,  0.085863
0.7075,  0.082097
0.7080,  0.080422
0.7085,  0.079989
0.7090,  0.081032
0.7095,  0.084215
0.7100,  0.083915
0.7105,  0.083437
0.7110,  0.083701
0.7115,  0.083325
0.7120,  0.082089
0.7125,  0.083486
0.7130,  0.083740
0.7135,  0.084575
0.7140,  0.086340
0.7145,  0.088871
0.7150,  0.093470
0.7155,  0.103897
0.7160,  0.124000
0.7165,  0.151392
0.7170,  0.178610
0.7175,  0.198390
0.7180,  0.216201
0.7185,  0.228596
0.7190,  0.230493
0.7195,  0.232399
0.7200,  0.221598
0.7205,  0.202871
0.7210,  0.179000
0.7215,  0.160236
0.7220,  0.158994
0.7225,  0.169202
0.7230,  0.184803
0.7235,  0.196123
0.7240,  0.205200
0.7245,  0.209956
0.7250,  0.213740
0.7255,  0.213991
0.7260,  0.215311
0.7265,  0.216189
0.7270,  0.215075
0.7275,  0.208971
0.7280,  0.204704
0.7285,  0.202015
0.7290,  0.195907
0.7295,  0.192966
0.7300,  0.185703
0.7305,  0.181024
0.7310,  0.177691
0.7315,  0.170739
0.7320,  0.159138
0.7325,  0.144677
0.7330,  0.126575
0.7335,  0.113768
0.7340,  0.106399
0.7345,  0.104642
0.7350,  0.107355
0.7355,  0.110001
0.7360,  0.108775
0.7365,  0.103384
0.7370,  0.098897
0.7375,  0.092911
0.7380,  0.089791
0.7385,  0.085670
0.7390,  0.080001
0.7395,  0.077642
0.7400,  0.076129
0.7405,  0.072950
0.7410,  0.069091
0.7415,  0.074537
0.7420,  0.074899
0.7425,  0.075804
0.7430,  0.077062
0.7435,  0.073678
0.7440,  0.072462
0.7445,  0.071306
0.7450,  0.070269
0.7455,  0.070842
0.7460,  0.071535
0.7465,  0.074212
0.7470,  0.075990
0.7475,  0.071317
0.7480,  0.068091
0.7485,  0.066240
0.7490,  0.068167
0.7495,  0.070132
0.7500,  0.070895
0.7505,  0.070928
0.7510,  0.069867
0.7515,  0.066712
0.7520,  0.063749
0.7525,  0.062237
0.7530,  0.060608
0.7535,  0.060591
0.7540,  0.061897
0.7545,  0.064414
0.7550,  0.064097
0.7555,  0.062010
0.7560,  0.061913
0.7565,  0.059342
0.7570,  0.062749
0.7575,  0.069850
0.7580,  0.091136
0.7585,  0.141913
0.7590,  0.225575
0.7595,  0.332806
0.7600,  0.440053
0.7605,  0.503104
0.7610,  0.514277
0.7615,  0.495121
0.7620,  0.479693
0.7625,  0.473647
0.7630,  0.469036
0.7635,  0.445799
0.7640,  0.404527
0.7645,  0.358070
0.7650,  0.308531
0.7655,  0.257420
0.7660,  0.212201
0.7665,  0.174328
0.7670,  0.142705
0.7675,  0.125308
0.7680,  0.110604
0.7685,  0.100171
0.7690,  0.093668
0.7695,  0.087178
0.7700,  0.080351
0.7705,  0.075480
0.7710,  0.070611
0.7715,  0.068417
0.7720,  0.067683
0.7725,  0.066071
0.7730,  0.069305
0.7735,  0.066847
0.7740,  0.062929
0.7745,  0.061583
0.7750,  0.058210
0.7755,  0.060606
0.7760,  0.060666
0.7765,  0.061230
0.7770,  0.062675
0.7775,  0.062733
0.7780,  0.060898
0.7785,  0.061648
0.7790,  0.060249
0.7795,  0.057725
0.7800,  0.056214
0.7805,  0.057844
0.7810,  0.061120
0.7815,  0.061282
0.7820,  0.065111
0.7825,  0.064277
0.7830,  0.059091
0.7835,  0.058991
0.7840,  0.062406
0.7845,  0.065243
0.7850,  0.069073
0.7855,  0.068969
0.7860,  0.071100
0.7865,  0.068852
0.7870,  0.067389
0.7875,  0.069387
0.7880,  0.072647
0.7885,  0.071738
0.7890,  0.074082
0.7895,  0.072823
0.7900,  0.070931
0.7905,  0.071805
0.7910,  0.071329
0.7915,  0.071779
0.7920,  0.074391
0.7925,  0.076635
0.7930,  0.079069
0.7935,  0.081078
0.7940,  0.079562
0.7945,  0.079032
0.7950,  0.075960
0.7955,  0.078006
0.7960,  0.078022
0.7965,  0.076049
0.7970,  0.075248
0.7975,  0.073750
0.7980,  0.073818
0.7985,  0.076003
0.7990,  0.077594
0.7995,  0.082235
0.8000,  0.085364
0.8005,  0.084059
0.8010,  0.084681
0.8015,  0.086155
0.8020,  0.087324
0.8025,  0.087881
0.8030,  0.083761
0.8035,  0.081092
0.8040,  0.077336
0.8045,  0.073457
0.8050,  0.070835
0.8055,  0.067501
0.8060,  0.069054
0.8065,  0.067735
0.8070,  0.067974
0.8075,  0.065815
0.8080,  0.065962
0.8085,  0.065132
0.8090,  0.062683
0.8095,  0.066552
0.8100,  0.073081
0.8105,  0.086379
0.8110,  0.095933
0.8115,  0.104037
0.8120,  0.114739
0.8125,  0.131699
0.8130,  0.149351
0.8135,  0.163307
0.8140,  0.177537
0.8145,  0.191697
0.8150,  0.208920
0.8155,  0.221438
0.8160,  0.228566
0.8165,  0.230902
0.8170,  0.225927
0.8175,  0.215024
0.8180,  0.207556
0.8185,  0.200111
0.8190,  0.192836
0.8195,  0.185420
0.8200,  0.174658
0.8205,  0.159737
0.8210,  0.158535
0.8215,  0.167679
0.8220,  0.186402
0.8225,  0.207410
0.8230,  0.207967
0.8235,  0.190556
0.8240,  0.167635
0.8245,  0.149852
0.8250,  0.133354
0.8255,  0.129903
0.8260,  0.129979
0.8265,  0.131321
0.8270,  0.142937
0.8275,  0.156794
0.8280,  0.165621
0.8285,  0.169363
0.8290,  0.163438
0.8295,  0.158544
0.8300,  0.150829
0.8305,  0.144391
0.8310,  0.141429
0.8315,  0.139791
0.8320,  0.138244
0.8325,  0.137734
0.8330,  0.138089
0.8335,  0.130400
0.8340,  0.119377
0.8345,  0.107338
0.8350,  0.101074
0.8355,  0.099611
0.8360,  0.099571
0.8365,  0.095596
0.8370,  0.088781
0.8375,  0.081299
0.8380,  0.074554
0.8385,  0.071712
0.8390,  0.066861
0.8395,  0.063308
0.8400,  0.059226
0.8405,  0.060181
0.8410,  0.060287
0.8415,  0.060005
0.8420,  0.059213
0.8425,  0.056909
0.8430,  0.056605
0.8435,  0.055366
0.8440,  0.055129
0.8445,  0.055164
0.8450,  0.052703
0.8455,  0.048932
0.8460,  0.052121
0.8465,  0.051663
0.8470,  0.052090
0.8475,  0.049408
0.8480,  0.053114
0.8485,  0.051256
0.8490,  0.048761
0.8495,  0.048395
0.8500,  0.045269
0.8505,  0.049417
0.8510,  0.048824
0.8515,  0.049497
0.8520,  0.047049
0.8525,  0.036307
0.8530,  0.036151
0.8535,  0.035297
0.8540,  0.024513
0.8545,  0.042387
0.8550,  0.043894
0.8555,  0.036177
0.8560,  0.035620
0.8565,  0.030639
0.8570,  0.032964
0.8575,  0.037822
0.8580,  0.042854
0.8585,  0.042311
0.8590,  0.042322
0.8595,  0.040061
0.8600,  0.037856
0.8605,  0.037942
0.8610,  0.038078
0.8615,  0.035979
0.8620,  0.032727
0.8625,  0.035782
0.8630,  0.035565
0.8635,  0.036551
0.8640,  0.043740
0.8645,  0.037828
0.8650,  0.029935
0.8655,  0.023195
0.8660,  0.016303
0.8665,  0.030141
0.8670,  0.035070
0.8675,  0.030734
0.8680,  0.026259
0.8685,  0.027074
0.8690,  0.031168
0.8695,  0.039202
0.8700,  0.050918
0.8705,  0.052670
0.8710,  0.050926
0.8715,  0.043799
0.8720,  0.047180
0.8725,  0.046549
0.8730,  0.040798
0.8735,  0.035049
0.8740,  0.033172
0.8745,  0.030544
0.8750,  0.030447
0.8755,  0.033680
0.8760,  0.035344
0.8765,  0.037221
0.8770,  0.042456
0.8775,  0.043662
0.8780,  0.044389
0.8785,  0.045803
0.8790,  0.047482
0.8795,  0.046573
0.8800,  0.039837
0.8805,  0.036133
0.8810,  0.032585
0.8815,  0.025064
0.8820,  0.023860
0.8825,  0.030805
0.8830,  0.036857
0.8835,  0.039146
0.8840,  0.036601
0.8845,  0.030332
0.8850,  0.025145
0.8855,  0.033858
0.8860,  0.040899
0.8865,  0.045793
0.8870,  0.044239
0.8875,  0.038442
0.8880,  0.030739
0.8885,  0.028823
0.8890,  0.027951
0.8895,  0.029421
0.8900,  0.030585
