0.3500,  2.849785
0.3505,  2.806915
0.3510,  2.502277
0.3515,  2.326723
0.3520,  2.218648
0.3525,  2.088233
0.3530,  2.054509
0.3535,  1.997941
0.3540,  1.916420
0.3545,  1.898432
0.3550,  1.864807
0.3555,  1.891461
0.3560,  1.902402
0.3565,  1.959616
0.3570,  2.058079
0.3575,  2.156153
0.3580,  2.224650
0.3585,  2.352308
0.3590,  2.486190
0.3595,  2.506922
0.3600,  2.350412
0.3605,  2.273517
0.3610,  2.156480
0.3615,  2.017369
0.3620,  1.961507
0.3625,  1.941240
0.3630,  1.882880
0.3635,  1.846923
0.3640,  1.787174
0.3645,  1.690296
0.3650,  1.670709
0.3655,  1.638325
0.3660,  1.588669
0.3665,  1.567890
0.3670,  1.486119
0.3675,  1.416447
0.3680,  1.338258
0.3685,  1.272102
0.3690,  1.308376
0.3695,  1.342989
0.3700,  1.310282
0.3705,  1.302536
0.3710,  1.330927
0.3715,  1.358521
0.3720,  1.348797
0.3725,  1.334212
0.3730,  1.306779
0.3735,  1.286960
0.3740,  1.333106
0.3745,  1.371117
0.3750,  1.456347
0.3755,  1.508481
0.3760,  1.463493
0.3765,  1.388161
0.3770,  1.385797
0.3775,  1.391053
0.3780,  1.361131
0.3785,  1.360448
0.3790,  1.267801
0.3795,  1.169735
0.3800,  1.227301
0.3805,  1.276596
0.3810,  1.239822
0.3815,  1.227166
0.3820,  1.173739
0.3825,  1.117456
0.3830,  1.142471
0.3835,  1.135514
0.3840,  1.335527
0.3845,  1.508493
0.3850,  1.536595
0.3855,  1.537289
0.3860,  1.506346
0.3865,  1.486455
0.3870,  1.462332
0.3875,  1.431224
0.3880,  1.402435
0.3885,  1.349178
0.3890,  1.366746
0.3895,  1.363823
0.3900,  1.306751
0.3905,  1.243572
0.3910,  1.213466
0.3915,  1.231026
0.3920,  1.136882
0.3925,  1.056099
0.3930,  0.922699
0.3935,  0.717572
0.3940,  1.056082
0.3945,  1.279239
0.3950,  1.384010
0.3955,  1.475387
0.3960,  1.294023
0.3965,  1.073830
0.3970,  1.075707
0.3975,  1.045436
0.3980,  1.203452
0.3985,  1.292459
0.3990,  1.231302
0.3995,  1.189556
0.4000,  1.125893
0.4005,  1.064198
0.4010,  1.018695
0.4015,  0.978835
0.4020,  0.931118
0.4025,  0.899499
0.4030,  0.857812
0.4035,  0.821840
0.4040,  0.808397
0.4045,  0.799726
0.4050,  0.799475
0.4055,  0.803832
0.4060,  0.788334
0.4065,  0.774334
0.4070,  0.790308
0.4075,  0.800944
0.4080,  0.827394
0.4085,  0.851628
0.4090,  0.841109
0.4095,  0.835068
0.4100,  0.784640
0.4105,  0.723525
0.4110,  0.785921
0.4115,  0.839562
0.4120,  0.811425
0.4125,  0.787417
0.4130,  0.771538
0.4135,  0.761927
0.4140,  0.757168
0.4145,  0.751171
0.4150,  0.747113
0.4155,  0.740958
0.4160,  0.761881
0.4165,  0.788237
0.4170,  0.746345
0.4175,  0.692301
0.4180,  0.693182
0.4185,  0.701139
0.4190,  0.710661
0.4195,  0.715853
0.4200,  0.732639
0.4205,  0.753004
0.4210,  0.768307
0.4215,  0.784326
0.4220,  0.730005
0.4225,  0.671823
0.4230,  0.701882
0.4235,  0.734147
0.4240,  0.746243
0.4245,  0.754558
0.4250,  0.739065
0.4255,  0.724766
0.4260,  0.731200
0.4265,  0.741424
0.4270,  0.718374
0.4275,  0.691563
0.4280,  0.700845
0.4285,  0.712256
0.4290,  0.694826
0.4295,  0.691467
0.4300,  0.610093
0.4305,  0.511371
0.4310,  0.715008
0.4315,  0.864800
0.4320,  0.836483
0.4325,  0.795816
0.4330,  0.784678
0.4335,  0.775833
0.4340,  0.739096
0.4345,  0.708830
0.4350,  0.703687
0.4355,  0.700606
0.4360,  0.734411
0.4365,  0.769248
0.4370,  0.730628
0.4375,  0.699165
0.4380,  0.640550
0.4385,  0.575171
0.4390,  0.642019
0.4395,  0.708582
0.4400,  0.683074
0.4405,  0.647332
0.4410,  0.688362
0.4415,  0.723372
0.4420,  0.717234
0.4425,  0.713998
0.4430,  0.682309
0.4435,  0.651890
0.4440,  0.657069
0.4445,  0.667839
0.4450,  0.630184
0.4455,  0.586570
0.4460,  0.601368
0.4465,  0.614324
0.4470,  0.649625
0.4475,  0.682917
0.4480,  0.656232
0.4485,  0.629322
0.4490,  0.630438
0.4495,  0.628389
0.4500,  0.640009
0.4505,  0.658898
0.4510,  0.649566
0.4515,  0.637682
0.4520,  0.602011
0.4525,  0.569379
0.4530,  0.577829
0.4535,  0.587008
0.4540,  0.593064
0.4545,  0.596654
0.4550,  0.605704
0.4555,  0.616029
0.4560,  0.621791
0.4565,  0.626723
0.4570,  0.625614
0.4575,  0.628312
0.4580,  0.600777
0.4585,  0.573020
0.4590,  0.577959
0.4595,  0.584009
0.4600,  0.589871
0.4605,  0.593042
0.4610,  0.590757
0.4615,  0.587512
0.4620,  0.593331
0.4625,  0.601654
0.4630,  0.587727
0.4635,  0.578216
0.4640,  0.568014
0.4645,  0.556236
0.4650,  0.576650
0.4655,  0.601848
0.4660,  0.581005
0.4665,  0.554648
0.4670,  0.580050
0.4675,  0.602203
0.4680,  0.595816
0.4685,  0.590500
0.4690,  0.587769
0.4695,  0.593877
0.4700,  0.573559
0.4705,  0.549289
0.4710,  0.580895
0.4715,  0.609040
0.4720,  0.603606
0.4725,  0.597013
0.4730,  0.578225
0.4735,  0.562413
0.4740,  0.570368
0.4745,  0.578742
0.4750,  0.566811
0.4755,  0.555099
0.4760,  0.539455
0.4765,  0.525436
0.4770,  0.551238
0.4775,  0.573650
0.4780,  0.552806
0.4785,  0.535436
0.4790,  0.549787
0.4795,  0.563274
0.4800,  0.550993
0.4805,  0.540960
0.4810,  0.548543
0.4815,  0.554079
0.4820,  0.536334
0.4825,  0.520425
0.4830,  0.518664
0.4835,  0.517726
0.4840,  0.514734
0.4845,  0.517822
0.4850,  0.502889
0.4855,  0.489483
0.4860,  0.458431
0.4865,  0.416592
0.4870,  0.473487
0.4875,  0.518889
0.4880,  0.528571
0.4885,  0.535850
0.4890,  0.533051
0.4895,  0.529285
0.4900,  0.526376
0.4905,  0.530704
0.4910,  0.503753
0.4915,  0.477941
0.4920,  0.479064
0.4925,  0.476557
0.4930,  0.471482
0.4935,  0.463599
0.4940,  0.495170
0.4945,  0.524688
0.4950,  0.488296
0.4955,  0.450079
0.4960,  0.464558
0.4965,  0.479103
0.4970,  0.478980
0.4975,  0.484553
0.4980,  0.454058
0.4985,  0.421596
0.4990,  0.449771
0.4995,  0.476884
0.5000,  0.454261
0.5005,  0.430415
0.5010,  0.422070
0.5015,  0.411496
0.5020,  0.430396
0.5025,  0.448935
0.5030,  0.458824
0.5035,  0.465883
0.5040,  0.449696
0.5045,  0.431821
0.5050,  0.454435
0.5055,  0.475648
0.5060,  0.462982
0.5065,  0.449926
0.5070,  0.435496
0.5075,  0.423333
0.5080,  0.425907
0.5085,  0.428229
0.5090,  0.426114
0.5095,  0.423653
0.5100,  0.428031
0.5105,  0.432934
0.5110,  0.443988
0.5115,  0.453477
0.5120,  0.423036
0.5125,  0.397703
0.5130,  0.405416
0.5135,  0.408484
0.5140,  0.416516
0.5145,  0.419837
0.5150,  0.427369
0.5155,  0.441374
0.5160,  0.399188
0.5165,  0.355504
0.5170,  0.384807
0.5175,  0.411184
0.5180,  0.397941
0.5185,  0.376145
0.5190,  0.415107
0.5195,  0.450844
0.5200,  0.440722
0.5205,  0.429867
0.5210,  0.439293
0.5215,  0.448049
0.5220,  0.421618
0.5225,  0.394898
0.5230,  0.409342
0.5235,  0.420965
0.5240,  0.430416
0.5245,  0.440626
0.5250,  0.433406
0.5255,  0.431683
0.5260,  0.379867
0.5265,  0.324330
0.5270,  0.370635
0.5275,  0.408362
0.5280,  0.417078
0.5285,  0.421911
0.5290,  0.417978
0.5295,  0.413159
0.5300,  0.412734
0.5305,  0.413471
0.5310,  0.411820
0.5315,  0.416692
0.5320,  0.379016
0.5325,  0.337101
0.5330,  0.379961
0.5335,  0.418180
0.5340,  0.403290
0.5345,  0.385023
0.5350,  0.410562
0.5355,  0.434321
0.5360,  0.404261
0.5365,  0.376658
0.5370,  0.379274
0.5375,  0.383238
0.5380,  0.391251
0.5385,  0.401714
0.5390,  0.388845
0.5395,  0.378594
0.5400,  0.369162
0.5405,  0.359631
0.5410,  0.389985
0.5415,  0.416247
0.5420,  0.399569
0.5425,  0.382005
0.5430,  0.390612
0.5435,  0.398883
0.5440,  0.397621
0.5445,  0.398076
0.5450,  0.403683
0.5455,  0.409431
0.5460,  0.404678
0.5465,  0.398180
0.5470,  0.386469
0.5475,  0.375563
0.5480,  0.383331
0.5485,  0.388903
0.5490,  0.394729
0.5495,  0.401515
0.5500,  0.393781
0.5505,  0.386033
0.5510,  0.388452
0.5515,  0.390441
0.5520,  0.386125
0.5525,  0.381855
0.5530,  0.392778
0.5535,  0.401057
0.5540,  0.403156
0.5545,  0.403461
0.5550,  0.401784
0.5555,  0.402987
0.5560,  0.388647
0.5565,  0.374202
0.5570,  0.383160
0.5575,  0.395094
0.5580,  0.385815
0.5585,  0.377546
0.5590,  0.386725
0.5595,  0.394307
0.5600,  0.401273
0.5605,  0.406734
0.5610,  0.399791
0.5615,  0.391272
0.5620,  0.393117
0.5625,  0.398549
0.5630,  0.403071
0.5635,  0.407242
0.5640,  0.407243
0.5645,  0.408628
0.5650,  0.398755
0.5655,  0.389033
0.5660,  0.395473
0.5665,  0.402547
0.5670,  0.414883
0.5675,  0.428481
0.5680,  0.409510
0.5685,  0.391538
0.5690,  0.405374
0.5695,  0.421399
0.5700,  0.403334
0.5705,  0.382407
0.5710,  0.394965
0.5715,  0.403214
0.5720,  0.413111
0.5725,  0.421640
0.5730,  0.412480
0.5735,  0.407157
0.5740,  0.406645
0.5745,  0.406556
0.5750,  0.399866
0.5755,  0.392406
0.5760,  0.395746
0.5765,  0.397790
0.5770,  0.401168
0.5775,  0.408048
0.5780,  0.391729
0.5785,  0.373150
0.5790,  0.381515
0.5795,  0.389922
0.5800,  0.390356
0.5805,  0.391020
0.5810,  0.394594
0.5815,  0.397390
0.5820,  0.400279
0.5825,  0.399613
0.5830,  0.391090
0.5835,  0.386490
0.5840,  0.389226
0.5845,  0.394397
0.5850,  0.381953
0.5855,  0.368467
0.5860,  0.383885
0.5865,  0.398992
0.5870,  0.407345
0.5875,  0.419241
0.5880,  0.409371
0.5885,  0.401709
0.5890,  0.383785
0.5895,  0.357731
0.5900,  0.413319
0.5905,  0.460194
0.5910,  0.449779
0.5915,  0.437609
0.5920,  0.435009
0.5925,  0.432245
0.5930,  0.423955
0.5935,  0.421377
0.5940,  0.417098
0.5945,  0.414843
0.5950,  0.421874
0.5955,  0.424100
0.5960,  0.425869
0.5965,  0.427639
0.5970,  0.417279
0.5975,  0.408311
0.5980,  0.403351
0.5985,  0.400482
0.5990,  0.411288
0.5995,  0.418612
0.6000,  0.413355
0.6005,  0.408943
0.6010,  0.411553
0.6015,  0.411790
0.6020,  0.399499
0.6025,  0.386840
0.6030,  0.401871
0.6035,  0.417549
0.6040,  0.412606
0.6045,  0.411821
0.6050,  0.411681
0.6055,  0.406817
0.6060,  0.404240
0.6065,  0.402286
0.6070,  0.402347
0.6075,  0.403915
0.6080,  0.403929
0.6085,  0.402780
0.6090,  0.408252
0.6095,  0.412209
0.6100,  0.405022
0.6105,  0.393263
0.6110,  0.403475
0.6115,  0.414603
0.6120,  0.405984
0.6125,  0.399608
0.6130,  0.401441
0.6135,  0.399556
0.6140,  0.412975
0.6145,  0.421104
0.6150,  0.424009
0.6155,  0.428030
0.6160,  0.401042
0.6165,  0.370985
0.6170,  0.394845
0.6175,  0.420032
0.6180,  0.424161
0.6185,  0.429435
0.6190,  0.427610
0.6195,  0.422637
0.6200,  0.429516
0.6205,  0.436259
0.6210,  0.422541
0.6215,  0.409512
0.6220,  0.418183
0.6225,  0.429618
0.6230,  0.420743
0.6235,  0.414582
0.6240,  0.420906
0.6245,  0.424542
0.6250,  0.422744
0.6255,  0.418096
0.6260,  0.432600
0.6265,  0.446890
0.6270,  0.445201
0.6275,  0.450629
0.6280,  0.456995
0.6285,  0.463190
0.6290,  0.465122
0.6295,  0.463960
0.6300,  0.456159
0.6305,  0.448588
0.6310,  0.439112
0.6315,  0.439112
0.6320,  0.436493
0.6325,  0.437364
0.6330,  0.438505
0.6335,  0.438422
0.6340,  0.440542
0.6345,  0.442566
0.6350,  0.443268
0.6355,  0.442320
0.6360,  0.439900
0.6365,  0.434243
0.6370,  0.427807
0.6375,  0.423562
0.6380,  0.424648
0.6385,  0.429527
0.6390,  0.436143
0.6395,  0.439142
0.6400,  0.441445
0.6405,  0.442211
0.6410,  0.438437
0.6415,  0.438043
0.6420,  0.433465
0.6425,  0.428435
0.6430,  0.424803
0.6435,  0.426518
0.6440,  0.430257
0.6445,  0.437303
0.6450,  0.447942
0.6455,  0.453691
0.6460,  0.459690
0.6465,  0.462994
0.6470,  0.462544
0.6475,  0.458212
0.6480,  0.452803
0.6485,  0.447668
0.6490,  0.448085
0.6495,  0.458111
0.6500,  0.461466
0.6505,  0.464165
0.6510,  0.473028
0.6515,  0.475747
0.6520,  0.475492
0.6525,  0.472773
0.6530,  0.472019
0.6535,  0.456976
0.6540,  0.445007
0.6545,  0.441797
0.6550,  0.449119
0.6555,  0.451944
0.6560,  0.450027
0.6565,  0.440305
0.6570,  0.410829
0.6575,  0.422537
0.6580,  0.433000
0.6585,  0.443709
0.6590,  0.456164
0.6595,  0.448469
0.6600,  0.438266
0.6605,  0.429697
0.6610,  0.425247
0.6615,  0.418841
0.6620,  0.414582
0.6625,  0.417355
0.6630,  0.420439
0.6635,  0.424641
0.6640,  0.429611
0.6645,  0.433728
0.6650,  0.436770
0.6655,  0.433069
0.6660,  0.428724
0.6665,  0.424709
0.6670,  0.419234
0.6675,  0.421328
0.6680,  0.417482
0.6685,  0.421409
0.6690,  0.428211
0.6695,  0.429713
0.6700,  0.432091
0.6705,  0.435772
0.6710,  0.435903
0.6715,  0.440618
0.6720,  0.441972
0.6725,  0.440066
0.6730,  0.436247
0.6735,  0.431360
0.6740,  0.430199
0.6745,  0.431044
0.6750,  0.430552
0.6755,  0.435782
0.6760,  0.440899
0.6765,  0.444494
0.6770,  0.449377
0.6775,  0.452245
0.6780,  0.453803
0.6785,  0.451482
0.6790,  0.448829
0.6795,  0.447425
0.6800,  0.449179
0.6805,  0.452035
0.6810,  0.449565
0.6815,  0.447156
0.6820,  0.453150
0.6825,  0.462165
0.6830,  0.473404
0.6835,  0.478576
0.6840,  0.479712
0.6845,  0.475654
0.6850,  0.472257
0.6855,  0.481668
0.6860,  0.508892
0.6865,  0.553482
0.6870,  0.601445
0.6875,  0.638299
0.6880,  0.653725
0.6885,  0.654427
0.6890,  0.654156
0.6895,  0.644477
0.6900,  0.628601
0.6905,  0.608064
0.6910,  0.587246
0.6915,  0.575989
0.6920,  0.566942
0.6925,  0.567037
0.6930,  0.571256
0.6935,  0.572937
0.6940,  0.578076
0.6945,  0.577387
0.6950,  0.574958
0.6955,  0.567825
0.6960,  0.560232
0.6965,  0.551684
0.6970,  0.544745
0.6975,  0.547190
0.6980,  0.552658
0.6985,  0.558318
0.6990,  0.565277
0.6995,  0.569265
0.7000,  0.567276
0.7005,  0.572336
0.7010,  0.573256
0.7015,  0.578619
0.7020,  0.578367
0.7025,  0.575158
0.7030,  0.571636
0.7035,  0.571821
0.7040,  0.570200
0.7045,  0.572849
0.7050,  0.576282
0.7055,  0.574427
0.7060,  0.574926
0.7065,  0.572450
0.7070,  0.564406
0.7075,  0.561835
0.7080,  0.558328
0.7085,  0.553222
0.7090,  0.546978
0.7095,  0.546473
0.7100,  0.549511
0.7105,  0.549959
0.7110,  0.550816
0.7115,  0.552395
0.7120,  0.556169
0.7125,  0.557917
0.7130,  0.559022
0.7135,  0.560075
0.7140,  0.570768
0.7145,  0.585116
0.7150,  0.594531
0.7155,  0.605707
0.7160,  0.634850
0.7165,  0.674147
0.7170,  0.724916
0.7175,  0.782566
0.7180,  0.837268
0.7185,  0.880567
0.7190,  0.911631
0.7195,  0.927473
0.7200,  0.910257
0.7205,  0.878857
0.7210,  0.840483
0.7215,  0.802511
0.7220,  0.787665
0.7225,  0.788563
0.7230,  0.806793
0.7235,  0.830472
0.7240,  0.855543
0.7245,  0.878526
0.7250,  0.884828
0.7255,  0.888143
0.7260,  0.884624
0.7265,  0.884273
0.7270,  0.882131
0.7275,  0.869522
0.7280,  0.865545
0.7285,  0.863663
0.7290,  0.854319
0.7295,  0.847296
0.7300,  0.844125
0.7305,  0.832478
0.7310,  0.821174
0.7315,  0.809001
0.7320,  0.784959
0.7325,  0.762597
0.7330,  0.738812
0.7335,  0.715308
0.7340,  0.706264
0.7345,  0.698361
0.7350,  0.691638
0.7355,  0.694463
0.7360,  0.700950
0.7365,  0.696479
0.7370,  0.687780
0.7375,  0.681971
0.7380,  0.673483
0.7385,  0.668468
0.7390,  0.662486
0.7395,  0.659832
0.7400,  0.655801
0.7405,  0.657042
0.7410,  0.655055
0.7415,  0.661609
0.7420,  0.660653
0.7425,  0.652599
0.7430,  0.644797
0.7435,  0.636225
0.7440,  0.634079
0.7445,  0.636652
0.7450,  0.639803
0.7455,  0.641754
0.7460,  0.638010
0.7465,  0.643260
0.7470,  0.647674
0.7475,  0.639914
0.7480,  0.636110
0.7485,  0.636485
0.7490,  0.636740
0.7495,  0.640997
0.7500,  0.645799
0.7505,  0.645365
0.7510,  0.648553
0.7515,  0.656953
0.7520,  0.660006
0.7525,  0.666075
0.7530,  0.664038
0.7535,  0.668685
0.7540,  0.663659
0.7545,  0.651482
0.7550,  0.642245
0.7555,  0.641142
0.7560,  0.647517
0.7565,  0.652121
0.7570,  0.656126
0.7575,  0.674596
0.7580,  0.705444
0.7585,  0.779416
0.7590,  0.935773
0.7595,  1.193183
0.7600,  1.558413
0.7605,  1.965786
0.7610,  2.314841
0.7615,  2.382517
0.7620,  2.247198
0.7625,  2.201770
0.7630,  2.213095
0.7635,  2.176413
0.7640,  2.029248
0.7645,  1.814275
0.7650,  1.604058
0.7655,  1.411361
0.7660,  1.254758
0.7665,  1.131416
0.7670,  1.025130
0.7675,  0.959433
0.7680,  0.901478
0.7685,  0.857282
0.7690,  0.824810
0.7695,  0.817791
0.7700,  0.805654
0.7705,  0.793662
0.7710,  0.784768
0.7715,  0.769553
0.7720,  0.770583
0.7725,  0.764877
0.7730,  0.759621
0.7735,  0.753669
0.7740,  0.742243
0.7745,  0.741899
0.7750,  0.745181
0.7755,  0.747874
0.7760,  0.748175
0.7765,  0.751561
0.7770,  0.751985
0.7775,  0.749825
0.7780,  0.754146
0.7785,  0.748767
0.7790,  0.756104
0.7795,  0.768563
0.7800,  0.783110
0.7805,  0.792046
0.7810,  0.794584
0.7815,  0.793085
0.7820,  0.792164
0.7825,  0.787490
0.7830,  0.793435
0.7835,  0.790644
0.7840,  0.791873
0.7845,  0.796227
0.7850,  0.806803
0.7855,  0.809143
0.7860,  0.813385
0.7865,  0.831577
0.7870,  0.840667
0.7875,  0.850110
0.7880,  0.858886
0.7885,  0.868695
0.7890,  0.880175
0.7895,  0.894875
0.7900,  0.898770
0.7905,  0.908059
0.7910,  0.915302
0.7915,  0.927319
0.7920,  0.943087
0.7925,  0.960228
0.7930,  0.944790
0.7935,  0.940985
0.7940,  0.934180
0.7945,  0.926602
0.7950,  0.927578
0.7955,  0.934439
0.7960,  0.938269
0.7965,  0.937751
0.7970,  0.933456
0.7975,  0.948529
0.7980,  0.951506
0.7985,  0.940139
0.7990,  0.924982
0.7995,  0.923590
0.8000,  0.939736
0.8005,  0.957340
0.8010,  0.965912
0.8015,  0.955175
0.8020,  0.950047
0.8025,  0.952703
0.8030,  0.955503
0.8035,  0.961220
0.8040,  0.946307
0.8045,  0.961445
0.8050,  0.958648
0.8055,  0.955743
0.8060,  0.974194
0.8065,  0.986404
0.8070,  0.984830
0.8075,  0.978151
0.8080,  0.983728
0.8085,  0.981561
0.8090,  0.999780
0.8095,  1.037108
0.8100,  1.044991
0.8105,  1.073650
0.8110,  1.103985
0.8115,  1.135729
0.8120,  1.159571
0.8125,  1.214207
0.8130,  1.287310
0.8135,  1.370198
0.8140,  1.456580
0.8145,  1.535921
0.8150,  1.574961
0.8155,  1.673569
0.8160,  1.809317
0.8165,  1.878814
0.8170,  1.891554
0.8175,  1.847728
0.8180,  1.782731
0.8185,  1.748995
0.8190,  1.709623
0.8195,  1.672991
0.8200,  1.620435
0.8205,  1.551976
0.8210,  1.501518
0.8215,  1.546975
0.8220,  1.687536
0.8225,  1.806388
0.8230,  1.896829
0.8235,  1.851115
0.8240,  1.752721
0.8245,  1.657532
0.8250,  1.582838
0.8255,  1.535177
0.8260,  1.485348
0.8265,  1.461755
0.8270,  1.480084
0.8275,  1.523295
0.8280,  1.570829
0.8285,  1.636694
0.8290,  1.675724
0.8295,  1.655024
0.8300,  1.614022
0.8305,  1.656257
0.8310,  1.688653
0.8315,  1.691265
0.8320,  1.686623
0.8325,  1.690259
0.8330,  1.667290
0.8335,  1.635718
0.8340,  1.556350
0.8345,  1.507619
0.8350,  1.489745
0.8355,  1.455374
0.8360,  1.440600
0.8365,  1.428745
0.8370,  1.411421
0.8375,  1.413667
0.8380,  1.397654
0.8385,  1.419765
0.8390,  1.429496
0.8395,  1.415261
0.8400,  1.370540
0.8405,  1.360890
0.8410,  1.362804
0.8415,  1.384789
0.8420,  1.416558
0.8425,  1.438868
0.8430,  1.431042
0.8435,  1.456641
0.8440,  1.462062
0.8445,  1.443252
0.8450,  1.434282
0.8455,  1.409225
0.8460,  1.435335
0.8465,  1.473838
0.8470,  1.521258
0.8475,  1.533238
0.8480,  1.568267
0.8485,  1.570353
0.8490,  1.602624
0.8495,  1.639597
0.8500,  1.643414
0.8505,  1.642219
0.8510,  1.622374
0.8515,  1.621269
0.8520,  1.620068
0.8525,  1.643535
0.8530,  1.676704
0.8535,  1.778840
0.8540,  1.880913
0.8545,  2.014090
0.8550,  2.055591
0.8555,  1.973690
0.8560,  1.876755
0.8565,  1.835310
0.8570,  1.809847
0.8575,  1.774864
0.8580,  1.730831
0.8585,  1.719489
0.8590,  1.718482
0.8595,  1.776600
0.8600,  1.827906
0.8605,  1.811892
0.8610,  1.771334
0.8615,  1.772697
0.8620,  1.765752
0.8625,  1.861896
0.8630,  1.912518
0.8635,  1.896032
0.8640,  1.931868
0.8645,  1.987005
0.8650,  2.157487
0.8655,  2.505013
0.8660,  2.838197
0.8665,  3.013005
0.8670,  3.022097
0.8675,  2.799135
0.8680,  2.623645
0.8685,  2.605003
0.8690,  2.422446
0.8695,  2.340093
0.8700,  2.316848
0.8705,  2.280632
0.8710,  2.358809
0.8715,  2.549713
0.8720,  2.735572
0.8725,  2.882753
0.8730,  2.880783
0.8735,  2.914434
0.8740,  3.230382
0.8745,  3.823039
0.8750,  3.708511
0.8755,  3.927133
0.8760,  3.793906
0.8765,  3.919018
0.8770,  4.336606
0.8775,  7.373734
0.8780,  Infinity
0.8785,  Infinity
0.8790,  Infinity
0.8795,  Infinity
0.8800,  Infinity
0.8805,  Infinity
0.8810,  Infinity
0.8815,  Infinity
0.8820,  Infinity
0.8825,  Infinity
0.8830,  Infinity
0.8835,  Infinity
0.8840,  Infinity
0.8845,  Infinity
0.8850,  Infinity
0.8855,  Infinity
0.8860,  Infinity
0.8865,  Infinity
0.8870,  Infinity
0.8875,  Infinity
0.8880,  Infinity
0.8885,  7.503535
0.8890,  5.422246
0.8895,  6.759923
0.8900,  Infinity
