0.3500,  0.239100
0.3505,  0.298622
0.3510,  0.261325
0.3515,  0.227771
0.3520,  0.197394
0.3525,  0.156775
0.3530,  0.199079
0.3535,  0.241926
0.3540,  0.258651
0.3545,  0.284324
0.3550,  0.266214
0.3555,  0.245208
0.3560,  0.207549
0.3565,  0.169230
0.3570,  0.140647
0.3575,  0.105455
0.3580,  0.058918
0.3585,  0.002763
0.3590,  0.161602
0.3595,  0.296856
0.3600,  0.280282
0.3605,  0.264609
0.3610,  0.219761
0.3615,  0.162413
0.3620,  0.199421
0.3625,  0.234242
0.3630,  0.219480
0.3635,  0.202227
0.3640,  0.191754
0.3645,  0.180596
0.3650,  0.216317
0.3655,  0.247759
0.3660,  0.261761
0.3665,  0.278232
0.3670,  0.257073
0.3675,  0.235123
0.3680,  0.202197
0.3685,  0.166671
0.3690,  0.209755
0.3695,  0.253518
0.3700,  0.226558
0.3705,  0.198542
0.3710,  0.220106
0.3715,  0.248100
0.3720,  0.222119
0.3725,  0.192012
0.3730,  0.153023
0.3735,  0.108073
0.3740,  0.109556
0.3745,  0.108059
0.3750,  0.181359
0.3755,  0.240831
0.3760,  0.232323
0.3765,  0.213700
0.3770,  0.255636
0.3775,  0.295975
0.3780,  0.292120
0.3785,  0.298764
0.3790,  0.212829
0.3795,  0.118885
0.3800,  0.175824
0.3805,  0.236839
0.3810,  0.216281
0.3815,  0.206653
0.3820,  0.130030
0.3825,  0.028560
0.3830,  -0.000481
0.3835,  -0.048779
0.3840,  0.104117
0.3845,  0.220588
0.3850,  0.225669
0.3855,  0.234123
0.3860,  0.218985
0.3865,  0.207361
0.3870,  0.202313
0.3875,  0.193239
0.3880,  0.172463
0.3885,  0.147121
0.3890,  0.201019
0.3895,  0.243394
0.3900,  0.243494
0.3905,  0.246862
0.3910,  0.265708
0.3915,  0.301762
0.3920,  0.220764
0.3925,  0.137237
0.3930,  -0.027032
0.3935,  -0.274766
0.3940,  -0.009048
0.3945,  0.178450
0.3950,  0.277905
0.3955,  0.375984
0.3960,  0.223240
0.3965,  0.027445
0.3970,  0.046749
0.3975,  0.037735
0.3980,  0.210448
0.3985,  0.328875
0.3990,  0.309422
0.3995,  0.300657
0.4000,  0.271212
0.4005,  0.247790
0.4010,  0.240517
0.4015,  0.238040
0.4020,  0.227984
0.4025,  0.224515
0.4030,  0.205239
0.4035,  0.186335
0.4040,  0.183353
0.4045,  0.183243
0.4050,  0.182766
0.4055,  0.181613
0.4060,  0.164501
0.4065,  0.146936
0.4070,  0.154075
0.4075,  0.159310
0.4080,  0.183330
0.4085,  0.210556
0.4090,  0.209902
0.4095,  0.209522
0.4100,  0.165704
0.4105,  0.109446
0.4110,  0.170338
0.4115,  0.227752
0.4120,  0.212615
0.4125,  0.197326
0.4130,  0.184657
0.4135,  0.174966
0.4140,  0.169375
0.4145,  0.161494
0.4150,  0.158552
0.4155,  0.152983
0.4160,  0.176476
0.4165,  0.203607
0.4170,  0.168666
0.4175,  0.130603
0.4180,  0.137899
0.4185,  0.145039
0.4190,  0.151526
0.4195,  0.153737
0.4200,  0.164108
0.4205,  0.174974
0.4210,  0.179958
0.4215,  0.189105
0.4220,  0.142307
0.4225,  0.091400
0.4230,  0.125925
0.4235,  0.159243
0.4240,  0.167925
0.4245,  0.182304
0.4250,  0.168161
0.4255,  0.153955
0.4260,  0.159711
0.4265,  0.168812
0.4270,  0.143469
0.4275,  0.113206
0.4280,  0.126017
0.4285,  0.140838
0.4290,  0.130330
0.4295,  0.124844
0.4300,  0.046520
0.4305,  -0.059825
0.4310,  0.114142
0.4315,  0.241201
0.4320,  0.204158
0.4325,  0.173754
0.4330,  0.183285
0.4335,  0.193021
0.4340,  0.169506
0.4345,  0.144324
0.4350,  0.144093
0.4355,  0.141502
0.4360,  0.177363
0.4365,  0.216449
0.4370,  0.189489
0.4375,  0.169592
0.4380,  0.121969
0.4385,  0.064444
0.4390,  0.130575
0.4395,  0.189366
0.4400,  0.159018
0.4405,  0.122351
0.4410,  0.159655
0.4415,  0.193479
0.4420,  0.190103
0.4425,  0.188158
0.4430,  0.165988
0.4435,  0.147807
0.4440,  0.161077
0.4445,  0.177181
0.4450,  0.147221
0.4455,  0.111415
0.4460,  0.124378
0.4465,  0.135511
0.4470,  0.168587
0.4475,  0.199686
0.4480,  0.175462
0.4485,  0.148038
0.4490,  0.150376
0.4495,  0.151484
0.4500,  0.165671
0.4505,  0.181549
0.4510,  0.174932
0.4515,  0.170662
0.4520,  0.144618
0.4525,  0.119041
0.4530,  0.129232
0.4535,  0.137187
0.4540,  0.142845
0.4545,  0.145163
0.4550,  0.153190
0.4555,  0.161744
0.4560,  0.165275
0.4565,  0.168435
0.4570,  0.169862
0.4575,  0.173156
0.4580,  0.148078
0.4585,  0.124940
0.4590,  0.136163
0.4595,  0.143735
0.4600,  0.147836
0.4605,  0.152254
0.4610,  0.152450
0.4615,  0.151183
0.4620,  0.157611
0.4625,  0.165271
0.4630,  0.151812
0.4635,  0.144163
0.4640,  0.138506
0.4645,  0.131852
0.4650,  0.150708
0.4655,  0.171637
0.4660,  0.148714
0.4665,  0.126977
0.4670,  0.151393
0.4675,  0.169802
0.4680,  0.164074
0.4685,  0.161210
0.4690,  0.162778
0.4695,  0.167384
0.4700,  0.146150
0.4705,  0.121461
0.4710,  0.148374
0.4715,  0.175521
0.4720,  0.174069
0.4725,  0.176396
0.4730,  0.165861
0.4735,  0.153453
0.4740,  0.163449
0.4745,  0.178151
0.4750,  0.173811
0.4755,  0.166831
0.4760,  0.152957
0.4765,  0.138447
0.4770,  0.161421
0.4775,  0.183035
0.4780,  0.165270
0.4785,  0.150466
0.4790,  0.165521
0.4795,  0.178582
0.4800,  0.167827
0.4805,  0.159053
0.4810,  0.172348
0.4815,  0.185432
0.4820,  0.172056
0.4825,  0.162301
0.4830,  0.165812
0.4835,  0.168256
0.4840,  0.166814
0.4845,  0.170536
0.4850,  0.160243
0.4855,  0.150577
0.4860,  0.116739
0.4865,  0.068762
0.4870,  0.114535
0.4875,  0.154842
0.4880,  0.165946
0.4885,  0.174565
0.4890,  0.173170
0.4895,  0.174246
0.4900,  0.178374
0.4905,  0.188123
0.4910,  0.168299
0.4915,  0.146565
0.4920,  0.147043
0.4925,  0.144332
0.4930,  0.138562
0.4935,  0.130311
0.4940,  0.161113
0.4945,  0.192995
0.4950,  0.162873
0.4955,  0.132654
0.4960,  0.151169
0.4965,  0.170742
0.4970,  0.174571
0.4975,  0.180687
0.4980,  0.152708
0.4985,  0.121416
0.4990,  0.147339
0.4995,  0.174635
0.5000,  0.157179
0.5005,  0.138193
0.5010,  0.132322
0.5015,  0.122279
0.5020,  0.140164
0.5025,  0.158030
0.5030,  0.167096
0.5035,  0.174183
0.5040,  0.157731
0.5045,  0.136985
0.5050,  0.156129
0.5055,  0.177586
0.5060,  0.167500
0.5065,  0.162145
0.5070,  0.153445
0.5075,  0.144202
0.5080,  0.147804
0.5085,  0.149183
0.5090,  0.147555
0.5095,  0.144609
0.5100,  0.147490
0.5105,  0.151344
0.5110,  0.161087
0.5115,  0.172499
0.5120,  0.149175
0.5125,  0.126613
0.5130,  0.132127
0.5135,  0.135456
0.5140,  0.142202
0.5145,  0.146388
0.5150,  0.156743
0.5155,  0.175781
0.5160,  0.141674
0.5165,  0.102596
0.5170,  0.126722
0.5175,  0.144200
0.5180,  0.123289
0.5185,  0.094988
0.5190,  0.127453
0.5195,  0.159282
0.5200,  0.150849
0.5205,  0.143193
0.5210,  0.154387
0.5215,  0.168551
0.5220,  0.148476
0.5225,  0.126077
0.5230,  0.137564
0.5235,  0.146013
0.5240,  0.155448
0.5245,  0.169461
0.5250,  0.169112
0.5255,  0.174064
0.5260,  0.128477
0.5265,  0.073982
0.5270,  0.110292
0.5275,  0.137841
0.5280,  0.142336
0.5285,  0.147201
0.5290,  0.144420
0.5295,  0.142482
0.5300,  0.146391
0.5305,  0.152396
0.5310,  0.157667
0.5315,  0.166862
0.5320,  0.131417
0.5325,  0.090468
0.5330,  0.128060
0.5335,  0.160783
0.5340,  0.141071
0.5345,  0.120905
0.5350,  0.147339
0.5355,  0.175902
0.5360,  0.152515
0.5365,  0.128025
0.5370,  0.130840
0.5375,  0.135057
0.5380,  0.143197
0.5385,  0.154785
0.5390,  0.145403
0.5395,  0.134686
0.5400,  0.122815
0.5405,  0.109139
0.5410,  0.132727
0.5415,  0.156097
0.5420,  0.141705
0.5425,  0.127563
0.5430,  0.138240
0.5435,  0.147067
0.5440,  0.145391
0.5445,  0.144460
0.5450,  0.148817
0.5455,  0.152900
0.5460,  0.148874
0.5465,  0.145313
0.5470,  0.136977
0.5475,  0.126411
0.5480,  0.131974
0.5485,  0.137239
0.5490,  0.143701
0.5495,  0.150349
0.5500,  0.143168
0.5505,  0.136874
0.5510,  0.139428
0.5515,  0.142161
0.5520,  0.137222
0.5525,  0.131753
0.5530,  0.139462
0.5535,  0.146664
0.5540,  0.148795
0.5545,  0.150610
0.5550,  0.153233
0.5555,  0.157955
0.5560,  0.146504
0.5565,  0.134422
0.5570,  0.143393
0.5575,  0.153151
0.5580,  0.144585
0.5585,  0.132841
0.5590,  0.136783
0.5595,  0.139689
0.5600,  0.144740
0.5605,  0.149823
0.5610,  0.144716
0.5615,  0.139337
0.5620,  0.144503
0.5625,  0.150625
0.5630,  0.153805
0.5635,  0.157790
0.5640,  0.159136
0.5645,  0.161053
0.5650,  0.151882
0.5655,  0.139176
0.5660,  0.143563
0.5665,  0.148340
0.5670,  0.160830
0.5675,  0.174681
0.5680,  0.160011
0.5685,  0.144919
0.5690,  0.159868
0.5695,  0.176069
0.5700,  0.159275
0.5705,  0.136004
0.5710,  0.143586
0.5715,  0.147501
0.5720,  0.158083
0.5725,  0.171379
0.5730,  0.167410
0.5735,  0.164851
0.5740,  0.164288
0.5745,  0.163659
0.5750,  0.154436
0.5755,  0.145316
0.5760,  0.148527
0.5765,  0.152465
0.5770,  0.156925
0.5775,  0.163124
0.5780,  0.146270
0.5785,  0.127325
0.5790,  0.135064
0.5795,  0.141944
0.5800,  0.140589
0.5805,  0.140200
0.5810,  0.140409
0.5815,  0.141224
0.5820,  0.144196
0.5825,  0.147932
0.5830,  0.144888
0.5835,  0.143767
0.5840,  0.147439
0.5845,  0.152708
0.5850,  0.139768
0.5855,  0.123513
0.5860,  0.136833
0.5865,  0.151750
0.5870,  0.164180
0.5875,  0.182314
0.5880,  0.176074
0.5885,  0.164575
0.5890,  0.134649
0.5895,  0.097169
0.5900,  0.143299
0.5905,  0.186923
0.5910,  0.176681
0.5915,  0.166290
0.5920,  0.167281
0.5925,  0.168710
0.5930,  0.164234
0.5935,  0.163446
0.5940,  0.158336
0.5945,  0.152744
0.5950,  0.156519
0.5955,  0.158501
0.5960,  0.162239
0.5965,  0.166011
0.5970,  0.158171
0.5975,  0.151309
0.5980,  0.145011
0.5985,  0.140512
0.5990,  0.147729
0.5995,  0.154682
0.6000,  0.150863
0.6005,  0.148263
0.6010,  0.150005
0.6015,  0.147514
0.6020,  0.132993
0.6025,  0.119529
0.6030,  0.133283
0.6035,  0.148986
0.6040,  0.150189
0.6045,  0.152032
0.6050,  0.150934
0.6055,  0.146847
0.6060,  0.144905
0.6065,  0.144101
0.6070,  0.144914
0.6075,  0.145855
0.6080,  0.144169
0.6085,  0.143173
0.6090,  0.147397
0.6095,  0.150225
0.6100,  0.141511
0.6105,  0.131633
0.6110,  0.142975
0.6115,  0.155410
0.6120,  0.148050
0.6125,  0.141744
0.6130,  0.139156
0.6135,  0.135889
0.6140,  0.145192
0.6145,  0.156926
0.6150,  0.160218
0.6155,  0.161406
0.6160,  0.133733
0.6165,  0.102024
0.6170,  0.124089
0.6175,  0.148424
0.6180,  0.154045
0.6185,  0.158928
0.6190,  0.155487
0.6195,  0.151568
0.6200,  0.158073
0.6205,  0.164773
0.6210,  0.154269
0.6215,  0.142646
0.6220,  0.150107
0.6225,  0.159632
0.6230,  0.151999
0.6235,  0.148006
0.6240,  0.152272
0.6245,  0.152268
0.6250,  0.145855
0.6255,  0.138861
0.6260,  0.155314
0.6265,  0.173058
0.6270,  0.173980
0.6275,  0.174837
0.6280,  0.175693
0.6285,  0.178779
0.6290,  0.177781
0.6295,  0.176019
0.6300,  0.172686
0.6305,  0.167174
0.6310,  0.159628
0.6315,  0.155410
0.6320,  0.152174
0.6325,  0.151182
0.6330,  0.151874
0.6335,  0.152345
0.6340,  0.153285
0.6345,  0.156243
0.6350,  0.157856
0.6355,  0.157231
0.6360,  0.155329
0.6365,  0.150952
0.6370,  0.145332
0.6375,  0.143592
0.6380,  0.145571
0.6385,  0.149090
0.6390,  0.150347
0.6395,  0.147593
0.6400,  0.146095
0.6405,  0.142948
0.6410,  0.139236
0.6415,  0.140912
0.6420,  0.141440
0.6425,  0.138668
0.6430,  0.136983
0.6435,  0.138387
0.6440,  0.140730
0.6445,  0.147525
0.6450,  0.155585
0.6455,  0.159407
0.6460,  0.162371
0.6465,  0.163069
0.6470,  0.161540
0.6475,  0.158415
0.6480,  0.154277
0.6485,  0.148767
0.6490,  0.142515
0.6495,  0.144038
0.6500,  0.146166
0.6505,  0.153643
0.6510,  0.162601
0.6515,  0.163566
0.6520,  0.161747
0.6525,  0.157363
0.6530,  0.154787
0.6535,  0.147793
0.6540,  0.149145
0.6545,  0.158652
0.6550,  0.169352
0.6555,  0.163405
0.6560,  0.141177
0.6565,  0.106885
0.6570,  0.068535
0.6575,  0.080983
0.6580,  0.096406
0.6585,  0.115013
0.6590,  0.134267
0.6595,  0.130959
0.6600,  0.125982
0.6605,  0.119101
0.6610,  0.116270
0.6615,  0.113252
0.6620,  0.113243
0.6625,  0.114176
0.6630,  0.113965
0.6635,  0.115991
0.6640,  0.116598
0.6645,  0.118082
0.6650,  0.121667
0.6655,  0.121273
0.6660,  0.118421
0.6665,  0.115419
0.6670,  0.108324
0.6675,  0.109423
0.6680,  0.108625
0.6685,  0.110396
0.6690,  0.112975
0.6695,  0.111588
0.6700,  0.113189
0.6705,  0.114384
0.6710,  0.114693
0.6715,  0.115373
0.6720,  0.115293
0.6725,  0.114937
0.6730,  0.110738
0.6735,  0.105715
0.6740,  0.103289
0.6745,  0.103179
0.6750,  0.103272
0.6755,  0.104075
0.6760,  0.107416
0.6765,  0.112637
0.6770,  0.116850
0.6775,  0.118780
0.6780,  0.116806
0.6785,  0.114553
0.6790,  0.110005
0.6795,  0.106031
0.6800,  0.104827
0.6805,  0.104926
0.6810,  0.106964
0.6815,  0.107952
0.6820,  0.112512
0.6825,  0.117539
0.6830,  0.123258
0.6835,  0.123952
0.6840,  0.125875
0.6845,  0.127890
0.6850,  0.137109
0.6855,  0.166881
0.6860,  0.202267
0.6865,  0.232135
0.6870,  0.246015
0.6875,  0.242200
0.6880,  0.239551
0.6885,  0.234356
0.6890,  0.232129
0.6895,  0.225218
0.6900,  0.215989
0.6905,  0.203457
0.6910,  0.194608
0.6915,  0.191321
0.6920,  0.188989
0.6925,  0.189018
0.6930,  0.188811
0.6935,  0.184585
0.6940,  0.181066
0.6945,  0.175912
0.6950,  0.169686
0.6955,  0.162690
0.6960,  0.155167
0.6965,  0.148879
0.6970,  0.145028
0.6975,  0.148606
0.6980,  0.154948
0.6985,  0.159772
0.6990,  0.165461
0.6995,  0.165695
0.7000,  0.161854
0.7005,  0.158441
0.7010,  0.155858
0.7015,  0.158783
0.7020,  0.157687
0.7025,  0.152827
0.7030,  0.147765
0.7035,  0.144976
0.7040,  0.149913
0.7045,  0.156147
0.7050,  0.159576
0.7055,  0.155509
0.7060,  0.152904
0.7065,  0.148754
0.7070,  0.143297
0.7075,  0.143982
0.7080,  0.143205
0.7085,  0.140804
0.7090,  0.138858
0.7095,  0.138801
0.7100,  0.140055
0.7105,  0.143547
0.7110,  0.143869
0.7115,  0.141439
0.7120,  0.141251
0.7125,  0.140906
0.7130,  0.143288
0.7135,  0.145278
0.7140,  0.151138
0.7145,  0.158806
0.7150,  0.171253
0.7155,  0.191424
0.7160,  0.223899
0.7165,  0.254663
0.7170,  0.286524
0.7175,  0.310762
0.7180,  0.330337
0.7185,  0.343967
0.7190,  0.347638
0.7195,  0.337528
0.7200,  0.314065
0.7205,  0.283607
0.7210,  0.254894
0.7215,  0.244371
0.7220,  0.251735
0.7225,  0.266897
0.7230,  0.283546
0.7235,  0.293976
0.7240,  0.298843
0.7245,  0.298813
0.7250,  0.299888
0.7255,  0.301604
0.7260,  0.306139
0.7265,  0.306785
0.7270,  0.307605
0.7275,  0.304674
0.7280,  0.301095
0.7285,  0.291535
0.7290,  0.281863
0.7295,  0.278543
0.7300,  0.274812
0.7305,  0.268946
0.7310,  0.257391
0.7315,  0.237381
0.7320,  0.219289
0.7325,  0.202856
0.7330,  0.190339
0.7335,  0.182098
0.7340,  0.179532
0.7345,  0.176279
0.7350,  0.172353
0.7355,  0.169534
0.7360,  0.166857
0.7365,  0.162432
0.7370,  0.160606
0.7375,  0.156919
0.7380,  0.154125
0.7385,  0.151896
0.7390,  0.146207
0.7395,  0.137895
0.7400,  0.130511
0.7405,  0.129664
0.7410,  0.128310
0.7415,  0.129073
0.7420,  0.126948
0.7425,  0.126811
0.7430,  0.128547
0.7435,  0.122200
0.7440,  0.121289
0.7445,  0.121023
0.7450,  0.121163
0.7455,  0.122058
0.7460,  0.122466
0.7465,  0.122064
0.7470,  0.123281
0.7475,  0.119521
0.7480,  0.115758
0.7485,  0.113363
0.7490,  0.112739
0.7495,  0.114888
0.7500,  0.117048
0.7505,  0.118889
0.7510,  0.120247
0.7515,  0.121294
0.7520,  0.119632
0.7525,  0.112338
0.7530,  0.108982
0.7535,  0.109764
0.7540,  0.111279
0.7545,  0.107591
0.7550,  0.109754
0.7555,  0.110932
0.7560,  0.115723
0.7565,  0.116508
0.7570,  0.120273
0.7575,  0.138618
0.7580,  0.191174
0.7585,  0.291329
0.7590,  0.438606
0.7595,  0.598094
0.7600,  0.712116
0.7605,  0.743232
0.7610,  0.718369
0.7615,  0.690378
0.7620,  0.674565
0.7625,  0.668365
0.7630,  0.654258
0.7635,  0.612408
0.7640,  0.552934
0.7645,  0.489882
0.7650,  0.430535
0.7655,  0.365002
0.7660,  0.303419
0.7665,  0.250832
0.7670,  0.208500
0.7675,  0.180681
0.7680,  0.159681
0.7685,  0.150843
0.7690,  0.149415
0.7695,  0.141339
0.7700,  0.136993
0.7705,  0.132894
0.7710,  0.126016
0.7715,  0.125346
0.7720,  0.123166
0.7725,  0.118032
0.7730,  0.116425
0.7735,  0.112552
0.7740,  0.107799
0.7745,  0.101832
0.7750,  0.099889
0.7755,  0.103658
0.7760,  0.107320
0.7765,  0.112499
0.7770,  0.111697
0.7775,  0.108204
0.7780,  0.105529
0.7785,  0.103838
0.7790,  0.101472
0.7795,  0.102885
0.7800,  0.103415
0.7805,  0.103481
0.7810,  0.105643
0.7815,  0.108092
0.7820,  0.111878
0.7825,  0.115708
0.7830,  0.114999
0.7835,  0.117776
0.7840,  0.114337
0.7845,  0.110045
0.7850,  0.111827
0.7855,  0.111885
0.7860,  0.112895
0.7865,  0.120701
0.7870,  0.124880
0.7875,  0.130278
0.7880,  0.136485
0.7885,  0.138472
0.7890,  0.137732
0.7895,  0.138476
0.7900,  0.137837
0.7905,  0.140213
0.7910,  0.138380
0.7915,  0.136548
0.7920,  0.134771
0.7925,  0.132304
0.7930,  0.134208
0.7935,  0.131277
0.7940,  0.127744
0.7945,  0.125212
0.7950,  0.122324
0.7955,  0.128281
0.7960,  0.128827
0.7965,  0.126303
0.7970,  0.121008
0.7975,  0.121324
0.7980,  0.119349
0.7985,  0.123682
0.7990,  0.127220
0.7995,  0.136489
0.8000,  0.145161
0.8005,  0.147853
0.8010,  0.151216
0.8015,  0.144043
0.8020,  0.133886
0.8025,  0.131043
0.8030,  0.127256
0.8035,  0.119804
0.8040,  0.117768
0.8045,  0.122097
0.8050,  0.121792
0.8055,  0.118824
0.8060,  0.120642
0.8065,  0.125244
0.8070,  0.128962
0.8075,  0.128496
0.8080,  0.122717
0.8085,  0.119182
0.8090,  0.116358
0.8095,  0.125060
0.8100,  0.136360
0.8105,  0.151596
0.8110,  0.166491
0.8115,  0.174524
0.8120,  0.192338
0.8125,  0.211860
0.8130,  0.228290
0.8135,  0.248422
0.8140,  0.275039
0.8145,  0.292979
0.8150,  0.305625
0.8155,  0.314878
0.8160,  0.320046
0.8165,  0.330017
0.8170,  0.329853
0.8175,  0.323481
0.8180,  0.307853
0.8185,  0.292337
0.8190,  0.261756
0.8195,  0.245990
0.8200,  0.226228
0.8205,  0.214291
0.8210,  0.228337
0.8215,  0.264480
0.8220,  0.300924
0.8225,  0.316576
0.8230,  0.309731
0.8235,  0.274484
0.8240,  0.240907
0.8245,  0.215098
0.8250,  0.205285
0.8255,  0.200638
0.8260,  0.199046
0.8265,  0.216796
0.8270,  0.233723
0.8275,  0.251342
0.8280,  0.262384
0.8285,  0.249599
0.8290,  0.240082
0.8295,  0.225671
0.8300,  0.217432
0.8305,  0.211862
0.8310,  0.203083
0.8315,  0.200696
0.8320,  0.196583
0.8325,  0.188215
0.8330,  0.181617
0.8335,  0.167715
0.8340,  0.162210
0.8345,  0.158709
0.8350,  0.155577
0.8355,  0.156154
0.8360,  0.155915
0.8365,  0.144376
0.8370,  0.135105
0.8375,  0.126306
0.8380,  0.116715
0.8385,  0.107163
0.8390,  0.103692
0.8395,  0.106863
0.8400,  0.111122
0.8405,  0.106135
0.8410,  0.106227
0.8415,  0.102984
0.8420,  0.098130
0.8425,  0.096430
0.8430,  0.100741
0.8435,  0.103848
0.8440,  0.108343
0.8445,  0.103468
0.8450,  0.092220
0.8455,  0.086152
0.8460,  0.087978
0.8465,  0.088114
0.8470,  0.097047
0.8475,  0.096875
0.8480,  0.100826
0.8485,  0.095173
0.8490,  0.095848
0.8495,  0.090324
0.8500,  0.076190
0.8505,  0.078094
0.8510,  0.083459
0.8515,  0.088198
0.8520,  0.101032
0.8525,  0.095893
0.8530,  0.100914
0.8535,  0.096693
0.8540,  0.060376
0.8545,  0.060482
0.8550,  0.059639
0.8555,  0.064558
0.8560,  0.079762
0.8565,  0.083581
0.8570,  0.085991
0.8575,  0.086136
0.8580,  0.088706
0.8585,  0.090522
0.8590,  0.088682
0.8595,  0.084658
0.8600,  0.080071
0.8605,  0.074436
0.8610,  0.068496
0.8615,  0.064386
0.8620,  0.068259
0.8625,  0.074196
0.8630,  0.070419
0.8635,  0.073214
0.8640,  0.084553
0.8645,  0.082963
0.8650,  0.078284
0.8655,  0.063470
0.8660,  0.041278
0.8665,  0.046905
0.8670,  0.048131
0.8675,  0.048260
0.8680,  0.052861
0.8685,  0.054842
0.8690,  0.060342
0.8695,  0.075473
0.8700,  0.080288
0.8705,  0.072143
0.8710,  0.066330
0.8715,  0.064547
0.8720,  0.073451
0.8725,  0.077147
0.8730,  0.081768
0.8735,  0.081497
0.8740,  0.089338
0.8745,  0.085305
0.8750,  0.080532
0.8755,  0.072797
0.8760,  0.067258
0.8765,  0.066103
0.8770,  0.071577
0.8775,  0.071767
0.8780,  0.082008
0.8785,  0.088017
0.8790,  0.084958
0.8795,  0.082925
0.8800,  0.082794
0.8805,  0.082335
0.8810,  0.077724
0.8815,  0.069036
0.8820,  0.060049
0.8825,  0.055494
0.8830,  0.056985
0.8835,  0.069696
0.8840,  0.075248
0.8845,  0.072140
0.8850,  0.070449
0.8855,  0.082140
0.8860,  0.082413
0.8865,  0.086576
0.8870,  0.083758
0.8875,  0.076718
0.8880,  0.073019
0.8885,  0.058732
0.8890,  0.051852
0.8895,  0.052770
0.8900,  0.060113
