0.3500,  0.218936
0.3505,  0.283766
0.3510,  0.250980
0.3515,  0.212872
0.3520,  0.172374
0.3525,  0.132657
0.3530,  0.181339
0.3535,  0.224868
0.3540,  0.248114
0.3545,  0.276314
0.3550,  0.250797
0.3555,  0.232629
0.3560,  0.194300
0.3565,  0.151354
0.3570,  0.117718
0.3575,  0.075693
0.3580,  0.027023
0.3585,  -0.033745
0.3590,  0.132472
0.3595,  0.270220
0.3600,  0.259377
0.3605,  0.244874
0.3610,  0.192064
0.3615,  0.126382
0.3620,  0.167622
0.3625,  0.211636
0.3630,  0.202122
0.3635,  0.192171
0.3640,  0.183627
0.3645,  0.169017
0.3650,  0.205043
0.3655,  0.233781
0.3660,  0.244777
0.3665,  0.262225
0.3670,  0.239142
0.3675,  0.219893
0.3680,  0.187242
0.3685,  0.151985
0.3690,  0.198007
0.3695,  0.239289
0.3700,  0.203953
0.3705,  0.171214
0.3710,  0.192470
0.3715,  0.220136
0.3720,  0.189331
0.3725,  0.158898
0.3730,  0.121339
0.3735,  0.079108
0.3740,  0.091172
0.3745,  0.096382
0.3750,  0.174690
0.3755,  0.235788
0.3760,  0.224909
0.3765,  0.204205
0.3770,  0.248292
0.3775,  0.292479
0.3780,  0.289434
0.3785,  0.296699
0.3790,  0.203451
0.3795,  0.100129
0.3800,  0.160551
0.3805,  0.227539
0.3810,  0.205273
0.3815,  0.191921
0.3820,  0.107920
0.3825,  -0.000113
0.3830,  -0.024424
0.3835,  -0.067977
0.3840,  0.091508
0.3845,  0.211138
0.3850,  0.215623
0.3855,  0.224031
0.3860,  0.209099
0.3865,  0.195408
0.3870,  0.187184
0.3875,  0.179034
0.3880,  0.160646
0.3885,  0.135917
0.3890,  0.194202
0.3895,  0.240530
0.3900,  0.240294
0.3905,  0.241495
0.3910,  0.260876
0.3915,  0.295992
0.3920,  0.205681
0.3925,  0.111878
0.3930,  -0.065509
0.3935,  -0.325611
0.3940,  -0.039447
0.3945,  0.163915
0.3950,  0.270956
0.3955,  0.375178
0.3960,  0.212841
0.3965,  0.004042
0.3970,  0.022807
0.3975,  0.015185
0.3980,  0.201984
0.3985,  0.330964
0.3990,  0.314386
0.3995,  0.309280
0.4000,  0.277572
0.4005,  0.248792
0.4010,  0.239698
0.4015,  0.237934
0.4020,  0.227538
0.4025,  0.222099
0.4030,  0.198379
0.4035,  0.175846
0.4040,  0.169859
0.4045,  0.167450
0.4050,  0.168461
0.4055,  0.169333
0.4060,  0.153162
0.4065,  0.137477
0.4070,  0.149686
0.4075,  0.157609
0.4080,  0.180693
0.4085,  0.205166
0.4090,  0.198864
0.4095,  0.192324
0.4100,  0.143386
0.4105,  0.088383
0.4110,  0.157950
0.4115,  0.219227
0.4120,  0.202964
0.4125,  0.188154
0.4130,  0.175750
0.4135,  0.166388
0.4140,  0.160717
0.4145,  0.153310
0.4150,  0.152464
0.4155,  0.148457
0.4160,  0.171169
0.4165,  0.198318
0.4170,  0.160201
0.4175,  0.117032
0.4180,  0.123857
0.4185,  0.133988
0.4190,  0.142523
0.4195,  0.146367
0.4200,  0.157549
0.4205,  0.168175
0.4210,  0.169523
0.4215,  0.178047
0.4220,  0.129590
0.4225,  0.076952
0.4230,  0.116205
0.4235,  0.152794
0.4240,  0.166977
0.4245,  0.183192
0.4250,  0.167290
0.4255,  0.152140
0.4260,  0.155220
0.4265,  0.160489
0.4270,  0.130419
0.4275,  0.100828
0.4280,  0.109544
0.4285,  0.125298
0.4290,  0.111923
0.4295,  0.103093
0.4300,  0.022476
0.4305,  -0.090657
0.4310,  0.099560
0.4315,  0.241428
0.4320,  0.208180
0.4325,  0.176866
0.4330,  0.182350
0.4335,  0.190394
0.4340,  0.165818
0.4345,  0.141153
0.4350,  0.141433
0.4355,  0.140835
0.4360,  0.178786
0.4365,  0.219990
0.4370,  0.190235
0.4375,  0.167706
0.4380,  0.118146
0.4385,  0.058560
0.4390,  0.127786
0.4395,  0.187149
0.4400,  0.152985
0.4405,  0.115714
0.4410,  0.157818
0.4415,  0.194097
0.4420,  0.192690
0.4425,  0.192172
0.4430,  0.167729
0.4435,  0.147631
0.4440,  0.161318
0.4445,  0.176744
0.4450,  0.144305
0.4455,  0.109413
0.4460,  0.125612
0.4465,  0.138651
0.4470,  0.172696
0.4475,  0.205248
0.4480,  0.176323
0.4485,  0.143583
0.4490,  0.145796
0.4495,  0.146889
0.4500,  0.163517
0.4505,  0.179967
0.4510,  0.169098
0.4515,  0.163093
0.4520,  0.136944
0.4525,  0.110647
0.4530,  0.119754
0.4535,  0.129155
0.4540,  0.137310
0.4545,  0.139992
0.4550,  0.149626
0.4555,  0.158292
0.4560,  0.161935
0.4565,  0.165127
0.4570,  0.166962
0.4575,  0.170646
0.4580,  0.145406
0.4585,  0.120744
0.4590,  0.133074
0.4595,  0.140841
0.4600,  0.144533
0.4605,  0.148955
0.4610,  0.148554
0.4615,  0.147376
0.4620,  0.155335
0.4625,  0.163508
0.4630,  0.148005
0.4635,  0.137426
0.4640,  0.128855
0.4645,  0.119689
0.4650,  0.141039
0.4655,  0.164721
0.4660,  0.142867
0.4665,  0.121080
0.4670,  0.144531
0.4675,  0.164640
0.4680,  0.157943
0.4685,  0.156607
0.4690,  0.159659
0.4695,  0.165303
0.4700,  0.145477
0.4705,  0.119275
0.4710,  0.148197
0.4715,  0.175843
0.4720,  0.173687
0.4725,  0.174371
0.4730,  0.163442
0.4735,  0.152711
0.4740,  0.164480
0.4745,  0.176788
0.4750,  0.170260
0.4755,  0.164862
0.4760,  0.152098
0.4765,  0.138202
0.4770,  0.163110
0.4775,  0.185206
0.4780,  0.165420
0.4785,  0.147981
0.4790,  0.161401
0.4795,  0.173743
0.4800,  0.163739
0.4805,  0.156221
0.4810,  0.168167
0.4815,  0.178987
0.4820,  0.166277
0.4825,  0.160148
0.4830,  0.164121
0.4835,  0.168178
0.4840,  0.166975
0.4845,  0.172469
0.4850,  0.161141
0.4855,  0.149081
0.4860,  0.113632
0.4865,  0.063593
0.4870,  0.115048
0.4875,  0.158949
0.4880,  0.169693
0.4885,  0.178848
0.4890,  0.177809
0.4895,  0.178306
0.4900,  0.182729
0.4905,  0.193326
0.4910,  0.171864
0.4915,  0.148813
0.4920,  0.148677
0.4925,  0.145370
0.4930,  0.139199
0.4935,  0.131720
0.4940,  0.164609
0.4945,  0.197016
0.4950,  0.164294
0.4955,  0.132374
0.4960,  0.153458
0.4965,  0.174133
0.4970,  0.178939
0.4975,  0.185076
0.4980,  0.154161
0.4985,  0.119318
0.4990,  0.146051
0.4995,  0.174188
0.5000,  0.154744
0.5005,  0.134770
0.5010,  0.130696
0.5015,  0.121773
0.5020,  0.140427
0.5025,  0.158446
0.5030,  0.167375
0.5035,  0.174525
0.5040,  0.157468
0.5045,  0.135291
0.5050,  0.156016
0.5055,  0.179505
0.5060,  0.170146
0.5065,  0.164063
0.5070,  0.153766
0.5075,  0.142049
0.5080,  0.145421
0.5085,  0.147083
0.5090,  0.144716
0.5095,  0.142029
0.5100,  0.146487
0.5105,  0.152331
0.5110,  0.164605
0.5115,  0.176801
0.5120,  0.151472
0.5125,  0.126651
0.5130,  0.130561
0.5135,  0.131594
0.5140,  0.137753
0.5145,  0.143312
0.5150,  0.154652
0.5155,  0.172753
0.5160,  0.135654
0.5165,  0.095905
0.5170,  0.123814
0.5175,  0.143950
0.5180,  0.123577
0.5185,  0.095352
0.5190,  0.128873
0.5195,  0.161447
0.5200,  0.151110
0.5205,  0.141683
0.5210,  0.153247
0.5215,  0.168680
0.5220,  0.148517
0.5225,  0.124938
0.5230,  0.137574
0.5235,  0.148283
0.5240,  0.158539
0.5245,  0.170773
0.5250,  0.168928
0.5255,  0.171698
0.5260,  0.122021
0.5265,  0.064366
0.5270,  0.104482
0.5275,  0.136153
0.5280,  0.142847
0.5285,  0.149551
0.5290,  0.147732
0.5295,  0.146517
0.5300,  0.149390
0.5305,  0.153825
0.5310,  0.157234
0.5315,  0.165648
0.5320,  0.128314
0.5325,  0.085497
0.5330,  0.125864
0.5335,  0.161091
0.5340,  0.141149
0.5345,  0.120847
0.5350,  0.146847
0.5355,  0.174293
0.5360,  0.148562
0.5365,  0.123697
0.5370,  0.128357
0.5375,  0.133841
0.5380,  0.143441
0.5385,  0.152966
0.5390,  0.142480
0.5395,  0.131576
0.5400,  0.118664
0.5405,  0.104077
0.5410,  0.130162
0.5415,  0.155351
0.5420,  0.140710
0.5425,  0.125352
0.5430,  0.136174
0.5435,  0.144821
0.5440,  0.141598
0.5445,  0.141454
0.5450,  0.147389
0.5455,  0.151887
0.5460,  0.148252
0.5465,  0.143500
0.5470,  0.133955
0.5475,  0.124339
0.5480,  0.131431
0.5485,  0.136417
0.5490,  0.142400
0.5495,  0.148386
0.5500,  0.139588
0.5505,  0.132599
0.5510,  0.135270
0.5515,  0.138445
0.5520,  0.134039
0.5525,  0.127619
0.5530,  0.134919
0.5535,  0.141505
0.5540,  0.143456
0.5545,  0.146027
0.5550,  0.148343
0.5555,  0.153078
0.5560,  0.140486
0.5565,  0.128002
0.5570,  0.139838
0.5575,  0.153298
0.5580,  0.145291
0.5585,  0.133985
0.5590,  0.136627
0.5595,  0.138136
0.5600,  0.142458
0.5605,  0.146562
0.5610,  0.140921
0.5615,  0.135969
0.5620,  0.141678
0.5625,  0.148313
0.5630,  0.151643
0.5635,  0.155354
0.5640,  0.157163
0.5645,  0.158459
0.5650,  0.147533
0.5655,  0.134443
0.5660,  0.140222
0.5665,  0.146851
0.5670,  0.161129
0.5675,  0.176361
0.5680,  0.159860
0.5685,  0.142651
0.5690,  0.156381
0.5695,  0.171915
0.5700,  0.153713
0.5705,  0.130520
0.5710,  0.139462
0.5715,  0.142905
0.5720,  0.152873
0.5725,  0.165844
0.5730,  0.161084
0.5735,  0.158225
0.5740,  0.158420
0.5745,  0.159772
0.5750,  0.153011
0.5755,  0.143136
0.5760,  0.145492
0.5765,  0.149309
0.5770,  0.154802
0.5775,  0.161199
0.5780,  0.143737
0.5785,  0.124809
0.5790,  0.133455
0.5795,  0.139538
0.5800,  0.136887
0.5805,  0.136517
0.5810,  0.139377
0.5815,  0.142540
0.5820,  0.145367
0.5825,  0.147041
0.5830,  0.141865
0.5835,  0.139183
0.5840,  0.142862
0.5845,  0.148257
0.5850,  0.134955
0.5855,  0.120006
0.5860,  0.135543
0.5865,  0.151783
0.5870,  0.163199
0.5875,  0.179639
0.5880,  0.171654
0.5885,  0.158930
0.5890,  0.129190
0.5895,  0.089632
0.5900,  0.138566
0.5905,  0.184510
0.5910,  0.175192
0.5915,  0.165505
0.5920,  0.167403
0.5925,  0.168423
0.5930,  0.162728
0.5935,  0.162119
0.5940,  0.157247
0.5945,  0.150946
0.5950,  0.154427
0.5955,  0.155781
0.5960,  0.159216
0.5965,  0.163148
0.5970,  0.155304
0.5975,  0.149720
0.5980,  0.143147
0.5985,  0.138576
0.5990,  0.146789
0.5995,  0.154996
0.6000,  0.150986
0.6005,  0.146442
0.6010,  0.150267
0.6015,  0.149481
0.6020,  0.136289
0.6025,  0.121210
0.6030,  0.132982
0.6035,  0.147907
0.6040,  0.148651
0.6045,  0.151372
0.6050,  0.149781
0.6055,  0.146927
0.6060,  0.145674
0.6065,  0.145079
0.6070,  0.145384
0.6075,  0.147274
0.6080,  0.147656
0.6085,  0.148974
0.6090,  0.152722
0.6095,  0.154199
0.6100,  0.143713
0.6105,  0.131812
0.6110,  0.141814
0.6115,  0.153550
0.6120,  0.146813
0.6125,  0.141045
0.6130,  0.137794
0.6135,  0.134308
0.6140,  0.145241
0.6145,  0.157070
0.6150,  0.160900
0.6155,  0.162128
0.6160,  0.132961
0.6165,  0.100468
0.6170,  0.124310
0.6175,  0.149286
0.6180,  0.154507
0.6185,  0.161205
0.6190,  0.159606
0.6195,  0.154438
0.6200,  0.162042
0.6205,  0.169849
0.6210,  0.158146
0.6215,  0.146229
0.6220,  0.153186
0.6225,  0.162841
0.6230,  0.152885
0.6235,  0.148292
0.6240,  0.152347
0.6245,  0.153702
0.6250,  0.149604
0.6255,  0.142367
0.6260,  0.158097
0.6265,  0.177136
0.6270,  0.178865
0.6275,  0.178626
0.6280,  0.178528
0.6285,  0.182091
0.6290,  0.182050
0.6295,  0.181363
0.6300,  0.177170
0.6305,  0.169483
0.6310,  0.162601
0.6315,  0.157778
0.6320,  0.153917
0.6325,  0.153875
0.6330,  0.155097
0.6335,  0.155587
0.6340,  0.157692
0.6345,  0.161278
0.6350,  0.162611
0.6355,  0.162512
0.6360,  0.160228
0.6365,  0.154795
0.6370,  0.148769
0.6375,  0.145482
0.6380,  0.145733
0.6385,  0.147511
0.6390,  0.151524
0.6395,  0.152163
0.6400,  0.149846
0.6405,  0.148555
0.6410,  0.145689
0.6415,  0.145604
0.6420,  0.142978
0.6425,  0.140789
0.6430,  0.139520
0.6435,  0.140498
0.6440,  0.143859
0.6445,  0.150965
0.6450,  0.159466
0.6455,  0.163644
0.6460,  0.167073
0.6465,  0.168134
0.6470,  0.166284
0.6475,  0.163691
0.6480,  0.159452
0.6485,  0.150191
0.6490,  0.139948
0.6495,  0.142709
0.6500,  0.146015
0.6505,  0.153880
0.6510,  0.162925
0.6515,  0.162028
0.6520,  0.160335
0.6525,  0.157920
0.6530,  0.157887
0.6535,  0.150342
0.6540,  0.150346
0.6545,  0.159781
0.6550,  0.169827
0.6555,  0.165997
0.6560,  0.145289
0.6565,  0.111289
0.6570,  0.072125
0.6575,  0.085133
0.6580,  0.100386
0.6585,  0.117241
0.6590,  0.134371
0.6595,  0.130949
0.6600,  0.126710
0.6605,  0.121664
0.6610,  0.119208
0.6615,  0.115814
0.6620,  0.115643
0.6625,  0.118785
0.6630,  0.122594
0.6635,  0.125292
0.6640,  0.126567
0.6645,  0.126985
0.6650,  0.128115
0.6655,  0.126897
0.6660,  0.125813
0.6665,  0.122425
0.6670,  0.117016
0.6675,  0.117238
0.6680,  0.114186
0.6685,  0.114484
0.6690,  0.116695
0.6695,  0.116492
0.6700,  0.117146
0.6705,  0.117580
0.6710,  0.118089
0.6715,  0.120684
0.6720,  0.120016
0.6725,  0.118628
0.6730,  0.114221
0.6735,  0.109583
0.6740,  0.104738
0.6745,  0.102892
0.6750,  0.104042
0.6755,  0.107454
0.6760,  0.113840
0.6765,  0.119984
0.6770,  0.124048
0.6775,  0.121089
0.6780,  0.118715
0.6785,  0.117287
0.6790,  0.116076
0.6795,  0.112832
0.6800,  0.109812
0.6805,  0.107730
0.6810,  0.109566
0.6815,  0.111752
0.6820,  0.116081
0.6825,  0.119487
0.6830,  0.122920
0.6835,  0.125023
0.6840,  0.126093
0.6845,  0.126490
0.6850,  0.134976
0.6855,  0.163522
0.6860,  0.200655
0.6865,  0.235648
0.6870,  0.255235
0.6875,  0.254181
0.6880,  0.249828
0.6885,  0.242733
0.6890,  0.236194
0.6895,  0.225997
0.6900,  0.216629
0.6905,  0.206064
0.6910,  0.198051
0.6915,  0.190678
0.6920,  0.184505
0.6925,  0.186647
0.6930,  0.190672
0.6935,  0.188365
0.6940,  0.184748
0.6945,  0.179017
0.6950,  0.172572
0.6955,  0.165873
0.6960,  0.160300
0.6965,  0.155525
0.6970,  0.152262
0.6975,  0.159480
0.6980,  0.168682
0.6985,  0.172228
0.6990,  0.177003
0.6995,  0.176260
0.7000,  0.169982
0.7005,  0.164969
0.7010,  0.157938
0.7015,  0.157782
0.7020,  0.157626
0.7025,  0.156733
0.7030,  0.156087
0.7035,  0.159921
0.7040,  0.161693
0.7045,  0.167692
0.7050,  0.173839
0.7055,  0.168800
0.7060,  0.160352
0.7065,  0.156542
0.7070,  0.150227
0.7075,  0.147705
0.7080,  0.145417
0.7085,  0.143445
0.7090,  0.139773
0.7095,  0.138986
0.7100,  0.139809
0.7105,  0.142399
0.7110,  0.146048
0.7115,  0.147217
0.7120,  0.149290
0.7125,  0.151294
0.7130,  0.149039
0.7135,  0.148244
0.7140,  0.153043
0.7145,  0.159708
0.7150,  0.170648
0.7155,  0.191347
0.7160,  0.221692
0.7165,  0.257018
0.7170,  0.291311
0.7175,  0.318982
0.7180,  0.343477
0.7185,  0.357515
0.7190,  0.359760
0.7195,  0.351758
0.7200,  0.327663
0.7205,  0.293540
0.7210,  0.265521
0.7215,  0.253106
0.7220,  0.257529
0.7225,  0.271757
0.7230,  0.291593
0.7235,  0.307600
0.7240,  0.318409
0.7245,  0.322387
0.7250,  0.319965
0.7255,  0.317892
0.7260,  0.319496
0.7265,  0.324347
0.7270,  0.324992
0.7275,  0.321468
0.7280,  0.315025
0.7285,  0.304290
0.7290,  0.293026
0.7295,  0.287137
0.7300,  0.282762
0.7305,  0.273463
0.7310,  0.259839
0.7315,  0.243410
0.7320,  0.225198
0.7325,  0.207148
0.7330,  0.196691
0.7335,  0.186441
0.7340,  0.180588
0.7345,  0.179057
0.7350,  0.180002
0.7355,  0.179566
0.7360,  0.174535
0.7365,  0.170669
0.7370,  0.166381
0.7375,  0.158816
0.7380,  0.154975
0.7385,  0.156539
0.7390,  0.152738
0.7395,  0.151275
0.7400,  0.146011
0.7405,  0.141083
0.7410,  0.135354
0.7415,  0.136685
0.7420,  0.138873
0.7425,  0.141216
0.7430,  0.141812
0.7435,  0.133715
0.7440,  0.127031
0.7445,  0.121648
0.7450,  0.120340
0.7455,  0.122125
0.7460,  0.122809
0.7465,  0.124425
0.7470,  0.123667
0.7475,  0.122252
0.7480,  0.123466
0.7485,  0.124687
0.7490,  0.122066
0.7495,  0.120400
0.7500,  0.122322
0.7505,  0.120475
0.7510,  0.119054
0.7515,  0.121683
0.7520,  0.127173
0.7525,  0.128619
0.7530,  0.127988
0.7535,  0.126314
0.7540,  0.123085
0.7545,  0.123053
0.7550,  0.124578
0.7555,  0.122977
0.7560,  0.120942
0.7565,  0.120721
0.7570,  0.122581
0.7575,  0.137525
0.7580,  0.182726
0.7585,  0.274683
0.7590,  0.417355
0.7595,  0.591185
0.7600,  0.723691
0.7605,  0.774597
0.7610,  0.754416
0.7615,  0.712891
0.7620,  0.689322
0.7625,  0.678191
0.7630,  0.662349
0.7635,  0.623267
0.7640,  0.565493
0.7645,  0.502284
0.7650,  0.445198
0.7655,  0.380529
0.7660,  0.316965
0.7665,  0.258744
0.7670,  0.211325
0.7675,  0.186935
0.7680,  0.169413
0.7685,  0.157640
0.7690,  0.146276
0.7695,  0.138840
0.7700,  0.135855
0.7705,  0.136722
0.7710,  0.130883
0.7715,  0.128090
0.7720,  0.124017
0.7725,  0.119462
0.7730,  0.121304
0.7735,  0.119651
0.7740,  0.113581
0.7745,  0.111055
0.7750,  0.108219
0.7755,  0.113192
0.7760,  0.116733
0.7765,  0.118373
0.7770,  0.126212
0.7775,  0.129522
0.7780,  0.129260
0.7785,  0.124761
0.7790,  0.113911
0.7795,  0.113505
0.7800,  0.111569
0.7805,  0.108425
0.7810,  0.111109
0.7815,  0.115416
0.7820,  0.120063
0.7825,  0.124774
0.7830,  0.122849
0.7835,  0.122807
0.7840,  0.120222
0.7845,  0.115158
0.7850,  0.117250
0.7855,  0.120697
0.7860,  0.126026
0.7865,  0.130181
0.7870,  0.134064
0.7875,  0.138678
0.7880,  0.141659
0.7885,  0.140410
0.7890,  0.147229
0.7895,  0.150236
0.7900,  0.144281
0.7905,  0.142915
0.7910,  0.143037
0.7915,  0.141757
0.7920,  0.140393
0.7925,  0.137146
0.7930,  0.136081
0.7935,  0.138331
0.7940,  0.140276
0.7945,  0.142679
0.7950,  0.140449
0.7955,  0.143963
0.7960,  0.146009
0.7965,  0.143176
0.7970,  0.144872
0.7975,  0.135889
0.7980,  0.136259
0.7985,  0.138776
0.7990,  0.138715
0.7995,  0.146404
0.8000,  0.153156
0.8005,  0.158337
0.8010,  0.159857
0.8015,  0.154517
0.8020,  0.145376
0.8025,  0.142908
0.8030,  0.138625
0.8035,  0.134636
0.8040,  0.130620
0.8045,  0.125013
0.8050,  0.120350
0.8055,  0.122290
0.8060,  0.127431
0.8065,  0.129316
0.8070,  0.134204
0.8075,  0.138279
0.8080,  0.134483
0.8085,  0.129575
0.8090,  0.129381
0.8095,  0.140644
0.8100,  0.151611
0.8105,  0.159730
0.8110,  0.172215
0.8115,  0.179057
0.8120,  0.198112
0.8125,  0.225256
0.8130,  0.250093
0.8135,  0.269664
0.8140,  0.284409
0.8145,  0.295511
0.8150,  0.309152
0.8155,  0.317930
0.8160,  0.326184
0.8165,  0.333734
0.8170,  0.340985
0.8175,  0.336524
0.8180,  0.326102
0.8185,  0.308943
0.8190,  0.280816
0.8195,  0.252551
0.8200,  0.229089
0.8205,  0.220998
0.8210,  0.236648
0.8215,  0.272646
0.8220,  0.312187
0.8225,  0.328553
0.8230,  0.323808
0.8235,  0.295623
0.8240,  0.262923
0.8245,  0.235292
0.8250,  0.219114
0.8255,  0.209809
0.8260,  0.208216
0.8265,  0.218113
0.8270,  0.235156
0.8275,  0.248342
0.8280,  0.259607
0.8285,  0.257753
0.8290,  0.255980
0.8295,  0.248611
0.8300,  0.239590
0.8305,  0.231190
0.8310,  0.228643
0.8315,  0.222638
0.8320,  0.216162
0.8325,  0.206060
0.8330,  0.196783
0.8335,  0.190221
0.8340,  0.181579
0.8345,  0.176407
0.8350,  0.168252
0.8355,  0.158210
0.8360,  0.152007
0.8365,  0.144352
0.8370,  0.133388
0.8375,  0.125653
0.8380,  0.125220
0.8385,  0.119101
0.8390,  0.120650
0.8395,  0.120238
0.8400,  0.120864
0.8405,  0.123579
0.8410,  0.130450
0.8415,  0.137514
0.8420,  0.137001
0.8425,  0.127042
0.8430,  0.114355
0.8435,  0.102490
0.8440,  0.098798
0.8445,  0.091590
0.8450,  0.089367
0.8455,  0.092965
0.8460,  0.090530
0.8465,  0.096320
0.8470,  0.101405
0.8475,  0.110180
0.8480,  0.120130
0.8485,  0.115410
0.8490,  0.102773
0.8495,  0.089015
0.8500,  0.079565
0.8505,  0.084319
0.8510,  0.083432
0.8515,  0.089818
0.8520,  0.108845
0.8525,  0.102752
0.8530,  0.103222
0.8535,  0.092583
0.8540,  0.055178
0.8545,  0.064030
0.8550,  0.061190
0.8555,  0.059996
0.8560,  0.075602
0.8565,  0.071113
0.8570,  0.075068
0.8575,  0.085202
0.8580,  0.094774
0.8585,  0.095745
0.8590,  0.096314
0.8595,  0.087453
0.8600,  0.077755
0.8605,  0.070883
0.8610,  0.074544
0.8615,  0.073730
0.8620,  0.073017
0.8625,  0.080969
0.8630,  0.086970
0.8635,  0.092760
0.8640,  0.107160
0.8645,  0.098652
0.8650,  0.097020
0.8655,  0.082758
0.8660,  0.047568
0.8665,  0.050087
0.8670,  0.047232
0.8675,  0.053388
0.8680,  0.055724
0.8685,  0.064635
0.8690,  0.072306
0.8695,  0.073240
0.8700,  0.078789
0.8705,  0.073590
0.8710,  0.071917
0.8715,  0.071965
0.8720,  0.070944
0.8725,  0.068516
0.8730,  0.075648
0.8735,  0.083406
0.8740,  0.096679
0.8745,  0.099683
0.8750,  0.097952
0.8755,  0.101828
0.8760,  0.094889
0.8765,  0.083950
0.8770,  0.077369
0.8775,  0.078957
0.8780,  0.077207
0.8785,  0.078024
0.8790,  0.082464
0.8795,  0.092091
0.8800,  0.094939
0.8805,  0.094228
0.8810,  0.094494
0.8815,  0.088242
0.8820,  0.077092
0.8825,  0.071419
0.8830,  0.073009
0.8835,  0.064222
0.8840,  0.076372
0.8845,  0.084192
0.8850,  0.094432
0.8855,  0.095657
0.8860,  0.097660
0.8865,  0.089608
0.8870,  0.082088
0.8875,  0.072168
0.8880,  0.068013
0.8885,  0.064376
0.8890,  0.070556
0.8895,  0.081084
0.8900,  0.081866
