0.3500,  0.311581
0.3505,  0.369853
0.3510,  0.338182
0.3515,  0.309438
0.3520,  0.278794
0.3525,  0.231525
0.3530,  0.281287
0.3535,  0.324863
0.3540,  0.343974
0.3545,  0.366938
0.3550,  0.331227
0.3555,  0.309933
0.3560,  0.266589
0.3565,  0.230283
0.3570,  0.200977
0.3575,  0.166822
0.3580,  0.127220
0.3585,  0.070151
0.3590,  0.233975
0.3595,  0.371117
0.3600,  0.356291
0.3605,  0.343133
0.3610,  0.293045
0.3615,  0.242058
0.3620,  0.277151
0.3625,  0.314019
0.3630,  0.303099
0.3635,  0.285136
0.3640,  0.268591
0.3645,  0.249772
0.3650,  0.278305
0.3655,  0.309139
0.3660,  0.317883
0.3665,  0.333472
0.3670,  0.305555
0.3675,  0.280826
0.3680,  0.247934
0.3685,  0.213563
0.3690,  0.257092
0.3695,  0.297197
0.3700,  0.258096
0.3705,  0.220274
0.3710,  0.238564
0.3715,  0.260482
0.3720,  0.231815
0.3725,  0.206832
0.3730,  0.179573
0.3735,  0.149537
0.3740,  0.166344
0.3745,  0.176397
0.3750,  0.261056
0.3755,  0.324809
0.3760,  0.313661
0.3765,  0.288255
0.3770,  0.321223
0.3775,  0.354200
0.3780,  0.344262
0.3785,  0.348598
0.3790,  0.256148
0.3795,  0.152742
0.3800,  0.206243
0.3805,  0.264889
0.3810,  0.241444
0.3815,  0.231399
0.3820,  0.159015
0.3825,  0.065809
0.3830,  0.046734
0.3835,  0.009352
0.3840,  0.172932
0.3845,  0.294744
0.3850,  0.298858
0.3855,  0.303855
0.3860,  0.287996
0.3865,  0.275369
0.3870,  0.266138
0.3875,  0.256340
0.3880,  0.235289
0.3885,  0.208913
0.3890,  0.264935
0.3895,  0.309829
0.3900,  0.309031
0.3905,  0.307211
0.3910,  0.317794
0.3915,  0.344162
0.3920,  0.248080
0.3925,  0.155926
0.3930,  -0.004298
0.3935,  -0.238014
0.3940,  0.053864
0.3945,  0.257350
0.3950,  0.360930
0.3955,  0.458212
0.3960,  0.298877
0.3965,  0.096461
0.3970,  0.110882
0.3975,  0.100512
0.3980,  0.277594
0.3985,  0.397589
0.3990,  0.373843
0.3995,  0.356604
0.4000,  0.316417
0.4005,  0.282650
0.4010,  0.267663
0.4015,  0.261305
0.4020,  0.248972
0.4025,  0.243669
0.4030,  0.221560
0.4035,  0.198406
0.4040,  0.191167
0.4045,  0.187586
0.4050,  0.185654
0.4055,  0.186113
0.4060,  0.170535
0.4065,  0.155229
0.4070,  0.169246
0.4075,  0.180004
0.4080,  0.206894
0.4085,  0.231869
0.4090,  0.226204
0.4095,  0.221409
0.4100,  0.176020
0.4105,  0.121877
0.4110,  0.188389
0.4115,  0.248955
0.4120,  0.231809
0.4125,  0.212551
0.4130,  0.193673
0.4135,  0.180224
0.4140,  0.174162
0.4145,  0.167944
0.4150,  0.169054
0.4155,  0.167521
0.4160,  0.191988
0.4165,  0.218683
0.4170,  0.181347
0.4175,  0.138616
0.4180,  0.144326
0.4185,  0.150185
0.4190,  0.154876
0.4195,  0.157151
0.4200,  0.169159
0.4205,  0.183418
0.4210,  0.189958
0.4215,  0.198919
0.4220,  0.153423
0.4225,  0.103810
0.4230,  0.142696
0.4235,  0.175490
0.4240,  0.189247
0.4245,  0.205107
0.4250,  0.189837
0.4255,  0.174065
0.4260,  0.176166
0.4265,  0.185567
0.4270,  0.156219
0.4275,  0.127210
0.4280,  0.143955
0.4285,  0.159463
0.4290,  0.148250
0.4295,  0.142588
0.4300,  0.063276
0.4305,  -0.039339
0.4310,  0.148843
0.4315,  0.285520
0.4320,  0.253662
0.4325,  0.218700
0.4330,  0.216225
0.4335,  0.218116
0.4340,  0.189803
0.4345,  0.164416
0.4350,  0.165973
0.4355,  0.164945
0.4360,  0.203721
0.4365,  0.244391
0.4370,  0.215127
0.4375,  0.189556
0.4380,  0.137930
0.4385,  0.077666
0.4390,  0.144958
0.4395,  0.205637
0.4400,  0.175807
0.4405,  0.141221
0.4410,  0.180720
0.4415,  0.215054
0.4420,  0.214103
0.4425,  0.213884
0.4430,  0.189882
0.4435,  0.169459
0.4440,  0.179785
0.4445,  0.192101
0.4450,  0.158291
0.4455,  0.121788
0.4460,  0.137015
0.4465,  0.149984
0.4470,  0.184296
0.4475,  0.216721
0.4480,  0.190593
0.4485,  0.161058
0.4490,  0.164119
0.4495,  0.165149
0.4500,  0.179934
0.4505,  0.197662
0.4510,  0.191418
0.4515,  0.183779
0.4520,  0.153325
0.4525,  0.123629
0.4530,  0.132851
0.4535,  0.142165
0.4540,  0.148456
0.4545,  0.149851
0.4550,  0.160339
0.4555,  0.169591
0.4560,  0.175724
0.4565,  0.180310
0.4570,  0.182590
0.4575,  0.188909
0.4580,  0.164296
0.4585,  0.138754
0.4590,  0.149136
0.4595,  0.157168
0.4600,  0.161576
0.4605,  0.165317
0.4610,  0.164024
0.4615,  0.161902
0.4620,  0.170119
0.4625,  0.179070
0.4630,  0.165954
0.4635,  0.157253
0.4640,  0.149736
0.4645,  0.141966
0.4650,  0.163268
0.4655,  0.184786
0.4660,  0.163333
0.4665,  0.141499
0.4670,  0.164126
0.4675,  0.181600
0.4680,  0.173910
0.4685,  0.172248
0.4690,  0.174849
0.4695,  0.178338
0.4700,  0.158221
0.4705,  0.133208
0.4710,  0.163813
0.4715,  0.194583
0.4720,  0.195278
0.4725,  0.195639
0.4730,  0.183251
0.4735,  0.170739
0.4740,  0.178762
0.4745,  0.187685
0.4750,  0.178635
0.4755,  0.170512
0.4760,  0.158637
0.4765,  0.147748
0.4770,  0.173464
0.4775,  0.196336
0.4780,  0.179064
0.4785,  0.163209
0.4790,  0.176227
0.4795,  0.187276
0.4800,  0.175699
0.4805,  0.168398
0.4810,  0.180156
0.4815,  0.187920
0.4820,  0.171451
0.4825,  0.161961
0.4830,  0.164729
0.4835,  0.168794
0.4840,  0.165553
0.4845,  0.167554
0.4850,  0.156065
0.4855,  0.145634
0.4860,  0.115747
0.4865,  0.071715
0.4870,  0.123251
0.4875,  0.166950
0.4880,  0.178840
0.4885,  0.188994
0.4890,  0.187720
0.4895,  0.186363
0.4900,  0.188325
0.4905,  0.195012
0.4910,  0.171914
0.4915,  0.149115
0.4920,  0.150452
0.4925,  0.150861
0.4930,  0.144496
0.4935,  0.135736
0.4940,  0.165998
0.4945,  0.196152
0.4950,  0.162345
0.4955,  0.131384
0.4960,  0.151933
0.4965,  0.171072
0.4970,  0.174245
0.4975,  0.179468
0.4980,  0.149709
0.4985,  0.116646
0.4990,  0.142678
0.4995,  0.168856
0.5000,  0.148140
0.5005,  0.127279
0.5010,  0.122246
0.5015,  0.113627
0.5020,  0.132484
0.5025,  0.151380
0.5030,  0.160822
0.5035,  0.168011
0.5040,  0.152423
0.5045,  0.134700
0.5050,  0.154568
0.5055,  0.174975
0.5060,  0.162429
0.5065,  0.153903
0.5070,  0.144839
0.5075,  0.136372
0.5080,  0.139779
0.5085,  0.142033
0.5090,  0.140763
0.5095,  0.138608
0.5100,  0.142795
0.5105,  0.146760
0.5110,  0.156336
0.5115,  0.166716
0.5120,  0.140394
0.5125,  0.115933
0.5130,  0.121747
0.5135,  0.125821
0.5140,  0.132637
0.5145,  0.136564
0.5150,  0.145824
0.5155,  0.161404
0.5160,  0.124146
0.5165,  0.082981
0.5170,  0.108897
0.5175,  0.130151
0.5180,  0.113974
0.5185,  0.089975
0.5190,  0.124104
0.5195,  0.156076
0.5200,  0.146041
0.5205,  0.137737
0.5210,  0.148457
0.5215,  0.159853
0.5220,  0.136187
0.5225,  0.113207
0.5230,  0.127944
0.5235,  0.138270
0.5240,  0.147532
0.5245,  0.158396
0.5250,  0.155171
0.5255,  0.157441
0.5260,  0.109631
0.5265,  0.055865
0.5270,  0.097485
0.5275,  0.129695
0.5280,  0.136235
0.5285,  0.141967
0.5290,  0.138658
0.5295,  0.135467
0.5300,  0.136750
0.5305,  0.140162
0.5310,  0.142801
0.5315,  0.150248
0.5320,  0.113705
0.5325,  0.073979
0.5330,  0.115160
0.5335,  0.151701
0.5340,  0.135274
0.5345,  0.115193
0.5350,  0.138887
0.5355,  0.163815
0.5360,  0.137762
0.5365,  0.113395
0.5370,  0.117423
0.5375,  0.122058
0.5380,  0.130851
0.5385,  0.139937
0.5390,  0.128709
0.5395,  0.117314
0.5400,  0.107829
0.5405,  0.097062
0.5410,  0.123584
0.5415,  0.146084
0.5420,  0.130861
0.5425,  0.116826
0.5430,  0.128065
0.5435,  0.136449
0.5440,  0.132911
0.5445,  0.131486
0.5450,  0.136500
0.5455,  0.139759
0.5460,  0.135077
0.5465,  0.131783
0.5470,  0.123292
0.5475,  0.113250
0.5480,  0.120314
0.5485,  0.125100
0.5490,  0.131033
0.5495,  0.138135
0.5500,  0.131109
0.5505,  0.124723
0.5510,  0.126827
0.5515,  0.129233
0.5520,  0.124731
0.5525,  0.120067
0.5530,  0.129237
0.5535,  0.136848
0.5540,  0.139170
0.5545,  0.141296
0.5550,  0.142203
0.5555,  0.144587
0.5560,  0.131107
0.5565,  0.117904
0.5570,  0.127978
0.5575,  0.139911
0.5580,  0.131250
0.5585,  0.122008
0.5590,  0.128015
0.5595,  0.131581
0.5600,  0.136402
0.5605,  0.140691
0.5610,  0.134549
0.5615,  0.126516
0.5620,  0.129752
0.5625,  0.134878
0.5630,  0.138108
0.5635,  0.142015
0.5640,  0.143007
0.5645,  0.146129
0.5650,  0.137626
0.5655,  0.126227
0.5660,  0.133155
0.5665,  0.138197
0.5670,  0.151334
0.5675,  0.165894
0.5680,  0.148924
0.5685,  0.132336
0.5690,  0.147208
0.5695,  0.161802
0.5700,  0.143234
0.5705,  0.121878
0.5710,  0.131942
0.5715,  0.138614
0.5720,  0.148248
0.5725,  0.158938
0.5730,  0.153411
0.5735,  0.150900
0.5740,  0.150541
0.5745,  0.150303
0.5750,  0.142956
0.5755,  0.133287
0.5760,  0.135581
0.5765,  0.139533
0.5770,  0.142866
0.5775,  0.148116
0.5780,  0.131658
0.5785,  0.113229
0.5790,  0.121869
0.5795,  0.130445
0.5800,  0.132209
0.5805,  0.133082
0.5810,  0.133705
0.5815,  0.135426
0.5820,  0.139392
0.5825,  0.140834
0.5830,  0.134191
0.5835,  0.131239
0.5840,  0.132919
0.5845,  0.137461
0.5850,  0.124758
0.5855,  0.111145
0.5860,  0.125313
0.5865,  0.139468
0.5870,  0.149859
0.5875,  0.166081
0.5880,  0.160135
0.5885,  0.153362
0.5890,  0.128452
0.5895,  0.095354
0.5900,  0.144258
0.5905,  0.187605
0.5910,  0.176580
0.5915,  0.165801
0.5920,  0.165729
0.5925,  0.166759
0.5930,  0.161556
0.5935,  0.161765
0.5940,  0.158550
0.5945,  0.152970
0.5950,  0.156746
0.5955,  0.157922
0.5960,  0.160130
0.5965,  0.164569
0.5970,  0.157608
0.5975,  0.151443
0.5980,  0.145657
0.5985,  0.138744
0.5990,  0.145183
0.5995,  0.152252
0.6000,  0.148716
0.6005,  0.144531
0.6010,  0.147472
0.6015,  0.146318
0.6020,  0.133278
0.6025,  0.120583
0.6030,  0.132840
0.6035,  0.147975
0.6040,  0.146623
0.6045,  0.147564
0.6050,  0.147574
0.6055,  0.145269
0.6060,  0.143290
0.6065,  0.142850
0.6070,  0.143283
0.6075,  0.146161
0.6080,  0.145333
0.6085,  0.145600
0.6090,  0.150680
0.6095,  0.153821
0.6100,  0.144921
0.6105,  0.135228
0.6110,  0.147587
0.6115,  0.160340
0.6120,  0.152034
0.6125,  0.144930
0.6130,  0.143344
0.6135,  0.140604
0.6140,  0.150697
0.6145,  0.161601
0.6150,  0.164351
0.6155,  0.165828
0.6160,  0.138993
0.6165,  0.110105
0.6170,  0.134611
0.6175,  0.157700
0.6180,  0.161432
0.6185,  0.166413
0.6190,  0.164305
0.6195,  0.159029
0.6200,  0.163658
0.6205,  0.170692
0.6210,  0.159767
0.6215,  0.148233
0.6220,  0.155713
0.6225,  0.164966
0.6230,  0.156906
0.6235,  0.151269
0.6240,  0.156023
0.6245,  0.159036
0.6250,  0.155865
0.6255,  0.151549
0.6260,  0.169926
0.6265,  0.186106
0.6270,  0.185112
0.6275,  0.187373
0.6280,  0.190473
0.6285,  0.194002
0.6290,  0.193658
0.6295,  0.192108
0.6300,  0.188246
0.6305,  0.181566
0.6310,  0.175895
0.6315,  0.175304
0.6320,  0.172538
0.6325,  0.169723
0.6330,  0.168667
0.6335,  0.167818
0.6340,  0.168914
0.6345,  0.171889
0.6350,  0.173962
0.6355,  0.175267
0.6360,  0.175595
0.6365,  0.174387
0.6370,  0.170604
0.6375,  0.165323
0.6380,  0.163376
0.6385,  0.163362
0.6390,  0.166943
0.6395,  0.166728
0.6400,  0.166509
0.6405,  0.165430
0.6410,  0.162363
0.6415,  0.162254
0.6420,  0.160391
0.6425,  0.156792
0.6430,  0.153495
0.6435,  0.154863
0.6440,  0.159290
0.6445,  0.167940
0.6450,  0.179785
0.6455,  0.187442
0.6460,  0.193762
0.6465,  0.196791
0.6470,  0.195131
0.6475,  0.190780
0.6480,  0.186019
0.6485,  0.182325
0.6490,  0.176889
0.6495,  0.181275
0.6500,  0.183705
0.6505,  0.187997
0.6510,  0.195687
0.6515,  0.196802
0.6520,  0.197111
0.6525,  0.192132
0.6530,  0.186225
0.6535,  0.174919
0.6540,  0.171378
0.6545,  0.176864
0.6550,  0.186974
0.6555,  0.187729
0.6560,  0.176682
0.6565,  0.147898
0.6570,  0.109703
0.6575,  0.121597
0.6580,  0.135589
0.6585,  0.149032
0.6590,  0.164734
0.6595,  0.161657
0.6600,  0.156598
0.6605,  0.150386
0.6610,  0.147720
0.6615,  0.142841
0.6620,  0.142046
0.6625,  0.143156
0.6630,  0.145269
0.6635,  0.150300
0.6640,  0.154705
0.6645,  0.159990
0.6650,  0.164283
0.6655,  0.163869
0.6660,  0.159738
0.6665,  0.155522
0.6670,  0.149627
0.6675,  0.149276
0.6680,  0.150151
0.6685,  0.151385
0.6690,  0.153193
0.6695,  0.153047
0.6700,  0.154720
0.6705,  0.158017
0.6710,  0.157656
0.6715,  0.158562
0.6720,  0.155268
0.6725,  0.151846
0.6730,  0.149246
0.6735,  0.146067
0.6740,  0.145506
0.6745,  0.145233
0.6750,  0.143793
0.6755,  0.146259
0.6760,  0.148733
0.6765,  0.152393
0.6770,  0.154296
0.6775,  0.154915
0.6780,  0.156055
0.6785,  0.153784
0.6790,  0.150623
0.6795,  0.149516
0.6800,  0.149961
0.6805,  0.149731
0.6810,  0.151504
0.6815,  0.154512
0.6820,  0.157618
0.6825,  0.161276
0.6830,  0.166412
0.6835,  0.169996
0.6840,  0.172848
0.6845,  0.173630
0.6850,  0.178962
0.6855,  0.199913
0.6860,  0.230295
0.6865,  0.265623
0.6870,  0.290817
0.6875,  0.295026
0.6880,  0.289403
0.6885,  0.284247
0.6890,  0.279561
0.6895,  0.272576
0.6900,  0.263987
0.6905,  0.254529
0.6910,  0.247145
0.6915,  0.242911
0.6920,  0.242933
0.6925,  0.246102
0.6930,  0.249538
0.6935,  0.247691
0.6940,  0.244133
0.6945,  0.240575
0.6950,  0.237527
0.6955,  0.231582
0.6960,  0.221679
0.6965,  0.213491
0.6970,  0.208983
0.6975,  0.212959
0.6980,  0.223165
0.6985,  0.231670
0.6990,  0.237402
0.6995,  0.236215
0.7000,  0.231533
0.7005,  0.228030
0.7010,  0.226989
0.7015,  0.232810
0.7020,  0.232301
0.7025,  0.231445
0.7030,  0.229807
0.7035,  0.230024
0.7040,  0.232163
0.7045,  0.234141
0.7050,  0.236998
0.7055,  0.231058
0.7060,  0.224685
0.7065,  0.217987
0.7070,  0.214517
0.7075,  0.212750
0.7080,  0.209536
0.7085,  0.204712
0.7090,  0.201487
0.7095,  0.200983
0.7100,  0.203768
0.7105,  0.207061
0.7110,  0.210281
0.7115,  0.213200
0.7120,  0.214509
0.7125,  0.216144
0.7130,  0.215922
0.7135,  0.215255
0.7140,  0.217208
0.7145,  0.223389
0.7150,  0.233587
0.7155,  0.253605
0.7160,  0.287638
0.7165,  0.326049
0.7170,  0.367233
0.7175,  0.405583
0.7180,  0.438702
0.7185,  0.461015
0.7190,  0.470311
0.7195,  0.471536
0.7200,  0.453312
0.7205,  0.424109
0.7210,  0.390112
0.7215,  0.362488
0.7220,  0.357554
0.7225,  0.370672
0.7230,  0.391245
0.7235,  0.408557
0.7240,  0.424430
0.7245,  0.434351
0.7250,  0.438684
0.7255,  0.439247
0.7260,  0.434331
0.7265,  0.428673
0.7270,  0.422776
0.7275,  0.418698
0.7280,  0.417575
0.7285,  0.412075
0.7290,  0.405693
0.7295,  0.399368
0.7300,  0.395801
0.7305,  0.384828
0.7310,  0.373757
0.7315,  0.357856
0.7320,  0.341155
0.7325,  0.318960
0.7330,  0.296112
0.7335,  0.279665
0.7340,  0.270771
0.7345,  0.265889
0.7350,  0.266288
0.7355,  0.267983
0.7360,  0.265362
0.7365,  0.265620
0.7370,  0.261043
0.7375,  0.255078
0.7380,  0.252795
0.7385,  0.253410
0.7390,  0.246140
0.7395,  0.242698
0.7400,  0.239185
0.7405,  0.237002
0.7410,  0.235995
0.7415,  0.239679
0.7420,  0.243578
0.7425,  0.246411
0.7430,  0.247091
0.7435,  0.236585
0.7440,  0.232533
0.7445,  0.229871
0.7450,  0.222419
0.7455,  0.221923
0.7460,  0.221299
0.7465,  0.225642
0.7470,  0.225737
0.7475,  0.222722
0.7480,  0.221902
0.7485,  0.220835
0.7490,  0.220454
0.7495,  0.221600
0.7500,  0.219739
0.7505,  0.222701
0.7510,  0.225624
0.7515,  0.222238
0.7520,  0.218149
0.7525,  0.215306
0.7530,  0.214082
0.7535,  0.214486
0.7540,  0.212875
0.7545,  0.210120
0.7550,  0.209031
0.7555,  0.209140
0.7560,  0.211413
0.7565,  0.213446
0.7570,  0.214698
0.7575,  0.224246
0.7580,  0.257593
0.7585,  0.331335
0.7590,  0.457695
0.7595,  0.630019
0.7600,  0.800881
0.7605,  0.901030
0.7610,  0.911086
0.7615,  0.885309
0.7620,  0.861490
0.7625,  0.844158
0.7630,  0.830267
0.7635,  0.804810
0.7640,  0.759273
0.7645,  0.691270
0.7650,  0.615251
0.7655,  0.539819
0.7660,  0.475078
0.7665,  0.415915
0.7670,  0.368074
0.7675,  0.338051
0.7680,  0.315617
0.7685,  0.300787
0.7690,  0.291320
0.7695,  0.277707
0.7700,  0.264644
0.7705,  0.252593
0.7710,  0.244554
0.7715,  0.246973
0.7720,  0.251540
0.7725,  0.250299
0.7730,  0.251407
0.7735,  0.247206
0.7740,  0.244032
0.7745,  0.239822
0.7750,  0.235324
0.7755,  0.235369
0.7760,  0.235576
0.7765,  0.237229
0.7770,  0.240633
0.7775,  0.239067
0.7780,  0.238122
0.7785,  0.234594
0.7790,  0.232454
0.7795,  0.229442
0.7800,  0.230397
0.7805,  0.233158
0.7810,  0.236343
0.7815,  0.239738
0.7820,  0.237503
0.7825,  0.234318
0.7830,  0.225323
0.7835,  0.226110
0.7840,  0.226707
0.7845,  0.233259
0.7850,  0.243408
0.7855,  0.249005
0.7860,  0.248319
0.7865,  0.253417
0.7870,  0.261471
0.7875,  0.271127
0.7880,  0.281827
0.7885,  0.284998
0.7890,  0.290508
0.7895,  0.292362
0.7900,  0.294046
0.7905,  0.297444
0.7910,  0.299040
0.7915,  0.303077
0.7920,  0.307339
0.7925,  0.309315
0.7930,  0.308660
0.7935,  0.300549
0.7940,  0.297607
0.7945,  0.294437
0.7950,  0.295917
0.7955,  0.307139
0.7960,  0.309397
0.7965,  0.306263
0.7970,  0.307896
0.7975,  0.298854
0.7980,  0.297977
0.7985,  0.298991
0.7990,  0.298526
0.7995,  0.303608
0.8000,  0.303903
0.8005,  0.299755
0.8010,  0.301293
0.8015,  0.309215
0.8020,  0.308194
0.8025,  0.311331
0.8030,  0.307633
0.8035,  0.302142
0.8040,  0.292408
0.8045,  0.282815
0.8050,  0.277794
0.8055,  0.276660
0.8060,  0.278481
0.8065,  0.279267
0.8070,  0.278818
0.8075,  0.282117
0.8080,  0.282680
0.8085,  0.289475
0.8090,  0.288570
0.8095,  0.295363
0.8100,  0.305311
0.8105,  0.322477
0.8110,  0.342326
0.8115,  0.352127
0.8120,  0.369053
0.8125,  0.399702
0.8130,  0.433352
0.8135,  0.471898
0.8140,  0.491608
0.8145,  0.516991
0.8150,  0.545247
0.8155,  0.574803
0.8160,  0.596482
0.8165,  0.600022
0.8170,  0.588568
0.8175,  0.573123
0.8180,  0.565894
0.8185,  0.551141
0.8190,  0.530754
0.8195,  0.515004
0.8200,  0.487990
0.8205,  0.471104
0.8210,  0.482255
0.8215,  0.511559
0.8220,  0.551929
0.8225,  0.578614
0.8230,  0.582614
0.8235,  0.557531
0.8240,  0.518087
0.8245,  0.481814
0.8250,  0.460446
0.8255,  0.447211
0.8260,  0.448760
0.8265,  0.462218
0.8270,  0.483609
0.8275,  0.502488
0.8280,  0.517497
0.8285,  0.513982
0.8290,  0.506448
0.8295,  0.496736
0.8300,  0.477176
0.8305,  0.468717
0.8310,  0.460718
0.8315,  0.457684
0.8320,  0.456607
0.8325,  0.463667
0.8330,  0.452103
0.8335,  0.441625
0.8340,  0.420596
0.8345,  0.401699
0.8350,  0.388896
0.8355,  0.378197
0.8360,  0.373742
0.8365,  0.372984
0.8370,  0.371318
0.8375,  0.367216
0.8380,  0.350921
0.8385,  0.337661
0.8390,  0.333141
0.8395,  0.323044
0.8400,  0.314728
0.8405,  0.321064
0.8410,  0.322444
0.8415,  0.320247
0.8420,  0.320370
0.8425,  0.321450
0.8430,  0.328160
0.8435,  0.326117
0.8440,  0.318146
0.8445,  0.310250
0.8450,  0.312446
0.8455,  0.320048
0.8460,  0.329652
0.8465,  0.329343
0.8470,  0.328814
0.8475,  0.325247
0.8480,  0.328646
0.8485,  0.331973
0.8490,  0.333287
0.8495,  0.329112
0.8500,  0.323919
0.8505,  0.335200
0.8510,  0.331977
0.8515,  0.326565
0.8520,  0.329903
0.8525,  0.325200
0.8530,  0.332176
0.8535,  0.338763
0.8540,  0.338209
0.8545,  0.366807
0.8550,  0.373508
0.8555,  0.369653
0.8560,  0.365725
0.8565,  0.339190
0.8570,  0.325512
0.8575,  0.322184
0.8580,  0.337232
0.8585,  0.341083
0.8590,  0.338822
0.8595,  0.337616
0.8600,  0.334867
0.8605,  0.335761
0.8610,  0.350735
0.8615,  0.344643
0.8620,  0.341448
0.8625,  0.348241
0.8630,  0.342142
0.8635,  0.344831
0.8640,  0.356674
0.8645,  0.352930
0.8650,  0.350417
0.8655,  0.354891
0.8660,  0.339569
0.8665,  0.345968
0.8670,  0.349844
0.8675,  0.346256
0.8680,  0.346359
0.8685,  0.346251
0.8690,  0.343467
0.8695,  0.352344
0.8700,  0.353820
0.8705,  0.365570
0.8710,  0.376156
0.8715,  0.373948
0.8720,  0.378146
0.8725,  0.374590
0.8730,  0.377796
0.8735,  0.376815
0.8740,  0.376116
0.8745,  0.376730
0.8750,  0.375857
0.8755,  0.379155
0.8760,  0.387475
0.8765,  0.394198
0.8770,  0.410653
0.8775,  0.416429
0.8780,  0.419175
0.8785,  0.419743
0.8790,  0.416756
0.8795,  0.421203
0.8800,  0.410267
0.8805,  0.402214
0.8810,  0.406204
0.8815,  0.394951
0.8820,  0.393735
0.8825,  0.402008
0.8830,  0.403851
0.8835,  0.402748
0.8840,  0.412567
0.8845,  0.412745
0.8850,  0.415435
0.8855,  0.420559
0.8860,  0.440240
0.8865,  0.439138
0.8870,  0.438998
0.8875,  0.435645
0.8880,  0.435544
0.8885,  0.427822
0.8890,  0.436298
0.8895,  0.431543
0.8900,  0.441573
