0.3500,  0.106476
0.3505,  0.162313
0.3510,  0.131136
0.3515,  0.098064
0.3520,  0.057786
0.3525,  0.013406
0.3530,  0.050566
0.3535,  0.084033
0.3540,  0.101921
0.3545,  0.128627
0.3550,  0.103917
0.3555,  0.085967
0.3560,  0.051780
0.3565,  0.023148
0.3570,  -0.004400
0.3575,  -0.039323
0.3580,  -0.081294
0.3585,  -0.139507
0.3590,  0.028377
0.3595,  0.164759
0.3600,  0.147959
0.3605,  0.130494
0.3610,  0.076464
0.3615,  0.024598
0.3620,  0.065902
0.3625,  0.106645
0.3630,  0.094038
0.3635,  0.083967
0.3640,  0.077841
0.3645,  0.060728
0.3650,  0.091377
0.3655,  0.122941
0.3660,  0.135232
0.3665,  0.153829
0.3670,  0.124145
0.3675,  0.094506
0.3680,  0.056844
0.3685,  0.019879
0.3690,  0.064959
0.3695,  0.114854
0.3700,  0.091845
0.3705,  0.063076
0.3710,  0.082801
0.3715,  0.105096
0.3720,  0.074816
0.3725,  0.046106
0.3730,  0.013209
0.3735,  -0.022885
0.3740,  -0.013529
0.3745,  -0.008780
0.3750,  0.070857
0.3755,  0.134619
0.3760,  0.125327
0.3765,  0.110029
0.3770,  0.157121
0.3775,  0.198986
0.3780,  0.195365
0.3785,  0.201306
0.3790,  0.109162
0.3795,  0.007900
0.3800,  0.062189
0.3805,  0.118466
0.3810,  0.088647
0.3815,  0.067708
0.3820,  -0.015680
0.3825,  -0.117206
0.3830,  -0.140239
0.3835,  -0.178612
0.3840,  -0.014024
0.3845,  0.110707
0.3850,  0.119965
0.3855,  0.130948
0.3860,  0.116970
0.3865,  0.106766
0.3870,  0.103575
0.3875,  0.099471
0.3880,  0.081457
0.3885,  0.055655
0.3890,  0.110462
0.3895,  0.154577
0.3900,  0.153294
0.3905,  0.153278
0.3910,  0.168215
0.3915,  0.200053
0.3920,  0.110074
0.3925,  0.017865
0.3930,  -0.151197
0.3935,  -0.390289
0.3940,  -0.099504
0.3945,  0.104802
0.3950,  0.202260
0.3955,  0.292533
0.3960,  0.133277
0.3965,  -0.067399
0.3970,  -0.046099
0.3975,  -0.043691
0.3980,  0.144871
0.3985,  0.271382
0.3990,  0.249850
0.3995,  0.236921
0.4000,  0.203251
0.4005,  0.173029
0.4010,  0.160543
0.4015,  0.155272
0.4020,  0.142120
0.4025,  0.133904
0.4030,  0.108177
0.4035,  0.083824
0.4040,  0.079725
0.4045,  0.081101
0.4050,  0.082347
0.4055,  0.082654
0.4060,  0.066245
0.4065,  0.052413
0.4070,  0.066198
0.4075,  0.075721
0.4080,  0.103737
0.4085,  0.130365
0.4090,  0.123953
0.4095,  0.117115
0.4100,  0.069359
0.4105,  0.015407
0.4110,  0.081599
0.4115,  0.140750
0.4120,  0.124285
0.4125,  0.107839
0.4130,  0.094815
0.4135,  0.085967
0.4140,  0.081265
0.4145,  0.075276
0.4150,  0.075178
0.4155,  0.073349
0.4160,  0.093781
0.4165,  0.119006
0.4170,  0.081911
0.4175,  0.038896
0.4180,  0.045409
0.4185,  0.053850
0.4190,  0.059570
0.4195,  0.063468
0.4200,  0.077482
0.4205,  0.090089
0.4210,  0.098192
0.4215,  0.110381
0.4220,  0.066012
0.4225,  0.016112
0.4230,  0.049767
0.4235,  0.085181
0.4240,  0.096498
0.4245,  0.106519
0.4250,  0.091793
0.4255,  0.076622
0.4260,  0.081528
0.4265,  0.089832
0.4270,  0.059746
0.4275,  0.035500
0.4280,  0.049096
0.4285,  0.063624
0.4290,  0.051707
0.4295,  0.042609
0.4300,  -0.037400
0.4305,  -0.143788
0.4310,  0.041838
0.4315,  0.179755
0.4320,  0.148070
0.4325,  0.114797
0.4330,  0.119434
0.4335,  0.125020
0.4340,  0.100752
0.4345,  0.077879
0.4350,  0.081483
0.4355,  0.084491
0.4360,  0.124067
0.4365,  0.159894
0.4370,  0.127109
0.4375,  0.101067
0.4380,  0.051308
0.4385,  -0.006377
0.4390,  0.060667
0.4395,  0.119611
0.4400,  0.089774
0.4405,  0.056727
0.4410,  0.098914
0.4415,  0.137140
0.4420,  0.136773
0.4425,  0.135350
0.4430,  0.112078
0.4435,  0.091967
0.4440,  0.103362
0.4445,  0.117946
0.4450,  0.085055
0.4455,  0.047662
0.4460,  0.059761
0.4465,  0.070668
0.4470,  0.106348
0.4475,  0.141884
0.4480,  0.118933
0.4485,  0.088683
0.4490,  0.091015
0.4495,  0.092877
0.4500,  0.108923
0.4505,  0.123120
0.4510,  0.112325
0.4515,  0.104823
0.4520,  0.073791
0.4525,  0.045638
0.4530,  0.057890
0.4535,  0.068330
0.4540,  0.077727
0.4545,  0.083722
0.4550,  0.092546
0.4555,  0.102406
0.4560,  0.104146
0.4565,  0.105686
0.4570,  0.107437
0.4575,  0.111113
0.4580,  0.086977
0.4585,  0.060168
0.4590,  0.071460
0.4595,  0.079460
0.4600,  0.084944
0.4605,  0.091494
0.4610,  0.092501
0.4615,  0.092606
0.4620,  0.101207
0.4625,  0.108444
0.4630,  0.092418
0.4635,  0.081890
0.4640,  0.074020
0.4645,  0.066803
0.4650,  0.088576
0.4655,  0.109870
0.4660,  0.088261
0.4665,  0.066793
0.4670,  0.092180
0.4675,  0.112076
0.4680,  0.108708
0.4685,  0.105379
0.4690,  0.107466
0.4695,  0.112860
0.4700,  0.091841
0.4705,  0.066192
0.4710,  0.096050
0.4715,  0.122064
0.4720,  0.120432
0.4725,  0.122560
0.4730,  0.114033
0.4735,  0.103045
0.4740,  0.112628
0.4745,  0.125446
0.4750,  0.120112
0.4755,  0.115023
0.4760,  0.104096
0.4765,  0.091141
0.4770,  0.115165
0.4775,  0.136994
0.4780,  0.119540
0.4785,  0.104054
0.4790,  0.116249
0.4795,  0.129601
0.4800,  0.120695
0.4805,  0.112166
0.4810,  0.123020
0.4815,  0.132533
0.4820,  0.121164
0.4825,  0.111788
0.4830,  0.112876
0.4835,  0.116918
0.4840,  0.115523
0.4845,  0.118465
0.4850,  0.105077
0.4855,  0.094230
0.4860,  0.063415
0.4865,  0.020383
0.4870,  0.072645
0.4875,  0.115470
0.4880,  0.125627
0.4885,  0.133533
0.4890,  0.131345
0.4895,  0.132174
0.4900,  0.136258
0.4905,  0.144604
0.4910,  0.121687
0.4915,  0.099822
0.4920,  0.102174
0.4925,  0.102159
0.4930,  0.096927
0.4935,  0.089554
0.4940,  0.121432
0.4945,  0.150985
0.4950,  0.119465
0.4955,  0.088411
0.4960,  0.108436
0.4965,  0.127526
0.4970,  0.130387
0.4975,  0.135426
0.4980,  0.105075
0.4985,  0.072573
0.4990,  0.098971
0.4995,  0.125297
0.5000,  0.105265
0.5005,  0.084017
0.5010,  0.078246
0.5015,  0.070567
0.5020,  0.090612
0.5025,  0.107513
0.5030,  0.115957
0.5035,  0.123323
0.5040,  0.107025
0.5045,  0.088157
0.5050,  0.109568
0.5055,  0.131059
0.5060,  0.119930
0.5065,  0.112413
0.5070,  0.103919
0.5075,  0.093579
0.5080,  0.096363
0.5085,  0.098119
0.5090,  0.096620
0.5095,  0.095361
0.5100,  0.101219
0.5105,  0.106078
0.5110,  0.115659
0.5115,  0.125817
0.5120,  0.101021
0.5125,  0.078080
0.5130,  0.082549
0.5135,  0.084989
0.5140,  0.091665
0.5145,  0.096029
0.5150,  0.105029
0.5155,  0.120446
0.5160,  0.083236
0.5165,  0.043769
0.5170,  0.070884
0.5175,  0.092611
0.5180,  0.075141
0.5185,  0.049586
0.5190,  0.082664
0.5195,  0.115844
0.5200,  0.107007
0.5205,  0.097809
0.5210,  0.107764
0.5215,  0.119150
0.5220,  0.098161
0.5225,  0.077425
0.5230,  0.090557
0.5235,  0.099559
0.5240,  0.107848
0.5245,  0.119078
0.5250,  0.115720
0.5255,  0.116915
0.5260,  0.069109
0.5265,  0.016199
0.5270,  0.057603
0.5275,  0.089889
0.5280,  0.097407
0.5285,  0.101979
0.5290,  0.098535
0.5295,  0.097081
0.5300,  0.099564
0.5305,  0.102956
0.5310,  0.104140
0.5315,  0.110811
0.5320,  0.075657
0.5325,  0.035929
0.5330,  0.075218
0.5335,  0.109565
0.5340,  0.091911
0.5345,  0.071974
0.5350,  0.096942
0.5355,  0.122902
0.5360,  0.097438
0.5365,  0.073364
0.5370,  0.077777
0.5375,  0.081081
0.5380,  0.088720
0.5385,  0.096861
0.5390,  0.086744
0.5395,  0.077120
0.5400,  0.068395
0.5405,  0.056472
0.5410,  0.081602
0.5415,  0.104742
0.5420,  0.090189
0.5425,  0.076691
0.5430,  0.088268
0.5435,  0.097777
0.5440,  0.095139
0.5445,  0.093920
0.5450,  0.097444
0.5455,  0.099366
0.5460,  0.095547
0.5465,  0.091991
0.5470,  0.084733
0.5475,  0.076118
0.5480,  0.083548
0.5485,  0.088925
0.5490,  0.093535
0.5495,  0.099201
0.5500,  0.093400
0.5505,  0.087738
0.5510,  0.091127
0.5515,  0.094043
0.5520,  0.089253
0.5525,  0.083605
0.5530,  0.090336
0.5535,  0.096467
0.5540,  0.096228
0.5545,  0.097729
0.5550,  0.099173
0.5555,  0.103179
0.5560,  0.091354
0.5565,  0.079440
0.5570,  0.089625
0.5575,  0.101755
0.5580,  0.093270
0.5585,  0.082720
0.5590,  0.088169
0.5595,  0.091965
0.5600,  0.096551
0.5605,  0.100571
0.5610,  0.094452
0.5615,  0.088671
0.5620,  0.093076
0.5625,  0.099037
0.5630,  0.102761
0.5635,  0.107012
0.5640,  0.107851
0.5645,  0.108931
0.5650,  0.098836
0.5655,  0.086274
0.5660,  0.092820
0.5665,  0.099007
0.5670,  0.110456
0.5675,  0.124139
0.5680,  0.108726
0.5685,  0.092947
0.5690,  0.107695
0.5695,  0.124040
0.5700,  0.107106
0.5705,  0.085746
0.5710,  0.093506
0.5715,  0.099316
0.5720,  0.108802
0.5725,  0.118811
0.5730,  0.111905
0.5735,  0.108091
0.5740,  0.107905
0.5745,  0.108716
0.5750,  0.101922
0.5755,  0.092866
0.5760,  0.094926
0.5765,  0.098673
0.5770,  0.101313
0.5775,  0.107234
0.5780,  0.090836
0.5785,  0.073732
0.5790,  0.081876
0.5795,  0.088846
0.5800,  0.086850
0.5805,  0.085370
0.5810,  0.086787
0.5815,  0.089463
0.5820,  0.093385
0.5825,  0.094415
0.5830,  0.090337
0.5835,  0.088249
0.5840,  0.091318
0.5845,  0.097047
0.5850,  0.083944
0.5855,  0.069315
0.5860,  0.082365
0.5865,  0.093227
0.5870,  0.100474
0.5875,  0.115092
0.5880,  0.108375
0.5885,  0.099423
0.5890,  0.075478
0.5895,  0.044321
0.5900,  0.094367
0.5905,  0.137913
0.5910,  0.126578
0.5915,  0.115050
0.5920,  0.114484
0.5925,  0.115076
0.5930,  0.110365
0.5935,  0.109993
0.5940,  0.105117
0.5945,  0.100811
0.5950,  0.104116
0.5955,  0.105476
0.5960,  0.106784
0.5965,  0.109520
0.5970,  0.102454
0.5975,  0.096007
0.5980,  0.091978
0.5985,  0.088695
0.5990,  0.096899
0.5995,  0.105586
0.6000,  0.101866
0.6005,  0.099305
0.6010,  0.101352
0.6015,  0.099852
0.6020,  0.087681
0.6025,  0.074618
0.6030,  0.087853
0.6035,  0.103119
0.6040,  0.101728
0.6045,  0.102496
0.6050,  0.101518
0.6055,  0.098235
0.6060,  0.095073
0.6065,  0.093298
0.6070,  0.095196
0.6075,  0.098733
0.6080,  0.097123
0.6085,  0.096840
0.6090,  0.101877
0.6095,  0.105095
0.6100,  0.096280
0.6105,  0.085606
0.6110,  0.095636
0.6115,  0.106147
0.6120,  0.096526
0.6125,  0.088260
0.6130,  0.087010
0.6135,  0.085061
0.6140,  0.095865
0.6145,  0.106301
0.6150,  0.108813
0.6155,  0.110328
0.6160,  0.083693
0.6165,  0.054222
0.6170,  0.075933
0.6175,  0.100204
0.6180,  0.107000
0.6185,  0.114030
0.6190,  0.112458
0.6195,  0.106858
0.6200,  0.112332
0.6205,  0.119237
0.6210,  0.108165
0.6215,  0.096266
0.6220,  0.103663
0.6225,  0.113341
0.6230,  0.105525
0.6235,  0.099081
0.6240,  0.103259
0.6245,  0.105228
0.6250,  0.099599
0.6255,  0.090781
0.6260,  0.104507
0.6265,  0.119256
0.6270,  0.120968
0.6275,  0.124857
0.6280,  0.127670
0.6285,  0.129847
0.6290,  0.129060
0.6295,  0.128653
0.6300,  0.124655
0.6305,  0.117336
0.6310,  0.110423
0.6315,  0.107087
0.6320,  0.102300
0.6325,  0.102738
0.6330,  0.105226
0.6335,  0.108676
0.6340,  0.112133
0.6345,  0.115015
0.6350,  0.118745
0.6355,  0.120803
0.6360,  0.120194
0.6365,  0.116857
0.6370,  0.112370
0.6375,  0.110155
0.6380,  0.110452
0.6385,  0.113072
0.6390,  0.115831
0.6395,  0.112380
0.6400,  0.110335
0.6405,  0.108585
0.6410,  0.104394
0.6415,  0.103123
0.6420,  0.100752
0.6425,  0.099754
0.6430,  0.098437
0.6435,  0.099381
0.6440,  0.100325
0.6445,  0.105932
0.6450,  0.113984
0.6455,  0.118360
0.6460,  0.122855
0.6465,  0.126532
0.6470,  0.125522
0.6475,  0.121160
0.6480,  0.117907
0.6485,  0.113262
0.6490,  0.108033
0.6495,  0.110937
0.6500,  0.113472
0.6505,  0.118243
0.6510,  0.124845
0.6515,  0.124530
0.6520,  0.121666
0.6525,  0.117872
0.6530,  0.113622
0.6535,  0.103200
0.6540,  0.099329
0.6545,  0.105517
0.6550,  0.117849
0.6555,  0.120956
0.6560,  0.112515
0.6565,  0.086260
0.6570,  0.049439
0.6575,  0.058275
0.6580,  0.068280
0.6585,  0.082110
0.6590,  0.097496
0.6595,  0.092506
0.6600,  0.088902
0.6605,  0.084937
0.6610,  0.083945
0.6615,  0.082753
0.6620,  0.080774
0.6625,  0.080420
0.6630,  0.081309
0.6635,  0.082914
0.6640,  0.080653
0.6645,  0.081143
0.6650,  0.081829
0.6655,  0.079784
0.6660,  0.077661
0.6665,  0.076840
0.6670,  0.075352
0.6675,  0.078197
0.6680,  0.075971
0.6685,  0.076902
0.6690,  0.078224
0.6695,  0.075723
0.6700,  0.076964
0.6705,  0.078806
0.6710,  0.080065
0.6715,  0.082701
0.6720,  0.081314
0.6725,  0.079399
0.6730,  0.077026
0.6735,  0.072621
0.6740,  0.071332
0.6745,  0.069444
0.6750,  0.069807
0.6755,  0.072107
0.6760,  0.072015
0.6765,  0.072389
0.6770,  0.073630
0.6775,  0.072807
0.6780,  0.071514
0.6785,  0.072692
0.6790,  0.072667
0.6795,  0.071937
0.6800,  0.072347
0.6805,  0.072076
0.6810,  0.072275
0.6815,  0.072349
0.6820,  0.075738
0.6825,  0.081135
0.6830,  0.083972
0.6835,  0.084757
0.6840,  0.085617
0.6845,  0.085229
0.6850,  0.086797
0.6855,  0.110020
0.6860,  0.141936
0.6865,  0.174869
0.6870,  0.199885
0.6875,  0.201511
0.6880,  0.200514
0.6885,  0.194366
0.6890,  0.187858
0.6895,  0.180132
0.6900,  0.175001
0.6905,  0.164321
0.6910,  0.156318
0.6915,  0.150195
0.6920,  0.146449
0.6925,  0.144298
0.6930,  0.145609
0.6935,  0.146436
0.6940,  0.146586
0.6945,  0.147267
0.6950,  0.141811
0.6955,  0.130379
0.6960,  0.119318
0.6965,  0.111705
0.6970,  0.104695
0.6975,  0.110784
0.6980,  0.116675
0.6985,  0.122363
0.6990,  0.127323
0.6995,  0.128635
0.7000,  0.128068
0.7005,  0.127713
0.7010,  0.127274
0.7015,  0.131762
0.7020,  0.131551
0.7025,  0.127036
0.7030,  0.122396
0.7035,  0.127316
0.7040,  0.128559
0.7045,  0.131613
0.7050,  0.135179
0.7055,  0.133397
0.7060,  0.131456
0.7065,  0.125419
0.7070,  0.120598
0.7075,  0.115100
0.7080,  0.112379
0.7085,  0.110251
0.7090,  0.104969
0.7095,  0.103503
0.7100,  0.104802
0.7105,  0.106769
0.7110,  0.108139
0.7115,  0.107509
0.7120,  0.107704
0.7125,  0.112362
0.7130,  0.112872
0.7135,  0.115154
0.7140,  0.117829
0.7145,  0.120057
0.7150,  0.127954
0.7155,  0.142183
0.7160,  0.168997
0.7165,  0.196801
0.7170,  0.228959
0.7175,  0.256998
0.7180,  0.283766
0.7185,  0.297986
0.7190,  0.302446
0.7195,  0.298033
0.7200,  0.282478
0.7205,  0.257813
0.7210,  0.231521
0.7215,  0.212592
0.7220,  0.216246
0.7225,  0.227921
0.7230,  0.246261
0.7235,  0.260456
0.7240,  0.273889
0.7245,  0.275345
0.7250,  0.275168
0.7255,  0.273662
0.7260,  0.274833
0.7265,  0.275998
0.7270,  0.276003
0.7275,  0.272292
0.7280,  0.273251
0.7285,  0.266553
0.7290,  0.256845
0.7295,  0.253088
0.7300,  0.246161
0.7305,  0.240434
0.7310,  0.232954
0.7315,  0.223802
0.7320,  0.210364
0.7325,  0.193149
0.7330,  0.175735
0.7335,  0.157376
0.7340,  0.151846
0.7345,  0.145921
0.7350,  0.143056
0.7355,  0.141824
0.7360,  0.140019
0.7365,  0.132506
0.7370,  0.129663
0.7375,  0.122655
0.7380,  0.120316
0.7385,  0.119748
0.7390,  0.117291
0.7395,  0.113786
0.7400,  0.110268
0.7405,  0.107221
0.7410,  0.100249
0.7415,  0.104240
0.7420,  0.109505
0.7425,  0.111659
0.7430,  0.110410
0.7435,  0.103072
0.7440,  0.101586
0.7445,  0.098902
0.7450,  0.093361
0.7455,  0.091569
0.7460,  0.092863
0.7465,  0.097566
0.7470,  0.099021
0.7475,  0.093997
0.7480,  0.091272
0.7485,  0.094098
0.7490,  0.093111
0.7495,  0.095359
0.7500,  0.094890
0.7505,  0.096826
0.7510,  0.100469
0.7515,  0.101410
0.7520,  0.098707
0.7525,  0.099241
0.7530,  0.095492
0.7535,  0.089181
0.7540,  0.084579
0.7545,  0.080789
0.7550,  0.085118
0.7555,  0.084559
0.7560,  0.086722
0.7565,  0.090186
0.7570,  0.094403
0.7575,  0.108009
0.7580,  0.137408
0.7585,  0.198227
0.7590,  0.303727
0.7595,  0.441840
0.7600,  0.579332
0.7605,  0.653473
0.7610,  0.664129
0.7615,  0.642595
0.7620,  0.621188
0.7625,  0.608361
0.7630,  0.592127
0.7635,  0.563549
0.7640,  0.522322
0.7645,  0.461440
0.7650,  0.398901
0.7655,  0.340881
0.7660,  0.283165
0.7665,  0.230463
0.7670,  0.186501
0.7675,  0.161386
0.7680,  0.144913
0.7685,  0.133316
0.7690,  0.131310
0.7695,  0.125745
0.7700,  0.119371
0.7705,  0.117346
0.7710,  0.109787
0.7715,  0.105562
0.7720,  0.103361
0.7725,  0.100074
0.7730,  0.101853
0.7735,  0.096358
0.7740,  0.091524
0.7745,  0.092489
0.7750,  0.099138
0.7755,  0.101292
0.7760,  0.099172
0.7765,  0.096667
0.7770,  0.097392
0.7775,  0.097460
0.7780,  0.096509
0.7785,  0.097913
0.7790,  0.099239
0.7795,  0.098156
0.7800,  0.097884
0.7805,  0.092995
0.7810,  0.087889
0.7815,  0.087659
0.7820,  0.089804
0.7825,  0.093561
0.7830,  0.096199
0.7835,  0.096250
0.7840,  0.095409
0.7845,  0.093125
0.7850,  0.089830
0.7855,  0.083752
0.7860,  0.084959
0.7865,  0.091042
0.7870,  0.096996
0.7875,  0.104350
0.7880,  0.115691
0.7885,  0.119772
0.7890,  0.125329
0.7895,  0.119136
0.7900,  0.109621
0.7905,  0.107205
0.7910,  0.106906
0.7915,  0.110624
0.7920,  0.112314
0.7925,  0.116233
0.7930,  0.119695
0.7935,  0.118215
0.7940,  0.110460
0.7945,  0.105552
0.7950,  0.101594
0.7955,  0.105014
0.7960,  0.111536
0.7965,  0.115676
0.7970,  0.115016
0.7975,  0.117313
0.7980,  0.116173
0.7985,  0.114131
0.7990,  0.108570
0.7995,  0.111726
0.8000,  0.120153
0.8005,  0.125301
0.8010,  0.129757
0.8015,  0.127661
0.8020,  0.117551
0.8025,  0.109745
0.8030,  0.110299
0.8035,  0.114487
0.8040,  0.113659
0.8045,  0.115101
0.8050,  0.120557
0.8055,  0.116077
0.8060,  0.107616
0.8065,  0.103592
0.8070,  0.099895
0.8075,  0.098092
0.8080,  0.094397
0.8085,  0.091123
0.8090,  0.093817
0.8095,  0.102997
0.8100,  0.118572
0.8105,  0.127522
0.8110,  0.138331
0.8115,  0.150538
0.8120,  0.168686
0.8125,  0.182843
0.8130,  0.200597
0.8135,  0.219223
0.8140,  0.242651
0.8145,  0.259863
0.8150,  0.281476
0.8155,  0.295876
0.8160,  0.308026
0.8165,  0.308083
0.8170,  0.308655
0.8175,  0.298046
0.8180,  0.279667
0.8185,  0.265781
0.8190,  0.248700
0.8195,  0.237065
0.8200,  0.217242
0.8205,  0.201723
0.8210,  0.210223
0.8215,  0.239582
0.8220,  0.277993
0.8225,  0.310757
0.8230,  0.307085
0.8235,  0.275095
0.8240,  0.237551
0.8245,  0.208922
0.8250,  0.194979
0.8255,  0.184161
0.8260,  0.196701
0.8265,  0.204733
0.8270,  0.218496
0.8275,  0.234226
0.8280,  0.246493
0.8285,  0.245191
0.8290,  0.231016
0.8295,  0.216599
0.8300,  0.201768
0.8305,  0.197868
0.8310,  0.191640
0.8315,  0.193751
0.8320,  0.192679
0.8325,  0.192996
0.8330,  0.180023
0.8335,  0.169912
0.8340,  0.163745
0.8345,  0.163703
0.8350,  0.161750
0.8355,  0.165438
0.8360,  0.154227
0.8365,  0.139606
0.8370,  0.132235
0.8375,  0.127898
0.8380,  0.121015
0.8385,  0.119910
0.8390,  0.123783
0.8395,  0.126149
0.8400,  0.123122
0.8405,  0.110857
0.8410,  0.103066
0.8415,  0.102558
0.8420,  0.099152
0.8425,  0.098893
0.8430,  0.089678
0.8435,  0.083753
0.8440,  0.079922
0.8445,  0.093323
0.8450,  0.096307
0.8455,  0.099167
0.8460,  0.099230
0.8465,  0.100256
0.8470,  0.098235
0.8475,  0.088442
0.8480,  0.090605
0.8485,  0.092905
0.8490,  0.088473
0.8495,  0.081505
0.8500,  0.061795
0.8505,  0.068876
0.8510,  0.075117
0.8515,  0.080659
0.8520,  0.084820
0.8525,  0.073270
0.8530,  0.072184
0.8535,  0.069309
0.8540,  0.045700
0.8545,  0.065439
0.8550,  0.074998
0.8555,  0.097921
0.8560,  0.115567
0.8565,  0.110813
0.8570,  0.106189
0.8575,  0.104203
0.8580,  0.101075
0.8585,  0.091518
0.8590,  0.077898
0.8595,  0.068358
0.8600,  0.068450
0.8605,  0.078698
0.8610,  0.074373
0.8615,  0.072091
0.8620,  0.069666
0.8625,  0.079945
0.8630,  0.079503
0.8635,  0.074759
0.8640,  0.079714
0.8645,  0.067991
0.8650,  0.054378
0.8655,  0.047686
0.8660,  0.036160
0.8665,  0.056470
0.8670,  0.073210
0.8675,  0.079727
0.8680,  0.075448
0.8685,  0.078830
0.8690,  0.088410
0.8695,  0.089487
0.8700,  0.089382
0.8705,  0.078991
0.8710,  0.084683
0.8715,  0.078558
0.8720,  0.084425
0.8725,  0.084952
0.8730,  0.083238
0.8735,  0.091329
0.8740,  0.096621
0.8745,  0.097746
0.8750,  0.087156
0.8755,  0.083304
0.8760,  0.076191
0.8765,  0.082339
0.8770,  0.085624
0.8775,  0.089669
0.8780,  0.095095
0.8785,  0.094998
0.8790,  0.104057
0.8795,  0.105604
0.8800,  0.096059
0.8805,  0.086639
0.8810,  0.073344
0.8815,  0.060276
0.8820,  0.050156
0.8825,  0.049237
0.8830,  0.050626
0.8835,  0.043190
0.8840,  0.050499
0.8845,  0.068591
0.8850,  0.084367
0.8855,  0.087595
0.8860,  0.088244
0.8865,  0.091835
0.8870,  0.079067
0.8875,  0.068726
0.8880,  0.064045
0.8885,  0.063416
0.8890,  0.074166
0.8895,  0.086915
0.8900,  0.096535
