0.3500,  2.777296
0.3505,  2.720181
0.3510,  2.572789
0.3515,  2.386663
0.3520,  2.141317
0.3525,  1.978237
0.3530,  1.968721
0.3535,  1.935150
0.3540,  1.896259
0.3545,  1.820442
0.3550,  1.815270
0.3555,  1.771770
0.3560,  1.727521
0.3565,  1.710572
0.3570,  1.720658
0.3575,  1.768299
0.3580,  1.838524
0.3585,  1.919002
0.3590,  2.199498
0.3595,  2.373166
0.3600,  2.326715
0.3605,  2.273754
0.3610,  2.103917
0.3615,  1.969212
0.3620,  1.871306
0.3625,  1.785336
0.3630,  1.690781
0.3635,  1.642693
0.3640,  1.609617
0.3645,  1.539726
0.3650,  1.513761
0.3655,  1.482218
0.3660,  1.424055
0.3665,  1.394113
0.3670,  1.310037
0.3675,  1.236904
0.3680,  1.173515
0.3685,  1.107391
0.3690,  1.127969
0.3695,  1.166120
0.3700,  1.146559
0.3705,  1.127693
0.3710,  1.153877
0.3715,  1.175241
0.3720,  1.144382
0.3725,  1.125151
0.3730,  1.108078
0.3735,  1.091097
0.3740,  1.130214
0.3745,  1.160013
0.3750,  1.259806
0.3755,  1.328551
0.3760,  1.298038
0.3765,  1.246598
0.3770,  1.255968
0.3775,  1.262984
0.3780,  1.223351
0.3785,  1.200086
0.3790,  1.083681
0.3795,  0.962290
0.3800,  1.010949
0.3805,  1.061627
0.3810,  1.031515
0.3815,  1.029362
0.3820,  0.976249
0.3825,  0.929186
0.3830,  0.973095
0.3835,  0.996985
0.3840,  1.221095
0.3845,  1.378645
0.3850,  1.394036
0.3855,  1.391945
0.3860,  1.356220
0.3865,  1.323111
0.3870,  1.284688
0.3875,  1.246177
0.3880,  1.202395
0.3885,  1.141649
0.3890,  1.171823
0.3895,  1.191282
0.3900,  1.152669
0.3905,  1.116083
0.3910,  1.093513
0.3915,  1.090714
0.3920,  0.978829
0.3925,  0.890970
0.3930,  0.744703
0.3935,  0.535592
0.3940,  0.883134
0.3945,  1.122330
0.3950,  1.233199
0.3955,  1.315315
0.3960,  1.132095
0.3965,  0.918223
0.3970,  0.930037
0.3975,  0.905993
0.3980,  1.064434
0.3985,  1.151306
0.3990,  1.082422
0.3995,  1.021092
0.4000,  0.940197
0.4005,  0.867161
0.4010,  0.814185
0.4015,  0.772524
0.4020,  0.730605
0.4025,  0.702213
0.4030,  0.658576
0.4035,  0.622700
0.4040,  0.610672
0.4045,  0.603571
0.4050,  0.599194
0.4055,  0.601089
0.4060,  0.589980
0.4065,  0.581673
0.4070,  0.600172
0.4075,  0.611916
0.4080,  0.638735
0.4085,  0.661368
0.4090,  0.652076
0.4095,  0.642036
0.4100,  0.590193
0.4105,  0.532959
0.4110,  0.600816
0.4115,  0.658386
0.4120,  0.632332
0.4125,  0.610073
0.4130,  0.587365
0.4135,  0.570994
0.4140,  0.567542
0.4145,  0.561294
0.4150,  0.557749
0.4155,  0.551626
0.4160,  0.573248
0.4165,  0.596008
0.4170,  0.554872
0.4175,  0.511199
0.4180,  0.515995
0.4185,  0.527190
0.4190,  0.542203
0.4195,  0.544953
0.4200,  0.559731
0.4205,  0.577043
0.4210,  0.582629
0.4215,  0.591203
0.4220,  0.538072
0.4225,  0.478212
0.4230,  0.514129
0.4235,  0.545702
0.4240,  0.557074
0.4245,  0.574220
0.4250,  0.560876
0.4255,  0.542502
0.4260,  0.543261
0.4265,  0.550024
0.4270,  0.523899
0.4275,  0.493583
0.4280,  0.507155
0.4285,  0.523529
0.4290,  0.513634
0.4295,  0.511516
0.4300,  0.439109
0.4305,  0.338057
0.4310,  0.554459
0.4315,  0.708662
0.4320,  0.674353
0.4325,  0.633510
0.4330,  0.625733
0.4335,  0.620907
0.4340,  0.584194
0.4345,  0.549552
0.4350,  0.544840
0.4355,  0.539997
0.4360,  0.570716
0.4365,  0.602768
0.4370,  0.563148
0.4375,  0.528376
0.4380,  0.468968
0.4385,  0.404556
0.4390,  0.475059
0.4395,  0.539566
0.4400,  0.511374
0.4405,  0.477725
0.4410,  0.521582
0.4415,  0.557663
0.4420,  0.551875
0.4425,  0.544393
0.4430,  0.513743
0.4435,  0.488702
0.4440,  0.495247
0.4445,  0.504094
0.4450,  0.464768
0.4455,  0.421800
0.4460,  0.434387
0.4465,  0.450045
0.4470,  0.482828
0.4475,  0.514944
0.4480,  0.486889
0.4485,  0.451418
0.4490,  0.451942
0.4495,  0.453773
0.4500,  0.468311
0.4505,  0.482786
0.4510,  0.470230
0.4515,  0.457253
0.4520,  0.423614
0.4525,  0.388495
0.4530,  0.400030
0.4535,  0.409981
0.4540,  0.417825
0.4545,  0.422543
0.4550,  0.439214
0.4555,  0.452360
0.4560,  0.458905
0.4565,  0.462117
0.4570,  0.458474
0.4575,  0.459174
0.4580,  0.428460
0.4585,  0.400711
0.4590,  0.412239
0.4595,  0.421391
0.4600,  0.429784
0.4605,  0.437381
0.4610,  0.439556
0.4615,  0.437733
0.4620,  0.440476
0.4625,  0.443806
0.4630,  0.423000
0.4635,  0.407525
0.4640,  0.397777
0.4645,  0.387011
0.4650,  0.409109
0.4655,  0.432766
0.4660,  0.408028
0.4665,  0.379875
0.4670,  0.407276
0.4675,  0.428824
0.4680,  0.426488
0.4685,  0.424305
0.4690,  0.423826
0.4695,  0.424793
0.4700,  0.403125
0.4705,  0.375032
0.4710,  0.406449
0.4715,  0.436476
0.4720,  0.436020
0.4725,  0.435912
0.4730,  0.423435
0.4735,  0.407068
0.4740,  0.413180
0.4745,  0.419780
0.4750,  0.407960
0.4755,  0.399835
0.4760,  0.383793
0.4765,  0.368333
0.4770,  0.394645
0.4775,  0.417758
0.4780,  0.397306
0.4785,  0.378109
0.4790,  0.391025
0.4795,  0.401936
0.4800,  0.388072
0.4805,  0.375158
0.4810,  0.382578
0.4815,  0.390198
0.4820,  0.370167
0.4825,  0.355724
0.4830,  0.355905
0.4835,  0.357724
0.4840,  0.351140
0.4845,  0.349492
0.4850,  0.330367
0.4855,  0.315876
0.4860,  0.284132
0.4865,  0.242019
0.4870,  0.301810
0.4875,  0.351163
0.4880,  0.365610
0.4885,  0.376228
0.4890,  0.374314
0.4895,  0.371531
0.4900,  0.368735
0.4905,  0.370347
0.4910,  0.340615
0.4915,  0.311571
0.4920,  0.309965
0.4925,  0.308853
0.4930,  0.303717
0.4935,  0.297136
0.4940,  0.330515
0.4945,  0.362825
0.4950,  0.326076
0.4955,  0.289967
0.4960,  0.305923
0.4965,  0.322053
0.4970,  0.322186
0.4975,  0.324642
0.4980,  0.290499
0.4985,  0.254581
0.4990,  0.281695
0.4995,  0.308534
0.5000,  0.286699
0.5005,  0.264814
0.5010,  0.258654
0.5015,  0.250635
0.5020,  0.272142
0.5025,  0.292335
0.5030,  0.299301
0.5035,  0.306807
0.5040,  0.289650
0.5045,  0.269263
0.5050,  0.291028
0.5055,  0.310863
0.5060,  0.296104
0.5065,  0.284295
0.5070,  0.273036
0.5075,  0.260309
0.5080,  0.262800
0.5085,  0.265057
0.5090,  0.264514
0.5095,  0.263670
0.5100,  0.268951
0.5105,  0.273155
0.5110,  0.281835
0.5115,  0.290827
0.5120,  0.262181
0.5125,  0.234967
0.5130,  0.238785
0.5135,  0.243304
0.5140,  0.253002
0.5145,  0.260134
0.5150,  0.269934
0.5155,  0.281852
0.5160,  0.238275
0.5165,  0.194170
0.5170,  0.224550
0.5175,  0.251965
0.5180,  0.240020
0.5185,  0.220772
0.5190,  0.262900
0.5195,  0.298564
0.5200,  0.287474
0.5205,  0.275954
0.5210,  0.283620
0.5215,  0.292751
0.5220,  0.266127
0.5225,  0.240858
0.5230,  0.254739
0.5235,  0.265748
0.5240,  0.272308
0.5245,  0.282623
0.5250,  0.273691
0.5255,  0.270401
0.5260,  0.216088
0.5265,  0.160043
0.5270,  0.209304
0.5275,  0.249922
0.5280,  0.261591
0.5285,  0.268556
0.5290,  0.265200
0.5295,  0.261094
0.5300,  0.261924
0.5305,  0.262776
0.5310,  0.260111
0.5315,  0.261690
0.5320,  0.219190
0.5325,  0.176947
0.5330,  0.221886
0.5335,  0.263337
0.5340,  0.248164
0.5345,  0.230314
0.5350,  0.256423
0.5355,  0.281073
0.5360,  0.251986
0.5365,  0.224625
0.5370,  0.229337
0.5375,  0.233757
0.5380,  0.240948
0.5385,  0.249487
0.5390,  0.237767
0.5395,  0.226767
0.5400,  0.218020
0.5405,  0.207670
0.5410,  0.237509
0.5415,  0.264413
0.5420,  0.250163
0.5425,  0.234670
0.5430,  0.245075
0.5435,  0.254416
0.5440,  0.251920
0.5445,  0.250676
0.5450,  0.255521
0.5455,  0.260190
0.5460,  0.254864
0.5465,  0.248853
0.5470,  0.237706
0.5475,  0.226275
0.5480,  0.231836
0.5485,  0.236764
0.5490,  0.243929
0.5495,  0.252042
0.5500,  0.244419
0.5505,  0.237709
0.5510,  0.240301
0.5515,  0.243902
0.5520,  0.240782
0.5525,  0.236245
0.5530,  0.247696
0.5535,  0.257021
0.5540,  0.259081
0.5545,  0.259968
0.5550,  0.259846
0.5555,  0.261540
0.5560,  0.246617
0.5565,  0.232424
0.5570,  0.241225
0.5575,  0.252349
0.5580,  0.243136
0.5585,  0.234385
0.5590,  0.243316
0.5595,  0.250949
0.5600,  0.258352
0.5605,  0.263176
0.5610,  0.258879
0.5615,  0.252990
0.5620,  0.256672
0.5625,  0.261208
0.5630,  0.262793
0.5635,  0.265999
0.5640,  0.266305
0.5645,  0.268173
0.5650,  0.257910
0.5655,  0.246023
0.5660,  0.253724
0.5665,  0.259341
0.5670,  0.272320
0.5675,  0.287539
0.5680,  0.271126
0.5685,  0.254849
0.5690,  0.270348
0.5695,  0.286290
0.5700,  0.268261
0.5705,  0.246995
0.5710,  0.260302
0.5715,  0.266910
0.5720,  0.275845
0.5725,  0.287059
0.5730,  0.277448
0.5735,  0.273875
0.5740,  0.272717
0.5745,  0.273029
0.5750,  0.265403
0.5755,  0.254879
0.5760,  0.258959
0.5765,  0.264572
0.5770,  0.270801
0.5775,  0.276811
0.5780,  0.260959
0.5785,  0.244140
0.5790,  0.253830
0.5795,  0.261303
0.5800,  0.261165
0.5805,  0.260785
0.5810,  0.262003
0.5815,  0.262702
0.5820,  0.266001
0.5825,  0.268183
0.5830,  0.263473
0.5835,  0.259401
0.5840,  0.260606
0.5845,  0.266772
0.5850,  0.253232
0.5855,  0.238577
0.5860,  0.255133
0.5865,  0.268724
0.5870,  0.274613
0.5875,  0.284821
0.5880,  0.275649
0.5885,  0.269628
0.5890,  0.251237
0.5895,  0.225460
0.5900,  0.287321
0.5905,  0.337475
0.5910,  0.326194
0.5915,  0.313295
0.5920,  0.311435
0.5925,  0.310076
0.5930,  0.301815
0.5935,  0.297625
0.5940,  0.295014
0.5945,  0.291198
0.5950,  0.296712
0.5955,  0.298920
0.5960,  0.302071
0.5965,  0.306602
0.5970,  0.299060
0.5975,  0.293508
0.5980,  0.287015
0.5985,  0.282126
0.5990,  0.288920
0.5995,  0.294208
0.6000,  0.287427
0.6005,  0.281198
0.6010,  0.283101
0.6015,  0.285002
0.6020,  0.274631
0.6025,  0.262159
0.6030,  0.276597
0.6035,  0.291561
0.6040,  0.288599
0.6045,  0.288109
0.6050,  0.285937
0.6055,  0.281035
0.6060,  0.277743
0.6065,  0.274303
0.6070,  0.273309
0.6075,  0.274166
0.6080,  0.273627
0.6085,  0.275105
0.6090,  0.280809
0.6095,  0.286938
0.6100,  0.282061
0.6105,  0.272220
0.6110,  0.286873
0.6115,  0.300597
0.6120,  0.291302
0.6125,  0.282522
0.6130,  0.281034
0.6135,  0.280579
0.6140,  0.291401
0.6145,  0.300940
0.6150,  0.304884
0.6155,  0.310895
0.6160,  0.287141
0.6165,  0.259043
0.6170,  0.286807
0.6175,  0.313120
0.6180,  0.316081
0.6185,  0.323393
0.6190,  0.320937
0.6195,  0.315397
0.6200,  0.320495
0.6205,  0.323636
0.6210,  0.309227
0.6215,  0.295659
0.6220,  0.305661
0.6225,  0.315719
0.6230,  0.309926
0.6235,  0.308274
0.6240,  0.316118
0.6245,  0.319448
0.6250,  0.314415
0.6255,  0.306598
0.6260,  0.320025
0.6265,  0.335757
0.6270,  0.337213
0.6275,  0.339606
0.6280,  0.342944
0.6285,  0.350592
0.6290,  0.352778
0.6295,  0.355430
0.6300,  0.352613
0.6305,  0.345162
0.6310,  0.335640
0.6315,  0.331521
0.6320,  0.329604
0.6325,  0.330554
0.6330,  0.332889
0.6335,  0.334262
0.6340,  0.337460
0.6345,  0.342321
0.6350,  0.347727
0.6355,  0.353966
0.6360,  0.353418
0.6365,  0.348377
0.6370,  0.340569
0.6375,  0.334073
0.6380,  0.330461
0.6385,  0.330736
0.6390,  0.331961
0.6395,  0.333026
0.6400,  0.336206
0.6405,  0.338798
0.6410,  0.337329
0.6415,  0.339087
0.6420,  0.339422
0.6425,  0.337984
0.6430,  0.333728
0.6435,  0.333049
0.6440,  0.335625
0.6445,  0.342092
0.6450,  0.349662
0.6455,  0.354270
0.6460,  0.358616
0.6465,  0.363453
0.6470,  0.366678
0.6475,  0.365017
0.6480,  0.366404
0.6485,  0.367537
0.6490,  0.368173
0.6495,  0.377194
0.6500,  0.379239
0.6505,  0.380955
0.6510,  0.386411
0.6515,  0.382799
0.6520,  0.381927
0.6525,  0.378733
0.6530,  0.376243
0.6535,  0.365345
0.6540,  0.360054
0.6545,  0.360733
0.6550,  0.369962
0.6555,  0.376523
0.6560,  0.378355
0.6565,  0.367783
0.6570,  0.339436
0.6575,  0.349750
0.6580,  0.355788
0.6585,  0.363193
0.6590,  0.374628
0.6595,  0.365661
0.6600,  0.358288
0.6605,  0.350251
0.6610,  0.348861
0.6615,  0.342443
0.6620,  0.339230
0.6625,  0.337847
0.6630,  0.336258
0.6635,  0.340729
0.6640,  0.345149
0.6645,  0.350694
0.6650,  0.353426
0.6655,  0.348988
0.6660,  0.345008
0.6665,  0.342721
0.6670,  0.338684
0.6675,  0.340613
0.6680,  0.342818
0.6685,  0.343525
0.6690,  0.345668
0.6695,  0.347703
0.6700,  0.351287
0.6705,  0.356946
0.6710,  0.363148
0.6715,  0.370141
0.6720,  0.375057
0.6725,  0.374600
0.6730,  0.368937
0.6735,  0.360872
0.6740,  0.359363
0.6745,  0.359677
0.6750,  0.357826
0.6755,  0.362682
0.6760,  0.367692
0.6765,  0.372262
0.6770,  0.374356
0.6775,  0.374762
0.6780,  0.374235
0.6785,  0.376929
0.6790,  0.375355
0.6795,  0.376280
0.6800,  0.376960
0.6805,  0.375769
0.6810,  0.378038
0.6815,  0.379812
0.6820,  0.386425
0.6825,  0.393928
0.6830,  0.402182
0.6835,  0.405950
0.6840,  0.410317
0.6845,  0.407873
0.6850,  0.407085
0.6855,  0.422262
0.6860,  0.452854
0.6865,  0.498944
0.6870,  0.548716
0.6875,  0.580268
0.6880,  0.596365
0.6885,  0.595384
0.6890,  0.596101
0.6895,  0.592822
0.6900,  0.583627
0.6905,  0.569995
0.6910,  0.556820
0.6915,  0.544829
0.6920,  0.534041
0.6925,  0.525673
0.6930,  0.528716
0.6935,  0.537237
0.6940,  0.544332
0.6945,  0.545735
0.6950,  0.549716
0.6955,  0.544591
0.6960,  0.537235
0.6965,  0.524155
0.6970,  0.510196
0.6975,  0.503836
0.6980,  0.505209
0.6985,  0.513181
0.6990,  0.523795
0.6995,  0.529503
0.7000,  0.532655
0.7005,  0.536897
0.7010,  0.536134
0.7015,  0.547755
0.7020,  0.550081
0.7025,  0.550506
0.7030,  0.547402
0.7035,  0.546821
0.7040,  0.540667
0.7045,  0.534815
0.7050,  0.538234
0.7055,  0.544198
0.7060,  0.545256
0.7065,  0.538719
0.7070,  0.542508
0.7075,  0.537397
0.7080,  0.539123
0.7085,  0.539846
0.7090,  0.537028
0.7095,  0.536948
0.7100,  0.529698
0.7105,  0.527192
0.7110,  0.528526
0.7115,  0.533406
0.7120,  0.539518
0.7125,  0.547604
0.7130,  0.547773
0.7135,  0.549442
0.7140,  0.552848
0.7145,  0.558098
0.7150,  0.565056
0.7155,  0.580314
0.7160,  0.611310
0.7165,  0.659900
0.7170,  0.723698
0.7175,  0.796728
0.7180,  0.873088
0.7185,  0.932012
0.7190,  0.973308
0.7195,  1.004426
0.7200,  0.999106
0.7205,  0.967242
0.7210,  0.909026
0.7215,  0.844115
0.7220,  0.805702
0.7225,  0.792620
0.7230,  0.810228
0.7235,  0.848329
0.7240,  0.892975
0.7245,  0.928332
0.7250,  0.948974
0.7255,  0.960295
0.7260,  0.958117
0.7265,  0.950389
0.7270,  0.948778
0.7275,  0.942104
0.7280,  0.937657
0.7285,  0.931880
0.7290,  0.923681
0.7295,  0.917460
0.7300,  0.918040
0.7305,  0.917446
0.7310,  0.912494
0.7315,  0.888761
0.7320,  0.863917
0.7325,  0.826689
0.7330,  0.790937
0.7335,  0.755210
0.7340,  0.735130
0.7345,  0.720465
0.7350,  0.715636
0.7355,  0.711867
0.7360,  0.714552
0.7365,  0.719596
0.7370,  0.721816
0.7375,  0.714930
0.7380,  0.709032
0.7385,  0.703399
0.7390,  0.687491
0.7395,  0.677452
0.7400,  0.668098
0.7405,  0.664182
0.7410,  0.664442
0.7415,  0.670753
0.7420,  0.672408
0.7425,  0.667993
0.7430,  0.660985
0.7435,  0.657839
0.7440,  0.649878
0.7445,  0.638563
0.7450,  0.638451
0.7455,  0.649337
0.7460,  0.661943
0.7465,  0.670883
0.7470,  0.670923
0.7475,  0.668450
0.7480,  0.665640
0.7485,  0.675047
0.7490,  0.679655
0.7495,  0.683053
0.7500,  0.675553
0.7505,  0.671550
0.7510,  0.668717
0.7515,  0.669271
0.7520,  0.667286
0.7525,  0.670062
0.7530,  0.677569
0.7535,  0.689542
0.7540,  0.692552
0.7545,  0.694834
0.7550,  0.699345
0.7555,  0.703711
0.7560,  0.709489
0.7565,  0.717474
0.7570,  0.727253
0.7575,  0.735157
0.7580,  0.768388
0.7585,  0.837484
0.7590,  0.984315
0.7595,  1.255821
0.7600,  1.711191
0.7605,  2.361643
0.7610,  3.097179
0.7615,  3.458055
0.7620,  3.270275
0.7625,  2.902941
0.7630,  2.853371
0.7635,  2.745180
0.7640,  2.545976
0.7645,  2.271066
0.7650,  1.975257
0.7655,  1.739475
0.7660,  1.519218
0.7665,  1.305017
0.7670,  1.148465
0.7675,  1.053740
0.7680,  0.994491
0.7685,  0.954455
0.7690,  0.920120
0.7695,  0.888149
0.7700,  0.878164
0.7705,  0.860212
0.7710,  0.848644
0.7715,  0.846024
0.7720,  0.850025
0.7725,  0.834826
0.7730,  0.827974
0.7735,  0.828294
0.7740,  0.841098
0.7745,  0.861306
0.7750,  0.861174
0.7755,  0.860754
0.7760,  0.865071
0.7765,  0.874591
0.7770,  0.870698
0.7775,  0.868845
0.7780,  0.862431
0.7785,  0.857097
0.7790,  0.866038
0.7795,  0.874907
0.7800,  0.882235
0.7805,  0.896676
0.7810,  0.921927
0.7815,  0.933827
0.7820,  0.930691
0.7825,  0.926194
0.7830,  0.928920
0.7835,  0.924985
0.7840,  0.925947
0.7845,  0.939709
0.7850,  0.958909
0.7855,  0.962285
0.7860,  0.963555
0.7865,  0.971010
0.7870,  0.983343
0.7875,  0.988021
0.7880,  1.012524
0.7885,  1.018205
0.7890,  1.022364
0.7895,  1.028892
0.7900,  1.022389
0.7905,  1.033384
0.7910,  1.054389
0.7915,  1.079784
0.7920,  1.099500
0.7925,  1.120188
0.7930,  1.125657
0.7935,  1.116642
0.7940,  1.092443
0.7945,  1.061901
0.7950,  1.054519
0.7955,  1.073484
0.7960,  1.096005
0.7965,  1.122422
0.7970,  1.124839
0.7975,  1.147277
0.7980,  1.160667
0.7985,  1.161641
0.7990,  1.162562
0.7995,  1.168770
0.8000,  1.187572
0.8005,  1.189001
0.8010,  1.196968
0.8015,  1.201584
0.8020,  1.209159
0.8025,  1.227096
0.8030,  1.245132
0.8035,  1.265121
0.8040,  1.252773
0.8045,  1.250256
0.8050,  1.244133
0.8055,  1.236052
0.8060,  1.244512
0.8065,  1.239195
0.8070,  1.232822
0.8075,  1.231801
0.8080,  1.246116
0.8085,  1.275722
0.8090,  1.325875
0.8095,  1.389740
0.8100,  1.434886
0.8105,  1.433801
0.8110,  1.438002
0.8115,  1.468986
0.8120,  1.502132
0.8125,  1.566669
0.8130,  1.733344
0.8135,  1.898823
0.8140,  2.049411
0.8145,  2.300279
0.8150,  2.672341
0.8155,  2.941304
0.8160,  3.246300
0.8165,  3.827772
0.8170,  3.984373
0.8175,  3.634914
0.8180,  3.466871
0.8185,  3.349757
0.8190,  3.188694
0.8195,  2.997694
0.8200,  2.674992
0.8205,  2.418658
0.8210,  2.245490
0.8215,  2.281634
0.8220,  2.614837
0.8225,  3.295536
0.8230,  4.062222
0.8235,  5.117567
0.8240,  4.164080
0.8245,  3.441549
0.8250,  2.908267
0.8255,  2.573023
0.8260,  2.404636
0.8265,  2.421108
0.8270,  2.525789
0.8275,  2.630309
0.8280,  2.662373
0.8285,  2.862376
0.8290,  3.122634
0.8295,  3.267857
0.8300,  3.239893
0.8305,  3.084239
0.8310,  2.919943
0.8315,  2.790043
0.8320,  2.802459
0.8325,  2.787736
0.8330,  2.705019
0.8335,  2.728323
0.8340,  2.688397
0.8345,  2.666959
0.8350,  2.629275
0.8355,  2.540987
0.8360,  2.472236
0.8365,  2.525992
0.8370,  2.506228
0.8375,  2.515063
0.8380,  2.494722
0.8385,  2.444915
0.8390,  2.441287
0.8395,  2.364118
0.8400,  2.301034
0.8405,  2.288155
0.8410,  2.360377
0.8415,  2.311619
0.8420,  2.386278
0.8425,  2.362470
0.8430,  2.387113
0.8435,  2.401032
0.8440,  2.310010
0.8445,  2.241432
0.8450,  2.244401
0.8455,  2.430855
0.8460,  2.443779
0.8465,  2.424277
0.8470,  2.429363
0.8475,  2.447157
0.8480,  2.502540
0.8485,  2.589042
0.8490,  2.784672
0.8495,  3.060723
0.8500,  3.367657
0.8505,  3.561852
0.8510,  3.498628
0.8515,  3.427369
0.8520,  3.878201
0.8525,  6.842631
0.8530,  Infinity
0.8535,  Infinity
0.8540,  Infinity
0.8545,  Infinity
0.8550,  Infinity
0.8555,  Infinity
0.8560,  Infinity
0.8565,  Infinity
0.8570,  Infinity
0.8575,  Infinity
0.8580,  Infinity
0.8585,  Infinity
0.8590,  Infinity
0.8595,  6.740875
0.8600,  7.126763
0.8605,  Infinity
0.8610,  Infinity
0.8615,  Infinity
0.8620,  Infinity
0.8625,  Infinity
0.8630,  Infinity
0.8635,  Infinity
0.8640,  Infinity
0.8645,  Infinity
0.8650,  Infinity
0.8655,  7.296635
0.8660,  Infinity
0.8665,  Infinity
0.8670,  Infinity
0.8675,  Infinity
0.8680,  Infinity
0.8685,  Infinity
0.8690,  Infinity
0.8695,  Infinity
0.8700,  Infinity
0.8705,  Infinity
0.8710,  Infinity
0.8715,  Infinity
0.8720,  Infinity
0.8725,  Infinity
0.8730,  Infinity
0.8735,  Infinity
0.8740,  Infinity
0.8745,  Infinity
0.8750,  Infinity
0.8755,  Infinity
0.8760,  Infinity
0.8765,  Infinity
0.8770,  Infinity
0.8775,  Infinity
0.8780,  Infinity
0.8785,  Infinity
0.8790,  Infinity
0.8795,  Infinity
0.8800,  Infinity
0.8805,  Infinity
0.8810,  Infinity
0.8815,  Infinity
0.8820,  Infinity
0.8825,  Infinity
0.8830,  Infinity
0.8835,  Infinity
0.8840,  Infinity
0.8845,  Infinity
0.8850,  Infinity
0.8855,  Infinity
0.8860,  Infinity
0.8865,  Infinity
0.8870,  Infinity
0.8875,  Infinity
0.8880,  Infinity
0.8885,  Infinity
0.8890,  Infinity
0.8895,  Infinity
0.8900,  Infinity
