0.3500,  0.302716
0.3505,  0.365968
0.3510,  0.332427
0.3515,  0.295571
0.3520,  0.263432
0.3525,  0.226142
0.3530,  0.273009
0.3535,  0.308829
0.3540,  0.334539
0.3545,  0.360572
0.3550,  0.333703
0.3555,  0.312439
0.3560,  0.267623
0.3565,  0.219253
0.3570,  0.182292
0.3575,  0.151215
0.3580,  0.116167
0.3585,  0.063068
0.3590,  0.228815
0.3595,  0.360599
0.3600,  0.341429
0.3605,  0.324012
0.3610,  0.273543
0.3615,  0.217577
0.3620,  0.264765
0.3625,  0.303955
0.3630,  0.288861
0.3635,  0.279055
0.3640,  0.275673
0.3645,  0.263537
0.3650,  0.299920
0.3655,  0.333287
0.3660,  0.341197
0.3665,  0.353636
0.3670,  0.324811
0.3675,  0.298710
0.3680,  0.262414
0.3685,  0.222978
0.3690,  0.264330
0.3695,  0.307275
0.3700,  0.276844
0.3705,  0.241947
0.3710,  0.260849
0.3715,  0.285032
0.3720,  0.253937
0.3725,  0.222061
0.3730,  0.182945
0.3735,  0.142106
0.3740,  0.154415
0.3745,  0.159731
0.3750,  0.238483
0.3755,  0.300870
0.3760,  0.298390
0.3765,  0.287683
0.3770,  0.335999
0.3775,  0.379330
0.3780,  0.373067
0.3785,  0.375333
0.3790,  0.277701
0.3795,  0.171722
0.3800,  0.227605
0.3805,  0.289843
0.3810,  0.265312
0.3815,  0.250371
0.3820,  0.162362
0.3825,  0.050726
0.3830,  0.023807
0.3835,  -0.017996
0.3840,  0.150072
0.3845,  0.279018
0.3850,  0.288591
0.3855,  0.297247
0.3860,  0.283269
0.3865,  0.274610
0.3870,  0.266618
0.3875,  0.258505
0.3880,  0.242240
0.3885,  0.224863
0.3890,  0.288747
0.3895,  0.328291
0.3900,  0.318753
0.3905,  0.315102
0.3910,  0.327467
0.3915,  0.352599
0.3920,  0.250440
0.3925,  0.148154
0.3930,  -0.025682
0.3935,  -0.270522
0.3940,  0.025990
0.3945,  0.235777
0.3950,  0.344065
0.3955,  0.444977
0.3960,  0.280598
0.3965,  0.073907
0.3970,  0.095205
0.3975,  0.094486
0.3980,  0.282858
0.3985,  0.417409
0.3990,  0.405673
0.3995,  0.396831
0.4000,  0.362618
0.4005,  0.330571
0.4010,  0.316714
0.4015,  0.310391
0.4020,  0.295572
0.4025,  0.289719
0.4030,  0.267847
0.4035,  0.242450
0.4040,  0.233660
0.4045,  0.228952
0.4050,  0.225884
0.4055,  0.225274
0.4060,  0.208542
0.4065,  0.193695
0.4070,  0.207346
0.4075,  0.217414
0.4080,  0.247916
0.4085,  0.278270
0.4090,  0.272709
0.4095,  0.267536
0.4100,  0.219007
0.4105,  0.164296
0.4110,  0.231468
0.4115,  0.288250
0.4120,  0.270046
0.4125,  0.252124
0.4130,  0.237391
0.4135,  0.226879
0.4140,  0.220875
0.4145,  0.214263
0.4150,  0.211865
0.4155,  0.207161
0.4160,  0.231704
0.4165,  0.261121
0.4170,  0.222122
0.4175,  0.177338
0.4180,  0.182425
0.4185,  0.191500
0.4190,  0.199398
0.4195,  0.200435
0.4200,  0.213181
0.4205,  0.225019
0.4210,  0.229633
0.4215,  0.237743
0.4220,  0.188606
0.4225,  0.135676
0.4230,  0.173891
0.4235,  0.211964
0.4240,  0.225745
0.4245,  0.243603
0.4250,  0.229612
0.4255,  0.214129
0.4260,  0.215268
0.4265,  0.218611
0.4270,  0.184744
0.4275,  0.154044
0.4280,  0.165057
0.4285,  0.182534
0.4290,  0.167780
0.4295,  0.154683
0.4300,  0.071938
0.4305,  -0.034249
0.4310,  0.157848
0.4315,  0.304405
0.4320,  0.279234
0.4325,  0.246989
0.4330,  0.249037
0.4335,  0.250850
0.4340,  0.222860
0.4345,  0.197298
0.4350,  0.200098
0.4355,  0.200807
0.4360,  0.240070
0.4365,  0.280270
0.4370,  0.249518
0.4375,  0.225642
0.4380,  0.175556
0.4385,  0.116494
0.4390,  0.183066
0.4395,  0.241267
0.4400,  0.209034
0.4405,  0.171896
0.4410,  0.211759
0.4415,  0.250940
0.4420,  0.252070
0.4425,  0.250036
0.4430,  0.222109
0.4435,  0.200931
0.4440,  0.216216
0.4445,  0.233581
0.4450,  0.201301
0.4455,  0.166230
0.4460,  0.183228
0.4465,  0.195679
0.4470,  0.228950
0.4475,  0.259208
0.4480,  0.231909
0.4485,  0.199872
0.4490,  0.205413
0.4495,  0.209554
0.4500,  0.225079
0.4505,  0.241974
0.4510,  0.234502
0.4515,  0.226197
0.4520,  0.193529
0.4525,  0.165266
0.4530,  0.176249
0.4535,  0.184974
0.4540,  0.189616
0.4545,  0.192028
0.4550,  0.202531
0.4555,  0.211237
0.4560,  0.214008
0.4565,  0.216464
0.4570,  0.218775
0.4575,  0.223161
0.4580,  0.197368
0.4585,  0.173706
0.4590,  0.186566
0.4595,  0.195347
0.4600,  0.200162
0.4605,  0.202607
0.4610,  0.200253
0.4615,  0.199033
0.4620,  0.206685
0.4625,  0.215458
0.4630,  0.199823
0.4635,  0.191070
0.4640,  0.185491
0.4645,  0.177324
0.4650,  0.200300
0.4655,  0.222898
0.4660,  0.199117
0.4665,  0.176795
0.4670,  0.201722
0.4675,  0.219542
0.4680,  0.215904
0.4685,  0.212099
0.4690,  0.213411
0.4695,  0.216505
0.4700,  0.199365
0.4705,  0.175962
0.4710,  0.205131
0.4715,  0.234246
0.4720,  0.234593
0.4725,  0.233957
0.4730,  0.223700
0.4735,  0.211336
0.4740,  0.219909
0.4745,  0.230548
0.4750,  0.223353
0.4755,  0.215885
0.4760,  0.204702
0.4765,  0.194369
0.4770,  0.222381
0.4775,  0.246491
0.4780,  0.228556
0.4785,  0.212148
0.4790,  0.226250
0.4795,  0.238947
0.4800,  0.228033
0.4805,  0.219639
0.4810,  0.230550
0.4815,  0.241514
0.4820,  0.227030
0.4825,  0.217246
0.4830,  0.217606
0.4835,  0.219066
0.4840,  0.216361
0.4845,  0.218642
0.4850,  0.205188
0.4855,  0.193629
0.4860,  0.161521
0.4865,  0.118166
0.4870,  0.173050
0.4875,  0.220621
0.4880,  0.233809
0.4885,  0.243648
0.4890,  0.241984
0.4895,  0.241606
0.4900,  0.243183
0.4905,  0.250126
0.4910,  0.226332
0.4915,  0.202828
0.4920,  0.204219
0.4925,  0.203476
0.4930,  0.199622
0.4935,  0.191686
0.4940,  0.222639
0.4945,  0.253152
0.4950,  0.221742
0.4955,  0.190352
0.4960,  0.210386
0.4965,  0.227839
0.4970,  0.228936
0.4975,  0.233318
0.4980,  0.202307
0.4985,  0.170378
0.4990,  0.198010
0.4995,  0.226541
0.5000,  0.206637
0.5005,  0.185657
0.5010,  0.180669
0.5015,  0.171819
0.5020,  0.191550
0.5025,  0.211705
0.5030,  0.221390
0.5035,  0.228294
0.5040,  0.210217
0.5045,  0.190366
0.5050,  0.211312
0.5055,  0.232326
0.5060,  0.221269
0.5065,  0.213651
0.5070,  0.203340
0.5075,  0.191966
0.5080,  0.194517
0.5085,  0.195423
0.5090,  0.193995
0.5095,  0.191957
0.5100,  0.197142
0.5105,  0.203101
0.5110,  0.214154
0.5115,  0.224326
0.5120,  0.197237
0.5125,  0.172279
0.5130,  0.173816
0.5135,  0.175425
0.5140,  0.182573
0.5145,  0.188214
0.5150,  0.197540
0.5155,  0.212173
0.5160,  0.172393
0.5165,  0.130782
0.5170,  0.158116
0.5175,  0.179987
0.5180,  0.162873
0.5185,  0.138828
0.5190,  0.174104
0.5195,  0.206885
0.5200,  0.197217
0.5205,  0.188615
0.5210,  0.199748
0.5215,  0.213271
0.5220,  0.191809
0.5225,  0.170336
0.5230,  0.183667
0.5235,  0.192294
0.5240,  0.199180
0.5245,  0.210625
0.5250,  0.205763
0.5255,  0.204675
0.5260,  0.155335
0.5265,  0.099786
0.5270,  0.142044
0.5275,  0.176577
0.5280,  0.186268
0.5285,  0.194436
0.5290,  0.191314
0.5295,  0.187784
0.5300,  0.188550
0.5305,  0.191411
0.5310,  0.193223
0.5315,  0.199714
0.5320,  0.162014
0.5325,  0.121098
0.5330,  0.162359
0.5335,  0.198750
0.5340,  0.180876
0.5345,  0.160323
0.5350,  0.184751
0.5355,  0.209886
0.5360,  0.183356
0.5365,  0.159506
0.5370,  0.166245
0.5375,  0.171158
0.5380,  0.177551
0.5385,  0.184177
0.5390,  0.172380
0.5395,  0.160879
0.5400,  0.150115
0.5405,  0.138329
0.5410,  0.166418
0.5415,  0.193018
0.5420,  0.178997
0.5425,  0.165113
0.5430,  0.174661
0.5435,  0.181923
0.5440,  0.177021
0.5445,  0.174373
0.5450,  0.178447
0.5455,  0.181645
0.5460,  0.177614
0.5465,  0.176890
0.5470,  0.169887
0.5475,  0.160918
0.5480,  0.168179
0.5485,  0.174199
0.5490,  0.180299
0.5495,  0.186275
0.5500,  0.177592
0.5505,  0.170775
0.5510,  0.173147
0.5515,  0.174598
0.5520,  0.170867
0.5525,  0.164677
0.5530,  0.173130
0.5535,  0.180587
0.5540,  0.183179
0.5545,  0.185888
0.5550,  0.186712
0.5555,  0.188254
0.5560,  0.174580
0.5565,  0.162007
0.5570,  0.171202
0.5575,  0.181429
0.5580,  0.173548
0.5585,  0.163323
0.5590,  0.169363
0.5595,  0.174096
0.5600,  0.179261
0.5605,  0.183333
0.5610,  0.176418
0.5615,  0.171144
0.5620,  0.177300
0.5625,  0.183942
0.5630,  0.186765
0.5635,  0.190178
0.5640,  0.190174
0.5645,  0.190833
0.5650,  0.179030
0.5655,  0.165491
0.5660,  0.171604
0.5665,  0.179582
0.5670,  0.192980
0.5675,  0.206564
0.5680,  0.190729
0.5685,  0.175321
0.5690,  0.190306
0.5695,  0.205206
0.5700,  0.186182
0.5705,  0.164095
0.5710,  0.175538
0.5715,  0.183444
0.5720,  0.193056
0.5725,  0.204528
0.5730,  0.197702
0.5735,  0.194477
0.5740,  0.195429
0.5745,  0.194866
0.5750,  0.185822
0.5755,  0.176757
0.5760,  0.180900
0.5765,  0.184367
0.5770,  0.188158
0.5775,  0.194584
0.5780,  0.179007
0.5785,  0.160356
0.5790,  0.169565
0.5795,  0.175487
0.5800,  0.176046
0.5805,  0.177561
0.5810,  0.179728
0.5815,  0.182993
0.5820,  0.185848
0.5825,  0.188553
0.5830,  0.180101
0.5835,  0.173461
0.5840,  0.174227
0.5845,  0.180476
0.5850,  0.167398
0.5855,  0.154156
0.5860,  0.169479
0.5865,  0.183880
0.5870,  0.193432
0.5875,  0.209016
0.5880,  0.202230
0.5885,  0.194901
0.5890,  0.171527
0.5895,  0.140060
0.5900,  0.192092
0.5905,  0.238410
0.5910,  0.227660
0.5915,  0.214934
0.5920,  0.212280
0.5925,  0.212413
0.5930,  0.206395
0.5935,  0.204961
0.5940,  0.200636
0.5945,  0.196826
0.5950,  0.202988
0.5955,  0.204941
0.5960,  0.207742
0.5965,  0.209764
0.5970,  0.200330
0.5975,  0.191888
0.5980,  0.185193
0.5985,  0.179547
0.5990,  0.186430
0.5995,  0.195623
0.6000,  0.192668
0.6005,  0.189447
0.6010,  0.192566
0.6015,  0.191263
0.6020,  0.178543
0.6025,  0.165163
0.6030,  0.178074
0.6035,  0.190612
0.6040,  0.187674
0.6045,  0.189184
0.6050,  0.189805
0.6055,  0.187702
0.6060,  0.186182
0.6065,  0.182355
0.6070,  0.180114
0.6075,  0.181662
0.6080,  0.181390
0.6085,  0.182274
0.6090,  0.186916
0.6095,  0.190337
0.6100,  0.181229
0.6105,  0.170670
0.6110,  0.179583
0.6115,  0.189396
0.6120,  0.180622
0.6125,  0.173106
0.6130,  0.172859
0.6135,  0.172258
0.6140,  0.181714
0.6145,  0.192085
0.6150,  0.195302
0.6155,  0.196345
0.6160,  0.169649
0.6165,  0.139359
0.6170,  0.163629
0.6175,  0.189592
0.6180,  0.195655
0.6185,  0.201347
0.6190,  0.199285
0.6195,  0.194387
0.6200,  0.199262
0.6205,  0.203653
0.6210,  0.189303
0.6215,  0.176977
0.6220,  0.184246
0.6225,  0.194411
0.6230,  0.186645
0.6235,  0.180852
0.6240,  0.185391
0.6245,  0.189259
0.6250,  0.186574
0.6255,  0.179010
0.6260,  0.190959
0.6265,  0.205607
0.6270,  0.208510
0.6275,  0.212430
0.6280,  0.217451
0.6285,  0.221553
0.6290,  0.220822
0.6295,  0.220154
0.6300,  0.216609
0.6305,  0.208510
0.6310,  0.201392
0.6315,  0.198386
0.6320,  0.195841
0.6325,  0.193313
0.6330,  0.192462
0.6335,  0.193217
0.6340,  0.196574
0.6345,  0.202336
0.6350,  0.209005
0.6355,  0.213025
0.6360,  0.211459
0.6365,  0.205577
0.6370,  0.198139
0.6375,  0.190774
0.6380,  0.187394
0.6385,  0.188385
0.6390,  0.190024
0.6395,  0.193021
0.6400,  0.193360
0.6405,  0.193101
0.6410,  0.188138
0.6415,  0.185072
0.6420,  0.179345
0.6425,  0.176330
0.6430,  0.174910
0.6435,  0.175369
0.6440,  0.175612
0.6445,  0.182252
0.6450,  0.191401
0.6455,  0.197494
0.6460,  0.205160
0.6465,  0.209710
0.6470,  0.210910
0.6475,  0.207737
0.6480,  0.205367
0.6485,  0.202509
0.6490,  0.197856
0.6495,  0.201482
0.6500,  0.201657
0.6505,  0.206790
0.6510,  0.215123
0.6515,  0.215529
0.6520,  0.215330
0.6525,  0.212630
0.6530,  0.209857
0.6535,  0.200611
0.6540,  0.196413
0.6545,  0.196427
0.6550,  0.204304
0.6555,  0.203594
0.6560,  0.192323
0.6565,  0.170261
0.6570,  0.136813
0.6575,  0.146801
0.6580,  0.159280
0.6585,  0.171705
0.6590,  0.186813
0.6595,  0.182802
0.6600,  0.175197
0.6605,  0.170493
0.6610,  0.165412
0.6615,  0.158679
0.6620,  0.156371
0.6625,  0.156377
0.6630,  0.159370
0.6635,  0.160860
0.6640,  0.163740
0.6645,  0.169933
0.6650,  0.171353
0.6655,  0.167625
0.6660,  0.162778
0.6665,  0.158213
0.6670,  0.155252
0.6675,  0.158709
0.6680,  0.156575
0.6685,  0.158627
0.6690,  0.159576
0.6695,  0.157532
0.6700,  0.157981
0.6705,  0.159389
0.6710,  0.159840
0.6715,  0.164876
0.6720,  0.165266
0.6725,  0.163782
0.6730,  0.161184
0.6735,  0.155419
0.6740,  0.151298
0.6745,  0.150433
0.6750,  0.150380
0.6755,  0.153633
0.6760,  0.158769
0.6765,  0.163636
0.6770,  0.165507
0.6775,  0.165773
0.6780,  0.163619
0.6785,  0.160935
0.6790,  0.158477
0.6795,  0.155246
0.6800,  0.151496
0.6805,  0.151562
0.6810,  0.150278
0.6815,  0.150745
0.6820,  0.151816
0.6825,  0.156301
0.6830,  0.163736
0.6835,  0.166471
0.6840,  0.167914
0.6845,  0.168121
0.6850,  0.169739
0.6855,  0.185167
0.6860,  0.216983
0.6865,  0.255433
0.6870,  0.285973
0.6875,  0.295732
0.6880,  0.296495
0.6885,  0.288975
0.6890,  0.282412
0.6895,  0.276273
0.6900,  0.264985
0.6905,  0.255987
0.6910,  0.246802
0.6915,  0.244076
0.6920,  0.243754
0.6925,  0.245233
0.6930,  0.248263
0.6935,  0.246996
0.6940,  0.244519
0.6945,  0.248167
0.6950,  0.242052
0.6955,  0.236285
0.6960,  0.226162
0.6965,  0.214062
0.6970,  0.206394
0.6975,  0.212253
0.6980,  0.221016
0.6985,  0.226587
0.6990,  0.234065
0.6995,  0.235362
0.7000,  0.233753
0.7005,  0.231190
0.7010,  0.223329
0.7015,  0.227615
0.7020,  0.228054
0.7025,  0.225772
0.7030,  0.222950
0.7035,  0.220870
0.7040,  0.223876
0.7045,  0.229364
0.7050,  0.233193
0.7055,  0.232106
0.7060,  0.228076
0.7065,  0.221464
0.7070,  0.216921
0.7075,  0.207878
0.7080,  0.200228
0.7085,  0.191595
0.7090,  0.186086
0.7095,  0.182590
0.7100,  0.184596
0.7105,  0.191120
0.7110,  0.198790
0.7115,  0.199455
0.7120,  0.200634
0.7125,  0.202418
0.7130,  0.201211
0.7135,  0.198995
0.7140,  0.201146
0.7145,  0.204341
0.7150,  0.211848
0.7155,  0.224295
0.7160,  0.250558
0.7165,  0.284539
0.7170,  0.324190
0.7175,  0.361537
0.7180,  0.392855
0.7185,  0.416806
0.7190,  0.433668
0.7195,  0.441570
0.7200,  0.431999
0.7205,  0.404819
0.7210,  0.366440
0.7215,  0.336654
0.7220,  0.327207
0.7225,  0.333977
0.7230,  0.351045
0.7235,  0.374396
0.7240,  0.393138
0.7245,  0.404193
0.7250,  0.408672
0.7255,  0.414587
0.7260,  0.412973
0.7265,  0.405782
0.7270,  0.402495
0.7275,  0.395412
0.7280,  0.389145
0.7285,  0.381054
0.7290,  0.374809
0.7295,  0.374976
0.7300,  0.372636
0.7305,  0.365278
0.7310,  0.353309
0.7315,  0.334319
0.7320,  0.315167
0.7325,  0.292326
0.7330,  0.274257
0.7335,  0.257915
0.7340,  0.242468
0.7345,  0.232870
0.7350,  0.232549
0.7355,  0.235483
0.7360,  0.236059
0.7365,  0.236263
0.7370,  0.234679
0.7375,  0.226344
0.7380,  0.215592
0.7385,  0.210225
0.7390,  0.203326
0.7395,  0.199224
0.7400,  0.192723
0.7405,  0.186169
0.7410,  0.181538
0.7415,  0.183774
0.7420,  0.186614
0.7425,  0.194117
0.7430,  0.197646
0.7435,  0.198385
0.7440,  0.196674
0.7445,  0.190779
0.7450,  0.184030
0.7455,  0.180941
0.7460,  0.177479
0.7465,  0.177373
0.7470,  0.175037
0.7475,  0.171070
0.7480,  0.169858
0.7485,  0.171766
0.7490,  0.178135
0.7495,  0.183390
0.7500,  0.185617
0.7505,  0.189171
0.7510,  0.187499
0.7515,  0.183192
0.7520,  0.178026
0.7525,  0.169350
0.7530,  0.159770
0.7535,  0.155313
0.7540,  0.160084
0.7545,  0.161243
0.7550,  0.169681
0.7555,  0.171969
0.7560,  0.170454
0.7565,  0.169865
0.7570,  0.165580
0.7575,  0.168688
0.7580,  0.194333
0.7585,  0.253571
0.7590,  0.356746
0.7595,  0.495697
0.7600,  0.652679
0.7605,  0.757649
0.7610,  0.788403
0.7615,  0.776865
0.7620,  0.756425
0.7625,  0.750190
0.7630,  0.738283
0.7635,  0.697084
0.7640,  0.639360
0.7645,  0.588683
0.7650,  0.527322
0.7655,  0.467224
0.7660,  0.407977
0.7665,  0.351950
0.7670,  0.309748
0.7675,  0.283770
0.7680,  0.267110
0.7685,  0.252916
0.7690,  0.237521
0.7695,  0.223411
0.7700,  0.214045
0.7705,  0.201642
0.7710,  0.189572
0.7715,  0.187082
0.7720,  0.189986
0.7725,  0.185755
0.7730,  0.189193
0.7735,  0.187138
0.7740,  0.181172
0.7745,  0.172542
0.7750,  0.165720
0.7755,  0.163363
0.7760,  0.164484
0.7765,  0.167661
0.7770,  0.173755
0.7775,  0.173488
0.7780,  0.169779
0.7785,  0.168770
0.7790,  0.158992
0.7795,  0.160389
0.7800,  0.159247
0.7805,  0.154754
0.7810,  0.151190
0.7815,  0.150394
0.7820,  0.149058
0.7825,  0.142884
0.7830,  0.136312
0.7835,  0.142886
0.7840,  0.143664
0.7845,  0.155270
0.7850,  0.161972
0.7855,  0.168485
0.7860,  0.166795
0.7865,  0.172763
0.7870,  0.175114
0.7875,  0.175930
0.7880,  0.178323
0.7885,  0.185487
0.7890,  0.194424
0.7895,  0.199217
0.7900,  0.200422
0.7905,  0.204105
0.7910,  0.204150
0.7915,  0.205504
0.7920,  0.204224
0.7925,  0.193910
0.7930,  0.189140
0.7935,  0.190006
0.7940,  0.191743
0.7945,  0.197099
0.7950,  0.199972
0.7955,  0.214543
0.7960,  0.219511
0.7965,  0.218674
0.7970,  0.216164
0.7975,  0.209609
0.7980,  0.204652
0.7985,  0.203546
0.7990,  0.199012
0.7995,  0.200703
0.8000,  0.203789
0.8005,  0.199810
0.8010,  0.200930
0.8015,  0.200511
0.8020,  0.202069
0.8025,  0.207032
0.8030,  0.209934
0.8035,  0.209618
0.8040,  0.204621
0.8045,  0.199260
0.8050,  0.188516
0.8055,  0.181153
0.8060,  0.177170
0.8065,  0.168304
0.8070,  0.164374
0.8075,  0.164734
0.8080,  0.167520
0.8085,  0.168936
0.8090,  0.169503
0.8095,  0.170925
0.8100,  0.181392
0.8105,  0.198478
0.8110,  0.209310
0.8115,  0.228510
0.8120,  0.247191
0.8125,  0.268377
0.8130,  0.288575
0.8135,  0.310322
0.8140,  0.333372
0.8145,  0.358809
0.8150,  0.382307
0.8155,  0.395670
0.8160,  0.412097
0.8165,  0.427882
0.8170,  0.439887
0.8175,  0.438746
0.8180,  0.431998
0.8185,  0.418933
0.8190,  0.393129
0.8195,  0.373497
0.8200,  0.349098
0.8205,  0.323506
0.8210,  0.319385
0.8215,  0.343906
0.8220,  0.381903
0.8225,  0.424237
0.8230,  0.431327
0.8235,  0.408560
0.8240,  0.372228
0.8245,  0.342007
0.8250,  0.322262
0.8255,  0.310291
0.8260,  0.299749
0.8265,  0.301333
0.8270,  0.307237
0.8275,  0.315530
0.8280,  0.325451
0.8285,  0.320122
0.8290,  0.324383
0.8295,  0.329892
0.8300,  0.326594
0.8305,  0.321966
0.8310,  0.317687
0.8315,  0.308775
0.8320,  0.298834
0.8325,  0.285518
0.8330,  0.271300
0.8335,  0.257788
0.8340,  0.247540
0.8345,  0.243866
0.8350,  0.241776
0.8355,  0.241477
0.8360,  0.236191
0.8365,  0.215116
0.8370,  0.203646
0.8375,  0.199638
0.8380,  0.181198
0.8385,  0.178642
0.8390,  0.173465
0.8395,  0.171242
0.8400,  0.167448
0.8405,  0.160953
0.8410,  0.161387
0.8415,  0.161406
0.8420,  0.162459
0.8425,  0.156399
0.8430,  0.153218
0.8435,  0.152333
0.8440,  0.147725
0.8445,  0.150981
0.8450,  0.151528
0.8455,  0.155428
0.8460,  0.150426
0.8465,  0.146942
0.8470,  0.150676
0.8475,  0.155847
0.8480,  0.163218
0.8485,  0.158404
0.8490,  0.145878
0.8495,  0.133729
0.8500,  0.126457
0.8505,  0.134433
0.8510,  0.145398
0.8515,  0.150731
0.8520,  0.175194
0.8525,  0.169743
0.8530,  0.156701
0.8535,  0.142534
0.8540,  0.110578
0.8545,  0.113716
0.8550,  0.114468
0.8555,  0.117571
0.8560,  0.136803
0.8565,  0.145067
0.8570,  0.152337
0.8575,  0.145005
0.8580,  0.150013
0.8585,  0.160082
0.8590,  0.167191
0.8595,  0.164715
0.8600,  0.159784
0.8605,  0.151494
0.8610,  0.132500
0.8615,  0.127345
0.8620,  0.136693
0.8625,  0.144899
0.8630,  0.147604
0.8635,  0.149723
0.8640,  0.146681
0.8645,  0.141642
0.8650,  0.144686
0.8655,  0.132317
0.8660,  0.109918
0.8665,  0.102212
0.8670,  0.100839
0.8675,  0.100893
0.8680,  0.109524
0.8685,  0.125024
0.8690,  0.152903
0.8695,  0.166332
0.8700,  0.173965
0.8705,  0.154539
0.8710,  0.128785
0.8715,  0.105269
0.8720,  0.096254
0.8725,  0.098820
0.8730,  0.112213
0.8735,  0.123679
0.8740,  0.139214
0.8745,  0.152414
0.8750,  0.166815
0.8755,  0.170224
0.8760,  0.164956
0.8765,  0.162186
0.8770,  0.153722
0.8775,  0.141321
0.8780,  0.128914
0.8785,  0.108507
0.8790,  0.096399
0.8795,  0.103632
0.8800,  0.110316
0.8805,  0.114381
0.8810,  0.127467
0.8815,  0.132434
0.8820,  0.137069
0.8825,  0.129406
0.8830,  0.122773
0.8835,  0.118050
0.8840,  0.117178
0.8845,  0.126826
0.8850,  0.144342
0.8855,  0.140987
0.8860,  0.142248
0.8865,  0.152960
0.8870,  0.142382
0.8875,  0.134786
0.8880,  0.118388
0.8885,  0.108213
0.8890,  0.106665
0.8895,  0.103753
0.8900,  0.119808
