0.3500,  0.104242
0.3505,  0.163253
0.3510,  0.130073
0.3515,  0.089033
0.3520,  0.056208
0.3525,  0.011724
0.3530,  0.063999
0.3535,  0.100019
0.3540,  0.118794
0.3545,  0.143953
0.3550,  0.119295
0.3555,  0.106729
0.3560,  0.069086
0.3565,  0.043082
0.3570,  0.012861
0.3575,  -0.024226
0.3580,  -0.069155
0.3585,  -0.128171
0.3590,  0.030750
0.3595,  0.160282
0.3600,  0.144322
0.3605,  0.129529
0.3610,  0.075747
0.3615,  0.014342
0.3620,  0.063023
0.3625,  0.110192
0.3630,  0.101361
0.3635,  0.091560
0.3640,  0.087523
0.3645,  0.074971
0.3650,  0.111019
0.3655,  0.145900
0.3660,  0.157978
0.3665,  0.170561
0.3670,  0.139008
0.3675,  0.111954
0.3680,  0.079282
0.3685,  0.043122
0.3690,  0.087864
0.3695,  0.132309
0.3700,  0.102657
0.3705,  0.072944
0.3710,  0.094159
0.3715,  0.119273
0.3720,  0.087736
0.3725,  0.057839
0.3730,  0.024721
0.3735,  -0.013610
0.3740,  -0.004819
0.3745,  -0.003325
0.3750,  0.075794
0.3755,  0.142842
0.3760,  0.139024
0.3765,  0.124335
0.3770,  0.172366
0.3775,  0.216311
0.3780,  0.211459
0.3785,  0.217932
0.3790,  0.125705
0.3795,  0.023941
0.3800,  0.078273
0.3805,  0.133847
0.3810,  0.104679
0.3815,  0.086696
0.3820,  -0.000111
0.3825,  -0.106982
0.3830,  -0.130503
0.3835,  -0.170794
0.3840,  -0.003975
0.3845,  0.123549
0.3850,  0.134225
0.3855,  0.147209
0.3860,  0.136200
0.3865,  0.126381
0.3870,  0.120554
0.3875,  0.111998
0.3880,  0.088789
0.3885,  0.061401
0.3890,  0.118435
0.3895,  0.163852
0.3900,  0.165576
0.3905,  0.167035
0.3910,  0.178892
0.3915,  0.208006
0.3920,  0.117394
0.3925,  0.024984
0.3930,  -0.142731
0.3935,  -0.386299
0.3940,  -0.096203
0.3945,  0.108385
0.3950,  0.211593
0.3955,  0.306458
0.3960,  0.141540
0.3965,  -0.062445
0.3970,  -0.038281
0.3975,  -0.037238
0.3980,  0.156563
0.3985,  0.291365
0.3990,  0.276472
0.3995,  0.267313
0.4000,  0.233501
0.4005,  0.202580
0.4010,  0.187462
0.4015,  0.177460
0.4020,  0.161695
0.4025,  0.154935
0.4030,  0.131520
0.4035,  0.109525
0.4040,  0.107287
0.4045,  0.108389
0.4050,  0.109399
0.4055,  0.110774
0.4060,  0.095075
0.4065,  0.079721
0.4070,  0.091058
0.4075,  0.099943
0.4080,  0.127014
0.4085,  0.153267
0.4090,  0.146842
0.4095,  0.139264
0.4100,  0.090408
0.4105,  0.033551
0.4110,  0.101130
0.4115,  0.162411
0.4120,  0.145930
0.4125,  0.129209
0.4130,  0.115471
0.4135,  0.106471
0.4140,  0.102037
0.4145,  0.096105
0.4150,  0.093108
0.4155,  0.088911
0.4160,  0.112127
0.4165,  0.136744
0.4170,  0.096374
0.4175,  0.053065
0.4180,  0.059837
0.4185,  0.068918
0.4190,  0.077223
0.4195,  0.083083
0.4200,  0.102257
0.4205,  0.117950
0.4210,  0.125789
0.4215,  0.135307
0.4220,  0.085332
0.4225,  0.029163
0.4230,  0.064152
0.4235,  0.101046
0.4240,  0.112917
0.4245,  0.128204
0.4250,  0.112307
0.4255,  0.096440
0.4260,  0.100648
0.4265,  0.110735
0.4270,  0.078763
0.4275,  0.051106
0.4280,  0.061955
0.4285,  0.079827
0.4290,  0.067182
0.4295,  0.055650
0.4300,  -0.026056
0.4305,  -0.134838
0.4310,  0.053241
0.4315,  0.195252
0.4320,  0.165598
0.4325,  0.130906
0.4330,  0.132508
0.4335,  0.139360
0.4340,  0.114194
0.4345,  0.091585
0.4350,  0.095924
0.4355,  0.095761
0.4360,  0.132962
0.4365,  0.171152
0.4370,  0.139179
0.4375,  0.113746
0.4380,  0.063217
0.4385,  0.005723
0.4390,  0.075689
0.4395,  0.138642
0.4400,  0.108371
0.4405,  0.073002
0.4410,  0.115980
0.4415,  0.153965
0.4420,  0.153073
0.4425,  0.150755
0.4430,  0.126301
0.4435,  0.105596
0.4440,  0.116675
0.4445,  0.131379
0.4450,  0.100240
0.4455,  0.062824
0.4460,  0.075757
0.4465,  0.088541
0.4470,  0.123852
0.4475,  0.155248
0.4480,  0.128770
0.4485,  0.099192
0.4490,  0.102464
0.4495,  0.102544
0.4500,  0.118394
0.4505,  0.134867
0.4510,  0.127746
0.4515,  0.122630
0.4520,  0.092405
0.4525,  0.061716
0.4530,  0.073109
0.4535,  0.084536
0.4540,  0.091741
0.4545,  0.098447
0.4550,  0.107702
0.4555,  0.115085
0.4560,  0.118988
0.4565,  0.123593
0.4570,  0.127124
0.4575,  0.131448
0.4580,  0.104662
0.4585,  0.077506
0.4590,  0.088277
0.4595,  0.095960
0.4600,  0.102193
0.4605,  0.107532
0.4610,  0.107512
0.4615,  0.107066
0.4620,  0.115730
0.4625,  0.124464
0.4630,  0.109047
0.4635,  0.100048
0.4640,  0.093881
0.4645,  0.086859
0.4650,  0.108154
0.4655,  0.130334
0.4660,  0.106319
0.4665,  0.084168
0.4670,  0.108488
0.4675,  0.127780
0.4680,  0.122997
0.4685,  0.122143
0.4690,  0.124156
0.4695,  0.127201
0.4700,  0.108633
0.4705,  0.085828
0.4710,  0.113879
0.4715,  0.140625
0.4720,  0.139474
0.4725,  0.141257
0.4730,  0.130227
0.4735,  0.119886
0.4740,  0.131350
0.4745,  0.142755
0.4750,  0.134365
0.4755,  0.126541
0.4760,  0.113516
0.4765,  0.101109
0.4770,  0.127258
0.4775,  0.151273
0.4780,  0.133922
0.4785,  0.118037
0.4790,  0.132530
0.4795,  0.144748
0.4800,  0.133733
0.4805,  0.126439
0.4810,  0.137537
0.4815,  0.147685
0.4820,  0.134630
0.4825,  0.126643
0.4830,  0.131539
0.4835,  0.136777
0.4840,  0.134988
0.4845,  0.137299
0.4850,  0.122476
0.4855,  0.111177
0.4860,  0.079402
0.4865,  0.035100
0.4870,  0.087178
0.4875,  0.131069
0.4880,  0.141960
0.4885,  0.151184
0.4890,  0.150263
0.4895,  0.150094
0.4900,  0.153758
0.4905,  0.162028
0.4910,  0.139950
0.4915,  0.117172
0.4920,  0.119390
0.4925,  0.119934
0.4930,  0.115427
0.4935,  0.106908
0.4940,  0.137840
0.4945,  0.169483
0.4950,  0.136595
0.4955,  0.105140
0.4960,  0.124290
0.4965,  0.143042
0.4970,  0.145663
0.4975,  0.150962
0.4980,  0.121039
0.4985,  0.087789
0.4990,  0.114588
0.4995,  0.142203
0.5000,  0.122659
0.5005,  0.102133
0.5010,  0.097335
0.5015,  0.089153
0.5020,  0.108617
0.5025,  0.128170
0.5030,  0.137581
0.5035,  0.145806
0.5040,  0.129199
0.5045,  0.108717
0.5050,  0.129010
0.5055,  0.150174
0.5060,  0.137873
0.5065,  0.129380
0.5070,  0.118526
0.5075,  0.108365
0.5080,  0.111433
0.5085,  0.113500
0.5090,  0.112624
0.5095,  0.111686
0.5100,  0.116330
0.5105,  0.120077
0.5110,  0.130241
0.5115,  0.141062
0.5120,  0.115878
0.5125,  0.092684
0.5130,  0.097547
0.5135,  0.100257
0.5140,  0.107659
0.5145,  0.113557
0.5150,  0.123711
0.5155,  0.137975
0.5160,  0.098792
0.5165,  0.057937
0.5170,  0.085523
0.5175,  0.107616
0.5180,  0.090072
0.5185,  0.063714
0.5190,  0.097871
0.5195,  0.131102
0.5200,  0.122994
0.5205,  0.115197
0.5210,  0.125975
0.5215,  0.138484
0.5220,  0.115903
0.5225,  0.093976
0.5230,  0.108607
0.5235,  0.119134
0.5240,  0.126841
0.5245,  0.138896
0.5250,  0.135815
0.5255,  0.137403
0.5260,  0.088931
0.5265,  0.034166
0.5270,  0.075450
0.5275,  0.107190
0.5280,  0.113204
0.5285,  0.118680
0.5290,  0.115156
0.5295,  0.112599
0.5300,  0.114327
0.5305,  0.117779
0.5310,  0.119791
0.5315,  0.126338
0.5320,  0.089635
0.5325,  0.049748
0.5330,  0.090127
0.5335,  0.126763
0.5340,  0.109621
0.5345,  0.091381
0.5350,  0.118472
0.5355,  0.146059
0.5360,  0.119557
0.5365,  0.094338
0.5370,  0.097894
0.5375,  0.101504
0.5380,  0.107815
0.5385,  0.117310
0.5390,  0.106800
0.5395,  0.095821
0.5400,  0.084921
0.5405,  0.072867
0.5410,  0.099311
0.5415,  0.123888
0.5420,  0.108640
0.5425,  0.093140
0.5430,  0.103627
0.5435,  0.112291
0.5440,  0.110044
0.5445,  0.108532
0.5450,  0.112879
0.5455,  0.117561
0.5460,  0.114825
0.5465,  0.111700
0.5470,  0.101796
0.5475,  0.090848
0.5480,  0.098112
0.5485,  0.103803
0.5490,  0.110810
0.5495,  0.118240
0.5500,  0.109682
0.5505,  0.102477
0.5510,  0.106180
0.5515,  0.109456
0.5520,  0.104698
0.5525,  0.098205
0.5530,  0.105457
0.5535,  0.113053
0.5540,  0.115506
0.5545,  0.118668
0.5550,  0.119921
0.5555,  0.121477
0.5560,  0.107627
0.5565,  0.095559
0.5570,  0.106240
0.5575,  0.117212
0.5580,  0.108565
0.5585,  0.097911
0.5590,  0.102901
0.5595,  0.108358
0.5600,  0.112780
0.5605,  0.116805
0.5610,  0.111516
0.5615,  0.105653
0.5620,  0.110044
0.5625,  0.116231
0.5630,  0.119974
0.5635,  0.123342
0.5640,  0.123610
0.5645,  0.126033
0.5650,  0.116647
0.5655,  0.104153
0.5660,  0.109810
0.5665,  0.115348
0.5670,  0.127900
0.5675,  0.141905
0.5680,  0.125542
0.5685,  0.109607
0.5690,  0.125359
0.5695,  0.140030
0.5700,  0.121321
0.5705,  0.099234
0.5710,  0.109058
0.5715,  0.114440
0.5720,  0.124620
0.5725,  0.135094
0.5730,  0.127212
0.5735,  0.122710
0.5740,  0.122294
0.5745,  0.122542
0.5750,  0.115144
0.5755,  0.105295
0.5760,  0.108033
0.5765,  0.112509
0.5770,  0.117373
0.5775,  0.123207
0.5780,  0.107714
0.5785,  0.088633
0.5790,  0.096040
0.5795,  0.104476
0.5800,  0.105378
0.5805,  0.105353
0.5810,  0.106746
0.5815,  0.108909
0.5820,  0.111928
0.5825,  0.113855
0.5830,  0.110217
0.5835,  0.105849
0.5840,  0.107105
0.5845,  0.111816
0.5850,  0.098998
0.5855,  0.084795
0.5860,  0.100113
0.5865,  0.114935
0.5870,  0.123966
0.5875,  0.137561
0.5880,  0.129248
0.5885,  0.117418
0.5890,  0.090804
0.5895,  0.056269
0.5900,  0.106093
0.5905,  0.150929
0.5910,  0.139504
0.5915,  0.128005
0.5920,  0.127109
0.5925,  0.128592
0.5930,  0.124882
0.5935,  0.124216
0.5940,  0.119934
0.5945,  0.113680
0.5950,  0.117304
0.5955,  0.120360
0.5960,  0.125058
0.5965,  0.129783
0.5970,  0.121741
0.5975,  0.114593
0.5980,  0.109510
0.5985,  0.104639
0.5990,  0.112494
0.5995,  0.121282
0.6000,  0.117906
0.6005,  0.114151
0.6010,  0.115737
0.6015,  0.114858
0.6020,  0.102951
0.6025,  0.090927
0.6030,  0.104912
0.6035,  0.119824
0.6040,  0.118232
0.6045,  0.118999
0.6050,  0.118154
0.6055,  0.115362
0.6060,  0.113217
0.6065,  0.111448
0.6070,  0.112231
0.6075,  0.114642
0.6080,  0.114151
0.6085,  0.113025
0.6090,  0.117467
0.6095,  0.120276
0.6100,  0.111811
0.6105,  0.102126
0.6110,  0.112966
0.6115,  0.124880
0.6120,  0.115521
0.6125,  0.107189
0.6130,  0.104836
0.6135,  0.101043
0.6140,  0.111005
0.6145,  0.121548
0.6150,  0.127444
0.6155,  0.132071
0.6160,  0.105693
0.6165,  0.073773
0.6170,  0.095167
0.6175,  0.117244
0.6180,  0.120984
0.6185,  0.127278
0.6190,  0.124796
0.6195,  0.120810
0.6200,  0.127334
0.6205,  0.133789
0.6210,  0.122238
0.6215,  0.111446
0.6220,  0.121653
0.6225,  0.131061
0.6230,  0.121264
0.6235,  0.117466
0.6240,  0.123367
0.6245,  0.125393
0.6250,  0.119393
0.6255,  0.111146
0.6260,  0.125927
0.6265,  0.141909
0.6270,  0.141628
0.6275,  0.141215
0.6280,  0.142259
0.6285,  0.146698
0.6290,  0.147230
0.6295,  0.145744
0.6300,  0.141095
0.6305,  0.135439
0.6310,  0.128922
0.6315,  0.126972
0.6320,  0.124165
0.6325,  0.124446
0.6330,  0.124593
0.6335,  0.124753
0.6340,  0.126312
0.6345,  0.129474
0.6350,  0.131503
0.6355,  0.130874
0.6360,  0.128576
0.6365,  0.123890
0.6370,  0.118964
0.6375,  0.117024
0.6380,  0.118448
0.6385,  0.121860
0.6390,  0.125288
0.6395,  0.125517
0.6400,  0.126353
0.6405,  0.125220
0.6410,  0.121496
0.6415,  0.122052
0.6420,  0.117951
0.6425,  0.112276
0.6430,  0.110837
0.6435,  0.111064
0.6440,  0.113755
0.6445,  0.119391
0.6450,  0.127008
0.6455,  0.129511
0.6460,  0.131354
0.6465,  0.132457
0.6470,  0.129849
0.6475,  0.125677
0.6480,  0.123815
0.6485,  0.121233
0.6490,  0.117575
0.6495,  0.121475
0.6500,  0.124157
0.6505,  0.128863
0.6510,  0.134970
0.6515,  0.132102
0.6520,  0.129582
0.6525,  0.126653
0.6530,  0.125916
0.6535,  0.118284
0.6540,  0.115928
0.6545,  0.120165
0.6550,  0.130590
0.6555,  0.130860
0.6560,  0.120715
0.6565,  0.095410
0.6570,  0.059302
0.6575,  0.071024
0.6580,  0.084225
0.6585,  0.097735
0.6590,  0.113571
0.6595,  0.107667
0.6600,  0.102459
0.6605,  0.097581
0.6610,  0.094640
0.6615,  0.090284
0.6620,  0.089335
0.6625,  0.089924
0.6630,  0.090246
0.6635,  0.094856
0.6640,  0.098599
0.6645,  0.100991
0.6650,  0.103589
0.6655,  0.099487
0.6660,  0.095032
0.6665,  0.093555
0.6670,  0.090773
0.6675,  0.090350
0.6680,  0.087966
0.6685,  0.089445
0.6690,  0.092005
0.6695,  0.089270
0.6700,  0.089103
0.6705,  0.088580
0.6710,  0.090736
0.6715,  0.093991
0.6720,  0.095383
0.6725,  0.093666
0.6730,  0.088799
0.6735,  0.084888
0.6740,  0.084326
0.6745,  0.082257
0.6750,  0.081074
0.6755,  0.083854
0.6760,  0.088366
0.6765,  0.093320
0.6770,  0.096074
0.6775,  0.095174
0.6780,  0.094830
0.6785,  0.092463
0.6790,  0.088635
0.6795,  0.085601
0.6800,  0.084023
0.6805,  0.083820
0.6810,  0.083754
0.6815,  0.086142
0.6820,  0.089455
0.6825,  0.093146
0.6830,  0.097719
0.6835,  0.100215
0.6840,  0.103097
0.6845,  0.104778
0.6850,  0.110345
0.6855,  0.132831
0.6860,  0.164299
0.6865,  0.194720
0.6870,  0.212947
0.6875,  0.214380
0.6880,  0.210094
0.6885,  0.201933
0.6890,  0.196723
0.6895,  0.191374
0.6900,  0.187471
0.6905,  0.181093
0.6910,  0.174419
0.6915,  0.166190
0.6920,  0.158117
0.6925,  0.154896
0.6930,  0.156163
0.6935,  0.157025
0.6940,  0.155560
0.6945,  0.152695
0.6950,  0.146738
0.6955,  0.137362
0.6960,  0.130535
0.6965,  0.125384
0.6970,  0.121519
0.6975,  0.126123
0.6980,  0.134953
0.6985,  0.138743
0.6990,  0.142846
0.6995,  0.143273
0.7000,  0.140808
0.7005,  0.137209
0.7010,  0.132632
0.7015,  0.136584
0.7020,  0.137469
0.7025,  0.135519
0.7030,  0.132087
0.7035,  0.132026
0.7040,  0.135306
0.7045,  0.140513
0.7050,  0.143909
0.7055,  0.141470
0.7060,  0.138481
0.7065,  0.132927
0.7070,  0.127997
0.7075,  0.123915
0.7080,  0.119752
0.7085,  0.116661
0.7090,  0.116407
0.7095,  0.117280
0.7100,  0.119774
0.7105,  0.117785
0.7110,  0.119809
0.7115,  0.120880
0.7120,  0.120015
0.7125,  0.122181
0.7130,  0.122484
0.7135,  0.124128
0.7140,  0.128613
0.7145,  0.132655
0.7150,  0.138243
0.7155,  0.152882
0.7160,  0.179536
0.7165,  0.208746
0.7170,  0.240025
0.7175,  0.266494
0.7180,  0.289853
0.7185,  0.306715
0.7190,  0.309341
0.7195,  0.311124
0.7200,  0.296017
0.7205,  0.269673
0.7210,  0.241579
0.7215,  0.221151
0.7220,  0.221898
0.7225,  0.235817
0.7230,  0.253842
0.7235,  0.270328
0.7240,  0.285843
0.7245,  0.291118
0.7250,  0.288508
0.7255,  0.281690
0.7260,  0.278669
0.7265,  0.281212
0.7270,  0.281998
0.7275,  0.277594
0.7280,  0.274858
0.7285,  0.264939
0.7290,  0.259026
0.7295,  0.258625
0.7300,  0.251590
0.7305,  0.247026
0.7310,  0.239201
0.7315,  0.228365
0.7320,  0.213459
0.7325,  0.197261
0.7330,  0.184408
0.7335,  0.170057
0.7340,  0.158762
0.7345,  0.156167
0.7350,  0.158829
0.7355,  0.158577
0.7360,  0.154507
0.7365,  0.150537
0.7370,  0.143818
0.7375,  0.135726
0.7380,  0.133871
0.7385,  0.129735
0.7390,  0.123815
0.7395,  0.121160
0.7400,  0.117153
0.7405,  0.113964
0.7410,  0.110092
0.7415,  0.111567
0.7420,  0.113609
0.7425,  0.114063
0.7430,  0.113529
0.7435,  0.109554
0.7440,  0.106403
0.7445,  0.103825
0.7450,  0.102549
0.7455,  0.105749
0.7460,  0.108710
0.7465,  0.112909
0.7470,  0.115636
0.7475,  0.112931
0.7480,  0.109564
0.7485,  0.106110
0.7490,  0.105773
0.7495,  0.107611
0.7500,  0.107306
0.7505,  0.108570
0.7510,  0.106934
0.7515,  0.104501
0.7520,  0.101661
0.7525,  0.099567
0.7530,  0.097148
0.7535,  0.098995
0.7540,  0.102833
0.7545,  0.104948
0.7550,  0.103497
0.7555,  0.102355
0.7560,  0.102707
0.7565,  0.099902
0.7570,  0.099170
0.7575,  0.110635
0.7580,  0.142715
0.7585,  0.209946
0.7590,  0.322703
0.7595,  0.467510
0.7600,  0.599125
0.7605,  0.667203
0.7610,  0.671677
0.7615,  0.642858
0.7620,  0.616301
0.7625,  0.609152
0.7630,  0.599860
0.7635,  0.570161
0.7640,  0.525894
0.7645,  0.464201
0.7650,  0.401642
0.7655,  0.346308
0.7660,  0.295296
0.7665,  0.245256
0.7670,  0.199686
0.7675,  0.170043
0.7680,  0.150909
0.7685,  0.141182
0.7690,  0.136206
0.7695,  0.128625
0.7700,  0.120110
0.7705,  0.114514
0.7710,  0.107934
0.7715,  0.108977
0.7720,  0.106297
0.7725,  0.105612
0.7730,  0.112710
0.7735,  0.109882
0.7740,  0.101542
0.7745,  0.094779
0.7750,  0.090418
0.7755,  0.090136
0.7760,  0.093375
0.7765,  0.099898
0.7770,  0.103926
0.7775,  0.101919
0.7780,  0.102853
0.7785,  0.101708
0.7790,  0.095100
0.7795,  0.092311
0.7800,  0.089961
0.7805,  0.088300
0.7810,  0.094560
0.7815,  0.096416
0.7820,  0.097421
0.7825,  0.099200
0.7830,  0.096958
0.7835,  0.093582
0.7840,  0.095483
0.7845,  0.098311
0.7850,  0.103248
0.7855,  0.105066
0.7860,  0.106139
0.7865,  0.106306
0.7870,  0.108763
0.7875,  0.112172
0.7880,  0.114099
0.7885,  0.117178
0.7890,  0.120424
0.7895,  0.120609
0.7900,  0.120468
0.7905,  0.121196
0.7910,  0.118829
0.7915,  0.116093
0.7920,  0.112849
0.7925,  0.108731
0.7930,  0.108771
0.7935,  0.109340
0.7940,  0.107479
0.7945,  0.109871
0.7950,  0.111081
0.7955,  0.112516
0.7960,  0.109672
0.7965,  0.105088
0.7970,  0.108307
0.7975,  0.104312
0.7980,  0.107202
0.7985,  0.108907
0.7990,  0.110232
0.7995,  0.119533
0.8000,  0.123532
0.8005,  0.122139
0.8010,  0.122389
0.8015,  0.120435
0.8020,  0.121444
0.8025,  0.124431
0.8030,  0.122068
0.8035,  0.120384
0.8040,  0.120007
0.8045,  0.117567
0.8050,  0.110901
0.8055,  0.104974
0.8060,  0.108186
0.8065,  0.109727
0.8070,  0.107958
0.8075,  0.102682
0.8080,  0.102287
0.8085,  0.095093
0.8090,  0.089910
0.8095,  0.098592
0.8100,  0.113112
0.8105,  0.126754
0.8110,  0.142103
0.8115,  0.150825
0.8120,  0.158593
0.8125,  0.179105
0.8130,  0.197836
0.8135,  0.211371
0.8140,  0.228277
0.8145,  0.246799
0.8150,  0.269567
0.8155,  0.293421
0.8160,  0.305500
0.8165,  0.308447
0.8170,  0.306571
0.8175,  0.294794
0.8180,  0.281633
0.8185,  0.262881
0.8190,  0.242486
0.8195,  0.232765
0.8200,  0.218310
0.8205,  0.210696
0.8210,  0.221881
0.8215,  0.243367
0.8220,  0.271126
0.8225,  0.291088
0.8230,  0.294170
0.8235,  0.270439
0.8240,  0.236642
0.8245,  0.205181
0.8250,  0.191040
0.8255,  0.183277
0.8260,  0.181965
0.8265,  0.186462
0.8270,  0.204058
0.8275,  0.222402
0.8280,  0.237761
0.8285,  0.237548
0.8290,  0.230734
0.8295,  0.218406
0.8300,  0.202694
0.8305,  0.190144
0.8310,  0.185735
0.8315,  0.182191
0.8320,  0.175128
0.8325,  0.173514
0.8330,  0.174096
0.8335,  0.160984
0.8340,  0.151821
0.8345,  0.142387
0.8350,  0.138771
0.8355,  0.131202
0.8360,  0.127247
0.8365,  0.122527
0.8370,  0.117615
0.8375,  0.113958
0.8380,  0.108612
0.8385,  0.109220
0.8390,  0.104258
0.8395,  0.102662
0.8400,  0.102153
0.8405,  0.103110
0.8410,  0.096641
0.8415,  0.093354
0.8420,  0.087024
0.8425,  0.090901
0.8430,  0.085774
0.8435,  0.085783
0.8440,  0.086373
0.8445,  0.088257
0.8450,  0.088590
0.8455,  0.090760
0.8460,  0.089758
0.8465,  0.081023
0.8470,  0.075324
0.8475,  0.067939
0.8480,  0.069848
0.8485,  0.059789
0.8490,  0.062295
0.8495,  0.069364
0.8500,  0.072710
0.8505,  0.079694
0.8510,  0.078145
0.8515,  0.068473
0.8520,  0.070161
0.8525,  0.053558
0.8530,  0.047466
0.8535,  0.051546
0.8540,  0.038057
0.8545,  0.061129
0.8550,  0.066617
0.8555,  0.066138
0.8560,  0.072836
0.8565,  0.068537
0.8570,  0.071716
0.8575,  0.077789
0.8580,  0.080129
0.8585,  0.070775
0.8590,  0.059578
0.8595,  0.060736
0.8600,  0.060583
0.8605,  0.065833
0.8610,  0.061244
0.8615,  0.060405
0.8620,  0.062933
0.8625,  0.059513
0.8630,  0.060285
0.8635,  0.059968
0.8640,  0.061062
0.8645,  0.041471
0.8650,  0.040224
0.8655,  0.048958
0.8660,  0.035064
0.8665,  0.048344
0.8670,  0.045558
0.8675,  0.039103
0.8680,  0.035910
0.8685,  0.033441
0.8690,  0.044047
0.8695,  0.057377
0.8700,  0.060262
0.8705,  0.058490
0.8710,  0.060239
0.8715,  0.058128
0.8720,  0.061999
0.8725,  0.066990
0.8730,  0.067226
0.8735,  0.072568
0.8740,  0.075627
0.8745,  0.079046
0.8750,  0.066982
0.8755,  0.065993
0.8760,  0.062446
0.8765,  0.066269
0.8770,  0.075488
0.8775,  0.078745
0.8780,  0.081574
0.8785,  0.079142
0.8790,  0.074424
0.8795,  0.074223
0.8800,  0.072099
0.8805,  0.056583
0.8810,  0.047414
0.8815,  0.037282
0.8820,  0.037390
0.8825,  0.049032
0.8830,  0.064412
0.8835,  0.070936
0.8840,  0.084755
0.8845,  0.075456
0.8850,  0.067811
0.8855,  0.064130
0.8860,  0.061655
0.8865,  0.054132
0.8870,  0.045809
0.8875,  0.038704
0.8880,  0.037098
0.8885,  0.047888
0.8890,  0.056166
0.8895,  0.063135
0.8900,  0.073637
