0.3500,  0.062474
0.3505,  0.118429
0.3510,  0.092801
0.3515,  0.059844
0.3520,  0.020492
0.3525,  -0.017665
0.3530,  0.018738
0.3535,  0.048010
0.3540,  0.067448
0.3545,  0.089685
0.3550,  0.071886
0.3555,  0.057161
0.3560,  0.026630
0.3565,  -0.002772
0.3570,  -0.027451
0.3575,  -0.060487
0.3580,  -0.100526
0.3585,  -0.156400
0.3590,  -0.011097
0.3595,  0.108949
0.3600,  0.094674
0.3605,  0.079689
0.3610,  0.037150
0.3615,  -0.007747
0.3620,  0.039342
0.3625,  0.076198
0.3630,  0.065939
0.3635,  0.055512
0.3640,  0.050844
0.3645,  0.039493
0.3650,  0.072613
0.3655,  0.104062
0.3660,  0.115424
0.3665,  0.126140
0.3670,  0.099320
0.3675,  0.076877
0.3680,  0.043715
0.3685,  0.008284
0.3690,  0.044695
0.3695,  0.082834
0.3700,  0.056363
0.3705,  0.032840
0.3710,  0.055074
0.3715,  0.079320
0.3720,  0.054745
0.3725,  0.030633
0.3730,  -0.000447
0.3735,  -0.036739
0.3740,  -0.030723
0.3745,  -0.032880
0.3750,  0.034346
0.3755,  0.093551
0.3760,  0.092897
0.3765,  0.081729
0.3770,  0.126063
0.3775,  0.166901
0.3780,  0.164095
0.3785,  0.171152
0.3790,  0.088414
0.3795,  -0.005360
0.3800,  0.041067
0.3805,  0.090298
0.3810,  0.062561
0.3815,  0.043806
0.3820,  -0.035815
0.3825,  -0.133309
0.3830,  -0.157709
0.3835,  -0.192163
0.3840,  -0.034258
0.3845,  0.088082
0.3850,  0.103311
0.3855,  0.114992
0.3860,  0.098883
0.3865,  0.088731
0.3870,  0.084633
0.3875,  0.073663
0.3880,  0.051305
0.3885,  0.026892
0.3890,  0.076660
0.3895,  0.118078
0.3900,  0.119395
0.3905,  0.120322
0.3910,  0.133797
0.3915,  0.161538
0.3920,  0.078701
0.3925,  -0.005292
0.3930,  -0.156373
0.3935,  -0.376972
0.3940,  -0.113956
0.3945,  0.073265
0.3950,  0.165725
0.3955,  0.248616
0.3960,  0.098718
0.3965,  -0.085118
0.3970,  -0.063090
0.3975,  -0.060375
0.3980,  0.116304
0.3985,  0.238101
0.3990,  0.223411
0.3995,  0.215267
0.4000,  0.184302
0.4005,  0.154516
0.4010,  0.140942
0.4015,  0.133001
0.4020,  0.117490
0.4025,  0.109062
0.4030,  0.087791
0.4035,  0.067528
0.4040,  0.063750
0.4045,  0.065405
0.4050,  0.069033
0.4055,  0.074320
0.4060,  0.062816
0.4065,  0.048198
0.4070,  0.059672
0.4075,  0.066477
0.4080,  0.086874
0.4085,  0.108237
0.4090,  0.102680
0.4095,  0.098656
0.4100,  0.057761
0.4105,  0.009394
0.4110,  0.069110
0.4115,  0.122833
0.4120,  0.109565
0.4125,  0.096194
0.4130,  0.083422
0.4135,  0.073707
0.4140,  0.071792
0.4145,  0.068956
0.4150,  0.067096
0.4155,  0.061163
0.4160,  0.078875
0.4165,  0.099878
0.4170,  0.063056
0.4175,  0.023507
0.4180,  0.032465
0.4185,  0.041703
0.4190,  0.049509
0.4195,  0.054203
0.4200,  0.069674
0.4205,  0.082995
0.4210,  0.091204
0.4215,  0.100345
0.4220,  0.054558
0.4225,  0.005082
0.4230,  0.036967
0.4235,  0.067504
0.4240,  0.077225
0.4245,  0.092527
0.4250,  0.078257
0.4255,  0.067394
0.4260,  0.070673
0.4265,  0.078397
0.4270,  0.051195
0.4275,  0.025392
0.4280,  0.037593
0.4285,  0.053024
0.4290,  0.040342
0.4295,  0.032006
0.4300,  -0.043488
0.4305,  -0.143611
0.4310,  0.028794
0.4315,  0.156553
0.4320,  0.128096
0.4325,  0.097809
0.4330,  0.100904
0.4335,  0.104793
0.4340,  0.081737
0.4345,  0.059641
0.4350,  0.064643
0.4355,  0.066037
0.4360,  0.100311
0.4365,  0.135206
0.4370,  0.105929
0.4375,  0.083402
0.4380,  0.035548
0.4385,  -0.019647
0.4390,  0.041356
0.4395,  0.098707
0.4400,  0.075353
0.4405,  0.047686
0.4410,  0.087804
0.4415,  0.121721
0.4420,  0.120543
0.4425,  0.117958
0.4430,  0.091622
0.4435,  0.069886
0.4440,  0.081102
0.4445,  0.095327
0.4450,  0.067482
0.4455,  0.035591
0.4460,  0.049692
0.4465,  0.060749
0.4470,  0.091929
0.4475,  0.122422
0.4480,  0.099228
0.4485,  0.072386
0.4490,  0.075213
0.4495,  0.076254
0.4500,  0.091218
0.4505,  0.106729
0.4510,  0.097560
0.4515,  0.091346
0.4520,  0.061364
0.4525,  0.034810
0.4530,  0.046089
0.4535,  0.056832
0.4540,  0.065629
0.4545,  0.068927
0.4550,  0.077244
0.4555,  0.087910
0.4560,  0.093041
0.4565,  0.097305
0.4570,  0.099197
0.4575,  0.102612
0.4580,  0.079179
0.4585,  0.054164
0.4590,  0.061816
0.4595,  0.067813
0.4600,  0.073241
0.4605,  0.079711
0.4610,  0.082070
0.4615,  0.082232
0.4620,  0.090278
0.4625,  0.099895
0.4630,  0.087393
0.4635,  0.076156
0.4640,  0.066792
0.4645,  0.059257
0.4650,  0.078760
0.4655,  0.097181
0.4660,  0.075897
0.4665,  0.054286
0.4670,  0.077603
0.4675,  0.095770
0.4680,  0.094528
0.4685,  0.093558
0.4690,  0.097370
0.4695,  0.102832
0.4700,  0.084923
0.4705,  0.060812
0.4710,  0.084887
0.4715,  0.111619
0.4720,  0.112480
0.4725,  0.114028
0.4730,  0.104382
0.4735,  0.092443
0.4740,  0.099945
0.4745,  0.109793
0.4750,  0.103042
0.4755,  0.096459
0.4760,  0.086432
0.4765,  0.076907
0.4770,  0.101571
0.4775,  0.123909
0.4780,  0.108434
0.4785,  0.093220
0.4790,  0.104451
0.4795,  0.114976
0.4800,  0.103730
0.4805,  0.097608
0.4810,  0.108901
0.4815,  0.119998
0.4820,  0.107297
0.4825,  0.099729
0.4830,  0.104161
0.4835,  0.108224
0.4840,  0.105318
0.4845,  0.107112
0.4850,  0.096151
0.4855,  0.086244
0.4860,  0.056652
0.4865,  0.015112
0.4870,  0.062126
0.4875,  0.102689
0.4880,  0.112879
0.4885,  0.121078
0.4890,  0.119309
0.4895,  0.119178
0.4900,  0.122903
0.4905,  0.131287
0.4910,  0.110750
0.4915,  0.090274
0.4920,  0.092565
0.4925,  0.092071
0.4930,  0.086399
0.4935,  0.080350
0.4940,  0.110411
0.4945,  0.139049
0.4950,  0.109457
0.4955,  0.080879
0.4960,  0.099096
0.4965,  0.116002
0.4970,  0.118203
0.4975,  0.124058
0.4980,  0.097263
0.4985,  0.067125
0.4990,  0.090555
0.4995,  0.114092
0.5000,  0.094820
0.5005,  0.074640
0.5010,  0.069368
0.5015,  0.062785
0.5020,  0.081136
0.5025,  0.098758
0.5030,  0.107354
0.5035,  0.113735
0.5040,  0.099747
0.5045,  0.082615
0.5050,  0.101209
0.5055,  0.119908
0.5060,  0.109557
0.5065,  0.101735
0.5070,  0.092448
0.5075,  0.083729
0.5080,  0.087946
0.5085,  0.090365
0.5090,  0.089405
0.5095,  0.087776
0.5100,  0.092128
0.5105,  0.096993
0.5110,  0.105814
0.5115,  0.115065
0.5120,  0.091693
0.5125,  0.070496
0.5130,  0.073860
0.5135,  0.074996
0.5140,  0.081310
0.5145,  0.086383
0.5150,  0.094889
0.5155,  0.108671
0.5160,  0.074442
0.5165,  0.038921
0.5170,  0.064484
0.5175,  0.084017
0.5180,  0.068493
0.5185,  0.046843
0.5190,  0.078983
0.5195,  0.107835
0.5200,  0.099157
0.5205,  0.091306
0.5210,  0.099472
0.5215,  0.109672
0.5220,  0.089941
0.5225,  0.069383
0.5230,  0.082684
0.5235,  0.092580
0.5240,  0.101093
0.5245,  0.111734
0.5250,  0.108497
0.5255,  0.109893
0.5260,  0.065643
0.5265,  0.015942
0.5270,  0.053481
0.5275,  0.083580
0.5280,  0.091261
0.5285,  0.096461
0.5290,  0.093378
0.5295,  0.092423
0.5300,  0.095422
0.5305,  0.099476
0.5310,  0.099814
0.5315,  0.103548
0.5320,  0.068493
0.5325,  0.032346
0.5330,  0.070097
0.5335,  0.104043
0.5340,  0.088793
0.5345,  0.071350
0.5350,  0.093587
0.5355,  0.116180
0.5360,  0.093142
0.5365,  0.071250
0.5370,  0.074385
0.5375,  0.077893
0.5380,  0.084379
0.5385,  0.092420
0.5390,  0.082800
0.5395,  0.073915
0.5400,  0.064285
0.5405,  0.052557
0.5410,  0.076157
0.5415,  0.097636
0.5420,  0.083939
0.5425,  0.070786
0.5430,  0.081660
0.5435,  0.091381
0.5440,  0.089008
0.5445,  0.087573
0.5450,  0.091583
0.5455,  0.095513
0.5460,  0.091936
0.5465,  0.089152
0.5470,  0.081352
0.5475,  0.071902
0.5480,  0.078267
0.5485,  0.083653
0.5490,  0.088754
0.5495,  0.094890
0.5500,  0.089335
0.5505,  0.084236
0.5510,  0.086081
0.5515,  0.087649
0.5520,  0.081704
0.5525,  0.075670
0.5530,  0.083549
0.5535,  0.090922
0.5540,  0.093115
0.5545,  0.094919
0.5550,  0.095482
0.5555,  0.097183
0.5560,  0.084717
0.5565,  0.073522
0.5570,  0.083275
0.5575,  0.094064
0.5580,  0.085785
0.5585,  0.076258
0.5590,  0.080344
0.5595,  0.084962
0.5600,  0.090334
0.5605,  0.094228
0.5610,  0.088389
0.5615,  0.083416
0.5620,  0.088182
0.5625,  0.093571
0.5630,  0.096312
0.5635,  0.100092
0.5640,  0.101242
0.5645,  0.102562
0.5650,  0.093675
0.5655,  0.082830
0.5660,  0.088078
0.5665,  0.093217
0.5670,  0.103793
0.5675,  0.115287
0.5680,  0.099952
0.5685,  0.084775
0.5690,  0.097927
0.5695,  0.112108
0.5700,  0.096485
0.5705,  0.077107
0.5710,  0.086120
0.5715,  0.090871
0.5720,  0.098574
0.5725,  0.107702
0.5730,  0.101466
0.5735,  0.098470
0.5740,  0.098766
0.5745,  0.099553
0.5750,  0.093671
0.5755,  0.086131
0.5760,  0.089282
0.5765,  0.092309
0.5770,  0.095192
0.5775,  0.100359
0.5780,  0.085484
0.5785,  0.069739
0.5790,  0.077217
0.5795,  0.084040
0.5800,  0.084020
0.5805,  0.084680
0.5810,  0.086023
0.5815,  0.088649
0.5820,  0.092206
0.5825,  0.093116
0.5830,  0.088473
0.5835,  0.085418
0.5840,  0.088072
0.5845,  0.092232
0.5850,  0.081180
0.5855,  0.068235
0.5860,  0.081138
0.5865,  0.093588
0.5870,  0.101850
0.5875,  0.114879
0.5880,  0.108451
0.5885,  0.099292
0.5890,  0.075620
0.5895,  0.044921
0.5900,  0.090148
0.5905,  0.130407
0.5910,  0.120066
0.5915,  0.109772
0.5920,  0.107510
0.5925,  0.106179
0.5930,  0.100739
0.5935,  0.100989
0.5940,  0.097651
0.5945,  0.094677
0.5950,  0.099148
0.5955,  0.100800
0.5960,  0.103766
0.5965,  0.106540
0.5970,  0.099266
0.5975,  0.093186
0.5980,  0.088180
0.5985,  0.085820
0.5990,  0.092299
0.5995,  0.098430
0.6000,  0.095111
0.6005,  0.091732
0.6010,  0.094258
0.6015,  0.093440
0.6020,  0.082857
0.6025,  0.071776
0.6030,  0.083526
0.6035,  0.096834
0.6040,  0.096864
0.6045,  0.097844
0.6050,  0.097040
0.6055,  0.093701
0.6060,  0.091404
0.6065,  0.089947
0.6070,  0.090054
0.6075,  0.091448
0.6080,  0.091853
0.6085,  0.093616
0.6090,  0.098657
0.6095,  0.100352
0.6100,  0.091596
0.6105,  0.081798
0.6110,  0.090794
0.6115,  0.100294
0.6120,  0.092328
0.6125,  0.084710
0.6130,  0.083046
0.6135,  0.082168
0.6140,  0.091392
0.6145,  0.101023
0.6150,  0.103836
0.6155,  0.108117
0.6160,  0.085410
0.6165,  0.058074
0.6170,  0.078847
0.6175,  0.099816
0.6180,  0.103323
0.6185,  0.107160
0.6190,  0.103836
0.6195,  0.098640
0.6200,  0.104255
0.6205,  0.111772
0.6210,  0.103001
0.6215,  0.094160
0.6220,  0.102211
0.6225,  0.111463
0.6230,  0.104174
0.6235,  0.098403
0.6240,  0.100563
0.6245,  0.099457
0.6250,  0.093648
0.6255,  0.086905
0.6260,  0.100567
0.6265,  0.114527
0.6270,  0.115243
0.6275,  0.117324
0.6280,  0.119826
0.6285,  0.124190
0.6290,  0.124310
0.6295,  0.123581
0.6300,  0.120313
0.6305,  0.114865
0.6310,  0.108460
0.6315,  0.106005
0.6320,  0.101348
0.6325,  0.099655
0.6330,  0.101308
0.6335,  0.102905
0.6340,  0.104921
0.6345,  0.107298
0.6350,  0.109198
0.6355,  0.110272
0.6360,  0.109363
0.6365,  0.104267
0.6370,  0.099382
0.6375,  0.096768
0.6380,  0.097469
0.6385,  0.100188
0.6390,  0.103454
0.6395,  0.102572
0.6400,  0.100959
0.6405,  0.098412
0.6410,  0.094455
0.6415,  0.095580
0.6420,  0.094777
0.6425,  0.093018
0.6430,  0.092463
0.6435,  0.092028
0.6440,  0.095480
0.6445,  0.101047
0.6450,  0.107491
0.6455,  0.110360
0.6460,  0.112828
0.6465,  0.114515
0.6470,  0.113109
0.6475,  0.110049
0.6480,  0.106146
0.6485,  0.101832
0.6490,  0.096730
0.6495,  0.099964
0.6500,  0.103536
0.6505,  0.110155
0.6510,  0.116729
0.6515,  0.116082
0.6520,  0.114193
0.6525,  0.110079
0.6530,  0.107824
0.6535,  0.100525
0.6540,  0.099275
0.6545,  0.103984
0.6550,  0.113466
0.6555,  0.113467
0.6560,  0.101988
0.6565,  0.076201
0.6570,  0.041586
0.6575,  0.049653
0.6580,  0.061825
0.6585,  0.075887
0.6590,  0.091487
0.6595,  0.089512
0.6600,  0.085473
0.6605,  0.082264
0.6610,  0.080360
0.6615,  0.076086
0.6620,  0.075122
0.6625,  0.077478
0.6630,  0.077784
0.6635,  0.080310
0.6640,  0.080281
0.6645,  0.081468
0.6650,  0.083691
0.6655,  0.081291
0.6660,  0.077781
0.6665,  0.073892
0.6670,  0.068472
0.6675,  0.068369
0.6680,  0.068690
0.6685,  0.070583
0.6690,  0.072655
0.6695,  0.072077
0.6700,  0.072042
0.6705,  0.072303
0.6710,  0.072874
0.6715,  0.075374
0.6720,  0.077443
0.6725,  0.076848
0.6730,  0.072618
0.6735,  0.069728
0.6740,  0.069722
0.6745,  0.069223
0.6750,  0.068538
0.6755,  0.069573
0.6760,  0.071661
0.6765,  0.075431
0.6770,  0.078534
0.6775,  0.077171
0.6780,  0.075245
0.6785,  0.073131
0.6790,  0.071264
0.6795,  0.069423
0.6800,  0.069134
0.6805,  0.068463
0.6810,  0.068973
0.6815,  0.067691
0.6820,  0.072158
0.6825,  0.076037
0.6830,  0.080332
0.6835,  0.080646
0.6840,  0.079422
0.6845,  0.080248
0.6850,  0.085234
0.6855,  0.104070
0.6860,  0.134867
0.6865,  0.166638
0.6870,  0.187675
0.6875,  0.190601
0.6880,  0.187995
0.6885,  0.182166
0.6890,  0.179503
0.6895,  0.173142
0.6900,  0.162847
0.6905,  0.152919
0.6910,  0.145961
0.6915,  0.139744
0.6920,  0.133439
0.6925,  0.130290
0.6930,  0.130259
0.6935,  0.129711
0.6940,  0.131102
0.6945,  0.131109
0.6950,  0.130975
0.6955,  0.122793
0.6960,  0.113199
0.6965,  0.107748
0.6970,  0.102775
0.6975,  0.103716
0.6980,  0.107589
0.6985,  0.111811
0.6990,  0.116386
0.6995,  0.116787
0.7000,  0.115098
0.7005,  0.115624
0.7010,  0.113402
0.7015,  0.116397
0.7020,  0.114871
0.7025,  0.110748
0.7030,  0.106093
0.7035,  0.108806
0.7040,  0.111920
0.7045,  0.116686
0.7050,  0.122411
0.7055,  0.119944
0.7060,  0.116567
0.7065,  0.109995
0.7070,  0.105926
0.7075,  0.102543
0.7080,  0.100810
0.7085,  0.099622
0.7090,  0.098084
0.7095,  0.096185
0.7100,  0.095461
0.7105,  0.095971
0.7110,  0.098273
0.7115,  0.098742
0.7120,  0.099282
0.7125,  0.099685
0.7130,  0.099113
0.7135,  0.102679
0.7140,  0.107682
0.7145,  0.113297
0.7150,  0.121051
0.7155,  0.134176
0.7160,  0.156835
0.7165,  0.184963
0.7170,  0.213871
0.7175,  0.236319
0.7180,  0.254583
0.7185,  0.269466
0.7190,  0.272215
0.7195,  0.268614
0.7200,  0.254537
0.7205,  0.233051
0.7210,  0.208362
0.7215,  0.186650
0.7220,  0.186877
0.7225,  0.198876
0.7230,  0.217159
0.7235,  0.234558
0.7240,  0.246685
0.7245,  0.253012
0.7250,  0.255146
0.7255,  0.252326
0.7260,  0.250045
0.7265,  0.247784
0.7270,  0.248969
0.7275,  0.247069
0.7280,  0.245637
0.7285,  0.239800
0.7290,  0.235279
0.7295,  0.230312
0.7300,  0.221816
0.7305,  0.219399
0.7310,  0.216053
0.7315,  0.205093
0.7320,  0.192506
0.7325,  0.178069
0.7330,  0.159742
0.7335,  0.143404
0.7340,  0.136952
0.7345,  0.135614
0.7350,  0.133437
0.7355,  0.132915
0.7360,  0.131330
0.7365,  0.130580
0.7370,  0.128544
0.7375,  0.123816
0.7380,  0.120121
0.7385,  0.113834
0.7390,  0.106023
0.7395,  0.102208
0.7400,  0.098383
0.7405,  0.091999
0.7410,  0.088968
0.7415,  0.093612
0.7420,  0.096739
0.7425,  0.097839
0.7430,  0.098485
0.7435,  0.092267
0.7440,  0.090688
0.7445,  0.090061
0.7450,  0.088552
0.7455,  0.088579
0.7460,  0.087291
0.7465,  0.084696
0.7470,  0.083347
0.7475,  0.082671
0.7480,  0.082064
0.7485,  0.083791
0.7490,  0.084283
0.7495,  0.088498
0.7500,  0.090445
0.7505,  0.091283
0.7510,  0.092348
0.7515,  0.094193
0.7520,  0.092901
0.7525,  0.088185
0.7530,  0.083567
0.7535,  0.079330
0.7540,  0.076502
0.7545,  0.075876
0.7550,  0.082245
0.7555,  0.085525
0.7560,  0.086959
0.7565,  0.084965
0.7570,  0.085654
0.7575,  0.094163
0.7580,  0.120985
0.7585,  0.179257
0.7590,  0.277752
0.7595,  0.408453
0.7600,  0.528239
0.7605,  0.595478
0.7610,  0.603470
0.7615,  0.585574
0.7620,  0.568122
0.7625,  0.561809
0.7630,  0.550826
0.7635,  0.516925
0.7640,  0.475172
0.7645,  0.418845
0.7650,  0.361564
0.7655,  0.307770
0.7660,  0.257128
0.7665,  0.208629
0.7670,  0.167618
0.7675,  0.147519
0.7680,  0.131824
0.7685,  0.120691
0.7690,  0.116131
0.7695,  0.108267
0.7700,  0.101746
0.7705,  0.096492
0.7710,  0.089094
0.7715,  0.087947
0.7720,  0.087344
0.7725,  0.087591
0.7730,  0.086913
0.7735,  0.084113
0.7740,  0.083385
0.7745,  0.084127
0.7750,  0.080823
0.7755,  0.079563
0.7760,  0.080243
0.7765,  0.079453
0.7770,  0.082448
0.7775,  0.082351
0.7780,  0.081711
0.7785,  0.085897
0.7790,  0.081903
0.7795,  0.080098
0.7800,  0.080626
0.7805,  0.082473
0.7810,  0.082842
0.7815,  0.082097
0.7820,  0.081271
0.7825,  0.078958
0.7830,  0.074848
0.7835,  0.072076
0.7840,  0.074583
0.7845,  0.077171
0.7850,  0.079919
0.7855,  0.082544
0.7860,  0.081383
0.7865,  0.085976
0.7870,  0.088495
0.7875,  0.087824
0.7880,  0.088205
0.7885,  0.092470
0.7890,  0.096019
0.7895,  0.101004
0.7900,  0.100784
0.7905,  0.101951
0.7910,  0.100618
0.7915,  0.099742
0.7920,  0.099214
0.7925,  0.096680
0.7930,  0.099218
0.7935,  0.096650
0.7940,  0.096602
0.7945,  0.095967
0.7950,  0.092942
0.7955,  0.098451
0.7960,  0.099810
0.7965,  0.099918
0.7970,  0.100943
0.7975,  0.095191
0.7980,  0.094623
0.7985,  0.093189
0.7990,  0.093862
0.7995,  0.097220
0.8000,  0.096275
0.8005,  0.101011
0.8010,  0.105977
0.8015,  0.104692
0.8020,  0.104846
0.8025,  0.102808
0.8030,  0.102504
0.8035,  0.103958
0.8040,  0.104164
0.8045,  0.101969
0.8050,  0.094376
0.8055,  0.084731
0.8060,  0.076330
0.8065,  0.078587
0.8070,  0.080501
0.8075,  0.083190
0.8080,  0.083174
0.8085,  0.084457
0.8090,  0.086668
0.8095,  0.094158
0.8100,  0.098286
0.8105,  0.105755
0.8110,  0.114195
0.8115,  0.125517
0.8120,  0.136946
0.8125,  0.156461
0.8130,  0.174649
0.8135,  0.196105
0.8140,  0.218431
0.8145,  0.231889
0.8150,  0.246810
0.8155,  0.257665
0.8160,  0.264914
0.8165,  0.273164
0.8170,  0.274343
0.8175,  0.265642
0.8180,  0.254596
0.8185,  0.238804
0.8190,  0.227340
0.8195,  0.213888
0.8200,  0.197580
0.8205,  0.190832
0.8210,  0.198738
0.8215,  0.218735
0.8220,  0.245445
0.8225,  0.260555
0.8230,  0.259222
0.8235,  0.236024
0.8240,  0.205158
0.8245,  0.187147
0.8250,  0.174057
0.8255,  0.164487
0.8260,  0.160467
0.8265,  0.158302
0.8270,  0.165777
0.8275,  0.183689
0.8280,  0.198914
0.8285,  0.199903
0.8290,  0.196643
0.8295,  0.191446
0.8300,  0.180113
0.8305,  0.173709
0.8310,  0.170672
0.8315,  0.167562
0.8320,  0.165924
0.8325,  0.157994
0.8330,  0.150968
0.8335,  0.141766
0.8340,  0.134880
0.8345,  0.126736
0.8350,  0.124905
0.8355,  0.126767
0.8360,  0.124347
0.8365,  0.113673
0.8370,  0.109075
0.8375,  0.107837
0.8380,  0.100278
0.8385,  0.094865
0.8390,  0.089141
0.8395,  0.084553
0.8400,  0.082037
0.8405,  0.082507
0.8410,  0.086331
0.8415,  0.089680
0.8420,  0.084339
0.8425,  0.075711
0.8430,  0.075167
0.8435,  0.066336
0.8440,  0.066295
0.8445,  0.070760
0.8450,  0.071051
0.8455,  0.069836
0.8460,  0.071491
0.8465,  0.064710
0.8470,  0.063446
0.8475,  0.063229
0.8480,  0.068420
0.8485,  0.070760
0.8490,  0.070934
0.8495,  0.062269
0.8500,  0.050642
0.8505,  0.051739
0.8510,  0.050672
0.8515,  0.050684
0.8520,  0.061952
0.8525,  0.055125
0.8530,  0.056178
0.8535,  0.058758
0.8540,  0.043871
0.8545,  0.064883
0.8550,  0.066795
0.8555,  0.066997
0.8560,  0.065635
0.8565,  0.051347
0.8570,  0.046131
0.8575,  0.050293
0.8580,  0.061906
0.8585,  0.065867
0.8590,  0.067372
0.8595,  0.065960
0.8600,  0.058994
0.8605,  0.054858
0.8610,  0.051119
0.8615,  0.049282
0.8620,  0.045476
0.8625,  0.044923
0.8630,  0.039825
0.8635,  0.048371
0.8640,  0.062003
0.8645,  0.056397
0.8650,  0.052664
0.8655,  0.047587
0.8660,  0.026127
0.8665,  0.029708
0.8670,  0.029170
0.8675,  0.022433
0.8680,  0.026981
0.8685,  0.032677
0.8690,  0.032302
0.8695,  0.039076
0.8700,  0.050677
0.8705,  0.056873
0.8710,  0.061415
0.8715,  0.059937
0.8720,  0.062334
0.8725,  0.059047
0.8730,  0.053205
0.8735,  0.050675
0.8740,  0.054512
0.8745,  0.065793
0.8750,  0.076266
0.8755,  0.073356
0.8760,  0.058460
0.8765,  0.057659
0.8770,  0.053400
0.8775,  0.049504
0.8780,  0.056269
0.8785,  0.058798
0.8790,  0.060108
0.8795,  0.061664
0.8800,  0.052734
0.8805,  0.056709
0.8810,  0.053930
0.8815,  0.040695
0.8820,  0.034333
0.8825,  0.033477
0.8830,  0.034876
0.8835,  0.034435
0.8840,  0.036918
0.8845,  0.038436
0.8850,  0.037056
0.8855,  0.040912
0.8860,  0.044085
0.8865,  0.045792
0.8870,  0.042582
0.8875,  0.043896
0.8880,  0.044248
0.8885,  0.046365
0.8890,  0.047990
0.8895,  0.057417
0.8900,  0.052498
