0.3500,  0.290136
0.3505,  0.351749
0.3510,  0.312470
0.3515,  0.269411
0.3520,  0.223836
0.3525,  0.176330
0.3530,  0.222578
0.3535,  0.265243
0.3540,  0.279843
0.3545,  0.310007
0.3550,  0.288426
0.3555,  0.271452
0.3560,  0.231688
0.3565,  0.198706
0.3570,  0.166490
0.3575,  0.124765
0.3580,  0.075832
0.3585,  0.012771
0.3590,  0.184551
0.3595,  0.327619
0.3600,  0.304372
0.3605,  0.291718
0.3610,  0.247711
0.3615,  0.201441
0.3620,  0.245608
0.3625,  0.286212
0.3630,  0.273840
0.3635,  0.261850
0.3640,  0.250991
0.3645,  0.225655
0.3650,  0.248497
0.3655,  0.274905
0.3660,  0.277412
0.3665,  0.291956
0.3670,  0.264499
0.3675,  0.236558
0.3680,  0.203129
0.3685,  0.167908
0.3690,  0.217330
0.3695,  0.265371
0.3700,  0.228900
0.3705,  0.193893
0.3710,  0.214845
0.3715,  0.240642
0.3720,  0.208238
0.3725,  0.174462
0.3730,  0.139683
0.3735,  0.104696
0.3740,  0.118522
0.3745,  0.128812
0.3750,  0.216749
0.3755,  0.290276
0.3760,  0.282962
0.3765,  0.263421
0.3770,  0.311116
0.3775,  0.352721
0.3780,  0.343341
0.3785,  0.340105
0.3790,  0.235416
0.3795,  0.122139
0.3800,  0.174530
0.3805,  0.235055
0.3810,  0.208557
0.3815,  0.196801
0.3820,  0.118966
0.3825,  0.019184
0.3830,  0.004898
0.3835,  -0.026494
0.3840,  0.146195
0.3845,  0.275233
0.3850,  0.285319
0.3855,  0.294953
0.3860,  0.269991
0.3865,  0.246402
0.3870,  0.234134
0.3875,  0.224473
0.3880,  0.204593
0.3885,  0.179519
0.3890,  0.240417
0.3895,  0.288441
0.3900,  0.287424
0.3905,  0.286767
0.3910,  0.302161
0.3915,  0.332820
0.3920,  0.232729
0.3925,  0.131523
0.3930,  -0.043778
0.3935,  -0.296453
0.3940,  0.001721
0.3945,  0.213117
0.3950,  0.317705
0.3955,  0.419413
0.3960,  0.261968
0.3965,  0.061335
0.3970,  0.084622
0.3975,  0.085286
0.3980,  0.277692
0.3985,  0.404149
0.3990,  0.378546
0.3995,  0.356978
0.4000,  0.312242
0.4005,  0.273918
0.4010,  0.254566
0.4015,  0.245414
0.4020,  0.231032
0.4025,  0.225151
0.4030,  0.203814
0.4035,  0.182759
0.4040,  0.180433
0.4045,  0.182133
0.4050,  0.182398
0.4055,  0.180415
0.4060,  0.160844
0.4065,  0.143340
0.4070,  0.153537
0.4075,  0.159384
0.4080,  0.184604
0.4085,  0.210590
0.4090,  0.205756
0.4095,  0.203179
0.4100,  0.157675
0.4105,  0.103955
0.4110,  0.173323
0.4115,  0.233809
0.4120,  0.215477
0.4125,  0.196238
0.4130,  0.178739
0.4135,  0.165312
0.4140,  0.157114
0.4145,  0.148250
0.4150,  0.144183
0.4155,  0.141705
0.4160,  0.166990
0.4165,  0.196495
0.4170,  0.160749
0.4175,  0.121208
0.4180,  0.131186
0.4185,  0.141149
0.4190,  0.147647
0.4195,  0.150939
0.4200,  0.163381
0.4205,  0.175518
0.4210,  0.182506
0.4215,  0.187237
0.4220,  0.138102
0.4225,  0.085219
0.4230,  0.124830
0.4235,  0.165114
0.4240,  0.178886
0.4245,  0.194453
0.4250,  0.181875
0.4255,  0.164241
0.4260,  0.169108
0.4265,  0.176600
0.4270,  0.145179
0.4275,  0.110190
0.4280,  0.117793
0.4285,  0.130709
0.4290,  0.117852
0.4295,  0.109854
0.4300,  0.029835
0.4305,  -0.071834
0.4310,  0.128189
0.4315,  0.275747
0.4320,  0.242916
0.4325,  0.207815
0.4330,  0.210079
0.4335,  0.212426
0.4340,  0.179947
0.4345,  0.151732
0.4350,  0.149032
0.4355,  0.147048
0.4360,  0.186984
0.4365,  0.228392
0.4370,  0.199747
0.4375,  0.177352
0.4380,  0.127145
0.4385,  0.068186
0.4390,  0.140008
0.4395,  0.200836
0.4400,  0.166884
0.4405,  0.131088
0.4410,  0.174899
0.4415,  0.212238
0.4420,  0.208540
0.4425,  0.204380
0.4430,  0.177850
0.4435,  0.157379
0.4440,  0.171523
0.4445,  0.187203
0.4450,  0.152947
0.4455,  0.116308
0.4460,  0.130756
0.4465,  0.145048
0.4470,  0.182193
0.4475,  0.213832
0.4480,  0.185835
0.4485,  0.152849
0.4490,  0.153335
0.4495,  0.153836
0.4500,  0.169658
0.4505,  0.186396
0.4510,  0.176256
0.4515,  0.168670
0.4520,  0.137352
0.4525,  0.110396
0.4530,  0.124787
0.4535,  0.136642
0.4540,  0.144066
0.4545,  0.145845
0.4550,  0.151324
0.4555,  0.157786
0.4560,  0.160813
0.4565,  0.164401
0.4570,  0.168892
0.4575,  0.175556
0.4580,  0.151265
0.4585,  0.124818
0.4590,  0.135856
0.4595,  0.144200
0.4600,  0.148131
0.4605,  0.153658
0.4610,  0.154821
0.4615,  0.153343
0.4620,  0.158765
0.4625,  0.164753
0.4630,  0.148704
0.4635,  0.139459
0.4640,  0.132435
0.4645,  0.124568
0.4650,  0.148890
0.4655,  0.171986
0.4660,  0.150972
0.4665,  0.132222
0.4670,  0.158978
0.4675,  0.178526
0.4680,  0.170711
0.4685,  0.164653
0.4690,  0.166096
0.4695,  0.170474
0.4700,  0.150805
0.4705,  0.122955
0.4710,  0.152665
0.4715,  0.183543
0.4720,  0.183889
0.4725,  0.184711
0.4730,  0.174006
0.4735,  0.160881
0.4740,  0.168789
0.4745,  0.179527
0.4750,  0.171095
0.4755,  0.161541
0.4760,  0.147229
0.4765,  0.134036
0.4770,  0.159940
0.4775,  0.183761
0.4780,  0.167690
0.4785,  0.153095
0.4790,  0.167902
0.4795,  0.182797
0.4800,  0.173582
0.4805,  0.165246
0.4810,  0.177088
0.4815,  0.187277
0.4820,  0.172729
0.4825,  0.161716
0.4830,  0.164643
0.4835,  0.166991
0.4840,  0.162877
0.4845,  0.164272
0.4850,  0.150894
0.4855,  0.140115
0.4860,  0.109474
0.4865,  0.065538
0.4870,  0.119297
0.4875,  0.164397
0.4880,  0.176037
0.4885,  0.184799
0.4890,  0.182084
0.4895,  0.180480
0.4900,  0.182917
0.4905,  0.191537
0.4910,  0.168183
0.4915,  0.145592
0.4920,  0.148223
0.4925,  0.148291
0.4930,  0.142319
0.4935,  0.132041
0.4940,  0.163913
0.4945,  0.194860
0.4950,  0.161715
0.4955,  0.128206
0.4960,  0.148072
0.4965,  0.165666
0.4970,  0.166108
0.4975,  0.171511
0.4980,  0.140385
0.4985,  0.106221
0.4990,  0.133572
0.4995,  0.162564
0.5000,  0.145144
0.5005,  0.125761
0.5010,  0.119303
0.5015,  0.109452
0.5020,  0.128679
0.5025,  0.146409
0.5030,  0.154928
0.5035,  0.162888
0.5040,  0.145250
0.5045,  0.125590
0.5050,  0.146998
0.5055,  0.169567
0.5060,  0.158012
0.5065,  0.149434
0.5070,  0.139397
0.5075,  0.128992
0.5080,  0.133002
0.5085,  0.134365
0.5090,  0.131907
0.5095,  0.129135
0.5100,  0.133690
0.5105,  0.138907
0.5110,  0.148224
0.5115,  0.158670
0.5120,  0.132325
0.5125,  0.107468
0.5130,  0.112550
0.5135,  0.116121
0.5140,  0.123840
0.5145,  0.129161
0.5150,  0.137661
0.5155,  0.152934
0.5160,  0.113537
0.5165,  0.071112
0.5170,  0.098540
0.5175,  0.121967
0.5180,  0.106795
0.5185,  0.083611
0.5190,  0.120292
0.5195,  0.155195
0.5200,  0.146307
0.5205,  0.136756
0.5210,  0.146078
0.5215,  0.156507
0.5220,  0.133544
0.5225,  0.112561
0.5230,  0.125681
0.5235,  0.134968
0.5240,  0.143487
0.5245,  0.155227
0.5250,  0.151858
0.5255,  0.152665
0.5260,  0.102383
0.5265,  0.047147
0.5270,  0.090636
0.5275,  0.124806
0.5280,  0.132060
0.5285,  0.136306
0.5290,  0.131878
0.5295,  0.129590
0.5300,  0.131561
0.5305,  0.135685
0.5310,  0.137346
0.5315,  0.142088
0.5320,  0.103057
0.5325,  0.061938
0.5330,  0.104899
0.5335,  0.142136
0.5340,  0.122730
0.5345,  0.101780
0.5350,  0.128440
0.5355,  0.156612
0.5360,  0.131368
0.5365,  0.106276
0.5370,  0.111391
0.5375,  0.115320
0.5380,  0.121258
0.5385,  0.130162
0.5390,  0.118235
0.5395,  0.107076
0.5400,  0.097065
0.5405,  0.084475
0.5410,  0.111551
0.5415,  0.136776
0.5420,  0.121576
0.5425,  0.106685
0.5430,  0.118225
0.5435,  0.127755
0.5440,  0.124232
0.5445,  0.121973
0.5450,  0.126761
0.5455,  0.130959
0.5460,  0.127682
0.5465,  0.123817
0.5470,  0.115214
0.5475,  0.104976
0.5480,  0.112249
0.5485,  0.117712
0.5490,  0.122971
0.5495,  0.128671
0.5500,  0.121790
0.5505,  0.115557
0.5510,  0.119339
0.5515,  0.123930
0.5520,  0.119143
0.5525,  0.113190
0.5530,  0.121496
0.5535,  0.130906
0.5540,  0.132939
0.5545,  0.134276
0.5550,  0.134131
0.5555,  0.135229
0.5560,  0.120949
0.5565,  0.107189
0.5570,  0.116601
0.5575,  0.128070
0.5580,  0.119858
0.5585,  0.111963
0.5590,  0.119223
0.5595,  0.125941
0.5600,  0.132171
0.5605,  0.136380
0.5610,  0.129240
0.5615,  0.122212
0.5620,  0.125830
0.5625,  0.132445
0.5630,  0.135951
0.5635,  0.139576
0.5640,  0.139293
0.5645,  0.140598
0.5650,  0.130935
0.5655,  0.119603
0.5660,  0.125593
0.5665,  0.132033
0.5670,  0.143978
0.5675,  0.157047
0.5680,  0.140179
0.5685,  0.122737
0.5690,  0.137809
0.5695,  0.154391
0.5700,  0.136431
0.5705,  0.115059
0.5710,  0.125277
0.5715,  0.131922
0.5720,  0.141944
0.5725,  0.151525
0.5730,  0.145044
0.5735,  0.141807
0.5740,  0.139898
0.5745,  0.139425
0.5750,  0.132078
0.5755,  0.122509
0.5760,  0.125274
0.5765,  0.127838
0.5770,  0.131691
0.5775,  0.137418
0.5780,  0.121760
0.5785,  0.103348
0.5790,  0.113290
0.5795,  0.122658
0.5800,  0.123106
0.5805,  0.123654
0.5810,  0.124718
0.5815,  0.126210
0.5820,  0.128141
0.5825,  0.129135
0.5830,  0.123392
0.5835,  0.118494
0.5840,  0.120385
0.5845,  0.126088
0.5850,  0.114376
0.5855,  0.100319
0.5860,  0.115047
0.5865,  0.129133
0.5870,  0.138139
0.5875,  0.154402
0.5880,  0.146854
0.5885,  0.136559
0.5890,  0.111497
0.5895,  0.079194
0.5900,  0.131200
0.5905,  0.177925
0.5910,  0.166129
0.5915,  0.153070
0.5920,  0.151868
0.5925,  0.152829
0.5930,  0.146422
0.5935,  0.143509
0.5940,  0.140065
0.5945,  0.136848
0.5950,  0.139459
0.5955,  0.140763
0.5960,  0.142741
0.5965,  0.147796
0.5970,  0.142200
0.5975,  0.135398
0.5980,  0.128022
0.5985,  0.124415
0.5990,  0.132096
0.5995,  0.140157
0.6000,  0.135853
0.6005,  0.132724
0.6010,  0.135848
0.6015,  0.135623
0.6020,  0.123198
0.6025,  0.107936
0.6030,  0.119695
0.6035,  0.133845
0.6040,  0.132484
0.6045,  0.135558
0.6050,  0.136017
0.6055,  0.133039
0.6060,  0.130244
0.6065,  0.128355
0.6070,  0.130071
0.6075,  0.133998
0.6080,  0.133348
0.6085,  0.134722
0.6090,  0.139332
0.6095,  0.141186
0.6100,  0.129875
0.6105,  0.119147
0.6110,  0.128548
0.6115,  0.140969
0.6120,  0.134467
0.6125,  0.126729
0.6130,  0.124183
0.6135,  0.120343
0.6140,  0.130735
0.6145,  0.141869
0.6150,  0.143275
0.6155,  0.145490
0.6160,  0.118590
0.6165,  0.089207
0.6170,  0.114093
0.6175,  0.139550
0.6180,  0.145086
0.6185,  0.151677
0.6190,  0.150665
0.6195,  0.145857
0.6200,  0.152560
0.6205,  0.158991
0.6210,  0.146318
0.6215,  0.131623
0.6220,  0.138684
0.6225,  0.148123
0.6230,  0.140593
0.6235,  0.134752
0.6240,  0.141312
0.6245,  0.144487
0.6250,  0.140310
0.6255,  0.134907
0.6260,  0.149778
0.6265,  0.165148
0.6270,  0.163053
0.6275,  0.164961
0.6280,  0.169091
0.6285,  0.173239
0.6290,  0.172030
0.6295,  0.171018
0.6300,  0.168222
0.6305,  0.162472
0.6310,  0.155470
0.6315,  0.151622
0.6320,  0.146482
0.6325,  0.145690
0.6330,  0.148582
0.6335,  0.151929
0.6340,  0.154863
0.6345,  0.155911
0.6350,  0.156398
0.6355,  0.157489
0.6360,  0.154664
0.6365,  0.151848
0.6370,  0.148346
0.6375,  0.148668
0.6380,  0.150518
0.6385,  0.152651
0.6390,  0.154372
0.6395,  0.152293
0.6400,  0.152377
0.6405,  0.149123
0.6410,  0.142173
0.6415,  0.141741
0.6420,  0.139347
0.6425,  0.137525
0.6430,  0.136546
0.6435,  0.138775
0.6440,  0.141146
0.6445,  0.148569
0.6450,  0.156463
0.6455,  0.159966
0.6460,  0.161853
0.6465,  0.161591
0.6470,  0.158295
0.6475,  0.152935
0.6480,  0.155288
0.6485,  0.155109
0.6490,  0.153745
0.6495,  0.161877
0.6500,  0.167080
0.6505,  0.172297
0.6510,  0.178422
0.6515,  0.176059
0.6520,  0.170700
0.6525,  0.166670
0.6530,  0.159758
0.6535,  0.147620
0.6540,  0.143392
0.6545,  0.148754
0.6550,  0.161931
0.6555,  0.164924
0.6560,  0.156328
0.6565,  0.132132
0.6570,  0.098974
0.6575,  0.109397
0.6580,  0.120630
0.6585,  0.132127
0.6590,  0.142862
0.6595,  0.135335
0.6600,  0.129138
0.6605,  0.124292
0.6610,  0.121753
0.6615,  0.118295
0.6620,  0.118482
0.6625,  0.121282
0.6630,  0.125028
0.6635,  0.129511
0.6640,  0.129640
0.6645,  0.129271
0.6650,  0.128618
0.6655,  0.125623
0.6660,  0.122115
0.6665,  0.121304
0.6670,  0.115057
0.6675,  0.115850
0.6680,  0.116926
0.6685,  0.120275
0.6690,  0.123981
0.6695,  0.122668
0.6700,  0.124725
0.6705,  0.126070
0.6710,  0.126261
0.6715,  0.128502
0.6720,  0.126001
0.6725,  0.121411
0.6730,  0.119086
0.6735,  0.116311
0.6740,  0.115405
0.6745,  0.117022
0.6750,  0.120098
0.6755,  0.124079
0.6760,  0.127785
0.6765,  0.131362
0.6770,  0.129647
0.6775,  0.127053
0.6780,  0.123506
0.6785,  0.119962
0.6790,  0.117806
0.6795,  0.115730
0.6800,  0.115257
0.6805,  0.116233
0.6810,  0.119996
0.6815,  0.125031
0.6820,  0.130488
0.6825,  0.134273
0.6830,  0.137411
0.6835,  0.138313
0.6840,  0.134510
0.6845,  0.133500
0.6850,  0.134544
0.6855,  0.156422
0.6860,  0.190997
0.6865,  0.227997
0.6870,  0.258737
0.6875,  0.265473
0.6880,  0.263715
0.6885,  0.257581
0.6890,  0.251653
0.6895,  0.243053
0.6900,  0.235867
0.6905,  0.224712
0.6910,  0.214402
0.6915,  0.207572
0.6920,  0.202864
0.6925,  0.204463
0.6930,  0.210395
0.6935,  0.211257
0.6940,  0.211199
0.6945,  0.210133
0.6950,  0.204789
0.6955,  0.193734
0.6960,  0.182987
0.6965,  0.176376
0.6970,  0.166517
0.6975,  0.167706
0.6980,  0.175160
0.6985,  0.178631
0.6990,  0.185639
0.6995,  0.187942
0.7000,  0.188604
0.7005,  0.189942
0.7010,  0.190106
0.7015,  0.196244
0.7020,  0.193927
0.7025,  0.186779
0.7030,  0.181208
0.7035,  0.183421
0.7040,  0.184197
0.7045,  0.187299
0.7050,  0.192301
0.7055,  0.193395
0.7060,  0.196264
0.7065,  0.191812
0.7070,  0.185934
0.7075,  0.181158
0.7080,  0.177965
0.7085,  0.173432
0.7090,  0.167901
0.7095,  0.165510
0.7100,  0.164365
0.7105,  0.167512
0.7110,  0.173498
0.7115,  0.173841
0.7120,  0.175862
0.7125,  0.176968
0.7130,  0.176983
0.7135,  0.177551
0.7140,  0.178205
0.7145,  0.183200
0.7150,  0.191850
0.7155,  0.207940
0.7160,  0.236983
0.7165,  0.271799
0.7170,  0.308910
0.7175,  0.343801
0.7180,  0.378294
0.7185,  0.401461
0.7190,  0.409371
0.7195,  0.408402
0.7200,  0.390703
0.7205,  0.355930
0.7210,  0.319529
0.7215,  0.293896
0.7220,  0.292684
0.7225,  0.303205
0.7230,  0.324461
0.7235,  0.345409
0.7240,  0.362744
0.7245,  0.369758
0.7250,  0.369342
0.7255,  0.367507
0.7260,  0.365365
0.7265,  0.362548
0.7270,  0.355357
0.7275,  0.350928
0.7280,  0.357569
0.7285,  0.355564
0.7290,  0.348457
0.7295,  0.345498
0.7300,  0.338282
0.7305,  0.335498
0.7310,  0.328640
0.7315,  0.311559
0.7320,  0.290812
0.7325,  0.274906
0.7330,  0.254053
0.7335,  0.232491
0.7340,  0.223143
0.7345,  0.221437
0.7350,  0.223807
0.7355,  0.226519
0.7360,  0.224686
0.7365,  0.218176
0.7370,  0.218389
0.7375,  0.214367
0.7380,  0.210123
0.7385,  0.202077
0.7390,  0.195663
0.7395,  0.190881
0.7400,  0.187191
0.7405,  0.181847
0.7410,  0.175852
0.7415,  0.182710
0.7420,  0.184989
0.7425,  0.186566
0.7430,  0.186933
0.7435,  0.181490
0.7440,  0.177342
0.7445,  0.174672
0.7450,  0.169670
0.7455,  0.168144
0.7460,  0.170444
0.7465,  0.173194
0.7470,  0.179297
0.7475,  0.175346
0.7480,  0.172334
0.7485,  0.171129
0.7490,  0.169031
0.7495,  0.169481
0.7500,  0.171802
0.7505,  0.175502
0.7510,  0.175134
0.7515,  0.172343
0.7520,  0.171179
0.7525,  0.176070
0.7530,  0.178583
0.7535,  0.176459
0.7540,  0.176886
0.7545,  0.172308
0.7550,  0.180406
0.7555,  0.180547
0.7560,  0.180127
0.7565,  0.179087
0.7570,  0.179929
0.7575,  0.192881
0.7580,  0.220601
0.7585,  0.281690
0.7590,  0.391784
0.7595,  0.549456
0.7600,  0.716086
0.7605,  0.823341
0.7610,  0.846148
0.7615,  0.818562
0.7620,  0.796564
0.7625,  0.779187
0.7630,  0.764040
0.7635,  0.732515
0.7640,  0.686496
0.7645,  0.626241
0.7650,  0.564929
0.7655,  0.494638
0.7660,  0.415250
0.7665,  0.344157
0.7670,  0.287017
0.7675,  0.249964
0.7680,  0.226593
0.7685,  0.218115
0.7690,  0.218516
0.7695,  0.218226
0.7700,  0.209747
0.7705,  0.206734
0.7710,  0.202938
0.7715,  0.202088
0.7720,  0.198879
0.7725,  0.189140
0.7730,  0.187425
0.7735,  0.183333
0.7740,  0.189680
0.7745,  0.184825
0.7750,  0.190124
0.7755,  0.193077
0.7760,  0.194773
0.7765,  0.194712
0.7770,  0.197903
0.7775,  0.194581
0.7780,  0.190117
0.7785,  0.189472
0.7790,  0.185154
0.7795,  0.185985
0.7800,  0.192634
0.7805,  0.192152
0.7810,  0.196786
0.7815,  0.202193
0.7820,  0.205311
0.7825,  0.204818
0.7830,  0.200844
0.7835,  0.193775
0.7840,  0.189926
0.7845,  0.187486
0.7850,  0.184117
0.7855,  0.175394
0.7860,  0.182519
0.7865,  0.193287
0.7870,  0.202206
0.7875,  0.209205
0.7880,  0.219879
0.7885,  0.226832
0.7890,  0.235346
0.7895,  0.231580
0.7900,  0.223873
0.7905,  0.223101
0.7910,  0.220424
0.7915,  0.216102
0.7920,  0.220190
0.7925,  0.229548
0.7930,  0.230201
0.7935,  0.229404
0.7940,  0.219704
0.7945,  0.212426
0.7950,  0.213926
0.7955,  0.219172
0.7960,  0.223068
0.7965,  0.227424
0.7970,  0.231958
0.7975,  0.234088
0.7980,  0.230369
0.7985,  0.224835
0.7990,  0.222183
0.7995,  0.231854
0.8000,  0.238054
0.8005,  0.235258
0.8010,  0.229417
0.8015,  0.227187
0.8020,  0.221907
0.8025,  0.224280
0.8030,  0.234597
0.8035,  0.241627
0.8040,  0.247345
0.8045,  0.250746
0.8050,  0.249509
0.8055,  0.245518
0.8060,  0.247267
0.8065,  0.234582
0.8070,  0.226926
0.8075,  0.221438
0.8080,  0.227691
0.8085,  0.235830
0.8090,  0.242531
0.8095,  0.248585
0.8100,  0.267507
0.8105,  0.274995
0.8110,  0.285779
0.8115,  0.297436
0.8120,  0.311468
0.8125,  0.326737
0.8130,  0.344365
0.8135,  0.359317
0.8140,  0.372745
0.8145,  0.398372
0.8150,  0.434568
0.8155,  0.458645
0.8160,  0.476972
0.8165,  0.483580
0.8170,  0.484348
0.8175,  0.471677
0.8180,  0.452185
0.8185,  0.432031
0.8190,  0.406426
0.8195,  0.387426
0.8200,  0.363305
0.8205,  0.349106
0.8210,  0.360541
0.8215,  0.400359
0.8220,  0.449709
0.8225,  0.494941
0.8230,  0.489246
0.8235,  0.460777
0.8240,  0.411039
0.8245,  0.364295
0.8250,  0.342194
0.8255,  0.341151
0.8260,  0.362350
0.8265,  0.374307
0.8270,  0.386368
0.8275,  0.395991
0.8280,  0.405550
0.8285,  0.407441
0.8290,  0.401027
0.8295,  0.388986
0.8300,  0.374256
0.8305,  0.357255
0.8310,  0.354599
0.8315,  0.364061
0.8320,  0.365337
0.8325,  0.364636
0.8330,  0.360173
0.8335,  0.353203
0.8340,  0.341721
0.8345,  0.331648
0.8350,  0.313980
0.8355,  0.300699
0.8360,  0.284303
0.8365,  0.277234
0.8370,  0.284842
0.8375,  0.293215
0.8380,  0.291199
0.8385,  0.300400
0.8390,  0.302280
0.8395,  0.288024
0.8400,  0.282277
0.8405,  0.261467
0.8410,  0.249665
0.8415,  0.246591
0.8420,  0.241297
0.8425,  0.247151
0.8430,  0.247782
0.8435,  0.248284
0.8440,  0.243932
0.8445,  0.251939
0.8450,  0.246051
0.8455,  0.238703
0.8460,  0.238915
0.8465,  0.230899
0.8470,  0.233306
0.8475,  0.238317
0.8480,  0.244880
0.8485,  0.245295
0.8490,  0.249662
0.8495,  0.246649
0.8500,  0.228835
0.8505,  0.233003
0.8510,  0.236506
0.8515,  0.234968
0.8520,  0.236785
0.8525,  0.223050
0.8530,  0.228500
0.8535,  0.231695
0.8540,  0.224186
0.8545,  0.267913
0.8550,  0.280840
0.8555,  0.299014
0.8560,  0.298677
0.8565,  0.293905
0.8570,  0.283994
0.8575,  0.267368
0.8580,  0.261770
0.8585,  0.256445
0.8590,  0.248614
0.8595,  0.249018
0.8600,  0.255320
0.8605,  0.260903
0.8610,  0.262758
0.8615,  0.252611
0.8620,  0.246058
0.8625,  0.255601
0.8630,  0.256219
0.8635,  0.259481
0.8640,  0.276777
0.8645,  0.266803
0.8650,  0.264057
0.8655,  0.273338
0.8660,  0.261595
0.8665,  0.271543
0.8670,  0.278680
0.8675,  0.270680
0.8680,  0.253515
0.8685,  0.247505
0.8690,  0.254519
0.8695,  0.258618
0.8700,  0.261970
0.8705,  0.252909
0.8710,  0.275425
0.8715,  0.291151
0.8720,  0.312578
0.8725,  0.317765
0.8730,  0.306576
0.8735,  0.303583
0.8740,  0.311536
0.8745,  0.315534
0.8750,  0.310283
0.8755,  0.311040
0.8760,  0.295604
0.8765,  0.300813
0.8770,  0.294357
0.8775,  0.308129
0.8780,  0.331538
0.8785,  0.323720
0.8790,  0.318372
0.8795,  0.323580
0.8800,  0.326154
0.8805,  0.332847
0.8810,  0.318967
0.8815,  0.318930
0.8820,  0.308687
0.8825,  0.305174
0.8830,  0.302070
0.8835,  0.306263
0.8840,  0.290730
0.8845,  0.286861
0.8850,  0.300591
0.8855,  0.310380
0.8860,  0.328663
0.8865,  0.338071
0.8870,  0.320973
0.8875,  0.314576
0.8880,  0.314801
0.8885,  0.320815
0.8890,  0.322704
0.8895,  0.330057
0.8900,  0.349859
