0.3500,  0.679013
0.3505,  0.745999
0.3510,  0.699001
0.3515,  0.659159
0.3520,  0.609235
0.3525,  0.563597
0.3530,  0.606011
0.3535,  0.643802
0.3540,  0.668377
0.3545,  0.689765
0.3550,  0.665644
0.3555,  0.638250
0.3560,  0.595155
0.3565,  0.553298
0.3570,  0.525874
0.3575,  0.494507
0.3580,  0.452945
0.3585,  0.382865
0.3590,  0.569861
0.3595,  0.716032
0.3600,  0.694618
0.3605,  0.684712
0.3610,  0.629773
0.3615,  0.571873
0.3620,  0.621790
0.3625,  0.658803
0.3630,  0.630713
0.3635,  0.609123
0.3640,  0.604384
0.3645,  0.580692
0.3650,  0.603525
0.3655,  0.628902
0.3660,  0.631530
0.3665,  0.638554
0.3670,  0.600508
0.3675,  0.567424
0.3680,  0.527410
0.3685,  0.489442
0.3690,  0.533286
0.3695,  0.574597
0.3700,  0.537701
0.3705,  0.499830
0.3710,  0.519009
0.3715,  0.548434
0.3720,  0.519806
0.3725,  0.479474
0.3730,  0.434042
0.3735,  0.393425
0.3740,  0.406847
0.3745,  0.418176
0.3750,  0.514428
0.3755,  0.593320
0.3760,  0.591896
0.3765,  0.571244
0.3770,  0.611372
0.3775,  0.646452
0.3780,  0.625159
0.3785,  0.612809
0.3790,  0.504914
0.3795,  0.390582
0.3800,  0.442473
0.3805,  0.501431
0.3810,  0.470905
0.3815,  0.455992
0.3820,  0.381125
0.3825,  0.292985
0.3830,  0.287670
0.3835,  0.261542
0.3840,  0.446392
0.3845,  0.582632
0.3850,  0.589663
0.3855,  0.589797
0.3860,  0.570334
0.3865,  0.559354
0.3870,  0.549928
0.3875,  0.532012
0.3880,  0.500690
0.3885,  0.475320
0.3890,  0.538582
0.3895,  0.583345
0.3900,  0.578745
0.3905,  0.572667
0.3910,  0.576933
0.3915,  0.599460
0.3920,  0.500747
0.3925,  0.400102
0.3930,  0.218326
0.3935,  -0.039166
0.3940,  0.270731
0.3945,  0.488353
0.3950,  0.594297
0.3955,  0.693236
0.3960,  0.523961
0.3965,  0.316552
0.3970,  0.344438
0.3975,  0.348801
0.3980,  0.540528
0.3985,  0.658777
0.3990,  0.623795
0.3995,  0.602037
0.4000,  0.554330
0.4005,  0.509823
0.4010,  0.487032
0.4015,  0.472412
0.4020,  0.450469
0.4025,  0.437947
0.4030,  0.407848
0.4035,  0.381292
0.4040,  0.376357
0.4045,  0.376708
0.4050,  0.379085
0.4055,  0.376490
0.4060,  0.356321
0.4065,  0.341784
0.4070,  0.355951
0.4075,  0.363814
0.4080,  0.386943
0.4085,  0.408232
0.4090,  0.397619
0.4095,  0.393785
0.4100,  0.348174
0.4105,  0.292438
0.4110,  0.367292
0.4115,  0.434718
0.4120,  0.419141
0.4125,  0.400275
0.4130,  0.384859
0.4135,  0.368400
0.4140,  0.358143
0.4145,  0.346861
0.4150,  0.340609
0.4155,  0.334321
0.4160,  0.356399
0.4165,  0.381034
0.4170,  0.341199
0.4175,  0.297275
0.4180,  0.308076
0.4185,  0.318018
0.4190,  0.324769
0.4195,  0.328008
0.4200,  0.345005
0.4205,  0.364245
0.4210,  0.371287
0.4215,  0.377159
0.4220,  0.322659
0.4225,  0.264114
0.4230,  0.303563
0.4235,  0.345195
0.4240,  0.357898
0.4245,  0.374940
0.4250,  0.358919
0.4255,  0.340976
0.4260,  0.345211
0.4265,  0.360538
0.4270,  0.334575
0.4275,  0.297423
0.4280,  0.308503
0.4285,  0.319218
0.4290,  0.300745
0.4295,  0.292480
0.4300,  0.209108
0.4305,  0.104425
0.4310,  0.314193
0.4315,  0.470681
0.4320,  0.436522
0.4325,  0.401691
0.4330,  0.402611
0.4335,  0.401354
0.4340,  0.369875
0.4345,  0.339339
0.4350,  0.337548
0.4355,  0.333577
0.4360,  0.369159
0.4365,  0.406662
0.4370,  0.370424
0.4375,  0.339123
0.4380,  0.283065
0.4385,  0.223622
0.4390,  0.300168
0.4395,  0.366186
0.4400,  0.336503
0.4405,  0.299556
0.4410,  0.343020
0.4415,  0.379189
0.4420,  0.375861
0.4425,  0.372441
0.4430,  0.344936
0.4435,  0.319743
0.4440,  0.328750
0.4445,  0.341108
0.4450,  0.305804
0.4455,  0.266296
0.4460,  0.284300
0.4465,  0.298456
0.4470,  0.334759
0.4475,  0.372599
0.4480,  0.347726
0.4485,  0.317709
0.4490,  0.319447
0.4495,  0.316917
0.4500,  0.330628
0.4505,  0.347582
0.4510,  0.336039
0.4515,  0.323739
0.4520,  0.289466
0.4525,  0.258555
0.4530,  0.270551
0.4535,  0.281619
0.4540,  0.290271
0.4545,  0.296395
0.4550,  0.308556
0.4555,  0.322275
0.4560,  0.324324
0.4565,  0.326189
0.4570,  0.324974
0.4575,  0.327135
0.4580,  0.297058
0.4585,  0.266870
0.4590,  0.275808
0.4595,  0.286807
0.4600,  0.296874
0.4605,  0.304403
0.4610,  0.301981
0.4615,  0.297946
0.4620,  0.304317
0.4625,  0.311601
0.4630,  0.295085
0.4635,  0.285555
0.4640,  0.279020
0.4645,  0.271914
0.4650,  0.295166
0.4655,  0.317993
0.4660,  0.292352
0.4665,  0.269158
0.4670,  0.292859
0.4675,  0.313866
0.4680,  0.310267
0.4685,  0.308255
0.4690,  0.313109
0.4695,  0.316684
0.4700,  0.295400
0.4705,  0.270071
0.4710,  0.300264
0.4715,  0.329363
0.4720,  0.327274
0.4725,  0.322994
0.4730,  0.306897
0.4735,  0.293213
0.4740,  0.303312
0.4745,  0.317065
0.4750,  0.310408
0.4755,  0.303369
0.4760,  0.289536
0.4765,  0.273932
0.4770,  0.299432
0.4775,  0.325390
0.4780,  0.307050
0.4785,  0.289111
0.4790,  0.301662
0.4795,  0.311915
0.4800,  0.298984
0.4805,  0.290610
0.4810,  0.302269
0.4815,  0.313086
0.4820,  0.295503
0.4825,  0.284104
0.4830,  0.284552
0.4835,  0.288038
0.4840,  0.284321
0.4845,  0.286094
0.4850,  0.270785
0.4855,  0.256750
0.4860,  0.223369
0.4865,  0.178776
0.4870,  0.236660
0.4875,  0.284915
0.4880,  0.295966
0.4885,  0.305537
0.4890,  0.305127
0.4895,  0.304507
0.4900,  0.305398
0.4905,  0.311491
0.4910,  0.285037
0.4915,  0.260720
0.4920,  0.261712
0.4925,  0.260918
0.4930,  0.255882
0.4935,  0.246403
0.4940,  0.278290
0.4945,  0.310452
0.4950,  0.276378
0.4955,  0.241482
0.4960,  0.262205
0.4965,  0.281405
0.4970,  0.282977
0.4975,  0.287528
0.4980,  0.255533
0.4985,  0.221101
0.4990,  0.248727
0.4995,  0.275313
0.5000,  0.252992
0.5005,  0.229601
0.5010,  0.221331
0.5015,  0.212168
0.5020,  0.233363
0.5025,  0.253276
0.5030,  0.262154
0.5035,  0.267981
0.5040,  0.251371
0.5045,  0.231941
0.5050,  0.254905
0.5055,  0.277285
0.5060,  0.264524
0.5065,  0.253789
0.5070,  0.242510
0.5075,  0.230755
0.5080,  0.233586
0.5085,  0.235092
0.5090,  0.233534
0.5095,  0.231832
0.5100,  0.237011
0.5105,  0.241868
0.5110,  0.252585
0.5115,  0.263880
0.5120,  0.237311
0.5125,  0.212051
0.5130,  0.217220
0.5135,  0.219773
0.5140,  0.227715
0.5145,  0.232325
0.5150,  0.240435
0.5155,  0.254992
0.5160,  0.214601
0.5165,  0.171616
0.5170,  0.200566
0.5175,  0.226098
0.5180,  0.211327
0.5185,  0.189038
0.5190,  0.227422
0.5195,  0.261117
0.5200,  0.250420
0.5205,  0.240592
0.5210,  0.248966
0.5215,  0.259549
0.5220,  0.235216
0.5225,  0.209866
0.5230,  0.223000
0.5235,  0.233425
0.5240,  0.242296
0.5245,  0.253479
0.5250,  0.248187
0.5255,  0.246599
0.5260,  0.194221
0.5265,  0.138527
0.5270,  0.185581
0.5275,  0.222937
0.5280,  0.231379
0.5285,  0.238071
0.5290,  0.234574
0.5295,  0.230355
0.5300,  0.231666
0.5305,  0.235094
0.5310,  0.235180
0.5315,  0.239814
0.5320,  0.199854
0.5325,  0.157635
0.5330,  0.202859
0.5335,  0.242829
0.5340,  0.224793
0.5345,  0.204220
0.5350,  0.229784
0.5355,  0.256076
0.5360,  0.227816
0.5365,  0.200656
0.5370,  0.204569
0.5375,  0.208756
0.5380,  0.215231
0.5385,  0.224427
0.5390,  0.212212
0.5395,  0.201471
0.5400,  0.191479
0.5405,  0.179974
0.5410,  0.209768
0.5415,  0.236608
0.5420,  0.221022
0.5425,  0.205019
0.5430,  0.216801
0.5435,  0.224678
0.5440,  0.221200
0.5445,  0.220784
0.5450,  0.226031
0.5455,  0.228630
0.5460,  0.223928
0.5465,  0.220187
0.5470,  0.210909
0.5475,  0.200429
0.5480,  0.208702
0.5485,  0.213938
0.5490,  0.219253
0.5495,  0.225708
0.5500,  0.217203
0.5505,  0.209162
0.5510,  0.211058
0.5515,  0.213020
0.5520,  0.209016
0.5525,  0.206244
0.5530,  0.216040
0.5535,  0.224620
0.5540,  0.225991
0.5545,  0.226933
0.5550,  0.226747
0.5555,  0.228315
0.5560,  0.212991
0.5565,  0.199771
0.5570,  0.210590
0.5575,  0.222891
0.5580,  0.214541
0.5585,  0.203019
0.5590,  0.208899
0.5595,  0.214168
0.5600,  0.219075
0.5605,  0.223889
0.5610,  0.218705
0.5615,  0.213640
0.5620,  0.218544
0.5625,  0.223264
0.5630,  0.226269
0.5635,  0.228980
0.5640,  0.229142
0.5645,  0.230950
0.5650,  0.221580
0.5655,  0.209487
0.5660,  0.216806
0.5665,  0.223267
0.5670,  0.235940
0.5675,  0.249685
0.5680,  0.233108
0.5685,  0.215492
0.5690,  0.229353
0.5695,  0.244129
0.5700,  0.225164
0.5705,  0.202418
0.5710,  0.214230
0.5715,  0.222098
0.5720,  0.232843
0.5725,  0.243322
0.5730,  0.236355
0.5735,  0.231354
0.5740,  0.229800
0.5745,  0.229864
0.5750,  0.223277
0.5755,  0.215045
0.5760,  0.217451
0.5765,  0.221963
0.5770,  0.225513
0.5775,  0.231892
0.5780,  0.218137
0.5785,  0.200949
0.5790,  0.211919
0.5795,  0.219757
0.5800,  0.218901
0.5805,  0.219300
0.5810,  0.220016
0.5815,  0.220448
0.5820,  0.222868
0.5825,  0.225200
0.5830,  0.219474
0.5835,  0.213529
0.5840,  0.214380
0.5845,  0.219678
0.5850,  0.206221
0.5855,  0.191191
0.5860,  0.208014
0.5865,  0.222292
0.5870,  0.228074
0.5875,  0.237612
0.5880,  0.226153
0.5885,  0.215375
0.5890,  0.191334
0.5895,  0.160729
0.5900,  0.216365
0.5905,  0.264565
0.5910,  0.254520
0.5915,  0.243848
0.5920,  0.242905
0.5925,  0.242197
0.5930,  0.234083
0.5935,  0.232812
0.5940,  0.229976
0.5945,  0.226524
0.5950,  0.232586
0.5955,  0.234384
0.5960,  0.237022
0.5965,  0.238906
0.5970,  0.229329
0.5975,  0.223416
0.5980,  0.218191
0.5985,  0.215692
0.5990,  0.225505
0.5995,  0.230034
0.6000,  0.224676
0.6005,  0.219464
0.6010,  0.222969
0.6015,  0.223303
0.6020,  0.211935
0.6025,  0.200500
0.6030,  0.216482
0.6035,  0.231618
0.6040,  0.229902
0.6045,  0.230587
0.6050,  0.228491
0.6055,  0.224992
0.6060,  0.221399
0.6065,  0.220945
0.6070,  0.223126
0.6075,  0.225386
0.6080,  0.223732
0.6085,  0.221919
0.6090,  0.226897
0.6095,  0.229966
0.6100,  0.219649
0.6105,  0.208814
0.6110,  0.218717
0.6115,  0.231220
0.6120,  0.224093
0.6125,  0.217373
0.6130,  0.215579
0.6135,  0.214066
0.6140,  0.224220
0.6145,  0.234990
0.6150,  0.239746
0.6155,  0.242995
0.6160,  0.215309
0.6165,  0.182535
0.6170,  0.207356
0.6175,  0.233815
0.6180,  0.240276
0.6185,  0.243449
0.6190,  0.240974
0.6195,  0.235286
0.6200,  0.241737
0.6205,  0.247209
0.6210,  0.235096
0.6215,  0.222079
0.6220,  0.231454
0.6225,  0.242929
0.6230,  0.236894
0.6235,  0.231115
0.6240,  0.235391
0.6245,  0.237517
0.6250,  0.232259
0.6255,  0.225621
0.6260,  0.242640
0.6265,  0.257126
0.6270,  0.256450
0.6275,  0.258894
0.6280,  0.260953
0.6285,  0.263879
0.6290,  0.263488
0.6295,  0.263408
0.6300,  0.257886
0.6305,  0.249675
0.6310,  0.241968
0.6315,  0.238265
0.6320,  0.233888
0.6325,  0.235713
0.6330,  0.237848
0.6335,  0.241762
0.6340,  0.246160
0.6345,  0.250017
0.6350,  0.253407
0.6355,  0.256002
0.6360,  0.255259
0.6365,  0.247075
0.6370,  0.239822
0.6375,  0.235130
0.6380,  0.235118
0.6385,  0.236431
0.6390,  0.239467
0.6395,  0.239784
0.6400,  0.239865
0.6405,  0.239614
0.6410,  0.237760
0.6415,  0.238741
0.6420,  0.236136
0.6425,  0.234337
0.6430,  0.234366
0.6435,  0.234175
0.6440,  0.233828
0.6445,  0.241796
0.6450,  0.248055
0.6455,  0.249020
0.6460,  0.252094
0.6465,  0.254384
0.6470,  0.254813
0.6475,  0.252496
0.6480,  0.248914
0.6485,  0.242325
0.6490,  0.238327
0.6495,  0.248106
0.6500,  0.255848
0.6505,  0.262119
0.6510,  0.268007
0.6515,  0.266580
0.6520,  0.267302
0.6525,  0.262321
0.6530,  0.257195
0.6535,  0.245712
0.6540,  0.241346
0.6545,  0.242134
0.6550,  0.249446
0.6555,  0.249854
0.6560,  0.242992
0.6565,  0.224191
0.6570,  0.188503
0.6575,  0.198834
0.6580,  0.213366
0.6585,  0.228164
0.6590,  0.244567
0.6595,  0.237575
0.6600,  0.232565
0.6605,  0.229552
0.6610,  0.226814
0.6615,  0.219167
0.6620,  0.215855
0.6625,  0.213177
0.6630,  0.213694
0.6635,  0.220750
0.6640,  0.226224
0.6645,  0.228628
0.6650,  0.229734
0.6655,  0.227516
0.6660,  0.223413
0.6665,  0.220271
0.6670,  0.215082
0.6675,  0.220097
0.6680,  0.221855
0.6685,  0.225486
0.6690,  0.229855
0.6695,  0.228436
0.6700,  0.226099
0.6705,  0.224973
0.6710,  0.224168
0.6715,  0.228032
0.6720,  0.228072
0.6725,  0.226036
0.6730,  0.224258
0.6735,  0.220175
0.6740,  0.215522
0.6745,  0.211614
0.6750,  0.211065
0.6755,  0.215244
0.6760,  0.218865
0.6765,  0.222584
0.6770,  0.228326
0.6775,  0.230881
0.6780,  0.229828
0.6785,  0.228689
0.6790,  0.224776
0.6795,  0.225414
0.6800,  0.227231
0.6805,  0.225591
0.6810,  0.224875
0.6815,  0.222164
0.6820,  0.223154
0.6825,  0.226265
0.6830,  0.228974
0.6835,  0.233610
0.6840,  0.238566
0.6845,  0.241837
0.6850,  0.243824
0.6855,  0.264306
0.6860,  0.296101
0.6865,  0.334344
0.6870,  0.363667
0.6875,  0.379212
0.6880,  0.385803
0.6885,  0.384852
0.6890,  0.384626
0.6895,  0.380070
0.6900,  0.367483
0.6905,  0.354391
0.6910,  0.341282
0.6915,  0.331299
0.6920,  0.321024
0.6925,  0.315000
0.6930,  0.316616
0.6935,  0.316760
0.6940,  0.314554
0.6945,  0.309363
0.6950,  0.302508
0.6955,  0.291826
0.6960,  0.282026
0.6965,  0.278424
0.6970,  0.273152
0.6975,  0.278660
0.6980,  0.288241
0.6985,  0.295809
0.6990,  0.304725
0.6995,  0.307325
0.7000,  0.304108
0.7005,  0.297778
0.7010,  0.289312
0.7015,  0.291453
0.7020,  0.294559
0.7025,  0.300202
0.7030,  0.299700
0.7035,  0.298824
0.7040,  0.300627
0.7045,  0.305047
0.7050,  0.308498
0.7055,  0.303633
0.7060,  0.298249
0.7065,  0.289275
0.7070,  0.285758
0.7075,  0.281635
0.7080,  0.279543
0.7085,  0.278510
0.7090,  0.279843
0.7095,  0.285907
0.7100,  0.287800
0.7105,  0.282705
0.7110,  0.281053
0.7115,  0.281906
0.7120,  0.284933
0.7125,  0.286760
0.7130,  0.286351
0.7135,  0.286682
0.7140,  0.288858
0.7145,  0.291464
0.7150,  0.297308
0.7155,  0.311311
0.7160,  0.337031
0.7165,  0.371439
0.7170,  0.409142
0.7175,  0.446642
0.7180,  0.479254
0.7185,  0.506947
0.7190,  0.521090
0.7195,  0.527661
0.7200,  0.514145
0.7205,  0.488318
0.7210,  0.451851
0.7215,  0.421972
0.7220,  0.412146
0.7225,  0.418749
0.7230,  0.432899
0.7235,  0.450759
0.7240,  0.468175
0.7245,  0.481958
0.7250,  0.489869
0.7255,  0.490748
0.7260,  0.491889
0.7265,  0.495142
0.7270,  0.498498
0.7275,  0.493762
0.7280,  0.487358
0.7285,  0.478888
0.7290,  0.473959
0.7295,  0.468893
0.7300,  0.463992
0.7305,  0.456641
0.7310,  0.447155
0.7315,  0.430257
0.7320,  0.413783
0.7325,  0.396544
0.7330,  0.377158
0.7335,  0.369335
0.7340,  0.360577
0.7345,  0.357005
0.7350,  0.354669
0.7355,  0.357556
0.7360,  0.354899
0.7365,  0.351724
0.7370,  0.342845
0.7375,  0.334188
0.7380,  0.332480
0.7385,  0.331417
0.7390,  0.328253
0.7395,  0.324637
0.7400,  0.323041
0.7405,  0.320623
0.7410,  0.313998
0.7415,  0.311962
0.7420,  0.313052
0.7425,  0.311858
0.7430,  0.312152
0.7435,  0.311413
0.7440,  0.315121
0.7445,  0.317128
0.7450,  0.320510
0.7455,  0.321521
0.7460,  0.315122
0.7465,  0.315319
0.7470,  0.316583
0.7475,  0.308592
0.7480,  0.302711
0.7485,  0.301503
0.7490,  0.297900
0.7495,  0.299875
0.7500,  0.298482
0.7505,  0.303733
0.7510,  0.306881
0.7515,  0.309733
0.7520,  0.312987
0.7525,  0.310365
0.7530,  0.306630
0.7535,  0.306106
0.7540,  0.306755
0.7545,  0.305854
0.7550,  0.310751
0.7555,  0.317287
0.7560,  0.323777
0.7565,  0.323291
0.7570,  0.321767
0.7575,  0.328038
0.7580,  0.353245
0.7585,  0.413385
0.7590,  0.528850
0.7595,  0.699921
0.7600,  0.901950
0.7605,  1.076840
0.7610,  1.165541
0.7615,  1.158561
0.7620,  1.125661
0.7625,  1.099526
0.7630,  1.075483
0.7635,  1.034211
0.7640,  0.971579
0.7645,  0.897734
0.7650,  0.817075
0.7655,  0.729371
0.7660,  0.644905
0.7665,  0.568369
0.7670,  0.506644
0.7675,  0.464731
0.7680,  0.427366
0.7685,  0.404583
0.7690,  0.387468
0.7695,  0.377230
0.7700,  0.362590
0.7705,  0.354230
0.7710,  0.350070
0.7715,  0.351380
0.7720,  0.353150
0.7725,  0.355699
0.7730,  0.358830
0.7735,  0.359984
0.7740,  0.353893
0.7745,  0.345699
0.7750,  0.339735
0.7755,  0.341786
0.7760,  0.341538
0.7765,  0.342724
0.7770,  0.348916
0.7775,  0.346426
0.7780,  0.345457
0.7785,  0.347885
0.7790,  0.346485
0.7795,  0.349960
0.7800,  0.354249
0.7805,  0.345620
0.7810,  0.345535
0.7815,  0.340653
0.7820,  0.341295
0.7825,  0.341689
0.7830,  0.347142
0.7835,  0.351406
0.7840,  0.357218
0.7845,  0.362327
0.7850,  0.362645
0.7855,  0.360606
0.7860,  0.354668
0.7865,  0.354242
0.7870,  0.359150
0.7875,  0.363869
0.7880,  0.378463
0.7885,  0.380473
0.7890,  0.389489
0.7895,  0.400361
0.7900,  0.408979
0.7905,  0.411016
0.7910,  0.407999
0.7915,  0.401017
0.7920,  0.411554
0.7925,  0.412259
0.7930,  0.409703
0.7935,  0.396428
0.7940,  0.386839
0.7945,  0.387616
0.7950,  0.386554
0.7955,  0.396596
0.7960,  0.404595
0.7965,  0.409719
0.7970,  0.416214
0.7975,  0.407441
0.7980,  0.396140
0.7985,  0.387176
0.7990,  0.382516
0.7995,  0.395460
0.8000,  0.413892
0.8005,  0.416578
0.8010,  0.426197
0.8015,  0.431456
0.8020,  0.432942
0.8025,  0.427629
0.8030,  0.419817
0.8035,  0.413101
0.8040,  0.413065
0.8045,  0.416876
0.8050,  0.411029
0.8055,  0.413346
0.8060,  0.409566
0.8065,  0.413902
0.8070,  0.417326
0.8075,  0.420980
0.8080,  0.425603
0.8085,  0.425851
0.8090,  0.424018
0.8095,  0.423465
0.8100,  0.429163
0.8105,  0.445456
0.8110,  0.458575
0.8115,  0.472003
0.8120,  0.484480
0.8125,  0.507093
0.8130,  0.531936
0.8135,  0.555547
0.8140,  0.572780
0.8145,  0.593193
0.8150,  0.613026
0.8155,  0.639870
0.8160,  0.670117
0.8165,  0.686367
0.8170,  0.700323
0.8175,  0.714211
0.8180,  0.722431
0.8185,  0.703680
0.8190,  0.675184
0.8195,  0.655912
0.8200,  0.634114
0.8205,  0.605541
0.8210,  0.598271
0.8215,  0.617791
0.8220,  0.659679
0.8225,  0.721458
0.8230,  0.742185
0.8235,  0.725122
0.8240,  0.675079
0.8245,  0.631418
0.8250,  0.598811
0.8255,  0.586612
0.8260,  0.578864
0.8265,  0.579733
0.8270,  0.584389
0.8275,  0.607376
0.8280,  0.644652
0.8285,  0.653551
0.8290,  0.658734
0.8295,  0.652351
0.8300,  0.629248
0.8305,  0.614453
0.8310,  0.591059
0.8315,  0.579172
0.8320,  0.579802
0.8325,  0.581770
0.8330,  0.569153
0.8335,  0.560143
0.8340,  0.559650
0.8345,  0.555644
0.8350,  0.552903
0.8355,  0.547482
0.8360,  0.548037
0.8365,  0.538730
0.8370,  0.525031
0.8375,  0.516589
0.8380,  0.508082
0.8385,  0.519383
0.8390,  0.506511
0.8395,  0.500562
0.8400,  0.494338
0.8405,  0.505883
0.8410,  0.509507
0.8415,  0.496658
0.8420,  0.482912
0.8425,  0.487060
0.8430,  0.487704
0.8435,  0.479596
0.8440,  0.488682
0.8445,  0.489177
0.8450,  0.489864
0.8455,  0.490421
0.8460,  0.496759
0.8465,  0.500605
0.8470,  0.504525
0.8475,  0.497223
0.8480,  0.489273
0.8485,  0.478349
0.8490,  0.469145
0.8495,  0.474361
0.8500,  0.476979
0.8505,  0.491801
0.8510,  0.488662
0.8515,  0.511398
0.8520,  0.516841
0.8525,  0.491822
0.8530,  0.491972
0.8535,  0.507937
0.8540,  0.504045
0.8545,  0.534844
0.8550,  0.562812
0.8555,  0.573043
0.8560,  0.571855
0.8565,  0.557947
0.8570,  0.552319
0.8575,  0.543407
0.8580,  0.545647
0.8585,  0.539341
0.8590,  0.537249
0.8595,  0.539297
0.8600,  0.554011
0.8605,  0.544353
0.8610,  0.550114
0.8615,  0.556643
0.8620,  0.569129
0.8625,  0.572348
0.8630,  0.555555
0.8635,  0.532189
0.8640,  0.523933
0.8645,  0.500472
0.8650,  0.511712
0.8655,  0.527558
0.8660,  0.519936
0.8665,  0.542968
0.8670,  0.558253
0.8675,  0.560772
0.8680,  0.562925
0.8685,  0.549204
0.8690,  0.545480
0.8695,  0.561397
0.8700,  0.585206
0.8705,  0.584476
0.8710,  0.598371
0.8715,  0.600387
0.8720,  0.602360
0.8725,  0.611022
0.8730,  0.622314
0.8735,  0.619809
0.8740,  0.646260
0.8745,  0.649319
0.8750,  0.630147
0.8755,  0.652623
0.8760,  0.663212
0.8765,  0.666434
0.8770,  0.668479
0.8775,  0.673351
0.8780,  0.676347
0.8785,  0.680202
0.8790,  0.661866
0.8795,  0.652076
0.8800,  0.645048
0.8805,  0.656524
0.8810,  0.651659
0.8815,  0.653975
0.8820,  0.674094
0.8825,  0.670262
0.8830,  0.665919
0.8835,  0.662935
0.8840,  0.686343
0.8845,  0.660977
0.8850,  0.656038
0.8855,  0.648390
0.8860,  0.666088
0.8865,  0.669124
0.8870,  0.680082
0.8875,  0.680842
0.8880,  0.673310
0.8885,  0.689022
0.8890,  0.699196
0.8895,  0.726185
0.8900,  0.742488
