0.3500,  0.195994
0.3505,  0.261190
0.3510,  0.227114
0.3515,  0.192315
0.3520,  0.157247
0.3525,  0.123347
0.3530,  0.174073
0.3535,  0.218738
0.3540,  0.239269
0.3545,  0.264808
0.3550,  0.236085
0.3555,  0.218297
0.3560,  0.177840
0.3565,  0.139216
0.3570,  0.101690
0.3575,  0.055560
0.3580,  0.012744
0.3585,  -0.046947
0.3590,  0.132822
0.3595,  0.277501
0.3600,  0.263638
0.3605,  0.245484
0.3610,  0.188547
0.3615,  0.128308
0.3620,  0.173937
0.3625,  0.219255
0.3630,  0.209380
0.3635,  0.193133
0.3640,  0.181608
0.3645,  0.168233
0.3650,  0.208140
0.3655,  0.241897
0.3660,  0.251650
0.3665,  0.267243
0.3670,  0.236902
0.3675,  0.208396
0.3680,  0.169900
0.3685,  0.132236
0.3690,  0.179107
0.3695,  0.225462
0.3700,  0.194601
0.3705,  0.160855
0.3710,  0.178945
0.3715,  0.203598
0.3720,  0.169445
0.3725,  0.136419
0.3730,  0.098833
0.3735,  0.056862
0.3740,  0.068304
0.3745,  0.072952
0.3750,  0.159067
0.3755,  0.226398
0.3760,  0.216648
0.3765,  0.201341
0.3770,  0.249718
0.3775,  0.291416
0.3780,  0.284503
0.3785,  0.290853
0.3790,  0.192940
0.3795,  0.084814
0.3800,  0.144075
0.3805,  0.206001
0.3810,  0.177673
0.3815,  0.157986
0.3820,  0.067435
0.3825,  -0.042518
0.3830,  -0.069275
0.3835,  -0.111096
0.3840,  0.069048
0.3845,  0.206746
0.3850,  0.218320
0.3855,  0.229725
0.3860,  0.214850
0.3865,  0.202683
0.3870,  0.197152
0.3875,  0.191195
0.3880,  0.169956
0.3885,  0.142615
0.3890,  0.202706
0.3895,  0.250851
0.3900,  0.250961
0.3905,  0.250596
0.3910,  0.263597
0.3915,  0.293995
0.3920,  0.194939
0.3925,  0.094073
0.3930,  -0.086315
0.3935,  -0.347664
0.3940,  -0.039957
0.3945,  0.178398
0.3950,  0.286639
0.3955,  0.387798
0.3960,  0.217921
0.3965,  0.005067
0.3970,  0.027867
0.3975,  0.026030
0.3980,  0.225537
0.3985,  0.361967
0.3990,  0.342777
0.3995,  0.334443
0.4000,  0.303114
0.4005,  0.272672
0.4010,  0.258652
0.4015,  0.250327
0.4020,  0.233426
0.4025,  0.224533
0.4030,  0.197871
0.4035,  0.170019
0.4040,  0.160964
0.4045,  0.158037
0.4050,  0.157842
0.4055,  0.160501
0.4060,  0.146412
0.4065,  0.130967
0.4070,  0.144152
0.4075,  0.153227
0.4080,  0.179991
0.4085,  0.206976
0.4090,  0.200933
0.4095,  0.197076
0.4100,  0.151504
0.4105,  0.094998
0.4110,  0.165962
0.4115,  0.228515
0.4120,  0.209395
0.4125,  0.190973
0.4130,  0.175680
0.4135,  0.164884
0.4140,  0.158164
0.4145,  0.151696
0.4150,  0.150261
0.4155,  0.147315
0.4160,  0.172475
0.4165,  0.200533
0.4170,  0.160252
0.4175,  0.113809
0.4180,  0.120992
0.4185,  0.129838
0.4190,  0.135083
0.4195,  0.137996
0.4200,  0.155399
0.4205,  0.172119
0.4210,  0.180484
0.4215,  0.187951
0.4220,  0.135772
0.4225,  0.077392
0.4230,  0.116517
0.4235,  0.155831
0.4240,  0.169509
0.4245,  0.184902
0.4250,  0.166522
0.4255,  0.148983
0.4260,  0.151130
0.4265,  0.160836
0.4270,  0.129440
0.4275,  0.101033
0.4280,  0.111878
0.4285,  0.126090
0.4290,  0.111990
0.4295,  0.102495
0.4300,  0.014119
0.4305,  -0.099102
0.4310,  0.106034
0.4315,  0.260346
0.4320,  0.225489
0.4325,  0.190305
0.4330,  0.192068
0.4335,  0.197578
0.4340,  0.169016
0.4345,  0.139570
0.4350,  0.141693
0.4355,  0.140674
0.4360,  0.183198
0.4365,  0.227216
0.4370,  0.196074
0.4375,  0.168534
0.4380,  0.114394
0.4385,  0.053186
0.4390,  0.126493
0.4395,  0.190231
0.4400,  0.156413
0.4405,  0.118729
0.4410,  0.164014
0.4415,  0.204506
0.4420,  0.206128
0.4425,  0.207041
0.4430,  0.180561
0.4435,  0.156471
0.4440,  0.166318
0.4445,  0.179548
0.4450,  0.144647
0.4455,  0.104980
0.4460,  0.119358
0.4465,  0.132171
0.4470,  0.170355
0.4475,  0.209193
0.4480,  0.178950
0.4485,  0.144591
0.4490,  0.146281
0.4495,  0.148721
0.4500,  0.167528
0.4505,  0.185638
0.4510,  0.176649
0.4515,  0.170945
0.4520,  0.137605
0.4525,  0.106070
0.4530,  0.116265
0.4535,  0.126624
0.4540,  0.135716
0.4545,  0.139023
0.4550,  0.149919
0.4555,  0.159816
0.4560,  0.161570
0.4565,  0.165832
0.4570,  0.167753
0.4575,  0.171357
0.4580,  0.143621
0.4585,  0.118768
0.4590,  0.131180
0.4595,  0.139347
0.4600,  0.146051
0.4605,  0.152945
0.4610,  0.154981
0.4615,  0.154576
0.4620,  0.161725
0.4625,  0.169573
0.4630,  0.156258
0.4635,  0.148563
0.4640,  0.141967
0.4645,  0.133484
0.4650,  0.154197
0.4655,  0.175099
0.4660,  0.147950
0.4665,  0.122429
0.4670,  0.146381
0.4675,  0.167873
0.4680,  0.165153
0.4685,  0.162618
0.4690,  0.164546
0.4695,  0.168777
0.4700,  0.146359
0.4705,  0.119782
0.4710,  0.152950
0.4715,  0.183101
0.4720,  0.184626
0.4725,  0.185590
0.4730,  0.172190
0.4735,  0.159000
0.4740,  0.169186
0.4745,  0.182660
0.4750,  0.176216
0.4755,  0.169091
0.4760,  0.154902
0.4765,  0.141050
0.4770,  0.168795
0.4775,  0.194856
0.4780,  0.178225
0.4785,  0.160619
0.4790,  0.173602
0.4795,  0.186079
0.4800,  0.174763
0.4805,  0.166022
0.4810,  0.177428
0.4815,  0.189940
0.4820,  0.176028
0.4825,  0.165348
0.4830,  0.168063
0.4835,  0.173284
0.4840,  0.173043
0.4845,  0.177148
0.4850,  0.163115
0.4855,  0.149166
0.4860,  0.115374
0.4865,  0.068293
0.4870,  0.123393
0.4875,  0.170808
0.4880,  0.182772
0.4885,  0.192346
0.4890,  0.191934
0.4895,  0.192465
0.4900,  0.195811
0.4905,  0.203133
0.4910,  0.178108
0.4915,  0.154498
0.4920,  0.157200
0.4925,  0.157320
0.4930,  0.152572
0.4935,  0.143889
0.4940,  0.176245
0.4945,  0.209554
0.4950,  0.176747
0.4955,  0.143551
0.4960,  0.163598
0.4965,  0.183159
0.4970,  0.186147
0.4975,  0.190221
0.4980,  0.157374
0.4985,  0.122919
0.4990,  0.151778
0.4995,  0.180995
0.5000,  0.158969
0.5005,  0.136096
0.5010,  0.130970
0.5015,  0.122118
0.5020,  0.142671
0.5025,  0.161595
0.5030,  0.170132
0.5035,  0.177328
0.5040,  0.161333
0.5045,  0.142388
0.5050,  0.164929
0.5055,  0.188820
0.5060,  0.177100
0.5065,  0.166954
0.5070,  0.154653
0.5075,  0.142570
0.5080,  0.144970
0.5085,  0.146158
0.5090,  0.144182
0.5095,  0.142742
0.5100,  0.148896
0.5105,  0.153946
0.5110,  0.164840
0.5115,  0.176447
0.5120,  0.148712
0.5125,  0.122203
0.5130,  0.126428
0.5135,  0.130949
0.5140,  0.139511
0.5145,  0.145367
0.5150,  0.155069
0.5155,  0.169946
0.5160,  0.129653
0.5165,  0.086959
0.5170,  0.115740
0.5175,  0.138657
0.5180,  0.120799
0.5185,  0.094951
0.5190,  0.132745
0.5195,  0.167492
0.5200,  0.156546
0.5205,  0.146337
0.5210,  0.156131
0.5215,  0.169586
0.5220,  0.146269
0.5225,  0.122241
0.5230,  0.137313
0.5235,  0.148179
0.5240,  0.156841
0.5245,  0.169259
0.5250,  0.164632
0.5255,  0.165408
0.5260,  0.113446
0.5265,  0.055324
0.5270,  0.099695
0.5275,  0.135878
0.5280,  0.144240
0.5285,  0.150980
0.5290,  0.147099
0.5295,  0.143937
0.5300,  0.145862
0.5305,  0.150039
0.5310,  0.151225
0.5315,  0.158014
0.5320,  0.118380
0.5325,  0.076133
0.5330,  0.120022
0.5335,  0.159052
0.5340,  0.141092
0.5345,  0.119400
0.5350,  0.145377
0.5355,  0.173091
0.5360,  0.145403
0.5365,  0.119362
0.5370,  0.124408
0.5375,  0.128476
0.5380,  0.136381
0.5385,  0.146220
0.5390,  0.133866
0.5395,  0.122783
0.5400,  0.112024
0.5405,  0.099970
0.5410,  0.128914
0.5415,  0.155524
0.5420,  0.139644
0.5425,  0.122831
0.5430,  0.133454
0.5435,  0.141790
0.5440,  0.138226
0.5445,  0.136961
0.5450,  0.142497
0.5455,  0.147025
0.5460,  0.142646
0.5465,  0.139607
0.5470,  0.129767
0.5475,  0.117693
0.5480,  0.123658
0.5485,  0.129826
0.5490,  0.137467
0.5495,  0.144392
0.5500,  0.135943
0.5505,  0.129146
0.5510,  0.131962
0.5515,  0.134187
0.5520,  0.130575
0.5525,  0.124449
0.5530,  0.131038
0.5535,  0.139623
0.5540,  0.142626
0.5545,  0.145162
0.5550,  0.147848
0.5555,  0.151192
0.5560,  0.137108
0.5565,  0.124039
0.5570,  0.134620
0.5575,  0.146038
0.5580,  0.136164
0.5585,  0.125267
0.5590,  0.130117
0.5595,  0.134937
0.5600,  0.140187
0.5605,  0.144677
0.5610,  0.140036
0.5615,  0.133781
0.5620,  0.138633
0.5625,  0.144299
0.5630,  0.145688
0.5635,  0.147598
0.5640,  0.148412
0.5645,  0.150684
0.5650,  0.141448
0.5655,  0.130883
0.5660,  0.137280
0.5665,  0.144278
0.5670,  0.157979
0.5675,  0.172255
0.5680,  0.154414
0.5685,  0.136974
0.5690,  0.151755
0.5695,  0.167038
0.5700,  0.147397
0.5705,  0.124271
0.5710,  0.135124
0.5715,  0.139806
0.5720,  0.149803
0.5725,  0.161239
0.5730,  0.154174
0.5735,  0.151780
0.5740,  0.152004
0.5745,  0.152489
0.5750,  0.144272
0.5755,  0.133282
0.5760,  0.136006
0.5765,  0.140539
0.5770,  0.146166
0.5775,  0.151465
0.5780,  0.134102
0.5785,  0.116031
0.5790,  0.125411
0.5795,  0.133610
0.5800,  0.133601
0.5805,  0.133829
0.5810,  0.134591
0.5815,  0.136704
0.5820,  0.139331
0.5825,  0.140978
0.5830,  0.134934
0.5835,  0.130602
0.5840,  0.133263
0.5845,  0.139653
0.5850,  0.126109
0.5855,  0.110821
0.5860,  0.126892
0.5865,  0.143282
0.5870,  0.153444
0.5875,  0.168540
0.5880,  0.158561
0.5885,  0.147236
0.5890,  0.119721
0.5895,  0.083197
0.5900,  0.136257
0.5905,  0.184403
0.5910,  0.172926
0.5915,  0.160337
0.5920,  0.157871
0.5925,  0.157257
0.5930,  0.151552
0.5935,  0.150600
0.5940,  0.147688
0.5945,  0.145355
0.5950,  0.150627
0.5955,  0.152644
0.5960,  0.156289
0.5965,  0.159701
0.5970,  0.151129
0.5975,  0.143590
0.5980,  0.136595
0.5985,  0.133451
0.5990,  0.142769
0.5995,  0.151547
0.6000,  0.149260
0.6005,  0.145277
0.6010,  0.147904
0.6015,  0.148064
0.6020,  0.136295
0.6025,  0.123579
0.6030,  0.137265
0.6035,  0.152374
0.6040,  0.150296
0.6045,  0.150974
0.6050,  0.149104
0.6055,  0.146344
0.6060,  0.143557
0.6065,  0.140570
0.6070,  0.140870
0.6075,  0.142723
0.6080,  0.141638
0.6085,  0.141564
0.6090,  0.147157
0.6095,  0.150238
0.6100,  0.141715
0.6105,  0.131742
0.6110,  0.143402
0.6115,  0.154300
0.6120,  0.143645
0.6125,  0.134303
0.6130,  0.131311
0.6135,  0.129188
0.6140,  0.140667
0.6145,  0.151944
0.6150,  0.156619
0.6155,  0.161458
0.6160,  0.134383
0.6165,  0.103375
0.6170,  0.128333
0.6175,  0.153337
0.6180,  0.156981
0.6185,  0.160603
0.6190,  0.157938
0.6195,  0.152732
0.6200,  0.160030
0.6205,  0.167117
0.6210,  0.152913
0.6215,  0.139746
0.6220,  0.147834
0.6225,  0.159171
0.6230,  0.149607
0.6235,  0.142418
0.6240,  0.148938
0.6245,  0.153595
0.6250,  0.149474
0.6255,  0.141985
0.6260,  0.157770
0.6265,  0.173570
0.6270,  0.173681
0.6275,  0.172789
0.6280,  0.174263
0.6285,  0.179051
0.6290,  0.180534
0.6295,  0.180354
0.6300,  0.176569
0.6305,  0.168032
0.6310,  0.160029
0.6315,  0.157722
0.6320,  0.154563
0.6325,  0.152796
0.6330,  0.153412
0.6335,  0.154996
0.6340,  0.158602
0.6345,  0.162360
0.6350,  0.163295
0.6355,  0.162607
0.6360,  0.162064
0.6365,  0.158053
0.6370,  0.152052
0.6375,  0.148872
0.6380,  0.148695
0.6385,  0.150305
0.6390,  0.154073
0.6395,  0.154267
0.6400,  0.156354
0.6405,  0.154644
0.6410,  0.148453
0.6415,  0.146107
0.6420,  0.141457
0.6425,  0.138568
0.6430,  0.137992
0.6435,  0.137204
0.6440,  0.141154
0.6445,  0.146267
0.6450,  0.153214
0.6455,  0.156396
0.6460,  0.160053
0.6465,  0.164344
0.6470,  0.165241
0.6475,  0.160795
0.6480,  0.157507
0.6485,  0.152527
0.6490,  0.146372
0.6495,  0.149075
0.6500,  0.151970
0.6505,  0.158239
0.6510,  0.166991
0.6515,  0.165686
0.6520,  0.165349
0.6525,  0.161583
0.6530,  0.158567
0.6535,  0.148662
0.6540,  0.144755
0.6545,  0.149156
0.6550,  0.160394
0.6555,  0.161322
0.6560,  0.149882
0.6565,  0.122784
0.6570,  0.081589
0.6575,  0.093494
0.6580,  0.109997
0.6585,  0.127168
0.6590,  0.141474
0.6595,  0.136432
0.6600,  0.130498
0.6605,  0.126679
0.6610,  0.124864
0.6615,  0.119970
0.6620,  0.118334
0.6625,  0.119235
0.6630,  0.122404
0.6635,  0.128337
0.6640,  0.132451
0.6645,  0.133395
0.6650,  0.133011
0.6655,  0.128129
0.6660,  0.121545
0.6665,  0.116346
0.6670,  0.109309
0.6675,  0.108028
0.6680,  0.106029
0.6685,  0.107730
0.6690,  0.110006
0.6695,  0.109737
0.6700,  0.112760
0.6705,  0.114333
0.6710,  0.115254
0.6715,  0.118590
0.6720,  0.119396
0.6725,  0.119085
0.6730,  0.114920
0.6735,  0.110206
0.6740,  0.110656
0.6745,  0.109627
0.6750,  0.109410
0.6755,  0.112567
0.6760,  0.115586
0.6765,  0.118990
0.6770,  0.123461
0.6775,  0.122737
0.6780,  0.123217
0.6785,  0.120756
0.6790,  0.117164
0.6795,  0.114115
0.6800,  0.113692
0.6805,  0.113560
0.6810,  0.114479
0.6815,  0.116132
0.6820,  0.120526
0.6825,  0.127028
0.6830,  0.133836
0.6835,  0.134173
0.6840,  0.130537
0.6845,  0.128598
0.6850,  0.130872
0.6855,  0.150699
0.6860,  0.183935
0.6865,  0.219381
0.6870,  0.244839
0.6875,  0.253213
0.6880,  0.249458
0.6885,  0.243241
0.6890,  0.238808
0.6895,  0.232586
0.6900,  0.224382
0.6905,  0.216208
0.6910,  0.207558
0.6915,  0.200762
0.6920,  0.193850
0.6925,  0.188999
0.6930,  0.190616
0.6935,  0.189825
0.6940,  0.188526
0.6945,  0.185375
0.6950,  0.180295
0.6955,  0.171692
0.6960,  0.163028
0.6965,  0.157677
0.6970,  0.153556
0.6975,  0.156524
0.6980,  0.164296
0.6985,  0.169519
0.6990,  0.175173
0.6995,  0.175864
0.7000,  0.172153
0.7005,  0.169246
0.7010,  0.165539
0.7015,  0.166737
0.7020,  0.166145
0.7025,  0.163940
0.7030,  0.159036
0.7035,  0.159803
0.7040,  0.162996
0.7045,  0.169612
0.7050,  0.176296
0.7055,  0.172861
0.7060,  0.166900
0.7065,  0.161197
0.7070,  0.155916
0.7075,  0.154053
0.7080,  0.148601
0.7085,  0.144228
0.7090,  0.142422
0.7095,  0.142438
0.7100,  0.142620
0.7105,  0.143460
0.7110,  0.150220
0.7115,  0.150413
0.7120,  0.148928
0.7125,  0.150633
0.7130,  0.149815
0.7135,  0.153045
0.7140,  0.157060
0.7145,  0.160931
0.7150,  0.167933
0.7155,  0.183360
0.7160,  0.214411
0.7165,  0.246904
0.7170,  0.284582
0.7175,  0.317609
0.7180,  0.345527
0.7185,  0.365930
0.7190,  0.374450
0.7195,  0.373928
0.7200,  0.355323
0.7205,  0.323463
0.7210,  0.288219
0.7215,  0.264092
0.7220,  0.259341
0.7225,  0.270303
0.7230,  0.288871
0.7235,  0.306904
0.7240,  0.323645
0.7245,  0.334455
0.7250,  0.335802
0.7255,  0.334569
0.7260,  0.333158
0.7265,  0.331099
0.7270,  0.326929
0.7275,  0.322966
0.7280,  0.322758
0.7285,  0.314889
0.7290,  0.304883
0.7295,  0.301075
0.7300,  0.296485
0.7305,  0.289782
0.7310,  0.281639
0.7315,  0.268986
0.7320,  0.251105
0.7325,  0.234281
0.7330,  0.215126
0.7335,  0.203575
0.7340,  0.196071
0.7345,  0.191047
0.7350,  0.187492
0.7355,  0.189683
0.7360,  0.187684
0.7365,  0.187964
0.7370,  0.186133
0.7375,  0.177896
0.7380,  0.171648
0.7385,  0.168112
0.7390,  0.163542
0.7395,  0.158739
0.7400,  0.151464
0.7405,  0.144366
0.7410,  0.141521
0.7415,  0.145608
0.7420,  0.146145
0.7425,  0.146408
0.7430,  0.145689
0.7435,  0.141487
0.7440,  0.141286
0.7445,  0.140729
0.7450,  0.139725
0.7455,  0.139896
0.7460,  0.137936
0.7465,  0.138551
0.7470,  0.136245
0.7475,  0.131959
0.7480,  0.128023
0.7485,  0.130519
0.7490,  0.127803
0.7495,  0.133530
0.7500,  0.135189
0.7505,  0.135954
0.7510,  0.133585
0.7515,  0.133198
0.7520,  0.132454
0.7525,  0.127870
0.7530,  0.128909
0.7535,  0.131826
0.7540,  0.133498
0.7545,  0.133196
0.7550,  0.133524
0.7555,  0.133122
0.7560,  0.134522
0.7565,  0.132585
0.7570,  0.128755
0.7575,  0.137028
0.7580,  0.168041
0.7585,  0.235380
0.7590,  0.350414
0.7595,  0.504461
0.7600,  0.658266
0.7605,  0.749206
0.7610,  0.764356
0.7615,  0.736072
0.7620,  0.709514
0.7625,  0.704244
0.7630,  0.690513
0.7635,  0.653651
0.7640,  0.607628
0.7645,  0.543622
0.7650,  0.475637
0.7655,  0.408627
0.7660,  0.345394
0.7665,  0.291589
0.7670,  0.246455
0.7675,  0.213369
0.7680,  0.190518
0.7685,  0.176470
0.7690,  0.168946
0.7695,  0.161527
0.7700,  0.153224
0.7705,  0.144912
0.7710,  0.134672
0.7715,  0.134439
0.7720,  0.135525
0.7725,  0.133760
0.7730,  0.134798
0.7735,  0.132486
0.7740,  0.126284
0.7745,  0.121058
0.7750,  0.117269
0.7755,  0.115717
0.7760,  0.114756
0.7765,  0.115028
0.7770,  0.124467
0.7775,  0.125476
0.7780,  0.123944
0.7785,  0.120616
0.7790,  0.120151
0.7795,  0.122204
0.7800,  0.123118
0.7805,  0.125587
0.7810,  0.129183
0.7815,  0.131287
0.7820,  0.130706
0.7825,  0.126981
0.7830,  0.120838
0.7835,  0.121912
0.7840,  0.124015
0.7845,  0.128809
0.7850,  0.135546
0.7855,  0.132083
0.7860,  0.130139
0.7865,  0.133039
0.7870,  0.136707
0.7875,  0.139885
0.7880,  0.142179
0.7885,  0.144646
0.7890,  0.152510
0.7895,  0.154967
0.7900,  0.154515
0.7905,  0.153840
0.7910,  0.149895
0.7915,  0.145913
0.7920,  0.144665
0.7925,  0.145888
0.7930,  0.143747
0.7935,  0.148371
0.7940,  0.150129
0.7945,  0.147552
0.7950,  0.148498
0.7955,  0.149570
0.7960,  0.145993
0.7965,  0.144259
0.7970,  0.144670
0.7975,  0.141150
0.7980,  0.141510
0.7985,  0.140085
0.7990,  0.133160
0.7995,  0.136589
0.8000,  0.138632
0.8005,  0.143071
0.8010,  0.147916
0.8015,  0.154261
0.8020,  0.150959
0.8025,  0.145960
0.8030,  0.148322
0.8035,  0.149576
0.8040,  0.144585
0.8045,  0.140186
0.8050,  0.134158
0.8055,  0.132894
0.8060,  0.134414
0.8065,  0.138610
0.8070,  0.141007
0.8075,  0.139626
0.8080,  0.135700
0.8085,  0.123793
0.8090,  0.120255
0.8095,  0.128795
0.8100,  0.140066
0.8105,  0.154081
0.8110,  0.172149
0.8115,  0.187559
0.8120,  0.201304
0.8125,  0.219800
0.8130,  0.243412
0.8135,  0.264604
0.8140,  0.283970
0.8145,  0.301297
0.8150,  0.325883
0.8155,  0.346738
0.8160,  0.355101
0.8165,  0.362394
0.8170,  0.359275
0.8175,  0.341408
0.8180,  0.327990
0.8185,  0.318412
0.8190,  0.297938
0.8195,  0.282153
0.8200,  0.269895
0.8205,  0.254716
0.8210,  0.255083
0.8215,  0.270018
0.8220,  0.302903
0.8225,  0.332372
0.8230,  0.343260
0.8235,  0.320654
0.8240,  0.282937
0.8245,  0.257163
0.8250,  0.239521
0.8255,  0.233016
0.8260,  0.234815
0.8265,  0.238848
0.8270,  0.246018
0.8275,  0.258316
0.8280,  0.274569
0.8285,  0.267821
0.8290,  0.257571
0.8295,  0.244269
0.8300,  0.232992
0.8305,  0.224808
0.8310,  0.221217
0.8315,  0.222145
0.8320,  0.229427
0.8325,  0.235504
0.8330,  0.228366
0.8335,  0.212995
0.8340,  0.195733
0.8345,  0.188587
0.8350,  0.180633
0.8355,  0.178494
0.8360,  0.169378
0.8365,  0.168509
0.8370,  0.167239
0.8375,  0.161865
0.8380,  0.151070
0.8385,  0.137756
0.8390,  0.129307
0.8395,  0.125733
0.8400,  0.128358
0.8405,  0.130072
0.8410,  0.129151
0.8415,  0.133961
0.8420,  0.138056
0.8425,  0.129064
0.8430,  0.125882
0.8435,  0.121885
0.8440,  0.117463
0.8445,  0.113564
0.8450,  0.103541
0.8455,  0.099134
0.8460,  0.097179
0.8465,  0.094523
0.8470,  0.096442
0.8475,  0.101609
0.8480,  0.106256
0.8485,  0.102151
0.8490,  0.103769
0.8495,  0.106941
0.8500,  0.101842
0.8505,  0.103309
0.8510,  0.101243
0.8515,  0.099376
0.8520,  0.100221
0.8525,  0.087127
0.8530,  0.087882
0.8535,  0.084438
0.8540,  0.061307
0.8545,  0.086090
0.8550,  0.097508
0.8555,  0.097841
0.8560,  0.103739
0.8565,  0.102206
0.8570,  0.108633
0.8575,  0.109421
0.8580,  0.111119
0.8585,  0.105388
0.8590,  0.102394
0.8595,  0.100895
0.8600,  0.099954
0.8605,  0.096095
0.8610,  0.102669
0.8615,  0.106255
0.8620,  0.108798
0.8625,  0.102641
0.8630,  0.104236
0.8635,  0.105050
0.8640,  0.109011
0.8645,  0.087402
0.8650,  0.081309
0.8655,  0.076153
0.8660,  0.062153
0.8665,  0.070901
0.8670,  0.067715
0.8675,  0.067868
0.8680,  0.071785
0.8685,  0.073700
0.8690,  0.083961
0.8695,  0.098061
0.8700,  0.113585
0.8705,  0.114821
0.8710,  0.110160
0.8715,  0.099366
0.8720,  0.102184
0.8725,  0.106457
0.8730,  0.104254
0.8735,  0.110386
0.8740,  0.109993
0.8745,  0.106404
0.8750,  0.099656
0.8755,  0.086143
0.8760,  0.077802
0.8765,  0.078587
0.8770,  0.088914
0.8775,  0.097324
0.8780,  0.101061
0.8785,  0.100386
0.8790,  0.099905
0.8795,  0.100425
0.8800,  0.083852
0.8805,  0.074091
0.8810,  0.070416
0.8815,  0.076188
0.8820,  0.076025
0.8825,  0.079898
0.8830,  0.096904
0.8835,  0.099016
0.8840,  0.102384
0.8845,  0.093336
0.8850,  0.092584
0.8855,  0.091013
0.8860,  0.095217
0.8865,  0.107767
0.8870,  0.095750
0.8875,  0.087201
0.8880,  0.082678
0.8885,  0.085368
0.8890,  0.099881
0.8895,  0.109981
0.8900,  0.120803
