0.3500,  0.322969
0.3505,  0.387154
0.3510,  0.352884
0.3515,  0.326061
0.3520,  0.290669
0.3525,  0.255837
0.3530,  0.297619
0.3535,  0.336093
0.3540,  0.353528
0.3545,  0.374922
0.3550,  0.351333
0.3555,  0.321342
0.3560,  0.284488
0.3565,  0.248576
0.3570,  0.215114
0.3575,  0.177008
0.3580,  0.133341
0.3585,  0.067926
0.3590,  0.236651
0.3595,  0.383460
0.3600,  0.366090
0.3605,  0.356524
0.3610,  0.300419
0.3615,  0.241805
0.3620,  0.288828
0.3625,  0.327472
0.3630,  0.308788
0.3635,  0.292860
0.3640,  0.284063
0.3645,  0.264324
0.3650,  0.293926
0.3655,  0.325580
0.3660,  0.335597
0.3665,  0.356487
0.3670,  0.333116
0.3675,  0.311108
0.3680,  0.282192
0.3685,  0.250061
0.3690,  0.294061
0.3695,  0.339937
0.3700,  0.312141
0.3705,  0.277807
0.3710,  0.295092
0.3715,  0.318351
0.3720,  0.283944
0.3725,  0.252684
0.3730,  0.223664
0.3735,  0.189115
0.3740,  0.196645
0.3745,  0.196034
0.3750,  0.275776
0.3755,  0.340371
0.3760,  0.328764
0.3765,  0.300476
0.3770,  0.336261
0.3775,  0.378538
0.3780,  0.375017
0.3785,  0.377506
0.3790,  0.283956
0.3795,  0.187203
0.3800,  0.249273
0.3805,  0.315714
0.3810,  0.294911
0.3815,  0.282054
0.3820,  0.206789
0.3825,  0.113716
0.3830,  0.089468
0.3835,  0.039439
0.3840,  0.192843
0.3845,  0.305615
0.3850,  0.304027
0.3855,  0.300122
0.3860,  0.281821
0.3865,  0.274823
0.3870,  0.272628
0.3875,  0.266190
0.3880,  0.244525
0.3885,  0.221746
0.3890,  0.279632
0.3895,  0.323795
0.3900,  0.321794
0.3905,  0.322682
0.3910,  0.343593
0.3915,  0.385222
0.3920,  0.304525
0.3925,  0.215282
0.3930,  0.041261
0.3935,  -0.217843
0.3940,  0.057099
0.3945,  0.255604
0.3950,  0.363313
0.3955,  0.468237
0.3960,  0.310121
0.3965,  0.100481
0.3970,  0.110972
0.3975,  0.101484
0.3980,  0.284204
0.3985,  0.408110
0.3990,  0.386016
0.3995,  0.377666
0.4000,  0.347507
0.4005,  0.319455
0.4010,  0.310343
0.4015,  0.307351
0.4020,  0.294843
0.4025,  0.288070
0.4030,  0.265910
0.4035,  0.247353
0.4040,  0.246995
0.4045,  0.250436
0.4050,  0.253038
0.4055,  0.251855
0.4060,  0.233964
0.4065,  0.217853
0.4070,  0.229228
0.4075,  0.234883
0.4080,  0.255145
0.4085,  0.277555
0.4090,  0.273753
0.4095,  0.272945
0.4100,  0.230011
0.4105,  0.176295
0.4110,  0.241186
0.4115,  0.297868
0.4120,  0.280238
0.4125,  0.263745
0.4130,  0.252241
0.4135,  0.243303
0.4140,  0.236443
0.4145,  0.225866
0.4150,  0.221004
0.4155,  0.217580
0.4160,  0.240806
0.4165,  0.268799
0.4170,  0.231796
0.4175,  0.189032
0.4180,  0.196268
0.4185,  0.205185
0.4190,  0.211763
0.4195,  0.211374
0.4200,  0.219638
0.4205,  0.228914
0.4210,  0.235850
0.4215,  0.248105
0.4220,  0.199428
0.4225,  0.144127
0.4230,  0.182303
0.4235,  0.217622
0.4240,  0.230983
0.4245,  0.251240
0.4250,  0.236344
0.4255,  0.222137
0.4260,  0.228567
0.4265,  0.237788
0.4270,  0.206671
0.4275,  0.177313
0.4280,  0.189780
0.4285,  0.208227
0.4290,  0.195689
0.4295,  0.188971
0.4300,  0.106529
0.4305,  -0.003742
0.4310,  0.177205
0.4315,  0.312802
0.4320,  0.274950
0.4325,  0.242662
0.4330,  0.250442
0.4335,  0.258707
0.4340,  0.237635
0.4345,  0.210457
0.4350,  0.211697
0.4355,  0.208795
0.4360,  0.243515
0.4365,  0.286012
0.4370,  0.259569
0.4375,  0.236214
0.4380,  0.185691
0.4385,  0.126651
0.4390,  0.195319
0.4395,  0.253665
0.4400,  0.219285
0.4405,  0.181205
0.4410,  0.221595
0.4415,  0.256988
0.4420,  0.254813
0.4425,  0.252178
0.4430,  0.227072
0.4435,  0.206816
0.4440,  0.220779
0.4445,  0.236514
0.4450,  0.206655
0.4455,  0.172155
0.4460,  0.188126
0.4465,  0.199324
0.4470,  0.232671
0.4475,  0.264964
0.4480,  0.238584
0.4485,  0.209070
0.4490,  0.210756
0.4495,  0.212282
0.4500,  0.229968
0.4505,  0.248207
0.4510,  0.237436
0.4515,  0.226561
0.4520,  0.197597
0.4525,  0.171241
0.4530,  0.182262
0.4535,  0.192459
0.4540,  0.200344
0.4545,  0.204546
0.4550,  0.213870
0.4555,  0.223118
0.4560,  0.226336
0.4565,  0.232351
0.4570,  0.232602
0.4575,  0.234125
0.4580,  0.206929
0.4585,  0.180408
0.4590,  0.187604
0.4595,  0.195635
0.4600,  0.202584
0.4605,  0.208270
0.4610,  0.206781
0.4615,  0.204076
0.4620,  0.211320
0.4625,  0.220303
0.4630,  0.206367
0.4635,  0.197350
0.4640,  0.190547
0.4645,  0.183844
0.4650,  0.205847
0.4655,  0.227530
0.4660,  0.205726
0.4665,  0.183484
0.4670,  0.205448
0.4675,  0.222869
0.4680,  0.217407
0.4685,  0.217166
0.4690,  0.222972
0.4695,  0.229969
0.4700,  0.211005
0.4705,  0.186589
0.4710,  0.210365
0.4715,  0.234661
0.4720,  0.233088
0.4725,  0.232949
0.4730,  0.220924
0.4735,  0.208910
0.4740,  0.219808
0.4745,  0.232331
0.4750,  0.225172
0.4755,  0.219060
0.4760,  0.207732
0.4765,  0.193981
0.4770,  0.218022
0.4775,  0.241662
0.4780,  0.223912
0.4785,  0.206097
0.4790,  0.218900
0.4795,  0.230795
0.4800,  0.220777
0.4805,  0.214057
0.4810,  0.224103
0.4815,  0.233527
0.4820,  0.220817
0.4825,  0.213372
0.4830,  0.217686
0.4835,  0.222297
0.4840,  0.221865
0.4845,  0.227407
0.4850,  0.217984
0.4855,  0.205397
0.4860,  0.168733
0.4865,  0.118419
0.4870,  0.167585
0.4875,  0.210961
0.4880,  0.220465
0.4885,  0.227562
0.4890,  0.226408
0.4895,  0.228831
0.4900,  0.234734
0.4905,  0.245180
0.4910,  0.224118
0.4915,  0.200033
0.4920,  0.199086
0.4925,  0.194845
0.4930,  0.187759
0.4935,  0.179190
0.4940,  0.210970
0.4945,  0.244121
0.4950,  0.214134
0.4955,  0.184626
0.4960,  0.205302
0.4965,  0.224975
0.4970,  0.229188
0.4975,  0.234987
0.4980,  0.204216
0.4985,  0.170199
0.4990,  0.197339
0.4995,  0.225785
0.5000,  0.207520
0.5005,  0.187151
0.5010,  0.180371
0.5015,  0.170301
0.5020,  0.188169
0.5025,  0.206669
0.5030,  0.215671
0.5035,  0.222411
0.5040,  0.205009
0.5045,  0.183839
0.5050,  0.203699
0.5055,  0.226552
0.5060,  0.218760
0.5065,  0.212743
0.5070,  0.202554
0.5075,  0.189882
0.5080,  0.190928
0.5085,  0.192309
0.5090,  0.190959
0.5095,  0.190148
0.5100,  0.195038
0.5105,  0.200497
0.5110,  0.211558
0.5115,  0.223217
0.5120,  0.199972
0.5125,  0.176792
0.5130,  0.181744
0.5135,  0.182479
0.5140,  0.189345
0.5145,  0.193802
0.5150,  0.204411
0.5155,  0.222323
0.5160,  0.185009
0.5165,  0.142418
0.5170,  0.167421
0.5175,  0.185927
0.5180,  0.165299
0.5185,  0.138009
0.5190,  0.172882
0.5195,  0.205918
0.5200,  0.196512
0.5205,  0.188928
0.5210,  0.201304
0.5215,  0.215429
0.5220,  0.194895
0.5225,  0.171338
0.5230,  0.183502
0.5235,  0.193085
0.5240,  0.202926
0.5245,  0.217230
0.5250,  0.216431
0.5255,  0.220844
0.5260,  0.172518
0.5265,  0.114865
0.5270,  0.151943
0.5275,  0.180545
0.5280,  0.186754
0.5285,  0.193659
0.5290,  0.192345
0.5295,  0.190394
0.5300,  0.192958
0.5305,  0.198575
0.5310,  0.203111
0.5315,  0.211124
0.5320,  0.174438
0.5325,  0.134015
0.5330,  0.173308
0.5335,  0.207373
0.5340,  0.187695
0.5345,  0.165555
0.5350,  0.190723
0.5355,  0.219988
0.5360,  0.196669
0.5365,  0.172272
0.5370,  0.175016
0.5375,  0.179265
0.5380,  0.187478
0.5385,  0.197195
0.5390,  0.185465
0.5395,  0.174173
0.5400,  0.162453
0.5405,  0.149023
0.5410,  0.175485
0.5415,  0.199990
0.5420,  0.185092
0.5425,  0.170739
0.5430,  0.181476
0.5435,  0.189378
0.5440,  0.186828
0.5445,  0.186796
0.5450,  0.194197
0.5455,  0.199916
0.5460,  0.196053
0.5465,  0.191565
0.5470,  0.180806
0.5475,  0.168391
0.5480,  0.174355
0.5485,  0.179540
0.5490,  0.186582
0.5495,  0.194088
0.5500,  0.185305
0.5505,  0.177216
0.5510,  0.179114
0.5515,  0.182583
0.5520,  0.179548
0.5525,  0.175359
0.5530,  0.182445
0.5535,  0.188468
0.5540,  0.190637
0.5545,  0.193842
0.5550,  0.196963
0.5555,  0.199896
0.5560,  0.185620
0.5565,  0.171390
0.5570,  0.180636
0.5575,  0.192930
0.5580,  0.185713
0.5585,  0.174853
0.5590,  0.178768
0.5595,  0.181037
0.5600,  0.183127
0.5605,  0.187618
0.5610,  0.183583
0.5615,  0.179924
0.5620,  0.185643
0.5625,  0.191186
0.5630,  0.193993
0.5635,  0.196461
0.5640,  0.197666
0.5645,  0.200415
0.5650,  0.191847
0.5655,  0.179114
0.5660,  0.183084
0.5665,  0.191090
0.5670,  0.206891
0.5675,  0.222619
0.5680,  0.205824
0.5685,  0.187440
0.5690,  0.199685
0.5695,  0.212983
0.5700,  0.193407
0.5705,  0.169949
0.5710,  0.179633
0.5715,  0.184333
0.5720,  0.195067
0.5725,  0.206264
0.5730,  0.201955
0.5735,  0.199997
0.5740,  0.200238
0.5745,  0.200413
0.5750,  0.192998
0.5755,  0.183513
0.5760,  0.186445
0.5765,  0.191011
0.5770,  0.195053
0.5775,  0.201410
0.5780,  0.186197
0.5785,  0.165976
0.5790,  0.171819
0.5795,  0.177232
0.5800,  0.176541
0.5805,  0.176874
0.5810,  0.177796
0.5815,  0.180006
0.5820,  0.183820
0.5825,  0.186449
0.5830,  0.181454
0.5835,  0.179728
0.5840,  0.181392
0.5845,  0.185320
0.5850,  0.171173
0.5855,  0.154893
0.5860,  0.167851
0.5865,  0.183744
0.5870,  0.197882
0.5875,  0.218238
0.5880,  0.213199
0.5885,  0.201647
0.5890,  0.168978
0.5895,  0.127505
0.5900,  0.173507
0.5905,  0.218545
0.5910,  0.208089
0.5915,  0.197067
0.5920,  0.196672
0.5925,  0.197025
0.5930,  0.192703
0.5935,  0.194895
0.5940,  0.193695
0.5945,  0.187587
0.5950,  0.189541
0.5955,  0.190069
0.5960,  0.192836
0.5965,  0.196651
0.5970,  0.189058
0.5975,  0.182499
0.5980,  0.176118
0.5985,  0.172246
0.5990,  0.180081
0.5995,  0.188180
0.6000,  0.184873
0.6005,  0.180145
0.6010,  0.181870
0.6015,  0.179995
0.6020,  0.167401
0.6025,  0.154492
0.6030,  0.168850
0.6035,  0.183223
0.6040,  0.182169
0.6045,  0.182445
0.6050,  0.182769
0.6055,  0.180134
0.6060,  0.177220
0.6065,  0.175714
0.6070,  0.178252
0.6075,  0.180462
0.6080,  0.179920
0.6085,  0.180321
0.6090,  0.182821
0.6095,  0.183828
0.6100,  0.174762
0.6105,  0.163445
0.6110,  0.173277
0.6115,  0.184469
0.6120,  0.177576
0.6125,  0.171462
0.6130,  0.169009
0.6135,  0.166253
0.6140,  0.176616
0.6145,  0.188933
0.6150,  0.195060
0.6155,  0.196658
0.6160,  0.167026
0.6165,  0.134609
0.6170,  0.157028
0.6175,  0.180567
0.6180,  0.187343
0.6185,  0.190504
0.6190,  0.188429
0.6195,  0.184120
0.6200,  0.191550
0.6205,  0.198427
0.6210,  0.187211
0.6215,  0.176199
0.6220,  0.186205
0.6225,  0.195282
0.6230,  0.186444
0.6235,  0.180758
0.6240,  0.186773
0.6245,  0.186413
0.6250,  0.178731
0.6255,  0.170721
0.6260,  0.186831
0.6265,  0.203536
0.6270,  0.207061
0.6275,  0.210027
0.6280,  0.211783
0.6285,  0.216994
0.6290,  0.214876
0.6295,  0.211141
0.6300,  0.204616
0.6305,  0.195642
0.6310,  0.189219
0.6315,  0.184211
0.6320,  0.180746
0.6325,  0.181636
0.6330,  0.184588
0.6335,  0.188264
0.6340,  0.190588
0.6345,  0.192412
0.6350,  0.193806
0.6355,  0.192852
0.6360,  0.188970
0.6365,  0.183827
0.6370,  0.180478
0.6375,  0.179264
0.6380,  0.180734
0.6385,  0.184832
0.6390,  0.189738
0.6395,  0.188121
0.6400,  0.186273
0.6405,  0.184249
0.6410,  0.179819
0.6415,  0.179324
0.6420,  0.175098
0.6425,  0.170974
0.6430,  0.167446
0.6435,  0.168402
0.6440,  0.172835
0.6445,  0.180214
0.6450,  0.187569
0.6455,  0.189159
0.6460,  0.193100
0.6465,  0.195759
0.6470,  0.194893
0.6475,  0.191319
0.6480,  0.189938
0.6485,  0.184283
0.6490,  0.175608
0.6495,  0.177148
0.6500,  0.179403
0.6505,  0.186527
0.6510,  0.195220
0.6515,  0.193537
0.6520,  0.192367
0.6525,  0.189508
0.6530,  0.188631
0.6535,  0.182451
0.6540,  0.183076
0.6545,  0.192485
0.6550,  0.203756
0.6555,  0.197262
0.6560,  0.176428
0.6565,  0.142833
0.6570,  0.105336
0.6575,  0.115586
0.6580,  0.129617
0.6585,  0.144496
0.6590,  0.160434
0.6595,  0.156072
0.6600,  0.151980
0.6605,  0.148569
0.6610,  0.148817
0.6615,  0.145606
0.6620,  0.145232
0.6625,  0.145497
0.6630,  0.147483
0.6635,  0.153559
0.6640,  0.157276
0.6645,  0.157524
0.6650,  0.158061
0.6655,  0.153563
0.6660,  0.146892
0.6665,  0.143018
0.6670,  0.138054
0.6675,  0.138947
0.6680,  0.139408
0.6685,  0.141513
0.6690,  0.145338
0.6695,  0.143345
0.6700,  0.141121
0.6705,  0.140969
0.6710,  0.142053
0.6715,  0.145224
0.6720,  0.144526
0.6725,  0.144268
0.6730,  0.141321
0.6735,  0.138645
0.6740,  0.137633
0.6745,  0.135025
0.6750,  0.134515
0.6755,  0.136237
0.6760,  0.139055
0.6765,  0.145621
0.6770,  0.149948
0.6775,  0.148635
0.6780,  0.145255
0.6785,  0.143348
0.6790,  0.139602
0.6795,  0.138270
0.6800,  0.136426
0.6805,  0.133988
0.6810,  0.135501
0.6815,  0.138505
0.6820,  0.141013
0.6825,  0.142348
0.6830,  0.146904
0.6835,  0.152003
0.6840,  0.153818
0.6845,  0.158333
0.6850,  0.167882
0.6855,  0.198948
0.6860,  0.238658
0.6865,  0.271513
0.6870,  0.282922
0.6875,  0.279947
0.6880,  0.275476
0.6885,  0.269112
0.6890,  0.262471
0.6895,  0.252907
0.6900,  0.239931
0.6905,  0.227671
0.6910,  0.220087
0.6915,  0.215802
0.6920,  0.213185
0.6925,  0.212797
0.6930,  0.215790
0.6935,  0.216500
0.6940,  0.217130
0.6945,  0.212780
0.6950,  0.206373
0.6955,  0.196407
0.6960,  0.185920
0.6965,  0.182500
0.6970,  0.180527
0.6975,  0.185987
0.6980,  0.190727
0.6985,  0.196298
0.6990,  0.200650
0.6995,  0.200350
0.7000,  0.197379
0.7005,  0.190206
0.7010,  0.186483
0.7015,  0.186727
0.7020,  0.184976
0.7025,  0.183313
0.7030,  0.177450
0.7035,  0.179611
0.7040,  0.185942
0.7045,  0.192339
0.7050,  0.197896
0.7055,  0.194955
0.7060,  0.189375
0.7065,  0.181595
0.7070,  0.179051
0.7075,  0.175939
0.7080,  0.173310
0.7085,  0.169696
0.7090,  0.169416
0.7095,  0.169099
0.7100,  0.172459
0.7105,  0.169765
0.7110,  0.169035
0.7115,  0.170597
0.7120,  0.171512
0.7125,  0.175977
0.7130,  0.179319
0.7135,  0.177891
0.7140,  0.181460
0.7145,  0.188756
0.7150,  0.202542
0.7155,  0.224583
0.7160,  0.257988
0.7165,  0.292844
0.7170,  0.323926
0.7175,  0.350277
0.7180,  0.367173
0.7185,  0.378655
0.7190,  0.380154
0.7195,  0.366677
0.7200,  0.341513
0.7205,  0.313607
0.7210,  0.286473
0.7215,  0.271194
0.7220,  0.272996
0.7225,  0.292436
0.7230,  0.309949
0.7235,  0.323056
0.7240,  0.331548
0.7245,  0.341998
0.7250,  0.347942
0.7255,  0.345891
0.7260,  0.346512
0.7265,  0.342030
0.7270,  0.339119
0.7275,  0.337166
0.7280,  0.331950
0.7285,  0.320356
0.7290,  0.311359
0.7295,  0.307343
0.7300,  0.300721
0.7305,  0.297069
0.7310,  0.289119
0.7315,  0.273609
0.7320,  0.254230
0.7325,  0.236159
0.7330,  0.225103
0.7335,  0.216720
0.7340,  0.210909
0.7345,  0.208025
0.7350,  0.207461
0.7355,  0.207776
0.7360,  0.204711
0.7365,  0.200710
0.7370,  0.197338
0.7375,  0.191193
0.7380,  0.183963
0.7385,  0.178865
0.7390,  0.171826
0.7395,  0.169941
0.7400,  0.166942
0.7405,  0.160750
0.7410,  0.152128
0.7415,  0.153418
0.7420,  0.156519
0.7425,  0.161187
0.7430,  0.163504
0.7435,  0.161023
0.7440,  0.162117
0.7445,  0.155701
0.7450,  0.151923
0.7455,  0.151643
0.7460,  0.149908
0.7465,  0.154088
0.7470,  0.155181
0.7475,  0.150914
0.7480,  0.149388
0.7485,  0.150609
0.7490,  0.145290
0.7495,  0.140916
0.7500,  0.139881
0.7505,  0.143386
0.7510,  0.146225
0.7515,  0.152348
0.7520,  0.154931
0.7525,  0.151554
0.7530,  0.147745
0.7535,  0.145324
0.7540,  0.145321
0.7545,  0.141985
0.7550,  0.143191
0.7555,  0.144098
0.7560,  0.142126
0.7565,  0.142451
0.7570,  0.144205
0.7575,  0.167379
0.7580,  0.224492
0.7585,  0.322836
0.7590,  0.468232
0.7595,  0.627464
0.7600,  0.742157
0.7605,  0.781743
0.7610,  0.763963
0.7615,  0.736714
0.7620,  0.734265
0.7625,  0.723592
0.7630,  0.697900
0.7635,  0.652633
0.7640,  0.588707
0.7645,  0.529989
0.7650,  0.465143
0.7655,  0.399870
0.7660,  0.334206
0.7665,  0.276935
0.7670,  0.230020
0.7675,  0.200222
0.7680,  0.177991
0.7685,  0.168934
0.7690,  0.167420
0.7695,  0.165573
0.7700,  0.162368
0.7705,  0.161422
0.7710,  0.157920
0.7715,  0.154563
0.7720,  0.148978
0.7725,  0.146066
0.7730,  0.148954
0.7735,  0.149361
0.7740,  0.139988
0.7745,  0.133516
0.7750,  0.131830
0.7755,  0.136908
0.7760,  0.137601
0.7765,  0.138698
0.7770,  0.143290
0.7775,  0.140383
0.7780,  0.140657
0.7785,  0.146653
0.7790,  0.143076
0.7795,  0.138572
0.7800,  0.138498
0.7805,  0.131375
0.7810,  0.129214
0.7815,  0.128278
0.7820,  0.130987
0.7825,  0.133245
0.7830,  0.135711
0.7835,  0.140929
0.7840,  0.142060
0.7845,  0.145395
0.7850,  0.144477
0.7855,  0.139954
0.7860,  0.141079
0.7865,  0.142776
0.7870,  0.148045
0.7875,  0.154526
0.7880,  0.167225
0.7885,  0.171956
0.7890,  0.177618
0.7895,  0.183271
0.7900,  0.179677
0.7905,  0.174614
0.7910,  0.170652
0.7915,  0.167754
0.7920,  0.170907
0.7925,  0.166895
0.7930,  0.166121
0.7935,  0.160760
0.7940,  0.156288
0.7945,  0.152570
0.7950,  0.148721
0.7955,  0.153718
0.7960,  0.158686
0.7965,  0.159499
0.7970,  0.160766
0.7975,  0.161226
0.7980,  0.161930
0.7985,  0.165620
0.7990,  0.166114
0.7995,  0.167902
0.8000,  0.165660
0.8005,  0.164754
0.8010,  0.168696
0.8015,  0.167876
0.8020,  0.168734
0.8025,  0.173330
0.8030,  0.175106
0.8035,  0.169191
0.8040,  0.163004
0.8045,  0.155893
0.8050,  0.152974
0.8055,  0.157848
0.8060,  0.156411
0.8065,  0.156702
0.8070,  0.157080
0.8075,  0.158652
0.8080,  0.157328
0.8085,  0.155374
0.8090,  0.156298
0.8095,  0.167949
0.8100,  0.169139
0.8105,  0.177796
0.8110,  0.186546
0.8115,  0.196276
0.8120,  0.210514
0.8125,  0.229512
0.8130,  0.251409
0.8135,  0.279171
0.8140,  0.301360
0.8145,  0.315521
0.8150,  0.331893
0.8155,  0.340379
0.8160,  0.347414
0.8165,  0.355551
0.8170,  0.363927
0.8175,  0.359428
0.8180,  0.347140
0.8185,  0.322738
0.8190,  0.290370
0.8195,  0.271958
0.8200,  0.265812
0.8205,  0.262962
0.8210,  0.270565
0.8215,  0.298314
0.8220,  0.326579
0.8225,  0.347805
0.8230,  0.331991
0.8235,  0.295689
0.8240,  0.257236
0.8245,  0.232442
0.8250,  0.227047
0.8255,  0.232071
0.8260,  0.240173
0.8265,  0.253709
0.8270,  0.263940
0.8275,  0.268061
0.8280,  0.284038
0.8285,  0.281381
0.8290,  0.277454
0.8295,  0.272540
0.8300,  0.258550
0.8305,  0.249917
0.8310,  0.239976
0.8315,  0.237669
0.8320,  0.237967
0.8325,  0.233218
0.8330,  0.223762
0.8335,  0.212820
0.8340,  0.208015
0.8345,  0.206635
0.8350,  0.200934
0.8355,  0.195137
0.8360,  0.186662
0.8365,  0.174281
0.8370,  0.162752
0.8375,  0.160152
0.8380,  0.154056
0.8385,  0.160338
0.8390,  0.149974
0.8395,  0.140702
0.8400,  0.136392
0.8405,  0.143609
0.8410,  0.148623
0.8415,  0.145755
0.8420,  0.142228
0.8425,  0.143425
0.8430,  0.134153
0.8435,  0.132484
0.8440,  0.127574
0.8445,  0.114667
0.8450,  0.109996
0.8455,  0.111453
0.8460,  0.119305
0.8465,  0.122523
0.8470,  0.124313
0.8475,  0.129430
0.8480,  0.136506
0.8485,  0.131839
0.8490,  0.122071
0.8495,  0.105925
0.8500,  0.095392
0.8505,  0.101074
0.8510,  0.100876
0.8515,  0.114440
0.8520,  0.137987
0.8525,  0.135503
0.8530,  0.140367
0.8535,  0.122408
0.8540,  0.085426
0.8545,  0.089431
0.8550,  0.084979
0.8555,  0.087594
0.8560,  0.095854
0.8565,  0.091020
0.8570,  0.094335
0.8575,  0.102263
0.8580,  0.120045
0.8585,  0.116904
0.8590,  0.124224
0.8595,  0.138227
0.8600,  0.144854
0.8605,  0.128146
0.8610,  0.119981
0.8615,  0.107631
0.8620,  0.104620
0.8625,  0.104048
0.8630,  0.105609
0.8635,  0.111077
0.8640,  0.121099
0.8645,  0.117772
0.8650,  0.116076
0.8655,  0.103707
0.8660,  0.070652
0.8665,  0.074546
0.8670,  0.081863
0.8675,  0.082904
0.8680,  0.081627
0.8685,  0.081689
0.8690,  0.085475
0.8695,  0.092681
0.8700,  0.101167
0.8705,  0.102274
0.8710,  0.110048
0.8715,  0.113527
0.8720,  0.108307
0.8725,  0.093374
0.8730,  0.094570
0.8735,  0.089110
0.8740,  0.097207
0.8745,  0.108177
0.8750,  0.112436
0.8755,  0.127578
0.8760,  0.137858
0.8765,  0.138838
0.8770,  0.134794
0.8775,  0.134649
0.8780,  0.124192
0.8785,  0.109223
0.8790,  0.088952
0.8795,  0.080353
0.8800,  0.087186
0.8805,  0.093420
0.8810,  0.095489
0.8815,  0.092967
0.8820,  0.092602
0.8825,  0.088467
0.8830,  0.092893
0.8835,  0.082136
0.8840,  0.090211
0.8845,  0.102070
0.8850,  0.113529
0.8855,  0.127066
0.8860,  0.123322
0.8865,  0.105511
0.8870,  0.111778
0.8875,  0.123450
0.8880,  0.124398
0.8885,  0.123547
0.8890,  0.112193
0.8895,  0.103101
0.8900,  0.088240
