0.3500,  0.553573
0.3505,  0.605870
0.3510,  0.575519
0.3515,  0.533977
0.3520,  0.501852
0.3525,  0.464322
0.3530,  0.506149
0.3535,  0.541359
0.3540,  0.554738
0.3545,  0.570932
0.3550,  0.539833
0.3555,  0.520257
0.3560,  0.476702
0.3565,  0.440790
0.3570,  0.413199
0.3575,  0.375003
0.3580,  0.343785
0.3585,  0.297748
0.3590,  0.454912
0.3595,  0.580882
0.3600,  0.563297
0.3605,  0.540676
0.3610,  0.494030
0.3615,  0.450916
0.3620,  0.489642
0.3625,  0.518180
0.3630,  0.492139
0.3635,  0.467287
0.3640,  0.455962
0.3645,  0.437628
0.3650,  0.462693
0.3655,  0.491360
0.3660,  0.496508
0.3665,  0.504404
0.3670,  0.471096
0.3675,  0.438177
0.3680,  0.400309
0.3685,  0.363792
0.3690,  0.405137
0.3695,  0.448801
0.3700,  0.417984
0.3705,  0.380593
0.3710,  0.394720
0.3715,  0.419863
0.3720,  0.400199
0.3725,  0.380167
0.3730,  0.354447
0.3735,  0.323253
0.3740,  0.334032
0.3745,  0.339289
0.3750,  0.415840
0.3755,  0.473127
0.3760,  0.456855
0.3765,  0.432059
0.3770,  0.468746
0.3775,  0.498325
0.3780,  0.482813
0.3785,  0.482263
0.3790,  0.392552
0.3795,  0.297031
0.3800,  0.351509
0.3805,  0.405778
0.3810,  0.377222
0.3815,  0.360962
0.3820,  0.285373
0.3825,  0.192277
0.3830,  0.175945
0.3835,  0.146841
0.3840,  0.311687
0.3845,  0.434289
0.3850,  0.442450
0.3855,  0.452548
0.3860,  0.438079
0.3865,  0.423026
0.3870,  0.412687
0.3875,  0.402230
0.3880,  0.382510
0.3885,  0.359475
0.3890,  0.412527
0.3895,  0.450659
0.3900,  0.443033
0.3905,  0.432225
0.3910,  0.430275
0.3915,  0.445787
0.3920,  0.352251
0.3925,  0.263217
0.3930,  0.108596
0.3935,  -0.112143
0.3940,  0.176654
0.3945,  0.378453
0.3950,  0.476062
0.3955,  0.564485
0.3960,  0.403686
0.3965,  0.204180
0.3970,  0.219663
0.3975,  0.216721
0.3980,  0.394116
0.3985,  0.507802
0.3990,  0.483033
0.3995,  0.467189
0.4000,  0.426777
0.4005,  0.390880
0.4010,  0.373734
0.4015,  0.361459
0.4020,  0.340193
0.4025,  0.327800
0.4030,  0.302969
0.4035,  0.280328
0.4040,  0.274475
0.4045,  0.271683
0.4050,  0.272159
0.4055,  0.273577
0.4060,  0.258979
0.4065,  0.245969
0.4070,  0.260183
0.4075,  0.271049
0.4080,  0.295402
0.4085,  0.317662
0.4090,  0.308122
0.4095,  0.297894
0.4100,  0.248693
0.4105,  0.193722
0.4110,  0.256693
0.4115,  0.316042
0.4120,  0.303393
0.4125,  0.287862
0.4130,  0.273088
0.4135,  0.264371
0.4140,  0.259075
0.4145,  0.252589
0.4150,  0.249225
0.4155,  0.245197
0.4160,  0.265762
0.4165,  0.287908
0.4170,  0.248868
0.4175,  0.205997
0.4180,  0.208508
0.4185,  0.215510
0.4190,  0.221012
0.4195,  0.222216
0.4200,  0.239467
0.4205,  0.257361
0.4210,  0.264056
0.4215,  0.272350
0.4220,  0.225842
0.4225,  0.175747
0.4230,  0.211836
0.4235,  0.244831
0.4240,  0.254277
0.4245,  0.266716
0.4250,  0.252015
0.4255,  0.233638
0.4260,  0.236387
0.4265,  0.244857
0.4270,  0.218115
0.4275,  0.192258
0.4280,  0.206825
0.4285,  0.220347
0.4290,  0.205579
0.4295,  0.196190
0.4300,  0.115630
0.4305,  0.013171
0.4310,  0.194454
0.4315,  0.331996
0.4320,  0.305303
0.4325,  0.272841
0.4330,  0.274170
0.4335,  0.276479
0.4340,  0.248996
0.4345,  0.226607
0.4350,  0.230028
0.4355,  0.230784
0.4360,  0.266274
0.4365,  0.300699
0.4370,  0.266974
0.4375,  0.237861
0.4380,  0.184329
0.4385,  0.125815
0.4390,  0.190189
0.4395,  0.248383
0.4400,  0.221792
0.4405,  0.191749
0.4410,  0.233648
0.4415,  0.269634
0.4420,  0.268193
0.4425,  0.265018
0.4430,  0.239209
0.4435,  0.216424
0.4440,  0.225281
0.4445,  0.237578
0.4450,  0.205638
0.4455,  0.169889
0.4460,  0.184486
0.4465,  0.198198
0.4470,  0.228240
0.4475,  0.258213
0.4480,  0.234977
0.4485,  0.209619
0.4490,  0.212130
0.4495,  0.212557
0.4500,  0.226213
0.4505,  0.238490
0.4510,  0.229049
0.4515,  0.218549
0.4520,  0.185033
0.4525,  0.154589
0.4530,  0.163687
0.4535,  0.176246
0.4540,  0.184644
0.4545,  0.190151
0.4550,  0.201458
0.4555,  0.210466
0.4560,  0.215492
0.4565,  0.220659
0.4570,  0.222785
0.4575,  0.224492
0.4580,  0.196045
0.4585,  0.169211
0.4590,  0.176347
0.4595,  0.184218
0.4600,  0.190058
0.4605,  0.193416
0.4610,  0.194268
0.4615,  0.194721
0.4620,  0.201665
0.4625,  0.207854
0.4630,  0.192612
0.4635,  0.183131
0.4640,  0.174377
0.4645,  0.165164
0.4650,  0.180610
0.4655,  0.200218
0.4660,  0.180187
0.4665,  0.155987
0.4670,  0.179381
0.4675,  0.199087
0.4680,  0.196900
0.4685,  0.195972
0.4690,  0.199019
0.4695,  0.203165
0.4700,  0.182489
0.4705,  0.158367
0.4710,  0.184747
0.4715,  0.210682
0.4720,  0.208717
0.4725,  0.207718
0.4730,  0.195746
0.4735,  0.183721
0.4740,  0.192887
0.4745,  0.203654
0.4750,  0.195653
0.4755,  0.186748
0.4760,  0.173668
0.4765,  0.162155
0.4770,  0.186312
0.4775,  0.207488
0.4780,  0.191566
0.4785,  0.177498
0.4790,  0.189599
0.4795,  0.199252
0.4800,  0.185299
0.4805,  0.177535
0.4810,  0.188611
0.4815,  0.200299
0.4820,  0.189195
0.4825,  0.181243
0.4830,  0.185630
0.4835,  0.187534
0.4840,  0.181492
0.4845,  0.180661
0.4850,  0.166366
0.4855,  0.154547
0.4860,  0.124935
0.4865,  0.085816
0.4870,  0.139881
0.4875,  0.185845
0.4880,  0.199510
0.4885,  0.209137
0.4890,  0.208539
0.4895,  0.207435
0.4900,  0.207179
0.4905,  0.210747
0.4910,  0.185930
0.4915,  0.163003
0.4920,  0.163870
0.4925,  0.164410
0.4930,  0.161316
0.4935,  0.153673
0.4940,  0.183010
0.4945,  0.213373
0.4950,  0.182015
0.4955,  0.150796
0.4960,  0.167139
0.4965,  0.183748
0.4970,  0.185184
0.4975,  0.189575
0.4980,  0.160627
0.4985,  0.129411
0.4990,  0.154646
0.4995,  0.180427
0.5000,  0.161182
0.5005,  0.141048
0.5010,  0.136203
0.5015,  0.129638
0.5020,  0.149361
0.5025,  0.167058
0.5030,  0.175462
0.5035,  0.180418
0.5040,  0.163999
0.5045,  0.145370
0.5050,  0.166393
0.5055,  0.188379
0.5060,  0.176831
0.5065,  0.166757
0.5070,  0.156869
0.5075,  0.147878
0.5080,  0.151659
0.5085,  0.154929
0.5090,  0.153828
0.5095,  0.151667
0.5100,  0.156284
0.5105,  0.160680
0.5110,  0.169126
0.5115,  0.177572
0.5120,  0.151462
0.5125,  0.127325
0.5130,  0.132640
0.5135,  0.135741
0.5140,  0.142991
0.5145,  0.147534
0.5150,  0.154339
0.5155,  0.167251
0.5160,  0.127818
0.5165,  0.087985
0.5170,  0.116306
0.5175,  0.141110
0.5180,  0.128605
0.5185,  0.107315
0.5190,  0.141615
0.5195,  0.172616
0.5200,  0.162730
0.5205,  0.153656
0.5210,  0.162748
0.5215,  0.173297
0.5220,  0.152094
0.5225,  0.132198
0.5230,  0.145423
0.5235,  0.155302
0.5240,  0.163505
0.5245,  0.173800
0.5250,  0.167728
0.5255,  0.166115
0.5260,  0.118512
0.5265,  0.067087
0.5270,  0.109900
0.5275,  0.145485
0.5280,  0.154791
0.5285,  0.160436
0.5290,  0.156258
0.5295,  0.151669
0.5300,  0.152886
0.5305,  0.156206
0.5310,  0.158682
0.5315,  0.162894
0.5320,  0.125758
0.5325,  0.086197
0.5330,  0.126025
0.5335,  0.162933
0.5340,  0.148520
0.5345,  0.131117
0.5350,  0.154454
0.5355,  0.177525
0.5360,  0.151219
0.5365,  0.127196
0.5370,  0.131276
0.5375,  0.136317
0.5380,  0.142902
0.5385,  0.150250
0.5390,  0.136896
0.5395,  0.126050
0.5400,  0.117834
0.5405,  0.108439
0.5410,  0.135800
0.5415,  0.160463
0.5420,  0.148247
0.5425,  0.135347
0.5430,  0.145379
0.5435,  0.153154
0.5440,  0.148622
0.5445,  0.146550
0.5450,  0.151290
0.5455,  0.154302
0.5460,  0.150259
0.5465,  0.146735
0.5470,  0.138492
0.5475,  0.129760
0.5480,  0.137865
0.5485,  0.144574
0.5490,  0.151302
0.5495,  0.156571
0.5500,  0.148590
0.5505,  0.142520
0.5510,  0.144050
0.5515,  0.144788
0.5520,  0.139671
0.5525,  0.134577
0.5530,  0.142953
0.5535,  0.151374
0.5540,  0.153381
0.5545,  0.155014
0.5550,  0.156099
0.5555,  0.157789
0.5560,  0.144272
0.5565,  0.130909
0.5570,  0.139925
0.5575,  0.150329
0.5580,  0.142602
0.5585,  0.133694
0.5590,  0.141279
0.5595,  0.146529
0.5600,  0.153600
0.5605,  0.159262
0.5610,  0.154758
0.5615,  0.150418
0.5620,  0.156254
0.5625,  0.162484
0.5630,  0.165976
0.5635,  0.169027
0.5640,  0.167038
0.5645,  0.167285
0.5650,  0.158130
0.5655,  0.147352
0.5660,  0.153466
0.5665,  0.158214
0.5670,  0.170959
0.5675,  0.185435
0.5680,  0.171160
0.5685,  0.157038
0.5690,  0.172210
0.5695,  0.186866
0.5700,  0.170100
0.5705,  0.151020
0.5710,  0.162231
0.5715,  0.170536
0.5720,  0.181444
0.5725,  0.191909
0.5730,  0.184840
0.5735,  0.180501
0.5740,  0.178744
0.5745,  0.179655
0.5750,  0.174614
0.5755,  0.167935
0.5760,  0.173368
0.5765,  0.178412
0.5770,  0.184663
0.5775,  0.189656
0.5780,  0.173383
0.5785,  0.156771
0.5790,  0.165594
0.5795,  0.172847
0.5800,  0.172674
0.5805,  0.173417
0.5810,  0.175461
0.5815,  0.178803
0.5820,  0.182488
0.5825,  0.184285
0.5830,  0.179284
0.5835,  0.174642
0.5840,  0.173832
0.5845,  0.176916
0.5850,  0.164252
0.5855,  0.150931
0.5860,  0.165653
0.5865,  0.180316
0.5870,  0.189036
0.5875,  0.202622
0.5880,  0.196453
0.5885,  0.190578
0.5890,  0.171545
0.5895,  0.145788
0.5900,  0.197362
0.5905,  0.239908
0.5910,  0.227286
0.5915,  0.214411
0.5920,  0.211977
0.5925,  0.210441
0.5930,  0.203859
0.5935,  0.201679
0.5940,  0.199263
0.5945,  0.198675
0.5950,  0.203450
0.5955,  0.204834
0.5960,  0.207508
0.5965,  0.209499
0.5970,  0.200205
0.5975,  0.191869
0.5980,  0.183446
0.5985,  0.179944
0.5990,  0.188071
0.5995,  0.196065
0.6000,  0.193413
0.6005,  0.188914
0.6010,  0.190902
0.6015,  0.190834
0.6020,  0.180130
0.6025,  0.168384
0.6030,  0.180977
0.6035,  0.193471
0.6040,  0.191606
0.6045,  0.192734
0.6050,  0.191634
0.6055,  0.187972
0.6060,  0.185228
0.6065,  0.183791
0.6070,  0.183930
0.6075,  0.185047
0.6080,  0.184203
0.6085,  0.184996
0.6090,  0.189669
0.6095,  0.193102
0.6100,  0.185454
0.6105,  0.176276
0.6110,  0.186259
0.6115,  0.196714
0.6120,  0.187198
0.6125,  0.178698
0.6130,  0.177379
0.6135,  0.179683
0.6140,  0.192668
0.6145,  0.201869
0.6150,  0.203704
0.6155,  0.207391
0.6160,  0.183678
0.6165,  0.156481
0.6170,  0.179569
0.6175,  0.200373
0.6180,  0.204111
0.6185,  0.208373
0.6190,  0.206484
0.6195,  0.201777
0.6200,  0.208658
0.6205,  0.216019
0.6210,  0.205973
0.6215,  0.195450
0.6220,  0.202372
0.6225,  0.207546
0.6230,  0.197531
0.6235,  0.192792
0.6240,  0.197224
0.6245,  0.199112
0.6250,  0.195904
0.6255,  0.192450
0.6260,  0.209764
0.6265,  0.225216
0.6270,  0.223570
0.6275,  0.225580
0.6280,  0.229713
0.6285,  0.234718
0.6290,  0.234677
0.6295,  0.233123
0.6300,  0.229803
0.6305,  0.224842
0.6310,  0.218751
0.6315,  0.217397
0.6320,  0.213192
0.6325,  0.211155
0.6330,  0.211044
0.6335,  0.213538
0.6340,  0.217532
0.6345,  0.221681
0.6350,  0.224909
0.6355,  0.225620
0.6360,  0.225180
0.6365,  0.219797
0.6370,  0.212535
0.6375,  0.206265
0.6380,  0.203954
0.6385,  0.204029
0.6390,  0.205860
0.6395,  0.207120
0.6400,  0.208324
0.6405,  0.207521
0.6410,  0.205414
0.6415,  0.205456
0.6420,  0.203852
0.6425,  0.201686
0.6430,  0.197265
0.6435,  0.195075
0.6440,  0.196907
0.6445,  0.202704
0.6450,  0.210102
0.6455,  0.216571
0.6460,  0.223503
0.6465,  0.227287
0.6470,  0.228440
0.6475,  0.224660
0.6480,  0.221887
0.6485,  0.219158
0.6490,  0.215121
0.6495,  0.218889
0.6500,  0.219270
0.6505,  0.224960
0.6510,  0.233575
0.6515,  0.236550
0.6520,  0.237816
0.6525,  0.235564
0.6530,  0.233238
0.6535,  0.223304
0.6540,  0.217980
0.6545,  0.216717
0.6550,  0.223310
0.6555,  0.224618
0.6560,  0.221542
0.6565,  0.207914
0.6570,  0.178990
0.6575,  0.188982
0.6580,  0.199229
0.6585,  0.211268
0.6590,  0.226410
0.6595,  0.219916
0.6600,  0.213074
0.6605,  0.205078
0.6610,  0.199979
0.6615,  0.193154
0.6620,  0.190029
0.6625,  0.190006
0.6630,  0.192673
0.6635,  0.199459
0.6640,  0.204370
0.6645,  0.208486
0.6650,  0.209500
0.6655,  0.205591
0.6660,  0.201596
0.6665,  0.200768
0.6670,  0.194379
0.6675,  0.192521
0.6680,  0.192948
0.6685,  0.195502
0.6690,  0.198865
0.6695,  0.197654
0.6700,  0.199476
0.6705,  0.203034
0.6710,  0.204371
0.6715,  0.208655
0.6720,  0.209532
0.6725,  0.206999
0.6730,  0.202224
0.6735,  0.197412
0.6740,  0.195148
0.6745,  0.193105
0.6750,  0.191657
0.6755,  0.193375
0.6760,  0.198251
0.6765,  0.204749
0.6770,  0.209468
0.6775,  0.211285
0.6780,  0.213263
0.6785,  0.212864
0.6790,  0.207546
0.6795,  0.201426
0.6800,  0.198976
0.6805,  0.197734
0.6810,  0.199833
0.6815,  0.200518
0.6820,  0.203428
0.6825,  0.208990
0.6830,  0.213051
0.6835,  0.214123
0.6840,  0.212686
0.6845,  0.211003
0.6850,  0.212708
0.6855,  0.225681
0.6860,  0.252222
0.6865,  0.288426
0.6870,  0.324399
0.6875,  0.347719
0.6880,  0.356763
0.6885,  0.355098
0.6890,  0.350800
0.6895,  0.344557
0.6900,  0.337274
0.6905,  0.326340
0.6910,  0.315477
0.6915,  0.309814
0.6920,  0.304752
0.6925,  0.296936
0.6930,  0.294494
0.6935,  0.292781
0.6940,  0.294316
0.6945,  0.293176
0.6950,  0.291558
0.6955,  0.285885
0.6960,  0.278945
0.6965,  0.272772
0.6970,  0.263724
0.6975,  0.262955
0.6980,  0.269608
0.6985,  0.275943
0.6990,  0.285144
0.6995,  0.289243
0.7000,  0.290288
0.7005,  0.288683
0.7010,  0.286216
0.7015,  0.290095
0.7020,  0.288511
0.7025,  0.284284
0.7030,  0.281474
0.7035,  0.283804
0.7040,  0.289659
0.7045,  0.291385
0.7050,  0.293904
0.7055,  0.291168
0.7060,  0.287489
0.7065,  0.280565
0.7070,  0.272175
0.7075,  0.265567
0.7080,  0.257984
0.7085,  0.253337
0.7090,  0.251054
0.7095,  0.253298
0.7100,  0.253206
0.7105,  0.253873
0.7110,  0.255941
0.7115,  0.255557
0.7120,  0.256861
0.7125,  0.257468
0.7130,  0.259013
0.7135,  0.264651
0.7140,  0.267828
0.7145,  0.269355
0.7150,  0.273590
0.7155,  0.284687
0.7160,  0.307160
0.7165,  0.339779
0.7170,  0.383863
0.7175,  0.428723
0.7180,  0.471538
0.7185,  0.502946
0.7190,  0.524034
0.7195,  0.535303
0.7200,  0.528243
0.7205,  0.499247
0.7210,  0.458714
0.7215,  0.423785
0.7220,  0.403833
0.7225,  0.407288
0.7230,  0.423410
0.7235,  0.445446
0.7240,  0.467733
0.7245,  0.483381
0.7250,  0.489457
0.7255,  0.497680
0.7260,  0.498713
0.7265,  0.495496
0.7270,  0.496585
0.7275,  0.488024
0.7280,  0.480651
0.7285,  0.471512
0.7290,  0.463637
0.7295,  0.457665
0.7300,  0.446994
0.7305,  0.444946
0.7310,  0.443593
0.7315,  0.430217
0.7320,  0.407895
0.7325,  0.383185
0.7330,  0.356706
0.7335,  0.336129
0.7340,  0.323102
0.7345,  0.316975
0.7350,  0.316876
0.7355,  0.321278
0.7360,  0.319039
0.7365,  0.317527
0.7370,  0.313197
0.7375,  0.307522
0.7380,  0.303523
0.7385,  0.297542
0.7390,  0.291694
0.7395,  0.289246
0.7400,  0.287012
0.7405,  0.283749
0.7410,  0.280591
0.7415,  0.285170
0.7420,  0.288762
0.7425,  0.289465
0.7430,  0.287145
0.7435,  0.280599
0.7440,  0.280957
0.7445,  0.282157
0.7450,  0.278493
0.7455,  0.276403
0.7460,  0.275021
0.7465,  0.280653
0.7470,  0.284321
0.7475,  0.279531
0.7480,  0.276937
0.7485,  0.275666
0.7490,  0.276437
0.7495,  0.280462
0.7500,  0.280241
0.7505,  0.282359
0.7510,  0.280501
0.7515,  0.273473
0.7520,  0.272076
0.7525,  0.276941
0.7530,  0.279352
0.7535,  0.278945
0.7540,  0.272339
0.7545,  0.268972
0.7550,  0.267266
0.7555,  0.266024
0.7560,  0.267374
0.7565,  0.268224
0.7570,  0.263198
0.7575,  0.269027
0.7580,  0.284899
0.7585,  0.331630
0.7590,  0.428969
0.7595,  0.596170
0.7600,  0.809521
0.7605,  1.001962
0.7610,  1.095963
0.7615,  1.088896
0.7620,  1.054866
0.7625,  1.042980
0.7630,  1.021605
0.7635,  0.985648
0.7640,  0.935687
0.7645,  0.867450
0.7650,  0.787403
0.7655,  0.703427
0.7660,  0.624713
0.7665,  0.551795
0.7670,  0.480641
0.7675,  0.433407
0.7680,  0.402070
0.7685,  0.376643
0.7690,  0.362376
0.7695,  0.350429
0.7700,  0.339208
0.7705,  0.328401
0.7710,  0.319857
0.7715,  0.318932
0.7720,  0.318192
0.7725,  0.309736
0.7730,  0.307130
0.7735,  0.307087
0.7740,  0.300238
0.7745,  0.293829
0.7750,  0.296066
0.7755,  0.297532
0.7760,  0.294047
0.7765,  0.295236
0.7770,  0.298403
0.7775,  0.297147
0.7780,  0.296340
0.7785,  0.290853
0.7790,  0.289044
0.7795,  0.294169
0.7800,  0.295831
0.7805,  0.290270
0.7810,  0.285891
0.7815,  0.281183
0.7820,  0.281406
0.7825,  0.285820
0.7830,  0.291314
0.7835,  0.297778
0.7840,  0.297491
0.7845,  0.294099
0.7850,  0.292445
0.7855,  0.286365
0.7860,  0.289658
0.7865,  0.299113
0.7870,  0.310265
0.7875,  0.316687
0.7880,  0.321718
0.7885,  0.330116
0.7890,  0.340676
0.7895,  0.346715
0.7900,  0.351108
0.7905,  0.353392
0.7910,  0.353069
0.7915,  0.351428
0.7920,  0.355454
0.7925,  0.360938
0.7930,  0.358994
0.7935,  0.358927
0.7940,  0.358304
0.7945,  0.360977
0.7950,  0.366771
0.7955,  0.374015
0.7960,  0.378931
0.7965,  0.376187
0.7970,  0.367744
0.7975,  0.371859
0.7980,  0.371489
0.7985,  0.366796
0.7990,  0.366336
0.7995,  0.370993
0.8000,  0.373395
0.8005,  0.373109
0.8010,  0.375143
0.8015,  0.379516
0.8020,  0.384745
0.8025,  0.380813
0.8030,  0.376450
0.8035,  0.373108
0.8040,  0.376350
0.8045,  0.380860
0.8050,  0.375397
0.8055,  0.368085
0.8060,  0.364520
0.8065,  0.355642
0.8070,  0.352714
0.8075,  0.354556
0.8080,  0.354801
0.8085,  0.355633
0.8090,  0.355960
0.8095,  0.361606
0.8100,  0.371400
0.8105,  0.390336
0.8110,  0.412330
0.8115,  0.424718
0.8120,  0.450068
0.8125,  0.481096
0.8130,  0.509271
0.8135,  0.536154
0.8140,  0.561144
0.8145,  0.583544
0.8150,  0.609960
0.8155,  0.629838
0.8160,  0.654457
0.8165,  0.670251
0.8170,  0.674777
0.8175,  0.675394
0.8180,  0.669081
0.8185,  0.659405
0.8190,  0.636598
0.8195,  0.623300
0.8200,  0.599945
0.8205,  0.575785
0.8210,  0.574687
0.8215,  0.606926
0.8220,  0.651030
0.8225,  0.686907
0.8230,  0.714330
0.8235,  0.696567
0.8240,  0.646909
0.8245,  0.594095
0.8250,  0.564335
0.8255,  0.554179
0.8260,  0.551568
0.8265,  0.546469
0.8270,  0.555367
0.8275,  0.579559
0.8280,  0.586250
0.8285,  0.583711
0.8290,  0.583690
0.8295,  0.583669
0.8300,  0.578400
0.8305,  0.576940
0.8310,  0.563152
0.8315,  0.545862
0.8320,  0.534207
0.8325,  0.527495
0.8330,  0.527869
0.8335,  0.526712
0.8340,  0.512579
0.8345,  0.490842
0.8350,  0.473249
0.8355,  0.464101
0.8360,  0.460527
0.8365,  0.461836
0.8370,  0.456578
0.8375,  0.455854
0.8380,  0.456009
0.8385,  0.452487
0.8390,  0.437446
0.8395,  0.423638
0.8400,  0.413114
0.8405,  0.417296
0.8410,  0.416155
0.8415,  0.417927
0.8420,  0.425498
0.8425,  0.426191
0.8430,  0.419411
0.8435,  0.411769
0.8440,  0.420733
0.8445,  0.420799
0.8450,  0.423702
0.8455,  0.425235
0.8460,  0.417696
0.8465,  0.413867
0.8470,  0.422693
0.8475,  0.421998
0.8480,  0.408368
0.8485,  0.410511
0.8490,  0.414564
0.8495,  0.423267
0.8500,  0.428537
0.8505,  0.439987
0.8510,  0.439188
0.8515,  0.430762
0.8520,  0.428399
0.8525,  0.417943
0.8530,  0.430610
0.8535,  0.450299
0.8540,  0.445703
0.8545,  0.483393
0.8550,  0.501200
0.8555,  0.494327
0.8560,  0.475655
0.8565,  0.464334
0.8570,  0.457060
0.8575,  0.464437
0.8580,  0.469115
0.8585,  0.470793
0.8590,  0.474496
0.8595,  0.463286
0.8600,  0.461488
0.8605,  0.448550
0.8610,  0.449451
0.8615,  0.454272
0.8620,  0.462248
0.8625,  0.460880
0.8630,  0.458334
0.8635,  0.465210
0.8640,  0.464722
0.8645,  0.462234
0.8650,  0.464012
0.8655,  0.466818
0.8660,  0.481632
0.8665,  0.489957
0.8670,  0.481754
0.8675,  0.476663
0.8680,  0.460180
0.8685,  0.458803
0.8690,  0.476070
0.8695,  0.476238
0.8700,  0.493604
0.8705,  0.487491
0.8710,  0.489226
0.8715,  0.494679
0.8720,  0.500759
0.8725,  0.509760
0.8730,  0.503403
0.8735,  0.501501
0.8740,  0.498547
0.8745,  0.507268
0.8750,  0.519501
0.8755,  0.525277
0.8760,  0.508363
0.8765,  0.499555
0.8770,  0.493176
0.8775,  0.508320
0.8780,  0.525807
0.8785,  0.527945
0.8790,  0.528185
0.8795,  0.534160
0.8800,  0.534539
0.8805,  0.521547
0.8810,  0.518665
0.8815,  0.522968
0.8820,  0.535675
0.8825,  0.545287
0.8830,  0.535679
0.8835,  0.550991
0.8840,  0.559332
0.8845,  0.571202
0.8850,  0.574916
0.8855,  0.574421
0.8860,  0.586705
0.8865,  0.607152
0.8870,  0.597771
0.8875,  0.592807
0.8880,  0.599499
0.8885,  0.594072
0.8890,  0.596487
0.8895,  0.608088
0.8900,  0.628428
