0.3500,  0.259262
0.3505,  0.322420
0.3510,  0.290826
0.3515,  0.260278
0.3520,  0.219504
0.3525,  0.170760
0.3530,  0.209339
0.3535,  0.249465
0.3540,  0.277262
0.3545,  0.310856
0.3550,  0.293069
0.3555,  0.276883
0.3560,  0.230686
0.3565,  0.192936
0.3570,  0.161400
0.3575,  0.128877
0.3580,  0.090365
0.3585,  0.026629
0.3590,  0.189828
0.3595,  0.322417
0.3600,  0.302466
0.3605,  0.285214
0.3610,  0.225453
0.3615,  0.168409
0.3620,  0.216734
0.3625,  0.261510
0.3630,  0.253686
0.3635,  0.241443
0.3640,  0.229437
0.3645,  0.213589
0.3650,  0.253840
0.3655,  0.290992
0.3660,  0.305278
0.3665,  0.317823
0.3670,  0.285866
0.3675,  0.260306
0.3680,  0.223220
0.3685,  0.180528
0.3690,  0.226105
0.3695,  0.275425
0.3700,  0.246361
0.3705,  0.215164
0.3710,  0.234762
0.3715,  0.260921
0.3720,  0.230796
0.3725,  0.196263
0.3730,  0.157969
0.3735,  0.122120
0.3740,  0.139212
0.3745,  0.139275
0.3750,  0.208849
0.3755,  0.270778
0.3760,  0.264176
0.3765,  0.244264
0.3770,  0.289241
0.3775,  0.336281
0.3780,  0.335333
0.3785,  0.343084
0.3790,  0.248245
0.3795,  0.142003
0.3800,  0.197933
0.3805,  0.258302
0.3810,  0.233462
0.3815,  0.220154
0.3820,  0.137782
0.3825,  0.031013
0.3830,  -0.001489
0.3835,  -0.052093
0.3840,  0.112353
0.3845,  0.241899
0.3850,  0.250519
0.3855,  0.259146
0.3860,  0.247947
0.3865,  0.238907
0.3870,  0.234460
0.3875,  0.228446
0.3880,  0.212846
0.3885,  0.191345
0.3890,  0.252262
0.3895,  0.296142
0.3900,  0.288546
0.3905,  0.285081
0.3910,  0.299548
0.3915,  0.331396
0.3920,  0.234870
0.3925,  0.132843
0.3930,  -0.044893
0.3935,  -0.298131
0.3940,  0.000644
0.3945,  0.211670
0.3950,  0.319643
0.3955,  0.421711
0.3960,  0.258213
0.3965,  0.049704
0.3970,  0.066920
0.3975,  0.056212
0.3980,  0.244213
0.3985,  0.373130
0.3990,  0.353831
0.3995,  0.347228
0.4000,  0.318468
0.4005,  0.292163
0.4010,  0.282438
0.4015,  0.279224
0.4020,  0.265383
0.4025,  0.257976
0.4030,  0.231907
0.4035,  0.205488
0.4040,  0.200387
0.4045,  0.198421
0.4050,  0.195025
0.4055,  0.194518
0.4060,  0.179615
0.4065,  0.164907
0.4070,  0.178134
0.4075,  0.187661
0.4080,  0.215632
0.4085,  0.243496
0.4090,  0.237843
0.4095,  0.234365
0.4100,  0.188521
0.4105,  0.131877
0.4110,  0.200028
0.4115,  0.258746
0.4120,  0.236022
0.4125,  0.214989
0.4130,  0.199265
0.4135,  0.186468
0.4140,  0.178412
0.4145,  0.171075
0.4150,  0.168965
0.4155,  0.166792
0.4160,  0.193657
0.4165,  0.223812
0.4170,  0.189664
0.4175,  0.149708
0.4180,  0.156622
0.4185,  0.163634
0.4190,  0.169802
0.4195,  0.171628
0.4200,  0.184860
0.4205,  0.198809
0.4210,  0.203418
0.4215,  0.211973
0.4220,  0.163044
0.4225,  0.109823
0.4230,  0.148911
0.4235,  0.185336
0.4240,  0.198686
0.4245,  0.218226
0.4250,  0.204837
0.4255,  0.185796
0.4260,  0.187412
0.4265,  0.194477
0.4270,  0.159613
0.4275,  0.128002
0.4280,  0.140087
0.4285,  0.157581
0.4290,  0.145423
0.4295,  0.136721
0.4300,  0.051066
0.4305,  -0.060482
0.4310,  0.132939
0.4315,  0.278546
0.4320,  0.244739
0.4325,  0.210352
0.4330,  0.214353
0.4335,  0.219258
0.4340,  0.191878
0.4345,  0.165730
0.4350,  0.165370
0.4355,  0.162015
0.4360,  0.200999
0.4365,  0.241130
0.4370,  0.210005
0.4375,  0.184147
0.4380,  0.134596
0.4385,  0.078500
0.4390,  0.153323
0.4395,  0.216512
0.4400,  0.182504
0.4405,  0.144159
0.4410,  0.185805
0.4415,  0.224326
0.4420,  0.222946
0.4425,  0.221015
0.4430,  0.196973
0.4435,  0.176283
0.4440,  0.189256
0.4445,  0.203882
0.4450,  0.169642
0.4455,  0.133897
0.4460,  0.150465
0.4465,  0.159748
0.4470,  0.192865
0.4475,  0.225901
0.4480,  0.198251
0.4485,  0.167251
0.4490,  0.169126
0.4495,  0.172311
0.4500,  0.188792
0.4505,  0.205662
0.4510,  0.195386
0.4515,  0.191354
0.4520,  0.159728
0.4525,  0.130533
0.4530,  0.143315
0.4535,  0.155167
0.4540,  0.161293
0.4545,  0.162772
0.4550,  0.169755
0.4555,  0.176337
0.4560,  0.178487
0.4565,  0.181227
0.4570,  0.182183
0.4575,  0.188071
0.4580,  0.162914
0.4585,  0.138499
0.4590,  0.151045
0.4595,  0.160848
0.4600,  0.167256
0.4605,  0.172358
0.4610,  0.174078
0.4615,  0.174034
0.4620,  0.181845
0.4625,  0.189346
0.4630,  0.173384
0.4635,  0.163569
0.4640,  0.154691
0.4645,  0.145812
0.4650,  0.166423
0.4655,  0.189636
0.4660,  0.168992
0.4665,  0.149221
0.4670,  0.175423
0.4675,  0.195667
0.4680,  0.190241
0.4685,  0.184238
0.4690,  0.187383
0.4695,  0.191100
0.4700,  0.169513
0.4705,  0.142862
0.4710,  0.171748
0.4715,  0.201511
0.4720,  0.198162
0.4725,  0.199535
0.4730,  0.188275
0.4735,  0.177154
0.4740,  0.187321
0.4745,  0.200235
0.4750,  0.194987
0.4755,  0.190018
0.4760,  0.177274
0.4765,  0.162619
0.4770,  0.187189
0.4775,  0.209501
0.4780,  0.190029
0.4785,  0.170497
0.4790,  0.183101
0.4795,  0.194546
0.4800,  0.184135
0.4805,  0.176870
0.4810,  0.191549
0.4815,  0.203549
0.4820,  0.191953
0.4825,  0.184269
0.4830,  0.190107
0.4835,  0.195239
0.4840,  0.191691
0.4845,  0.194698
0.4850,  0.181248
0.4855,  0.168346
0.4860,  0.131694
0.4865,  0.082017
0.4870,  0.133399
0.4875,  0.178218
0.4880,  0.190883
0.4885,  0.201313
0.4890,  0.201883
0.4895,  0.203084
0.4900,  0.206990
0.4905,  0.216215
0.4910,  0.193438
0.4915,  0.170568
0.4920,  0.171382
0.4925,  0.169559
0.4930,  0.162138
0.4935,  0.152503
0.4940,  0.184252
0.4945,  0.216430
0.4950,  0.184992
0.4955,  0.153585
0.4960,  0.173852
0.4965,  0.195111
0.4970,  0.199076
0.4975,  0.203455
0.4980,  0.171553
0.4985,  0.137480
0.4990,  0.164452
0.4995,  0.191722
0.5000,  0.171164
0.5005,  0.150888
0.5010,  0.146971
0.5015,  0.138458
0.5020,  0.158097
0.5025,  0.176887
0.5030,  0.186854
0.5035,  0.195344
0.5040,  0.179209
0.5045,  0.159117
0.5050,  0.179335
0.5055,  0.201214
0.5060,  0.191762
0.5065,  0.182994
0.5070,  0.172430
0.5075,  0.161553
0.5080,  0.164860
0.5085,  0.167219
0.5090,  0.166330
0.5095,  0.165440
0.5100,  0.170625
0.5105,  0.175108
0.5110,  0.184574
0.5115,  0.195291
0.5120,  0.169489
0.5125,  0.144889
0.5130,  0.148564
0.5135,  0.150508
0.5140,  0.156799
0.5145,  0.161734
0.5150,  0.171632
0.5155,  0.188405
0.5160,  0.150439
0.5165,  0.109580
0.5170,  0.136727
0.5175,  0.156689
0.5180,  0.136734
0.5185,  0.109950
0.5190,  0.145506
0.5195,  0.179804
0.5200,  0.171089
0.5205,  0.162577
0.5210,  0.172858
0.5215,  0.185021
0.5220,  0.162683
0.5225,  0.138437
0.5230,  0.149437
0.5235,  0.158706
0.5240,  0.168937
0.5245,  0.181828
0.5250,  0.181732
0.5255,  0.186953
0.5260,  0.138451
0.5265,  0.081845
0.5270,  0.123299
0.5275,  0.154646
0.5280,  0.160016
0.5285,  0.165035
0.5290,  0.160670
0.5295,  0.158585
0.5300,  0.161525
0.5305,  0.167401
0.5310,  0.170888
0.5315,  0.179142
0.5320,  0.141077
0.5325,  0.098971
0.5330,  0.139746
0.5335,  0.175973
0.5340,  0.155956
0.5345,  0.133825
0.5350,  0.159631
0.5355,  0.187437
0.5360,  0.162153
0.5365,  0.137893
0.5370,  0.142136
0.5375,  0.145145
0.5380,  0.153260
0.5385,  0.163759
0.5390,  0.153699
0.5395,  0.140781
0.5400,  0.129701
0.5405,  0.115938
0.5410,  0.142271
0.5415,  0.166909
0.5420,  0.151085
0.5425,  0.135919
0.5430,  0.146349
0.5435,  0.154322
0.5440,  0.151960
0.5445,  0.153364
0.5450,  0.160162
0.5455,  0.165112
0.5460,  0.161349
0.5465,  0.158795
0.5470,  0.149497
0.5475,  0.138366
0.5480,  0.143773
0.5485,  0.148479
0.5490,  0.154580
0.5495,  0.161333
0.5500,  0.153070
0.5505,  0.146194
0.5510,  0.149649
0.5515,  0.153684
0.5520,  0.150647
0.5525,  0.145167
0.5530,  0.151157
0.5535,  0.157591
0.5540,  0.160024
0.5545,  0.161415
0.5550,  0.162224
0.5555,  0.165097
0.5560,  0.151230
0.5565,  0.137724
0.5570,  0.147745
0.5575,  0.159976
0.5580,  0.151317
0.5585,  0.141323
0.5590,  0.145611
0.5595,  0.149871
0.5600,  0.155338
0.5605,  0.159653
0.5610,  0.153909
0.5615,  0.148603
0.5620,  0.152808
0.5625,  0.158020
0.5630,  0.160577
0.5635,  0.165350
0.5640,  0.166996
0.5645,  0.168320
0.5650,  0.157580
0.5655,  0.145116
0.5660,  0.152140
0.5665,  0.157715
0.5670,  0.171241
0.5675,  0.187383
0.5680,  0.170586
0.5685,  0.153999
0.5690,  0.169507
0.5695,  0.184860
0.5700,  0.165312
0.5705,  0.142908
0.5710,  0.152077
0.5715,  0.158163
0.5720,  0.166607
0.5725,  0.178911
0.5730,  0.173339
0.5735,  0.170218
0.5740,  0.169332
0.5745,  0.170721
0.5750,  0.164808
0.5755,  0.154561
0.5760,  0.157617
0.5765,  0.162612
0.5770,  0.166129
0.5775,  0.170095
0.5780,  0.153693
0.5785,  0.134896
0.5790,  0.145232
0.5795,  0.153412
0.5800,  0.154174
0.5805,  0.155104
0.5810,  0.155494
0.5815,  0.156654
0.5820,  0.158812
0.5825,  0.159675
0.5830,  0.152869
0.5835,  0.149424
0.5840,  0.149699
0.5845,  0.154689
0.5850,  0.141956
0.5855,  0.127181
0.5860,  0.142657
0.5865,  0.160539
0.5870,  0.174284
0.5875,  0.193113
0.5880,  0.189152
0.5885,  0.179597
0.5890,  0.150178
0.5895,  0.111075
0.5900,  0.160378
0.5905,  0.206474
0.5910,  0.195605
0.5915,  0.183688
0.5920,  0.183004
0.5925,  0.185035
0.5930,  0.182309
0.5935,  0.183779
0.5940,  0.182178
0.5945,  0.177748
0.5950,  0.180171
0.5955,  0.179995
0.5960,  0.180520
0.5965,  0.181447
0.5970,  0.172465
0.5975,  0.165662
0.5980,  0.159252
0.5985,  0.153207
0.5990,  0.158879
0.5995,  0.168099
0.6000,  0.165265
0.6005,  0.162169
0.6010,  0.163046
0.6015,  0.159855
0.6020,  0.145561
0.6025,  0.132036
0.6030,  0.145899
0.6035,  0.161032
0.6040,  0.159762
0.6045,  0.162482
0.6050,  0.161304
0.6055,  0.158107
0.6060,  0.156375
0.6065,  0.155177
0.6070,  0.154752
0.6075,  0.155798
0.6080,  0.157085
0.6085,  0.157977
0.6090,  0.163597
0.6095,  0.167471
0.6100,  0.156269
0.6105,  0.143021
0.6110,  0.151949
0.6115,  0.163995
0.6120,  0.155507
0.6125,  0.147578
0.6130,  0.146588
0.6135,  0.146412
0.6140,  0.159348
0.6145,  0.172033
0.6150,  0.176000
0.6155,  0.177598
0.6160,  0.148801
0.6165,  0.115859
0.6170,  0.138749
0.6175,  0.163087
0.6180,  0.165707
0.6185,  0.168309
0.6190,  0.164931
0.6195,  0.160498
0.6200,  0.167780
0.6205,  0.175061
0.6210,  0.164629
0.6215,  0.154396
0.6220,  0.161861
0.6225,  0.171226
0.6230,  0.164113
0.6235,  0.157276
0.6240,  0.162462
0.6245,  0.164358
0.6250,  0.159416
0.6255,  0.151365
0.6260,  0.166553
0.6265,  0.183886
0.6270,  0.187762
0.6275,  0.191010
0.6280,  0.196421
0.6285,  0.202659
0.6290,  0.203092
0.6295,  0.201115
0.6300,  0.193960
0.6305,  0.184482
0.6310,  0.172353
0.6315,  0.169246
0.6320,  0.167881
0.6325,  0.167524
0.6330,  0.169026
0.6335,  0.171013
0.6340,  0.174004
0.6345,  0.178151
0.6350,  0.181226
0.6355,  0.178027
0.6360,  0.172833
0.6365,  0.167242
0.6370,  0.159779
0.6375,  0.154552
0.6380,  0.153615
0.6385,  0.155342
0.6390,  0.159540
0.6395,  0.161930
0.6400,  0.162130
0.6405,  0.163038
0.6410,  0.161061
0.6415,  0.160161
0.6420,  0.156536
0.6425,  0.152223
0.6430,  0.150423
0.6435,  0.150692
0.6440,  0.154087
0.6445,  0.158559
0.6450,  0.168367
0.6455,  0.175026
0.6460,  0.182299
0.6465,  0.188712
0.6470,  0.192657
0.6475,  0.189176
0.6480,  0.187931
0.6485,  0.184231
0.6490,  0.177751
0.6495,  0.178601
0.6500,  0.179067
0.6505,  0.182200
0.6510,  0.188127
0.6515,  0.185660
0.6520,  0.181784
0.6525,  0.178140
0.6530,  0.176422
0.6535,  0.169184
0.6540,  0.167733
0.6545,  0.177172
0.6550,  0.190431
0.6555,  0.188272
0.6560,  0.170588
0.6565,  0.135381
0.6570,  0.093117
0.6575,  0.102726
0.6580,  0.114219
0.6585,  0.129666
0.6590,  0.146163
0.6595,  0.141916
0.6600,  0.140040
0.6605,  0.136371
0.6610,  0.135534
0.6615,  0.131678
0.6620,  0.130680
0.6625,  0.133268
0.6630,  0.134936
0.6635,  0.137231
0.6640,  0.139964
0.6645,  0.141246
0.6650,  0.145366
0.6655,  0.143966
0.6660,  0.139925
0.6665,  0.136453
0.6670,  0.131727
0.6675,  0.131925
0.6680,  0.131179
0.6685,  0.135370
0.6690,  0.139930
0.6695,  0.137632
0.6700,  0.132389
0.6705,  0.129089
0.6710,  0.126940
0.6715,  0.129999
0.6720,  0.132474
0.6725,  0.136058
0.6730,  0.134848
0.6735,  0.129830
0.6740,  0.127751
0.6745,  0.127211
0.6750,  0.127036
0.6755,  0.127820
0.6760,  0.127501
0.6765,  0.127770
0.6770,  0.129810
0.6775,  0.132006
0.6780,  0.131464
0.6785,  0.131738
0.6790,  0.128594
0.6795,  0.127751
0.6800,  0.127277
0.6805,  0.127834
0.6810,  0.130478
0.6815,  0.132312
0.6820,  0.135361
0.6825,  0.139115
0.6830,  0.142823
0.6835,  0.144057
0.6840,  0.140996
0.6845,  0.141304
0.6850,  0.149539
0.6855,  0.176100
0.6860,  0.213402
0.6865,  0.251727
0.6870,  0.275436
0.6875,  0.277863
0.6880,  0.273762
0.6885,  0.267154
0.6890,  0.262202
0.6895,  0.251913
0.6900,  0.240057
0.6905,  0.231292
0.6910,  0.224873
0.6915,  0.221917
0.6920,  0.219903
0.6925,  0.220349
0.6930,  0.223597
0.6935,  0.222878
0.6940,  0.220793
0.6945,  0.215900
0.6950,  0.206967
0.6955,  0.193677
0.6960,  0.182964
0.6965,  0.176650
0.6970,  0.173453
0.6975,  0.178265
0.6980,  0.186903
0.6985,  0.199626
0.6990,  0.210956
0.6995,  0.212726
0.7000,  0.207706
0.7005,  0.202293
0.7010,  0.193915
0.7015,  0.195108
0.7020,  0.190818
0.7025,  0.188509
0.7030,  0.185698
0.7035,  0.187661
0.7040,  0.187670
0.7045,  0.194156
0.7050,  0.200287
0.7055,  0.198699
0.7060,  0.194906
0.7065,  0.190520
0.7070,  0.189417
0.7075,  0.185197
0.7080,  0.176446
0.7085,  0.166238
0.7090,  0.157487
0.7095,  0.153231
0.7100,  0.152917
0.7105,  0.155793
0.7110,  0.163466
0.7115,  0.166607
0.7120,  0.166848
0.7125,  0.171196
0.7130,  0.169933
0.7135,  0.172343
0.7140,  0.176717
0.7145,  0.181549
0.7150,  0.191078
0.7155,  0.213059
0.7160,  0.250287
0.7165,  0.290823
0.7170,  0.332904
0.7175,  0.365542
0.7180,  0.397059
0.7185,  0.427160
0.7190,  0.436080
0.7195,  0.431970
0.7200,  0.407851
0.7205,  0.366862
0.7210,  0.330295
0.7215,  0.306341
0.7220,  0.301784
0.7225,  0.317684
0.7230,  0.337421
0.7235,  0.354465
0.7240,  0.373004
0.7245,  0.380008
0.7250,  0.382230
0.7255,  0.384172
0.7260,  0.386315
0.7265,  0.386623
0.7270,  0.384152
0.7275,  0.374695
0.7280,  0.364157
0.7285,  0.351987
0.7290,  0.342524
0.7295,  0.336870
0.7300,  0.334748
0.7305,  0.328282
0.7310,  0.316782
0.7315,  0.299438
0.7320,  0.281686
0.7325,  0.260627
0.7330,  0.235833
0.7335,  0.216616
0.7340,  0.206529
0.7345,  0.201633
0.7350,  0.204399
0.7355,  0.211472
0.7360,  0.213017
0.7365,  0.213504
0.7370,  0.211648
0.7375,  0.204942
0.7380,  0.201586
0.7385,  0.202006
0.7390,  0.191837
0.7395,  0.186180
0.7400,  0.178648
0.7405,  0.169279
0.7410,  0.165203
0.7415,  0.163075
0.7420,  0.164926
0.7425,  0.167845
0.7430,  0.170884
0.7435,  0.169022
0.7440,  0.165626
0.7445,  0.161196
0.7450,  0.162718
0.7455,  0.163311
0.7460,  0.159201
0.7465,  0.158379
0.7470,  0.155006
0.7475,  0.146426
0.7480,  0.145546
0.7485,  0.148963
0.7490,  0.154183
0.7495,  0.157024
0.7500,  0.156433
0.7505,  0.156711
0.7510,  0.156525
0.7515,  0.153555
0.7520,  0.148458
0.7525,  0.140661
0.7530,  0.135722
0.7535,  0.133947
0.7540,  0.134272
0.7545,  0.131184
0.7550,  0.130283
0.7555,  0.131121
0.7560,  0.134861
0.7565,  0.135976
0.7570,  0.138068
0.7575,  0.149328
0.7580,  0.188961
0.7585,  0.269534
0.7590,  0.397778
0.7595,  0.557871
0.7600,  0.699690
0.7605,  0.771869
0.7610,  0.769270
0.7615,  0.742027
0.7620,  0.735722
0.7625,  0.734886
0.7630,  0.720793
0.7635,  0.679055
0.7640,  0.625692
0.7645,  0.567646
0.7650,  0.501863
0.7655,  0.430226
0.7660,  0.368546
0.7665,  0.318215
0.7670,  0.267787
0.7675,  0.235235
0.7680,  0.211001
0.7685,  0.194033
0.7690,  0.189901
0.7695,  0.179640
0.7700,  0.168941
0.7705,  0.161357
0.7710,  0.157447
0.7715,  0.153087
0.7720,  0.147304
0.7725,  0.141587
0.7730,  0.144488
0.7735,  0.144624
0.7740,  0.144815
0.7745,  0.140225
0.7750,  0.138039
0.7755,  0.140629
0.7760,  0.142920
0.7765,  0.144679
0.7770,  0.143010
0.7775,  0.133004
0.7780,  0.129067
0.7785,  0.129553
0.7790,  0.122385
0.7795,  0.124025
0.7800,  0.129281
0.7805,  0.132772
0.7810,  0.132589
0.7815,  0.136084
0.7820,  0.145866
0.7825,  0.148108
0.7830,  0.148355
0.7835,  0.144220
0.7840,  0.137110
0.7845,  0.135006
0.7850,  0.137467
0.7855,  0.142362
0.7860,  0.143251
0.7865,  0.155313
0.7870,  0.161803
0.7875,  0.171083
0.7880,  0.178137
0.7885,  0.181394
0.7890,  0.187335
0.7895,  0.183868
0.7900,  0.175910
0.7905,  0.177463
0.7910,  0.175307
0.7915,  0.172552
0.7920,  0.174704
0.7925,  0.175634
0.7930,  0.182496
0.7935,  0.175975
0.7940,  0.167947
0.7945,  0.165590
0.7950,  0.164978
0.7955,  0.170870
0.7960,  0.169572
0.7965,  0.166812
0.7970,  0.165311
0.7975,  0.159324
0.7980,  0.158431
0.7985,  0.162534
0.7990,  0.168658
0.7995,  0.176550
0.8000,  0.186910
0.8005,  0.191145
0.8010,  0.190813
0.8015,  0.180126
0.8020,  0.171612
0.8025,  0.161746
0.8030,  0.153336
0.8035,  0.156100
0.8040,  0.160624
0.8045,  0.157459
0.8050,  0.148656
0.8055,  0.141588
0.8060,  0.149534
0.8065,  0.163764
0.8070,  0.170748
0.8075,  0.165681
0.8080,  0.157268
0.8085,  0.150536
0.8090,  0.145496
0.8095,  0.150310
0.8100,  0.165779
0.8105,  0.180336
0.8110,  0.193243
0.8115,  0.215804
0.8120,  0.240959
0.8125,  0.272068
0.8130,  0.290537
0.8135,  0.313789
0.8140,  0.334000
0.8145,  0.359016
0.8150,  0.376065
0.8155,  0.394740
0.8160,  0.406485
0.8165,  0.419695
0.8170,  0.429075
0.8175,  0.430642
0.8180,  0.429527
0.8185,  0.414636
0.8190,  0.368725
0.8195,  0.328623
0.8200,  0.296022
0.8205,  0.282159
0.8210,  0.291698
0.8215,  0.329991
0.8220,  0.381322
0.8225,  0.398865
0.8230,  0.389855
0.8235,  0.366156
0.8240,  0.332136
0.8245,  0.295752
0.8250,  0.280045
0.8255,  0.271063
0.8260,  0.266717
0.8265,  0.276974
0.8270,  0.294825
0.8275,  0.307004
0.8280,  0.325242
0.8285,  0.320978
0.8290,  0.319953
0.8295,  0.318292
0.8300,  0.307197
0.8305,  0.292280
0.8310,  0.284623
0.8315,  0.274356
0.8320,  0.258129
0.8325,  0.244057
0.8330,  0.229639
0.8335,  0.215923
0.8340,  0.202137
0.8345,  0.201918
0.8350,  0.213331
0.8355,  0.215787
0.8360,  0.214406
0.8365,  0.211176
0.8370,  0.200852
0.8375,  0.184202
0.8380,  0.165187
0.8385,  0.148831
0.8390,  0.149888
0.8395,  0.152015
0.8400,  0.157223
0.8405,  0.159163
0.8410,  0.155371
0.8415,  0.156349
0.8420,  0.146119
0.8425,  0.141871
0.8430,  0.138490
0.8435,  0.134221
0.8440,  0.125195
0.8445,  0.121973
0.8450,  0.124087
0.8455,  0.131675
0.8460,  0.131439
0.8465,  0.130722
0.8470,  0.131104
0.8475,  0.140128
0.8480,  0.157196
0.8485,  0.152909
0.8490,  0.144821
0.8495,  0.134293
0.8500,  0.123883
0.8505,  0.113822
0.8510,  0.112329
0.8515,  0.128975
0.8520,  0.153810
0.8525,  0.147992
0.8530,  0.155012
0.8535,  0.151335
0.8540,  0.127635
0.8545,  0.132606
0.8550,  0.124156
0.8555,  0.117147
0.8560,  0.117391
0.8565,  0.107723
0.8570,  0.109520
0.8575,  0.116638
0.8580,  0.134626
0.8585,  0.129603
0.8590,  0.130761
0.8595,  0.120492
0.8600,  0.114732
0.8605,  0.109149
0.8610,  0.110122
0.8615,  0.108885
0.8620,  0.109497
0.8625,  0.109967
0.8630,  0.117797
0.8635,  0.136844
0.8640,  0.147645
0.8645,  0.138302
0.8650,  0.133020
0.8655,  0.124274
0.8660,  0.090842
0.8665,  0.083651
0.8670,  0.078918
0.8675,  0.077977
0.8680,  0.083908
0.8685,  0.086265
0.8690,  0.106497
0.8695,  0.136323
0.8700,  0.142478
0.8705,  0.143725
0.8710,  0.143296
0.8715,  0.138527
0.8720,  0.127935
0.8725,  0.117178
0.8730,  0.112716
0.8735,  0.115691
0.8740,  0.112579
0.8745,  0.114829
0.8750,  0.132897
0.8755,  0.139807
0.8760,  0.139873
0.8765,  0.138340
0.8770,  0.123221
0.8775,  0.119219
0.8780,  0.117465
0.8785,  0.114221
0.8790,  0.104924
0.8795,  0.104393
0.8800,  0.101597
0.8805,  0.102433
0.8810,  0.111352
0.8815,  0.134897
0.8820,  0.150162
0.8825,  0.143126
0.8830,  0.143430
0.8835,  0.123632
0.8840,  0.111367
0.8845,  0.102914
0.8850,  0.093863
0.8855,  0.093468
0.8860,  0.100946
0.8865,  0.117256
0.8870,  0.133399
0.8875,  0.152099
0.8880,  0.150387
0.8885,  0.149927
0.8890,  0.147109
0.8895,  0.127503
0.8900,  0.109314
