0.3500,  1.129293
0.3505,  1.162479
0.3510,  1.113273
0.3515,  1.055467
0.3520,  0.980776
0.3525,  0.915294
0.3530,  0.933676
0.3535,  0.942763
0.3540,  0.933264
0.3545,  0.951769
0.3550,  0.936001
0.3555,  0.931242
0.3560,  0.906832
0.3565,  0.903079
0.3570,  0.916003
0.3575,  0.924988
0.3580,  0.910781
0.3585,  0.854781
0.3590,  1.012192
0.3595,  1.126625
0.3600,  1.086872
0.3605,  1.048505
0.3610,  0.977104
0.3615,  0.901134
0.3620,  0.926477
0.3625,  0.949625
0.3630,  0.924867
0.3635,  0.898346
0.3640,  0.868308
0.3645,  0.824742
0.3650,  0.826089
0.3655,  0.828289
0.3660,  0.810763
0.3665,  0.799060
0.3670,  0.750940
0.3675,  0.708812
0.3680,  0.660954
0.3685,  0.618656
0.3690,  0.660992
0.3695,  0.702436
0.3700,  0.670610
0.3705,  0.637479
0.3710,  0.658400
0.3715,  0.684974
0.3720,  0.659288
0.3725,  0.637439
0.3730,  0.613912
0.3735,  0.588744
0.3740,  0.614225
0.3745,  0.633506
0.3750,  0.720966
0.3755,  0.786915
0.3760,  0.774155
0.3765,  0.743663
0.3770,  0.768763
0.3775,  0.787007
0.3780,  0.756310
0.3785,  0.737245
0.3790,  0.629767
0.3795,  0.520278
0.3800,  0.569988
0.3805,  0.625155
0.3810,  0.598792
0.3815,  0.593319
0.3820,  0.535181
0.3825,  0.470346
0.3830,  0.492532
0.3835,  0.495883
0.3840,  0.694647
0.3845,  0.841068
0.3850,  0.854169
0.3855,  0.851448
0.3860,  0.816631
0.3865,  0.778935
0.3870,  0.751662
0.3875,  0.724593
0.3880,  0.686656
0.3885,  0.647839
0.3890,  0.689360
0.3895,  0.719789
0.3900,  0.704292
0.3905,  0.685485
0.3910,  0.682127
0.3915,  0.698684
0.3920,  0.599649
0.3925,  0.514079
0.3930,  0.368994
0.3935,  0.156390
0.3940,  0.473090
0.3945,  0.688440
0.3950,  0.786103
0.3955,  0.874578
0.3960,  0.707411
0.3965,  0.499570
0.3970,  0.518632
0.3975,  0.510916
0.3980,  0.678777
0.3985,  0.771932
0.3990,  0.714847
0.3995,  0.670313
0.4000,  0.602413
0.4005,  0.540549
0.4010,  0.505302
0.4015,  0.483160
0.4020,  0.456827
0.4025,  0.441545
0.4030,  0.413201
0.4035,  0.388098
0.4040,  0.382096
0.4045,  0.380776
0.4050,  0.382019
0.4055,  0.383994
0.4060,  0.369926
0.4065,  0.355016
0.4070,  0.368374
0.4075,  0.378337
0.4080,  0.402140
0.4085,  0.422307
0.4090,  0.412360
0.4095,  0.405264
0.4100,  0.358175
0.4105,  0.304785
0.4110,  0.372580
0.4115,  0.433138
0.4120,  0.414655
0.4125,  0.393642
0.4130,  0.374780
0.4135,  0.362531
0.4140,  0.354173
0.4145,  0.344148
0.4150,  0.338921
0.4155,  0.334827
0.4160,  0.359420
0.4165,  0.386317
0.4170,  0.350986
0.4175,  0.310744
0.4180,  0.316906
0.4185,  0.325144
0.4190,  0.333108
0.4195,  0.334836
0.4200,  0.348915
0.4205,  0.361639
0.4210,  0.366895
0.4215,  0.375324
0.4220,  0.324049
0.4225,  0.271036
0.4230,  0.310730
0.4235,  0.345977
0.4240,  0.359252
0.4245,  0.376638
0.4250,  0.364434
0.4255,  0.345384
0.4260,  0.348949
0.4265,  0.357165
0.4270,  0.328267
0.4275,  0.300187
0.4280,  0.310564
0.4285,  0.327291
0.4290,  0.317018
0.4295,  0.310709
0.4300,  0.233963
0.4305,  0.135942
0.4310,  0.332050
0.4315,  0.479732
0.4320,  0.448248
0.4325,  0.410761
0.4330,  0.407590
0.4335,  0.403685
0.4340,  0.368353
0.4345,  0.335640
0.4350,  0.332399
0.4355,  0.327826
0.4360,  0.364138
0.4365,  0.399647
0.4370,  0.364992
0.4375,  0.336386
0.4380,  0.283198
0.4385,  0.224135
0.4390,  0.293664
0.4395,  0.355949
0.4400,  0.324778
0.4405,  0.286633
0.4410,  0.324332
0.4415,  0.356428
0.4420,  0.351950
0.4425,  0.348673
0.4430,  0.323030
0.4435,  0.300370
0.4440,  0.309605
0.4445,  0.321629
0.4450,  0.287689
0.4455,  0.250407
0.4460,  0.264948
0.4465,  0.276751
0.4470,  0.309860
0.4475,  0.339608
0.4480,  0.310886
0.4485,  0.279168
0.4490,  0.281815
0.4495,  0.283088
0.4500,  0.298521
0.4505,  0.313507
0.4510,  0.302079
0.4515,  0.292368
0.4520,  0.257625
0.4525,  0.227399
0.4530,  0.238127
0.4535,  0.251902
0.4540,  0.259292
0.4545,  0.263975
0.4550,  0.274432
0.4555,  0.284423
0.4560,  0.287902
0.4565,  0.290118
0.4570,  0.289613
0.4575,  0.293482
0.4580,  0.267966
0.4585,  0.240904
0.4590,  0.249602
0.4595,  0.256943
0.4600,  0.261069
0.4605,  0.262903
0.4610,  0.260982
0.4615,  0.259309
0.4620,  0.266949
0.4625,  0.275866
0.4630,  0.259811
0.4635,  0.250313
0.4640,  0.244498
0.4645,  0.237262
0.4650,  0.257458
0.4655,  0.278648
0.4660,  0.255427
0.4665,  0.232232
0.4670,  0.252610
0.4675,  0.269648
0.4680,  0.262528
0.4685,  0.260163
0.4690,  0.261623
0.4695,  0.266613
0.4700,  0.246085
0.4705,  0.219378
0.4710,  0.246669
0.4715,  0.274200
0.4720,  0.271031
0.4725,  0.269093
0.4730,  0.255241
0.4735,  0.241854
0.4740,  0.248593
0.4745,  0.257485
0.4750,  0.248534
0.4755,  0.239383
0.4760,  0.225458
0.4765,  0.212901
0.4770,  0.237215
0.4775,  0.258663
0.4780,  0.238877
0.4785,  0.219888
0.4790,  0.231534
0.4795,  0.240688
0.4800,  0.227574
0.4805,  0.218346
0.4810,  0.227623
0.4815,  0.235942
0.4820,  0.221963
0.4825,  0.212296
0.4830,  0.213606
0.4835,  0.216830
0.4840,  0.213933
0.4845,  0.215352
0.4850,  0.200530
0.4855,  0.187449
0.4860,  0.157533
0.4865,  0.117363
0.4870,  0.174845
0.4875,  0.222329
0.4880,  0.234433
0.4885,  0.242191
0.4890,  0.238430
0.4895,  0.236291
0.4900,  0.236204
0.4905,  0.239977
0.4910,  0.214172
0.4915,  0.189692
0.4920,  0.189462
0.4925,  0.187356
0.4930,  0.182810
0.4935,  0.176072
0.4940,  0.207228
0.4945,  0.237857
0.4950,  0.202875
0.4955,  0.168536
0.4960,  0.186937
0.4965,  0.204155
0.4970,  0.204578
0.4975,  0.208511
0.4980,  0.178317
0.4985,  0.145338
0.4990,  0.171042
0.4995,  0.196312
0.5000,  0.174368
0.5005,  0.153567
0.5010,  0.148910
0.5015,  0.140344
0.5020,  0.160708
0.5025,  0.179697
0.5030,  0.188100
0.5035,  0.195665
0.5040,  0.180472
0.5045,  0.160516
0.5050,  0.180587
0.5055,  0.200446
0.5060,  0.186933
0.5065,  0.177189
0.5070,  0.166628
0.5075,  0.156285
0.5080,  0.159901
0.5085,  0.162398
0.5090,  0.161091
0.5095,  0.158940
0.5100,  0.163918
0.5105,  0.168536
0.5110,  0.178121
0.5115,  0.187379
0.5120,  0.159257
0.5125,  0.132796
0.5130,  0.136097
0.5135,  0.139220
0.5140,  0.148276
0.5145,  0.155643
0.5150,  0.164614
0.5155,  0.177466
0.5160,  0.137606
0.5165,  0.097715
0.5170,  0.128499
0.5175,  0.155049
0.5180,  0.142596
0.5185,  0.121608
0.5190,  0.157687
0.5195,  0.190154
0.5200,  0.179218
0.5205,  0.167796
0.5210,  0.175450
0.5215,  0.185267
0.5220,  0.162305
0.5225,  0.139330
0.5230,  0.153298
0.5235,  0.163116
0.5240,  0.171567
0.5245,  0.182396
0.5250,  0.176508
0.5255,  0.175409
0.5260,  0.125288
0.5265,  0.071477
0.5270,  0.116433
0.5275,  0.152960
0.5280,  0.163161
0.5285,  0.170047
0.5290,  0.166259
0.5295,  0.162538
0.5300,  0.163562
0.5305,  0.166543
0.5310,  0.166175
0.5315,  0.169755
0.5320,  0.132237
0.5325,  0.093332
0.5330,  0.134464
0.5335,  0.170796
0.5340,  0.153969
0.5345,  0.134351
0.5350,  0.158487
0.5355,  0.183905
0.5360,  0.157935
0.5365,  0.133214
0.5370,  0.138103
0.5375,  0.142926
0.5380,  0.150451
0.5385,  0.159220
0.5390,  0.147381
0.5395,  0.136654
0.5400,  0.127406
0.5405,  0.116331
0.5410,  0.144098
0.5415,  0.169623
0.5420,  0.155401
0.5425,  0.140597
0.5430,  0.151081
0.5435,  0.160235
0.5440,  0.158295
0.5445,  0.156362
0.5450,  0.160245
0.5455,  0.163911
0.5460,  0.159958
0.5465,  0.155913
0.5470,  0.146776
0.5475,  0.137189
0.5480,  0.144793
0.5485,  0.151001
0.5490,  0.157169
0.5495,  0.163913
0.5500,  0.156653
0.5505,  0.150250
0.5510,  0.153118
0.5515,  0.155599
0.5520,  0.150774
0.5525,  0.146103
0.5530,  0.154891
0.5535,  0.163600
0.5540,  0.165820
0.5545,  0.167520
0.5550,  0.167691
0.5555,  0.169068
0.5560,  0.155345
0.5565,  0.143519
0.5570,  0.154405
0.5575,  0.166055
0.5580,  0.156172
0.5585,  0.146340
0.5590,  0.153775
0.5595,  0.160922
0.5600,  0.167087
0.5605,  0.172170
0.5610,  0.166439
0.5615,  0.161210
0.5620,  0.166483
0.5625,  0.173212
0.5630,  0.177257
0.5635,  0.179861
0.5640,  0.178930
0.5645,  0.180087
0.5650,  0.170971
0.5655,  0.160548
0.5660,  0.167353
0.5665,  0.172454
0.5670,  0.185181
0.5675,  0.198223
0.5680,  0.181295
0.5685,  0.164976
0.5690,  0.179114
0.5695,  0.193888
0.5700,  0.174696
0.5705,  0.154475
0.5710,  0.167189
0.5715,  0.175747
0.5720,  0.185609
0.5725,  0.196782
0.5730,  0.190608
0.5735,  0.186884
0.5740,  0.186124
0.5745,  0.186074
0.5750,  0.179434
0.5755,  0.172515
0.5760,  0.178916
0.5765,  0.185439
0.5770,  0.190983
0.5775,  0.198509
0.5780,  0.183307
0.5785,  0.165232
0.5790,  0.173511
0.5795,  0.181336
0.5800,  0.181285
0.5805,  0.182259
0.5810,  0.184597
0.5815,  0.187315
0.5820,  0.190595
0.5825,  0.193333
0.5830,  0.187359
0.5835,  0.181246
0.5840,  0.182653
0.5845,  0.188661
0.5850,  0.177160
0.5855,  0.164397
0.5860,  0.180533
0.5865,  0.195415
0.5870,  0.202577
0.5875,  0.213146
0.5880,  0.204800
0.5885,  0.199547
0.5890,  0.180585
0.5895,  0.153458
0.5900,  0.207659
0.5905,  0.252539
0.5910,  0.239782
0.5915,  0.225554
0.5920,  0.221970
0.5925,  0.221000
0.5930,  0.214637
0.5935,  0.214330
0.5940,  0.211705
0.5945,  0.209330
0.5950,  0.214608
0.5955,  0.216680
0.5960,  0.220390
0.5965,  0.225595
0.5970,  0.218919
0.5975,  0.212201
0.5980,  0.206139
0.5985,  0.201910
0.5990,  0.210626
0.5995,  0.218574
0.6000,  0.214830
0.6005,  0.211163
0.6010,  0.213955
0.6015,  0.215617
0.6020,  0.206767
0.6025,  0.195736
0.6030,  0.208264
0.6035,  0.220701
0.6040,  0.216307
0.6045,  0.216487
0.6050,  0.214297
0.6055,  0.211330
0.6060,  0.209034
0.6065,  0.207294
0.6070,  0.207087
0.6075,  0.208408
0.6080,  0.208655
0.6085,  0.211640
0.6090,  0.218525
0.6095,  0.222679
0.6100,  0.213169
0.6105,  0.201669
0.6110,  0.211294
0.6115,  0.222985
0.6120,  0.215674
0.6125,  0.210109
0.6130,  0.209594
0.6135,  0.209505
0.6140,  0.221880
0.6145,  0.234064
0.6150,  0.239181
0.6155,  0.243512
0.6160,  0.218982
0.6165,  0.191308
0.6170,  0.215297
0.6175,  0.238683
0.6180,  0.242512
0.6185,  0.247499
0.6190,  0.244973
0.6195,  0.238883
0.6200,  0.244934
0.6205,  0.252022
0.6210,  0.241311
0.6215,  0.230236
0.6220,  0.238642
0.6225,  0.248943
0.6230,  0.241423
0.6235,  0.236158
0.6240,  0.240836
0.6245,  0.241600
0.6250,  0.237474
0.6255,  0.231550
0.6260,  0.246801
0.6265,  0.262486
0.6270,  0.264265
0.6275,  0.267727
0.6280,  0.270587
0.6285,  0.274379
0.6290,  0.274778
0.6295,  0.275258
0.6300,  0.272946
0.6305,  0.267841
0.6310,  0.260569
0.6315,  0.258643
0.6320,  0.256809
0.6325,  0.257155
0.6330,  0.259827
0.6335,  0.261426
0.6340,  0.265128
0.6345,  0.269074
0.6350,  0.272090
0.6355,  0.272624
0.6360,  0.273710
0.6365,  0.270791
0.6370,  0.264684
0.6375,  0.259726
0.6380,  0.258419
0.6385,  0.260671
0.6390,  0.265579
0.6395,  0.268802
0.6400,  0.270007
0.6405,  0.269778
0.6410,  0.267626
0.6415,  0.266962
0.6420,  0.263044
0.6425,  0.258839
0.6430,  0.255684
0.6435,  0.256091
0.6440,  0.256340
0.6445,  0.261296
0.6450,  0.270707
0.6455,  0.276450
0.6460,  0.281866
0.6465,  0.285147
0.6470,  0.286492
0.6475,  0.283517
0.6480,  0.280591
0.6485,  0.277715
0.6490,  0.275639
0.6495,  0.283513
0.6500,  0.287503
0.6505,  0.291524
0.6510,  0.299147
0.6515,  0.300092
0.6520,  0.300957
0.6525,  0.297244
0.6530,  0.293375
0.6535,  0.282265
0.6540,  0.275852
0.6545,  0.275598
0.6550,  0.287165
0.6555,  0.295476
0.6560,  0.297146
0.6565,  0.283693
0.6570,  0.253744
0.6575,  0.265881
0.6580,  0.276525
0.6585,  0.287052
0.6590,  0.297767
0.6595,  0.288894
0.6600,  0.282931
0.6605,  0.277788
0.6610,  0.275259
0.6615,  0.270067
0.6620,  0.266270
0.6625,  0.264597
0.6630,  0.266116
0.6635,  0.274703
0.6640,  0.282105
0.6645,  0.286867
0.6650,  0.289877
0.6655,  0.286876
0.6660,  0.282178
0.6665,  0.279232
0.6670,  0.273752
0.6675,  0.273421
0.6680,  0.273928
0.6685,  0.278113
0.6690,  0.282976
0.6695,  0.284136
0.6700,  0.287523
0.6705,  0.290515
0.6710,  0.293945
0.6715,  0.297642
0.6720,  0.295789
0.6725,  0.292499
0.6730,  0.287304
0.6735,  0.284918
0.6740,  0.285105
0.6745,  0.285549
0.6750,  0.288215
0.6755,  0.294364
0.6760,  0.298805
0.6765,  0.303834
0.6770,  0.307159
0.6775,  0.307583
0.6780,  0.305835
0.6785,  0.303801
0.6790,  0.302093
0.6795,  0.302696
0.6800,  0.303433
0.6805,  0.301455
0.6810,  0.301499
0.6815,  0.303695
0.6820,  0.308624
0.6825,  0.313638
0.6830,  0.319769
0.6835,  0.324855
0.6840,  0.326532
0.6845,  0.326284
0.6850,  0.327587
0.6855,  0.342748
0.6860,  0.373124
0.6865,  0.413899
0.6870,  0.458142
0.6875,  0.486918
0.6880,  0.497658
0.6885,  0.495460
0.6890,  0.491943
0.6895,  0.482601
0.6900,  0.468987
0.6905,  0.451527
0.6910,  0.438359
0.6915,  0.430456
0.6920,  0.421977
0.6925,  0.418976
0.6930,  0.421876
0.6935,  0.426774
0.6940,  0.432378
0.6945,  0.435478
0.6950,  0.435345
0.6955,  0.425332
0.6960,  0.411282
0.6965,  0.400843
0.6970,  0.393861
0.6975,  0.393612
0.6980,  0.396403
0.6985,  0.400711
0.6990,  0.409080
0.6995,  0.414299
0.7000,  0.415781
0.7005,  0.418108
0.7010,  0.416369
0.7015,  0.421417
0.7020,  0.427071
0.7025,  0.429780
0.7030,  0.427991
0.7035,  0.426876
0.7040,  0.426089
0.7045,  0.429854
0.7050,  0.432841
0.7055,  0.431762
0.7060,  0.430797
0.7065,  0.427103
0.7070,  0.426483
0.7075,  0.423815
0.7080,  0.420684
0.7085,  0.417341
0.7090,  0.412100
0.7095,  0.410833
0.7100,  0.413506
0.7105,  0.417427
0.7110,  0.422454
0.7115,  0.423580
0.7120,  0.425041
0.7125,  0.425562
0.7130,  0.427357
0.7135,  0.428707
0.7140,  0.429117
0.7145,  0.430296
0.7150,  0.433438
0.7155,  0.445891
0.7160,  0.473517
0.7165,  0.512822
0.7170,  0.562017
0.7175,  0.608920
0.7180,  0.655570
0.7185,  0.693847
0.7190,  0.719244
0.7195,  0.734070
0.7200,  0.728791
0.7205,  0.702387
0.7210,  0.657575
0.7215,  0.618174
0.7220,  0.600538
0.7225,  0.604180
0.7230,  0.626039
0.7235,  0.656920
0.7240,  0.684756
0.7245,  0.706232
0.7250,  0.716058
0.7255,  0.716853
0.7260,  0.711396
0.7265,  0.707815
0.7270,  0.706419
0.7275,  0.696965
0.7280,  0.696352
0.7285,  0.691938
0.7290,  0.688262
0.7295,  0.692310
0.7300,  0.691331
0.7305,  0.689467
0.7310,  0.680819
0.7315,  0.663035
0.7320,  0.638748
0.7325,  0.611545
0.7330,  0.586023
0.7335,  0.560756
0.7340,  0.549161
0.7345,  0.542772
0.7350,  0.540827
0.7355,  0.543018
0.7360,  0.539443
0.7365,  0.535828
0.7370,  0.529708
0.7375,  0.523274
0.7380,  0.522009
0.7385,  0.518898
0.7390,  0.515684
0.7395,  0.514657
0.7400,  0.510310
0.7405,  0.508374
0.7410,  0.509130
0.7415,  0.519673
0.7420,  0.519086
0.7425,  0.510079
0.7430,  0.504509
0.7435,  0.492454
0.7440,  0.489082
0.7445,  0.492784
0.7450,  0.497535
0.7455,  0.504210
0.7460,  0.506148
0.7465,  0.512000
0.7470,  0.513022
0.7475,  0.512815
0.7480,  0.517123
0.7485,  0.523842
0.7490,  0.529456
0.7495,  0.528650
0.7500,  0.528324
0.7505,  0.531203
0.7510,  0.536960
0.7515,  0.543316
0.7520,  0.545736
0.7525,  0.544838
0.7530,  0.546330
0.7535,  0.545823
0.7540,  0.542542
0.7545,  0.541705
0.7550,  0.544437
0.7555,  0.548780
0.7560,  0.550680
0.7565,  0.548998
0.7570,  0.555920
0.7575,  0.564102
0.7580,  0.589315
0.7585,  0.648541
0.7590,  0.778570
0.7595,  1.004905
0.7600,  1.347813
0.7605,  1.738425
0.7610,  2.005143
0.7615,  2.032208
0.7620,  1.933637
0.7625,  1.858116
0.7630,  1.824493
0.7635,  1.764228
0.7640,  1.656666
0.7645,  1.514882
0.7650,  1.367995
0.7655,  1.217579
0.7660,  1.083525
0.7665,  0.964933
0.7670,  0.868656
0.7675,  0.797459
0.7680,  0.742396
0.7685,  0.705114
0.7690,  0.679563
0.7695,  0.665247
0.7700,  0.654938
0.7705,  0.647133
0.7710,  0.638892
0.7715,  0.638093
0.7720,  0.645651
0.7725,  0.644617
0.7730,  0.643826
0.7735,  0.638832
0.7740,  0.635069
0.7745,  0.635048
0.7750,  0.645386
0.7755,  0.654409
0.7760,  0.654938
0.7765,  0.652014
0.7770,  0.655123
0.7775,  0.650390
0.7780,  0.652822
0.7785,  0.659043
0.7790,  0.657153
0.7795,  0.669638
0.7800,  0.676797
0.7805,  0.680357
0.7810,  0.680397
0.7815,  0.666476
0.7820,  0.664791
0.7825,  0.667328
0.7830,  0.673373
0.7835,  0.682779
0.7840,  0.687919
0.7845,  0.689778
0.7850,  0.688174
0.7855,  0.690939
0.7860,  0.701498
0.7865,  0.710837
0.7870,  0.713445
0.7875,  0.721317
0.7880,  0.734865
0.7885,  0.747847
0.7890,  0.751787
0.7895,  0.749600
0.7900,  0.748019
0.7905,  0.757741
0.7910,  0.764976
0.7915,  0.770690
0.7920,  0.769382
0.7925,  0.765549
0.7930,  0.768865
0.7935,  0.773784
0.7940,  0.774096
0.7945,  0.769691
0.7950,  0.772119
0.7955,  0.783653
0.7960,  0.800261
0.7965,  0.817490
0.7970,  0.835199
0.7975,  0.822827
0.7980,  0.812053
0.7985,  0.810668
0.7990,  0.814797
0.7995,  0.826329
0.8000,  0.833715
0.8005,  0.846742
0.8010,  0.858499
0.8015,  0.862862
0.8020,  0.866789
0.8025,  0.871618
0.8030,  0.877394
0.8035,  0.891318
0.8040,  0.890487
0.8045,  0.888304
0.8050,  0.880558
0.8055,  0.871349
0.8060,  0.872154
0.8065,  0.874303
0.8070,  0.877308
0.8075,  0.886228
0.8080,  0.905577
0.8085,  0.918895
0.8090,  0.925418
0.8095,  0.939280
0.8100,  0.952373
0.8105,  0.954209
0.8110,  0.959831
0.8115,  0.973628
0.8120,  1.011194
0.8125,  1.059547
0.8130,  1.118135
0.8135,  1.182319
0.8140,  1.261856
0.8145,  1.352335
0.8150,  1.433029
0.8155,  1.490810
0.8160,  1.540563
0.8165,  1.574843
0.8170,  1.602265
0.8175,  1.615056
0.8180,  1.613952
0.8185,  1.611730
0.8190,  1.588412
0.8195,  1.539366
0.8200,  1.447837
0.8205,  1.369338
0.8210,  1.328046
0.8215,  1.357443
0.8220,  1.459503
0.8225,  1.590784
0.8230,  1.693004
0.8235,  1.689840
0.8240,  1.618595
0.8245,  1.530976
0.8250,  1.445611
0.8255,  1.380274
0.8260,  1.344318
0.8265,  1.334108
0.8270,  1.342800
0.8275,  1.379782
0.8280,  1.431279
0.8285,  1.479712
0.8290,  1.524489
0.8295,  1.541922
0.8300,  1.541159
0.8305,  1.535447
0.8310,  1.520332
0.8315,  1.514916
0.8320,  1.509702
0.8325,  1.491774
0.8330,  1.491018
0.8335,  1.476711
0.8340,  1.441217
0.8345,  1.437394
0.8350,  1.416233
0.8355,  1.395469
0.8360,  1.377639
0.8365,  1.367004
0.8370,  1.350097
0.8375,  1.348815
0.8380,  1.352980
0.8385,  1.334106
0.8390,  1.293509
0.8395,  1.279590
0.8400,  1.287567
0.8405,  1.324021
0.8410,  1.348898
0.8415,  1.347979
0.8420,  1.327536
0.8425,  1.320549
0.8430,  1.328078
0.8435,  1.315631
0.8440,  1.322242
0.8445,  1.341872
0.8450,  1.333123
0.8455,  1.343929
0.8460,  1.350618
0.8465,  1.360397
0.8470,  1.371655
0.8475,  1.398985
0.8480,  1.406072
0.8485,  1.421139
0.8490,  1.432297
0.8495,  1.474240
0.8500,  1.540214
0.8505,  1.623039
0.8510,  1.652384
0.8515,  1.607845
0.8520,  1.597818
0.8525,  1.621164
0.8530,  1.735028
0.8535,  1.901342
0.8540,  2.051244
0.8545,  2.198468
0.8550,  2.234880
0.8555,  2.177443
0.8560,  2.120933
0.8565,  2.028422
0.8570,  1.917175
0.8575,  1.851192
0.8580,  1.811614
0.8585,  1.784905
0.8590,  1.780486
0.8595,  1.789523
0.8600,  1.801691
0.8605,  1.828539
0.8610,  1.828673
0.8615,  1.879396
0.8620,  1.913056
0.8625,  1.934668
0.8630,  1.979881
0.8635,  2.034907
0.8640,  2.104512
0.8645,  2.172026
0.8650,  2.330855
0.8655,  2.737919
0.8660,  3.273601
0.8665,  3.916096
0.8670,  4.428868
0.8675,  3.740143
0.8680,  3.370873
0.8685,  3.036674
0.8690,  2.930952
0.8695,  3.087644
0.8700,  3.183141
0.8705,  3.066596
0.8710,  3.052268
0.8715,  3.061741
0.8720,  3.163110
0.8725,  3.520740
0.8730,  4.477704
0.8735,  4.516112
0.8740,  4.696146
0.8745,  4.748422
0.8750,  5.533881
0.8755,  4.801905
0.8760,  4.668473
0.8765,  6.218370
0.8770,  6.906997
0.8775,  7.137249
0.8780,  Infinity
0.8785,  Infinity
0.8790,  Infinity
0.8795,  Infinity
0.8800,  Infinity
0.8805,  Infinity
0.8810,  Infinity
0.8815,  Infinity
0.8820,  Infinity
0.8825,  Infinity
0.8830,  Infinity
0.8835,  Infinity
0.8840,  Infinity
0.8845,  Infinity
0.8850,  Infinity
0.8855,  Infinity
0.8860,  Infinity
0.8865,  Infinity
0.8870,  Infinity
0.8875,  Infinity
0.8880,  Infinity
0.8885,  Infinity
0.8890,  Infinity
0.8895,  Infinity
0.8900,  Infinity
