0.3500,  0.276518
0.3505,  0.330367
0.3510,  0.304175
0.3515,  0.270564
0.3520,  0.218475
0.3525,  0.176552
0.3530,  0.211484
0.3535,  0.246677
0.3540,  0.265946
0.3545,  0.297260
0.3550,  0.288904
0.3555,  0.270752
0.3560,  0.233447
0.3565,  0.198524
0.3570,  0.162781
0.3575,  0.125401
0.3580,  0.079124
0.3585,  0.029829
0.3590,  0.178458
0.3595,  0.299779
0.3600,  0.283671
0.3605,  0.271442
0.3610,  0.224668
0.3615,  0.177432
0.3620,  0.215035
0.3625,  0.247267
0.3630,  0.233709
0.3635,  0.227820
0.3640,  0.227192
0.3645,  0.213288
0.3650,  0.242475
0.3655,  0.270481
0.3660,  0.281041
0.3665,  0.296459
0.3670,  0.266870
0.3675,  0.243597
0.3680,  0.216642
0.3685,  0.186150
0.3690,  0.227487
0.3695,  0.272290
0.3700,  0.251227
0.3705,  0.226904
0.3710,  0.246718
0.3715,  0.269098
0.3720,  0.239456
0.3725,  0.209842
0.3730,  0.176627
0.3735,  0.138067
0.3740,  0.141898
0.3745,  0.138406
0.3750,  0.200705
0.3755,  0.250695
0.3760,  0.241743
0.3765,  0.227559
0.3770,  0.268162
0.3775,  0.305844
0.3780,  0.303108
0.3785,  0.309663
0.3790,  0.225458
0.3795,  0.132670
0.3800,  0.184150
0.3805,  0.238950
0.3810,  0.217714
0.3815,  0.204728
0.3820,  0.131260
0.3825,  0.045447
0.3830,  0.025441
0.3835,  -0.020952
0.3840,  0.120374
0.3845,  0.226650
0.3850,  0.227719
0.3855,  0.234840
0.3860,  0.225355
0.3865,  0.220421
0.3870,  0.217864
0.3875,  0.212326
0.3880,  0.193014
0.3885,  0.166829
0.3890,  0.214195
0.3895,  0.251081
0.3900,  0.247102
0.3905,  0.248105
0.3910,  0.266604
0.3915,  0.302561
0.3920,  0.231796
0.3925,  0.153973
0.3930,  -0.002163
0.3935,  -0.232260
0.3940,  0.017285
0.3945,  0.188229
0.3950,  0.275057
0.3955,  0.361673
0.3960,  0.219500
0.3965,  0.039697
0.3970,  0.051752
0.3975,  0.035306
0.3980,  0.196709
0.3985,  0.312947
0.3990,  0.300832
0.3995,  0.298210
0.4000,  0.273771
0.4005,  0.248861
0.4010,  0.238174
0.4015,  0.233414
0.4020,  0.221670
0.4025,  0.218612
0.4030,  0.200841
0.4035,  0.180423
0.4040,  0.174581
0.4045,  0.172576
0.4050,  0.171316
0.4055,  0.172865
0.4060,  0.160906
0.4065,  0.145870
0.4070,  0.150585
0.4075,  0.154379
0.4080,  0.178557
0.4085,  0.203989
0.4090,  0.201916
0.4095,  0.200547
0.4100,  0.158537
0.4105,  0.106109
0.4110,  0.164419
0.4115,  0.217015
0.4120,  0.200195
0.4125,  0.184906
0.4130,  0.171904
0.4135,  0.162020
0.4140,  0.159320
0.4145,  0.155119
0.4150,  0.152835
0.4155,  0.149025
0.4160,  0.169367
0.4165,  0.190784
0.4170,  0.156841
0.4175,  0.119949
0.4180,  0.125231
0.4185,  0.131367
0.4190,  0.142564
0.4195,  0.144384
0.4200,  0.157042
0.4205,  0.172319
0.4210,  0.178622
0.4215,  0.188264
0.4220,  0.145583
0.4225,  0.096711
0.4230,  0.128104
0.4235,  0.158328
0.4240,  0.166302
0.4245,  0.178695
0.4250,  0.164736
0.4255,  0.151919
0.4260,  0.158922
0.4265,  0.165310
0.4270,  0.140435
0.4275,  0.115792
0.4280,  0.125567
0.4285,  0.143728
0.4290,  0.134545
0.4295,  0.126317
0.4300,  0.048098
0.4305,  -0.056162
0.4310,  0.108538
0.4315,  0.229216
0.4320,  0.198658
0.4325,  0.169712
0.4330,  0.172307
0.4335,  0.181118
0.4340,  0.161007
0.4345,  0.138139
0.4350,  0.137646
0.4355,  0.136145
0.4360,  0.169611
0.4365,  0.207856
0.4370,  0.183948
0.4375,  0.162558
0.4380,  0.115901
0.4385,  0.062002
0.4390,  0.121972
0.4395,  0.175383
0.4400,  0.144682
0.4405,  0.111297
0.4410,  0.149299
0.4415,  0.185011
0.4420,  0.186640
0.4425,  0.186585
0.4430,  0.164744
0.4435,  0.144508
0.4440,  0.152329
0.4445,  0.165034
0.4450,  0.137201
0.4455,  0.104998
0.4460,  0.117382
0.4465,  0.127965
0.4470,  0.155600
0.4475,  0.182315
0.4480,  0.158310
0.4485,  0.130300
0.4490,  0.133537
0.4495,  0.134223
0.4500,  0.148504
0.4505,  0.164781
0.4510,  0.160635
0.4515,  0.157668
0.4520,  0.134912
0.4525,  0.108136
0.4530,  0.118467
0.4535,  0.124618
0.4540,  0.129346
0.4545,  0.132624
0.4550,  0.138591
0.4555,  0.146130
0.4560,  0.151944
0.4565,  0.157009
0.4570,  0.160294
0.4575,  0.165708
0.4580,  0.142322
0.4585,  0.119503
0.4590,  0.128071
0.4595,  0.133921
0.4600,  0.136889
0.4605,  0.138155
0.4610,  0.137385
0.4615,  0.135911
0.4620,  0.143813
0.4625,  0.151672
0.4630,  0.138475
0.4635,  0.129793
0.4640,  0.121647
0.4645,  0.114943
0.4650,  0.135166
0.4655,  0.155967
0.4660,  0.134651
0.4665,  0.113162
0.4670,  0.135707
0.4675,  0.152866
0.4680,  0.149051
0.4685,  0.145892
0.4690,  0.146184
0.4695,  0.150185
0.4700,  0.131682
0.4705,  0.107020
0.4710,  0.133553
0.4715,  0.159440
0.4720,  0.160031
0.4725,  0.162391
0.4730,  0.154825
0.4735,  0.144269
0.4740,  0.150654
0.4745,  0.158716
0.4750,  0.151426
0.4755,  0.145941
0.4760,  0.134160
0.4765,  0.121780
0.4770,  0.145820
0.4775,  0.167618
0.4780,  0.151330
0.4785,  0.136521
0.4790,  0.149095
0.4795,  0.159276
0.4800,  0.149481
0.4805,  0.143884
0.4810,  0.155244
0.4815,  0.165345
0.4820,  0.152415
0.4825,  0.143984
0.4830,  0.146596
0.4835,  0.150764
0.4840,  0.149630
0.4845,  0.156826
0.4850,  0.148306
0.4855,  0.138111
0.4860,  0.105831
0.4865,  0.059826
0.4870,  0.103445
0.4875,  0.140717
0.4880,  0.150193
0.4885,  0.158307
0.4890,  0.158087
0.4895,  0.158931
0.4900,  0.162093
0.4905,  0.171195
0.4910,  0.151231
0.4915,  0.129599
0.4920,  0.130021
0.4925,  0.129409
0.4930,  0.123874
0.4935,  0.116500
0.4940,  0.146701
0.4945,  0.175181
0.4950,  0.145884
0.4955,  0.118037
0.4960,  0.135759
0.4965,  0.153300
0.4970,  0.156797
0.4975,  0.162487
0.4980,  0.135744
0.4985,  0.107809
0.4990,  0.133107
0.4995,  0.158141
0.5000,  0.141312
0.5005,  0.123530
0.5010,  0.117448
0.5015,  0.107285
0.5020,  0.123040
0.5025,  0.139875
0.5030,  0.147735
0.5035,  0.154420
0.5040,  0.140174
0.5045,  0.122153
0.5050,  0.140615
0.5055,  0.159992
0.5060,  0.150571
0.5065,  0.144923
0.5070,  0.137284
0.5075,  0.126899
0.5080,  0.129401
0.5085,  0.131070
0.5090,  0.129942
0.5095,  0.128404
0.5100,  0.131982
0.5105,  0.134657
0.5110,  0.143574
0.5115,  0.153757
0.5120,  0.131575
0.5125,  0.110567
0.5130,  0.115202
0.5135,  0.119161
0.5140,  0.125592
0.5145,  0.131010
0.5150,  0.141407
0.5155,  0.157495
0.5160,  0.124162
0.5165,  0.086326
0.5170,  0.109042
0.5175,  0.124942
0.5180,  0.106230
0.5185,  0.082157
0.5190,  0.113555
0.5195,  0.143598
0.5200,  0.135261
0.5205,  0.126510
0.5210,  0.136526
0.5215,  0.148775
0.5220,  0.130428
0.5225,  0.110272
0.5230,  0.120571
0.5235,  0.128868
0.5240,  0.136628
0.5245,  0.150329
0.5250,  0.150498
0.5255,  0.154195
0.5260,  0.110675
0.5265,  0.059516
0.5270,  0.094407
0.5275,  0.121383
0.5280,  0.126294
0.5285,  0.131241
0.5290,  0.129648
0.5295,  0.127969
0.5300,  0.131508
0.5305,  0.136661
0.5310,  0.140572
0.5315,  0.146986
0.5320,  0.114029
0.5325,  0.076882
0.5330,  0.112340
0.5335,  0.142574
0.5340,  0.124724
0.5345,  0.107130
0.5350,  0.131740
0.5355,  0.158051
0.5360,  0.137236
0.5365,  0.114712
0.5370,  0.117299
0.5375,  0.118908
0.5380,  0.125131
0.5385,  0.134831
0.5390,  0.126458
0.5395,  0.117318
0.5400,  0.107410
0.5405,  0.094360
0.5410,  0.117439
0.5415,  0.139726
0.5420,  0.126883
0.5425,  0.112644
0.5430,  0.120745
0.5435,  0.127951
0.5440,  0.126536
0.5445,  0.126671
0.5450,  0.133217
0.5455,  0.138185
0.5460,  0.134752
0.5465,  0.130315
0.5470,  0.120055
0.5475,  0.110479
0.5480,  0.114764
0.5485,  0.118833
0.5490,  0.124415
0.5495,  0.131935
0.5500,  0.126704
0.5505,  0.121213
0.5510,  0.122239
0.5515,  0.123035
0.5520,  0.119829
0.5525,  0.114307
0.5530,  0.119737
0.5535,  0.125896
0.5540,  0.128023
0.5545,  0.131497
0.5550,  0.135371
0.5555,  0.139263
0.5560,  0.127930
0.5565,  0.116466
0.5570,  0.124649
0.5575,  0.134899
0.5580,  0.128116
0.5585,  0.118094
0.5590,  0.120959
0.5595,  0.122807
0.5600,  0.125729
0.5605,  0.129621
0.5610,  0.125357
0.5615,  0.121246
0.5620,  0.126017
0.5625,  0.131211
0.5630,  0.134361
0.5635,  0.139413
0.5640,  0.142016
0.5645,  0.143700
0.5650,  0.135068
0.5655,  0.123092
0.5660,  0.126380
0.5665,  0.131023
0.5670,  0.144873
0.5675,  0.159060
0.5680,  0.143567
0.5685,  0.129314
0.5690,  0.142710
0.5695,  0.158445
0.5700,  0.143614
0.5705,  0.123168
0.5710,  0.130876
0.5715,  0.133227
0.5720,  0.140768
0.5725,  0.151720
0.5730,  0.146786
0.5735,  0.144821
0.5740,  0.145345
0.5745,  0.145871
0.5750,  0.139678
0.5755,  0.131788
0.5760,  0.135311
0.5765,  0.138992
0.5770,  0.143163
0.5775,  0.146519
0.5780,  0.130511
0.5785,  0.111868
0.5790,  0.118115
0.5795,  0.123801
0.5800,  0.122915
0.5805,  0.123942
0.5810,  0.126083
0.5815,  0.127422
0.5820,  0.129074
0.5825,  0.129199
0.5830,  0.126382
0.5835,  0.125234
0.5840,  0.128090
0.5845,  0.133835
0.5850,  0.122252
0.5855,  0.108112
0.5860,  0.121603
0.5865,  0.137338
0.5870,  0.151027
0.5875,  0.170222
0.5880,  0.167519
0.5885,  0.158936
0.5890,  0.130538
0.5895,  0.094235
0.5900,  0.136927
0.5905,  0.178641
0.5910,  0.170545
0.5915,  0.160046
0.5920,  0.157198
0.5925,  0.155411
0.5930,  0.151612
0.5935,  0.151438
0.5940,  0.147595
0.5945,  0.142526
0.5950,  0.144865
0.5955,  0.145647
0.5960,  0.148302
0.5965,  0.151525
0.5970,  0.143653
0.5975,  0.136989
0.5980,  0.131792
0.5985,  0.128390
0.5990,  0.134652
0.5995,  0.140308
0.6000,  0.137427
0.6005,  0.133115
0.6010,  0.134391
0.6015,  0.131795
0.6020,  0.118665
0.6025,  0.106511
0.6030,  0.119380
0.6035,  0.134176
0.6040,  0.133260
0.6045,  0.134917
0.6050,  0.133082
0.6055,  0.128653
0.6060,  0.126631
0.6065,  0.125897
0.6070,  0.126194
0.6075,  0.128309
0.6080,  0.128634
0.6085,  0.129849
0.6090,  0.133140
0.6095,  0.136024
0.6100,  0.128231
0.6105,  0.116845
0.6110,  0.125262
0.6115,  0.135344
0.6120,  0.127242
0.6125,  0.120943
0.6130,  0.118526
0.6135,  0.116927
0.6140,  0.126127
0.6145,  0.137150
0.6150,  0.140572
0.6155,  0.141624
0.6160,  0.117307
0.6165,  0.089543
0.6170,  0.110390
0.6175,  0.130744
0.6180,  0.135617
0.6185,  0.141076
0.6190,  0.138674
0.6195,  0.132680
0.6200,  0.138143
0.6205,  0.144749
0.6210,  0.136682
0.6215,  0.128367
0.6220,  0.135683
0.6225,  0.143211
0.6230,  0.136421
0.6235,  0.131348
0.6240,  0.136302
0.6245,  0.136804
0.6250,  0.131476
0.6255,  0.125732
0.6260,  0.141986
0.6265,  0.157816
0.6270,  0.156435
0.6275,  0.155868
0.6280,  0.158049
0.6285,  0.162306
0.6290,  0.162904
0.6295,  0.164526
0.6300,  0.160684
0.6305,  0.153845
0.6310,  0.144733
0.6315,  0.141264
0.6320,  0.137260
0.6325,  0.134914
0.6330,  0.137381
0.6335,  0.138391
0.6340,  0.139902
0.6345,  0.142102
0.6350,  0.145497
0.6355,  0.146309
0.6360,  0.144920
0.6365,  0.138717
0.6370,  0.134916
0.6375,  0.133179
0.6380,  0.134231
0.6385,  0.135968
0.6390,  0.138396
0.6395,  0.136537
0.6400,  0.135728
0.6405,  0.132124
0.6410,  0.128495
0.6415,  0.128178
0.6420,  0.124668
0.6425,  0.120997
0.6430,  0.118960
0.6435,  0.120645
0.6440,  0.127619
0.6445,  0.135836
0.6450,  0.145014
0.6455,  0.149249
0.6460,  0.151592
0.6465,  0.152137
0.6470,  0.151838
0.6475,  0.148107
0.6480,  0.144537
0.6485,  0.139292
0.6490,  0.132699
0.6495,  0.135668
0.6500,  0.139253
0.6505,  0.145381
0.6510,  0.150556
0.6515,  0.148291
0.6520,  0.146222
0.6525,  0.143573
0.6530,  0.144085
0.6535,  0.137594
0.6540,  0.140668
0.6545,  0.150770
0.6550,  0.161154
0.6555,  0.155396
0.6560,  0.135418
0.6565,  0.105490
0.6570,  0.070194
0.6575,  0.080710
0.6580,  0.094387
0.6585,  0.106630
0.6590,  0.119047
0.6595,  0.112815
0.6600,  0.107559
0.6605,  0.104989
0.6610,  0.105808
0.6615,  0.104817
0.6620,  0.106577
0.6625,  0.106712
0.6630,  0.105021
0.6635,  0.105909
0.6640,  0.106419
0.6645,  0.108124
0.6650,  0.107563
0.6655,  0.105117
0.6660,  0.101966
0.6665,  0.097483
0.6670,  0.093052
0.6675,  0.093585
0.6680,  0.092492
0.6685,  0.095708
0.6690,  0.098988
0.6695,  0.099143
0.6700,  0.101135
0.6705,  0.103204
0.6710,  0.105297
0.6715,  0.105164
0.6720,  0.102212
0.6725,  0.100105
0.6730,  0.099279
0.6735,  0.095761
0.6740,  0.095543
0.6745,  0.094497
0.6750,  0.093449
0.6755,  0.096051
0.6760,  0.098855
0.6765,  0.100577
0.6770,  0.101854
0.6775,  0.101771
0.6780,  0.099884
0.6785,  0.096711
0.6790,  0.093284
0.6795,  0.091983
0.6800,  0.093754
0.6805,  0.094944
0.6810,  0.096718
0.6815,  0.097708
0.6820,  0.104502
0.6825,  0.110591
0.6830,  0.114221
0.6835,  0.112948
0.6840,  0.113271
0.6845,  0.112051
0.6850,  0.124939
0.6855,  0.156824
0.6860,  0.197057
0.6865,  0.227946
0.6870,  0.240941
0.6875,  0.237354
0.6880,  0.232411
0.6885,  0.223652
0.6890,  0.216427
0.6895,  0.210369
0.6900,  0.205392
0.6905,  0.193654
0.6910,  0.184186
0.6915,  0.184514
0.6920,  0.184176
0.6925,  0.184727
0.6930,  0.188846
0.6935,  0.190687
0.6940,  0.186030
0.6945,  0.180195
0.6950,  0.173643
0.6955,  0.163907
0.6960,  0.154805
0.6965,  0.148118
0.6970,  0.143378
0.6975,  0.146525
0.6980,  0.151769
0.6985,  0.158631
0.6990,  0.169060
0.6995,  0.172532
0.7000,  0.172381
0.7005,  0.171389
0.7010,  0.163737
0.7015,  0.163968
0.7020,  0.161871
0.7025,  0.159185
0.7030,  0.156660
0.7035,  0.156404
0.7040,  0.155637
0.7045,  0.153710
0.7050,  0.155003
0.7055,  0.153242
0.7060,  0.148640
0.7065,  0.141226
0.7070,  0.139517
0.7075,  0.135575
0.7080,  0.137246
0.7085,  0.136248
0.7090,  0.134955
0.7095,  0.138026
0.7100,  0.137539
0.7105,  0.133859
0.7110,  0.133876
0.7115,  0.130897
0.7120,  0.129936
0.7125,  0.134046
0.7130,  0.137390
0.7135,  0.141476
0.7140,  0.149233
0.7145,  0.160331
0.7150,  0.175697
0.7155,  0.200802
0.7160,  0.235454
0.7165,  0.271716
0.7170,  0.305946
0.7175,  0.334593
0.7180,  0.359350
0.7185,  0.370026
0.7190,  0.369407
0.7195,  0.359714
0.7200,  0.331506
0.7205,  0.296324
0.7210,  0.267159
0.7215,  0.252250
0.7220,  0.257272
0.7225,  0.275864
0.7230,  0.296101
0.7235,  0.312972
0.7240,  0.325695
0.7245,  0.333324
0.7250,  0.334549
0.7255,  0.331157
0.7260,  0.330605
0.7265,  0.331489
0.7270,  0.331069
0.7275,  0.327665
0.7280,  0.326591
0.7285,  0.319680
0.7290,  0.309926
0.7295,  0.304568
0.7300,  0.300220
0.7305,  0.289003
0.7310,  0.272647
0.7315,  0.250759
0.7320,  0.234918
0.7325,  0.219178
0.7330,  0.204035
0.7335,  0.192578
0.7340,  0.186130
0.7345,  0.177719
0.7350,  0.172697
0.7355,  0.169717
0.7360,  0.168844
0.7365,  0.164094
0.7370,  0.163289
0.7375,  0.159929
0.7380,  0.156007
0.7385,  0.149127
0.7390,  0.139952
0.7395,  0.139806
0.7400,  0.135261
0.7405,  0.128142
0.7410,  0.123235
0.7415,  0.122372
0.7420,  0.122752
0.7425,  0.123512
0.7430,  0.124418
0.7435,  0.120454
0.7440,  0.119308
0.7445,  0.114367
0.7450,  0.113522
0.7455,  0.116103
0.7460,  0.116486
0.7465,  0.118311
0.7470,  0.115434
0.7475,  0.112313
0.7480,  0.109792
0.7485,  0.110362
0.7490,  0.108813
0.7495,  0.110232
0.7500,  0.114100
0.7505,  0.117994
0.7510,  0.118133
0.7515,  0.113509
0.7520,  0.112041
0.7525,  0.110497
0.7530,  0.106973
0.7535,  0.105583
0.7540,  0.107087
0.7545,  0.109437
0.7550,  0.112027
0.7555,  0.115088
0.7560,  0.117083
0.7565,  0.118309
0.7570,  0.123395
0.7575,  0.138501
0.7580,  0.188608
0.7585,  0.280760
0.7590,  0.421999
0.7595,  0.583845
0.7600,  0.704819
0.7605,  0.734136
0.7610,  0.708841
0.7615,  0.681224
0.7620,  0.671832
0.7625,  0.670071
0.7630,  0.659385
0.7635,  0.618532
0.7640,  0.560678
0.7645,  0.489892
0.7650,  0.425569
0.7655,  0.358318
0.7660,  0.290194
0.7665,  0.228428
0.7670,  0.181292
0.7675,  0.158071
0.7680,  0.149004
0.7685,  0.142033
0.7690,  0.132414
0.7695,  0.130429
0.7700,  0.129438
0.7705,  0.125155
0.7710,  0.120915
0.7715,  0.117685
0.7720,  0.117504
0.7725,  0.112765
0.7730,  0.114425
0.7735,  0.116654
0.7740,  0.113501
0.7745,  0.110149
0.7750,  0.100117
0.7755,  0.100755
0.7760,  0.106187
0.7765,  0.111831
0.7770,  0.111877
0.7775,  0.108883
0.7780,  0.103213
0.7785,  0.100829
0.7790,  0.103783
0.7795,  0.104662
0.7800,  0.104010
0.7805,  0.104076
0.7810,  0.107038
0.7815,  0.110926
0.7820,  0.112375
0.7825,  0.111404
0.7830,  0.111872
0.7835,  0.111763
0.7840,  0.114919
0.7845,  0.114170
0.7850,  0.121442
0.7855,  0.121379
0.7860,  0.124157
0.7865,  0.127114
0.7870,  0.129609
0.7875,  0.135958
0.7880,  0.141340
0.7885,  0.144268
0.7890,  0.147211
0.7895,  0.144440
0.7900,  0.142447
0.7905,  0.143392
0.7910,  0.139303
0.7915,  0.139927
0.7920,  0.139199
0.7925,  0.130499
0.7930,  0.124928
0.7935,  0.124719
0.7940,  0.124560
0.7945,  0.125266
0.7950,  0.127785
0.7955,  0.135899
0.7960,  0.136980
0.7965,  0.133261
0.7970,  0.133546
0.7975,  0.132580
0.7980,  0.132871
0.7985,  0.134279
0.7990,  0.136822
0.7995,  0.137569
0.8000,  0.142109
0.8005,  0.145917
0.8010,  0.149854
0.8015,  0.154813
0.8020,  0.147814
0.8025,  0.137720
0.8030,  0.133823
0.8035,  0.136969
0.8040,  0.131815
0.8045,  0.128803
0.8050,  0.125626
0.8055,  0.121900
0.8060,  0.126158
0.8065,  0.124530
0.8070,  0.119529
0.8075,  0.117015
0.8080,  0.115679
0.8085,  0.120032
0.8090,  0.127181
0.8095,  0.141439
0.8100,  0.156284
0.8105,  0.166849
0.8110,  0.180244
0.8115,  0.193335
0.8120,  0.210087
0.8125,  0.233123
0.8130,  0.258777
0.8135,  0.278041
0.8140,  0.289955
0.8145,  0.311128
0.8150,  0.338220
0.8155,  0.347288
0.8160,  0.351784
0.8165,  0.357447
0.8170,  0.358922
0.8175,  0.351666
0.8180,  0.343025
0.8185,  0.322596
0.8190,  0.287408
0.8195,  0.262008
0.8200,  0.239445
0.8205,  0.235895
0.8210,  0.256930
0.8215,  0.294632
0.8220,  0.333910
0.8225,  0.351097
0.8230,  0.332628
0.8235,  0.298265
0.8240,  0.265704
0.8245,  0.245942
0.8250,  0.222172
0.8255,  0.218913
0.8260,  0.223098
0.8265,  0.241581
0.8270,  0.263252
0.8275,  0.273878
0.8280,  0.271765
0.8285,  0.265433
0.8290,  0.267453
0.8295,  0.260036
0.8300,  0.241865
0.8305,  0.233133
0.8310,  0.222034
0.8315,  0.218247
0.8320,  0.217195
0.8325,  0.214631
0.8330,  0.201209
0.8335,  0.189132
0.8340,  0.179667
0.8345,  0.176532
0.8350,  0.180999
0.8355,  0.168920
0.8360,  0.160091
0.8365,  0.156982
0.8370,  0.152741
0.8375,  0.145816
0.8380,  0.135614
0.8385,  0.132109
0.8390,  0.132477
0.8395,  0.131501
0.8400,  0.121262
0.8405,  0.114896
0.8410,  0.114420
0.8415,  0.106602
0.8420,  0.105611
0.8425,  0.110736
0.8430,  0.114019
0.8435,  0.107579
0.8440,  0.099375
0.8445,  0.096558
0.8450,  0.095257
0.8455,  0.098254
0.8460,  0.097871
0.8465,  0.098178
0.8470,  0.096953
0.8475,  0.095726
0.8480,  0.098262
0.8485,  0.092899
0.8490,  0.096462
0.8495,  0.089236
0.8500,  0.074816
0.8505,  0.075355
0.8510,  0.081006
0.8515,  0.079976
0.8520,  0.094832
0.8525,  0.093473
0.8530,  0.089445
0.8535,  0.087685
0.8540,  0.067135
0.8545,  0.073194
0.8550,  0.076735
0.8555,  0.080131
0.8560,  0.083862
0.8565,  0.086427
0.8570,  0.085794
0.8575,  0.094104
0.8580,  0.102727
0.8585,  0.100643
0.8590,  0.092613
0.8595,  0.081097
0.8600,  0.079775
0.8605,  0.089392
0.8610,  0.090646
0.8615,  0.085220
0.8620,  0.081692
0.8625,  0.078997
0.8630,  0.077193
0.8635,  0.079037
0.8640,  0.092276
0.8645,  0.083753
0.8650,  0.076215
0.8655,  0.064205
0.8660,  0.038926
0.8665,  0.039836
0.8670,  0.034342
0.8675,  0.035084
0.8680,  0.044220
0.8685,  0.057173
0.8690,  0.063906
0.8695,  0.077458
0.8700,  0.085007
0.8705,  0.087895
0.8710,  0.080729
0.8715,  0.077953
0.8720,  0.083344
0.8725,  0.086134
0.8730,  0.096240
0.8735,  0.090094
0.8740,  0.088553
0.8745,  0.079283
0.8750,  0.072493
0.8755,  0.074630
0.8760,  0.066581
0.8765,  0.062344
0.8770,  0.063086
0.8775,  0.075288
0.8780,  0.093636
0.8785,  0.094601
0.8790,  0.086612
0.8795,  0.088021
0.8800,  0.088799
0.8805,  0.079983
0.8810,  0.074195
0.8815,  0.072742
0.8820,  0.069130
0.8825,  0.076567
0.8830,  0.081776
0.8835,  0.073294
0.8840,  0.071357
0.8845,  0.066183
0.8850,  0.071907
0.8855,  0.080571
0.8860,  0.088243
0.8865,  0.077250
0.8870,  0.082647
0.8875,  0.081915
0.8880,  0.072687
0.8885,  0.071836
0.8890,  0.069292
0.8895,  0.078045
0.8900,  0.084515
