0.3500,  -0.000680
0.3505,  0.050699
0.3510,  0.024088
0.3515,  -0.005090
0.3520,  -0.039379
0.3525,  -0.072499
0.3530,  -0.038313
0.3535,  -0.010587
0.3540,  0.007098
0.3545,  0.030549
0.3550,  0.014474
0.3555,  0.003217
0.3560,  -0.020854
0.3565,  -0.041999
0.3570,  -0.067996
0.3575,  -0.102021
0.3580,  -0.143656
0.3585,  -0.193614
0.3590,  -0.062057
0.3595,  0.047470
0.3600,  0.038341
0.3605,  0.030211
0.3610,  -0.004022
0.3615,  -0.048875
0.3620,  -0.015431
0.3625,  0.015983
0.3630,  0.008220
0.3635,  0.000261
0.3640,  -0.006636
0.3645,  -0.021394
0.3650,  0.003839
0.3655,  0.029629
0.3660,  0.039776
0.3665,  0.054025
0.3670,  0.035001
0.3675,  0.020250
0.3680,  -0.004724
0.3685,  -0.032565
0.3690,  0.004676
0.3695,  0.041708
0.3700,  0.017603
0.3705,  -0.006369
0.3710,  0.010310
0.3715,  0.026273
0.3720,  0.001022
0.3725,  -0.022888
0.3730,  -0.052596
0.3735,  -0.084454
0.3740,  -0.077775
0.3745,  -0.073887
0.3750,  -0.010350
0.3755,  0.042553
0.3760,  0.042446
0.3765,  0.035144
0.3770,  0.075034
0.3775,  0.108741
0.3780,  0.102829
0.3785,  0.105695
0.3790,  0.031083
0.3795,  -0.051135
0.3800,  -0.007359
0.3805,  0.041366
0.3810,  0.024182
0.3815,  0.010875
0.3820,  -0.058686
0.3825,  -0.142827
0.3830,  -0.162680
0.3835,  -0.194722
0.3840,  -0.063308
0.3845,  0.038324
0.3850,  0.046473
0.3855,  0.054180
0.3860,  0.042460
0.3865,  0.033110
0.3870,  0.028477
0.3875,  0.023814
0.3880,  0.011572
0.3885,  -0.004027
0.3890,  0.042166
0.3895,  0.076533
0.3900,  0.077110
0.3905,  0.078739
0.3910,  0.089708
0.3915,  0.112625
0.3920,  0.038521
0.3925,  -0.037212
0.3930,  -0.172594
0.3935,  -0.366995
0.3940,  -0.138931
0.3945,  0.022203
0.3950,  0.102723
0.3955,  0.179980
0.3960,  0.055016
0.3965,  -0.104706
0.3970,  -0.087857
0.3975,  -0.083624
0.3980,  0.071136
0.3985,  0.173814
0.3990,  0.158183
0.3995,  0.147799
0.4000,  0.120126
0.4005,  0.096225
0.4010,  0.087467
0.4015,  0.085074
0.4020,  0.076087
0.4025,  0.071005
0.4030,  0.052584
0.4035,  0.035795
0.4040,  0.033494
0.4045,  0.033327
0.4050,  0.034176
0.4055,  0.037545
0.4060,  0.028461
0.4065,  0.017468
0.4070,  0.026900
0.4075,  0.032381
0.4080,  0.050487
0.4085,  0.068344
0.4090,  0.062332
0.4095,  0.058096
0.4100,  0.022489
0.4105,  -0.018414
0.4110,  0.038795
0.4115,  0.090348
0.4120,  0.078312
0.4125,  0.064411
0.4130,  0.051090
0.4135,  0.040951
0.4140,  0.034606
0.4145,  0.028068
0.4150,  0.026477
0.4155,  0.022667
0.4160,  0.040301
0.4165,  0.062131
0.4170,  0.032439
0.4175,  -0.000037
0.4180,  0.006742
0.4185,  0.016393
0.4190,  0.025181
0.4195,  0.028931
0.4200,  0.040701
0.4205,  0.052777
0.4210,  0.058246
0.4215,  0.062798
0.4220,  0.023171
0.4225,  -0.019954
0.4230,  0.010135
0.4235,  0.039043
0.4240,  0.048158
0.4245,  0.061351
0.4250,  0.050349
0.4255,  0.036233
0.4260,  0.038500
0.4265,  0.044446
0.4270,  0.021093
0.4275,  -0.002264
0.4280,  0.008384
0.4285,  0.021350
0.4290,  0.008291
0.4295,  -0.000395
0.4300,  -0.065899
0.4305,  -0.149724
0.4310,  0.000202
0.4315,  0.113125
0.4320,  0.089402
0.4325,  0.063889
0.4330,  0.068389
0.4335,  0.073004
0.4340,  0.051446
0.4345,  0.032701
0.4350,  0.035015
0.4355,  0.034563
0.4360,  0.065990
0.4365,  0.098688
0.4370,  0.074889
0.4375,  0.054213
0.4380,  0.012974
0.4385,  -0.033824
0.4390,  0.022235
0.4395,  0.072669
0.4400,  0.049393
0.4405,  0.022779
0.4410,  0.057837
0.4415,  0.088423
0.4420,  0.087526
0.4425,  0.085604
0.4430,  0.065069
0.4435,  0.047640
0.4440,  0.056923
0.4445,  0.068791
0.4450,  0.043148
0.4455,  0.014583
0.4460,  0.027851
0.4465,  0.037969
0.4470,  0.065972
0.4475,  0.091711
0.4480,  0.071262
0.4485,  0.047735
0.4490,  0.049998
0.4495,  0.051973
0.4500,  0.065272
0.4505,  0.078801
0.4510,  0.072703
0.4515,  0.067267
0.4520,  0.042477
0.4525,  0.021049
0.4530,  0.030467
0.4535,  0.039192
0.4540,  0.045156
0.4545,  0.047235
0.4550,  0.053903
0.4555,  0.061078
0.4560,  0.063340
0.4565,  0.065022
0.4570,  0.066270
0.4575,  0.070615
0.4580,  0.052133
0.4585,  0.033774
0.4590,  0.043050
0.4595,  0.049990
0.4600,  0.053968
0.4605,  0.058018
0.4610,  0.059261
0.4615,  0.058158
0.4620,  0.063145
0.4625,  0.070869
0.4630,  0.060070
0.4635,  0.051971
0.4640,  0.045196
0.4645,  0.040363
0.4650,  0.057473
0.4655,  0.074536
0.4660,  0.056648
0.4665,  0.039660
0.4670,  0.059008
0.4675,  0.074323
0.4680,  0.070148
0.4685,  0.067233
0.4690,  0.068609
0.4695,  0.071631
0.4700,  0.056444
0.4705,  0.037338
0.4710,  0.061182
0.4715,  0.084546
0.4720,  0.085138
0.4725,  0.085884
0.4730,  0.076310
0.4735,  0.067394
0.4740,  0.075461
0.4745,  0.085199
0.4750,  0.080529
0.4755,  0.075709
0.4760,  0.066841
0.4765,  0.058069
0.4770,  0.078543
0.4775,  0.096760
0.4780,  0.082666
0.4785,  0.069160
0.4790,  0.080395
0.4795,  0.090109
0.4800,  0.081932
0.4805,  0.076130
0.4810,  0.085752
0.4815,  0.095746
0.4820,  0.085049
0.4825,  0.079025
0.4830,  0.080363
0.4835,  0.081602
0.4840,  0.080506
0.4845,  0.082994
0.4850,  0.073000
0.4855,  0.064302
0.4860,  0.039579
0.4865,  0.004645
0.4870,  0.046291
0.4875,  0.081196
0.4880,  0.090301
0.4885,  0.097531
0.4890,  0.096851
0.4895,  0.096464
0.4900,  0.097404
0.4905,  0.104238
0.4910,  0.087784
0.4915,  0.071144
0.4920,  0.072732
0.4925,  0.071897
0.4930,  0.068180
0.4935,  0.061974
0.4940,  0.086475
0.4945,  0.112113
0.4950,  0.086887
0.4955,  0.061373
0.4960,  0.075649
0.4965,  0.090556
0.4970,  0.092718
0.4975,  0.097417
0.4980,  0.074666
0.4985,  0.049372
0.4990,  0.070618
0.4995,  0.092425
0.5000,  0.077192
0.5005,  0.061221
0.5010,  0.057099
0.5015,  0.050472
0.5020,  0.065063
0.5025,  0.079527
0.5030,  0.085989
0.5035,  0.091716
0.5040,  0.078917
0.5045,  0.063239
0.5050,  0.080356
0.5055,  0.097761
0.5060,  0.088764
0.5065,  0.082406
0.5070,  0.075450
0.5075,  0.068612
0.5080,  0.071887
0.5085,  0.073663
0.5090,  0.072779
0.5095,  0.071648
0.5100,  0.075834
0.5105,  0.078994
0.5110,  0.086557
0.5115,  0.094553
0.5120,  0.073695
0.5125,  0.054230
0.5130,  0.056833
0.5135,  0.059449
0.5140,  0.065473
0.5145,  0.069246
0.5150,  0.076682
0.5155,  0.088999
0.5160,  0.059485
0.5165,  0.028348
0.5170,  0.049748
0.5175,  0.066376
0.5180,  0.053450
0.5185,  0.034131
0.5190,  0.061595
0.5195,  0.088489
0.5200,  0.081412
0.5205,  0.074540
0.5210,  0.083369
0.5215,  0.093682
0.5220,  0.077280
0.5225,  0.059438
0.5230,  0.069146
0.5235,  0.076597
0.5240,  0.083153
0.5245,  0.092931
0.5250,  0.089686
0.5255,  0.090991
0.5260,  0.052577
0.5265,  0.008823
0.5270,  0.041348
0.5275,  0.067298
0.5280,  0.072804
0.5285,  0.077965
0.5290,  0.076173
0.5295,  0.074414
0.5300,  0.075758
0.5305,  0.077376
0.5310,  0.077996
0.5315,  0.084276
0.5320,  0.055753
0.5325,  0.024132
0.5330,  0.056151
0.5335,  0.084807
0.5340,  0.071150
0.5345,  0.055657
0.5350,  0.075841
0.5355,  0.096962
0.5360,  0.077475
0.5365,  0.058297
0.5370,  0.062153
0.5375,  0.065187
0.5380,  0.069728
0.5385,  0.075934
0.5390,  0.067275
0.5395,  0.058484
0.5400,  0.050137
0.5405,  0.041361
0.5410,  0.063033
0.5415,  0.083419
0.5420,  0.072281
0.5425,  0.060597
0.5430,  0.069069
0.5435,  0.076086
0.5440,  0.074268
0.5445,  0.073328
0.5450,  0.076630
0.5455,  0.080926
0.5460,  0.076834
0.5465,  0.073878
0.5470,  0.066677
0.5475,  0.058887
0.5480,  0.064694
0.5485,  0.068473
0.5490,  0.073061
0.5495,  0.078805
0.5500,  0.073229
0.5505,  0.067328
0.5510,  0.068597
0.5515,  0.071065
0.5520,  0.067241
0.5525,  0.062665
0.5530,  0.070469
0.5535,  0.076428
0.5540,  0.077990
0.5545,  0.080310
0.5550,  0.081617
0.5555,  0.083598
0.5560,  0.073157
0.5565,  0.063317
0.5570,  0.071166
0.5575,  0.079387
0.5580,  0.072078
0.5585,  0.064358
0.5590,  0.069006
0.5595,  0.072690
0.5600,  0.077206
0.5605,  0.080116
0.5610,  0.076441
0.5615,  0.073630
0.5620,  0.078607
0.5625,  0.083598
0.5630,  0.085254
0.5635,  0.087050
0.5640,  0.087096
0.5645,  0.089992
0.5650,  0.082983
0.5655,  0.072950
0.5660,  0.077703
0.5665,  0.081523
0.5670,  0.091232
0.5675,  0.101856
0.5680,  0.089022
0.5685,  0.076829
0.5690,  0.088659
0.5695,  0.100320
0.5700,  0.084750
0.5705,  0.067729
0.5710,  0.075907
0.5715,  0.079756
0.5720,  0.087458
0.5725,  0.096078
0.5730,  0.091041
0.5735,  0.089226
0.5740,  0.090085
0.5745,  0.090947
0.5750,  0.085279
0.5755,  0.078133
0.5760,  0.080868
0.5765,  0.084465
0.5770,  0.086687
0.5775,  0.089583
0.5780,  0.076122
0.5785,  0.060824
0.5790,  0.067372
0.5795,  0.073437
0.5800,  0.073185
0.5805,  0.074110
0.5810,  0.076152
0.5815,  0.078232
0.5820,  0.081413
0.5825,  0.082291
0.5830,  0.077055
0.5835,  0.074036
0.5840,  0.076030
0.5845,  0.080737
0.5850,  0.070056
0.5855,  0.058315
0.5860,  0.070339
0.5865,  0.082015
0.5870,  0.089181
0.5875,  0.100819
0.5880,  0.094545
0.5885,  0.086342
0.5890,  0.066717
0.5895,  0.039596
0.5900,  0.078975
0.5905,  0.114900
0.5910,  0.106429
0.5915,  0.096375
0.5920,  0.094192
0.5925,  0.093633
0.5930,  0.090202
0.5935,  0.089988
0.5940,  0.087315
0.5945,  0.084917
0.5950,  0.089140
0.5955,  0.090657
0.5960,  0.093400
0.5965,  0.095871
0.5970,  0.088662
0.5975,  0.082913
0.5980,  0.077817
0.5985,  0.074572
0.5990,  0.081042
0.5995,  0.088957
0.6000,  0.086321
0.6005,  0.083077
0.6010,  0.084676
0.6015,  0.084361
0.6020,  0.075777
0.6025,  0.066545
0.6030,  0.078040
0.6035,  0.089035
0.6040,  0.086000
0.6045,  0.085286
0.6050,  0.084726
0.6055,  0.083166
0.6060,  0.081909
0.6065,  0.081247
0.6070,  0.081222
0.6075,  0.082889
0.6080,  0.084067
0.6085,  0.085103
0.6090,  0.088594
0.6095,  0.089360
0.6100,  0.080969
0.6105,  0.071907
0.6110,  0.079441
0.6115,  0.086719
0.6120,  0.079127
0.6125,  0.073707
0.6130,  0.073016
0.6135,  0.071039
0.6140,  0.080022
0.6145,  0.090042
0.6150,  0.094729
0.6155,  0.097001
0.6160,  0.076026
0.6165,  0.052047
0.6170,  0.069703
0.6175,  0.086570
0.6180,  0.089454
0.6185,  0.093552
0.6190,  0.092005
0.6195,  0.088184
0.6200,  0.091935
0.6205,  0.097167
0.6210,  0.089625
0.6215,  0.082074
0.6220,  0.089010
0.6225,  0.097732
0.6230,  0.092500
0.6235,  0.088156
0.6240,  0.090753
0.6245,  0.090351
0.6250,  0.084546
0.6255,  0.078126
0.6260,  0.090924
0.6265,  0.104145
0.6270,  0.105909
0.6275,  0.108206
0.6280,  0.110244
0.6285,  0.113511
0.6290,  0.113172
0.6295,  0.112019
0.6300,  0.108030
0.6305,  0.100329
0.6310,  0.091957
0.6315,  0.091033
0.6320,  0.090486
0.6325,  0.090842
0.6330,  0.092363
0.6335,  0.094218
0.6340,  0.096393
0.6345,  0.098464
0.6350,  0.100218
0.6355,  0.100607
0.6360,  0.098968
0.6365,  0.095314
0.6370,  0.089993
0.6375,  0.086230
0.6380,  0.086978
0.6385,  0.089041
0.6390,  0.092272
0.6395,  0.093576
0.6400,  0.095700
0.6405,  0.094383
0.6410,  0.090031
0.6415,  0.089048
0.6420,  0.085346
0.6425,  0.081726
0.6430,  0.080190
0.6435,  0.080927
0.6440,  0.082984
0.6445,  0.087165
0.6450,  0.093662
0.6455,  0.097368
0.6460,  0.099540
0.6465,  0.100966
0.6470,  0.101468
0.6475,  0.097679
0.6480,  0.094076
0.6485,  0.091436
0.6490,  0.088156
0.6495,  0.091854
0.6500,  0.092491
0.6505,  0.096113
0.6510,  0.102712
0.6515,  0.101560
0.6520,  0.100628
0.6525,  0.099256
0.6530,  0.097612
0.6535,  0.091087
0.6540,  0.089650
0.6545,  0.092030
0.6550,  0.099476
0.6555,  0.097479
0.6560,  0.087315
0.6565,  0.064854
0.6570,  0.034911
0.6575,  0.043602
0.6580,  0.055536
0.6585,  0.068176
0.6590,  0.081353
0.6595,  0.079654
0.6600,  0.078026
0.6605,  0.076297
0.6610,  0.074425
0.6615,  0.070138
0.6620,  0.067773
0.6625,  0.067218
0.6630,  0.067623
0.6635,  0.071367
0.6640,  0.073235
0.6645,  0.074079
0.6650,  0.074816
0.6655,  0.072684
0.6660,  0.070487
0.6665,  0.067146
0.6670,  0.062073
0.6675,  0.061554
0.6680,  0.061413
0.6685,  0.063946
0.6690,  0.066425
0.6695,  0.065375
0.6700,  0.065127
0.6705,  0.065517
0.6710,  0.064709
0.6715,  0.066434
0.6720,  0.068927
0.6725,  0.069285
0.6730,  0.067623
0.6735,  0.064872
0.6740,  0.061471
0.6745,  0.058834
0.6750,  0.057278
0.6755,  0.059016
0.6760,  0.062719
0.6765,  0.066224
0.6770,  0.068371
0.6775,  0.067743
0.6780,  0.067830
0.6785,  0.068689
0.6790,  0.068500
0.6795,  0.067992
0.6800,  0.066323
0.6805,  0.064866
0.6810,  0.066171
0.6815,  0.066121
0.6820,  0.067127
0.6825,  0.069870
0.6830,  0.072016
0.6835,  0.072390
0.6840,  0.072767
0.6845,  0.072462
0.6850,  0.076742
0.6855,  0.095280
0.6860,  0.121549
0.6865,  0.146777
0.6870,  0.164439
0.6875,  0.169515
0.6880,  0.166189
0.6885,  0.161577
0.6890,  0.160148
0.6895,  0.156671
0.6900,  0.150376
0.6905,  0.141378
0.6910,  0.132897
0.6915,  0.126335
0.6920,  0.122114
0.6925,  0.122591
0.6930,  0.123932
0.6935,  0.121692
0.6940,  0.121981
0.6945,  0.120476
0.6950,  0.115822
0.6955,  0.109123
0.6960,  0.104148
0.6965,  0.100631
0.6970,  0.097290
0.6975,  0.099153
0.6980,  0.103513
0.6985,  0.106538
0.6990,  0.110549
0.6995,  0.110576
0.7000,  0.110727
0.7005,  0.107366
0.7010,  0.102038
0.7015,  0.104195
0.7020,  0.105417
0.7025,  0.104950
0.7030,  0.102239
0.7035,  0.103983
0.7040,  0.104416
0.7045,  0.105524
0.7050,  0.107852
0.7055,  0.103738
0.7060,  0.100360
0.7065,  0.097531
0.7070,  0.096225
0.7075,  0.096936
0.7080,  0.096973
0.7085,  0.096640
0.7090,  0.094515
0.7095,  0.096342
0.7100,  0.095701
0.7105,  0.094623
0.7110,  0.092871
0.7115,  0.090680
0.7120,  0.092111
0.7125,  0.094726
0.7130,  0.092765
0.7135,  0.092665
0.7140,  0.093930
0.7145,  0.098512
0.7150,  0.106425
0.7155,  0.120147
0.7160,  0.140203
0.7165,  0.164074
0.7170,  0.190038
0.7175,  0.212251
0.7180,  0.234001
0.7185,  0.248811
0.7190,  0.253517
0.7195,  0.251939
0.7200,  0.236795
0.7205,  0.215816
0.7210,  0.193552
0.7215,  0.176767
0.7220,  0.174986
0.7225,  0.181387
0.7230,  0.193449
0.7235,  0.206915
0.7240,  0.219146
0.7245,  0.223145
0.7250,  0.224861
0.7255,  0.225147
0.7260,  0.227733
0.7265,  0.230124
0.7270,  0.232311
0.7275,  0.228443
0.7280,  0.224043
0.7285,  0.217732
0.7290,  0.210195
0.7295,  0.203631
0.7300,  0.197290
0.7305,  0.193746
0.7310,  0.187609
0.7315,  0.177464
0.7320,  0.165665
0.7325,  0.152270
0.7330,  0.139542
0.7335,  0.130062
0.7340,  0.122017
0.7345,  0.117974
0.7350,  0.117881
0.7355,  0.118504
0.7360,  0.115912
0.7365,  0.113663
0.7370,  0.114281
0.7375,  0.111551
0.7380,  0.109939
0.7385,  0.106567
0.7390,  0.101097
0.7395,  0.098091
0.7400,  0.094606
0.7405,  0.091440
0.7410,  0.085138
0.7415,  0.084058
0.7420,  0.083384
0.7425,  0.082460
0.7430,  0.084393
0.7435,  0.083340
0.7440,  0.083972
0.7445,  0.083891
0.7450,  0.081730
0.7455,  0.082211
0.7460,  0.078103
0.7465,  0.075114
0.7470,  0.074699
0.7475,  0.072588
0.7480,  0.072137
0.7485,  0.072839
0.7490,  0.076066
0.7495,  0.076032
0.7500,  0.078470
0.7505,  0.082296
0.7510,  0.085164
0.7515,  0.084761
0.7520,  0.079952
0.7525,  0.077128
0.7530,  0.074639
0.7535,  0.076578
0.7540,  0.077936
0.7545,  0.078117
0.7550,  0.079743
0.7555,  0.080636
0.7560,  0.076853
0.7565,  0.072297
0.7570,  0.075798
0.7575,  0.083104
0.7580,  0.109030
0.7585,  0.160331
0.7590,  0.243879
0.7595,  0.355548
0.7600,  0.463508
0.7605,  0.528198
0.7610,  0.539850
0.7615,  0.527354
0.7620,  0.516423
0.7625,  0.511302
0.7630,  0.507876
0.7635,  0.481628
0.7640,  0.436345
0.7645,  0.383260
0.7650,  0.324486
0.7655,  0.274368
0.7660,  0.230003
0.7665,  0.187913
0.7670,  0.150310
0.7675,  0.131823
0.7680,  0.120904
0.7685,  0.115068
0.7690,  0.111150
0.7695,  0.102694
0.7700,  0.094213
0.7705,  0.089295
0.7710,  0.086186
0.7715,  0.083938
0.7720,  0.083697
0.7725,  0.081566
0.7730,  0.081239
0.7735,  0.078186
0.7740,  0.075804
0.7745,  0.072318
0.7750,  0.072810
0.7755,  0.075115
0.7760,  0.074662
0.7765,  0.075256
0.7770,  0.076465
0.7775,  0.074348
0.7780,  0.074964
0.7785,  0.075500
0.7790,  0.077486
0.7795,  0.080612
0.7800,  0.081471
0.7805,  0.080676
0.7810,  0.079141
0.7815,  0.074787
0.7820,  0.072652
0.7825,  0.072387
0.7830,  0.070782
0.7835,  0.070933
0.7840,  0.071221
0.7845,  0.074176
0.7850,  0.076980
0.7855,  0.077670
0.7860,  0.077278
0.7865,  0.080489
0.7870,  0.080990
0.7875,  0.078309
0.7880,  0.080154
0.7885,  0.088059
0.7890,  0.094649
0.7895,  0.095432
0.7900,  0.092046
0.7905,  0.087629
0.7910,  0.084136
0.7915,  0.083617
0.7920,  0.087247
0.7925,  0.088300
0.7930,  0.086501
0.7935,  0.086068
0.7940,  0.084060
0.7945,  0.083600
0.7950,  0.080232
0.7955,  0.086458
0.7960,  0.094031
0.7965,  0.100455
0.7970,  0.105994
0.7975,  0.103833
0.7980,  0.096821
0.7985,  0.093913
0.7990,  0.087557
0.7995,  0.087799
0.8000,  0.090659
0.8005,  0.095996
0.8010,  0.099886
0.8015,  0.099125
0.8020,  0.098339
0.8025,  0.099094
0.8030,  0.098794
0.8035,  0.097937
0.8040,  0.095462
0.8045,  0.091995
0.8050,  0.087879
0.8055,  0.078693
0.8060,  0.074699
0.8065,  0.077528
0.8070,  0.081108
0.8075,  0.079983
0.8080,  0.081123
0.8085,  0.079131
0.8090,  0.081646
0.8095,  0.089795
0.8100,  0.098663
0.8105,  0.102641
0.8110,  0.109760
0.8115,  0.113699
0.8120,  0.119150
0.8125,  0.133819
0.8130,  0.159857
0.8135,  0.181294
0.8140,  0.196397
0.8145,  0.210279
0.8150,  0.228908
0.8155,  0.240917
0.8160,  0.244430
0.8165,  0.241395
0.8170,  0.236105
0.8175,  0.223651
0.8180,  0.218558
0.8185,  0.210028
0.8190,  0.198098
0.8195,  0.193139
0.8200,  0.180686
0.8205,  0.170960
0.8210,  0.177154
0.8215,  0.194411
0.8220,  0.216855
0.8225,  0.233289
0.8230,  0.231337
0.8235,  0.212940
0.8240,  0.186432
0.8245,  0.165893
0.8250,  0.154654
0.8255,  0.154372
0.8260,  0.159422
0.8265,  0.164906
0.8270,  0.167590
0.8275,  0.176371
0.8280,  0.182018
0.8285,  0.174489
0.8290,  0.168843
0.8295,  0.168336
0.8300,  0.163352
0.8305,  0.162940
0.8310,  0.159995
0.8315,  0.158703
0.8320,  0.152571
0.8325,  0.152119
0.8330,  0.141740
0.8335,  0.134663
0.8340,  0.121409
0.8345,  0.114008
0.8350,  0.109772
0.8355,  0.112628
0.8360,  0.112173
0.8365,  0.104541
0.8370,  0.094408
0.8375,  0.088724
0.8380,  0.085393
0.8385,  0.081610
0.8390,  0.078535
0.8395,  0.074814
0.8400,  0.074693
0.8405,  0.078514
0.8410,  0.078615
0.8415,  0.075286
0.8420,  0.072450
0.8425,  0.072178
0.8430,  0.075527
0.8435,  0.074685
0.8440,  0.070526
0.8445,  0.063117
0.8450,  0.054431
0.8455,  0.052038
0.8460,  0.056862
0.8465,  0.067998
0.8470,  0.075583
0.8475,  0.077087
0.8480,  0.079999
0.8485,  0.078825
0.8490,  0.067940
0.8495,  0.056724
0.8500,  0.042740
0.8505,  0.039887
0.8510,  0.041566
0.8515,  0.041882
0.8520,  0.052791
0.8525,  0.046642
0.8530,  0.051357
0.8535,  0.058400
0.8540,  0.046582
0.8545,  0.059789
0.8550,  0.064138
0.8555,  0.058235
0.8560,  0.060377
0.8565,  0.052803
0.8570,  0.054218
0.8575,  0.054592
0.8580,  0.057919
0.8585,  0.055589
0.8590,  0.056054
0.8595,  0.052652
0.8600,  0.048255
0.8605,  0.049105
0.8610,  0.050426
0.8615,  0.046811
0.8620,  0.046818
0.8625,  0.041518
0.8630,  0.043426
0.8635,  0.053533
0.8640,  0.063228
0.8645,  0.057293
0.8650,  0.058489
0.8655,  0.054864
0.8660,  0.035194
0.8665,  0.035324
0.8670,  0.029419
0.8675,  0.027106
0.8680,  0.031954
0.8685,  0.033293
0.8690,  0.041289
0.8695,  0.048459
0.8700,  0.054174
0.8705,  0.052310
0.8710,  0.049221
0.8715,  0.048007
0.8720,  0.049175
0.8725,  0.044062
0.8730,  0.048084
0.8735,  0.051674
0.8740,  0.044753
0.8745,  0.044402
0.8750,  0.045620
0.8755,  0.041704
0.8760,  0.042885
0.8765,  0.041118
0.8770,  0.037505
0.8775,  0.035464
0.8780,  0.041542
0.8785,  0.034072
0.8790,  0.039102
0.8795,  0.050403
0.8800,  0.057324
0.8805,  0.062229
0.8810,  0.064845
0.8815,  0.054862
0.8820,  0.043883
0.8825,  0.034885
0.8830,  0.030032
0.8835,  0.026627
0.8840,  0.027318
0.8845,  0.031051
0.8850,  0.042439
0.8855,  0.048415
0.8860,  0.053099
0.8865,  0.059691
0.8870,  0.058957
0.8875,  0.053268
0.8880,  0.043423
0.8885,  0.040728
0.8890,  0.041200
0.8895,  0.046047
0.8900,  0.053496
