0.3500,  0.187655
0.3505,  0.252294
0.3510,  0.218598
0.3515,  0.187933
0.3520,  0.147733
0.3525,  0.100254
0.3530,  0.140493
0.3535,  0.182495
0.3540,  0.206631
0.3545,  0.238334
0.3550,  0.213353
0.3555,  0.193887
0.3560,  0.156885
0.3565,  0.122689
0.3570,  0.093322
0.3575,  0.060686
0.3580,  0.019590
0.3585,  -0.044565
0.3590,  0.122849
0.3595,  0.264291
0.3600,  0.249099
0.3605,  0.232442
0.3610,  0.176361
0.3615,  0.118935
0.3620,  0.161725
0.3625,  0.199989
0.3630,  0.186956
0.3635,  0.178742
0.3640,  0.180591
0.3645,  0.164928
0.3650,  0.195890
0.3655,  0.224145
0.3660,  0.232402
0.3665,  0.245880
0.3670,  0.217969
0.3675,  0.194714
0.3680,  0.160325
0.3685,  0.123654
0.3690,  0.168752
0.3695,  0.216827
0.3700,  0.186594
0.3705,  0.152083
0.3710,  0.171749
0.3715,  0.197699
0.3720,  0.168577
0.3725,  0.137257
0.3730,  0.101694
0.3735,  0.060277
0.3740,  0.065305
0.3745,  0.067913
0.3750,  0.149891
0.3755,  0.218496
0.3760,  0.212435
0.3765,  0.193232
0.3770,  0.238043
0.3775,  0.281737
0.3780,  0.279680
0.3785,  0.286331
0.3790,  0.190880
0.3795,  0.088459
0.3800,  0.146982
0.3805,  0.205559
0.3810,  0.175290
0.3815,  0.154121
0.3820,  0.068728
0.3825,  -0.033269
0.3830,  -0.058219
0.3835,  -0.098443
0.3840,  0.072955
0.3845,  0.205500
0.3850,  0.217092
0.3855,  0.222434
0.3860,  0.205720
0.3865,  0.195005
0.3870,  0.188218
0.3875,  0.179106
0.3880,  0.157546
0.3885,  0.133938
0.3890,  0.194370
0.3895,  0.244394
0.3900,  0.245365
0.3905,  0.242245
0.3910,  0.254579
0.3915,  0.285362
0.3920,  0.196266
0.3925,  0.103537
0.3930,  -0.069414
0.3935,  -0.320363
0.3940,  -0.030999
0.3945,  0.170147
0.3950,  0.270053
0.3955,  0.367783
0.3960,  0.203642
0.3965,  -0.004335
0.3970,  0.014927
0.3975,  0.017645
0.3980,  0.211461
0.3985,  0.340902
0.3990,  0.320863
0.3995,  0.310488
0.4000,  0.276844
0.4005,  0.244694
0.4010,  0.230811
0.4015,  0.224965
0.4020,  0.211267
0.4025,  0.201823
0.4030,  0.174563
0.4035,  0.151379
0.4040,  0.146905
0.4045,  0.149086
0.4050,  0.154156
0.4055,  0.154731
0.4060,  0.137741
0.4065,  0.123786
0.4070,  0.137903
0.4075,  0.146655
0.4080,  0.169432
0.4085,  0.192381
0.4090,  0.185087
0.4095,  0.181729
0.4100,  0.136922
0.4105,  0.081200
0.4110,  0.149367
0.4115,  0.212098
0.4120,  0.197718
0.4125,  0.181460
0.4130,  0.167030
0.4135,  0.156234
0.4140,  0.149938
0.4145,  0.141898
0.4150,  0.136787
0.4155,  0.132481
0.4160,  0.155556
0.4165,  0.180563
0.4170,  0.140899
0.4175,  0.096885
0.4180,  0.103617
0.4185,  0.116785
0.4190,  0.125512
0.4195,  0.131566
0.4200,  0.146586
0.4205,  0.160947
0.4210,  0.166641
0.4215,  0.175133
0.4220,  0.126610
0.4225,  0.070972
0.4230,  0.106600
0.4235,  0.139017
0.4240,  0.149138
0.4245,  0.166979
0.4250,  0.153839
0.4255,  0.139654
0.4260,  0.149107
0.4265,  0.160705
0.4270,  0.134485
0.4275,  0.105731
0.4280,  0.115562
0.4285,  0.129192
0.4290,  0.112457
0.4295,  0.100381
0.4300,  0.017457
0.4305,  -0.091760
0.4310,  0.100208
0.4315,  0.245080
0.4320,  0.215106
0.4325,  0.184624
0.4330,  0.189707
0.4335,  0.194597
0.4340,  0.168567
0.4345,  0.143000
0.4350,  0.144027
0.4355,  0.142684
0.4360,  0.179215
0.4365,  0.218211
0.4370,  0.185243
0.4375,  0.156311
0.4380,  0.103715
0.4385,  0.045479
0.4390,  0.116471
0.4395,  0.177842
0.4400,  0.147607
0.4405,  0.114496
0.4410,  0.160792
0.4415,  0.199044
0.4420,  0.197072
0.4425,  0.194073
0.4430,  0.166772
0.4435,  0.143325
0.4440,  0.153585
0.4445,  0.166575
0.4450,  0.135309
0.4455,  0.099047
0.4460,  0.114679
0.4465,  0.127367
0.4470,  0.163068
0.4475,  0.198447
0.4480,  0.172466
0.4485,  0.142680
0.4490,  0.143543
0.4495,  0.144545
0.4500,  0.160999
0.4505,  0.178463
0.4510,  0.168333
0.4515,  0.159927
0.4520,  0.130064
0.4525,  0.100444
0.4530,  0.111544
0.4535,  0.121341
0.4540,  0.130972
0.4545,  0.136117
0.4550,  0.147440
0.4555,  0.158872
0.4560,  0.162571
0.4565,  0.164170
0.4570,  0.163737
0.4575,  0.167111
0.4580,  0.141972
0.4585,  0.116545
0.4590,  0.125149
0.4595,  0.133936
0.4600,  0.141002
0.4605,  0.147068
0.4610,  0.146280
0.4615,  0.144083
0.4620,  0.152321
0.4625,  0.162504
0.4630,  0.149659
0.4635,  0.140603
0.4640,  0.132582
0.4645,  0.121886
0.4650,  0.140220
0.4655,  0.160629
0.4660,  0.136314
0.4665,  0.113033
0.4670,  0.135753
0.4675,  0.158107
0.4680,  0.155424
0.4685,  0.152785
0.4690,  0.156864
0.4695,  0.161364
0.4700,  0.141820
0.4705,  0.116329
0.4710,  0.146997
0.4715,  0.175250
0.4720,  0.173369
0.4725,  0.172776
0.4730,  0.160820
0.4735,  0.150902
0.4740,  0.161260
0.4745,  0.173529
0.4750,  0.168407
0.4755,  0.162043
0.4760,  0.148743
0.4765,  0.134982
0.4770,  0.159674
0.4775,  0.182048
0.4780,  0.164479
0.4785,  0.148312
0.4790,  0.160189
0.4795,  0.171268
0.4800,  0.160388
0.4805,  0.154192
0.4810,  0.166802
0.4815,  0.179511
0.4820,  0.167054
0.4825,  0.159246
0.4830,  0.161368
0.4835,  0.165569
0.4840,  0.165247
0.4845,  0.167560
0.4850,  0.153778
0.4855,  0.141587
0.4860,  0.107840
0.4865,  0.060560
0.4870,  0.113143
0.4875,  0.158607
0.4880,  0.170429
0.4885,  0.180098
0.4890,  0.180035
0.4895,  0.180866
0.4900,  0.183314
0.4905,  0.189968
0.4910,  0.166951
0.4915,  0.143825
0.4920,  0.145495
0.4925,  0.143834
0.4930,  0.139004
0.4935,  0.130761
0.4940,  0.163046
0.4945,  0.194663
0.4950,  0.162272
0.4955,  0.130033
0.4960,  0.149860
0.4965,  0.169350
0.4970,  0.173185
0.4975,  0.179871
0.4980,  0.149262
0.4985,  0.115563
0.4990,  0.141920
0.4995,  0.169397
0.5000,  0.150222
0.5005,  0.130192
0.5010,  0.124768
0.5015,  0.115170
0.5020,  0.133372
0.5025,  0.150421
0.5030,  0.158505
0.5035,  0.164652
0.5040,  0.148515
0.5045,  0.127746
0.5050,  0.149133
0.5055,  0.171031
0.5060,  0.158695
0.5065,  0.149385
0.5070,  0.138770
0.5075,  0.128170
0.5080,  0.132329
0.5085,  0.134184
0.5090,  0.132958
0.5095,  0.132687
0.5100,  0.139583
0.5105,  0.145862
0.5110,  0.156949
0.5115,  0.167706
0.5120,  0.142014
0.5125,  0.116616
0.5130,  0.121910
0.5135,  0.123305
0.5140,  0.129621
0.5145,  0.134510
0.5150,  0.143190
0.5155,  0.158628
0.5160,  0.119559
0.5165,  0.079607
0.5170,  0.108586
0.5175,  0.132626
0.5180,  0.114940
0.5185,  0.088360
0.5190,  0.122299
0.5195,  0.153657
0.5200,  0.142665
0.5205,  0.134691
0.5210,  0.145474
0.5215,  0.158820
0.5220,  0.137137
0.5225,  0.114578
0.5230,  0.127403
0.5235,  0.137380
0.5240,  0.146465
0.5245,  0.159125
0.5250,  0.156067
0.5255,  0.157235
0.5260,  0.107737
0.5265,  0.052103
0.5270,  0.094072
0.5275,  0.125816
0.5280,  0.131612
0.5285,  0.136990
0.5290,  0.133836
0.5295,  0.131667
0.5300,  0.134020
0.5305,  0.139123
0.5310,  0.142541
0.5315,  0.149467
0.5320,  0.112496
0.5325,  0.072420
0.5330,  0.114202
0.5335,  0.149073
0.5340,  0.129593
0.5345,  0.109260
0.5350,  0.134889
0.5355,  0.161487
0.5360,  0.135989
0.5365,  0.111512
0.5370,  0.116338
0.5375,  0.120727
0.5380,  0.128093
0.5385,  0.136742
0.5390,  0.123681
0.5395,  0.113834
0.5400,  0.104114
0.5405,  0.091887
0.5410,  0.119409
0.5415,  0.144962
0.5420,  0.130227
0.5425,  0.114285
0.5430,  0.124541
0.5435,  0.131987
0.5440,  0.128666
0.5445,  0.127598
0.5450,  0.133322
0.5455,  0.136280
0.5460,  0.132620
0.5465,  0.130115
0.5470,  0.121069
0.5475,  0.110953
0.5480,  0.118016
0.5485,  0.124585
0.5490,  0.131066
0.5495,  0.137236
0.5500,  0.128516
0.5505,  0.120816
0.5510,  0.123140
0.5515,  0.125644
0.5520,  0.122905
0.5525,  0.117579
0.5530,  0.123923
0.5535,  0.129760
0.5540,  0.132078
0.5545,  0.134506
0.5550,  0.136831
0.5555,  0.140834
0.5560,  0.127869
0.5565,  0.115061
0.5570,  0.125281
0.5575,  0.136175
0.5580,  0.127485
0.5585,  0.115525
0.5590,  0.120478
0.5595,  0.124509
0.5600,  0.128448
0.5605,  0.132998
0.5610,  0.128274
0.5615,  0.123526
0.5620,  0.128853
0.5625,  0.134012
0.5630,  0.137481
0.5635,  0.140880
0.5640,  0.141740
0.5645,  0.143361
0.5650,  0.133511
0.5655,  0.120921
0.5660,  0.125761
0.5665,  0.132125
0.5670,  0.144876
0.5675,  0.157983
0.5680,  0.140682
0.5685,  0.124075
0.5690,  0.139047
0.5695,  0.155011
0.5700,  0.137014
0.5705,  0.115378
0.5710,  0.125536
0.5715,  0.129818
0.5720,  0.140355
0.5725,  0.149762
0.5730,  0.143294
0.5735,  0.140652
0.5740,  0.140998
0.5745,  0.141034
0.5750,  0.132781
0.5755,  0.122202
0.5760,  0.124439
0.5765,  0.129325
0.5770,  0.132953
0.5775,  0.138377
0.5780,  0.122032
0.5785,  0.104765
0.5790,  0.113657
0.5795,  0.121241
0.5800,  0.122302
0.5805,  0.124695
0.5810,  0.126602
0.5815,  0.128129
0.5820,  0.131254
0.5825,  0.132521
0.5830,  0.126039
0.5835,  0.122897
0.5840,  0.124042
0.5845,  0.129525
0.5850,  0.117864
0.5855,  0.102260
0.5860,  0.115590
0.5865,  0.129148
0.5870,  0.137437
0.5875,  0.151257
0.5880,  0.142620
0.5885,  0.131236
0.5890,  0.101562
0.5895,  0.063944
0.5900,  0.113624
0.5905,  0.159109
0.5910,  0.148132
0.5915,  0.137265
0.5920,  0.137963
0.5925,  0.139417
0.5930,  0.133447
0.5935,  0.133229
0.5940,  0.132161
0.5945,  0.128903
0.5950,  0.132250
0.5955,  0.133165
0.5960,  0.135654
0.5965,  0.139515
0.5970,  0.131637
0.5975,  0.126757
0.5980,  0.122458
0.5985,  0.119267
0.5990,  0.129405
0.5995,  0.138079
0.6000,  0.134599
0.6005,  0.129890
0.6010,  0.132847
0.6015,  0.133599
0.6020,  0.122931
0.6025,  0.110783
0.6030,  0.122126
0.6035,  0.135719
0.6040,  0.133362
0.6045,  0.134181
0.6050,  0.133166
0.6055,  0.130670
0.6060,  0.127526
0.6065,  0.126426
0.6070,  0.128571
0.6075,  0.132006
0.6080,  0.130011
0.6085,  0.130004
0.6090,  0.133511
0.6095,  0.134560
0.6100,  0.125331
0.6105,  0.115961
0.6110,  0.126427
0.6115,  0.138642
0.6120,  0.131756
0.6125,  0.125545
0.6130,  0.122439
0.6135,  0.119698
0.6140,  0.129975
0.6145,  0.142248
0.6150,  0.148982
0.6155,  0.151123
0.6160,  0.122187
0.6165,  0.090796
0.6170,  0.115593
0.6175,  0.138234
0.6180,  0.144040
0.6185,  0.147702
0.6190,  0.145431
0.6195,  0.140947
0.6200,  0.148240
0.6205,  0.155862
0.6210,  0.143735
0.6215,  0.131266
0.6220,  0.140441
0.6225,  0.150388
0.6230,  0.141288
0.6235,  0.133644
0.6240,  0.138368
0.6245,  0.139792
0.6250,  0.134085
0.6255,  0.125125
0.6260,  0.139104
0.6265,  0.154589
0.6270,  0.156736
0.6275,  0.156375
0.6280,  0.157031
0.6285,  0.161088
0.6290,  0.161975
0.6295,  0.161491
0.6300,  0.156760
0.6305,  0.149548
0.6310,  0.142837
0.6315,  0.139376
0.6320,  0.137034
0.6325,  0.139685
0.6330,  0.142608
0.6335,  0.145906
0.6340,  0.149624
0.6345,  0.151211
0.6350,  0.153419
0.6355,  0.152218
0.6360,  0.149574
0.6365,  0.145361
0.6370,  0.139467
0.6375,  0.135981
0.6380,  0.138464
0.6385,  0.141638
0.6390,  0.145783
0.6395,  0.145430
0.6400,  0.144448
0.6405,  0.141845
0.6410,  0.136580
0.6415,  0.135676
0.6420,  0.132432
0.6425,  0.129139
0.6430,  0.127437
0.6435,  0.128265
0.6440,  0.133402
0.6445,  0.140974
0.6450,  0.148526
0.6455,  0.149774
0.6460,  0.149906
0.6465,  0.150321
0.6470,  0.148546
0.6475,  0.144868
0.6480,  0.142077
0.6485,  0.137899
0.6490,  0.133038
0.6495,  0.138698
0.6500,  0.144380
0.6505,  0.151210
0.6510,  0.157351
0.6515,  0.154409
0.6520,  0.152745
0.6525,  0.148608
0.6530,  0.147723
0.6535,  0.140271
0.6540,  0.138339
0.6545,  0.143152
0.6550,  0.152967
0.6555,  0.151101
0.6560,  0.136222
0.6565,  0.105505
0.6570,  0.067931
0.6575,  0.079920
0.6580,  0.095652
0.6585,  0.110935
0.6590,  0.127644
0.6595,  0.122263
0.6600,  0.118698
0.6605,  0.117454
0.6610,  0.116982
0.6615,  0.112327
0.6620,  0.111188
0.6625,  0.111843
0.6630,  0.112502
0.6635,  0.116540
0.6640,  0.119820
0.6645,  0.121004
0.6650,  0.120161
0.6655,  0.117128
0.6660,  0.114570
0.6665,  0.113400
0.6670,  0.107874
0.6675,  0.106919
0.6680,  0.107780
0.6685,  0.111147
0.6690,  0.115214
0.6695,  0.113683
0.6700,  0.113053
0.6705,  0.113399
0.6710,  0.113960
0.6715,  0.116016
0.6720,  0.114367
0.6725,  0.114073
0.6730,  0.113780
0.6735,  0.110546
0.6740,  0.106819
0.6745,  0.101476
0.6750,  0.097198
0.6755,  0.096821
0.6760,  0.098477
0.6765,  0.102602
0.6770,  0.108950
0.6775,  0.110468
0.6780,  0.109992
0.6785,  0.111302
0.6790,  0.111111
0.6795,  0.111433
0.6800,  0.111826
0.6805,  0.109267
0.6810,  0.108357
0.6815,  0.107423
0.6820,  0.111096
0.6825,  0.114727
0.6830,  0.118169
0.6835,  0.120078
0.6840,  0.117870
0.6845,  0.120681
0.6850,  0.124644
0.6855,  0.148309
0.6860,  0.180668
0.6865,  0.211818
0.6870,  0.231815
0.6875,  0.238952
0.6880,  0.239948
0.6885,  0.234851
0.6890,  0.229103
0.6895,  0.220331
0.6900,  0.210537
0.6905,  0.200639
0.6910,  0.187900
0.6915,  0.179572
0.6920,  0.174339
0.6925,  0.174763
0.6930,  0.179092
0.6935,  0.178101
0.6940,  0.170572
0.6945,  0.171400
0.6950,  0.169122
0.6955,  0.163234
0.6960,  0.154111
0.6965,  0.149018
0.6970,  0.144939
0.6975,  0.146122
0.6980,  0.151468
0.6985,  0.157383
0.6990,  0.163319
0.6995,  0.164125
0.7000,  0.160589
0.7005,  0.156041
0.7010,  0.151696
0.7015,  0.156155
0.7020,  0.157137
0.7025,  0.157551
0.7030,  0.155292
0.7035,  0.157941
0.7040,  0.157355
0.7045,  0.161901
0.7050,  0.165864
0.7055,  0.161235
0.7060,  0.157564
0.7065,  0.153171
0.7070,  0.150211
0.7075,  0.146451
0.7080,  0.146347
0.7085,  0.144644
0.7090,  0.143734
0.7095,  0.142952
0.7100,  0.144167
0.7105,  0.144097
0.7110,  0.143628
0.7115,  0.141342
0.7120,  0.137618
0.7125,  0.135564
0.7130,  0.134701
0.7135,  0.133357
0.7140,  0.137365
0.7145,  0.145196
0.7150,  0.158366
0.7155,  0.177008
0.7160,  0.198209
0.7165,  0.225187
0.7170,  0.254668
0.7175,  0.278455
0.7180,  0.296790
0.7185,  0.310145
0.7190,  0.311937
0.7195,  0.311164
0.7200,  0.298788
0.7205,  0.279394
0.7210,  0.251912
0.7215,  0.234421
0.7220,  0.230258
0.7225,  0.239424
0.7230,  0.254914
0.7235,  0.265983
0.7240,  0.277394
0.7245,  0.284987
0.7250,  0.290251
0.7255,  0.288674
0.7260,  0.291164
0.7265,  0.293188
0.7270,  0.296506
0.7275,  0.294534
0.7280,  0.291517
0.7285,  0.280347
0.7290,  0.271563
0.7295,  0.267171
0.7300,  0.266372
0.7305,  0.260032
0.7310,  0.254934
0.7315,  0.240836
0.7320,  0.224908
0.7325,  0.210579
0.7330,  0.194092
0.7335,  0.187742
0.7340,  0.184671
0.7345,  0.183161
0.7350,  0.177987
0.7355,  0.173979
0.7360,  0.167391
0.7365,  0.164201
0.7370,  0.166189
0.7375,  0.166163
0.7380,  0.164478
0.7385,  0.164326
0.7390,  0.158840
0.7395,  0.153589
0.7400,  0.145170
0.7405,  0.136588
0.7410,  0.129913
0.7415,  0.131925
0.7420,  0.133493
0.7425,  0.136239
0.7430,  0.138199
0.7435,  0.137166
0.7440,  0.146300
0.7445,  0.148538
0.7450,  0.148883
0.7455,  0.149469
0.7460,  0.146519
0.7465,  0.145042
0.7470,  0.146400
0.7475,  0.141082
0.7480,  0.135770
0.7485,  0.136174
0.7490,  0.136837
0.7495,  0.137335
0.7500,  0.138180
0.7505,  0.142051
0.7510,  0.141429
0.7515,  0.145327
0.7520,  0.152636
0.7525,  0.147220
0.7530,  0.139712
0.7535,  0.135622
0.7540,  0.134564
0.7545,  0.131953
0.7550,  0.134953
0.7555,  0.137878
0.7560,  0.139338
0.7565,  0.136962
0.7570,  0.132242
0.7575,  0.138487
0.7580,  0.170244
0.7585,  0.237712
0.7590,  0.346704
0.7595,  0.495122
0.7600,  0.638391
0.7605,  0.716659
0.7610,  0.730087
0.7615,  0.697071
0.7620,  0.679629
0.7625,  0.675910
0.7630,  0.660887
0.7635,  0.622116
0.7640,  0.572386
0.7645,  0.513710
0.7650,  0.445270
0.7655,  0.382061
0.7660,  0.324926
0.7665,  0.273595
0.7670,  0.227932
0.7675,  0.196939
0.7680,  0.176057
0.7685,  0.171996
0.7690,  0.164429
0.7695,  0.162415
0.7700,  0.158786
0.7705,  0.151043
0.7710,  0.144118
0.7715,  0.143298
0.7720,  0.141792
0.7725,  0.141503
0.7730,  0.145314
0.7735,  0.150224
0.7740,  0.144488
0.7745,  0.142947
0.7750,  0.136587
0.7755,  0.134794
0.7760,  0.134744
0.7765,  0.135211
0.7770,  0.139654
0.7775,  0.139351
0.7780,  0.140289
0.7785,  0.136295
0.7790,  0.134261
0.7795,  0.137727
0.7800,  0.140500
0.7805,  0.137626
0.7810,  0.137911
0.7815,  0.130685
0.7820,  0.127989
0.7825,  0.127460
0.7830,  0.129458
0.7835,  0.132712
0.7840,  0.132706
0.7845,  0.136681
0.7850,  0.134397
0.7855,  0.136199
0.7860,  0.137538
0.7865,  0.136688
0.7870,  0.140863
0.7875,  0.145501
0.7880,  0.151901
0.7885,  0.155261
0.7890,  0.156890
0.7895,  0.157819
0.7900,  0.151301
0.7905,  0.147535
0.7910,  0.150230
0.7915,  0.155275
0.7920,  0.160547
0.7925,  0.163505
0.7930,  0.159544
0.7935,  0.152572
0.7940,  0.144284
0.7945,  0.140451
0.7950,  0.136448
0.7955,  0.145377
0.7960,  0.153794
0.7965,  0.158864
0.7970,  0.161088
0.7975,  0.163088
0.7980,  0.159040
0.7985,  0.157164
0.7990,  0.154997
0.7995,  0.156390
0.8000,  0.156468
0.8005,  0.153113
0.8010,  0.154350
0.8015,  0.153044
0.8020,  0.156259
0.8025,  0.159926
0.8030,  0.155655
0.8035,  0.160120
0.8040,  0.158894
0.8045,  0.159425
0.8050,  0.157524
0.8055,  0.159995
0.8060,  0.154138
0.8065,  0.146212
0.8070,  0.151292
0.8075,  0.156538
0.8080,  0.153966
0.8085,  0.152071
0.8090,  0.148036
0.8095,  0.151115
0.8100,  0.154378
0.8105,  0.159773
0.8110,  0.164393
0.8115,  0.169437
0.8120,  0.181163
0.8125,  0.196811
0.8130,  0.209518
0.8135,  0.232187
0.8140,  0.248210
0.8145,  0.262686
0.8150,  0.276531
0.8155,  0.284454
0.8160,  0.292074
0.8165,  0.302933
0.8170,  0.313942
0.8175,  0.314046
0.8180,  0.309609
0.8185,  0.299240
0.8190,  0.278071
0.8195,  0.266209
0.8200,  0.256734
0.8205,  0.246980
0.8210,  0.250903
0.8215,  0.275095
0.8220,  0.308982
0.8225,  0.333428
0.8230,  0.331700
0.8235,  0.305655
0.8240,  0.262269
0.8245,  0.233582
0.8250,  0.225510
0.8255,  0.224311
0.8260,  0.227232
0.8265,  0.237973
0.8270,  0.246235
0.8275,  0.257076
0.8280,  0.268105
0.8285,  0.253315
0.8290,  0.248908
0.8295,  0.240325
0.8300,  0.232467
0.8305,  0.237033
0.8310,  0.235881
0.8315,  0.231445
0.8320,  0.230952
0.8325,  0.223267
0.8330,  0.215478
0.8335,  0.195711
0.8340,  0.188844
0.8345,  0.188821
0.8350,  0.186952
0.8355,  0.179544
0.8360,  0.175424
0.8365,  0.170227
0.8370,  0.172124
0.8375,  0.182461
0.8380,  0.180043
0.8385,  0.187133
0.8390,  0.169623
0.8395,  0.157234
0.8400,  0.150159
0.8405,  0.146131
0.8410,  0.146092
0.8415,  0.145633
0.8420,  0.139699
0.8425,  0.141855
0.8430,  0.138970
0.8435,  0.137158
0.8440,  0.136454
0.8445,  0.128525
0.8450,  0.123596
0.8455,  0.123278
0.8460,  0.124427
0.8465,  0.127824
0.8470,  0.137149
0.8475,  0.144768
0.8480,  0.152848
0.8485,  0.151667
0.8490,  0.139707
0.8495,  0.123099
0.8500,  0.101728
0.8505,  0.097641
0.8510,  0.094084
0.8515,  0.102361
0.8520,  0.116348
0.8525,  0.107568
0.8530,  0.116672
0.8535,  0.116528
0.8540,  0.100807
0.8545,  0.124385
0.8550,  0.133411
0.8555,  0.130897
0.8560,  0.139682
0.8565,  0.133338
0.8570,  0.134127
0.8575,  0.131393
0.8580,  0.136070
0.8585,  0.126897
0.8590,  0.123502
0.8595,  0.132850
0.8600,  0.144913
0.8605,  0.144916
0.8610,  0.147583
0.8615,  0.140460
0.8620,  0.128995
0.8625,  0.123946
0.8630,  0.120291
0.8635,  0.126764
0.8640,  0.145121
0.8645,  0.146841
0.8650,  0.139086
0.8655,  0.136866
0.8660,  0.113463
0.8665,  0.126084
0.8670,  0.113372
0.8675,  0.100924
0.8680,  0.098324
0.8685,  0.098414
0.8690,  0.106692
0.8695,  0.115862
0.8700,  0.128876
0.8705,  0.140958
0.8710,  0.146811
0.8715,  0.151183
0.8720,  0.157772
0.8725,  0.157962
0.8730,  0.152592
0.8735,  0.142958
0.8740,  0.140675
0.8745,  0.133705
0.8750,  0.127171
0.8755,  0.129598
0.8760,  0.124413
0.8765,  0.128452
0.8770,  0.133546
0.8775,  0.137711
0.8780,  0.129350
0.8785,  0.125273
0.8790,  0.109382
0.8795,  0.103263
0.8800,  0.113807
0.8805,  0.132348
0.8810,  0.139228
0.8815,  0.145004
0.8820,  0.137069
0.8825,  0.124478
0.8830,  0.122694
0.8835,  0.113871
0.8840,  0.119170
0.8845,  0.122752
0.8850,  0.126353
0.8855,  0.125140
0.8860,  0.132161
0.8865,  0.130134
0.8870,  0.138431
0.8875,  0.149791
0.8880,  0.144797
0.8885,  0.149884
0.8890,  0.150265
0.8895,  0.152964
0.8900,  0.147186
