0.3500,  0.116931
0.3505,  0.166929
0.3510,  0.144659
0.3515,  0.118199
0.3520,  0.083506
0.3525,  0.054137
0.3530,  0.081682
0.3535,  0.108917
0.3540,  0.123232
0.3545,  0.148900
0.3550,  0.136257
0.3555,  0.124269
0.3560,  0.095699
0.3565,  0.072975
0.3570,  0.054664
0.3575,  0.034701
0.3580,  0.006506
0.3585,  -0.036053
0.3590,  0.085099
0.3595,  0.177893
0.3600,  0.161788
0.3605,  0.147551
0.3610,  0.107846
0.3615,  0.065365
0.3620,  0.090269
0.3625,  0.116129
0.3630,  0.113207
0.3635,  0.111670
0.3640,  0.106100
0.3645,  0.100396
0.3650,  0.127534
0.3655,  0.154263
0.3660,  0.165164
0.3665,  0.173356
0.3670,  0.145487
0.3675,  0.121786
0.3680,  0.090902
0.3685,  0.062645
0.3690,  0.097164
0.3695,  0.131999
0.3700,  0.114295
0.3705,  0.095437
0.3710,  0.113269
0.3715,  0.136359
0.3720,  0.118427
0.3725,  0.097740
0.3730,  0.072489
0.3735,  0.041560
0.3740,  0.047003
0.3745,  0.044798
0.3750,  0.098628
0.3755,  0.147321
0.3760,  0.145608
0.3765,  0.132768
0.3770,  0.165782
0.3775,  0.199474
0.3780,  0.198551
0.3785,  0.204837
0.3790,  0.136883
0.3795,  0.060575
0.3800,  0.100365
0.3805,  0.144121
0.3810,  0.124828
0.3815,  0.111015
0.3820,  0.047866
0.3825,  -0.030688
0.3830,  -0.053152
0.3835,  -0.087076
0.3840,  0.037107
0.3845,  0.135043
0.3850,  0.145136
0.3855,  0.155638
0.3860,  0.147186
0.3865,  0.141326
0.3870,  0.138244
0.3875,  0.129473
0.3880,  0.115945
0.3885,  0.099046
0.3890,  0.138161
0.3895,  0.166286
0.3900,  0.162947
0.3905,  0.165740
0.3910,  0.179491
0.3915,  0.201146
0.3920,  0.128354
0.3925,  0.052827
0.3930,  -0.074561
0.3935,  -0.251467
0.3940,  -0.032774
0.3945,  0.120805
0.3950,  0.199869
0.3955,  0.272367
0.3960,  0.150823
0.3965,  -0.005219
0.3970,  0.005410
0.3975,  -0.000441
0.3980,  0.137452
0.3985,  0.233569
0.3990,  0.222135
0.3995,  0.219513
0.4000,  0.199276
0.4005,  0.179263
0.4010,  0.171127
0.4015,  0.167452
0.4020,  0.155800
0.4025,  0.151007
0.4030,  0.133800
0.4035,  0.113966
0.4040,  0.107793
0.4045,  0.104544
0.4050,  0.102398
0.4055,  0.102451
0.4060,  0.092425
0.4065,  0.083449
0.4070,  0.093324
0.4075,  0.099596
0.4080,  0.118844
0.4085,  0.138270
0.4090,  0.133334
0.4095,  0.129823
0.4100,  0.097903
0.4105,  0.060153
0.4110,  0.111871
0.4115,  0.158494
0.4120,  0.145804
0.4125,  0.132145
0.4130,  0.119751
0.4135,  0.111686
0.4140,  0.107788
0.4145,  0.102835
0.4150,  0.100979
0.4155,  0.099989
0.4160,  0.120808
0.4165,  0.142314
0.4170,  0.114700
0.4175,  0.084041
0.4180,  0.088415
0.4185,  0.091904
0.4190,  0.096630
0.4195,  0.096799
0.4200,  0.106684
0.4205,  0.118802
0.4210,  0.125408
0.4215,  0.134057
0.4220,  0.099989
0.4225,  0.062687
0.4230,  0.088907
0.4235,  0.114389
0.4240,  0.121363
0.4245,  0.133926
0.4250,  0.122711
0.4255,  0.108873
0.4260,  0.112064
0.4265,  0.117955
0.4270,  0.094361
0.4275,  0.072637
0.4280,  0.083098
0.4285,  0.095891
0.4290,  0.083873
0.4295,  0.072623
0.4300,  0.010512
0.4305,  -0.068304
0.4310,  0.069515
0.4315,  0.176644
0.4320,  0.156032
0.4325,  0.133985
0.4330,  0.138869
0.4335,  0.144335
0.4340,  0.125290
0.4345,  0.105060
0.4350,  0.103237
0.4355,  0.100409
0.4360,  0.128009
0.4365,  0.157546
0.4370,  0.134853
0.4375,  0.115692
0.4380,  0.079924
0.4385,  0.038413
0.4390,  0.090495
0.4395,  0.136855
0.4400,  0.114474
0.4405,  0.087115
0.4410,  0.114703
0.4415,  0.141968
0.4420,  0.143844
0.4425,  0.144437
0.4430,  0.124947
0.4435,  0.107472
0.4440,  0.115825
0.4445,  0.126754
0.4450,  0.103915
0.4455,  0.078701
0.4460,  0.090833
0.4465,  0.100182
0.4470,  0.124351
0.4475,  0.148896
0.4480,  0.129944
0.4485,  0.108124
0.4490,  0.108157
0.4495,  0.108544
0.4500,  0.117676
0.4505,  0.129137
0.4510,  0.123578
0.4515,  0.120612
0.4520,  0.096755
0.4525,  0.077172
0.4530,  0.087131
0.4535,  0.095350
0.4540,  0.099480
0.4545,  0.100845
0.4550,  0.107042
0.4555,  0.112763
0.4560,  0.114710
0.4565,  0.117058
0.4570,  0.118081
0.4575,  0.122649
0.4580,  0.104179
0.4585,  0.085692
0.4590,  0.094161
0.4595,  0.098636
0.4600,  0.102160
0.4605,  0.105558
0.4610,  0.106314
0.4615,  0.106297
0.4620,  0.113831
0.4625,  0.122356
0.4630,  0.113015
0.4635,  0.105065
0.4640,  0.097682
0.4645,  0.090142
0.4650,  0.103920
0.4655,  0.119259
0.4660,  0.102253
0.4665,  0.086864
0.4670,  0.105582
0.4675,  0.121764
0.4680,  0.121144
0.4685,  0.117959
0.4690,  0.121659
0.4695,  0.123021
0.4700,  0.108101
0.4705,  0.088362
0.4710,  0.108619
0.4715,  0.127742
0.4720,  0.124417
0.4725,  0.125776
0.4730,  0.119525
0.4735,  0.112291
0.4740,  0.120426
0.4745,  0.130863
0.4750,  0.127913
0.4755,  0.124033
0.4760,  0.115649
0.4765,  0.106911
0.4770,  0.125379
0.4775,  0.141785
0.4780,  0.127099
0.4785,  0.112286
0.4790,  0.120723
0.4795,  0.128040
0.4800,  0.120280
0.4805,  0.114698
0.4810,  0.124408
0.4815,  0.133098
0.4820,  0.125079
0.4825,  0.118514
0.4830,  0.122871
0.4835,  0.127103
0.4840,  0.125223
0.4845,  0.125698
0.4850,  0.114887
0.4855,  0.105064
0.4860,  0.080028
0.4865,  0.045952
0.4870,  0.085208
0.4875,  0.117689
0.4880,  0.125852
0.4885,  0.133064
0.4890,  0.133026
0.4895,  0.133692
0.4900,  0.136560
0.4905,  0.142288
0.4910,  0.124582
0.4915,  0.107452
0.4920,  0.108161
0.4925,  0.106628
0.4930,  0.102239
0.4935,  0.096068
0.4940,  0.120515
0.4945,  0.145471
0.4950,  0.122259
0.4955,  0.098353
0.4960,  0.111927
0.4965,  0.126215
0.4970,  0.128986
0.4975,  0.132570
0.4980,  0.110183
0.4985,  0.086054
0.4990,  0.106381
0.4995,  0.126546
0.5000,  0.111489
0.5005,  0.095873
0.5010,  0.092081
0.5015,  0.086183
0.5020,  0.100504
0.5025,  0.114666
0.5030,  0.122695
0.5035,  0.129409
0.5040,  0.116972
0.5045,  0.102195
0.5050,  0.118375
0.5055,  0.133683
0.5060,  0.124460
0.5065,  0.117421
0.5070,  0.108873
0.5075,  0.099695
0.5080,  0.101880
0.5085,  0.104407
0.5090,  0.104296
0.5095,  0.104035
0.5100,  0.108569
0.5105,  0.112069
0.5110,  0.119532
0.5115,  0.127191
0.5120,  0.107517
0.5125,  0.089499
0.5130,  0.091694
0.5135,  0.092246
0.5140,  0.097435
0.5145,  0.100763
0.5150,  0.107261
0.5155,  0.119874
0.5160,  0.091573
0.5165,  0.061469
0.5170,  0.081543
0.5175,  0.098137
0.5180,  0.086304
0.5185,  0.067535
0.5190,  0.092741
0.5195,  0.117333
0.5200,  0.110267
0.5205,  0.103462
0.5210,  0.111299
0.5215,  0.121042
0.5220,  0.104346
0.5225,  0.087196
0.5230,  0.096862
0.5235,  0.104925
0.5240,  0.111822
0.5245,  0.121305
0.5250,  0.119289
0.5255,  0.120656
0.5260,  0.084155
0.5265,  0.043570
0.5270,  0.075344
0.5275,  0.098379
0.5280,  0.101803
0.5285,  0.105817
0.5290,  0.103130
0.5295,  0.101117
0.5300,  0.102880
0.5305,  0.106576
0.5310,  0.109360
0.5315,  0.115246
0.5320,  0.087480
0.5325,  0.056952
0.5330,  0.086871
0.5335,  0.112575
0.5340,  0.097937
0.5345,  0.082368
0.5350,  0.101938
0.5355,  0.122145
0.5360,  0.102818
0.5365,  0.083926
0.5370,  0.086788
0.5375,  0.090265
0.5380,  0.096185
0.5385,  0.104155
0.5390,  0.096908
0.5395,  0.088967
0.5400,  0.081237
0.5405,  0.070781
0.5410,  0.089247
0.5415,  0.106332
0.5420,  0.095147
0.5425,  0.084354
0.5430,  0.093204
0.5435,  0.100566
0.5440,  0.099775
0.5445,  0.100574
0.5450,  0.104408
0.5455,  0.107402
0.5460,  0.104176
0.5465,  0.100160
0.5470,  0.091734
0.5475,  0.084265
0.5480,  0.089444
0.5485,  0.093576
0.5490,  0.097774
0.5495,  0.102644
0.5500,  0.097428
0.5505,  0.092990
0.5510,  0.094497
0.5515,  0.095714
0.5520,  0.092211
0.5525,  0.088440
0.5530,  0.094068
0.5535,  0.098924
0.5540,  0.101182
0.5545,  0.102578
0.5550,  0.103595
0.5555,  0.105136
0.5560,  0.095015
0.5565,  0.085785
0.5570,  0.093021
0.5575,  0.101010
0.5580,  0.094955
0.5585,  0.088656
0.5590,  0.091881
0.5595,  0.093915
0.5600,  0.096416
0.5605,  0.099770
0.5610,  0.096507
0.5615,  0.092025
0.5620,  0.094933
0.5625,  0.100353
0.5630,  0.103818
0.5635,  0.106509
0.5640,  0.106758
0.5645,  0.106862
0.5650,  0.099597
0.5655,  0.090974
0.5660,  0.096659
0.5665,  0.101618
0.5670,  0.111226
0.5675,  0.121936
0.5680,  0.109796
0.5685,  0.097622
0.5690,  0.108945
0.5695,  0.120108
0.5700,  0.106528
0.5705,  0.091590
0.5710,  0.099021
0.5715,  0.102623
0.5720,  0.108894
0.5725,  0.117046
0.5730,  0.112503
0.5735,  0.110376
0.5740,  0.110300
0.5745,  0.110079
0.5750,  0.104282
0.5755,  0.097180
0.5760,  0.099314
0.5765,  0.102675
0.5770,  0.105393
0.5775,  0.109444
0.5780,  0.096769
0.5785,  0.082108
0.5790,  0.088935
0.5795,  0.093721
0.5800,  0.093774
0.5805,  0.094417
0.5810,  0.094709
0.5815,  0.096498
0.5820,  0.098956
0.5825,  0.101350
0.5830,  0.097035
0.5835,  0.093874
0.5840,  0.095346
0.5845,  0.098871
0.5850,  0.089411
0.5855,  0.078883
0.5860,  0.090215
0.5865,  0.102115
0.5870,  0.111270
0.5875,  0.125377
0.5880,  0.123564
0.5885,  0.118319
0.5890,  0.100481
0.5895,  0.074328
0.5900,  0.110779
0.5905,  0.143413
0.5910,  0.133824
0.5915,  0.124092
0.5920,  0.122990
0.5925,  0.123441
0.5930,  0.120446
0.5935,  0.122607
0.5940,  0.121903
0.5945,  0.118828
0.5950,  0.120694
0.5955,  0.120353
0.5960,  0.120692
0.5965,  0.120487
0.5970,  0.112904
0.5975,  0.107506
0.5980,  0.102248
0.5985,  0.097257
0.5990,  0.101868
0.5995,  0.107103
0.6000,  0.104300
0.6005,  0.100803
0.6010,  0.101741
0.6015,  0.100563
0.6020,  0.091783
0.6025,  0.083011
0.6030,  0.092340
0.6035,  0.103372
0.6040,  0.102231
0.6045,  0.102585
0.6050,  0.101750
0.6055,  0.097995
0.6060,  0.095737
0.6065,  0.093869
0.6070,  0.094056
0.6075,  0.095643
0.6080,  0.096149
0.6085,  0.096609
0.6090,  0.100434
0.6095,  0.103981
0.6100,  0.096388
0.6105,  0.087997
0.6110,  0.094942
0.6115,  0.102231
0.6120,  0.094974
0.6125,  0.089641
0.6130,  0.089771
0.6135,  0.091249
0.6140,  0.101469
0.6145,  0.110353
0.6150,  0.112221
0.6155,  0.113534
0.6160,  0.092673
0.6165,  0.068155
0.6170,  0.084248
0.6175,  0.100544
0.6180,  0.104338
0.6185,  0.107667
0.6190,  0.106782
0.6195,  0.104183
0.6200,  0.108900
0.6205,  0.113962
0.6210,  0.106126
0.6215,  0.097583
0.6220,  0.102830
0.6225,  0.110963
0.6230,  0.105332
0.6235,  0.100151
0.6240,  0.101458
0.6245,  0.100109
0.6250,  0.095917
0.6255,  0.090463
0.6260,  0.101907
0.6265,  0.115709
0.6270,  0.120042
0.6275,  0.122336
0.6280,  0.126087
0.6285,  0.130589
0.6290,  0.130895
0.6295,  0.129408
0.6300,  0.123761
0.6305,  0.116962
0.6310,  0.109139
0.6315,  0.106319
0.6320,  0.104298
0.6325,  0.103526
0.6330,  0.105482
0.6335,  0.108201
0.6340,  0.110459
0.6345,  0.111890
0.6350,  0.112596
0.6355,  0.111482
0.6360,  0.108253
0.6365,  0.105143
0.6370,  0.100977
0.6375,  0.098210
0.6380,  0.098593
0.6385,  0.101217
0.6390,  0.105287
0.6395,  0.107198
0.6400,  0.108612
0.6405,  0.107094
0.6410,  0.105142
0.6415,  0.103901
0.6420,  0.100794
0.6425,  0.097813
0.6430,  0.096087
0.6435,  0.095656
0.6440,  0.098154
0.6445,  0.102516
0.6450,  0.109873
0.6455,  0.113956
0.6460,  0.118680
0.6465,  0.122770
0.6470,  0.124143
0.6475,  0.122918
0.6480,  0.122936
0.6485,  0.120416
0.6490,  0.116106
0.6495,  0.116757
0.6500,  0.117401
0.6505,  0.120403
0.6510,  0.124022
0.6515,  0.121469
0.6520,  0.117580
0.6525,  0.114401
0.6530,  0.115175
0.6535,  0.111916
0.6540,  0.110334
0.6545,  0.113487
0.6550,  0.118567
0.6555,  0.115821
0.6560,  0.107829
0.6565,  0.086986
0.6570,  0.059941
0.6575,  0.067660
0.6580,  0.076129
0.6585,  0.086186
0.6590,  0.096820
0.6595,  0.094237
0.6600,  0.093266
0.6605,  0.090668
0.6610,  0.090236
0.6615,  0.086333
0.6620,  0.084041
0.6625,  0.082161
0.6630,  0.081523
0.6635,  0.081861
0.6640,  0.080800
0.6645,  0.082796
0.6650,  0.087034
0.6655,  0.086883
0.6660,  0.085364
0.6665,  0.083889
0.6670,  0.081144
0.6675,  0.082901
0.6680,  0.081614
0.6685,  0.081797
0.6690,  0.082084
0.6695,  0.080444
0.6700,  0.079578
0.6705,  0.079483
0.6710,  0.078752
0.6715,  0.080728
0.6720,  0.081593
0.6725,  0.082458
0.6730,  0.080253
0.6735,  0.077472
0.6740,  0.074851
0.6745,  0.076119
0.6750,  0.076601
0.6755,  0.077568
0.6760,  0.077107
0.6765,  0.079507
0.6770,  0.080852
0.6775,  0.081078
0.6780,  0.081999
0.6785,  0.083568
0.6790,  0.082779
0.6795,  0.082364
0.6800,  0.080983
0.6805,  0.078364
0.6810,  0.076070
0.6815,  0.076649
0.6820,  0.077981
0.6825,  0.078190
0.6830,  0.081751
0.6835,  0.084801
0.6840,  0.083437
0.6845,  0.082723
0.6850,  0.085982
0.6855,  0.107403
0.6860,  0.135452
0.6865,  0.163030
0.6870,  0.179783
0.6875,  0.181913
0.6880,  0.179457
0.6885,  0.174979
0.6890,  0.171908
0.6895,  0.165445
0.6900,  0.158957
0.6905,  0.154223
0.6910,  0.148830
0.6915,  0.146429
0.6920,  0.146597
0.6925,  0.150437
0.6930,  0.157333
0.6935,  0.160774
0.6940,  0.160481
0.6945,  0.156873
0.6950,  0.150853
0.6955,  0.140840
0.6960,  0.131398
0.6965,  0.123765
0.6970,  0.119927
0.6975,  0.124232
0.6980,  0.129638
0.6985,  0.135742
0.6990,  0.141454
0.6995,  0.142814
0.7000,  0.139276
0.7005,  0.137006
0.7010,  0.132220
0.7015,  0.135042
0.7020,  0.133317
0.7025,  0.131225
0.7030,  0.128279
0.7035,  0.125790
0.7040,  0.124550
0.7045,  0.127620
0.7050,  0.130311
0.7055,  0.127248
0.7060,  0.124243
0.7065,  0.122927
0.7070,  0.124271
0.7075,  0.123499
0.7080,  0.121934
0.7085,  0.117147
0.7090,  0.112009
0.7095,  0.109041
0.7100,  0.106149
0.7105,  0.106059
0.7110,  0.107221
0.7115,  0.107890
0.7120,  0.110545
0.7125,  0.114496
0.7130,  0.116348
0.7135,  0.119229
0.7140,  0.122562
0.7145,  0.127163
0.7150,  0.137483
0.7155,  0.153552
0.7160,  0.182162
0.7165,  0.211328
0.7170,  0.241843
0.7175,  0.265621
0.7180,  0.290041
0.7185,  0.307545
0.7190,  0.313952
0.7195,  0.314399
0.7200,  0.297382
0.7205,  0.267275
0.7210,  0.238326
0.7215,  0.217815
0.7220,  0.213849
0.7225,  0.226918
0.7230,  0.242420
0.7235,  0.257098
0.7240,  0.270598
0.7245,  0.279157
0.7250,  0.283318
0.7255,  0.286536
0.7260,  0.289183
0.7265,  0.288459
0.7270,  0.285659
0.7275,  0.273196
0.7280,  0.262639
0.7285,  0.255038
0.7290,  0.249284
0.7295,  0.245274
0.7300,  0.241906
0.7305,  0.240016
0.7310,  0.235195
0.7315,  0.225375
0.7320,  0.213362
0.7325,  0.197442
0.7330,  0.181114
0.7335,  0.169005
0.7340,  0.159898
0.7345,  0.153636
0.7350,  0.151091
0.7355,  0.150905
0.7360,  0.149170
0.7365,  0.147585
0.7370,  0.143912
0.7375,  0.138414
0.7380,  0.134801
0.7385,  0.139301
0.7390,  0.134513
0.7395,  0.129817
0.7400,  0.120712
0.7405,  0.109792
0.7410,  0.102476
0.7415,  0.100332
0.7420,  0.103382
0.7425,  0.106860
0.7430,  0.111410
0.7435,  0.111249
0.7440,  0.108971
0.7445,  0.106376
0.7450,  0.103020
0.7455,  0.098401
0.7460,  0.094889
0.7465,  0.091153
0.7470,  0.090671
0.7475,  0.086630
0.7480,  0.087426
0.7485,  0.090290
0.7490,  0.095138
0.7495,  0.100553
0.7500,  0.105882
0.7505,  0.109030
0.7510,  0.107607
0.7515,  0.103505
0.7520,  0.098305
0.7525,  0.092639
0.7530,  0.085257
0.7535,  0.079503
0.7540,  0.075647
0.7545,  0.076941
0.7550,  0.075754
0.7555,  0.081157
0.7560,  0.087633
0.7565,  0.091698
0.7570,  0.098467
0.7575,  0.104980
0.7580,  0.126262
0.7585,  0.175679
0.7590,  0.256649
0.7595,  0.373320
0.7600,  0.483742
0.7605,  0.544837
0.7610,  0.558260
0.7615,  0.544356
0.7620,  0.539671
0.7625,  0.535208
0.7630,  0.523236
0.7635,  0.493902
0.7640,  0.449188
0.7645,  0.399041
0.7650,  0.346449
0.7655,  0.294004
0.7660,  0.251071
0.7665,  0.213860
0.7670,  0.178553
0.7675,  0.159599
0.7680,  0.146634
0.7685,  0.136672
0.7690,  0.130902
0.7695,  0.121351
0.7700,  0.110303
0.7705,  0.101575
0.7710,  0.091963
0.7715,  0.089711
0.7720,  0.089576
0.7725,  0.087758
0.7730,  0.088726
0.7735,  0.088171
0.7740,  0.095664
0.7745,  0.093681
0.7750,  0.089884
0.7755,  0.088134
0.7760,  0.089615
0.7765,  0.089203
0.7770,  0.090540
0.7775,  0.087338
0.7780,  0.087733
0.7785,  0.085413
0.7790,  0.079756
0.7795,  0.079469
0.7800,  0.083421
0.7805,  0.087777
0.7810,  0.089664
0.7815,  0.089256
0.7820,  0.091949
0.7825,  0.091777
0.7830,  0.093374
0.7835,  0.094195
0.7840,  0.090187
0.7845,  0.088691
0.7850,  0.091440
0.7855,  0.096756
0.7860,  0.101849
0.7865,  0.111846
0.7870,  0.117432
0.7875,  0.117661
0.7880,  0.116431
0.7885,  0.122189
0.7890,  0.123727
0.7895,  0.121651
0.7900,  0.118100
0.7905,  0.121439
0.7910,  0.123163
0.7915,  0.125759
0.7920,  0.125261
0.7925,  0.123439
0.7930,  0.126945
0.7935,  0.124130
0.7940,  0.117765
0.7945,  0.116597
0.7950,  0.116826
0.7955,  0.123339
0.7960,  0.124867
0.7965,  0.121896
0.7970,  0.118390
0.7975,  0.112480
0.7980,  0.108503
0.7985,  0.109415
0.7990,  0.108758
0.7995,  0.117364
0.8000,  0.126323
0.8005,  0.132289
0.8010,  0.132828
0.8015,  0.134052
0.8020,  0.130599
0.8025,  0.125163
0.8030,  0.121097
0.8035,  0.120451
0.8040,  0.123345
0.8045,  0.125755
0.8050,  0.117657
0.8055,  0.107801
0.8060,  0.107226
0.8065,  0.115551
0.8070,  0.121321
0.8075,  0.120609
0.8080,  0.116551
0.8085,  0.113957
0.8090,  0.112938
0.8095,  0.120960
0.8100,  0.136738
0.8105,  0.142322
0.8110,  0.152076
0.8115,  0.168996
0.8120,  0.190523
0.8125,  0.207238
0.8130,  0.221687
0.8135,  0.239501
0.8140,  0.252243
0.8145,  0.271925
0.8150,  0.286326
0.8155,  0.297882
0.8160,  0.305667
0.8165,  0.315599
0.8170,  0.319007
0.8175,  0.319981
0.8180,  0.318151
0.8185,  0.309446
0.8190,  0.278501
0.8195,  0.252942
0.8200,  0.230158
0.8205,  0.218743
0.8210,  0.226551
0.8215,  0.250333
0.8220,  0.283186
0.8225,  0.306319
0.8230,  0.303120
0.8235,  0.284286
0.8240,  0.255349
0.8245,  0.225595
0.8250,  0.207650
0.8255,  0.199289
0.8260,  0.200673
0.8265,  0.205348
0.8270,  0.214366
0.8275,  0.223902
0.8280,  0.238998
0.8285,  0.244759
0.8290,  0.247821
0.8295,  0.243169
0.8300,  0.229254
0.8305,  0.214126
0.8310,  0.209800
0.8315,  0.198990
0.8320,  0.192617
0.8325,  0.182776
0.8330,  0.169747
0.8335,  0.159663
0.8340,  0.151488
0.8345,  0.151152
0.8350,  0.158363
0.8355,  0.168123
0.8360,  0.169551
0.8365,  0.166028
0.8370,  0.155065
0.8375,  0.142483
0.8380,  0.130521
0.8385,  0.121989
0.8390,  0.116225
0.8395,  0.111171
0.8400,  0.112254
0.8405,  0.111010
0.8410,  0.112760
0.8415,  0.116668
0.8420,  0.114573
0.8425,  0.109471
0.8430,  0.097266
0.8435,  0.093104
0.8440,  0.090094
0.8445,  0.092012
0.8450,  0.091137
0.8455,  0.094221
0.8460,  0.093634
0.8465,  0.092721
0.8470,  0.097625
0.8475,  0.099478
0.8480,  0.106527
0.8485,  0.095165
0.8490,  0.085631
0.8495,  0.079553
0.8500,  0.072706
0.8505,  0.076477
0.8510,  0.084968
0.8515,  0.100253
0.8520,  0.120365
0.8525,  0.119383
0.8530,  0.125096
0.8535,  0.127324
0.8540,  0.108679
0.8545,  0.111786
0.8550,  0.102506
0.8555,  0.088626
0.8560,  0.083460
0.8565,  0.071427
0.8570,  0.077456
0.8575,  0.089434
0.8580,  0.104536
0.8585,  0.106443
0.8590,  0.109667
0.8595,  0.106550
0.8600,  0.100769
0.8605,  0.098307
0.8610,  0.089575
0.8615,  0.089573
0.8620,  0.089006
0.8625,  0.084356
0.8630,  0.087315
0.8635,  0.089535
0.8640,  0.098590
0.8645,  0.093090
0.8650,  0.094226
0.8655,  0.092529
0.8660,  0.077270
0.8665,  0.074335
0.8670,  0.065357
0.8675,  0.064419
0.8680,  0.071706
0.8685,  0.079310
0.8690,  0.086781
0.8695,  0.100412
0.8700,  0.108250
0.8705,  0.111494
0.8710,  0.108138
0.8715,  0.101585
0.8720,  0.098197
0.8725,  0.086166
0.8730,  0.082941
0.8735,  0.079602
0.8740,  0.080077
0.8745,  0.084223
0.8750,  0.090518
0.8755,  0.098200
0.8760,  0.103366
0.8765,  0.109842
0.8770,  0.102395
0.8775,  0.095083
0.8780,  0.083928
0.8785,  0.081440
0.8790,  0.084684
0.8795,  0.092233
0.8800,  0.087504
0.8805,  0.080043
0.8810,  0.082087
0.8815,  0.085990
0.8820,  0.087098
0.8825,  0.087519
0.8830,  0.089857
0.8835,  0.084360
0.8840,  0.081176
0.8845,  0.082507
0.8850,  0.081215
0.8855,  0.085980
0.8860,  0.102891
0.8865,  0.114219
0.8870,  0.119925
0.8875,  0.122050
0.8880,  0.112589
0.8885,  0.108186
0.8890,  0.104447
0.8895,  0.093980
0.8900,  0.102299
