0.3500,  0.356383
0.3505,  0.420339
0.3510,  0.394440
0.3515,  0.364820
0.3520,  0.324816
0.3525,  0.289786
0.3530,  0.320550
0.3535,  0.356604
0.3540,  0.378718
0.3545,  0.412719
0.3550,  0.395641
0.3555,  0.376752
0.3560,  0.339335
0.3565,  0.309319
0.3570,  0.286151
0.3575,  0.245505
0.3580,  0.196827
0.3585,  0.129719
0.3590,  0.279765
0.3595,  0.407841
0.3600,  0.380376
0.3605,  0.357215
0.3610,  0.307234
0.3615,  0.255455
0.3620,  0.305260
0.3625,  0.352833
0.3630,  0.345734
0.3635,  0.329326
0.3640,  0.311888
0.3645,  0.294508
0.3650,  0.325346
0.3655,  0.353908
0.3660,  0.359574
0.3665,  0.368977
0.3670,  0.342845
0.3675,  0.327825
0.3680,  0.300211
0.3685,  0.268930
0.3690,  0.310868
0.3695,  0.356143
0.3700,  0.328396
0.3705,  0.296050
0.3710,  0.315798
0.3715,  0.341392
0.3720,  0.314090
0.3725,  0.286879
0.3730,  0.257434
0.3735,  0.221026
0.3740,  0.227738
0.3745,  0.221881
0.3750,  0.288285
0.3755,  0.345715
0.3760,  0.336301
0.3765,  0.316216
0.3770,  0.358123
0.3775,  0.401666
0.3780,  0.401726
0.3785,  0.411491
0.3790,  0.324560
0.3795,  0.229277
0.3800,  0.286032
0.3805,  0.347357
0.3810,  0.330152
0.3815,  0.322510
0.3820,  0.246667
0.3825,  0.139124
0.3830,  0.102225
0.3835,  0.059124
0.3840,  0.216249
0.3845,  0.333802
0.3850,  0.339039
0.3855,  0.340300
0.3860,  0.316797
0.3865,  0.299084
0.3870,  0.290724
0.3875,  0.283416
0.3880,  0.261767
0.3885,  0.232091
0.3890,  0.284925
0.3895,  0.329788
0.3900,  0.328301
0.3905,  0.329024
0.3910,  0.350567
0.3915,  0.392771
0.3920,  0.322005
0.3925,  0.240741
0.3930,  0.073918
0.3935,  -0.176199
0.3940,  0.087961
0.3945,  0.278327
0.3950,  0.377955
0.3955,  0.475731
0.3960,  0.323211
0.3965,  0.120565
0.3970,  0.124546
0.3975,  0.107704
0.3980,  0.280472
0.3985,  0.403117
0.3990,  0.388354
0.3995,  0.384584
0.4000,  0.356370
0.4005,  0.329358
0.4010,  0.320573
0.4015,  0.318732
0.4020,  0.308823
0.4025,  0.304453
0.4030,  0.281206
0.4035,  0.257445
0.4040,  0.252718
0.4045,  0.254150
0.4050,  0.258544
0.4055,  0.264231
0.4060,  0.250016
0.4065,  0.234915
0.4070,  0.245850
0.4075,  0.250907
0.4080,  0.271066
0.4085,  0.290837
0.4090,  0.280960
0.4095,  0.276796
0.4100,  0.232947
0.4105,  0.178886
0.4110,  0.242192
0.4115,  0.300850
0.4120,  0.289536
0.4125,  0.276550
0.4130,  0.265445
0.4135,  0.258318
0.4140,  0.253678
0.4145,  0.244723
0.4150,  0.238376
0.4155,  0.229841
0.4160,  0.250264
0.4165,  0.279273
0.4170,  0.244643
0.4175,  0.206393
0.4180,  0.216930
0.4185,  0.224939
0.4190,  0.227928
0.4195,  0.229015
0.4200,  0.240615
0.4205,  0.253823
0.4210,  0.259286
0.4215,  0.272937
0.4220,  0.231220
0.4225,  0.180962
0.4230,  0.218957
0.4235,  0.248949
0.4240,  0.255229
0.4245,  0.268436
0.4250,  0.251383
0.4255,  0.237708
0.4260,  0.242134
0.4265,  0.247750
0.4270,  0.219473
0.4275,  0.189714
0.4280,  0.203716
0.4285,  0.223089
0.4290,  0.214168
0.4295,  0.207310
0.4300,  0.121273
0.4305,  0.004761
0.4310,  0.167788
0.4315,  0.294647
0.4320,  0.260316
0.4325,  0.232059
0.4330,  0.245587
0.4335,  0.260110
0.4340,  0.237955
0.4345,  0.214406
0.4350,  0.213312
0.4355,  0.209358
0.4360,  0.244082
0.4365,  0.285739
0.4370,  0.262427
0.4375,  0.243621
0.4380,  0.199839
0.4385,  0.142462
0.4390,  0.205709
0.4395,  0.259904
0.4400,  0.225344
0.4405,  0.187638
0.4410,  0.227036
0.4415,  0.262920
0.4420,  0.260946
0.4425,  0.260778
0.4430,  0.238872
0.4435,  0.219071
0.4440,  0.232121
0.4445,  0.248100
0.4450,  0.218640
0.4455,  0.184294
0.4460,  0.195673
0.4465,  0.203982
0.4470,  0.236290
0.4475,  0.267821
0.4480,  0.240701
0.4485,  0.211775
0.4490,  0.214496
0.4495,  0.217818
0.4500,  0.235184
0.4505,  0.252545
0.4510,  0.244469
0.4515,  0.238929
0.4520,  0.211039
0.4525,  0.185225
0.4530,  0.193566
0.4535,  0.200009
0.4540,  0.205263
0.4545,  0.207444
0.4550,  0.213119
0.4555,  0.220238
0.4560,  0.226557
0.4565,  0.234686
0.4570,  0.237142
0.4575,  0.241322
0.4580,  0.216179
0.4585,  0.191941
0.4590,  0.200934
0.4595,  0.206995
0.4600,  0.211760
0.4605,  0.217148
0.4610,  0.218000
0.4615,  0.216453
0.4620,  0.224155
0.4625,  0.233112
0.4630,  0.220761
0.4635,  0.213395
0.4640,  0.205989
0.4645,  0.197640
0.4650,  0.217200
0.4655,  0.240424
0.4660,  0.217385
0.4665,  0.193076
0.4670,  0.214123
0.4675,  0.228583
0.4680,  0.222823
0.4685,  0.219416
0.4690,  0.224521
0.4695,  0.230577
0.4700,  0.211942
0.4705,  0.187613
0.4710,  0.213418
0.4715,  0.238729
0.4720,  0.237567
0.4725,  0.234704
0.4730,  0.223385
0.4735,  0.211462
0.4740,  0.219267
0.4745,  0.231065
0.4750,  0.226506
0.4755,  0.221959
0.4760,  0.211301
0.4765,  0.199222
0.4770,  0.224325
0.4775,  0.247130
0.4780,  0.230632
0.4785,  0.213192
0.4790,  0.223811
0.4795,  0.234893
0.4800,  0.225426
0.4805,  0.218206
0.4810,  0.229592
0.4815,  0.242969
0.4820,  0.229031
0.4825,  0.219358
0.4830,  0.222764
0.4835,  0.226863
0.4840,  0.226273
0.4845,  0.230863
0.4850,  0.219472
0.4855,  0.208741
0.4860,  0.176151
0.4865,  0.127993
0.4870,  0.173265
0.4875,  0.212062
0.4880,  0.220552
0.4885,  0.228412
0.4890,  0.227255
0.4895,  0.228289
0.4900,  0.232887
0.4905,  0.243032
0.4910,  0.224328
0.4915,  0.204692
0.4920,  0.208910
0.4925,  0.208748
0.4930,  0.201903
0.4935,  0.192418
0.4940,  0.220941
0.4945,  0.250692
0.4950,  0.219101
0.4955,  0.188354
0.4960,  0.206489
0.4965,  0.226308
0.4970,  0.230380
0.4975,  0.237215
0.4980,  0.208448
0.4985,  0.176454
0.4990,  0.202465
0.4995,  0.229297
0.5000,  0.209326
0.5005,  0.189886
0.5010,  0.185988
0.5015,  0.175690
0.5020,  0.193015
0.5025,  0.210968
0.5030,  0.221091
0.5035,  0.229124
0.5040,  0.213202
0.5045,  0.192331
0.5050,  0.211738
0.5055,  0.232305
0.5060,  0.223389
0.5065,  0.217290
0.5070,  0.208265
0.5075,  0.199344
0.5080,  0.202119
0.5085,  0.202811
0.5090,  0.200765
0.5095,  0.198723
0.5100,  0.202793
0.5105,  0.207692
0.5110,  0.219012
0.5115,  0.230858
0.5120,  0.208477
0.5125,  0.187390
0.5130,  0.192461
0.5135,  0.192688
0.5140,  0.199539
0.5145,  0.204282
0.5150,  0.216747
0.5155,  0.235666
0.5160,  0.201185
0.5165,  0.160239
0.5170,  0.181881
0.5175,  0.196829
0.5180,  0.174875
0.5185,  0.147037
0.5190,  0.178865
0.5195,  0.210648
0.5200,  0.203614
0.5205,  0.196548
0.5210,  0.208698
0.5215,  0.222712
0.5220,  0.204199
0.5225,  0.180948
0.5230,  0.192159
0.5235,  0.201304
0.5240,  0.210021
0.5245,  0.223935
0.5250,  0.224287
0.5255,  0.229063
0.5260,  0.183005
0.5265,  0.126136
0.5270,  0.159692
0.5275,  0.187268
0.5280,  0.193052
0.5285,  0.199792
0.5290,  0.198802
0.5295,  0.197182
0.5300,  0.200584
0.5305,  0.207179
0.5310,  0.212699
0.5315,  0.222186
0.5320,  0.187575
0.5325,  0.146825
0.5330,  0.182821
0.5335,  0.214815
0.5340,  0.194586
0.5345,  0.173837
0.5350,  0.199840
0.5355,  0.228545
0.5360,  0.204937
0.5365,  0.180669
0.5370,  0.184941
0.5375,  0.188559
0.5380,  0.196482
0.5385,  0.206019
0.5390,  0.195630
0.5395,  0.183970
0.5400,  0.172633
0.5405,  0.158420
0.5410,  0.183234
0.5415,  0.207000
0.5420,  0.192949
0.5425,  0.178779
0.5430,  0.188492
0.5435,  0.197384
0.5440,  0.195465
0.5445,  0.196090
0.5450,  0.201711
0.5455,  0.207695
0.5460,  0.205052
0.5465,  0.200617
0.5470,  0.190848
0.5475,  0.178663
0.5480,  0.183605
0.5485,  0.189276
0.5490,  0.195989
0.5495,  0.202383
0.5500,  0.195005
0.5505,  0.188569
0.5510,  0.191304
0.5515,  0.193062
0.5520,  0.187420
0.5525,  0.182324
0.5530,  0.190033
0.5535,  0.195985
0.5540,  0.198370
0.5545,  0.200551
0.5550,  0.202919
0.5555,  0.206653
0.5560,  0.193758
0.5565,  0.181642
0.5570,  0.191481
0.5575,  0.202026
0.5580,  0.194370
0.5585,  0.184057
0.5590,  0.186608
0.5595,  0.187879
0.5600,  0.192013
0.5605,  0.196850
0.5610,  0.193110
0.5615,  0.188363
0.5620,  0.193276
0.5625,  0.198541
0.5630,  0.202236
0.5635,  0.206253
0.5640,  0.208011
0.5645,  0.210174
0.5650,  0.202436
0.5655,  0.189662
0.5660,  0.194732
0.5665,  0.199946
0.5670,  0.214023
0.5675,  0.227698
0.5680,  0.210426
0.5685,  0.193122
0.5690,  0.206979
0.5695,  0.222350
0.5700,  0.203680
0.5705,  0.180860
0.5710,  0.188519
0.5715,  0.193396
0.5720,  0.204202
0.5725,  0.216308
0.5730,  0.212212
0.5735,  0.209917
0.5740,  0.210338
0.5745,  0.210629
0.5750,  0.202282
0.5755,  0.191574
0.5760,  0.195488
0.5765,  0.201273
0.5770,  0.206771
0.5775,  0.209522
0.5780,  0.191982
0.5785,  0.170716
0.5790,  0.178142
0.5795,  0.184936
0.5800,  0.184023
0.5805,  0.183349
0.5810,  0.183748
0.5815,  0.184907
0.5820,  0.188697
0.5825,  0.192212
0.5830,  0.188457
0.5835,  0.184750
0.5840,  0.187197
0.5845,  0.193906
0.5850,  0.180754
0.5855,  0.164295
0.5860,  0.177647
0.5865,  0.194417
0.5870,  0.209777
0.5875,  0.230201
0.5880,  0.223861
0.5885,  0.209047
0.5890,  0.175982
0.5895,  0.135474
0.5900,  0.179869
0.5905,  0.222896
0.5910,  0.213900
0.5915,  0.204672
0.5920,  0.206582
0.5925,  0.209539
0.5930,  0.205408
0.5935,  0.204323
0.5940,  0.201200
0.5945,  0.195712
0.5950,  0.196727
0.5955,  0.197473
0.5960,  0.201543
0.5965,  0.204985
0.5970,  0.197249
0.5975,  0.189806
0.5980,  0.184835
0.5985,  0.181871
0.5990,  0.190958
0.5995,  0.198919
0.6000,  0.194351
0.6005,  0.190184
0.6010,  0.191658
0.6015,  0.187920
0.6020,  0.173060
0.6025,  0.158653
0.6030,  0.170752
0.6035,  0.187433
0.6040,  0.187491
0.6045,  0.190108
0.6050,  0.188977
0.6055,  0.187112
0.6060,  0.186776
0.6065,  0.187364
0.6070,  0.188360
0.6075,  0.189756
0.6080,  0.189698
0.6085,  0.189705
0.6090,  0.191964
0.6095,  0.192217
0.6100,  0.182978
0.6105,  0.172533
0.6110,  0.182317
0.6115,  0.193910
0.6120,  0.186810
0.6125,  0.179062
0.6130,  0.176898
0.6135,  0.175116
0.6140,  0.183658
0.6145,  0.194382
0.6150,  0.199568
0.6155,  0.202236
0.6160,  0.175367
0.6165,  0.143855
0.6170,  0.162599
0.6175,  0.184772
0.6180,  0.189514
0.6185,  0.193763
0.6190,  0.193427
0.6195,  0.191250
0.6200,  0.198896
0.6205,  0.205728
0.6210,  0.194247
0.6215,  0.181681
0.6220,  0.187514
0.6225,  0.196979
0.6230,  0.188582
0.6235,  0.182368
0.6240,  0.185981
0.6245,  0.187538
0.6250,  0.184865
0.6255,  0.180129
0.6260,  0.195766
0.6265,  0.213393
0.6270,  0.215326
0.6275,  0.216209
0.6280,  0.217163
0.6285,  0.219808
0.6290,  0.216262
0.6295,  0.212901
0.6300,  0.208108
0.6305,  0.199646
0.6310,  0.192691
0.6315,  0.190020
0.6320,  0.188836
0.6325,  0.190522
0.6330,  0.192765
0.6335,  0.193843
0.6340,  0.195692
0.6345,  0.199861
0.6350,  0.201785
0.6355,  0.199519
0.6360,  0.195437
0.6365,  0.189289
0.6370,  0.183735
0.6375,  0.180288
0.6380,  0.180903
0.6385,  0.182345
0.6390,  0.187875
0.6395,  0.192503
0.6400,  0.195646
0.6405,  0.194686
0.6410,  0.185891
0.6415,  0.180533
0.6420,  0.175711
0.6425,  0.171414
0.6430,  0.168460
0.6435,  0.169455
0.6440,  0.173282
0.6445,  0.181645
0.6450,  0.190709
0.6455,  0.196503
0.6460,  0.201156
0.6465,  0.203547
0.6470,  0.202037
0.6475,  0.198573
0.6480,  0.193471
0.6485,  0.185783
0.6490,  0.178201
0.6495,  0.181353
0.6500,  0.184255
0.6505,  0.188974
0.6510,  0.193863
0.6515,  0.192025
0.6520,  0.193548
0.6525,  0.192637
0.6530,  0.193590
0.6535,  0.190286
0.6540,  0.196209
0.6545,  0.206352
0.6550,  0.216147
0.6555,  0.206833
0.6560,  0.179180
0.6565,  0.142125
0.6570,  0.103904
0.6575,  0.114804
0.6580,  0.130281
0.6585,  0.145328
0.6590,  0.163674
0.6595,  0.162004
0.6600,  0.157956
0.6605,  0.154645
0.6610,  0.155052
0.6615,  0.151878
0.6620,  0.148907
0.6625,  0.144894
0.6630,  0.143162
0.6635,  0.148826
0.6640,  0.151860
0.6645,  0.154269
0.6650,  0.156961
0.6655,  0.155503
0.6660,  0.151714
0.6665,  0.147490
0.6670,  0.143675
0.6675,  0.143338
0.6680,  0.141539
0.6685,  0.142253
0.6690,  0.142478
0.6695,  0.140992
0.6700,  0.141523
0.6705,  0.142682
0.6710,  0.144136
0.6715,  0.147575
0.6720,  0.148028
0.6725,  0.148552
0.6730,  0.147087
0.6735,  0.143153
0.6740,  0.141552
0.6745,  0.139878
0.6750,  0.141600
0.6755,  0.144074
0.6760,  0.144490
0.6765,  0.145619
0.6770,  0.146179
0.6775,  0.144206
0.6780,  0.146659
0.6785,  0.145896
0.6790,  0.146351
0.6795,  0.147220
0.6800,  0.147371
0.6805,  0.145784
0.6810,  0.142331
0.6815,  0.141416
0.6820,  0.142369
0.6825,  0.143182
0.6830,  0.144796
0.6835,  0.146614
0.6840,  0.152424
0.6845,  0.160037
0.6850,  0.175849
0.6855,  0.213942
0.6860,  0.256831
0.6865,  0.285506
0.6870,  0.292001
0.6875,  0.280414
0.6880,  0.271466
0.6885,  0.264835
0.6890,  0.258732
0.6895,  0.249952
0.6900,  0.241319
0.6905,  0.231992
0.6910,  0.225493
0.6915,  0.223485
0.6920,  0.223672
0.6925,  0.224510
0.6930,  0.224454
0.6935,  0.224133
0.6940,  0.223240
0.6945,  0.217303
0.6950,  0.205357
0.6955,  0.192370
0.6960,  0.181373
0.6965,  0.175893
0.6970,  0.174468
0.6975,  0.182020
0.6980,  0.193913
0.6985,  0.203032
0.6990,  0.210678
0.6995,  0.209781
0.7000,  0.203391
0.7005,  0.199075
0.7010,  0.185934
0.7015,  0.180286
0.7020,  0.176518
0.7025,  0.173486
0.7030,  0.173805
0.7035,  0.178823
0.7040,  0.186859
0.7045,  0.193448
0.7050,  0.196970
0.7055,  0.192693
0.7060,  0.187617
0.7065,  0.180562
0.7070,  0.179304
0.7075,  0.177176
0.7080,  0.172585
0.7085,  0.168387
0.7090,  0.168295
0.7095,  0.172194
0.7100,  0.172841
0.7105,  0.172924
0.7110,  0.177874
0.7115,  0.181456
0.7120,  0.181753
0.7125,  0.181726
0.7130,  0.180241
0.7135,  0.178947
0.7140,  0.179269
0.7145,  0.185617
0.7150,  0.197987
0.7155,  0.219895
0.7160,  0.251431
0.7165,  0.285274
0.7170,  0.320808
0.7175,  0.350580
0.7180,  0.375768
0.7185,  0.389512
0.7190,  0.384530
0.7195,  0.371151
0.7200,  0.343446
0.7205,  0.309095
0.7210,  0.279754
0.7215,  0.268495
0.7220,  0.274818
0.7225,  0.292408
0.7230,  0.314036
0.7235,  0.329336
0.7240,  0.340096
0.7245,  0.343721
0.7250,  0.341980
0.7255,  0.339178
0.7260,  0.336879
0.7265,  0.329904
0.7270,  0.326002
0.7275,  0.321947
0.7280,  0.318753
0.7285,  0.314321
0.7290,  0.312185
0.7295,  0.314704
0.7300,  0.308959
0.7305,  0.297818
0.7310,  0.286380
0.7315,  0.276902
0.7320,  0.257709
0.7325,  0.239958
0.7330,  0.223588
0.7335,  0.204624
0.7340,  0.192595
0.7345,  0.189367
0.7350,  0.190441
0.7355,  0.197943
0.7360,  0.202804
0.7365,  0.204052
0.7370,  0.205371
0.7375,  0.205439
0.7380,  0.201514
0.7385,  0.195775
0.7390,  0.186702
0.7395,  0.175959
0.7400,  0.166248
0.7405,  0.157334
0.7410,  0.154017
0.7415,  0.158971
0.7420,  0.160875
0.7425,  0.163448
0.7430,  0.164550
0.7435,  0.159136
0.7440,  0.158686
0.7445,  0.152746
0.7450,  0.148518
0.7455,  0.148081
0.7460,  0.147895
0.7465,  0.150527
0.7470,  0.150919
0.7475,  0.151874
0.7480,  0.154425
0.7485,  0.151939
0.7490,  0.151896
0.7495,  0.155818
0.7500,  0.159457
0.7505,  0.163956
0.7510,  0.161868
0.7515,  0.153430
0.7520,  0.145462
0.7525,  0.140302
0.7530,  0.139275
0.7535,  0.139442
0.7540,  0.139058
0.7545,  0.141457
0.7550,  0.149111
0.7555,  0.160262
0.7560,  0.168090
0.7565,  0.172993
0.7570,  0.172463
0.7575,  0.192945
0.7580,  0.246609
0.7585,  0.349745
0.7590,  0.493412
0.7595,  0.652152
0.7600,  0.757353
0.7605,  0.783833
0.7610,  0.767994
0.7615,  0.745480
0.7620,  0.751720
0.7625,  0.746325
0.7630,  0.710068
0.7635,  0.655215
0.7640,  0.587131
0.7645,  0.509532
0.7650,  0.443641
0.7655,  0.375220
0.7660,  0.313157
0.7665,  0.269235
0.7670,  0.224890
0.7675,  0.203503
0.7680,  0.192586
0.7685,  0.185826
0.7690,  0.180387
0.7695,  0.178052
0.7700,  0.172026
0.7705,  0.164465
0.7710,  0.151631
0.7715,  0.145139
0.7720,  0.142785
0.7725,  0.138205
0.7730,  0.143287
0.7735,  0.150628
0.7740,  0.154362
0.7745,  0.152201
0.7750,  0.153789
0.7755,  0.154742
0.7760,  0.151490
0.7765,  0.146953
0.7770,  0.145692
0.7775,  0.141282
0.7780,  0.134808
0.7785,  0.138441
0.7790,  0.147100
0.7795,  0.154285
0.7800,  0.159029
0.7805,  0.152361
0.7810,  0.148582
0.7815,  0.150685
0.7820,  0.146813
0.7825,  0.137563
0.7830,  0.134472
0.7835,  0.136368
0.7840,  0.134590
0.7845,  0.140812
0.7850,  0.147256
0.7855,  0.150841
0.7860,  0.153147
0.7865,  0.163079
0.7870,  0.174373
0.7875,  0.180400
0.7880,  0.181745
0.7885,  0.181700
0.7890,  0.180683
0.7895,  0.174874
0.7900,  0.167750
0.7905,  0.165051
0.7910,  0.164485
0.7915,  0.174252
0.7920,  0.179664
0.7925,  0.184877
0.7930,  0.187155
0.7935,  0.185886
0.7940,  0.181466
0.7945,  0.177706
0.7950,  0.174053
0.7955,  0.168757
0.7960,  0.164494
0.7965,  0.155549
0.7970,  0.161882
0.7975,  0.163892
0.7980,  0.166506
0.7985,  0.168464
0.7990,  0.167158
0.7995,  0.170340
0.8000,  0.178183
0.8005,  0.179271
0.8010,  0.176609
0.8015,  0.170977
0.8020,  0.164982
0.8025,  0.165495
0.8030,  0.165059
0.8035,  0.161103
0.8040,  0.167757
0.8045,  0.162400
0.8050,  0.161303
0.8055,  0.157045
0.8060,  0.155285
0.8065,  0.156370
0.8070,  0.154323
0.8075,  0.142354
0.8080,  0.137356
0.8085,  0.137042
0.8090,  0.139584
0.8095,  0.155816
0.8100,  0.172411
0.8105,  0.198194
0.8110,  0.222716
0.8115,  0.236134
0.8120,  0.252905
0.8125,  0.265729
0.8130,  0.269681
0.8135,  0.278781
0.8140,  0.288350
0.8145,  0.305134
0.8150,  0.329616
0.8155,  0.351916
0.8160,  0.365656
0.8165,  0.372175
0.8170,  0.372345
0.8175,  0.364909
0.8180,  0.355108
0.8185,  0.316784
0.8190,  0.280350
0.8195,  0.257672
0.8200,  0.245209
0.8205,  0.250070
0.8210,  0.280218
0.8215,  0.321095
0.8220,  0.360118
0.8225,  0.371362
0.8230,  0.353762
0.8235,  0.320901
0.8240,  0.279901
0.8245,  0.244885
0.8250,  0.217103
0.8255,  0.208326
0.8260,  0.216737
0.8265,  0.228510
0.8270,  0.256105
0.8275,  0.281382
0.8280,  0.300428
0.8285,  0.301858
0.8290,  0.300309
0.8295,  0.293204
0.8300,  0.274416
0.8305,  0.251600
0.8310,  0.235304
0.8315,  0.225681
0.8320,  0.222076
0.8325,  0.221343
0.8330,  0.221539
0.8335,  0.215373
0.8340,  0.210723
0.8345,  0.208860
0.8350,  0.190161
0.8355,  0.181996
0.8360,  0.172914
0.8365,  0.160419
0.8370,  0.156326
0.8375,  0.156069
0.8380,  0.157090
0.8385,  0.148904
0.8390,  0.140254
0.8395,  0.146717
0.8400,  0.159787
0.8405,  0.170958
0.8410,  0.165650
0.8415,  0.157404
0.8420,  0.148017
0.8425,  0.130398
0.8430,  0.125392
0.8435,  0.119321
0.8440,  0.112522
0.8445,  0.122306
0.8450,  0.127823
0.8455,  0.139742
0.8460,  0.157207
0.8465,  0.161986
0.8470,  0.163975
0.8475,  0.167041
0.8480,  0.158420
0.8485,  0.140471
0.8490,  0.123580
0.8495,  0.110251
0.8500,  0.107603
0.8505,  0.122630
0.8510,  0.137495
0.8515,  0.132168
0.8520,  0.152141
0.8525,  0.147342
0.8530,  0.151561
0.8535,  0.142362
0.8540,  0.096268
0.8545,  0.095029
0.8550,  0.096300
0.8555,  0.103994
0.8560,  0.110241
0.8565,  0.108335
0.8570,  0.113447
0.8575,  0.121671
0.8580,  0.137704
0.8585,  0.139115
0.8590,  0.135560
0.8595,  0.119440
0.8600,  0.108559
0.8605,  0.103862
0.8610,  0.093574
0.8615,  0.086972
0.8620,  0.093041
0.8625,  0.106129
0.8630,  0.131042
0.8635,  0.157459
0.8640,  0.176637
0.8645,  0.174469
0.8650,  0.157785
0.8655,  0.136070
0.8660,  0.089678
0.8665,  0.084880
0.8670,  0.077643
0.8675,  0.081895
0.8680,  0.093933
0.8685,  0.100417
0.8690,  0.115672
0.8695,  0.128805
0.8700,  0.135080
0.8705,  0.126588
0.8710,  0.129232
0.8715,  0.120973
0.8720,  0.116553
0.8725,  0.113585
0.8730,  0.109882
0.8735,  0.103920
0.8740,  0.115063
0.8745,  0.133522
0.8750,  0.137202
0.8755,  0.136863
0.8760,  0.125185
0.8765,  0.114631
0.8770,  0.104167
0.8775,  0.095526
0.8780,  0.087710
0.8785,  0.083321
0.8790,  0.098665
0.8795,  0.116623
0.8800,  0.134905
0.8805,  0.148861
0.8810,  0.149859
0.8815,  0.145591
0.8820,  0.128473
0.8825,  0.120437
0.8830,  0.114230
0.8835,  0.110313
0.8840,  0.110246
0.8845,  0.105198
0.8850,  0.112350
0.8855,  0.127589
0.8860,  0.125700
0.8865,  0.125457
0.8870,  0.117957
0.8875,  0.114072
0.8880,  0.109426
0.8885,  0.101013
0.8890,  0.093722
0.8895,  0.098988
0.8900,  0.115769
