0.3500,  0.248517
0.3505,  0.314365
0.3510,  0.280383
0.3515,  0.241871
0.3520,  0.200940
0.3525,  0.159915
0.3530,  0.200498
0.3535,  0.240161
0.3540,  0.262496
0.3545,  0.289866
0.3550,  0.267970
0.3555,  0.255903
0.3560,  0.217294
0.3565,  0.182049
0.3570,  0.144083
0.3575,  0.103226
0.3580,  0.043902
0.3585,  -0.023763
0.3590,  0.138957
0.3595,  0.277843
0.3600,  0.264539
0.3605,  0.253538
0.3610,  0.205784
0.3615,  0.156946
0.3620,  0.203921
0.3625,  0.243507
0.3630,  0.226127
0.3635,  0.212199
0.3640,  0.201481
0.3645,  0.184948
0.3650,  0.218931
0.3655,  0.251696
0.3660,  0.261668
0.3665,  0.274162
0.3670,  0.245763
0.3675,  0.219509
0.3680,  0.186047
0.3685,  0.151374
0.3690,  0.197413
0.3695,  0.243775
0.3700,  0.214878
0.3705,  0.185260
0.3710,  0.207431
0.3715,  0.236105
0.3720,  0.211450
0.3725,  0.186097
0.3730,  0.156205
0.3735,  0.119564
0.3740,  0.125033
0.3745,  0.121385
0.3750,  0.194340
0.3755,  0.253208
0.3760,  0.239329
0.3765,  0.214373
0.3770,  0.258192
0.3775,  0.301924
0.3780,  0.296811
0.3785,  0.303762
0.3790,  0.212620
0.3795,  0.111427
0.3800,  0.167947
0.3805,  0.230356
0.3810,  0.210441
0.3815,  0.201256
0.3820,  0.123154
0.3825,  0.021048
0.3830,  -0.003911
0.3835,  -0.050100
0.3840,  0.103808
0.3845,  0.220571
0.3850,  0.227081
0.3855,  0.234676
0.3860,  0.217717
0.3865,  0.205611
0.3870,  0.198823
0.3875,  0.191375
0.3880,  0.172537
0.3885,  0.147337
0.3890,  0.202575
0.3895,  0.245971
0.3900,  0.244316
0.3905,  0.243217
0.3910,  0.262077
0.3915,  0.299966
0.3920,  0.212254
0.3925,  0.120528
0.3930,  -0.047526
0.3935,  -0.296297
0.3940,  -0.013801
0.3945,  0.182704
0.3950,  0.280902
0.3955,  0.379181
0.3960,  0.219596
0.3965,  0.014956
0.3970,  0.030191
0.3975,  0.018715
0.3980,  0.202900
0.3985,  0.333020
0.3990,  0.318614
0.3995,  0.311815
0.4000,  0.278951
0.4005,  0.249127
0.4010,  0.237085
0.4015,  0.233957
0.4020,  0.225854
0.4025,  0.225619
0.4030,  0.207235
0.4035,  0.185901
0.4040,  0.180788
0.4045,  0.179143
0.4050,  0.176751
0.4055,  0.174062
0.4060,  0.155785
0.4065,  0.136162
0.4070,  0.145020
0.4075,  0.153669
0.4080,  0.180135
0.4085,  0.207693
0.4090,  0.204072
0.4095,  0.201087
0.4100,  0.155576
0.4105,  0.099301
0.4110,  0.166242
0.4115,  0.228834
0.4120,  0.213308
0.4125,  0.195490
0.4130,  0.179248
0.4135,  0.168254
0.4140,  0.163522
0.4145,  0.158257
0.4150,  0.159482
0.4155,  0.157424
0.4160,  0.180375
0.4165,  0.206627
0.4170,  0.169076
0.4175,  0.128774
0.4180,  0.136256
0.4185,  0.143377
0.4190,  0.148430
0.4195,  0.149718
0.4200,  0.162363
0.4205,  0.173992
0.4210,  0.180397
0.4215,  0.189121
0.4220,  0.142438
0.4225,  0.087237
0.4230,  0.124984
0.4235,  0.159753
0.4240,  0.172057
0.4245,  0.188377
0.4250,  0.173927
0.4255,  0.157985
0.4260,  0.161929
0.4265,  0.170808
0.4270,  0.139481
0.4275,  0.107461
0.4280,  0.119193
0.4285,  0.134581
0.4290,  0.124055
0.4295,  0.119945
0.4300,  0.035557
0.4305,  -0.075619
0.4310,  0.108322
0.4315,  0.247069
0.4320,  0.211898
0.4325,  0.175292
0.4330,  0.181420
0.4335,  0.188724
0.4340,  0.164810
0.4345,  0.140556
0.4350,  0.140304
0.4355,  0.137340
0.4360,  0.177879
0.4365,  0.220704
0.4370,  0.194007
0.4375,  0.174515
0.4380,  0.127758
0.4385,  0.068012
0.4390,  0.134755
0.4395,  0.191948
0.4400,  0.156946
0.4405,  0.119618
0.4410,  0.159751
0.4415,  0.195410
0.4420,  0.193740
0.4425,  0.190966
0.4430,  0.164322
0.4435,  0.144025
0.4440,  0.158205
0.4445,  0.174096
0.4450,  0.145034
0.4455,  0.112343
0.4460,  0.129335
0.4465,  0.141247
0.4470,  0.173141
0.4475,  0.202346
0.4480,  0.172375
0.4485,  0.141167
0.4490,  0.144507
0.4495,  0.144164
0.4500,  0.162169
0.4505,  0.183599
0.4510,  0.177355
0.4515,  0.171713
0.4520,  0.140426
0.4525,  0.111730
0.4530,  0.120934
0.4535,  0.129153
0.4540,  0.135838
0.4545,  0.139558
0.4550,  0.147285
0.4555,  0.155079
0.4560,  0.158556
0.4565,  0.162381
0.4570,  0.166399
0.4575,  0.173414
0.4580,  0.149580
0.4585,  0.125277
0.4590,  0.136192
0.4595,  0.143586
0.4600,  0.148089
0.4605,  0.151798
0.4610,  0.151371
0.4615,  0.149851
0.4620,  0.156640
0.4625,  0.165065
0.4630,  0.152537
0.4635,  0.144770
0.4640,  0.137924
0.4645,  0.128149
0.4650,  0.146964
0.4655,  0.169394
0.4660,  0.148314
0.4665,  0.126578
0.4670,  0.150133
0.4675,  0.169645
0.4680,  0.163344
0.4685,  0.160758
0.4690,  0.162998
0.4695,  0.167191
0.4700,  0.146605
0.4705,  0.119728
0.4710,  0.146230
0.4715,  0.174501
0.4720,  0.174998
0.4725,  0.177477
0.4730,  0.166211
0.4735,  0.153696
0.4740,  0.163031
0.4745,  0.176830
0.4750,  0.171715
0.4755,  0.165030
0.4760,  0.151916
0.4765,  0.138475
0.4770,  0.162226
0.4775,  0.183803
0.4780,  0.164372
0.4785,  0.148475
0.4790,  0.164026
0.4795,  0.177097
0.4800,  0.165525
0.4805,  0.158520
0.4810,  0.169947
0.4815,  0.181092
0.4820,  0.167040
0.4825,  0.156075
0.4830,  0.158384
0.4835,  0.163017
0.4840,  0.162988
0.4845,  0.169964
0.4850,  0.159364
0.4855,  0.148975
0.4860,  0.114892
0.4865,  0.065396
0.4870,  0.114038
0.4875,  0.156629
0.4880,  0.167367
0.4885,  0.176813
0.4890,  0.176751
0.4895,  0.177509
0.4900,  0.180800
0.4905,  0.189908
0.4910,  0.168632
0.4915,  0.146992
0.4920,  0.149200
0.4925,  0.147610
0.4930,  0.141743
0.4935,  0.132284
0.4940,  0.164061
0.4945,  0.198355
0.4950,  0.168282
0.4955,  0.137198
0.4960,  0.155304
0.4965,  0.174046
0.4970,  0.177309
0.4975,  0.183225
0.4980,  0.153627
0.4985,  0.121084
0.4990,  0.148215
0.4995,  0.176943
0.5000,  0.158879
0.5005,  0.139646
0.5010,  0.134283
0.5015,  0.123650
0.5020,  0.140876
0.5025,  0.158350
0.5030,  0.165753
0.5035,  0.172142
0.5040,  0.156000
0.5045,  0.135801
0.5050,  0.157104
0.5055,  0.179381
0.5060,  0.168556
0.5065,  0.160190
0.5070,  0.150082
0.5075,  0.139479
0.5080,  0.142851
0.5085,  0.145377
0.5090,  0.144859
0.5095,  0.144212
0.5100,  0.149381
0.5105,  0.154192
0.5110,  0.164483
0.5115,  0.175017
0.5120,  0.149147
0.5125,  0.125759
0.5130,  0.130974
0.5135,  0.134994
0.5140,  0.142029
0.5145,  0.147758
0.5150,  0.158513
0.5155,  0.177814
0.5160,  0.141406
0.5165,  0.101021
0.5170,  0.127181
0.5175,  0.144870
0.5180,  0.122705
0.5185,  0.094181
0.5190,  0.127171
0.5195,  0.160318
0.5200,  0.151630
0.5205,  0.144003
0.5210,  0.156631
0.5215,  0.171104
0.5220,  0.150548
0.5225,  0.127739
0.5230,  0.137658
0.5235,  0.146040
0.5240,  0.155479
0.5245,  0.169783
0.5250,  0.169229
0.5255,  0.173564
0.5260,  0.126835
0.5265,  0.071314
0.5270,  0.109995
0.5275,  0.139627
0.5280,  0.145425
0.5285,  0.152340
0.5290,  0.150565
0.5295,  0.148820
0.5300,  0.151276
0.5305,  0.156210
0.5310,  0.159430
0.5315,  0.166208
0.5320,  0.129029
0.5325,  0.087857
0.5330,  0.126188
0.5335,  0.159854
0.5340,  0.139842
0.5345,  0.120173
0.5350,  0.147370
0.5355,  0.176235
0.5360,  0.152229
0.5365,  0.128341
0.5370,  0.132108
0.5375,  0.135365
0.5380,  0.140576
0.5385,  0.148710
0.5390,  0.137849
0.5395,  0.127527
0.5400,  0.117930
0.5405,  0.105485
0.5410,  0.132449
0.5415,  0.157569
0.5420,  0.143254
0.5425,  0.127595
0.5430,  0.137394
0.5435,  0.146642
0.5440,  0.144670
0.5445,  0.142704
0.5450,  0.146313
0.5455,  0.150523
0.5460,  0.148243
0.5465,  0.146445
0.5470,  0.136692
0.5475,  0.126807
0.5480,  0.133615
0.5485,  0.138664
0.5490,  0.145382
0.5495,  0.152857
0.5500,  0.145572
0.5505,  0.139008
0.5510,  0.142006
0.5515,  0.144118
0.5520,  0.139394
0.5525,  0.132236
0.5530,  0.139988
0.5535,  0.146970
0.5540,  0.149421
0.5545,  0.151798
0.5550,  0.153470
0.5555,  0.156463
0.5560,  0.143205
0.5565,  0.130111
0.5570,  0.139944
0.5575,  0.150968
0.5580,  0.142335
0.5585,  0.132659
0.5590,  0.136270
0.5595,  0.137666
0.5600,  0.141809
0.5605,  0.146822
0.5610,  0.142899
0.5615,  0.139718
0.5620,  0.145806
0.5625,  0.151595
0.5630,  0.154861
0.5635,  0.159268
0.5640,  0.159860
0.5645,  0.159683
0.5650,  0.148130
0.5655,  0.134642
0.5660,  0.141885
0.5665,  0.149322
0.5670,  0.164051
0.5675,  0.178890
0.5680,  0.162337
0.5685,  0.146309
0.5690,  0.161621
0.5695,  0.176717
0.5700,  0.157546
0.5705,  0.134552
0.5710,  0.142280
0.5715,  0.147031
0.5720,  0.155502
0.5725,  0.167522
0.5730,  0.163243
0.5735,  0.161217
0.5740,  0.161118
0.5745,  0.161334
0.5750,  0.152973
0.5755,  0.142121
0.5760,  0.144863
0.5765,  0.150870
0.5770,  0.157533
0.5775,  0.162676
0.5780,  0.144982
0.5785,  0.126230
0.5790,  0.134920
0.5795,  0.141779
0.5800,  0.140280
0.5805,  0.139396
0.5810,  0.139385
0.5815,  0.140863
0.5820,  0.145668
0.5825,  0.149889
0.5830,  0.145069
0.5835,  0.143951
0.5840,  0.147333
0.5845,  0.152157
0.5850,  0.137394
0.5855,  0.120367
0.5860,  0.133938
0.5865,  0.150591
0.5870,  0.163444
0.5875,  0.181148
0.5880,  0.174935
0.5885,  0.163831
0.5890,  0.132476
0.5895,  0.093532
0.5900,  0.141182
0.5905,  0.185581
0.5910,  0.174406
0.5915,  0.163480
0.5920,  0.163303
0.5925,  0.163261
0.5930,  0.158863
0.5935,  0.159121
0.5940,  0.154106
0.5945,  0.149836
0.5950,  0.152141
0.5955,  0.154116
0.5960,  0.158376
0.5965,  0.164483
0.5970,  0.158104
0.5975,  0.152915
0.5980,  0.146748
0.5985,  0.142230
0.5990,  0.148278
0.5995,  0.155743
0.6000,  0.152241
0.6005,  0.149465
0.6010,  0.150923
0.6015,  0.149030
0.6020,  0.136443
0.6025,  0.123875
0.6030,  0.136434
0.6035,  0.150617
0.6040,  0.150411
0.6045,  0.151754
0.6050,  0.150732
0.6055,  0.147559
0.6060,  0.145883
0.6065,  0.143689
0.6070,  0.144123
0.6075,  0.144752
0.6080,  0.144295
0.6085,  0.145464
0.6090,  0.149203
0.6095,  0.150652
0.6100,  0.141132
0.6105,  0.130815
0.6110,  0.141639
0.6115,  0.153510
0.6120,  0.145763
0.6125,  0.138627
0.6130,  0.137386
0.6135,  0.134327
0.6140,  0.143760
0.6145,  0.154869
0.6150,  0.159705
0.6155,  0.162265
0.6160,  0.134428
0.6165,  0.102918
0.6170,  0.125533
0.6175,  0.148671
0.6180,  0.154314
0.6185,  0.159470
0.6190,  0.156717
0.6195,  0.152270
0.6200,  0.158570
0.6205,  0.164934
0.6210,  0.153102
0.6215,  0.142194
0.6220,  0.152142
0.6225,  0.161461
0.6230,  0.153298
0.6235,  0.148109
0.6240,  0.151766
0.6245,  0.151392
0.6250,  0.143547
0.6255,  0.135111
0.6260,  0.153023
0.6265,  0.171701
0.6270,  0.172983
0.6275,  0.175711
0.6280,  0.180246
0.6285,  0.185290
0.6290,  0.184813
0.6295,  0.182851
0.6300,  0.177579
0.6305,  0.168590
0.6310,  0.158718
0.6315,  0.156849
0.6320,  0.153262
0.6325,  0.150736
0.6330,  0.149941
0.6335,  0.149465
0.6340,  0.150975
0.6345,  0.154202
0.6350,  0.156885
0.6355,  0.158722
0.6360,  0.157387
0.6365,  0.154129
0.6370,  0.149787
0.6375,  0.147787
0.6380,  0.148722
0.6385,  0.151097
0.6390,  0.153273
0.6395,  0.151180
0.6400,  0.151214
0.6405,  0.147548
0.6410,  0.141012
0.6415,  0.140172
0.6420,  0.138785
0.6425,  0.136510
0.6430,  0.135685
0.6435,  0.139318
0.6440,  0.142959
0.6445,  0.148753
0.6450,  0.157014
0.6455,  0.159642
0.6460,  0.162507
0.6465,  0.163265
0.6470,  0.163742
0.6475,  0.162440
0.6480,  0.157734
0.6485,  0.152842
0.6490,  0.145819
0.6495,  0.146828
0.6500,  0.147612
0.6505,  0.153676
0.6510,  0.160967
0.6515,  0.160094
0.6520,  0.158228
0.6525,  0.158133
0.6530,  0.158605
0.6535,  0.150818
0.6540,  0.152028
0.6545,  0.161900
0.6550,  0.174811
0.6555,  0.169964
0.6560,  0.147668
0.6565,  0.113070
0.6570,  0.072995
0.6575,  0.084561
0.6580,  0.099660
0.6585,  0.114610
0.6590,  0.129928
0.6595,  0.125677
0.6600,  0.122035
0.6605,  0.118910
0.6610,  0.120085
0.6615,  0.119939
0.6620,  0.120692
0.6625,  0.121311
0.6630,  0.119423
0.6635,  0.120602
0.6640,  0.119555
0.6645,  0.121636
0.6650,  0.122604
0.6655,  0.121831
0.6660,  0.122383
0.6665,  0.119986
0.6670,  0.112044
0.6675,  0.109900
0.6680,  0.108324
0.6685,  0.110767
0.6690,  0.114318
0.6695,  0.113989
0.6700,  0.117096
0.6705,  0.119168
0.6710,  0.119483
0.6715,  0.121177
0.6720,  0.119169
0.6725,  0.116745
0.6730,  0.112995
0.6735,  0.108526
0.6740,  0.106516
0.6745,  0.106536
0.6750,  0.106909
0.6755,  0.109070
0.6760,  0.111451
0.6765,  0.115970
0.6770,  0.120229
0.6775,  0.118340
0.6780,  0.117594
0.6785,  0.116845
0.6790,  0.113734
0.6795,  0.110706
0.6800,  0.110672
0.6805,  0.114060
0.6810,  0.113518
0.6815,  0.113677
0.6820,  0.117370
0.6825,  0.120148
0.6830,  0.123166
0.6835,  0.123413
0.6840,  0.123514
0.6845,  0.127246
0.6850,  0.137110
0.6855,  0.167529
0.6860,  0.204738
0.6865,  0.235265
0.6870,  0.251110
0.6875,  0.249826
0.6880,  0.244887
0.6885,  0.238197
0.6890,  0.234731
0.6895,  0.227640
0.6900,  0.217678
0.6905,  0.209338
0.6910,  0.200634
0.6915,  0.193930
0.6920,  0.190009
0.6925,  0.187787
0.6930,  0.188456
0.6935,  0.186683
0.6940,  0.182183
0.6945,  0.179843
0.6950,  0.174074
0.6955,  0.167582
0.6960,  0.160780
0.6965,  0.154533
0.6970,  0.150560
0.6975,  0.152830
0.6980,  0.156515
0.6985,  0.160755
0.6990,  0.169929
0.6995,  0.173451
0.7000,  0.172568
0.7005,  0.168491
0.7010,  0.162588
0.7015,  0.160568
0.7020,  0.157505
0.7025,  0.154456
0.7030,  0.151181
0.7035,  0.154771
0.7040,  0.156746
0.7045,  0.161493
0.7050,  0.164786
0.7055,  0.161547
0.7060,  0.158701
0.7065,  0.152915
0.7070,  0.147925
0.7075,  0.146726
0.7080,  0.144494
0.7085,  0.139806
0.7090,  0.135039
0.7095,  0.134038
0.7100,  0.136101
0.7105,  0.138951
0.7110,  0.144662
0.7115,  0.146773
0.7120,  0.148176
0.7125,  0.150472
0.7130,  0.150764
0.7135,  0.151041
0.7140,  0.152047
0.7145,  0.157938
0.7150,  0.168914
0.7155,  0.191173
0.7160,  0.222081
0.7165,  0.252716
0.7170,  0.288094
0.7175,  0.316759
0.7180,  0.343203
0.7185,  0.360898
0.7190,  0.363323
0.7195,  0.353606
0.7200,  0.324339
0.7205,  0.286366
0.7210,  0.256256
0.7215,  0.242271
0.7220,  0.246837
0.7225,  0.264610
0.7230,  0.286998
0.7235,  0.305457
0.7240,  0.314792
0.7245,  0.320617
0.7250,  0.318629
0.7255,  0.312413
0.7260,  0.310082
0.7265,  0.308383
0.7270,  0.308533
0.7275,  0.310426
0.7280,  0.306207
0.7285,  0.300163
0.7290,  0.290496
0.7295,  0.281008
0.7300,  0.272657
0.7305,  0.268382
0.7310,  0.258668
0.7315,  0.243449
0.7320,  0.226955
0.7325,  0.208505
0.7330,  0.194875
0.7335,  0.182086
0.7340,  0.173052
0.7345,  0.170870
0.7350,  0.172217
0.7355,  0.173435
0.7360,  0.171456
0.7365,  0.171118
0.7370,  0.169057
0.7375,  0.163879
0.7380,  0.158417
0.7385,  0.152412
0.7390,  0.143557
0.7395,  0.137504
0.7400,  0.134681
0.7405,  0.130645
0.7410,  0.129068
0.7415,  0.131231
0.7420,  0.131766
0.7425,  0.130276
0.7430,  0.132402
0.7435,  0.129203
0.7440,  0.129517
0.7445,  0.127737
0.7450,  0.128049
0.7455,  0.128300
0.7460,  0.127212
0.7465,  0.123545
0.7470,  0.120232
0.7475,  0.117609
0.7480,  0.118793
0.7485,  0.119983
0.7490,  0.119342
0.7495,  0.122402
0.7500,  0.124471
0.7505,  0.126376
0.7510,  0.124228
0.7515,  0.121673
0.7520,  0.119628
0.7525,  0.118929
0.7530,  0.116132
0.7535,  0.116352
0.7540,  0.114809
0.7545,  0.115616
0.7550,  0.122927
0.7555,  0.122974
0.7560,  0.119120
0.7565,  0.116877
0.7570,  0.117423
0.7575,  0.133464
0.7580,  0.180921
0.7585,  0.277821
0.7590,  0.427208
0.7595,  0.597160
0.7600,  0.722156
0.7605,  0.765586
0.7610,  0.748326
0.7615,  0.709932
0.7620,  0.696299
0.7625,  0.693105
0.7630,  0.675293
0.7635,  0.632568
0.7640,  0.573331
0.7645,  0.504026
0.7650,  0.430454
0.7655,  0.362949
0.7660,  0.300755
0.7665,  0.248374
0.7670,  0.206334
0.7675,  0.184499
0.7680,  0.169870
0.7685,  0.160177
0.7690,  0.154390
0.7695,  0.143834
0.7700,  0.134857
0.7705,  0.126984
0.7710,  0.120775
0.7715,  0.120511
0.7720,  0.125271
0.7725,  0.130821
0.7730,  0.132755
0.7735,  0.129209
0.7740,  0.120661
0.7745,  0.112583
0.7750,  0.102767
0.7755,  0.101702
0.7760,  0.103447
0.7765,  0.107447
0.7770,  0.114606
0.7775,  0.117409
0.7780,  0.118981
0.7785,  0.118803
0.7790,  0.113336
0.7795,  0.110065
0.7800,  0.107544
0.7805,  0.107418
0.7810,  0.108475
0.7815,  0.110656
0.7820,  0.112410
0.7825,  0.113071
0.7830,  0.112445
0.7835,  0.113694
0.7840,  0.117941
0.7845,  0.121529
0.7850,  0.121766
0.7855,  0.120743
0.7860,  0.120052
0.7865,  0.123084
0.7870,  0.124993
0.7875,  0.126257
0.7880,  0.128394
0.7885,  0.135947
0.7890,  0.143298
0.7895,  0.145393
0.7900,  0.144411
0.7905,  0.150952
0.7910,  0.150803
0.7915,  0.152594
0.7920,  0.150887
0.7925,  0.140910
0.7930,  0.130310
0.7935,  0.123442
0.7940,  0.121060
0.7945,  0.124270
0.7950,  0.129447
0.7955,  0.136593
0.7960,  0.134352
0.7965,  0.134886
0.7970,  0.139179
0.7975,  0.131520
0.7980,  0.130684
0.7985,  0.132466
0.7990,  0.135871
0.7995,  0.142003
0.8000,  0.148139
0.8005,  0.148604
0.8010,  0.144937
0.8015,  0.144670
0.8020,  0.141639
0.8025,  0.142870
0.8030,  0.141925
0.8035,  0.138543
0.8040,  0.137439
0.8045,  0.134259
0.8050,  0.128578
0.8055,  0.120151
0.8060,  0.123892
0.8065,  0.131533
0.8070,  0.141053
0.8075,  0.142189
0.8080,  0.139568
0.8085,  0.135698
0.8090,  0.129533
0.8095,  0.136357
0.8100,  0.143420
0.8105,  0.151521
0.8110,  0.162353
0.8115,  0.178010
0.8120,  0.195821
0.8125,  0.221326
0.8130,  0.245209
0.8135,  0.266893
0.8140,  0.285147
0.8145,  0.305525
0.8150,  0.322078
0.8155,  0.332685
0.8160,  0.338086
0.8165,  0.346836
0.8170,  0.345655
0.8175,  0.335316
0.8180,  0.324022
0.8185,  0.309450
0.8190,  0.280097
0.8195,  0.255364
0.8200,  0.235568
0.8205,  0.225128
0.8210,  0.246054
0.8215,  0.283388
0.8220,  0.315108
0.8225,  0.329009
0.8230,  0.318730
0.8235,  0.288195
0.8240,  0.261142
0.8245,  0.237820
0.8250,  0.217437
0.8255,  0.213865
0.8260,  0.221345
0.8265,  0.231729
0.8270,  0.242233
0.8275,  0.248890
0.8280,  0.252532
0.8285,  0.251946
0.8290,  0.247782
0.8295,  0.235413
0.8300,  0.226194
0.8305,  0.224395
0.8310,  0.221338
0.8315,  0.215332
0.8320,  0.206116
0.8325,  0.198148
0.8330,  0.188802
0.8335,  0.181335
0.8340,  0.171142
0.8345,  0.168381
0.8350,  0.160140
0.8355,  0.156048
0.8360,  0.154372
0.8365,  0.151794
0.8370,  0.140954
0.8375,  0.134861
0.8380,  0.132535
0.8385,  0.128606
0.8390,  0.123654
0.8395,  0.121526
0.8400,  0.122419
0.8405,  0.117192
0.8410,  0.112958
0.8415,  0.107319
0.8420,  0.116423
0.8425,  0.125217
0.8430,  0.130040
0.8435,  0.124523
0.8440,  0.106408
0.8445,  0.094039
0.8450,  0.089043
0.8455,  0.089828
0.8460,  0.087924
0.8465,  0.094643
0.8470,  0.101791
0.8475,  0.112115
0.8480,  0.117840
0.8485,  0.117155
0.8490,  0.105262
0.8495,  0.093492
0.8500,  0.069706
0.8505,  0.070669
0.8510,  0.078297
0.8515,  0.081571
0.8520,  0.098092
0.8525,  0.095986
0.8530,  0.094012
0.8535,  0.083552
0.8540,  0.054578
0.8545,  0.073236
0.8550,  0.070701
0.8555,  0.072583
0.8560,  0.085355
0.8565,  0.081973
0.8570,  0.079604
0.8575,  0.079841
0.8580,  0.083198
0.8585,  0.079350
0.8590,  0.086223
0.8595,  0.090902
0.8600,  0.095217
0.8605,  0.086555
0.8610,  0.086422
0.8615,  0.085145
0.8620,  0.081680
0.8625,  0.077745
0.8630,  0.076092
0.8635,  0.086427
0.8640,  0.097454
0.8645,  0.083954
0.8650,  0.087870
0.8655,  0.079942
0.8660,  0.052407
0.8665,  0.056036
0.8670,  0.054507
0.8675,  0.057128
0.8680,  0.058166
0.8685,  0.066680
0.8690,  0.068239
0.8695,  0.080447
0.8700,  0.090856
0.8705,  0.087857
0.8710,  0.083333
0.8715,  0.079768
0.8720,  0.084451
0.8725,  0.090433
0.8730,  0.087369
0.8735,  0.091200
0.8740,  0.085855
0.8745,  0.087635
0.8750,  0.088309
0.8755,  0.094997
0.8760,  0.099310
0.8765,  0.103146
0.8770,  0.096252
0.8775,  0.086300
0.8780,  0.081532
0.8785,  0.075621
0.8790,  0.074182
0.8795,  0.087514
0.8800,  0.084406
0.8805,  0.081757
0.8810,  0.077114
0.8815,  0.071456
0.8820,  0.068575
0.8825,  0.073071
0.8830,  0.080897
0.8835,  0.078385
0.8840,  0.082262
0.8845,  0.077955
0.8850,  0.075456
0.8855,  0.084405
0.8860,  0.093423
0.8865,  0.090773
0.8870,  0.091122
0.8875,  0.088652
0.8880,  0.087786
0.8885,  0.096169
0.8890,  0.089191
0.8895,  0.087101
0.8900,  0.092942
