0.3500,  2.532286
0.3505,  2.538700
0.3510,  2.350268
0.3515,  2.253884
0.3520,  2.150071
0.3525,  1.999906
0.3530,  1.941893
0.3535,  1.923716
0.3540,  1.837444
0.3545,  1.841159
0.3550,  1.834408
0.3555,  1.883311
0.3560,  1.914813
0.3565,  1.986441
0.3570,  2.139636
0.3575,  2.242919
0.3580,  2.187164
0.3585,  2.123279
0.3590,  2.158301
0.3595,  2.229078
0.3600,  2.188261
0.3605,  2.237223
0.3610,  2.248835
0.3615,  2.141757
0.3620,  2.136430
0.3625,  2.111914
0.3630,  1.997211
0.3635,  1.920534
0.3640,  1.808308
0.3645,  1.688503
0.3650,  1.658974
0.3655,  1.616592
0.3660,  1.561780
0.3665,  1.525020
0.3670,  1.447542
0.3675,  1.388368
0.3680,  1.326899
0.3685,  1.271963
0.3690,  1.317266
0.3695,  1.371401
0.3700,  1.356062
0.3705,  1.367127
0.3710,  1.417051
0.3715,  1.454314
0.3720,  1.429589
0.3725,  1.391347
0.3730,  1.361804
0.3735,  1.341518
0.3740,  1.364612
0.3745,  1.384359
0.3750,  1.477925
0.3755,  1.535603
0.3760,  1.500478
0.3765,  1.446004
0.3770,  1.454097
0.3775,  1.463866
0.3780,  1.433189
0.3785,  1.421416
0.3790,  1.318861
0.3795,  1.202948
0.3800,  1.245158
0.3805,  1.296325
0.3810,  1.275273
0.3815,  1.292554
0.3820,  1.268805
0.3825,  1.245755
0.3830,  1.307445
0.3835,  1.331114
0.3840,  1.531263
0.3845,  1.659452
0.3850,  1.635810
0.3855,  1.606788
0.3860,  1.552448
0.3865,  1.510874
0.3870,  1.480815
0.3875,  1.458074
0.3880,  1.423857
0.3885,  1.358217
0.3890,  1.366693
0.3895,  1.369228
0.3900,  1.323608
0.3905,  1.275805
0.3910,  1.259547
0.3915,  1.279464
0.3920,  1.187487
0.3925,  1.114431
0.3930,  0.990337
0.3935,  0.792138
0.3940,  1.128481
0.3945,  1.345223
0.3950,  1.430773
0.3955,  1.506784
0.3960,  1.330947
0.3965,  1.117313
0.3970,  1.124752
0.3975,  1.102730
0.3980,  1.268513
0.3985,  1.350886
0.3990,  1.272999
0.3995,  1.217202
0.4000,  1.140359
0.4005,  1.074947
0.4010,  1.041122
0.4015,  1.013139
0.4020,  0.979017
0.4025,  0.956294
0.4030,  0.917417
0.4035,  0.889895
0.4040,  0.886870
0.4045,  0.883496
0.4050,  0.880885
0.4055,  0.879157
0.4060,  0.860150
0.4065,  0.840134
0.4070,  0.850522
0.4075,  0.858434
0.4080,  0.883429
0.4085,  0.913932
0.4090,  0.908198
0.4095,  0.897810
0.4100,  0.846922
0.4105,  0.786314
0.4110,  0.849724
0.4115,  0.903307
0.4120,  0.880291
0.4125,  0.853511
0.4130,  0.839000
0.4135,  0.832921
0.4140,  0.827477
0.4145,  0.820739
0.4150,  0.819424
0.4155,  0.811899
0.4160,  0.830402
0.4165,  0.854477
0.4170,  0.813228
0.4175,  0.765467
0.4180,  0.771423
0.4185,  0.778584
0.4190,  0.782682
0.4195,  0.788065
0.4200,  0.806842
0.4205,  0.821273
0.4210,  0.829778
0.4215,  0.842602
0.4220,  0.796462
0.4225,  0.747300
0.4230,  0.789257
0.4235,  0.824807
0.4240,  0.834767
0.4245,  0.845247
0.4250,  0.829594
0.4255,  0.810586
0.4260,  0.804906
0.4265,  0.804577
0.4270,  0.776019
0.4275,  0.742236
0.4280,  0.751011
0.4285,  0.769608
0.4290,  0.761077
0.4295,  0.758832
0.4300,  0.683025
0.4305,  0.586515
0.4310,  0.791636
0.4315,  0.933782
0.4320,  0.895281
0.4325,  0.851795
0.4330,  0.838438
0.4335,  0.830655
0.4340,  0.793253
0.4345,  0.762856
0.4350,  0.764339
0.4355,  0.765230
0.4360,  0.797696
0.4365,  0.834041
0.4370,  0.796757
0.4375,  0.765091
0.4380,  0.706034
0.4385,  0.639517
0.4390,  0.707469
0.4395,  0.766765
0.4400,  0.734766
0.4405,  0.697770
0.4410,  0.741803
0.4415,  0.781473
0.4420,  0.779019
0.4425,  0.776837
0.4430,  0.751081
0.4435,  0.726570
0.4440,  0.732690
0.4445,  0.740856
0.4450,  0.700582
0.4455,  0.655297
0.4460,  0.667390
0.4465,  0.677022
0.4470,  0.710682
0.4475,  0.742199
0.4480,  0.713980
0.4485,  0.683157
0.4490,  0.684531
0.4495,  0.690978
0.4500,  0.705572
0.4505,  0.721316
0.4510,  0.710946
0.4515,  0.701299
0.4520,  0.662668
0.4525,  0.630289
0.4530,  0.639710
0.4535,  0.647776
0.4540,  0.651903
0.4545,  0.652599
0.4550,  0.660576
0.4555,  0.669334
0.4560,  0.673360
0.4565,  0.683432
0.4570,  0.689571
0.4575,  0.695588
0.4580,  0.668702
0.4585,  0.641935
0.4590,  0.648996
0.4595,  0.653653
0.4600,  0.654795
0.4605,  0.654733
0.4610,  0.651682
0.4615,  0.648191
0.4620,  0.654442
0.4625,  0.665635
0.4630,  0.655176
0.4635,  0.650844
0.4640,  0.643578
0.4645,  0.632363
0.4650,  0.653144
0.4655,  0.675158
0.4660,  0.647944
0.4665,  0.621922
0.4670,  0.637156
0.4675,  0.651071
0.4680,  0.644524
0.4685,  0.647907
0.4690,  0.652118
0.4695,  0.655377
0.4700,  0.632734
0.4705,  0.607042
0.4710,  0.640935
0.4715,  0.671705
0.4720,  0.669003
0.4725,  0.665226
0.4730,  0.647206
0.4735,  0.629947
0.4740,  0.634060
0.4745,  0.640514
0.4750,  0.628474
0.4755,  0.618059
0.4760,  0.602571
0.4765,  0.588543
0.4770,  0.615236
0.4775,  0.639220
0.4780,  0.618643
0.4785,  0.600021
0.4790,  0.612618
0.4795,  0.622441
0.4800,  0.608456
0.4805,  0.596669
0.4810,  0.602732
0.4815,  0.608034
0.4820,  0.592055
0.4825,  0.581357
0.4830,  0.580965
0.4835,  0.583851
0.4840,  0.581243
0.4845,  0.581991
0.4850,  0.566425
0.4855,  0.550806
0.4860,  0.515769
0.4865,  0.470627
0.4870,  0.524320
0.4875,  0.568525
0.4880,  0.577834
0.4885,  0.585880
0.4890,  0.585212
0.4895,  0.583095
0.4900,  0.582103
0.4905,  0.587014
0.4910,  0.559205
0.4915,  0.533548
0.4920,  0.536005
0.4925,  0.534529
0.4930,  0.526646
0.4935,  0.517939
0.4940,  0.547922
0.4945,  0.576047
0.4950,  0.539583
0.4955,  0.502804
0.4960,  0.518711
0.4965,  0.535997
0.4970,  0.537528
0.4975,  0.542091
0.4980,  0.510867
0.4985,  0.477848
0.4990,  0.506750
0.4995,  0.534166
0.5000,  0.511532
0.5005,  0.487940
0.5010,  0.481220
0.5015,  0.472467
0.5020,  0.493158
0.5025,  0.512590
0.5030,  0.522020
0.5035,  0.528482
0.5040,  0.510862
0.5045,  0.489111
0.5050,  0.509126
0.5055,  0.530564
0.5060,  0.517647
0.5065,  0.505946
0.5070,  0.494017
0.5075,  0.482677
0.5080,  0.485637
0.5085,  0.485673
0.5090,  0.481455
0.5095,  0.477436
0.5100,  0.481717
0.5105,  0.486656
0.5110,  0.498065
0.5115,  0.509084
0.5120,  0.480848
0.5125,  0.455483
0.5130,  0.461591
0.5135,  0.463448
0.5140,  0.470819
0.5145,  0.475708
0.5150,  0.483612
0.5155,  0.496867
0.5160,  0.454373
0.5165,  0.410602
0.5170,  0.441403
0.5175,  0.467992
0.5180,  0.453849
0.5185,  0.432345
0.5190,  0.471864
0.5195,  0.505243
0.5200,  0.493048
0.5205,  0.482430
0.5210,  0.490773
0.5215,  0.499801
0.5220,  0.473585
0.5225,  0.448589
0.5230,  0.464782
0.5235,  0.477107
0.5240,  0.486364
0.5245,  0.496323
0.5250,  0.489400
0.5255,  0.487301
0.5260,  0.435699
0.5265,  0.380193
0.5270,  0.423096
0.5275,  0.455758
0.5280,  0.463586
0.5285,  0.469157
0.5290,  0.464317
0.5295,  0.462180
0.5300,  0.466557
0.5305,  0.469226
0.5310,  0.470034
0.5315,  0.475857
0.5320,  0.436819
0.5325,  0.393919
0.5330,  0.437085
0.5335,  0.474876
0.5340,  0.456533
0.5345,  0.436400
0.5350,  0.461692
0.5355,  0.485612
0.5360,  0.455391
0.5365,  0.428387
0.5370,  0.433588
0.5375,  0.439554
0.5380,  0.447321
0.5385,  0.457061
0.5390,  0.443687
0.5395,  0.433030
0.5400,  0.424396
0.5405,  0.413372
0.5410,  0.441343
0.5415,  0.465923
0.5420,  0.449938
0.5425,  0.434798
0.5430,  0.446253
0.5435,  0.454460
0.5440,  0.451678
0.5445,  0.449561
0.5450,  0.455238
0.5455,  0.459395
0.5460,  0.453751
0.5465,  0.448722
0.5470,  0.439650
0.5475,  0.429761
0.5480,  0.437098
0.5485,  0.441373
0.5490,  0.446270
0.5495,  0.453229
0.5500,  0.445416
0.5505,  0.438278
0.5510,  0.440524
0.5515,  0.442665
0.5520,  0.437765
0.5525,  0.432789
0.5530,  0.442658
0.5535,  0.451640
0.5540,  0.453462
0.5545,  0.455417
0.5550,  0.456463
0.5555,  0.458763
0.5560,  0.443396
0.5565,  0.428913
0.5570,  0.437644
0.5575,  0.447398
0.5580,  0.438754
0.5585,  0.429703
0.5590,  0.435860
0.5595,  0.440442
0.5600,  0.447920
0.5605,  0.451508
0.5610,  0.444947
0.5615,  0.438768
0.5620,  0.444663
0.5625,  0.451600
0.5630,  0.454429
0.5635,  0.456266
0.5640,  0.455257
0.5645,  0.456629
0.5650,  0.444950
0.5655,  0.433834
0.5660,  0.438836
0.5665,  0.445611
0.5670,  0.458244
0.5675,  0.474158
0.5680,  0.456595
0.5685,  0.439945
0.5690,  0.453918
0.5695,  0.468234
0.5700,  0.449472
0.5705,  0.428055
0.5710,  0.439877
0.5715,  0.446295
0.5720,  0.456882
0.5725,  0.466242
0.5730,  0.458562
0.5735,  0.453766
0.5740,  0.451622
0.5745,  0.451713
0.5750,  0.445682
0.5755,  0.437215
0.5760,  0.440795
0.5765,  0.445591
0.5770,  0.448078
0.5775,  0.453865
0.5780,  0.435983
0.5785,  0.417116
0.5790,  0.425550
0.5795,  0.432878
0.5800,  0.433648
0.5805,  0.436354
0.5810,  0.440004
0.5815,  0.442836
0.5820,  0.446326
0.5825,  0.448374
0.5830,  0.441599
0.5835,  0.435612
0.5840,  0.434571
0.5845,  0.438815
0.5850,  0.424351
0.5855,  0.409949
0.5860,  0.425813
0.5865,  0.441128
0.5870,  0.449711
0.5875,  0.463499
0.5880,  0.455154
0.5885,  0.449735
0.5890,  0.428216
0.5895,  0.398174
0.5900,  0.454354
0.5905,  0.503431
0.5910,  0.494007
0.5915,  0.479832
0.5920,  0.474411
0.5925,  0.469344
0.5930,  0.461390
0.5935,  0.462199
0.5940,  0.461616
0.5945,  0.460797
0.5950,  0.466697
0.5955,  0.467690
0.5960,  0.469677
0.5965,  0.470521
0.5970,  0.460237
0.5975,  0.451888
0.5980,  0.443036
0.5985,  0.436578
0.5990,  0.447426
0.5995,  0.458025
0.6000,  0.456467
0.6005,  0.455567
0.6010,  0.460391
0.6015,  0.458713
0.6020,  0.442173
0.6025,  0.426308
0.6030,  0.436866
0.6035,  0.450897
0.6040,  0.447792
0.6045,  0.447583
0.6050,  0.448514
0.6055,  0.444470
0.6060,  0.442269
0.6065,  0.440327
0.6070,  0.441708
0.6075,  0.444084
0.6080,  0.444652
0.6085,  0.444061
0.6090,  0.449067
0.6095,  0.450426
0.6100,  0.441961
0.6105,  0.430382
0.6110,  0.442758
0.6115,  0.455525
0.6120,  0.448066
0.6125,  0.442698
0.6130,  0.443858
0.6135,  0.442093
0.6140,  0.452390
0.6145,  0.458917
0.6150,  0.460614
0.6155,  0.463001
0.6160,  0.436154
0.6165,  0.405721
0.6170,  0.429031
0.6175,  0.453396
0.6180,  0.457395
0.6185,  0.463767
0.6190,  0.465233
0.6195,  0.465681
0.6200,  0.472656
0.6205,  0.477937
0.6210,  0.464542
0.6215,  0.450792
0.6220,  0.457843
0.6225,  0.465386
0.6230,  0.456576
0.6235,  0.450108
0.6240,  0.457060
0.6245,  0.460860
0.6250,  0.456964
0.6255,  0.452907
0.6260,  0.471138
0.6265,  0.486034
0.6270,  0.483883
0.6275,  0.487171
0.6280,  0.491927
0.6285,  0.493187
0.6290,  0.492025
0.6295,  0.491143
0.6300,  0.483956
0.6305,  0.476440
0.6310,  0.467414
0.6315,  0.468761
0.6320,  0.465570
0.6325,  0.468514
0.6330,  0.472454
0.6335,  0.472668
0.6340,  0.475142
0.6345,  0.478145
0.6350,  0.480402
0.6355,  0.478932
0.6360,  0.475091
0.6365,  0.468669
0.6370,  0.464231
0.6375,  0.464562
0.6380,  0.468782
0.6385,  0.476223
0.6390,  0.482191
0.6395,  0.479300
0.6400,  0.477253
0.6405,  0.475626
0.6410,  0.468556
0.6415,  0.466526
0.6420,  0.464761
0.6425,  0.463856
0.6430,  0.461113
0.6435,  0.460383
0.6440,  0.462744
0.6445,  0.468981
0.6450,  0.480068
0.6455,  0.487880
0.6460,  0.495268
0.6465,  0.498560
0.6470,  0.495063
0.6475,  0.490367
0.6480,  0.488303
0.6485,  0.484136
0.6490,  0.481472
0.6495,  0.489221
0.6500,  0.494297
0.6505,  0.499731
0.6510,  0.506197
0.6515,  0.504550
0.6520,  0.502923
0.6525,  0.499185
0.6530,  0.494416
0.6535,  0.482358
0.6540,  0.474591
0.6545,  0.476869
0.6550,  0.492516
0.6555,  0.502591
0.6560,  0.501635
0.6565,  0.484369
0.6570,  0.449325
0.6575,  0.457354
0.6580,  0.465194
0.6585,  0.474023
0.6590,  0.484787
0.6595,  0.475626
0.6600,  0.468171
0.6605,  0.461801
0.6610,  0.457700
0.6615,  0.451472
0.6620,  0.450884
0.6625,  0.453664
0.6630,  0.455914
0.6635,  0.463772
0.6640,  0.465824
0.6645,  0.463805
0.6650,  0.462139
0.6655,  0.456663
0.6660,  0.453759
0.6665,  0.451071
0.6670,  0.444741
0.6675,  0.447555
0.6680,  0.446933
0.6685,  0.450281
0.6690,  0.453754
0.6695,  0.455084
0.6700,  0.460172
0.6705,  0.465155
0.6710,  0.467781
0.6715,  0.471121
0.6720,  0.471520
0.6725,  0.468088
0.6730,  0.463519
0.6735,  0.461011
0.6740,  0.466429
0.6745,  0.467726
0.6750,  0.468066
0.6755,  0.473138
0.6760,  0.478132
0.6765,  0.479504
0.6770,  0.477850
0.6775,  0.476440
0.6780,  0.473495
0.6785,  0.472134
0.6790,  0.471285
0.6795,  0.472229
0.6800,  0.472330
0.6805,  0.474632
0.6810,  0.475211
0.6815,  0.479299
0.6820,  0.484775
0.6825,  0.489460
0.6830,  0.494042
0.6835,  0.494283
0.6840,  0.496383
0.6845,  0.496565
0.6850,  0.496574
0.6855,  0.512121
0.6860,  0.548309
0.6865,  0.595217
0.6870,  0.639068
0.6875,  0.662859
0.6880,  0.666166
0.6885,  0.663877
0.6890,  0.662046
0.6895,  0.653762
0.6900,  0.642495
0.6905,  0.625799
0.6910,  0.608890
0.6915,  0.602824
0.6920,  0.601378
0.6925,  0.603745
0.6930,  0.611639
0.6935,  0.616342
0.6940,  0.621409
0.6945,  0.616065
0.6950,  0.607975
0.6955,  0.593766
0.6960,  0.583541
0.6965,  0.575874
0.6970,  0.566604
0.6975,  0.567267
0.6980,  0.571376
0.6985,  0.579180
0.6990,  0.586219
0.6995,  0.587813
0.7000,  0.585417
0.7005,  0.590277
0.7010,  0.590664
0.7015,  0.594925
0.7020,  0.601264
0.7025,  0.601239
0.7030,  0.599263
0.7035,  0.599144
0.7040,  0.594562
0.7045,  0.597726
0.7050,  0.600113
0.7055,  0.599451
0.7060,  0.595060
0.7065,  0.588854
0.7070,  0.580449
0.7075,  0.572727
0.7080,  0.569831
0.7085,  0.569344
0.7090,  0.569864
0.7095,  0.574019
0.7100,  0.580298
0.7105,  0.584676
0.7110,  0.593112
0.7115,  0.596085
0.7120,  0.591754
0.7125,  0.581434
0.7130,  0.577604
0.7135,  0.577698
0.7140,  0.584985
0.7145,  0.595167
0.7150,  0.605339
0.7155,  0.627976
0.7160,  0.668349
0.7165,  0.715098
0.7170,  0.768778
0.7175,  0.820474
0.7180,  0.872734
0.7185,  0.913347
0.7190,  0.936851
0.7195,  0.943859
0.7200,  0.921450
0.7205,  0.884694
0.7210,  0.835107
0.7215,  0.795419
0.7220,  0.787976
0.7225,  0.796632
0.7230,  0.819465
0.7235,  0.852245
0.7240,  0.886711
0.7245,  0.903356
0.7250,  0.905936
0.7255,  0.904811
0.7260,  0.898600
0.7265,  0.899900
0.7270,  0.902019
0.7275,  0.897141
0.7280,  0.903193
0.7285,  0.905035
0.7290,  0.897746
0.7295,  0.888653
0.7300,  0.875422
0.7305,  0.856193
0.7310,  0.836503
0.7315,  0.819170
0.7320,  0.799130
0.7325,  0.772889
0.7330,  0.745185
0.7335,  0.726249
0.7340,  0.719120
0.7345,  0.712445
0.7350,  0.711871
0.7355,  0.713648
0.7360,  0.711039
0.7365,  0.704174
0.7370,  0.696243
0.7375,  0.688277
0.7380,  0.684236
0.7385,  0.678295
0.7390,  0.678013
0.7395,  0.675321
0.7400,  0.666460
0.7405,  0.657091
0.7410,  0.655100
0.7415,  0.661835
0.7420,  0.662013
0.7425,  0.652935
0.7430,  0.641947
0.7435,  0.635372
0.7440,  0.635024
0.7445,  0.640339
0.7450,  0.653714
0.7455,  0.662063
0.7460,  0.663481
0.7465,  0.664351
0.7470,  0.661228
0.7475,  0.652421
0.7480,  0.647852
0.7485,  0.644359
0.7490,  0.642015
0.7495,  0.641290
0.7500,  0.640024
0.7505,  0.639922
0.7510,  0.647539
0.7515,  0.659996
0.7520,  0.669554
0.7525,  0.680777
0.7530,  0.676696
0.7535,  0.678021
0.7540,  0.672561
0.7545,  0.661393
0.7550,  0.653175
0.7555,  0.651599
0.7560,  0.666659
0.7565,  0.678156
0.7570,  0.680437
0.7575,  0.701884
0.7580,  0.735262
0.7585,  0.810823
0.7590,  0.968822
0.7595,  1.222519
0.7600,  1.570733
0.7605,  1.907264
0.7610,  2.077657
0.7615,  2.046915
0.7620,  2.002675
0.7625,  2.013826
0.7630,  2.045011
0.7635,  2.005428
0.7640,  1.851433
0.7645,  1.636267
0.7650,  1.435612
0.7655,  1.269424
0.7660,  1.138383
0.7665,  1.027714
0.7670,  0.948683
0.7675,  0.897561
0.7680,  0.853798
0.7685,  0.831878
0.7690,  0.817484
0.7695,  0.803544
0.7700,  0.795697
0.7705,  0.780229
0.7710,  0.764400
0.7715,  0.752952
0.7720,  0.748601
0.7725,  0.745021
0.7730,  0.739825
0.7735,  0.741584
0.7740,  0.742089
0.7745,  0.736978
0.7750,  0.740474
0.7755,  0.743346
0.7760,  0.748934
0.7765,  0.755627
0.7770,  0.753595
0.7775,  0.746019
0.7780,  0.744221
0.7785,  0.747592
0.7790,  0.754211
0.7795,  0.773276
0.7800,  0.797977
0.7805,  0.811878
0.7810,  0.801646
0.7815,  0.797822
0.7820,  0.789487
0.7825,  0.779000
0.7830,  0.775635
0.7835,  0.769674
0.7840,  0.770970
0.7845,  0.774919
0.7850,  0.789293
0.7855,  0.791111
0.7860,  0.792193
0.7865,  0.809409
0.7870,  0.826555
0.7875,  0.844531
0.7880,  0.861100
0.7885,  0.862928
0.7890,  0.867883
0.7895,  0.877621
0.7900,  0.868945
0.7905,  0.882421
0.7910,  0.881673
0.7915,  0.891513
0.7920,  0.902878
0.7925,  0.908841
0.7930,  0.916517
0.7935,  0.917850
0.7940,  0.904046
0.7945,  0.877631
0.7950,  0.869269
0.7955,  0.866098
0.7960,  0.892289
0.7965,  0.925099
0.7970,  0.942894
0.7975,  0.934909
0.7980,  0.926353
0.7985,  0.911336
0.7990,  0.910288
0.7995,  0.904294
0.8000,  0.912956
0.8005,  0.910721
0.8010,  0.917245
0.8015,  0.934384
0.8020,  0.948898
0.8025,  0.959458
0.8030,  0.960310
0.8035,  0.974110
0.8040,  0.971775
0.8045,  0.977880
0.8050,  0.978688
0.8055,  0.972404
0.8060,  0.962975
0.8065,  0.963201
0.8070,  0.973556
0.8075,  0.972732
0.8080,  0.965731
0.8085,  0.964810
0.8090,  0.992541
0.8095,  1.031197
0.8100,  1.057031
0.8105,  1.063212
0.8110,  1.060222
0.8115,  1.064712
0.8120,  1.094233
0.8125,  1.169843
0.8130,  1.278402
0.8135,  1.372680
0.8140,  1.438237
0.8145,  1.513951
0.8150,  1.561489
0.8155,  1.620550
0.8160,  1.658297
0.8165,  1.658868
0.8170,  1.661183
0.8175,  1.666359
0.8180,  1.685657
0.8185,  1.692533
0.8190,  1.641908
0.8195,  1.585087
0.8200,  1.496665
0.8205,  1.437004
0.8210,  1.454116
0.8215,  1.499483
0.8220,  1.615709
0.8225,  1.735225
0.8230,  1.825792
0.8235,  1.789621
0.8240,  1.686766
0.8245,  1.602145
0.8250,  1.511902
0.8255,  1.451592
0.8260,  1.412234
0.8265,  1.384095
0.8270,  1.408558
0.8275,  1.459421
0.8280,  1.523943
0.8285,  1.563882
0.8290,  1.552917
0.8295,  1.554615
0.8300,  1.583417
0.8305,  1.603085
0.8310,  1.566145
0.8315,  1.537651
0.8320,  1.532795
0.8325,  1.536716
0.8330,  1.512029
0.8335,  1.468201
0.8340,  1.420546
0.8345,  1.395115
0.8350,  1.390308
0.8355,  1.384036
0.8360,  1.412646
0.8365,  1.408077
0.8370,  1.378382
0.8375,  1.356872
0.8380,  1.318049
0.8385,  1.297447
0.8390,  1.273441
0.8395,  1.273105
0.8400,  1.267459
0.8405,  1.279588
0.8410,  1.278913
0.8415,  1.305976
0.8420,  1.348022
0.8425,  1.368419
0.8430,  1.376616
0.8435,  1.376844
0.8440,  1.369790
0.8445,  1.332958
0.8450,  1.327793
0.8455,  1.342466
0.8460,  1.378341
0.8465,  1.453246
0.8470,  1.478131
0.8475,  1.472596
0.8480,  1.461613
0.8485,  1.426168
0.8490,  1.422220
0.8495,  1.405967
0.8500,  1.419093
0.8505,  1.468831
0.8510,  1.495823
0.8515,  1.540838
0.8520,  1.554729
0.8525,  1.599062
0.8530,  1.679425
0.8535,  1.766639
0.8540,  1.837753
0.8545,  1.904292
0.8550,  1.879421
0.8555,  1.730526
0.8560,  1.687671
0.8565,  1.677533
0.8570,  1.671511
0.8575,  1.639236
0.8580,  1.629205
0.8585,  1.597518
0.8590,  1.632712
0.8595,  1.694189
0.8600,  1.733449
0.8605,  1.730693
0.8610,  1.642900
0.8615,  1.646628
0.8620,  1.648175
0.8625,  1.737411
0.8630,  1.812814
0.8635,  1.849427
0.8640,  1.813237
0.8645,  1.805723
0.8650,  1.855229
0.8655,  1.985992
0.8660,  2.142002
0.8665,  2.146313
0.8670,  2.255314
0.8675,  2.235658
0.8680,  2.192731
0.8685,  2.226886
0.8690,  2.179476
0.8695,  2.125874
0.8700,  2.046365
0.8705,  1.977064
0.8710,  1.915871
0.8715,  1.951752
0.8720,  2.028501
0.8725,  2.230669
0.8730,  2.286601
0.8735,  2.354676
0.8740,  2.571991
0.8745,  2.849912
0.8750,  2.827637
0.8755,  2.790520
0.8760,  2.736136
0.8765,  2.585679
0.8770,  2.769851
0.8775,  3.369517
0.8780,  4.197025
0.8785,  3.788927
0.8790,  3.992640
0.8795,  4.964403
0.8800,  4.930496
0.8805,  3.458310
0.8810,  3.035330
0.8815,  2.961280
0.8820,  3.056668
0.8825,  3.614999
0.8830,  4.146830
0.8835,  4.820081
0.8840,  5.124507
0.8845,  4.699774
0.8850,  Infinity
0.8855,  Infinity
0.8860,  5.350039
0.8865,  5.037195
0.8870,  4.517133
0.8875,  5.703765
0.8880,  Infinity
0.8885,  6.338441
0.8890,  4.904512
0.8895,  6.488843
0.8900,  Infinity
