0.3500,  0.015852
0.3505,  0.069485
0.3510,  0.044252
0.3515,  0.017991
0.3520,  -0.013569
0.3525,  -0.049726
0.3530,  -0.020151
0.3535,  0.008063
0.3540,  0.024871
0.3545,  0.050612
0.3550,  0.035302
0.3555,  0.022878
0.3560,  -0.006612
0.3565,  -0.039138
0.3570,  -0.070583
0.3575,  -0.104770
0.3580,  -0.144273
0.3585,  -0.192957
0.3590,  -0.048956
0.3595,  0.074658
0.3600,  0.060352
0.3605,  0.046260
0.3610,  0.005558
0.3615,  -0.036520
0.3620,  -0.001050
0.3625,  0.035754
0.3630,  0.024729
0.3635,  0.015545
0.3640,  0.008242
0.3645,  -0.004916
0.3650,  0.023074
0.3655,  0.047626
0.3660,  0.053009
0.3665,  0.067684
0.3670,  0.046231
0.3675,  0.024139
0.3680,  -0.006839
0.3685,  -0.039800
0.3690,  -0.000165
0.3695,  0.043801
0.3700,  0.021439
0.3705,  -0.003329
0.3710,  0.016606
0.3715,  0.038200
0.3720,  0.013615
0.3725,  -0.011603
0.3730,  -0.042926
0.3735,  -0.076214
0.3740,  -0.067623
0.3745,  -0.064597
0.3750,  0.006227
0.3755,  0.066954
0.3760,  0.062414
0.3765,  0.050228
0.3770,  0.093539
0.3775,  0.129267
0.3780,  0.122761
0.3785,  0.125265
0.3790,  0.042198
0.3795,  -0.050172
0.3800,  -0.005489
0.3805,  0.044721
0.3810,  0.021397
0.3815,  0.007205
0.3820,  -0.064148
0.3825,  -0.153622
0.3830,  -0.174348
0.3835,  -0.208434
0.3840,  -0.062150
0.3845,  0.049646
0.3850,  0.059925
0.3855,  0.069870
0.3860,  0.056327
0.3865,  0.045762
0.3870,  0.039234
0.3875,  0.033291
0.3880,  0.016935
0.3885,  -0.003851
0.3890,  0.047926
0.3895,  0.089503
0.3900,  0.090087
0.3905,  0.090913
0.3910,  0.106738
0.3915,  0.135741
0.3920,  0.054142
0.3925,  -0.029728
0.3930,  -0.180645
0.3935,  -0.397686
0.3940,  -0.147672
0.3945,  0.030303
0.3950,  0.122176
0.3955,  0.209804
0.3960,  0.070590
0.3965,  -0.104108
0.3970,  -0.082658
0.3975,  -0.080527
0.3980,  0.086971
0.3985,  0.199148
0.3990,  0.179600
0.3995,  0.168238
0.4000,  0.137505
0.4005,  0.110591
0.4010,  0.099340
0.4015,  0.093137
0.4020,  0.081769
0.4025,  0.076704
0.4030,  0.058355
0.4035,  0.040493
0.4040,  0.037465
0.4045,  0.037915
0.4050,  0.038509
0.4055,  0.038138
0.4060,  0.023712
0.4065,  0.011316
0.4070,  0.022417
0.4075,  0.031798
0.4080,  0.056533
0.4085,  0.078250
0.4090,  0.072365
0.4095,  0.066581
0.4100,  0.023689
0.4105,  -0.026246
0.4110,  0.032098
0.4115,  0.085531
0.4120,  0.071235
0.4125,  0.057237
0.4130,  0.048711
0.4135,  0.041256
0.4140,  0.036420
0.4145,  0.028288
0.4150,  0.025462
0.4155,  0.023618
0.4160,  0.043801
0.4165,  0.066603
0.4170,  0.036029
0.4175,  0.001553
0.4180,  0.010201
0.4185,  0.020233
0.4190,  0.025401
0.4195,  0.025463
0.4200,  0.036454
0.4205,  0.050120
0.4210,  0.057372
0.4215,  0.065913
0.4220,  0.023714
0.4225,  -0.021882
0.4230,  0.009825
0.4235,  0.041484
0.4240,  0.049805
0.4245,  0.062023
0.4250,  0.052310
0.4255,  0.037153
0.4260,  0.039291
0.4265,  0.044206
0.4270,  0.019161
0.4275,  -0.003749
0.4280,  0.011821
0.4285,  0.026920
0.4290,  0.017266
0.4295,  0.007632
0.4300,  -0.066375
0.4305,  -0.160958
0.4310,  0.001810
0.4315,  0.121886
0.4320,  0.092368
0.4325,  0.066403
0.4330,  0.072553
0.4335,  0.079746
0.4340,  0.058341
0.4345,  0.035712
0.4350,  0.035412
0.4355,  0.035950
0.4360,  0.069658
0.4365,  0.104843
0.4370,  0.078233
0.4375,  0.055608
0.4380,  0.010704
0.4385,  -0.039387
0.4390,  0.021968
0.4395,  0.076672
0.4400,  0.051934
0.4405,  0.022783
0.4410,  0.059778
0.4415,  0.093030
0.4420,  0.090341
0.4425,  0.086862
0.4430,  0.065248
0.4435,  0.047367
0.4440,  0.058907
0.4445,  0.073183
0.4450,  0.045286
0.4455,  0.014176
0.4460,  0.025496
0.4465,  0.037034
0.4470,  0.068012
0.4475,  0.096183
0.4480,  0.075641
0.4485,  0.050648
0.4490,  0.053148
0.4495,  0.054785
0.4500,  0.066810
0.4505,  0.077357
0.4510,  0.067514
0.4515,  0.058707
0.4520,  0.032195
0.4525,  0.008038
0.4530,  0.019652
0.4535,  0.031095
0.4540,  0.039209
0.4545,  0.045264
0.4550,  0.054528
0.4555,  0.062615
0.4560,  0.064632
0.4565,  0.066896
0.4570,  0.068784
0.4575,  0.071194
0.4580,  0.047248
0.4585,  0.024831
0.4590,  0.036529
0.4595,  0.046188
0.4600,  0.053031
0.4605,  0.059410
0.4610,  0.060716
0.4615,  0.060209
0.4620,  0.065805
0.4625,  0.071109
0.4630,  0.056341
0.4635,  0.047050
0.4640,  0.038679
0.4645,  0.030866
0.4650,  0.048547
0.4655,  0.065837
0.4660,  0.047234
0.4665,  0.030910
0.4670,  0.054714
0.4675,  0.072605
0.4680,  0.068356
0.4685,  0.066532
0.4690,  0.069716
0.4695,  0.073407
0.4700,  0.055138
0.4705,  0.033774
0.4710,  0.059663
0.4715,  0.084845
0.4720,  0.084161
0.4725,  0.086628
0.4730,  0.079318
0.4735,  0.068752
0.4740,  0.076532
0.4745,  0.087061
0.4750,  0.082576
0.4755,  0.077876
0.4760,  0.067307
0.4765,  0.055490
0.4770,  0.077248
0.4775,  0.096642
0.4780,  0.081188
0.4785,  0.067145
0.4790,  0.079584
0.4795,  0.092402
0.4800,  0.085184
0.4805,  0.079610
0.4810,  0.090308
0.4815,  0.099128
0.4820,  0.086493
0.4825,  0.078623
0.4830,  0.079979
0.4835,  0.084162
0.4840,  0.083261
0.4845,  0.086095
0.4850,  0.073404
0.4855,  0.062634
0.4860,  0.035177
0.4865,  -0.004718
0.4870,  0.040780
0.4875,  0.080295
0.4880,  0.090281
0.4885,  0.097237
0.4890,  0.096380
0.4895,  0.096999
0.4900,  0.100384
0.4905,  0.108348
0.4910,  0.089157
0.4915,  0.069853
0.4920,  0.071671
0.4925,  0.071398
0.4930,  0.066460
0.4935,  0.058495
0.4940,  0.087858
0.4945,  0.114185
0.4950,  0.085282
0.4955,  0.057220
0.4960,  0.075454
0.4965,  0.093498
0.4970,  0.095140
0.4975,  0.098641
0.4980,  0.071920
0.4985,  0.043992
0.4990,  0.068399
0.4995,  0.093286
0.5000,  0.077174
0.5005,  0.060924
0.5010,  0.056821
0.5015,  0.048380
0.5020,  0.063945
0.5025,  0.078543
0.5030,  0.085540
0.5035,  0.091096
0.5040,  0.077161
0.5045,  0.059496
0.5050,  0.077055
0.5055,  0.095711
0.5060,  0.085943
0.5065,  0.080090
0.5070,  0.073617
0.5075,  0.065256
0.5080,  0.068370
0.5085,  0.069621
0.5090,  0.068517
0.5095,  0.067309
0.5100,  0.072828
0.5105,  0.078563
0.5110,  0.087160
0.5115,  0.096110
0.5120,  0.072252
0.5125,  0.049539
0.5130,  0.051931
0.5135,  0.054069
0.5140,  0.061347
0.5145,  0.065530
0.5150,  0.073865
0.5155,  0.087849
0.5160,  0.055129
0.5165,  0.020468
0.5170,  0.044653
0.5175,  0.063345
0.5180,  0.048847
0.5185,  0.027503
0.5190,  0.057349
0.5195,  0.085478
0.5200,  0.077028
0.5205,  0.068763
0.5210,  0.078430
0.5215,  0.090961
0.5220,  0.073067
0.5225,  0.054374
0.5230,  0.065742
0.5235,  0.074572
0.5240,  0.081864
0.5245,  0.091708
0.5250,  0.088310
0.5255,  0.088301
0.5260,  0.043787
0.5265,  -0.004483
0.5270,  0.032498
0.5275,  0.062256
0.5280,  0.069972
0.5285,  0.075751
0.5290,  0.074127
0.5295,  0.073670
0.5300,  0.075353
0.5305,  0.077894
0.5310,  0.079449
0.5315,  0.084377
0.5320,  0.052700
0.5325,  0.016397
0.5330,  0.051551
0.5335,  0.082859
0.5340,  0.067378
0.5345,  0.049929
0.5350,  0.071899
0.5355,  0.095256
0.5360,  0.073306
0.5365,  0.052331
0.5370,  0.056593
0.5375,  0.060132
0.5380,  0.066532
0.5385,  0.073945
0.5390,  0.063778
0.5395,  0.053403
0.5400,  0.043911
0.5405,  0.032689
0.5410,  0.056056
0.5415,  0.077873
0.5420,  0.066288
0.5425,  0.053956
0.5430,  0.063474
0.5435,  0.071327
0.5440,  0.069565
0.5445,  0.068895
0.5450,  0.072582
0.5455,  0.075419
0.5460,  0.071663
0.5465,  0.068657
0.5470,  0.061485
0.5475,  0.052646
0.5480,  0.058389
0.5485,  0.063308
0.5490,  0.069098
0.5495,  0.075196
0.5500,  0.069219
0.5505,  0.063772
0.5510,  0.066395
0.5515,  0.069945
0.5520,  0.065583
0.5525,  0.059998
0.5530,  0.065594
0.5535,  0.072309
0.5540,  0.073328
0.5545,  0.074393
0.5550,  0.075657
0.5555,  0.077899
0.5560,  0.065894
0.5565,  0.055608
0.5570,  0.065065
0.5575,  0.074823
0.5580,  0.068213
0.5585,  0.061387
0.5590,  0.066519
0.5595,  0.069550
0.5600,  0.072497
0.5605,  0.074744
0.5610,  0.069997
0.5615,  0.065911
0.5620,  0.070952
0.5625,  0.077209
0.5630,  0.080071
0.5635,  0.082403
0.5640,  0.082493
0.5645,  0.082898
0.5650,  0.074663
0.5655,  0.064466
0.5660,  0.069986
0.5665,  0.075401
0.5670,  0.085848
0.5675,  0.097479
0.5680,  0.082487
0.5685,  0.068955
0.5690,  0.082413
0.5695,  0.096005
0.5700,  0.081125
0.5705,  0.063942
0.5710,  0.073204
0.5715,  0.077753
0.5720,  0.084785
0.5725,  0.092249
0.5730,  0.085973
0.5735,  0.082114
0.5740,  0.081199
0.5745,  0.081778
0.5750,  0.075886
0.5755,  0.068262
0.5760,  0.070905
0.5765,  0.074361
0.5770,  0.077766
0.5775,  0.084435
0.5780,  0.071294
0.5785,  0.056382
0.5790,  0.063838
0.5795,  0.069992
0.5800,  0.067844
0.5805,  0.066462
0.5810,  0.068003
0.5815,  0.071322
0.5820,  0.075030
0.5825,  0.076170
0.5830,  0.071774
0.5835,  0.068178
0.5840,  0.070770
0.5845,  0.075967
0.5850,  0.065511
0.5855,  0.052683
0.5860,  0.064789
0.5865,  0.074959
0.5870,  0.081306
0.5875,  0.094712
0.5880,  0.089347
0.5885,  0.082072
0.5890,  0.058764
0.5895,  0.028870
0.5900,  0.072357
0.5905,  0.111253
0.5910,  0.100659
0.5915,  0.090549
0.5920,  0.089829
0.5925,  0.090027
0.5930,  0.085359
0.5935,  0.084619
0.5940,  0.082617
0.5945,  0.079415
0.5950,  0.081724
0.5955,  0.082798
0.5960,  0.086235
0.5965,  0.089697
0.5970,  0.082561
0.5975,  0.076083
0.5980,  0.071637
0.5985,  0.069335
0.5990,  0.077530
0.5995,  0.083907
0.6000,  0.079718
0.6005,  0.077406
0.6010,  0.079188
0.6015,  0.079025
0.6020,  0.069084
0.6025,  0.056370
0.6030,  0.067069
0.6035,  0.079512
0.6040,  0.077665
0.6045,  0.080103
0.6050,  0.081227
0.6055,  0.078024
0.6060,  0.075571
0.6065,  0.074025
0.6070,  0.075248
0.6075,  0.076794
0.6080,  0.074958
0.6085,  0.074665
0.6090,  0.079508
0.6095,  0.082967
0.6100,  0.075396
0.6105,  0.066127
0.6110,  0.075092
0.6115,  0.085185
0.6120,  0.077824
0.6125,  0.070631
0.6130,  0.067960
0.6135,  0.064442
0.6140,  0.071830
0.6145,  0.081682
0.6150,  0.085182
0.6155,  0.087755
0.6160,  0.064793
0.6165,  0.039378
0.6170,  0.059962
0.6175,  0.080882
0.6180,  0.086095
0.6185,  0.089584
0.6190,  0.088863
0.6195,  0.084704
0.6200,  0.090573
0.6205,  0.096105
0.6210,  0.086869
0.6215,  0.077399
0.6220,  0.084247
0.6225,  0.093392
0.6230,  0.086152
0.6235,  0.080347
0.6240,  0.083100
0.6245,  0.083099
0.6250,  0.077509
0.6255,  0.069957
0.6260,  0.082322
0.6265,  0.096371
0.6270,  0.097510
0.6275,  0.099325
0.6280,  0.103067
0.6285,  0.107680
0.6290,  0.108603
0.6295,  0.109593
0.6300,  0.105961
0.6305,  0.098743
0.6310,  0.090620
0.6315,  0.087404
0.6320,  0.082965
0.6325,  0.081336
0.6330,  0.082708
0.6335,  0.083957
0.6340,  0.086622
0.6345,  0.090715
0.6350,  0.094650
0.6355,  0.095793
0.6360,  0.092931
0.6365,  0.089682
0.6370,  0.086276
0.6375,  0.084689
0.6380,  0.085929
0.6385,  0.086944
0.6390,  0.087507
0.6395,  0.083435
0.6400,  0.082921
0.6405,  0.080328
0.6410,  0.076170
0.6415,  0.076916
0.6420,  0.075836
0.6425,  0.075045
0.6430,  0.074201
0.6435,  0.074715
0.6440,  0.075795
0.6445,  0.080740
0.6450,  0.088864
0.6455,  0.092122
0.6460,  0.094132
0.6465,  0.094342
0.6470,  0.093613
0.6475,  0.090746
0.6480,  0.089208
0.6485,  0.086936
0.6490,  0.085592
0.6495,  0.091003
0.6500,  0.094762
0.6505,  0.099243
0.6510,  0.104395
0.6515,  0.103953
0.6520,  0.100725
0.6525,  0.096796
0.6530,  0.093351
0.6535,  0.084431
0.6540,  0.081362
0.6545,  0.087017
0.6550,  0.097990
0.6555,  0.100032
0.6560,  0.089337
0.6565,  0.064152
0.6570,  0.030857
0.6575,  0.038357
0.6580,  0.047972
0.6585,  0.059077
0.6590,  0.073094
0.6595,  0.070693
0.6600,  0.068726
0.6605,  0.065787
0.6610,  0.064658
0.6615,  0.062122
0.6620,  0.061128
0.6625,  0.061510
0.6630,  0.060451
0.6635,  0.063671
0.6640,  0.064353
0.6645,  0.065843
0.6650,  0.065599
0.6655,  0.062759
0.6660,  0.061353
0.6665,  0.060459
0.6670,  0.059034
0.6675,  0.063489
0.6680,  0.062524
0.6685,  0.063131
0.6690,  0.063912
0.6695,  0.061129
0.6700,  0.060076
0.6705,  0.058945
0.6710,  0.056514
0.6715,  0.058080
0.6720,  0.057243
0.6725,  0.055884
0.6730,  0.055870
0.6735,  0.054161
0.6740,  0.051810
0.6745,  0.049748
0.6750,  0.049720
0.6755,  0.051341
0.6760,  0.053494
0.6765,  0.057181
0.6770,  0.057760
0.6775,  0.055631
0.6780,  0.054617
0.6785,  0.055015
0.6790,  0.054174
0.6795,  0.052599
0.6800,  0.053497
0.6805,  0.052972
0.6810,  0.052919
0.6815,  0.053694
0.6820,  0.055186
0.6825,  0.057642
0.6830,  0.059455
0.6835,  0.060897
0.6840,  0.063326
0.6845,  0.064495
0.6850,  0.067398
0.6855,  0.086152
0.6860,  0.115563
0.6865,  0.147664
0.6870,  0.169759
0.6875,  0.170573
0.6880,  0.169704
0.6885,  0.162971
0.6890,  0.157667
0.6895,  0.149495
0.6900,  0.142736
0.6905,  0.133437
0.6910,  0.127286
0.6915,  0.120198
0.6920,  0.116931
0.6925,  0.116246
0.6930,  0.118334
0.6935,  0.118397
0.6940,  0.118792
0.6945,  0.116995
0.6950,  0.113207
0.6955,  0.104617
0.6960,  0.094960
0.6965,  0.090143
0.6970,  0.087783
0.6975,  0.091948
0.6980,  0.095794
0.6985,  0.098142
0.6990,  0.101931
0.6995,  0.102388
0.7000,  0.100523
0.7005,  0.102170
0.7010,  0.099729
0.7015,  0.104213
0.7020,  0.103571
0.7025,  0.100843
0.7030,  0.096522
0.7035,  0.097815
0.7040,  0.101359
0.7045,  0.106885
0.7050,  0.110327
0.7055,  0.107623
0.7060,  0.103384
0.7065,  0.094722
0.7070,  0.091223
0.7075,  0.087653
0.7080,  0.085782
0.7085,  0.087128
0.7090,  0.087293
0.7095,  0.087198
0.7100,  0.087566
0.7105,  0.088059
0.7110,  0.092131
0.7115,  0.090919
0.7120,  0.086982
0.7125,  0.088284
0.7130,  0.087727
0.7135,  0.086857
0.7140,  0.091131
0.7145,  0.095912
0.7150,  0.102438
0.7155,  0.115543
0.7160,  0.137858
0.7165,  0.166460
0.7170,  0.194812
0.7175,  0.216426
0.7180,  0.234667
0.7185,  0.248745
0.7190,  0.255127
0.7195,  0.256229
0.7200,  0.240788
0.7205,  0.215955
0.7210,  0.190531
0.7215,  0.174467
0.7220,  0.176178
0.7225,  0.187034
0.7230,  0.206839
0.7235,  0.224241
0.7240,  0.241291
0.7245,  0.245519
0.7250,  0.244579
0.7255,  0.237591
0.7260,  0.230731
0.7265,  0.225410
0.7270,  0.221597
0.7275,  0.219571
0.7280,  0.221390
0.7285,  0.214937
0.7290,  0.212521
0.7295,  0.212444
0.7300,  0.205212
0.7305,  0.202078
0.7310,  0.195608
0.7315,  0.182922
0.7320,  0.168761
0.7325,  0.154512
0.7330,  0.141934
0.7335,  0.127850
0.7340,  0.121115
0.7345,  0.118816
0.7350,  0.118395
0.7355,  0.117825
0.7360,  0.113864
0.7365,  0.106990
0.7370,  0.108639
0.7375,  0.106526
0.7380,  0.100521
0.7385,  0.095569
0.7390,  0.090878
0.7395,  0.084863
0.7400,  0.079700
0.7405,  0.079421
0.7410,  0.078639
0.7415,  0.082189
0.7420,  0.083797
0.7425,  0.087020
0.7430,  0.088312
0.7435,  0.083130
0.7440,  0.081262
0.7445,  0.077993
0.7450,  0.072709
0.7455,  0.073165
0.7460,  0.073204
0.7465,  0.073034
0.7470,  0.072656
0.7475,  0.070401
0.7480,  0.070707
0.7485,  0.074508
0.7490,  0.073425
0.7495,  0.071119
0.7500,  0.070492
0.7505,  0.072808
0.7510,  0.075138
0.7515,  0.075326
0.7520,  0.077710
0.7525,  0.079820
0.7530,  0.077308
0.7535,  0.070414
0.7540,  0.069321
0.7545,  0.067876
0.7550,  0.070656
0.7555,  0.070097
0.7560,  0.070668
0.7565,  0.070390
0.7570,  0.072313
0.7575,  0.080043
0.7580,  0.105036
0.7585,  0.163449
0.7590,  0.260259
0.7595,  0.383829
0.7600,  0.509009
0.7605,  0.579990
0.7610,  0.585051
0.7615,  0.559859
0.7620,  0.540377
0.7625,  0.534165
0.7630,  0.519919
0.7635,  0.487257
0.7640,  0.445755
0.7645,  0.389819
0.7650,  0.343800
0.7655,  0.295140
0.7660,  0.245725
0.7665,  0.194818
0.7670,  0.152636
0.7675,  0.123705
0.7680,  0.108870
0.7685,  0.104476
0.7690,  0.104430
0.7695,  0.100096
0.7700,  0.093750
0.7705,  0.088147
0.7710,  0.083425
0.7715,  0.083367
0.7720,  0.084353
0.7725,  0.079542
0.7730,  0.075873
0.7735,  0.067157
0.7740,  0.064294
0.7745,  0.058426
0.7750,  0.059260
0.7755,  0.061984
0.7760,  0.061775
0.7765,  0.070308
0.7770,  0.076823
0.7775,  0.078819
0.7780,  0.080901
0.7785,  0.084167
0.7790,  0.076968
0.7795,  0.074187
0.7800,  0.070748
0.7805,  0.066433
0.7810,  0.065309
0.7815,  0.066276
0.7820,  0.064060
0.7825,  0.065547
0.7830,  0.068088
0.7835,  0.067518
0.7840,  0.067769
0.7845,  0.067796
0.7850,  0.068642
0.7855,  0.063319
0.7860,  0.060826
0.7865,  0.065737
0.7870,  0.073460
0.7875,  0.078784
0.7880,  0.085969
0.7885,  0.090202
0.7890,  0.092391
0.7895,  0.088375
0.7900,  0.086086
0.7905,  0.087318
0.7910,  0.088179
0.7915,  0.085450
0.7920,  0.084200
0.7925,  0.082468
0.7930,  0.087275
0.7935,  0.091033
0.7940,  0.085967
0.7945,  0.080876
0.7950,  0.078586
0.7955,  0.074752
0.7960,  0.075735
0.7965,  0.081123
0.7970,  0.083682
0.7975,  0.085834
0.7980,  0.082806
0.7985,  0.077132
0.7990,  0.074489
0.7995,  0.078204
0.8000,  0.086762
0.8005,  0.092202
0.8010,  0.093883
0.8015,  0.093011
0.8020,  0.083799
0.8025,  0.076484
0.8030,  0.079536
0.8035,  0.085949
0.8040,  0.088459
0.8045,  0.088655
0.8050,  0.088787
0.8055,  0.088953
0.8060,  0.080863
0.8065,  0.076875
0.8070,  0.075495
0.8075,  0.070623
0.8080,  0.069672
0.8085,  0.070735
0.8090,  0.069845
0.8095,  0.076043
0.8100,  0.089526
0.8105,  0.101979
0.8110,  0.114137
0.8115,  0.124962
0.8120,  0.137728
0.8125,  0.146905
0.8130,  0.158876
0.8135,  0.167111
0.8140,  0.182171
0.8145,  0.200474
0.8150,  0.221309
0.8155,  0.234104
0.8160,  0.243553
0.8165,  0.248441
0.8170,  0.248310
0.8175,  0.244110
0.8180,  0.237092
0.8185,  0.222178
0.8190,  0.202127
0.8195,  0.193321
0.8200,  0.178226
0.8205,  0.156775
0.8210,  0.158329
0.8215,  0.182839
0.8220,  0.218274
0.8225,  0.255441
0.8230,  0.253291
0.8235,  0.233955
0.8240,  0.204260
0.8245,  0.179321
0.8250,  0.161969
0.8255,  0.150571
0.8260,  0.157280
0.8265,  0.155738
0.8270,  0.161260
0.8275,  0.175803
0.8280,  0.191338
0.8285,  0.197566
0.8290,  0.190713
0.8295,  0.181007
0.8300,  0.172506
0.8305,  0.164179
0.8310,  0.149177
0.8315,  0.147144
0.8320,  0.146957
0.8325,  0.150467
0.8330,  0.150276
0.8335,  0.144266
0.8340,  0.139491
0.8345,  0.139992
0.8350,  0.136534
0.8355,  0.125357
0.8360,  0.111469
0.8365,  0.095047
0.8370,  0.091264
0.8375,  0.088299
0.8380,  0.090709
0.8385,  0.088631
0.8390,  0.095006
0.8395,  0.089120
0.8400,  0.081191
0.8405,  0.070595
0.8410,  0.066367
0.8415,  0.065502
0.8420,  0.059531
0.8425,  0.058648
0.8430,  0.054767
0.8435,  0.051689
0.8440,  0.054675
0.8445,  0.059581
0.8450,  0.057986
0.8455,  0.057721
0.8460,  0.062822
0.8465,  0.060369
0.8470,  0.055454
0.8475,  0.051659
0.8480,  0.052879
0.8485,  0.048950
0.8490,  0.044827
0.8495,  0.041697
0.8500,  0.024275
0.8505,  0.030666
0.8510,  0.037968
0.8515,  0.046702
0.8520,  0.047220
0.8525,  0.034883
0.8530,  0.036752
0.8535,  0.035500
0.8540,  0.019687
0.8545,  0.041563
0.8550,  0.044346
0.8555,  0.055133
0.8560,  0.068567
0.8565,  0.069845
0.8570,  0.071168
0.8575,  0.069309
0.8580,  0.066764
0.8585,  0.062732
0.8590,  0.048885
0.8595,  0.037491
0.8600,  0.033574
0.8605,  0.045504
0.8610,  0.050853
0.8615,  0.053545
0.8620,  0.054897
0.8625,  0.057122
0.8630,  0.049009
0.8635,  0.038706
0.8640,  0.038680
0.8645,  0.028578
0.8650,  0.016245
0.8655,  0.014615
0.8660,  0.002140
0.8665,  0.014274
0.8670,  0.030532
0.8675,  0.039544
0.8680,  0.033889
0.8685,  0.035461
0.8690,  0.041647
0.8695,  0.042214
0.8700,  0.051043
0.8705,  0.040443
0.8710,  0.047779
0.8715,  0.052647
0.8720,  0.062875
0.8725,  0.065571
0.8730,  0.067171
0.8735,  0.066224
0.8740,  0.060887
0.8745,  0.052145
0.8750,  0.046994
0.8755,  0.042224
0.8760,  0.032107
0.8765,  0.028596
0.8770,  0.027429
0.8775,  0.046658
0.8780,  0.065938
0.8785,  0.064704
0.8790,  0.059327
0.8795,  0.051822
0.8800,  0.044378
0.8805,  0.041181
0.8810,  0.030546
0.8815,  0.020859
0.8820,  0.019565
0.8825,  0.019454
0.8830,  0.018141
0.8835,  0.025177
0.8840,  0.031917
0.8845,  0.034362
0.8850,  0.038670
0.8855,  0.037173
0.8860,  0.040663
0.8865,  0.044313
0.8870,  0.040175
0.8875,  0.038726
0.8880,  0.040630
0.8885,  0.042202
0.8890,  0.056274
0.8895,  0.061221
0.8900,  0.064943
