0.3500,  1.026952
0.3505,  1.070248
0.3510,  1.019175
0.3515,  0.957780
0.3520,  0.900164
0.3525,  0.849584
0.3530,  0.868682
0.3535,  0.872546
0.3540,  0.867927
0.3545,  0.900286
0.3550,  0.872909
0.3555,  0.862575
0.3560,  0.818404
0.3565,  0.807750
0.3570,  0.832608
0.3575,  0.817771
0.3580,  0.797611
0.3585,  0.734703
0.3590,  0.883503
0.3595,  0.996670
0.3600,  0.965728
0.3605,  0.929705
0.3610,  0.879876
0.3615,  0.809399
0.3620,  0.851037
0.3625,  0.872940
0.3630,  0.856782
0.3635,  0.833661
0.3640,  0.803360
0.3645,  0.775913
0.3650,  0.793468
0.3655,  0.805837
0.3660,  0.797048
0.3665,  0.797701
0.3670,  0.757477
0.3675,  0.731640
0.3680,  0.695318
0.3685,  0.657580
0.3690,  0.694989
0.3695,  0.745161
0.3700,  0.718271
0.3705,  0.691828
0.3710,  0.708731
0.3715,  0.726535
0.3720,  0.700069
0.3725,  0.682350
0.3730,  0.657807
0.3735,  0.629161
0.3740,  0.641052
0.3745,  0.642330
0.3750,  0.710668
0.3755,  0.763616
0.3760,  0.757209
0.3765,  0.740316
0.3770,  0.773112
0.3775,  0.799443
0.3780,  0.787265
0.3785,  0.786735
0.3790,  0.687646
0.3795,  0.583068
0.3800,  0.634205
0.3805,  0.691736
0.3810,  0.675705
0.3815,  0.675057
0.3820,  0.610611
0.3825,  0.523989
0.3830,  0.513300
0.3835,  0.483821
0.3840,  0.644481
0.3845,  0.771725
0.3850,  0.787594
0.3855,  0.797472
0.3860,  0.774638
0.3865,  0.753875
0.3870,  0.741911
0.3875,  0.729078
0.3880,  0.697166
0.3885,  0.652889
0.3890,  0.689423
0.3895,  0.721371
0.3900,  0.710620
0.3905,  0.701456
0.3910,  0.716046
0.3915,  0.752772
0.3920,  0.670599
0.3925,  0.595475
0.3930,  0.453767
0.3935,  0.234050
0.3940,  0.514256
0.3945,  0.701994
0.3950,  0.787090
0.3955,  0.875856
0.3960,  0.726453
0.3965,  0.530238
0.3970,  0.541704
0.3975,  0.528670
0.3980,  0.683408
0.3985,  0.781031
0.3990,  0.745174
0.3995,  0.718473
0.4000,  0.665867
0.4005,  0.618053
0.4010,  0.590639
0.4015,  0.574910
0.4020,  0.555326
0.4025,  0.545146
0.4030,  0.520787
0.4035,  0.497172
0.4040,  0.490060
0.4045,  0.486755
0.4050,  0.486907
0.4055,  0.490051
0.4060,  0.478203
0.4065,  0.465731
0.4070,  0.477750
0.4075,  0.488527
0.4080,  0.513589
0.4085,  0.534614
0.4090,  0.529183
0.4095,  0.524820
0.4100,  0.479365
0.4105,  0.429167
0.4110,  0.486650
0.4115,  0.538978
0.4120,  0.521668
0.4125,  0.506194
0.4130,  0.494071
0.4135,  0.483635
0.4140,  0.477823
0.4145,  0.468347
0.4150,  0.461706
0.4155,  0.459565
0.4160,  0.479972
0.4165,  0.502037
0.4170,  0.462970
0.4175,  0.419939
0.4180,  0.428417
0.4185,  0.439674
0.4190,  0.452021
0.4195,  0.458230
0.4200,  0.471766
0.4205,  0.485064
0.4210,  0.490845
0.4215,  0.495310
0.4220,  0.450864
0.4225,  0.400848
0.4230,  0.429649
0.4235,  0.462327
0.4240,  0.478151
0.4245,  0.495979
0.4250,  0.480095
0.4255,  0.462452
0.4260,  0.467058
0.4265,  0.473492
0.4270,  0.444752
0.4275,  0.417876
0.4280,  0.430704
0.4285,  0.447131
0.4290,  0.443577
0.4295,  0.443954
0.4300,  0.371430
0.4305,  0.273749
0.4310,  0.449973
0.4315,  0.579081
0.4320,  0.546600
0.4325,  0.508787
0.4330,  0.506753
0.4335,  0.508152
0.4340,  0.480357
0.4345,  0.452003
0.4350,  0.447249
0.4355,  0.442276
0.4360,  0.475530
0.4365,  0.511265
0.4370,  0.481042
0.4375,  0.459402
0.4380,  0.413430
0.4385,  0.357700
0.4390,  0.421874
0.4395,  0.480991
0.4400,  0.453888
0.4405,  0.420218
0.4410,  0.457361
0.4415,  0.486759
0.4420,  0.479713
0.4425,  0.472803
0.4430,  0.444776
0.4435,  0.425292
0.4440,  0.437280
0.4445,  0.449349
0.4450,  0.419661
0.4455,  0.386373
0.4460,  0.402826
0.4465,  0.416189
0.4470,  0.447011
0.4475,  0.477478
0.4480,  0.446542
0.4485,  0.415417
0.4490,  0.416381
0.4495,  0.416146
0.4500,  0.429655
0.4505,  0.443081
0.4510,  0.434564
0.4515,  0.429009
0.4520,  0.400618
0.4525,  0.374749
0.4530,  0.387242
0.4535,  0.398826
0.4540,  0.408007
0.4545,  0.412375
0.4550,  0.420873
0.4555,  0.427777
0.4560,  0.424420
0.4565,  0.427982
0.4570,  0.427013
0.4575,  0.428730
0.4580,  0.406761
0.4585,  0.381512
0.4590,  0.392629
0.4595,  0.401956
0.4600,  0.406152
0.4605,  0.410934
0.4610,  0.413314
0.4615,  0.411656
0.4620,  0.416178
0.4625,  0.421973
0.4630,  0.405639
0.4635,  0.394981
0.4640,  0.386943
0.4645,  0.380292
0.4650,  0.401295
0.4655,  0.420819
0.4660,  0.402957
0.4665,  0.382649
0.4670,  0.406233
0.4675,  0.426867
0.4680,  0.419133
0.4685,  0.411547
0.4690,  0.410678
0.4695,  0.414790
0.4700,  0.395316
0.4705,  0.372517
0.4710,  0.399356
0.4715,  0.427585
0.4720,  0.425851
0.4725,  0.423783
0.4730,  0.413657
0.4735,  0.401947
0.4740,  0.408285
0.4745,  0.416820
0.4750,  0.410011
0.4755,  0.402922
0.4760,  0.388171
0.4765,  0.373524
0.4770,  0.395991
0.4775,  0.415744
0.4780,  0.395611
0.4785,  0.377772
0.4790,  0.388358
0.4795,  0.397923
0.4800,  0.387092
0.4805,  0.379657
0.4810,  0.389433
0.4815,  0.399390
0.4820,  0.384460
0.4825,  0.375247
0.4830,  0.373502
0.4835,  0.376013
0.4840,  0.374435
0.4845,  0.377886
0.4850,  0.365074
0.4855,  0.354883
0.4860,  0.327219
0.4865,  0.286425
0.4870,  0.336279
0.4875,  0.377374
0.4880,  0.385058
0.4885,  0.390507
0.4890,  0.387926
0.4895,  0.386613
0.4900,  0.387470
0.4905,  0.393748
0.4910,  0.372193
0.4915,  0.351438
0.4920,  0.351304
0.4925,  0.347835
0.4930,  0.340292
0.4935,  0.332716
0.4940,  0.361760
0.4945,  0.390382
0.4950,  0.359490
0.4955,  0.329684
0.4960,  0.347479
0.4965,  0.365232
0.4970,  0.367054
0.4975,  0.371928
0.4980,  0.344331
0.4985,  0.314390
0.4990,  0.339333
0.4995,  0.362968
0.5000,  0.343385
0.5005,  0.323762
0.5010,  0.318279
0.5015,  0.309952
0.5020,  0.327718
0.5025,  0.344203
0.5030,  0.350281
0.5035,  0.358672
0.5040,  0.344898
0.5045,  0.325403
0.5050,  0.343534
0.5055,  0.362241
0.5060,  0.352872
0.5065,  0.347012
0.5070,  0.338423
0.5075,  0.330064
0.5080,  0.333775
0.5085,  0.334679
0.5090,  0.332026
0.5095,  0.328764
0.5100,  0.332809
0.5105,  0.337754
0.5110,  0.347283
0.5115,  0.357218
0.5120,  0.331147
0.5125,  0.306755
0.5130,  0.309698
0.5135,  0.311109
0.5140,  0.317697
0.5145,  0.322265
0.5150,  0.331590
0.5155,  0.346310
0.5160,  0.311429
0.5165,  0.273442
0.5170,  0.299863
0.5175,  0.321360
0.5180,  0.305092
0.5185,  0.280475
0.5190,  0.312795
0.5195,  0.343569
0.5200,  0.334151
0.5205,  0.325221
0.5210,  0.334099
0.5215,  0.345920
0.5220,  0.324346
0.5225,  0.302001
0.5230,  0.314037
0.5235,  0.323050
0.5240,  0.332544
0.5245,  0.343873
0.5250,  0.339971
0.5255,  0.339521
0.5260,  0.292963
0.5265,  0.242219
0.5270,  0.282657
0.5275,  0.314114
0.5280,  0.320939
0.5285,  0.325833
0.5290,  0.320982
0.5295,  0.317482
0.5300,  0.318777
0.5305,  0.322062
0.5310,  0.323006
0.5315,  0.330316
0.5320,  0.295459
0.5325,  0.257044
0.5330,  0.295202
0.5335,  0.330470
0.5340,  0.314039
0.5345,  0.293816
0.5350,  0.316156
0.5355,  0.340872
0.5360,  0.316781
0.5365,  0.293673
0.5370,  0.298308
0.5375,  0.303161
0.5380,  0.310979
0.5385,  0.320115
0.5390,  0.309477
0.5395,  0.298712
0.5400,  0.288115
0.5405,  0.277017
0.5410,  0.303057
0.5415,  0.326965
0.5420,  0.313876
0.5425,  0.301130
0.5430,  0.311527
0.5435,  0.318382
0.5440,  0.313752
0.5445,  0.311149
0.5450,  0.315614
0.5455,  0.320496
0.5460,  0.317975
0.5465,  0.315654
0.5470,  0.308048
0.5475,  0.297785
0.5480,  0.302870
0.5485,  0.307833
0.5490,  0.314810
0.5495,  0.321432
0.5500,  0.313178
0.5505,  0.304832
0.5510,  0.306770
0.5515,  0.308113
0.5520,  0.304671
0.5525,  0.300899
0.5530,  0.308861
0.5535,  0.316452
0.5540,  0.317744
0.5545,  0.320130
0.5550,  0.321206
0.5555,  0.324127
0.5560,  0.311418
0.5565,  0.299427
0.5570,  0.309309
0.5575,  0.320229
0.5580,  0.311871
0.5585,  0.301191
0.5590,  0.307146
0.5595,  0.311400
0.5600,  0.316110
0.5605,  0.319526
0.5610,  0.314784
0.5615,  0.309721
0.5620,  0.313725
0.5625,  0.319564
0.5630,  0.322368
0.5635,  0.325615
0.5640,  0.325058
0.5645,  0.326603
0.5650,  0.317877
0.5655,  0.307078
0.5660,  0.311445
0.5665,  0.315613
0.5670,  0.328312
0.5675,  0.342316
0.5680,  0.328879
0.5685,  0.314040
0.5690,  0.327440
0.5695,  0.342597
0.5700,  0.324740
0.5705,  0.303291
0.5710,  0.313196
0.5715,  0.316884
0.5720,  0.325430
0.5725,  0.336643
0.5730,  0.331387
0.5735,  0.327748
0.5740,  0.326807
0.5745,  0.325787
0.5750,  0.318825
0.5755,  0.312229
0.5760,  0.317334
0.5765,  0.321532
0.5770,  0.325508
0.5775,  0.329627
0.5780,  0.313848
0.5785,  0.294670
0.5790,  0.302214
0.5795,  0.309790
0.5800,  0.308756
0.5805,  0.308883
0.5810,  0.310850
0.5815,  0.314271
0.5820,  0.318775
0.5825,  0.319090
0.5830,  0.313886
0.5835,  0.310632
0.5840,  0.313295
0.5845,  0.319693
0.5850,  0.308170
0.5855,  0.294461
0.5860,  0.308529
0.5865,  0.323293
0.5870,  0.333938
0.5875,  0.352477
0.5880,  0.347611
0.5885,  0.339460
0.5890,  0.317618
0.5895,  0.287131
0.5900,  0.335229
0.5905,  0.379281
0.5910,  0.368414
0.5915,  0.356105
0.5920,  0.353605
0.5925,  0.352865
0.5930,  0.347964
0.5935,  0.346802
0.5940,  0.343669
0.5945,  0.341133
0.5950,  0.345561
0.5955,  0.345658
0.5960,  0.347540
0.5965,  0.349327
0.5970,  0.341401
0.5975,  0.335611
0.5980,  0.329468
0.5985,  0.325228
0.5990,  0.330955
0.5995,  0.339317
0.6000,  0.335115
0.6005,  0.330141
0.6010,  0.331368
0.6015,  0.329541
0.6020,  0.317744
0.6025,  0.306289
0.6030,  0.319334
0.6035,  0.333158
0.6040,  0.330473
0.6045,  0.330853
0.6050,  0.329462
0.6055,  0.326055
0.6060,  0.323265
0.6065,  0.323937
0.6070,  0.326001
0.6075,  0.328614
0.6080,  0.328986
0.6085,  0.328969
0.6090,  0.331843
0.6095,  0.333311
0.6100,  0.323950
0.6105,  0.312810
0.6110,  0.322156
0.6115,  0.333096
0.6120,  0.326708
0.6125,  0.320925
0.6130,  0.320665
0.6135,  0.320001
0.6140,  0.330562
0.6145,  0.338983
0.6150,  0.342315
0.6155,  0.344851
0.6160,  0.321171
0.6165,  0.294913
0.6170,  0.317506
0.6175,  0.338427
0.6180,  0.341877
0.6185,  0.346351
0.6190,  0.344845
0.6195,  0.338976
0.6200,  0.346008
0.6205,  0.354180
0.6210,  0.343856
0.6215,  0.334283
0.6220,  0.340970
0.6225,  0.349318
0.6230,  0.341384
0.6235,  0.338286
0.6240,  0.344609
0.6245,  0.346262
0.6250,  0.343018
0.6255,  0.336633
0.6260,  0.352047
0.6265,  0.367668
0.6270,  0.365169
0.6275,  0.366882
0.6280,  0.370185
0.6285,  0.377580
0.6290,  0.380274
0.6295,  0.379646
0.6300,  0.374596
0.6305,  0.365893
0.6310,  0.356631
0.6315,  0.353029
0.6320,  0.350802
0.6325,  0.349119
0.6330,  0.350797
0.6335,  0.352052
0.6340,  0.353584
0.6345,  0.357983
0.6350,  0.360867
0.6355,  0.363877
0.6360,  0.362875
0.6365,  0.358523
0.6370,  0.355115
0.6375,  0.351464
0.6380,  0.351905
0.6385,  0.354458
0.6390,  0.356397
0.6395,  0.354758
0.6400,  0.354339
0.6405,  0.351995
0.6410,  0.348199
0.6415,  0.349725
0.6420,  0.349173
0.6425,  0.346523
0.6430,  0.345608
0.6435,  0.348809
0.6440,  0.351397
0.6445,  0.356277
0.6450,  0.365943
0.6455,  0.372805
0.6460,  0.378328
0.6465,  0.381421
0.6470,  0.380987
0.6475,  0.381233
0.6480,  0.382050
0.6485,  0.378517
0.6490,  0.375329
0.6495,  0.379680
0.6500,  0.382083
0.6505,  0.385174
0.6510,  0.390498
0.6515,  0.389447
0.6520,  0.386736
0.6525,  0.382247
0.6530,  0.380011
0.6535,  0.373710
0.6540,  0.373570
0.6545,  0.383405
0.6550,  0.397656
0.6555,  0.399239
0.6560,  0.387055
0.6565,  0.359039
0.6570,  0.322404
0.6575,  0.328516
0.6580,  0.339676
0.6585,  0.351990
0.6590,  0.364642
0.6595,  0.359451
0.6600,  0.353276
0.6605,  0.349186
0.6610,  0.349987
0.6615,  0.349788
0.6620,  0.350847
0.6625,  0.350210
0.6630,  0.348973
0.6635,  0.348517
0.6640,  0.349235
0.6645,  0.352620
0.6650,  0.355747
0.6655,  0.352893
0.6660,  0.347323
0.6665,  0.345550
0.6670,  0.343889
0.6675,  0.343361
0.6680,  0.340872
0.6685,  0.344485
0.6690,  0.348031
0.6695,  0.345848
0.6700,  0.342784
0.6705,  0.346066
0.6710,  0.346219
0.6715,  0.351338
0.6720,  0.356344
0.6725,  0.359120
0.6730,  0.357246
0.6735,  0.353439
0.6740,  0.356198
0.6745,  0.353789
0.6750,  0.350197
0.6755,  0.348168
0.6760,  0.351896
0.6765,  0.354972
0.6770,  0.355132
0.6775,  0.351328
0.6780,  0.349967
0.6785,  0.348957
0.6790,  0.349720
0.6795,  0.353226
0.6800,  0.358716
0.6805,  0.360900
0.6810,  0.361429
0.6815,  0.361103
0.6820,  0.361655
0.6825,  0.363587
0.6830,  0.370814
0.6835,  0.375651
0.6840,  0.376264
0.6845,  0.377150
0.6850,  0.385022
0.6855,  0.410408
0.6860,  0.445500
0.6865,  0.482506
0.6870,  0.506144
0.6875,  0.511703
0.6880,  0.509550
0.6885,  0.505210
0.6890,  0.500573
0.6895,  0.494331
0.6900,  0.486754
0.6905,  0.478595
0.6910,  0.476554
0.6915,  0.474435
0.6920,  0.475763
0.6925,  0.477660
0.6930,  0.484364
0.6935,  0.489461
0.6940,  0.492116
0.6945,  0.484678
0.6950,  0.475893
0.6955,  0.461646
0.6960,  0.451622
0.6965,  0.442727
0.6970,  0.437794
0.6975,  0.442095
0.6980,  0.454563
0.6985,  0.465789
0.6990,  0.476679
0.6995,  0.480639
0.7000,  0.481141
0.7005,  0.478122
0.7010,  0.475902
0.7015,  0.473582
0.7020,  0.472559
0.7025,  0.468743
0.7030,  0.464220
0.7035,  0.466057
0.7040,  0.466246
0.7045,  0.464932
0.7050,  0.468792
0.7055,  0.461807
0.7060,  0.454552
0.7065,  0.449265
0.7070,  0.445369
0.7075,  0.444877
0.7080,  0.447520
0.7085,  0.449154
0.7090,  0.454800
0.7095,  0.457731
0.7100,  0.455603
0.7105,  0.452635
0.7110,  0.453206
0.7115,  0.451505
0.7120,  0.454762
0.7125,  0.460172
0.7130,  0.461591
0.7135,  0.464690
0.7140,  0.468888
0.7145,  0.474939
0.7150,  0.490127
0.7155,  0.515939
0.7160,  0.562240
0.7165,  0.612877
0.7170,  0.666057
0.7175,  0.711207
0.7180,  0.748700
0.7185,  0.778950
0.7190,  0.792807
0.7195,  0.791915
0.7200,  0.763944
0.7205,  0.722156
0.7210,  0.680075
0.7215,  0.646904
0.7220,  0.639220
0.7225,  0.651634
0.7230,  0.680508
0.7235,  0.707080
0.7240,  0.726249
0.7245,  0.734365
0.7250,  0.736988
0.7255,  0.736773
0.7260,  0.739779
0.7265,  0.749132
0.7270,  0.755731
0.7275,  0.751334
0.7280,  0.745084
0.7285,  0.741187
0.7290,  0.733711
0.7295,  0.729572
0.7300,  0.723619
0.7305,  0.710724
0.7310,  0.697692
0.7315,  0.677234
0.7320,  0.656422
0.7325,  0.627946
0.7330,  0.596736
0.7335,  0.575980
0.7340,  0.565000
0.7345,  0.559228
0.7350,  0.559678
0.7355,  0.561236
0.7360,  0.557349
0.7365,  0.553478
0.7370,  0.541635
0.7375,  0.529353
0.7380,  0.530459
0.7385,  0.529237
0.7390,  0.524750
0.7395,  0.520928
0.7400,  0.517458
0.7405,  0.509715
0.7410,  0.499770
0.7415,  0.496801
0.7420,  0.499571
0.7425,  0.498783
0.7430,  0.499655
0.7435,  0.491744
0.7440,  0.487315
0.7445,  0.487374
0.7450,  0.482533
0.7455,  0.483196
0.7460,  0.482433
0.7465,  0.480936
0.7470,  0.479641
0.7475,  0.477119
0.7480,  0.477625
0.7485,  0.480262
0.7490,  0.480632
0.7495,  0.487916
0.7500,  0.495312
0.7505,  0.505413
0.7510,  0.511813
0.7515,  0.511954
0.7520,  0.508726
0.7525,  0.504378
0.7530,  0.498635
0.7535,  0.493611
0.7540,  0.500539
0.7545,  0.505217
0.7550,  0.509346
0.7555,  0.509377
0.7560,  0.508579
0.7565,  0.513908
0.7570,  0.521937
0.7575,  0.526424
0.7580,  0.566307
0.7585,  0.660790
0.7590,  0.818255
0.7595,  1.037459
0.7600,  1.291087
0.7605,  1.473736
0.7610,  1.490002
0.7615,  1.426425
0.7620,  1.366458
0.7625,  1.328045
0.7630,  1.304500
0.7635,  1.268408
0.7640,  1.196962
0.7645,  1.102444
0.7650,  1.012557
0.7655,  0.920165
0.7660,  0.829378
0.7665,  0.748414
0.7670,  0.691351
0.7675,  0.655141
0.7680,  0.628733
0.7685,  0.610614
0.7690,  0.589257
0.7695,  0.573680
0.7700,  0.559820
0.7705,  0.548211
0.7710,  0.541808
0.7715,  0.540954
0.7720,  0.543413
0.7725,  0.542710
0.7730,  0.545015
0.7735,  0.550615
0.7740,  0.549800
0.7745,  0.543823
0.7750,  0.545083
0.7755,  0.549798
0.7760,  0.547794
0.7765,  0.550007
0.7770,  0.552576
0.7775,  0.554101
0.7780,  0.563533
0.7785,  0.567672
0.7790,  0.565223
0.7795,  0.568384
0.7800,  0.568387
0.7805,  0.567303
0.7810,  0.575844
0.7815,  0.577606
0.7820,  0.576033
0.7825,  0.577893
0.7830,  0.582724
0.7835,  0.588726
0.7840,  0.590415
0.7845,  0.582873
0.7850,  0.586628
0.7855,  0.586994
0.7860,  0.589431
0.7865,  0.605717
0.7870,  0.607511
0.7875,  0.609684
0.7880,  0.615285
0.7885,  0.631435
0.7890,  0.644253
0.7895,  0.655323
0.7900,  0.653574
0.7905,  0.655198
0.7910,  0.659815
0.7915,  0.656181
0.7920,  0.658365
0.7925,  0.656091
0.7930,  0.653252
0.7935,  0.649863
0.7940,  0.646005
0.7945,  0.652276
0.7950,  0.654954
0.7955,  0.655982
0.7960,  0.656294
0.7965,  0.647093
0.7970,  0.643480
0.7975,  0.643046
0.7980,  0.641961
0.7985,  0.653797
0.7990,  0.669278
0.7995,  0.671404
0.8000,  0.691161
0.8005,  0.710585
0.8010,  0.724535
0.8015,  0.724640
0.8020,  0.728916
0.8025,  0.720929
0.8030,  0.714259
0.8035,  0.705071
0.8040,  0.694667
0.8045,  0.680180
0.8050,  0.666857
0.8055,  0.670305
0.8060,  0.666889
0.8065,  0.680128
0.8070,  0.694401
0.8075,  0.710345
0.8080,  0.706492
0.8085,  0.704769
0.8090,  0.706975
0.8095,  0.729439
0.8100,  0.740747
0.8105,  0.762347
0.8110,  0.783592
0.8115,  0.807051
0.8120,  0.847366
0.8125,  0.871330
0.8130,  0.914851
0.8135,  0.972923
0.8140,  1.014377
0.8145,  1.063629
0.8150,  1.141463
0.8155,  1.207386
0.8160,  1.270602
0.8165,  1.334398
0.8170,  1.371117
0.8175,  1.355740
0.8180,  1.304603
0.8185,  1.235084
0.8190,  1.175986
0.8195,  1.119214
0.8200,  1.051553
0.8205,  0.986031
0.8210,  0.994134
0.8215,  1.062039
0.8220,  1.153350
0.8225,  1.244862
0.8230,  1.256127
0.8235,  1.216086
0.8240,  1.145282
0.8245,  1.060810
0.8250,  1.014926
0.8255,  0.986167
0.8260,  0.982175
0.8265,  0.990095
0.8270,  1.022006
0.8275,  1.064838
0.8280,  1.112193
0.8285,  1.109480
0.8290,  1.101376
0.8295,  1.074374
0.8300,  1.052747
0.8305,  1.031077
0.8310,  1.026964
0.8315,  1.029053
0.8320,  1.029711
0.8325,  1.040963
0.8330,  1.063501
0.8335,  1.074844
0.8340,  1.045487
0.8345,  1.027444
0.8350,  1.002263
0.8355,  0.965040
0.8360,  0.930162
0.8365,  0.921109
0.8370,  0.915193
0.8375,  0.896829
0.8380,  0.890430
0.8385,  0.899193
0.8390,  0.892732
0.8395,  0.883009
0.8400,  0.877205
0.8405,  0.875804
0.8410,  0.873363
0.8415,  0.857336
0.8420,  0.836642
0.8425,  0.836376
0.8430,  0.870666
0.8435,  0.876546
0.8440,  0.878672
0.8445,  0.882447
0.8450,  0.872466
0.8455,  0.873349
0.8460,  0.869823
0.8465,  0.857219
0.8470,  0.840233
0.8475,  0.842971
0.8480,  0.825665
0.8485,  0.832724
0.8490,  0.857119
0.8495,  0.889005
0.8500,  0.914676
0.8505,  0.967416
0.8510,  0.974118
0.8515,  0.986344
0.8520,  0.989000
0.8525,  0.972806
0.8530,  0.969122
0.8535,  0.979588
0.8540,  1.008732
0.8545,  1.042871
0.8550,  0.987283
0.8555,  0.978908
0.8560,  0.976056
0.8565,  0.969298
0.8570,  0.978544
0.8575,  0.988796
0.8580,  0.993606
0.8585,  0.982665
0.8590,  1.000062
0.8595,  0.993581
0.8600,  0.979393
0.8605,  0.990692
0.8610,  0.999984
0.8615,  0.994986
0.8620,  0.996955
0.8625,  0.996725
0.8630,  0.994368
0.8635,  0.965313
0.8640,  0.974093
0.8645,  0.956813
0.8650,  1.001232
0.8655,  1.090662
0.8660,  1.145677
0.8665,  1.194966
0.8670,  1.200559
0.8675,  1.203353
0.8680,  1.203997
0.8685,  1.166208
0.8690,  1.119110
0.8695,  1.129418
0.8700,  1.136898
0.8705,  1.162586
0.8710,  1.134037
0.8715,  1.125071
0.8720,  1.137764
0.8725,  1.163324
0.8730,  1.221401
0.8735,  1.217715
0.8740,  1.198384
0.8745,  1.163049
0.8750,  1.183435
0.8755,  1.217617
0.8760,  1.259815
0.8765,  1.300004
0.8770,  1.289745
0.8775,  1.313885
0.8780,  1.324412
0.8785,  1.358488
0.8790,  1.360694
0.8795,  1.347567
0.8800,  1.339968
0.8805,  1.341594
0.8810,  1.316713
0.8815,  1.371049
0.8820,  1.387887
0.8825,  1.391905
0.8830,  1.421756
0.8835,  1.431438
0.8840,  1.428024
0.8845,  1.466551
0.8850,  1.379836
0.8855,  1.402749
0.8860,  1.487400
0.8865,  1.516960
0.8870,  1.523522
0.8875,  1.553973
0.8880,  1.515034
0.8885,  1.558021
0.8890,  1.559385
0.8895,  1.562210
0.8900,  1.506983
