0.3500,  2.799668
0.3505,  2.629577
0.3510,  2.423440
0.3515,  2.226465
0.3520,  2.098214
0.3525,  1.979099
0.3530,  1.943608
0.3535,  1.855186
0.3540,  1.779500
0.3545,  1.794285
0.3550,  1.771890
0.3555,  1.818283
0.3560,  1.784711
0.3565,  1.841731
0.3570,  2.017118
0.3575,  2.148229
0.3580,  2.216338
0.3585,  2.134842
0.3590,  2.202235
0.3595,  2.233338
0.3600,  2.126512
0.3605,  2.064081
0.3610,  1.968914
0.3615,  1.853896
0.3620,  1.857846
0.3625,  1.823021
0.3630,  1.745962
0.3635,  1.682941
0.3640,  1.564145
0.3645,  1.493832
0.3650,  1.460351
0.3655,  1.418133
0.3660,  1.347518
0.3665,  1.317132
0.3670,  1.266100
0.3675,  1.209392
0.3680,  1.147997
0.3685,  1.096779
0.3690,  1.127310
0.3695,  1.165621
0.3700,  1.137565
0.3705,  1.107130
0.3710,  1.132124
0.3715,  1.155582
0.3720,  1.132404
0.3725,  1.134106
0.3730,  1.141966
0.3735,  1.142362
0.3740,  1.188175
0.3745,  1.210990
0.3750,  1.286744
0.3755,  1.335087
0.3760,  1.298950
0.3765,  1.241706
0.3770,  1.239111
0.3775,  1.222678
0.3780,  1.168658
0.3785,  1.147155
0.3790,  1.038204
0.3795,  0.922804
0.3800,  0.969630
0.3805,  1.030471
0.3810,  1.026409
0.3815,  1.056367
0.3820,  1.033950
0.3825,  1.002944
0.3830,  1.059767
0.3835,  1.077394
0.3840,  1.264847
0.3845,  1.401054
0.3850,  1.401896
0.3855,  1.386242
0.3860,  1.336401
0.3865,  1.286391
0.3870,  1.246795
0.3875,  1.219554
0.3880,  1.169207
0.3885,  1.102217
0.3890,  1.123609
0.3895,  1.133751
0.3900,  1.089980
0.3905,  1.052466
0.3910,  1.052235
0.3915,  1.087421
0.3920,  1.011177
0.3925,  0.955842
0.3930,  0.848093
0.3935,  0.650323
0.3940,  0.941876
0.3945,  1.117415
0.3950,  1.192152
0.3955,  1.283989
0.3960,  1.125569
0.3965,  0.914515
0.3970,  0.918801
0.3975,  0.884273
0.3980,  1.014897
0.3985,  1.072659
0.3990,  0.994441
0.3995,  0.940449
0.4000,  0.863417
0.4005,  0.796498
0.4010,  0.755474
0.4015,  0.725570
0.4020,  0.699180
0.4025,  0.688426
0.4030,  0.662702
0.4035,  0.637870
0.4040,  0.630571
0.4045,  0.625015
0.4050,  0.618695
0.4055,  0.618043
0.4060,  0.602951
0.4065,  0.590404
0.4070,  0.608406
0.4075,  0.618296
0.4080,  0.640864
0.4085,  0.660404
0.4090,  0.654797
0.4095,  0.648865
0.4100,  0.596651
0.4105,  0.540365
0.4110,  0.603624
0.4115,  0.659398
0.4120,  0.640025
0.4125,  0.618615
0.4130,  0.600657
0.4135,  0.583350
0.4140,  0.573627
0.4145,  0.562783
0.4150,  0.558185
0.4155,  0.557494
0.4160,  0.579545
0.4165,  0.602693
0.4170,  0.561193
0.4175,  0.517512
0.4180,  0.529533
0.4185,  0.541731
0.4190,  0.552170
0.4195,  0.551248
0.4200,  0.561963
0.4205,  0.571827
0.4210,  0.577389
0.4215,  0.582890
0.4220,  0.536147
0.4225,  0.484002
0.4230,  0.521408
0.4235,  0.560612
0.4240,  0.578472
0.4245,  0.594672
0.4250,  0.579636
0.4255,  0.565119
0.4260,  0.565953
0.4265,  0.573441
0.4270,  0.542688
0.4275,  0.515084
0.4280,  0.530008
0.4285,  0.551028
0.4290,  0.546816
0.4295,  0.545489
0.4300,  0.476477
0.4305,  0.379141
0.4310,  0.567957
0.4315,  0.702970
0.4320,  0.663571
0.4325,  0.617657
0.4330,  0.612202
0.4335,  0.609712
0.4340,  0.578456
0.4345,  0.551183
0.4350,  0.547820
0.4355,  0.536905
0.4360,  0.565560
0.4365,  0.597474
0.4370,  0.561918
0.4375,  0.532988
0.4380,  0.481325
0.4385,  0.423547
0.4390,  0.489512
0.4395,  0.551245
0.4400,  0.521919
0.4405,  0.484388
0.4410,  0.521024
0.4415,  0.550577
0.4420,  0.543469
0.4425,  0.539845
0.4430,  0.512527
0.4435,  0.489527
0.4440,  0.500445
0.4445,  0.511004
0.4450,  0.479002
0.4455,  0.443835
0.4460,  0.459182
0.4465,  0.471508
0.4470,  0.502100
0.4475,  0.530091
0.4480,  0.498649
0.4485,  0.464291
0.4490,  0.465180
0.4495,  0.463768
0.4500,  0.478630
0.4505,  0.495204
0.4510,  0.481221
0.4515,  0.470973
0.4520,  0.439460
0.4525,  0.413315
0.4530,  0.427518
0.4535,  0.441513
0.4540,  0.450498
0.4545,  0.455254
0.4550,  0.465464
0.4555,  0.472741
0.4560,  0.469321
0.4565,  0.470106
0.4570,  0.467406
0.4575,  0.468583
0.4580,  0.443035
0.4585,  0.417432
0.4590,  0.427381
0.4595,  0.437069
0.4600,  0.440011
0.4605,  0.441347
0.4610,  0.440345
0.4615,  0.439272
0.4620,  0.446347
0.4625,  0.453705
0.4630,  0.438095
0.4635,  0.426463
0.4640,  0.416047
0.4645,  0.407111
0.4650,  0.427995
0.4655,  0.450110
0.4660,  0.430698
0.4665,  0.407678
0.4670,  0.430572
0.4675,  0.448738
0.4680,  0.441044
0.4685,  0.439129
0.4690,  0.438625
0.4695,  0.439171
0.4700,  0.414774
0.4705,  0.388379
0.4710,  0.415830
0.4715,  0.444917
0.4720,  0.442430
0.4725,  0.438528
0.4730,  0.424707
0.4735,  0.409846
0.4740,  0.416991
0.4745,  0.428445
0.4750,  0.423436
0.4755,  0.415021
0.4760,  0.397902
0.4765,  0.380560
0.4770,  0.400727
0.4775,  0.420036
0.4780,  0.399417
0.4785,  0.381138
0.4790,  0.391872
0.4795,  0.398530
0.4800,  0.383080
0.4805,  0.372145
0.4810,  0.380987
0.4815,  0.392187
0.4820,  0.375982
0.4825,  0.365508
0.4830,  0.365336
0.4835,  0.364196
0.4840,  0.358553
0.4845,  0.360478
0.4850,  0.346511
0.4855,  0.334501
0.4860,  0.304399
0.4865,  0.263514
0.4870,  0.316278
0.4875,  0.360022
0.4880,  0.370229
0.4885,  0.376340
0.4890,  0.371910
0.4895,  0.368868
0.4900,  0.369319
0.4905,  0.373349
0.4910,  0.346806
0.4915,  0.322646
0.4920,  0.322848
0.4925,  0.321360
0.4930,  0.314560
0.4935,  0.306524
0.4940,  0.335415
0.4945,  0.363911
0.4950,  0.330775
0.4955,  0.297974
0.4960,  0.314905
0.4965,  0.331550
0.4970,  0.331378
0.4975,  0.335086
0.4980,  0.305506
0.4985,  0.273787
0.4990,  0.300440
0.4995,  0.326785
0.5000,  0.306754
0.5005,  0.286562
0.5010,  0.282294
0.5015,  0.273761
0.5020,  0.292693
0.5025,  0.309876
0.5030,  0.317156
0.5035,  0.323882
0.5040,  0.309008
0.5045,  0.289624
0.5050,  0.308448
0.5055,  0.326121
0.5060,  0.313487
0.5065,  0.305923
0.5070,  0.295136
0.5075,  0.284854
0.5080,  0.287914
0.5085,  0.288643
0.5090,  0.285384
0.5095,  0.283697
0.5100,  0.289081
0.5105,  0.292512
0.5110,  0.300600
0.5115,  0.309811
0.5120,  0.283130
0.5125,  0.259029
0.5130,  0.261707
0.5135,  0.263801
0.5140,  0.271511
0.5145,  0.276977
0.5150,  0.286876
0.5155,  0.300466
0.5160,  0.262060
0.5165,  0.222934
0.5170,  0.252777
0.5175,  0.278408
0.5180,  0.263344
0.5185,  0.238546
0.5190,  0.272395
0.5195,  0.303844
0.5200,  0.293660
0.5205,  0.283043
0.5210,  0.291247
0.5215,  0.303733
0.5220,  0.282602
0.5225,  0.260159
0.5230,  0.271841
0.5235,  0.279327
0.5240,  0.286454
0.5245,  0.295588
0.5250,  0.289572
0.5255,  0.289189
0.5260,  0.241077
0.5265,  0.188481
0.5270,  0.231720
0.5275,  0.266343
0.5280,  0.275075
0.5285,  0.281817
0.5290,  0.278915
0.5295,  0.274335
0.5300,  0.275405
0.5305,  0.277058
0.5310,  0.277024
0.5315,  0.281931
0.5320,  0.246450
0.5325,  0.208033
0.5330,  0.249951
0.5335,  0.286232
0.5340,  0.268676
0.5345,  0.248585
0.5350,  0.272300
0.5355,  0.297324
0.5360,  0.271288
0.5365,  0.245789
0.5370,  0.249182
0.5375,  0.253419
0.5380,  0.261831
0.5385,  0.269940
0.5390,  0.257841
0.5395,  0.248042
0.5400,  0.238198
0.5405,  0.227350
0.5410,  0.255666
0.5415,  0.282013
0.5420,  0.268462
0.5425,  0.253916
0.5430,  0.263708
0.5435,  0.271812
0.5440,  0.267926
0.5445,  0.265278
0.5450,  0.268244
0.5455,  0.273471
0.5460,  0.268547
0.5465,  0.263951
0.5470,  0.255636
0.5475,  0.246548
0.5480,  0.254056
0.5485,  0.260934
0.5490,  0.267638
0.5495,  0.273424
0.5500,  0.265143
0.5505,  0.258622
0.5510,  0.260438
0.5515,  0.262820
0.5520,  0.258313
0.5525,  0.251914
0.5530,  0.259357
0.5535,  0.266580
0.5540,  0.267823
0.5545,  0.268565
0.5550,  0.270019
0.5555,  0.273105
0.5560,  0.260225
0.5565,  0.249375
0.5570,  0.260062
0.5575,  0.271314
0.5580,  0.263277
0.5585,  0.252699
0.5590,  0.259997
0.5595,  0.267123
0.5600,  0.271675
0.5605,  0.274460
0.5610,  0.267608
0.5615,  0.261105
0.5620,  0.266000
0.5625,  0.272588
0.5630,  0.275851
0.5635,  0.279976
0.5640,  0.281004
0.5645,  0.282838
0.5650,  0.273132
0.5655,  0.263456
0.5660,  0.270103
0.5665,  0.273324
0.5670,  0.284376
0.5675,  0.296972
0.5680,  0.280921
0.5685,  0.266036
0.5690,  0.282174
0.5695,  0.298102
0.5700,  0.280017
0.5705,  0.257676
0.5710,  0.267290
0.5715,  0.274093
0.5720,  0.284047
0.5725,  0.294906
0.5730,  0.287484
0.5735,  0.283072
0.5740,  0.280522
0.5745,  0.279471
0.5750,  0.273008
0.5755,  0.266032
0.5760,  0.269803
0.5765,  0.274925
0.5770,  0.280690
0.5775,  0.284285
0.5780,  0.267965
0.5785,  0.250498
0.5790,  0.260279
0.5795,  0.267985
0.5800,  0.267641
0.5805,  0.268064
0.5810,  0.268568
0.5815,  0.270137
0.5820,  0.271916
0.5825,  0.273471
0.5830,  0.266990
0.5835,  0.264859
0.5840,  0.269187
0.5845,  0.275661
0.5850,  0.262777
0.5855,  0.249394
0.5860,  0.265106
0.5865,  0.278954
0.5870,  0.287450
0.5875,  0.304407
0.5880,  0.302555
0.5885,  0.301912
0.5890,  0.282890
0.5895,  0.253243
0.5900,  0.304903
0.5905,  0.350188
0.5910,  0.338608
0.5915,  0.325066
0.5920,  0.322035
0.5925,  0.320819
0.5930,  0.314854
0.5935,  0.314936
0.5940,  0.313250
0.5945,  0.310923
0.5950,  0.315016
0.5955,  0.316160
0.5960,  0.316923
0.5965,  0.317756
0.5970,  0.308343
0.5975,  0.302782
0.5980,  0.295605
0.5985,  0.292654
0.5990,  0.299280
0.5995,  0.304209
0.6000,  0.298397
0.6005,  0.292207
0.6010,  0.293715
0.6015,  0.293308
0.6020,  0.281452
0.6025,  0.267881
0.6030,  0.278948
0.6035,  0.292944
0.6040,  0.290016
0.6045,  0.290448
0.6050,  0.290626
0.6055,  0.288316
0.6060,  0.286512
0.6065,  0.289228
0.6070,  0.290548
0.6075,  0.293235
0.6080,  0.295465
0.6085,  0.296410
0.6090,  0.299792
0.6095,  0.301639
0.6100,  0.293426
0.6105,  0.282217
0.6110,  0.291150
0.6115,  0.301494
0.6120,  0.292423
0.6125,  0.284700
0.6130,  0.284590
0.6135,  0.286198
0.6140,  0.297158
0.6145,  0.306327
0.6150,  0.310079
0.6155,  0.314960
0.6160,  0.292146
0.6165,  0.265868
0.6170,  0.290525
0.6175,  0.313883
0.6180,  0.316948
0.6185,  0.321586
0.6190,  0.315754
0.6195,  0.308638
0.6200,  0.315056
0.6205,  0.322356
0.6210,  0.311053
0.6215,  0.301825
0.6220,  0.311184
0.6225,  0.322197
0.6230,  0.315775
0.6235,  0.311897
0.6240,  0.318099
0.6245,  0.319172
0.6250,  0.315236
0.6255,  0.310266
0.6260,  0.325803
0.6265,  0.341678
0.6270,  0.342850
0.6275,  0.345431
0.6280,  0.349765
0.6285,  0.354873
0.6290,  0.355575
0.6295,  0.354674
0.6300,  0.350871
0.6305,  0.342679
0.6310,  0.333513
0.6315,  0.333042
0.6320,  0.334004
0.6325,  0.331105
0.6330,  0.332149
0.6335,  0.334803
0.6340,  0.337040
0.6345,  0.340456
0.6350,  0.343121
0.6355,  0.343454
0.6360,  0.341089
0.6365,  0.336381
0.6370,  0.331199
0.6375,  0.329318
0.6380,  0.328934
0.6385,  0.329797
0.6390,  0.334501
0.6395,  0.333415
0.6400,  0.335528
0.6405,  0.335533
0.6410,  0.333842
0.6415,  0.335047
0.6420,  0.332328
0.6425,  0.330819
0.6430,  0.330198
0.6435,  0.333514
0.6440,  0.340401
0.6445,  0.346882
0.6450,  0.356574
0.6455,  0.362934
0.6460,  0.370214
0.6465,  0.373447
0.6470,  0.375038
0.6475,  0.376629
0.6480,  0.376703
0.6485,  0.375211
0.6490,  0.370734
0.6495,  0.372383
0.6500,  0.372829
0.6505,  0.376326
0.6510,  0.383488
0.6515,  0.383122
0.6520,  0.380054
0.6525,  0.377198
0.6530,  0.373357
0.6535,  0.366207
0.6540,  0.366148
0.6545,  0.374727
0.6550,  0.390510
0.6555,  0.398849
0.6560,  0.395210
0.6565,  0.371485
0.6570,  0.332351
0.6575,  0.336944
0.6580,  0.345619
0.6585,  0.352373
0.6590,  0.361651
0.6595,  0.353492
0.6600,  0.346585
0.6605,  0.341370
0.6610,  0.340028
0.6615,  0.338837
0.6620,  0.340648
0.6625,  0.340432
0.6630,  0.344251
0.6635,  0.347288
0.6640,  0.347461
0.6645,  0.348704
0.6650,  0.350608
0.6655,  0.349460
0.6660,  0.346221
0.6665,  0.342125
0.6670,  0.339270
0.6675,  0.338838
0.6680,  0.338650
0.6685,  0.342693
0.6690,  0.346076
0.6695,  0.345057
0.6700,  0.347847
0.6705,  0.349967
0.6710,  0.355043
0.6715,  0.362336
0.6720,  0.364845
0.6725,  0.365378
0.6730,  0.363158
0.6735,  0.357436
0.6740,  0.355814
0.6745,  0.352954
0.6750,  0.353183
0.6755,  0.357740
0.6760,  0.361978
0.6765,  0.366850
0.6770,  0.371241
0.6775,  0.370984
0.6780,  0.368626
0.6785,  0.367542
0.6790,  0.364964
0.6795,  0.365595
0.6800,  0.367667
0.6805,  0.369652
0.6810,  0.374255
0.6815,  0.378055
0.6820,  0.381829
0.6825,  0.386300
0.6830,  0.392712
0.6835,  0.394574
0.6840,  0.393971
0.6845,  0.396124
0.6850,  0.398793
0.6855,  0.419634
0.6860,  0.458836
0.6865,  0.506675
0.6870,  0.544749
0.6875,  0.561099
0.6880,  0.565727
0.6885,  0.564275
0.6890,  0.559798
0.6895,  0.550904
0.6900,  0.536904
0.6905,  0.524352
0.6910,  0.519211
0.6915,  0.519469
0.6920,  0.528216
0.6925,  0.535090
0.6930,  0.542269
0.6935,  0.541883
0.6940,  0.548456
0.6945,  0.548599
0.6950,  0.545646
0.6955,  0.528380
0.6960,  0.511285
0.6965,  0.496064
0.6970,  0.485586
0.6975,  0.490667
0.6980,  0.503915
0.6985,  0.515663
0.6990,  0.527917
0.6995,  0.533822
0.7000,  0.537100
0.7005,  0.543776
0.7010,  0.545918
0.7015,  0.548496
0.7020,  0.548097
0.7025,  0.540562
0.7030,  0.532879
0.7035,  0.531683
0.7040,  0.527014
0.7045,  0.524315
0.7050,  0.528094
0.7055,  0.526406
0.7060,  0.525206
0.7065,  0.523820
0.7070,  0.518650
0.7075,  0.513153
0.7080,  0.508805
0.7085,  0.507222
0.7090,  0.512379
0.7095,  0.518193
0.7100,  0.516035
0.7105,  0.512491
0.7110,  0.516429
0.7115,  0.518132
0.7120,  0.523499
0.7125,  0.527774
0.7130,  0.528865
0.7135,  0.532539
0.7140,  0.539697
0.7145,  0.548711
0.7150,  0.565700
0.7155,  0.589841
0.7160,  0.643735
0.7165,  0.713789
0.7170,  0.795180
0.7175,  0.865425
0.7180,  0.932646
0.7185,  0.984810
0.7190,  1.012362
0.7195,  1.024980
0.7200,  0.997698
0.7205,  0.938683
0.7210,  0.868845
0.7215,  0.806485
0.7220,  0.786975
0.7225,  0.803431
0.7230,  0.838513
0.7235,  0.879635
0.7240,  0.909429
0.7245,  0.920535
0.7250,  0.934038
0.7255,  0.940479
0.7260,  0.943776
0.7265,  0.948326
0.7270,  0.954690
0.7275,  0.947248
0.7280,  0.945982
0.7285,  0.943372
0.7290,  0.928144
0.7295,  0.923748
0.7300,  0.917747
0.7305,  0.912582
0.7310,  0.898009
0.7315,  0.869613
0.7320,  0.836598
0.7325,  0.795520
0.7330,  0.756110
0.7335,  0.734467
0.7340,  0.713534
0.7345,  0.704508
0.7350,  0.706116
0.7355,  0.708438
0.7360,  0.705769
0.7365,  0.703123
0.7370,  0.689786
0.7375,  0.669033
0.7380,  0.668110
0.7385,  0.671039
0.7390,  0.667602
0.7395,  0.658268
0.7400,  0.649840
0.7405,  0.640051
0.7410,  0.631767
0.7415,  0.635013
0.7420,  0.633476
0.7425,  0.629087
0.7430,  0.627893
0.7435,  0.620385
0.7440,  0.616859
0.7445,  0.614649
0.7450,  0.608110
0.7455,  0.608399
0.7460,  0.611923
0.7465,  0.616229
0.7470,  0.621560
0.7475,  0.623833
0.7480,  0.623798
0.7485,  0.627060
0.7490,  0.631802
0.7495,  0.631603
0.7500,  0.640061
0.7505,  0.651025
0.7510,  0.660042
0.7515,  0.659794
0.7520,  0.652383
0.7525,  0.650819
0.7530,  0.646914
0.7535,  0.647957
0.7540,  0.649049
0.7545,  0.650562
0.7550,  0.655237
0.7555,  0.656728
0.7560,  0.661335
0.7565,  0.661870
0.7570,  0.679014
0.7575,  0.691968
0.7580,  0.733287
0.7585,  0.838252
0.7590,  1.045811
0.7595,  1.385004
0.7600,  1.926262
0.7605,  2.569398
0.7610,  2.905010
0.7615,  2.771250
0.7620,  2.508302
0.7625,  2.312314
0.7630,  2.277314
0.7635,  2.169477
0.7640,  2.022076
0.7645,  1.812343
0.7650,  1.606555
0.7655,  1.435337
0.7660,  1.273243
0.7665,  1.130044
0.7670,  1.018044
0.7675,  0.942804
0.7680,  0.888573
0.7685,  0.850135
0.7690,  0.817887
0.7695,  0.795567
0.7700,  0.780286
0.7705,  0.767588
0.7710,  0.755869
0.7715,  0.759102
0.7720,  0.757512
0.7725,  0.756565
0.7730,  0.759353
0.7735,  0.766226
0.7740,  0.775946
0.7745,  0.782151
0.7750,  0.781685
0.7755,  0.776725
0.7760,  0.772995
0.7765,  0.781309
0.7770,  0.792123
0.7775,  0.791388
0.7780,  0.788888
0.7785,  0.784935
0.7790,  0.782395
0.7795,  0.791349
0.7800,  0.810957
0.7805,  0.823226
0.7810,  0.837013
0.7815,  0.831650
0.7820,  0.824827
0.7825,  0.829388
0.7830,  0.839367
0.7835,  0.854604
0.7840,  0.864341
0.7845,  0.865606
0.7850,  0.879042
0.7855,  0.886541
0.7860,  0.886903
0.7865,  0.902295
0.7870,  0.902009
0.7875,  0.914625
0.7880,  0.924941
0.7885,  0.947178
0.7890,  0.962153
0.7895,  0.984608
0.7900,  1.003947
0.7905,  1.026611
0.7910,  1.021896
0.7915,  1.016766
0.7920,  1.025425
0.7925,  1.019835
0.7930,  1.016636
0.7935,  1.004203
0.7940,  0.997377
0.7945,  0.999052
0.7950,  1.016405
0.7955,  1.026249
0.7960,  1.037754
0.7965,  1.040401
0.7970,  1.036272
0.7975,  1.027970
0.7980,  1.029848
0.7985,  1.049707
0.7990,  1.082303
0.7995,  1.099896
0.8000,  1.117126
0.8005,  1.140683
0.8010,  1.144079
0.8015,  1.137683
0.8020,  1.143155
0.8025,  1.151242
0.8030,  1.162322
0.8035,  1.175173
0.8040,  1.177319
0.8045,  1.153717
0.8050,  1.138603
0.8055,  1.139318
0.8060,  1.127065
0.8065,  1.129994
0.8070,  1.149791
0.8075,  1.194216
0.8080,  1.198826
0.8085,  1.203110
0.8090,  1.228573
0.8095,  1.268524
0.8100,  1.270992
0.8105,  1.323115
0.8110,  1.385567
0.8115,  1.442412
0.8120,  1.521441
0.8125,  1.608529
0.8130,  1.708094
0.8135,  1.868303
0.8140,  2.019610
0.8145,  2.327682
0.8150,  2.788897
0.8155,  3.515188
0.8160,  5.968263
0.8165,  Infinity
0.8170,  Infinity
0.8175,  Infinity
0.8180,  Infinity
0.8185,  3.732542
0.8190,  3.431560
0.8195,  2.852428
0.8200,  2.469630
0.8205,  2.190185
0.8210,  2.190705
0.8215,  2.387211
0.8220,  3.000437
0.8225,  Infinity
0.8230,  Infinity
0.8235,  Infinity
0.8240,  4.208937
0.8245,  3.012814
0.8250,  2.501461
0.8255,  2.271649
0.8260,  2.287887
0.8265,  2.295199
0.8270,  2.409903
0.8275,  2.604965
0.8280,  2.941247
0.8285,  3.046122
0.8290,  3.105455
0.8295,  3.019935
0.8300,  2.907376
0.8305,  2.887220
0.8310,  2.836034
0.8315,  2.820404
0.8320,  2.963500
0.8325,  3.069214
0.8330,  3.185763
0.8335,  3.141802
0.8340,  2.813651
0.8345,  2.596454
0.8350,  2.378024
0.8355,  2.247404
0.8360,  2.181974
0.8365,  2.153807
0.8370,  2.109166
0.8375,  2.156977
0.8380,  2.185104
0.8385,  2.168366
0.8390,  2.166555
0.8395,  2.123513
0.8400,  2.078112
0.8405,  2.049399
0.8410,  2.007690
0.8415,  1.985337
0.8420,  1.916540
0.8425,  1.912468
0.8430,  2.042546
0.8435,  2.060328
0.8440,  2.102524
0.8445,  2.084676
0.8450,  2.070924
0.8455,  2.045323
0.8460,  2.043322
0.8465,  2.052731
0.8470,  2.010991
0.8475,  2.050386
0.8480,  2.068939
0.8485,  2.149055
0.8490,  2.319309
0.8495,  2.540186
0.8500,  2.852526
0.8505,  3.368664
0.8510,  3.289808
0.8515,  2.909693
0.8520,  2.959630
0.8525,  3.162282
0.8530,  4.050828
0.8535,  Infinity
0.8540,  Infinity
0.8545,  Infinity
0.8550,  Infinity
0.8555,  5.955918
0.8560,  4.188557
0.8565,  3.930638
0.8570,  4.031124
0.8575,  3.925832
0.8580,  4.108134
0.8585,  3.828151
0.8590,  3.904634
0.8595,  3.926250
0.8600,  3.580322
0.8605,  4.120550
0.8610,  Infinity
0.8615,  Infinity
0.8620,  Infinity
0.8625,  Infinity
0.8630,  Infinity
0.8635,  Infinity
0.8640,  Infinity
0.8645,  Infinity
0.8650,  Infinity
0.8655,  Infinity
0.8660,  Infinity
0.8665,  Infinity
0.8670,  Infinity
0.8675,  Infinity
0.8680,  Infinity
0.8685,  Infinity
0.8690,  Infinity
0.8695,  Infinity
0.8700,  Infinity
0.8705,  Infinity
0.8710,  Infinity
0.8715,  Infinity
0.8720,  Infinity
0.8725,  Infinity
0.8730,  Infinity
0.8735,  Infinity
0.8740,  Infinity
0.8745,  Infinity
0.8750,  Infinity
0.8755,  Infinity
0.8760,  Infinity
0.8765,  Infinity
0.8770,  Infinity
0.8775,  Infinity
0.8780,  Infinity
0.8785,  Infinity
0.8790,  Infinity
0.8795,  Infinity
0.8800,  Infinity
0.8805,  Infinity
0.8810,  Infinity
0.8815,  Infinity
0.8820,  Infinity
0.8825,  Infinity
0.8830,  Infinity
0.8835,  Infinity
0.8840,  Infinity
0.8845,  Infinity
0.8850,  Infinity
0.8855,  Infinity
0.8860,  Infinity
0.8865,  Infinity
0.8870,  Infinity
0.8875,  Infinity
0.8880,  Infinity
0.8885,  Infinity
0.8890,  Infinity
0.8895,  Infinity
0.8900,  Infinity
