0.3500,  Infinity
0.3505,  Infinity
0.3510,  Infinity
0.3515,  Infinity
0.3520,  Infinity
0.3525,  Infinity
0.3530,  Infinity
0.3535,  Infinity
0.3540,  Infinity
0.3545,  Infinity
0.3550,  Infinity
0.3555,  Infinity
0.3560,  Infinity
0.3565,  Infinity
0.3570,  Infinity
0.3575,  Infinity
0.3580,  Infinity
0.3585,  Infinity
0.3590,  Infinity
0.3595,  Infinity
0.3600,  Infinity
0.3605,  Infinity
0.3610,  Infinity
0.3615,  Infinity
0.3620,  Infinity
0.3625,  Infinity
0.3630,  Infinity
0.3635,  Infinity
0.3640,  Infinity
0.3645,  Infinity
0.3650,  Infinity
0.3655,  Infinity
0.3660,  Infinity
0.3665,  Infinity
0.3670,  Infinity
0.3675,  Infinity
0.3680,  Infinity
0.3685,  Infinity
0.3690,  Infinity
0.3695,  Infinity
0.3700,  Infinity
0.3705,  Infinity
0.3710,  7.092915
0.3715,  7.444468
0.3720,  Infinity
0.3725,  Infinity
0.3730,  Infinity
0.3735,  Infinity
0.3740,  Infinity
0.3745,  Infinity
0.3750,  Infinity
0.3755,  Infinity
0.3760,  Infinity
0.3765,  Infinity
0.3770,  Infinity
0.3775,  4.187055
0.3780,  3.310949
0.3785,  2.918818
0.3790,  2.631820
0.3795,  2.444909
0.3800,  2.453716
0.3805,  2.575557
0.3810,  2.767595
0.3815,  3.324976
0.3820,  4.705571
0.3825,  Infinity
0.3830,  Infinity
0.3835,  Infinity
0.3840,  Infinity
0.3845,  Infinity
0.3850,  Infinity
0.3855,  Infinity
0.3860,  Infinity
0.3865,  Infinity
0.3870,  Infinity
0.3875,  Infinity
0.3880,  Infinity
0.3885,  4.870625
0.3890,  3.814427
0.3895,  3.225174
0.3900,  2.765642
0.3905,  2.454718
0.3910,  2.320132
0.3915,  2.337456
0.3920,  2.318685
0.3925,  2.474550
0.3930,  2.864716
0.3935,  3.736162
0.3940,  Infinity
0.3945,  Infinity
0.3950,  7.452913
0.3955,  6.852673
0.3960,  5.698439
0.3965,  4.241121
0.3970,  3.336756
0.3975,  2.641518
0.3980,  2.323764
0.3985,  2.093683
0.3990,  1.840658
0.3995,  1.673362
0.4000,  1.517478
0.4005,  1.391353
0.4010,  1.301324
0.4015,  1.239449
0.4020,  1.186717
0.4025,  1.153981
0.4030,  1.114073
0.4035,  1.081736
0.4040,  1.070290
0.4045,  1.061372
0.4050,  1.056781
0.4055,  1.059400
0.4060,  1.043522
0.4065,  1.029394
0.4070,  1.045469
0.4075,  1.058662
0.4080,  1.087665
0.4085,  1.104487
0.4090,  1.084195
0.4095,  1.072575
0.4100,  1.020332
0.4105,  0.960304
0.4110,  1.014983
0.4115,  1.059539
0.4120,  1.037045
0.4125,  1.017584
0.4130,  1.002947
0.4135,  0.989696
0.4140,  0.978227
0.4145,  0.956503
0.4150,  0.943877
0.4155,  0.939504
0.4160,  0.960790
0.4165,  0.981635
0.4170,  0.936620
0.4175,  0.887167
0.4180,  0.889401
0.4185,  0.898832
0.4190,  0.922141
0.4195,  0.933730
0.4200,  0.950304
0.4205,  0.961162
0.4210,  0.968172
0.4215,  0.976027
0.4220,  0.929153
0.4225,  0.874399
0.4230,  0.905682
0.4235,  0.942172
0.4240,  0.954727
0.4245,  0.974375
0.4250,  0.959952
0.4255,  0.940057
0.4260,  0.936526
0.4265,  0.939658
0.4270,  0.910486
0.4275,  0.885322
0.4280,  0.910300
0.4285,  0.942849
0.4290,  0.949216
0.4295,  0.957605
0.4300,  0.889427
0.4305,  0.793127
0.4310,  0.987382
0.4315,  1.110977
0.4320,  1.067769
0.4325,  1.013742
0.4330,  0.997688
0.4335,  0.984426
0.4340,  0.947604
0.4345,  0.914724
0.4350,  0.898736
0.4355,  0.880270
0.4360,  0.904281
0.4365,  0.929623
0.4370,  0.884588
0.4375,  0.850150
0.4380,  0.793729
0.4385,  0.733606
0.4390,  0.799998
0.4395,  0.861399
0.4400,  0.835075
0.4405,  0.800425
0.4410,  0.836303
0.4415,  0.864802
0.4420,  0.854257
0.4425,  0.840653
0.4430,  0.799978
0.4435,  0.765913
0.4440,  0.774486
0.4445,  0.787718
0.4450,  0.755893
0.4455,  0.720324
0.4460,  0.738234
0.4465,  0.751707
0.4470,  0.782559
0.4475,  0.809556
0.4480,  0.770163
0.4485,  0.731971
0.4490,  0.730961
0.4495,  0.726310
0.4500,  0.741131
0.4505,  0.750233
0.4510,  0.733824
0.4515,  0.717687
0.4520,  0.683890
0.4525,  0.655810
0.4530,  0.670333
0.4535,  0.685657
0.4540,  0.700234
0.4545,  0.706433
0.4550,  0.715550
0.4555,  0.723647
0.4560,  0.721662
0.4565,  0.721911
0.4570,  0.712572
0.4575,  0.710620
0.4580,  0.684672
0.4585,  0.656770
0.4590,  0.668794
0.4595,  0.682984
0.4600,  0.687678
0.4605,  0.688602
0.4610,  0.688253
0.4615,  0.685054
0.4620,  0.686176
0.4625,  0.689181
0.4630,  0.669626
0.4635,  0.654386
0.4640,  0.643508
0.4645,  0.633748
0.4650,  0.656651
0.4655,  0.680511
0.4660,  0.663038
0.4665,  0.641642
0.4670,  0.664269
0.4675,  0.684891
0.4680,  0.677040
0.4685,  0.668444
0.4690,  0.668768
0.4695,  0.667380
0.4700,  0.637408
0.4705,  0.611168
0.4710,  0.638233
0.4715,  0.669224
0.4720,  0.665283
0.4725,  0.660798
0.4730,  0.643136
0.4735,  0.622577
0.4740,  0.627291
0.4745,  0.636168
0.4750,  0.626455
0.4755,  0.616304
0.4760,  0.596296
0.4765,  0.577384
0.4770,  0.596998
0.4775,  0.612724
0.4780,  0.589101
0.4785,  0.570701
0.4790,  0.580700
0.4795,  0.584466
0.4800,  0.568182
0.4805,  0.553887
0.4810,  0.562172
0.4815,  0.571319
0.4820,  0.553200
0.4825,  0.538282
0.4830,  0.536283
0.4835,  0.534385
0.4840,  0.528252
0.4845,  0.528521
0.4850,  0.511689
0.4855,  0.499392
0.4860,  0.470300
0.4865,  0.430326
0.4870,  0.484311
0.4875,  0.525463
0.4880,  0.531367
0.4885,  0.536605
0.4890,  0.531657
0.4895,  0.527586
0.4900,  0.526012
0.4905,  0.527849
0.4910,  0.498336
0.4915,  0.471805
0.4920,  0.469585
0.4925,  0.467546
0.4930,  0.460260
0.4935,  0.449678
0.4940,  0.476738
0.4945,  0.504644
0.4950,  0.469627
0.4955,  0.436360
0.4960,  0.452530
0.4965,  0.469315
0.4970,  0.470414
0.4975,  0.474351
0.4980,  0.443581
0.4985,  0.409054
0.4990,  0.433953
0.4995,  0.458578
0.5000,  0.437248
0.5005,  0.415085
0.5010,  0.409159
0.5015,  0.400732
0.5020,  0.418769
0.5025,  0.436733
0.5030,  0.444736
0.5035,  0.451847
0.5040,  0.436136
0.5045,  0.415878
0.5050,  0.435887
0.5055,  0.455668
0.5060,  0.442852
0.5065,  0.432489
0.5070,  0.419809
0.5075,  0.408868
0.5080,  0.412155
0.5085,  0.414994
0.5090,  0.413533
0.5095,  0.410463
0.5100,  0.413233
0.5105,  0.415292
0.5110,  0.423131
0.5115,  0.432979
0.5120,  0.404330
0.5125,  0.379063
0.5130,  0.384012
0.5135,  0.385910
0.5140,  0.392322
0.5145,  0.395113
0.5150,  0.402043
0.5155,  0.414619
0.5160,  0.377471
0.5165,  0.340901
0.5170,  0.372178
0.5175,  0.398947
0.5180,  0.385052
0.5185,  0.362649
0.5190,  0.398532
0.5195,  0.430028
0.5200,  0.417565
0.5205,  0.405512
0.5210,  0.411403
0.5215,  0.422421
0.5220,  0.400236
0.5225,  0.378801
0.5230,  0.391410
0.5235,  0.399201
0.5240,  0.407245
0.5245,  0.416282
0.5250,  0.409173
0.5255,  0.406653
0.5260,  0.357157
0.5265,  0.303907
0.5270,  0.348150
0.5275,  0.383623
0.5280,  0.393160
0.5285,  0.400763
0.5290,  0.397603
0.5295,  0.392830
0.5300,  0.392952
0.5305,  0.394099
0.5310,  0.392363
0.5315,  0.397067
0.5320,  0.358771
0.5325,  0.318931
0.5330,  0.359414
0.5335,  0.396263
0.5340,  0.378602
0.5345,  0.358887
0.5350,  0.383909
0.5355,  0.409087
0.5360,  0.382090
0.5365,  0.356385
0.5370,  0.360302
0.5375,  0.365029
0.5380,  0.373496
0.5385,  0.381780
0.5390,  0.369703
0.5395,  0.359813
0.5400,  0.350214
0.5405,  0.339923
0.5410,  0.368596
0.5415,  0.395445
0.5420,  0.381826
0.5425,  0.367506
0.5430,  0.377642
0.5435,  0.386021
0.5440,  0.381073
0.5445,  0.377640
0.5450,  0.381245
0.5455,  0.385070
0.5460,  0.378939
0.5465,  0.374665
0.5470,  0.367415
0.5475,  0.360207
0.5480,  0.369442
0.5485,  0.376553
0.5490,  0.383490
0.5495,  0.389539
0.5500,  0.379786
0.5505,  0.371421
0.5510,  0.374008
0.5515,  0.375934
0.5520,  0.371374
0.5525,  0.364967
0.5530,  0.370746
0.5535,  0.378250
0.5540,  0.380051
0.5545,  0.381924
0.5550,  0.383985
0.5555,  0.386949
0.5560,  0.373056
0.5565,  0.360463
0.5570,  0.371185
0.5575,  0.383393
0.5580,  0.374148
0.5585,  0.364274
0.5590,  0.372381
0.5595,  0.377163
0.5600,  0.381698
0.5605,  0.386394
0.5610,  0.381475
0.5615,  0.376701
0.5620,  0.382064
0.5625,  0.389306
0.5630,  0.393854
0.5635,  0.397055
0.5640,  0.395146
0.5645,  0.394239
0.5650,  0.383225
0.5655,  0.372770
0.5660,  0.378482
0.5665,  0.384807
0.5670,  0.397296
0.5675,  0.411419
0.5680,  0.395738
0.5685,  0.380611
0.5690,  0.395231
0.5695,  0.410715
0.5700,  0.392059
0.5705,  0.370880
0.5710,  0.383157
0.5715,  0.388979
0.5720,  0.397338
0.5725,  0.407462
0.5730,  0.400600
0.5735,  0.397363
0.5740,  0.396061
0.5745,  0.395830
0.5750,  0.389069
0.5755,  0.381062
0.5760,  0.385530
0.5765,  0.390065
0.5770,  0.393667
0.5775,  0.400012
0.5780,  0.384051
0.5785,  0.365809
0.5790,  0.376102
0.5795,  0.383431
0.5800,  0.382177
0.5805,  0.382063
0.5810,  0.381810
0.5815,  0.385575
0.5820,  0.389011
0.5825,  0.388506
0.5830,  0.381808
0.5835,  0.377697
0.5840,  0.378489
0.5845,  0.385871
0.5850,  0.375167
0.5855,  0.364136
0.5860,  0.383811
0.5865,  0.401220
0.5870,  0.411393
0.5875,  0.428796
0.5880,  0.424403
0.5885,  0.422763
0.5890,  0.405018
0.5895,  0.378735
0.5900,  0.433579
0.5905,  0.480043
0.5910,  0.467329
0.5915,  0.454420
0.5920,  0.451115
0.5925,  0.449448
0.5930,  0.442175
0.5935,  0.441621
0.5940,  0.438590
0.5945,  0.435728
0.5950,  0.440884
0.5955,  0.440306
0.5960,  0.441256
0.5965,  0.442886
0.5970,  0.433598
0.5975,  0.425585
0.5980,  0.419060
0.5985,  0.414891
0.5990,  0.424050
0.5995,  0.430619
0.6000,  0.424375
0.6005,  0.416456
0.6010,  0.418159
0.6015,  0.416996
0.6020,  0.404942
0.6025,  0.391726
0.6030,  0.405693
0.6035,  0.421447
0.6040,  0.420355
0.6045,  0.422067
0.6050,  0.419489
0.6055,  0.415162
0.6060,  0.410904
0.6065,  0.409987
0.6070,  0.408018
0.6075,  0.408556
0.6080,  0.409122
0.6085,  0.408117
0.6090,  0.414018
0.6095,  0.419648
0.6100,  0.413781
0.6105,  0.405209
0.6110,  0.415586
0.6115,  0.426466
0.6120,  0.419968
0.6125,  0.414786
0.6130,  0.412986
0.6135,  0.411925
0.6140,  0.423204
0.6145,  0.432686
0.6150,  0.435329
0.6155,  0.442187
0.6160,  0.421585
0.6165,  0.395213
0.6170,  0.420772
0.6175,  0.444976
0.6180,  0.448815
0.6185,  0.451708
0.6190,  0.448060
0.6195,  0.436793
0.6200,  0.438749
0.6205,  0.443447
0.6210,  0.431894
0.6215,  0.424726
0.6220,  0.437796
0.6225,  0.449676
0.6230,  0.444884
0.6235,  0.443816
0.6240,  0.450594
0.6245,  0.451508
0.6250,  0.447953
0.6255,  0.442479
0.6260,  0.457289
0.6265,  0.470828
0.6270,  0.469426
0.6275,  0.474001
0.6280,  0.484322
0.6285,  0.494466
0.6290,  0.498588
0.6295,  0.497993
0.6300,  0.493089
0.6305,  0.483482
0.6310,  0.475652
0.6315,  0.473292
0.6320,  0.468721
0.6325,  0.465051
0.6330,  0.464280
0.6335,  0.466876
0.6340,  0.471235
0.6345,  0.479223
0.6350,  0.485381
0.6355,  0.485600
0.6360,  0.485084
0.6365,  0.479725
0.6370,  0.470053
0.6375,  0.463750
0.6380,  0.461088
0.6385,  0.462341
0.6390,  0.468287
0.6395,  0.472784
0.6400,  0.476789
0.6405,  0.476571
0.6410,  0.474601
0.6415,  0.476669
0.6420,  0.475781
0.6425,  0.473633
0.6430,  0.470017
0.6435,  0.472280
0.6440,  0.479051
0.6445,  0.486892
0.6450,  0.499961
0.6455,  0.510101
0.6460,  0.521738
0.6465,  0.530704
0.6470,  0.534225
0.6475,  0.535488
0.6480,  0.536433
0.6485,  0.534194
0.6490,  0.532354
0.6495,  0.536225
0.6500,  0.535325
0.6505,  0.538082
0.6510,  0.545276
0.6515,  0.543616
0.6520,  0.542099
0.6525,  0.536400
0.6530,  0.532165
0.6535,  0.521291
0.6540,  0.516483
0.6545,  0.520279
0.6550,  0.536890
0.6555,  0.546600
0.6560,  0.551431
0.6565,  0.536823
0.6570,  0.503254
0.6575,  0.508059
0.6580,  0.515182
0.6585,  0.520335
0.6590,  0.525403
0.6595,  0.513306
0.6600,  0.503934
0.6605,  0.497406
0.6610,  0.494116
0.6615,  0.490519
0.6620,  0.489510
0.6625,  0.490513
0.6630,  0.495992
0.6635,  0.502489
0.6640,  0.507850
0.6645,  0.511111
0.6650,  0.512296
0.6655,  0.509827
0.6660,  0.504873
0.6665,  0.500320
0.6670,  0.498068
0.6675,  0.499955
0.6680,  0.499635
0.6685,  0.504398
0.6690,  0.509027
0.6695,  0.510445
0.6700,  0.512653
0.6705,  0.517358
0.6710,  0.519750
0.6715,  0.523025
0.6720,  0.528169
0.6725,  0.532557
0.6730,  0.528668
0.6735,  0.521276
0.6740,  0.521715
0.6745,  0.525570
0.6750,  0.528266
0.6755,  0.531398
0.6760,  0.539019
0.6765,  0.546711
0.6770,  0.556019
0.6775,  0.550868
0.6780,  0.546258
0.6785,  0.542965
0.6790,  0.538603
0.6795,  0.539385
0.6800,  0.542941
0.6805,  0.550179
0.6810,  0.561869
0.6815,  0.564005
0.6820,  0.568870
0.6825,  0.577018
0.6830,  0.584731
0.6835,  0.586036
0.6840,  0.587629
0.6845,  0.589918
0.6850,  0.592982
0.6855,  0.612937
0.6860,  0.654457
0.6865,  0.710135
0.6870,  0.757704
0.6875,  0.792498
0.6880,  0.809576
0.6885,  0.811082
0.6890,  0.808355
0.6895,  0.803525
0.6900,  0.792589
0.6905,  0.780578
0.6910,  0.768557
0.6915,  0.757526
0.6920,  0.757092
0.6925,  0.762901
0.6930,  0.778206
0.6935,  0.791988
0.6940,  0.805474
0.6945,  0.810659
0.6950,  0.807870
0.6955,  0.790622
0.6960,  0.769772
0.6965,  0.746414
0.6970,  0.723395
0.6975,  0.715099
0.6980,  0.726201
0.6985,  0.748433
0.6990,  0.766076
0.6995,  0.779792
0.7000,  0.790793
0.7005,  0.793698
0.7010,  0.799709
0.7015,  0.806656
0.7020,  0.814856
0.7025,  0.810653
0.7030,  0.798127
0.7035,  0.793705
0.7040,  0.789894
0.7045,  0.790834
0.7050,  0.796965
0.7055,  0.792412
0.7060,  0.784681
0.7065,  0.776249
0.7070,  0.762392
0.7075,  0.756499
0.7080,  0.757648
0.7085,  0.759174
0.7090,  0.767314
0.7095,  0.778979
0.7100,  0.783038
0.7105,  0.783468
0.7110,  0.787504
0.7115,  0.788656
0.7120,  0.787871
0.7125,  0.792863
0.7130,  0.791590
0.7135,  0.796741
0.7140,  0.806687
0.7145,  0.820511
0.7150,  0.839074
0.7155,  0.875087
0.7160,  0.947318
0.7165,  1.040057
0.7170,  1.153372
0.7175,  1.274675
0.7180,  1.403115
0.7185,  1.513438
0.7190,  1.568293
0.7195,  1.592535
0.7200,  1.560142
0.7205,  1.473264
0.7210,  1.367132
0.7215,  1.272368
0.7220,  1.236077
0.7225,  1.241157
0.7230,  1.286540
0.7235,  1.342696
0.7240,  1.388097
0.7245,  1.417769
0.7250,  1.436266
0.7255,  1.441862
0.7260,  1.461810
0.7265,  1.496468
0.7270,  1.525017
0.7275,  1.540934
0.7280,  1.547873
0.7285,  1.537151
0.7290,  1.510598
0.7295,  1.503911
0.7300,  1.478790
0.7305,  1.441195
0.7310,  1.408029
0.7315,  1.363812
0.7320,  1.313041
0.7325,  1.266313
0.7330,  1.209483
0.7335,  1.163114
0.7340,  1.131202
0.7345,  1.113648
0.7350,  1.114824
0.7355,  1.118139
0.7360,  1.103613
0.7365,  1.097994
0.7370,  1.079594
0.7375,  1.059209
0.7380,  1.057887
0.7385,  1.062099
0.7390,  1.073341
0.7395,  1.062967
0.7400,  1.058281
0.7405,  1.042734
0.7410,  1.033085
0.7415,  1.030009
0.7420,  1.016302
0.7425,  0.992107
0.7430,  0.982250
0.7435,  0.973436
0.7440,  0.980175
0.7445,  0.995088
0.7450,  1.002068
0.7455,  1.011585
0.7460,  1.015751
0.7465,  1.006225
0.7470,  0.990951
0.7475,  0.980002
0.7480,  0.983686
0.7485,  0.985163
0.7490,  0.994354
0.7495,  1.008054
0.7500,  1.020595
0.7505,  1.036149
0.7510,  1.046586
0.7515,  1.043187
0.7520,  1.033767
0.7525,  1.038284
0.7530,  1.045665
0.7535,  1.054504
0.7540,  1.065151
0.7545,  1.077854
0.7550,  1.087151
0.7555,  1.102375
0.7560,  1.114734
0.7565,  1.118998
0.7570,  1.143157
0.7575,  1.155208
0.7580,  1.216470
0.7585,  1.359414
0.7590,  1.685211
0.7595,  2.484848
0.7600,  Infinity
0.7605,  Infinity
0.7610,  Infinity
0.7615,  Infinity
0.7620,  Infinity
0.7625,  Infinity
0.7630,  Infinity
0.7635,  Infinity
0.7640,  Infinity
0.7645,  Infinity
0.7650,  Infinity
0.7655,  6.684119
0.7660,  3.289740
0.7665,  2.458985
0.7670,  2.072290
0.7675,  1.806084
0.7680,  1.652707
0.7685,  1.559729
0.7690,  1.478793
0.7695,  1.412566
0.7700,  1.354363
0.7705,  1.327823
0.7710,  1.329446
0.7715,  1.350964
0.7720,  1.355054
0.7725,  1.362493
0.7730,  1.371390
0.7735,  1.391203
0.7740,  1.389034
0.7745,  1.401225
0.7750,  1.396644
0.7755,  1.392667
0.7760,  1.391832
0.7765,  1.406169
0.7770,  1.451514
0.7775,  1.485660
0.7780,  1.511524
0.7785,  1.518206
0.7790,  1.490406
0.7795,  1.471637
0.7800,  1.461388
0.7805,  1.448821
0.7810,  1.465612
0.7815,  1.472662
0.7820,  1.486221
0.7825,  1.527801
0.7830,  1.590099
0.7835,  1.617499
0.7840,  1.623763
0.7845,  1.627151
0.7850,  1.640678
0.7855,  1.651486
0.7860,  1.673723
0.7865,  1.729650
0.7870,  1.750675
0.7875,  1.765448
0.7880,  1.785698
0.7885,  1.884561
0.7890,  1.989850
0.7895,  2.136805
0.7900,  2.179224
0.7905,  2.158269
0.7910,  2.139115
0.7915,  2.116544
0.7920,  2.118440
0.7925,  2.159737
0.7930,  2.223145
0.7935,  2.283045
0.7940,  2.308686
0.7945,  2.367115
0.7950,  2.422335
0.7955,  2.420721
0.7960,  2.385310
0.7965,  2.304963
0.7970,  2.202741
0.7975,  2.223390
0.7980,  2.250170
0.7985,  2.380861
0.7990,  2.575684
0.7995,  2.729402
0.8000,  2.984145
0.8005,  3.076981
0.8010,  3.148072
0.8015,  2.998938
0.8020,  2.913346
0.8025,  2.855463
0.8030,  2.947081
0.8035,  3.194750
0.8040,  3.288197
0.8045,  3.187606
0.8050,  3.214506
0.8055,  3.246517
0.8060,  3.200302
0.8065,  3.318348
0.8070,  3.478027
0.8075,  3.821155
0.8080,  3.679239
0.8085,  3.817541
0.8090,  4.941015
0.8095,  Infinity
0.8100,  Infinity
0.8105,  Infinity
0.8110,  Infinity
0.8115,  Infinity
0.8120,  Infinity
0.8125,  Infinity
0.8130,  Infinity
0.8135,  Infinity
0.8140,  Infinity
0.8145,  Infinity
0.8150,  Infinity
0.8155,  Infinity
0.8160,  Infinity
0.8165,  Infinity
0.8170,  Infinity
0.8175,  Infinity
0.8180,  Infinity
0.8185,  Infinity
0.8190,  Infinity
0.8195,  Infinity
0.8200,  Infinity
0.8205,  Infinity
0.8210,  Infinity
0.8215,  Infinity
0.8220,  Infinity
0.8225,  Infinity
0.8230,  Infinity
0.8235,  Infinity
0.8240,  Infinity
0.8245,  Infinity
0.8250,  Infinity
0.8255,  Infinity
0.8260,  Infinity
0.8265,  Infinity
0.8270,  Infinity
0.8275,  Infinity
0.8280,  Infinity
0.8285,  Infinity
0.8290,  Infinity
0.8295,  Infinity
0.8300,  Infinity
0.8305,  Infinity
0.8310,  Infinity
0.8315,  Infinity
0.8320,  Infinity
0.8325,  Infinity
0.8330,  Infinity
0.8335,  Infinity
0.8340,  Infinity
0.8345,  Infinity
0.8350,  Infinity
0.8355,  Infinity
0.8360,  Infinity
0.8365,  Infinity
0.8370,  Infinity
0.8375,  Infinity
0.8380,  Infinity
0.8385,  Infinity
0.8390,  Infinity
0.8395,  Infinity
0.8400,  Infinity
0.8405,  Infinity
0.8410,  Infinity
0.8415,  Infinity
0.8420,  Infinity
0.8425,  Infinity
0.8430,  Infinity
0.8435,  Infinity
0.8440,  Infinity
0.8445,  Infinity
0.8450,  Infinity
0.8455,  Infinity
0.8460,  Infinity
0.8465,  Infinity
0.8470,  Infinity
0.8475,  Infinity
0.8480,  Infinity
0.8485,  Infinity
0.8490,  Infinity
0.8495,  Infinity
0.8500,  Infinity
0.8505,  Infinity
0.8510,  Infinity
0.8515,  Infinity
0.8520,  Infinity
0.8525,  Infinity
0.8530,  Infinity
0.8535,  Infinity
0.8540,  Infinity
0.8545,  Infinity
0.8550,  Infinity
0.8555,  Infinity
0.8560,  Infinity
0.8565,  Infinity
0.8570,  Infinity
0.8575,  Infinity
0.8580,  Infinity
0.8585,  Infinity
0.8590,  Infinity
0.8595,  Infinity
0.8600,  Infinity
0.8605,  Infinity
0.8610,  Infinity
0.8615,  Infinity
0.8620,  Infinity
0.8625,  Infinity
0.8630,  Infinity
0.8635,  Infinity
0.8640,  Infinity
0.8645,  Infinity
0.8650,  Infinity
0.8655,  Infinity
0.8660,  Infinity
0.8665,  Infinity
0.8670,  Infinity
0.8675,  Infinity
0.8680,  Infinity
0.8685,  Infinity
0.8690,  Infinity
0.8695,  Infinity
0.8700,  Infinity
0.8705,  Infinity
0.8710,  Infinity
0.8715,  Infinity
0.8720,  Infinity
0.8725,  Infinity
0.8730,  Infinity
0.8735,  Infinity
0.8740,  Infinity
0.8745,  Infinity
0.8750,  Infinity
0.8755,  Infinity
0.8760,  Infinity
0.8765,  Infinity
0.8770,  Infinity
0.8775,  Infinity
0.8780,  Infinity
0.8785,  Infinity
0.8790,  Infinity
0.8795,  Infinity
0.8800,  Infinity
0.8805,  Infinity
0.8810,  Infinity
0.8815,  Infinity
0.8820,  Infinity
0.8825,  Infinity
0.8830,  Infinity
0.8835,  Infinity
0.8840,  Infinity
0.8845,  Infinity
0.8850,  Infinity
0.8855,  Infinity
0.8860,  Infinity
0.8865,  Infinity
0.8870,  Infinity
0.8875,  Infinity
0.8880,  Infinity
0.8885,  Infinity
0.8890,  Infinity
0.8895,  Infinity
0.8900,  Infinity
