0.3500,  0.376641
0.3505,  0.430819
0.3510,  0.393671
0.3515,  0.348035
0.3520,  0.298370
0.3525,  0.249842
0.3530,  0.287110
0.3535,  0.322144
0.3540,  0.345893
0.3545,  0.375928
0.3550,  0.348449
0.3555,  0.329859
0.3560,  0.293891
0.3565,  0.256647
0.3570,  0.223430
0.3575,  0.192560
0.3580,  0.149389
0.3585,  0.093120
0.3590,  0.264105
0.3595,  0.407858
0.3600,  0.395838
0.3605,  0.384264
0.3610,  0.328710
0.3615,  0.270386
0.3620,  0.310499
0.3625,  0.344487
0.3630,  0.326302
0.3635,  0.304936
0.3640,  0.293583
0.3645,  0.273968
0.3650,  0.301721
0.3655,  0.326168
0.3660,  0.328179
0.3665,  0.336158
0.3670,  0.307284
0.3675,  0.284103
0.3680,  0.251449
0.3685,  0.218111
0.3690,  0.265915
0.3695,  0.307296
0.3700,  0.276479
0.3705,  0.244465
0.3710,  0.261857
0.3715,  0.281981
0.3720,  0.247785
0.3725,  0.217847
0.3730,  0.185788
0.3735,  0.150519
0.3740,  0.164761
0.3745,  0.171259
0.3750,  0.251588
0.3755,  0.314454
0.3760,  0.304175
0.3765,  0.282585
0.3770,  0.325715
0.3775,  0.364100
0.3780,  0.355224
0.3785,  0.359819
0.3790,  0.263735
0.3795,  0.158333
0.3800,  0.216579
0.3805,  0.281318
0.3810,  0.255655
0.3815,  0.238618
0.3820,  0.159566
0.3825,  0.064913
0.3830,  0.047678
0.3835,  0.010446
0.3840,  0.184416
0.3845,  0.316011
0.3850,  0.326379
0.3855,  0.333735
0.3860,  0.313661
0.3865,  0.293930
0.3870,  0.280642
0.3875,  0.269591
0.3880,  0.244339
0.3885,  0.217300
0.3890,  0.275160
0.3895,  0.317209
0.3900,  0.309821
0.3905,  0.304554
0.3910,  0.316683
0.3915,  0.345564
0.3920,  0.250615
0.3925,  0.157778
0.3930,  -0.008037
0.3935,  -0.250578
0.3940,  0.051048
0.3945,  0.259387
0.3950,  0.361230
0.3955,  0.459378
0.3960,  0.295008
0.3965,  0.083725
0.3970,  0.102088
0.3975,  0.098010
0.3980,  0.290370
0.3985,  0.418213
0.3990,  0.390644
0.3995,  0.369024
0.4000,  0.325197
0.4005,  0.288613
0.4010,  0.273062
0.4015,  0.264330
0.4020,  0.248059
0.4025,  0.240160
0.4030,  0.216065
0.4035,  0.191942
0.4040,  0.182639
0.4045,  0.177310
0.4050,  0.174125
0.4055,  0.174101
0.4060,  0.159612
0.4065,  0.147751
0.4070,  0.165953
0.4075,  0.177520
0.4080,  0.202180
0.4085,  0.224177
0.4090,  0.214574
0.4095,  0.208624
0.4100,  0.162995
0.4105,  0.109264
0.4110,  0.177033
0.4115,  0.237390
0.4120,  0.220193
0.4125,  0.202595
0.4130,  0.187800
0.4135,  0.179698
0.4140,  0.174988
0.4145,  0.167235
0.4150,  0.162960
0.4155,  0.158206
0.4160,  0.183126
0.4165,  0.209978
0.4170,  0.170364
0.4175,  0.127867
0.4180,  0.135409
0.4185,  0.142745
0.4190,  0.148640
0.4195,  0.150440
0.4200,  0.165068
0.4205,  0.179995
0.4210,  0.188058
0.4215,  0.199264
0.4220,  0.151467
0.4225,  0.098941
0.4230,  0.136922
0.4235,  0.173724
0.4240,  0.186296
0.4245,  0.201137
0.4250,  0.186618
0.4255,  0.168161
0.4260,  0.171074
0.4265,  0.181376
0.4270,  0.149866
0.4275,  0.119612
0.4280,  0.133633
0.4285,  0.149318
0.4290,  0.135132
0.4295,  0.129990
0.4300,  0.046414
0.4305,  -0.062526
0.4310,  0.133300
0.4315,  0.277092
0.4320,  0.246619
0.4325,  0.212761
0.4330,  0.213493
0.4335,  0.217619
0.4340,  0.188397
0.4345,  0.159767
0.4350,  0.160712
0.4355,  0.159389
0.4360,  0.198662
0.4365,  0.239311
0.4370,  0.207133
0.4375,  0.179304
0.4380,  0.126562
0.4385,  0.066247
0.4390,  0.135894
0.4395,  0.198076
0.4400,  0.166503
0.4405,  0.130371
0.4410,  0.173431
0.4415,  0.211678
0.4420,  0.211882
0.4425,  0.210355
0.4430,  0.183936
0.4435,  0.162651
0.4440,  0.172991
0.4445,  0.185412
0.4450,  0.151104
0.4455,  0.112489
0.4460,  0.128722
0.4465,  0.141931
0.4470,  0.176271
0.4475,  0.210042
0.4480,  0.182716
0.4485,  0.150601
0.4490,  0.154078
0.4495,  0.155499
0.4500,  0.168157
0.4505,  0.185159
0.4510,  0.172703
0.4515,  0.165474
0.4520,  0.135416
0.4525,  0.107907
0.4530,  0.120283
0.4535,  0.129494
0.4540,  0.135597
0.4545,  0.138075
0.4550,  0.149518
0.4555,  0.159912
0.4560,  0.165116
0.4565,  0.168772
0.4570,  0.170130
0.4575,  0.174280
0.4580,  0.146560
0.4585,  0.119413
0.4590,  0.130621
0.4595,  0.140280
0.4600,  0.146918
0.4605,  0.153009
0.4610,  0.153518
0.4615,  0.151852
0.4620,  0.158700
0.4625,  0.167147
0.4630,  0.152958
0.4635,  0.143528
0.4640,  0.136596
0.4645,  0.127689
0.4650,  0.147596
0.4655,  0.169833
0.4660,  0.145967
0.4665,  0.120803
0.4670,  0.143432
0.4675,  0.165688
0.4680,  0.161867
0.4685,  0.160186
0.4690,  0.163245
0.4695,  0.167678
0.4700,  0.145526
0.4705,  0.119928
0.4710,  0.150502
0.4715,  0.179917
0.4720,  0.179013
0.4725,  0.180345
0.4730,  0.169980
0.4735,  0.159008
0.4740,  0.168986
0.4745,  0.178521
0.4750,  0.168713
0.4755,  0.159775
0.4760,  0.147168
0.4765,  0.134887
0.4770,  0.160204
0.4775,  0.183762
0.4780,  0.165048
0.4785,  0.146782
0.4790,  0.159266
0.4795,  0.170746
0.4800,  0.159558
0.4805,  0.151235
0.4810,  0.161928
0.4815,  0.173173
0.4820,  0.159322
0.4825,  0.149219
0.4830,  0.152167
0.4835,  0.157853
0.4840,  0.155594
0.4845,  0.157456
0.4850,  0.143127
0.4855,  0.129737
0.4860,  0.096294
0.4865,  0.051655
0.4870,  0.107010
0.4875,  0.153030
0.4880,  0.164518
0.4885,  0.172672
0.4890,  0.170506
0.4895,  0.169895
0.4900,  0.171202
0.4905,  0.178311
0.4910,  0.154605
0.4915,  0.131574
0.4920,  0.133775
0.4925,  0.133049
0.4930,  0.127792
0.4935,  0.119983
0.4940,  0.152150
0.4945,  0.184150
0.4950,  0.149666
0.4955,  0.114818
0.4960,  0.133347
0.4965,  0.152936
0.4970,  0.156181
0.4975,  0.162313
0.4980,  0.131620
0.4985,  0.097509
0.4990,  0.124268
0.4995,  0.152057
0.5000,  0.129991
0.5005,  0.108010
0.5010,  0.103133
0.5015,  0.095053
0.5020,  0.114402
0.5025,  0.133053
0.5030,  0.142162
0.5035,  0.150191
0.5040,  0.134527
0.5045,  0.114368
0.5050,  0.134722
0.5055,  0.156805
0.5060,  0.145072
0.5065,  0.135777
0.5070,  0.125771
0.5075,  0.116098
0.5080,  0.119926
0.5085,  0.122281
0.5090,  0.121745
0.5095,  0.119622
0.5100,  0.122722
0.5105,  0.125358
0.5110,  0.134202
0.5115,  0.144661
0.5120,  0.118307
0.5125,  0.094098
0.5130,  0.100624
0.5135,  0.104075
0.5140,  0.111510
0.5145,  0.116634
0.5150,  0.126305
0.5155,  0.141462
0.5160,  0.101002
0.5165,  0.058405
0.5170,  0.087223
0.5175,  0.110724
0.5180,  0.093755
0.5185,  0.069962
0.5190,  0.107478
0.5195,  0.141029
0.5200,  0.130806
0.5205,  0.120487
0.5210,  0.129976
0.5215,  0.141128
0.5220,  0.118430
0.5225,  0.096072
0.5230,  0.110690
0.5235,  0.120743
0.5240,  0.129049
0.5245,  0.140786
0.5250,  0.136782
0.5255,  0.136512
0.5260,  0.085675
0.5265,  0.030315
0.5270,  0.074817
0.5275,  0.109516
0.5280,  0.116737
0.5285,  0.122878
0.5290,  0.120022
0.5295,  0.117153
0.5300,  0.118309
0.5305,  0.121239
0.5310,  0.122135
0.5315,  0.129246
0.5320,  0.091631
0.5325,  0.050693
0.5330,  0.093442
0.5335,  0.131556
0.5340,  0.113784
0.5345,  0.093342
0.5350,  0.118231
0.5355,  0.144502
0.5360,  0.118054
0.5365,  0.092167
0.5370,  0.096102
0.5375,  0.100890
0.5380,  0.108821
0.5385,  0.117901
0.5390,  0.107262
0.5395,  0.097838
0.5400,  0.087580
0.5405,  0.074819
0.5410,  0.101864
0.5415,  0.127123
0.5420,  0.111486
0.5425,  0.095778
0.5430,  0.106716
0.5435,  0.115789
0.5440,  0.113357
0.5445,  0.112543
0.5450,  0.116992
0.5455,  0.120114
0.5460,  0.115805
0.5465,  0.112580
0.5470,  0.103774
0.5475,  0.095456
0.5480,  0.104760
0.5485,  0.110458
0.5490,  0.115335
0.5495,  0.120715
0.5500,  0.111996
0.5505,  0.105091
0.5510,  0.108502
0.5515,  0.111290
0.5520,  0.107450
0.5525,  0.101218
0.5530,  0.109761
0.5535,  0.118840
0.5540,  0.122334
0.5545,  0.123898
0.5550,  0.124862
0.5555,  0.126692
0.5560,  0.110864
0.5565,  0.096595
0.5570,  0.106703
0.5575,  0.118983
0.5580,  0.111920
0.5585,  0.102824
0.5590,  0.107866
0.5595,  0.110461
0.5600,  0.115064
0.5605,  0.119325
0.5610,  0.114211
0.5615,  0.109701
0.5620,  0.114950
0.5625,  0.120846
0.5630,  0.123669
0.5635,  0.127363
0.5640,  0.128882
0.5645,  0.130219
0.5650,  0.119690
0.5655,  0.107945
0.5660,  0.115514
0.5665,  0.122132
0.5670,  0.134802
0.5675,  0.149279
0.5680,  0.133633
0.5685,  0.117225
0.5690,  0.131974
0.5695,  0.147010
0.5700,  0.128140
0.5705,  0.106123
0.5710,  0.115797
0.5715,  0.121484
0.5720,  0.131652
0.5725,  0.142499
0.5730,  0.135828
0.5735,  0.130579
0.5740,  0.128285
0.5745,  0.128469
0.5750,  0.121684
0.5755,  0.112134
0.5760,  0.114992
0.5765,  0.120507
0.5770,  0.124681
0.5775,  0.129786
0.5780,  0.113017
0.5785,  0.095505
0.5790,  0.104453
0.5795,  0.112586
0.5800,  0.112009
0.5805,  0.112155
0.5810,  0.114741
0.5815,  0.117007
0.5820,  0.119843
0.5825,  0.121006
0.5830,  0.115984
0.5835,  0.113878
0.5840,  0.117057
0.5845,  0.124429
0.5850,  0.112252
0.5855,  0.097970
0.5860,  0.112891
0.5865,  0.125410
0.5870,  0.133178
0.5875,  0.148359
0.5880,  0.141600
0.5885,  0.133316
0.5890,  0.109663
0.5895,  0.077430
0.5900,  0.128721
0.5905,  0.173919
0.5910,  0.160633
0.5915,  0.147555
0.5920,  0.146201
0.5925,  0.144674
0.5930,  0.138720
0.5935,  0.137339
0.5940,  0.132692
0.5945,  0.130210
0.5950,  0.135883
0.5955,  0.137589
0.5960,  0.140049
0.5965,  0.143195
0.5970,  0.135307
0.5975,  0.129953
0.5980,  0.125189
0.5985,  0.121421
0.5990,  0.129645
0.5995,  0.137538
0.6000,  0.132934
0.6005,  0.129243
0.6010,  0.132306
0.6015,  0.131891
0.6020,  0.120269
0.6025,  0.107807
0.6030,  0.122094
0.6035,  0.137220
0.6040,  0.134947
0.6045,  0.134476
0.6050,  0.132462
0.6055,  0.128299
0.6060,  0.125887
0.6065,  0.124057
0.6070,  0.123379
0.6075,  0.125993
0.6080,  0.126867
0.6085,  0.128073
0.6090,  0.134442
0.6095,  0.138008
0.6100,  0.129410
0.6105,  0.117762
0.6110,  0.127417
0.6115,  0.138320
0.6120,  0.129582
0.6125,  0.121183
0.6130,  0.119129
0.6135,  0.117918
0.6140,  0.128156
0.6145,  0.139940
0.6150,  0.145798
0.6155,  0.151421
0.6160,  0.126344
0.6165,  0.096377
0.6170,  0.120573
0.6175,  0.144337
0.6180,  0.149906
0.6185,  0.156675
0.6190,  0.152810
0.6195,  0.145465
0.6200,  0.150312
0.6205,  0.156308
0.6210,  0.144579
0.6215,  0.132839
0.6220,  0.141893
0.6225,  0.152612
0.6230,  0.146078
0.6235,  0.140438
0.6240,  0.144716
0.6245,  0.146315
0.6250,  0.139881
0.6255,  0.133051
0.6260,  0.150654
0.6265,  0.167570
0.6270,  0.169005
0.6275,  0.170722
0.6280,  0.172930
0.6285,  0.176688
0.6290,  0.176467
0.6295,  0.173476
0.6300,  0.168819
0.6305,  0.164030
0.6310,  0.156774
0.6315,  0.154388
0.6320,  0.152088
0.6325,  0.150085
0.6330,  0.151523
0.6335,  0.153908
0.6340,  0.157843
0.6345,  0.163487
0.6350,  0.166809
0.6355,  0.165218
0.6360,  0.164762
0.6365,  0.159996
0.6370,  0.154833
0.6375,  0.150541
0.6380,  0.149676
0.6385,  0.151674
0.6390,  0.155923
0.6395,  0.158496
0.6400,  0.159175
0.6405,  0.158128
0.6410,  0.152765
0.6415,  0.151527
0.6420,  0.148374
0.6425,  0.145594
0.6430,  0.144733
0.6435,  0.145288
0.6440,  0.148668
0.6445,  0.156319
0.6450,  0.164737
0.6455,  0.168672
0.6460,  0.172286
0.6465,  0.173663
0.6470,  0.171592
0.6475,  0.167829
0.6480,  0.165357
0.6485,  0.162261
0.6490,  0.158015
0.6495,  0.163963
0.6500,  0.167267
0.6505,  0.171038
0.6510,  0.175725
0.6515,  0.173721
0.6520,  0.173333
0.6525,  0.169715
0.6530,  0.166836
0.6535,  0.159503
0.6540,  0.158410
0.6545,  0.166819
0.6550,  0.180196
0.6555,  0.182250
0.6560,  0.172076
0.6565,  0.142347
0.6570,  0.103938
0.6575,  0.113345
0.6580,  0.124594
0.6585,  0.136560
0.6590,  0.150628
0.6595,  0.146050
0.6600,  0.143131
0.6605,  0.139077
0.6610,  0.137366
0.6615,  0.134797
0.6620,  0.134090
0.6625,  0.131150
0.6630,  0.132592
0.6635,  0.139082
0.6640,  0.141382
0.6645,  0.143319
0.6650,  0.143802
0.6655,  0.139269
0.6660,  0.135304
0.6665,  0.131760
0.6670,  0.127911
0.6675,  0.128985
0.6680,  0.128463
0.6685,  0.129678
0.6690,  0.133205
0.6695,  0.132709
0.6700,  0.132426
0.6705,  0.132570
0.6710,  0.134486
0.6715,  0.137860
0.6720,  0.138642
0.6725,  0.141353
0.6730,  0.140576
0.6735,  0.138197
0.6740,  0.138708
0.6745,  0.140710
0.6750,  0.139958
0.6755,  0.139040
0.6760,  0.137974
0.6765,  0.140188
0.6770,  0.142633
0.6775,  0.145707
0.6780,  0.146761
0.6785,  0.145251
0.6790,  0.142456
0.6795,  0.139430
0.6800,  0.136784
0.6805,  0.135704
0.6810,  0.135073
0.6815,  0.138659
0.6820,  0.144173
0.6825,  0.149437
0.6830,  0.154290
0.6835,  0.154499
0.6840,  0.153931
0.6845,  0.151719
0.6850,  0.156310
0.6855,  0.181120
0.6860,  0.218371
0.6865,  0.256551
0.6870,  0.285078
0.6875,  0.291981
0.6880,  0.291874
0.6885,  0.286341
0.6890,  0.282200
0.6895,  0.276007
0.6900,  0.266721
0.6905,  0.257483
0.6910,  0.248127
0.6915,  0.240655
0.6920,  0.237559
0.6925,  0.236715
0.6930,  0.239328
0.6935,  0.242275
0.6940,  0.243844
0.6945,  0.240176
0.6950,  0.232257
0.6955,  0.223820
0.6960,  0.213270
0.6965,  0.206757
0.6970,  0.200671
0.6975,  0.202699
0.6980,  0.208976
0.6985,  0.214590
0.6990,  0.220565
0.6995,  0.222245
0.7000,  0.220980
0.7005,  0.220655
0.7010,  0.220500
0.7015,  0.225795
0.7020,  0.226837
0.7025,  0.226190
0.7030,  0.225456
0.7035,  0.227925
0.7040,  0.227997
0.7045,  0.229209
0.7050,  0.233566
0.7055,  0.231653
0.7060,  0.226751
0.7065,  0.219585
0.7070,  0.214085
0.7075,  0.211463
0.7080,  0.210916
0.7085,  0.206455
0.7090,  0.200780
0.7095,  0.199658
0.7100,  0.200954
0.7105,  0.203022
0.7110,  0.209181
0.7115,  0.209261
0.7120,  0.207942
0.7125,  0.211704
0.7130,  0.212230
0.7135,  0.218978
0.7140,  0.224136
0.7145,  0.228011
0.7150,  0.239332
0.7155,  0.258880
0.7160,  0.289735
0.7165,  0.323327
0.7170,  0.359577
0.7175,  0.393973
0.7180,  0.427245
0.7185,  0.453489
0.7190,  0.461529
0.7195,  0.465515
0.7200,  0.449353
0.7205,  0.418169
0.7210,  0.382081
0.7215,  0.358676
0.7220,  0.353553
0.7225,  0.363145
0.7230,  0.386351
0.7235,  0.409782
0.7240,  0.427326
0.7245,  0.435872
0.7250,  0.437439
0.7255,  0.433289
0.7260,  0.431878
0.7265,  0.430122
0.7270,  0.429741
0.7275,  0.426346
0.7280,  0.422104
0.7285,  0.413230
0.7290,  0.406889
0.7295,  0.406473
0.7300,  0.406749
0.7305,  0.402384
0.7310,  0.389975
0.7315,  0.372260
0.7320,  0.353076
0.7325,  0.331398
0.7330,  0.312814
0.7335,  0.298872
0.7340,  0.284215
0.7345,  0.274399
0.7350,  0.270989
0.7355,  0.269579
0.7360,  0.269073
0.7365,  0.267428
0.7370,  0.264065
0.7375,  0.257395
0.7380,  0.252230
0.7385,  0.249956
0.7390,  0.244890
0.7395,  0.235914
0.7400,  0.232304
0.7405,  0.228375
0.7410,  0.225247
0.7415,  0.228352
0.7420,  0.230283
0.7425,  0.229546
0.7430,  0.228990
0.7435,  0.224909
0.7440,  0.226540
0.7445,  0.227891
0.7450,  0.224160
0.7455,  0.221599
0.7460,  0.220794
0.7465,  0.218648
0.7470,  0.221280
0.7475,  0.221676
0.7480,  0.226639
0.7485,  0.230043
0.7490,  0.231878
0.7495,  0.234381
0.7500,  0.232729
0.7505,  0.232120
0.7510,  0.233195
0.7515,  0.233595
0.7520,  0.230494
0.7525,  0.227051
0.7530,  0.227726
0.7535,  0.230631
0.7540,  0.233099
0.7545,  0.233107
0.7550,  0.234988
0.7555,  0.232648
0.7560,  0.232847
0.7565,  0.230180
0.7570,  0.231064
0.7575,  0.238903
0.7580,  0.266900
0.7585,  0.334204
0.7590,  0.455664
0.7595,  0.631358
0.7600,  0.826567
0.7605,  0.961392
0.7610,  1.001125
0.7615,  0.974068
0.7620,  0.936839
0.7625,  0.908855
0.7630,  0.891212
0.7635,  0.848756
0.7640,  0.787658
0.7645,  0.719152
0.7650,  0.647969
0.7655,  0.567479
0.7660,  0.496887
0.7665,  0.432211
0.7670,  0.379031
0.7675,  0.342570
0.7680,  0.316130
0.7685,  0.295202
0.7690,  0.285450
0.7695,  0.274594
0.7700,  0.264064
0.7705,  0.259825
0.7710,  0.260008
0.7715,  0.265031
0.7720,  0.271803
0.7725,  0.271742
0.7730,  0.273284
0.7735,  0.267997
0.7740,  0.262654
0.7745,  0.252307
0.7750,  0.249300
0.7755,  0.250482
0.7760,  0.248243
0.7765,  0.251609
0.7770,  0.257733
0.7775,  0.260258
0.7780,  0.261927
0.7785,  0.262742
0.7790,  0.258776
0.7795,  0.257743
0.7800,  0.256214
0.7805,  0.257586
0.7810,  0.257123
0.7815,  0.255444
0.7820,  0.258750
0.7825,  0.260561
0.7830,  0.259792
0.7835,  0.262229
0.7840,  0.264538
0.7845,  0.261621
0.7850,  0.262905
0.7855,  0.260071
0.7860,  0.263734
0.7865,  0.269083
0.7870,  0.271413
0.7875,  0.274318
0.7880,  0.287549
0.7885,  0.295357
0.7890,  0.301474
0.7895,  0.305487
0.7900,  0.310885
0.7905,  0.317586
0.7910,  0.317179
0.7915,  0.312824
0.7920,  0.306509
0.7925,  0.305228
0.7930,  0.296370
0.7935,  0.292282
0.7940,  0.291576
0.7945,  0.292465
0.7950,  0.300111
0.7955,  0.312962
0.7960,  0.319448
0.7965,  0.315044
0.7970,  0.311880
0.7975,  0.307565
0.7980,  0.308820
0.7985,  0.315390
0.7990,  0.320571
0.7995,  0.324937
0.8000,  0.332906
0.8005,  0.336718
0.8010,  0.338328
0.8015,  0.335251
0.8020,  0.340044
0.8025,  0.334478
0.8030,  0.326591
0.8035,  0.327599
0.8040,  0.331128
0.8045,  0.326927
0.8050,  0.327299
0.8055,  0.324495
0.8060,  0.322710
0.8065,  0.326541
0.8070,  0.331939
0.8075,  0.324719
0.8080,  0.318470
0.8085,  0.314587
0.8090,  0.316340
0.8095,  0.323879
0.8100,  0.333963
0.8105,  0.345397
0.8110,  0.362223
0.8115,  0.374582
0.8120,  0.394156
0.8125,  0.425615
0.8130,  0.456953
0.8135,  0.485942
0.8140,  0.521085
0.8145,  0.549018
0.8150,  0.583743
0.8155,  0.605744
0.8160,  0.624930
0.8165,  0.640347
0.8170,  0.635376
0.8175,  0.624316
0.8180,  0.615347
0.8185,  0.595370
0.8190,  0.566652
0.8195,  0.543423
0.8200,  0.515209
0.8205,  0.502663
0.8210,  0.507028
0.8215,  0.540004
0.8220,  0.597636
0.8225,  0.641090
0.8230,  0.646578
0.8235,  0.624495
0.8240,  0.577061
0.8245,  0.528110
0.8250,  0.497250
0.8255,  0.473515
0.8260,  0.458321
0.8265,  0.461406
0.8270,  0.476597
0.8275,  0.506985
0.8280,  0.534070
0.8285,  0.537778
0.8290,  0.541951
0.8295,  0.539725
0.8300,  0.522742
0.8305,  0.512755
0.8310,  0.510506
0.8315,  0.513891
0.8320,  0.512486
0.8325,  0.506540
0.8330,  0.490561
0.8335,  0.472526
0.8340,  0.459508
0.8345,  0.452019
0.8350,  0.445977
0.8355,  0.438807
0.8360,  0.418883
0.8365,  0.410617
0.8370,  0.403522
0.8375,  0.399076
0.8380,  0.393113
0.8385,  0.398704
0.8390,  0.393721
0.8395,  0.388449
0.8400,  0.391430
0.8405,  0.397339
0.8410,  0.392385
0.8415,  0.391510
0.8420,  0.392150
0.8425,  0.376244
0.8430,  0.370280
0.8435,  0.367804
0.8440,  0.367115
0.8445,  0.368494
0.8450,  0.370619
0.8455,  0.368084
0.8460,  0.364051
0.8465,  0.355874
0.8470,  0.358237
0.8475,  0.360269
0.8480,  0.367082
0.8485,  0.371592
0.8490,  0.383513
0.8495,  0.390344
0.8500,  0.389843
0.8505,  0.397529
0.8510,  0.399193
0.8515,  0.396167
0.8520,  0.396391
0.8525,  0.373855
0.8530,  0.384678
0.8535,  0.392957
0.8540,  0.388857
0.8545,  0.418796
0.8550,  0.429385
0.8555,  0.436202
0.8560,  0.438966
0.8565,  0.430694
0.8570,  0.422575
0.8575,  0.412366
0.8580,  0.420591
0.8585,  0.417267
0.8590,  0.406309
0.8595,  0.398427
0.8600,  0.393747
0.8605,  0.402398
0.8610,  0.415297
0.8615,  0.418491
0.8620,  0.415139
0.8625,  0.407213
0.8630,  0.400375
0.8635,  0.409434
0.8640,  0.422830
0.8645,  0.417738
0.8650,  0.427942
0.8655,  0.442224
0.8660,  0.453076
0.8665,  0.468145
0.8670,  0.471536
0.8675,  0.476496
0.8680,  0.469627
0.8685,  0.452546
0.8690,  0.440553
0.8695,  0.438514
0.8700,  0.445553
0.8705,  0.455006
0.8710,  0.465064
0.8715,  0.481077
0.8720,  0.494836
0.8725,  0.493597
0.8730,  0.486832
0.8735,  0.481461
0.8740,  0.494023
0.8745,  0.497632
0.8750,  0.494224
0.8755,  0.483276
0.8760,  0.467065
0.8765,  0.467965
0.8770,  0.475035
0.8775,  0.492922
0.8780,  0.510407
0.8785,  0.510943
0.8790,  0.504429
0.8795,  0.501785
0.8800,  0.494680
0.8805,  0.496806
0.8810,  0.514400
0.8815,  0.525122
0.8820,  0.505856
0.8825,  0.496359
0.8830,  0.491267
0.8835,  0.498309
0.8840,  0.518025
0.8845,  0.526569
0.8850,  0.523577
0.8855,  0.511725
0.8860,  0.526361
0.8865,  0.540128
0.8870,  0.552108
0.8875,  0.563895
0.8880,  0.560253
0.8885,  0.555763
0.8890,  0.545904
0.8895,  0.562653
0.8900,  0.556437
