0.3500,  0.677103
0.3505,  0.742611
0.3510,  0.709080
0.3515,  0.678903
0.3520,  0.637600
0.3525,  0.590259
0.3530,  0.627397
0.3535,  0.651511
0.3540,  0.657335
0.3545,  0.670166
0.3550,  0.638010
0.3555,  0.623060
0.3560,  0.585517
0.3565,  0.559443
0.3570,  0.536580
0.3575,  0.508942
0.3580,  0.467194
0.3585,  0.410527
0.3590,  0.596351
0.3595,  0.733908
0.3600,  0.701851
0.3605,  0.680292
0.3610,  0.618187
0.3615,  0.555417
0.3620,  0.581921
0.3625,  0.622563
0.3630,  0.601723
0.3635,  0.584407
0.3640,  0.573445
0.3645,  0.555104
0.3650,  0.580298
0.3655,  0.604303
0.3660,  0.602901
0.3665,  0.603019
0.3670,  0.557261
0.3675,  0.514697
0.3680,  0.462488
0.3685,  0.414139
0.3690,  0.454468
0.3695,  0.499560
0.3700,  0.465542
0.3705,  0.427265
0.3710,  0.446086
0.3715,  0.474904
0.3720,  0.458394
0.3725,  0.443621
0.3730,  0.420089
0.3735,  0.391845
0.3740,  0.410184
0.3745,  0.421483
0.3750,  0.510069
0.3755,  0.579524
0.3760,  0.567647
0.3765,  0.544133
0.3770,  0.587710
0.3775,  0.627411
0.3780,  0.611790
0.3785,  0.603551
0.3790,  0.497931
0.3795,  0.385466
0.3800,  0.436000
0.3805,  0.488510
0.3810,  0.454966
0.3815,  0.438395
0.3820,  0.360539
0.3825,  0.268145
0.3830,  0.265370
0.3835,  0.247380
0.3840,  0.437192
0.3845,  0.580784
0.3850,  0.597260
0.3855,  0.610081
0.3860,  0.588263
0.3865,  0.564222
0.3870,  0.547068
0.3875,  0.530891
0.3880,  0.502440
0.3885,  0.470145
0.3890,  0.525094
0.3895,  0.563730
0.3900,  0.551131
0.3905,  0.538168
0.3910,  0.538630
0.3915,  0.555640
0.3920,  0.449922
0.3925,  0.358859
0.3930,  0.193204
0.3935,  -0.049740
0.3940,  0.273698
0.3945,  0.501544
0.3950,  0.608782
0.3955,  0.704119
0.3960,  0.531417
0.3965,  0.319200
0.3970,  0.340578
0.3975,  0.340614
0.3980,  0.535936
0.3985,  0.654603
0.3990,  0.611869
0.3995,  0.579455
0.4000,  0.524703
0.4005,  0.477760
0.4010,  0.452167
0.4015,  0.432777
0.4020,  0.408199
0.4025,  0.393552
0.4030,  0.359832
0.4035,  0.326679
0.4040,  0.315679
0.4045,  0.314014
0.4050,  0.316808
0.4055,  0.319251
0.4060,  0.303556
0.4065,  0.290035
0.4070,  0.306464
0.4075,  0.319257
0.4080,  0.348335
0.4085,  0.372874
0.4090,  0.361084
0.4095,  0.350365
0.4100,  0.299311
0.4105,  0.240012
0.4110,  0.309243
0.4115,  0.374165
0.4120,  0.359355
0.4125,  0.341632
0.4130,  0.324649
0.4135,  0.311429
0.4140,  0.306257
0.4145,  0.301104
0.4150,  0.297155
0.4155,  0.290297
0.4160,  0.310806
0.4165,  0.335368
0.4170,  0.291595
0.4175,  0.248558
0.4180,  0.257090
0.4185,  0.268959
0.4190,  0.278423
0.4195,  0.285741
0.4200,  0.302179
0.4205,  0.319428
0.4210,  0.327842
0.4215,  0.338080
0.4220,  0.287994
0.4225,  0.233377
0.4230,  0.269054
0.4235,  0.305257
0.4240,  0.315581
0.4245,  0.330842
0.4250,  0.317909
0.4255,  0.302129
0.4260,  0.306790
0.4265,  0.315009
0.4270,  0.281020
0.4275,  0.249436
0.4280,  0.258817
0.4285,  0.274837
0.4290,  0.260973
0.4295,  0.251333
0.4300,  0.165829
0.4305,  0.060247
0.4310,  0.265108
0.4315,  0.417696
0.4320,  0.385762
0.4325,  0.352614
0.4330,  0.358163
0.4335,  0.359002
0.4340,  0.323249
0.4345,  0.291187
0.4350,  0.288252
0.4355,  0.283209
0.4360,  0.319486
0.4365,  0.359211
0.4370,  0.325768
0.4375,  0.297628
0.4380,  0.245277
0.4385,  0.185484
0.4390,  0.258222
0.4395,  0.321322
0.4400,  0.291269
0.4405,  0.257310
0.4410,  0.299583
0.4415,  0.335737
0.4420,  0.331054
0.4425,  0.325202
0.4430,  0.298546
0.4435,  0.278392
0.4440,  0.290701
0.4445,  0.301930
0.4450,  0.262486
0.4455,  0.222710
0.4460,  0.238948
0.4465,  0.254703
0.4470,  0.293048
0.4475,  0.328455
0.4480,  0.302970
0.4485,  0.267621
0.4490,  0.265851
0.4495,  0.264557
0.4500,  0.276004
0.4505,  0.287257
0.4510,  0.276849
0.4515,  0.269938
0.4520,  0.236410
0.4525,  0.205970
0.4530,  0.220750
0.4535,  0.235923
0.4540,  0.247798
0.4545,  0.255969
0.4550,  0.263411
0.4555,  0.271578
0.4560,  0.272191
0.4565,  0.271367
0.4570,  0.269273
0.4575,  0.272237
0.4580,  0.244679
0.4585,  0.217941
0.4590,  0.230857
0.4595,  0.242266
0.4600,  0.249617
0.4605,  0.256364
0.4610,  0.258105
0.4615,  0.255274
0.4620,  0.260198
0.4625,  0.267034
0.4630,  0.250928
0.4635,  0.240055
0.4640,  0.230518
0.4645,  0.222407
0.4650,  0.244639
0.4655,  0.267277
0.4660,  0.246243
0.4665,  0.225852
0.4670,  0.253757
0.4675,  0.274767
0.4680,  0.266506
0.4685,  0.264053
0.4690,  0.264366
0.4695,  0.265370
0.4700,  0.242409
0.4705,  0.214434
0.4710,  0.245970
0.4715,  0.276634
0.4720,  0.277030
0.4725,  0.277958
0.4730,  0.265908
0.4735,  0.252443
0.4740,  0.260935
0.4745,  0.271941
0.4750,  0.263830
0.4755,  0.255728
0.4760,  0.241963
0.4765,  0.226363
0.4770,  0.250351
0.4775,  0.274008
0.4780,  0.258290
0.4785,  0.241390
0.4790,  0.253877
0.4795,  0.265914
0.4800,  0.252852
0.4805,  0.242377
0.4810,  0.252735
0.4815,  0.262368
0.4820,  0.248366
0.4825,  0.237274
0.4830,  0.238488
0.4835,  0.243742
0.4840,  0.240265
0.4845,  0.240531
0.4850,  0.223375
0.4855,  0.211214
0.4860,  0.179728
0.4865,  0.135772
0.4870,  0.193387
0.4875,  0.241390
0.4880,  0.253128
0.4885,  0.259564
0.4890,  0.254090
0.4895,  0.251178
0.4900,  0.251599
0.4905,  0.256551
0.4910,  0.229484
0.4915,  0.204894
0.4920,  0.206304
0.4925,  0.207131
0.4930,  0.202553
0.4935,  0.194368
0.4940,  0.227728
0.4945,  0.259393
0.4950,  0.223751
0.4955,  0.186958
0.4960,  0.207338
0.4965,  0.226402
0.4970,  0.227304
0.4975,  0.230998
0.4980,  0.197894
0.4985,  0.164037
0.4990,  0.192434
0.4995,  0.220528
0.5000,  0.198731
0.5005,  0.175815
0.5010,  0.168624
0.5015,  0.158875
0.5020,  0.179639
0.5025,  0.199603
0.5030,  0.209426
0.5035,  0.217366
0.5040,  0.200316
0.5045,  0.180316
0.5050,  0.202743
0.5055,  0.224093
0.5060,  0.210562
0.5065,  0.200044
0.5070,  0.188996
0.5075,  0.179146
0.5080,  0.183527
0.5085,  0.186240
0.5090,  0.184630
0.5095,  0.181577
0.5100,  0.185838
0.5105,  0.190615
0.5110,  0.201205
0.5115,  0.211040
0.5120,  0.182240
0.5125,  0.155415
0.5130,  0.159244
0.5135,  0.161993
0.5140,  0.170471
0.5145,  0.176738
0.5150,  0.185842
0.5155,  0.201217
0.5160,  0.159710
0.5165,  0.117200
0.5170,  0.147612
0.5175,  0.174104
0.5180,  0.160810
0.5185,  0.138983
0.5190,  0.177196
0.5195,  0.210727
0.5200,  0.199613
0.5205,  0.189052
0.5210,  0.198061
0.5215,  0.209057
0.5220,  0.185195
0.5225,  0.162090
0.5230,  0.176211
0.5235,  0.187464
0.5240,  0.196872
0.5245,  0.207364
0.5250,  0.200715
0.5255,  0.199268
0.5260,  0.146774
0.5265,  0.090568
0.5270,  0.137259
0.5275,  0.175473
0.5280,  0.185966
0.5285,  0.191649
0.5290,  0.185671
0.5295,  0.180747
0.5300,  0.180815
0.5305,  0.185339
0.5310,  0.185772
0.5315,  0.190960
0.5320,  0.151590
0.5325,  0.109303
0.5330,  0.152716
0.5335,  0.190816
0.5340,  0.172919
0.5345,  0.152488
0.5350,  0.179301
0.5355,  0.206137
0.5360,  0.177059
0.5365,  0.149172
0.5370,  0.153154
0.5375,  0.158652
0.5380,  0.167443
0.5385,  0.175815
0.5390,  0.163920
0.5395,  0.153405
0.5400,  0.144647
0.5405,  0.133500
0.5410,  0.160801
0.5415,  0.186501
0.5420,  0.171817
0.5425,  0.156929
0.5430,  0.167854
0.5435,  0.176840
0.5440,  0.172635
0.5445,  0.171395
0.5450,  0.176970
0.5455,  0.180441
0.5460,  0.176233
0.5465,  0.173600
0.5470,  0.165051
0.5475,  0.155158
0.5480,  0.162958
0.5485,  0.169152
0.5490,  0.174767
0.5495,  0.180389
0.5500,  0.171719
0.5505,  0.163816
0.5510,  0.166601
0.5515,  0.170381
0.5520,  0.166867
0.5525,  0.161105
0.5530,  0.169608
0.5535,  0.178629
0.5540,  0.180127
0.5545,  0.180686
0.5550,  0.180518
0.5555,  0.182279
0.5560,  0.169067
0.5565,  0.155636
0.5570,  0.164714
0.5575,  0.175857
0.5580,  0.166871
0.5585,  0.158021
0.5590,  0.165575
0.5595,  0.170487
0.5600,  0.177059
0.5605,  0.181749
0.5610,  0.175274
0.5615,  0.169730
0.5620,  0.174826
0.5625,  0.182931
0.5630,  0.187076
0.5635,  0.190262
0.5640,  0.189276
0.5645,  0.188764
0.5650,  0.179006
0.5655,  0.168227
0.5660,  0.175056
0.5665,  0.181752
0.5670,  0.192928
0.5675,  0.205527
0.5680,  0.187410
0.5685,  0.169446
0.5690,  0.184332
0.5695,  0.200289
0.5700,  0.183096
0.5705,  0.161807
0.5710,  0.172881
0.5715,  0.180064
0.5720,  0.190684
0.5725,  0.201714
0.5730,  0.193528
0.5735,  0.189093
0.5740,  0.188141
0.5745,  0.188999
0.5750,  0.181761
0.5755,  0.173019
0.5760,  0.177444
0.5765,  0.181380
0.5770,  0.185225
0.5775,  0.193053
0.5780,  0.176979
0.5785,  0.158767
0.5790,  0.167260
0.5795,  0.175759
0.5800,  0.175074
0.5805,  0.174372
0.5810,  0.175368
0.5815,  0.177956
0.5820,  0.181546
0.5825,  0.182525
0.5830,  0.176533
0.5835,  0.170927
0.5840,  0.171452
0.5845,  0.177062
0.5850,  0.165931
0.5855,  0.153584
0.5860,  0.169922
0.5865,  0.183008
0.5870,  0.189053
0.5875,  0.200047
0.5880,  0.191021
0.5885,  0.182000
0.5890,  0.159850
0.5895,  0.130225
0.5900,  0.187453
0.5905,  0.235894
0.5910,  0.223793
0.5915,  0.211325
0.5920,  0.210036
0.5925,  0.208977
0.5930,  0.202353
0.5935,  0.200905
0.5940,  0.197720
0.5945,  0.194293
0.5950,  0.198793
0.5955,  0.200397
0.5960,  0.203208
0.5965,  0.206834
0.5970,  0.198900
0.5975,  0.191973
0.5980,  0.186212
0.5985,  0.180691
0.5990,  0.187456
0.5995,  0.193994
0.6000,  0.189951
0.6005,  0.187891
0.6010,  0.191454
0.6015,  0.191756
0.6020,  0.181625
0.6025,  0.169097
0.6030,  0.183362
0.6035,  0.197580
0.6040,  0.196198
0.6045,  0.200073
0.6050,  0.201492
0.6055,  0.198311
0.6060,  0.192845
0.6065,  0.188522
0.6070,  0.188504
0.6075,  0.190453
0.6080,  0.190160
0.6085,  0.191350
0.6090,  0.196945
0.6095,  0.200420
0.6100,  0.190881
0.6105,  0.180051
0.6110,  0.190442
0.6115,  0.203269
0.6120,  0.193869
0.6125,  0.184271
0.6130,  0.183371
0.6135,  0.182530
0.6140,  0.191618
0.6145,  0.202018
0.6150,  0.206669
0.6155,  0.211047
0.6160,  0.185228
0.6165,  0.157198
0.6170,  0.183623
0.6175,  0.208523
0.6180,  0.214387
0.6185,  0.219272
0.6190,  0.217658
0.6195,  0.213146
0.6200,  0.218841
0.6205,  0.223586
0.6210,  0.211202
0.6215,  0.198377
0.6220,  0.206449
0.6225,  0.218464
0.6230,  0.210459
0.6235,  0.203868
0.6240,  0.207106
0.6245,  0.209239
0.6250,  0.205954
0.6255,  0.198607
0.6260,  0.211019
0.6265,  0.222598
0.6270,  0.222855
0.6275,  0.225885
0.6280,  0.230130
0.6285,  0.234771
0.6290,  0.236075
0.6295,  0.237241
0.6300,  0.234731
0.6305,  0.228768
0.6310,  0.222443
0.6315,  0.219177
0.6320,  0.212885
0.6325,  0.212114
0.6330,  0.215294
0.6335,  0.219959
0.6340,  0.224409
0.6345,  0.226258
0.6350,  0.228646
0.6355,  0.228158
0.6360,  0.226978
0.6365,  0.225646
0.6370,  0.221868
0.6375,  0.218729
0.6380,  0.217422
0.6385,  0.218932
0.6390,  0.222584
0.6395,  0.220895
0.6400,  0.221427
0.6405,  0.218691
0.6410,  0.215233
0.6415,  0.217766
0.6420,  0.216417
0.6425,  0.214688
0.6430,  0.215357
0.6435,  0.215886
0.6440,  0.217495
0.6445,  0.224217
0.6450,  0.231993
0.6455,  0.232891
0.6460,  0.233953
0.6465,  0.233516
0.6470,  0.233631
0.6475,  0.230451
0.6480,  0.232618
0.6485,  0.231409
0.6490,  0.227091
0.6495,  0.233856
0.6500,  0.240893
0.6505,  0.247785
0.6510,  0.253652
0.6515,  0.252081
0.6520,  0.249054
0.6525,  0.243616
0.6530,  0.238120
0.6535,  0.227229
0.6540,  0.222801
0.6545,  0.225025
0.6550,  0.236081
0.6555,  0.242117
0.6560,  0.239407
0.6565,  0.220722
0.6570,  0.186850
0.6575,  0.197372
0.6580,  0.206999
0.6585,  0.217606
0.6590,  0.231361
0.6595,  0.226484
0.6600,  0.220385
0.6605,  0.217941
0.6610,  0.215760
0.6615,  0.210742
0.6620,  0.208171
0.6625,  0.207727
0.6630,  0.206330
0.6635,  0.211474
0.6640,  0.210267
0.6645,  0.211602
0.6650,  0.211031
0.6655,  0.206665
0.6660,  0.204028
0.6665,  0.201456
0.6670,  0.199267
0.6675,  0.202370
0.6680,  0.203322
0.6685,  0.205783
0.6690,  0.208242
0.6695,  0.207013
0.6700,  0.208422
0.6705,  0.211781
0.6710,  0.214857
0.6715,  0.219823
0.6720,  0.218639
0.6725,  0.215418
0.6730,  0.213189
0.6735,  0.211189
0.6740,  0.208700
0.6745,  0.207101
0.6750,  0.207449
0.6755,  0.210860
0.6760,  0.215515
0.6765,  0.222925
0.6770,  0.224904
0.6775,  0.221953
0.6780,  0.219415
0.6785,  0.219774
0.6790,  0.219552
0.6795,  0.219351
0.6800,  0.222148
0.6805,  0.223610
0.6810,  0.224993
0.6815,  0.225067
0.6820,  0.226909
0.6825,  0.227748
0.6830,  0.227402
0.6835,  0.229879
0.6840,  0.230923
0.6845,  0.230082
0.6850,  0.234597
0.6855,  0.253035
0.6860,  0.285086
0.6865,  0.326394
0.6870,  0.363885
0.6875,  0.382861
0.6880,  0.387158
0.6885,  0.383748
0.6890,  0.377328
0.6895,  0.369134
0.6900,  0.367161
0.6905,  0.355602
0.6910,  0.347792
0.6915,  0.336243
0.6920,  0.327259
0.6925,  0.323526
0.6930,  0.323835
0.6935,  0.321415
0.6940,  0.319586
0.6945,  0.321591
0.6950,  0.324479
0.6955,  0.319614
0.6960,  0.307650
0.6965,  0.299733
0.6970,  0.294496
0.6975,  0.302721
0.6980,  0.309106
0.6985,  0.312560
0.6990,  0.316276
0.6995,  0.315860
0.7000,  0.314488
0.7005,  0.315029
0.7010,  0.313385
0.7015,  0.319950
0.7020,  0.318065
0.7025,  0.312554
0.7030,  0.309273
0.7035,  0.311761
0.7040,  0.315399
0.7045,  0.320135
0.7050,  0.321519
0.7055,  0.318458
0.7060,  0.314553
0.7065,  0.307020
0.7070,  0.304014
0.7075,  0.299340
0.7080,  0.294916
0.7085,  0.293196
0.7090,  0.293365
0.7095,  0.296274
0.7100,  0.295915
0.7105,  0.298230
0.7110,  0.301641
0.7115,  0.297581
0.7120,  0.293950
0.7125,  0.294808
0.7130,  0.298716
0.7135,  0.303244
0.7140,  0.310062
0.7145,  0.317782
0.7150,  0.324957
0.7155,  0.343260
0.7160,  0.374299
0.7165,  0.411284
0.7170,  0.450073
0.7175,  0.485395
0.7180,  0.520302
0.7185,  0.543967
0.7190,  0.563643
0.7195,  0.574322
0.7200,  0.570760
0.7205,  0.541990
0.7210,  0.506790
0.7215,  0.476709
0.7220,  0.468664
0.7225,  0.469678
0.7230,  0.487483
0.7235,  0.508066
0.7240,  0.532123
0.7245,  0.545872
0.7250,  0.557115
0.7255,  0.558003
0.7260,  0.555325
0.7265,  0.555019
0.7270,  0.555560
0.7275,  0.548151
0.7280,  0.547034
0.7285,  0.541391
0.7290,  0.533994
0.7295,  0.525913
0.7300,  0.519661
0.7305,  0.509258
0.7310,  0.501735
0.7315,  0.484852
0.7320,  0.464774
0.7325,  0.449329
0.7330,  0.436420
0.7335,  0.415550
0.7340,  0.401343
0.7345,  0.388994
0.7350,  0.381821
0.7355,  0.377657
0.7360,  0.376084
0.7365,  0.369454
0.7370,  0.373379
0.7375,  0.372518
0.7380,  0.371278
0.7385,  0.372170
0.7390,  0.366234
0.7395,  0.360763
0.7400,  0.355485
0.7405,  0.351371
0.7410,  0.344618
0.7415,  0.350167
0.7420,  0.355038
0.7425,  0.359938
0.7430,  0.361177
0.7435,  0.352189
0.7440,  0.347819
0.7445,  0.344645
0.7450,  0.342319
0.7455,  0.339133
0.7460,  0.337599
0.7465,  0.344299
0.7470,  0.347420
0.7475,  0.340613
0.7480,  0.337449
0.7485,  0.332587
0.7490,  0.332373
0.7495,  0.339890
0.7500,  0.351359
0.7505,  0.362710
0.7510,  0.369071
0.7515,  0.375180
0.7520,  0.374817
0.7525,  0.372091
0.7530,  0.363567
0.7535,  0.350603
0.7540,  0.341242
0.7545,  0.335957
0.7550,  0.344760
0.7555,  0.351267
0.7560,  0.361814
0.7565,  0.368301
0.7570,  0.376659
0.7575,  0.383757
0.7580,  0.405075
0.7585,  0.464313
0.7590,  0.578096
0.7595,  0.761699
0.7600,  1.011218
0.7605,  1.222669
0.7610,  1.327007
0.7615,  1.330502
0.7620,  1.278262
0.7625,  1.256625
0.7630,  1.215020
0.7635,  1.165991
0.7640,  1.101609
0.7645,  1.012996
0.7650,  0.919934
0.7655,  0.820707
0.7660,  0.720797
0.7665,  0.631418
0.7670,  0.565145
0.7675,  0.528813
0.7680,  0.499393
0.7685,  0.481587
0.7690,  0.467940
0.7695,  0.460565
0.7700,  0.437460
0.7705,  0.421983
0.7710,  0.408086
0.7715,  0.399671
0.7720,  0.404053
0.7725,  0.400935
0.7730,  0.405587
0.7735,  0.402696
0.7740,  0.404092
0.7745,  0.410658
0.7750,  0.419350
0.7755,  0.425069
0.7760,  0.418929
0.7765,  0.420276
0.7770,  0.420536
0.7775,  0.420925
0.7780,  0.419742
0.7785,  0.424432
0.7790,  0.429021
0.7795,  0.427477
0.7800,  0.431714
0.7805,  0.431304
0.7810,  0.430686
0.7815,  0.428673
0.7820,  0.426071
0.7825,  0.426647
0.7830,  0.426339
0.7835,  0.420191
0.7840,  0.419827
0.7845,  0.425067
0.7850,  0.435339
0.7855,  0.438226
0.7860,  0.440993
0.7865,  0.442089
0.7870,  0.448055
0.7875,  0.456960
0.7880,  0.463720
0.7885,  0.461355
0.7890,  0.466642
0.7895,  0.470628
0.7900,  0.478589
0.7905,  0.486981
0.7910,  0.493926
0.7915,  0.494133
0.7920,  0.493466
0.7925,  0.495948
0.7930,  0.493374
0.7935,  0.490970
0.7940,  0.479947
0.7945,  0.477130
0.7950,  0.476591
0.7955,  0.482740
0.7960,  0.494380
0.7965,  0.513141
0.7970,  0.522536
0.7975,  0.520389
0.7980,  0.514683
0.7985,  0.509633
0.7990,  0.502357
0.7995,  0.506550
0.8000,  0.506334
0.8005,  0.516138
0.8010,  0.528896
0.8015,  0.531053
0.8020,  0.534836
0.8025,  0.536945
0.8030,  0.544442
0.8035,  0.546055
0.8040,  0.541389
0.8045,  0.537074
0.8050,  0.533292
0.8055,  0.522717
0.8060,  0.522214
0.8065,  0.522108
0.8070,  0.522397
0.8075,  0.517713
0.8080,  0.529855
0.8085,  0.534538
0.8090,  0.542039
0.8095,  0.556154
0.8100,  0.572545
0.8105,  0.591308
0.8110,  0.603265
0.8115,  0.617380
0.8120,  0.638587
0.8125,  0.657225
0.8130,  0.692786
0.8135,  0.724686
0.8140,  0.764606
0.8145,  0.809423
0.8150,  0.854928
0.8155,  0.886087
0.8160,  0.903188
0.8165,  0.910070
0.8170,  0.908174
0.8175,  0.925595
0.8180,  0.919117
0.8185,  0.898680
0.8190,  0.874013
0.8195,  0.858803
0.8200,  0.817960
0.8205,  0.765430
0.8210,  0.747414
0.8215,  0.765995
0.8220,  0.824569
0.8225,  0.906131
0.8230,  0.930551
0.8235,  0.919083
0.8240,  0.876521
0.8245,  0.809197
0.8250,  0.773495
0.8255,  0.760621
0.8260,  0.779667
0.8265,  0.773440
0.8270,  0.778451
0.8275,  0.800077
0.8280,  0.831060
0.8285,  0.865507
0.8290,  0.868701
0.8295,  0.862550
0.8300,  0.849485
0.8305,  0.827151
0.8310,  0.805433
0.8315,  0.808100
0.8320,  0.812125
0.8325,  0.823458
0.8330,  0.819130
0.8335,  0.806193
0.8340,  0.790852
0.8345,  0.799703
0.8350,  0.786614
0.8355,  0.787745
0.8360,  0.765847
0.8365,  0.740727
0.8370,  0.714294
0.8375,  0.695676
0.8380,  0.676615
0.8385,  0.665863
0.8390,  0.672306
0.8395,  0.674209
0.8400,  0.680013
0.8405,  0.676431
0.8410,  0.677460
0.8415,  0.692038
0.8420,  0.690397
0.8425,  0.693469
0.8430,  0.695851
0.8435,  0.692159
0.8440,  0.696471
0.8445,  0.696490
0.8450,  0.701389
0.8455,  0.702469
0.8460,  0.699910
0.8465,  0.700617
0.8470,  0.705020
0.8475,  0.699599
0.8480,  0.714371
0.8485,  0.712096
0.8490,  0.709719
0.8495,  0.704039
0.8500,  0.685284
0.8505,  0.717268
0.8510,  0.743223
0.8515,  0.754942
0.8520,  0.754264
0.8525,  0.744643
0.8530,  0.743000
0.8535,  0.742464
0.8540,  0.736985
0.8545,  0.790671
0.8550,  0.817554
0.8555,  0.842423
0.8560,  0.835782
0.8565,  0.807829
0.8570,  0.812287
0.8575,  0.802224
0.8580,  0.794600
0.8585,  0.772601
0.8590,  0.750170
0.8595,  0.745294
0.8600,  0.748326
0.8605,  0.760801
0.8610,  0.775776
0.8615,  0.795330
0.8620,  0.799087
0.8625,  0.820995
0.8630,  0.814685
0.8635,  0.811416
0.8640,  0.823842
0.8645,  0.839243
0.8650,  0.821828
0.8655,  0.813140
0.8660,  0.837744
0.8665,  0.909011
0.8670,  0.974835
0.8675,  1.005037
0.8680,  0.982788
0.8685,  0.937706
0.8690,  0.918612
0.8695,  0.891676
0.8700,  0.886989
0.8705,  0.851947
0.8710,  0.854272
0.8715,  0.870292
0.8720,  0.910566
0.8725,  0.958487
0.8730,  0.976247
0.8735,  0.993684
0.8740,  1.004840
0.8745,  1.002675
0.8750,  0.980624
0.8755,  0.980292
0.8760,  0.975693
0.8765,  1.007204
0.8770,  1.020220
0.8775,  1.050465
0.8780,  1.078011
0.8785,  1.077987
0.8790,  1.070482
0.8795,  1.103012
0.8800,  1.129835
0.8805,  1.126781
0.8810,  1.064676
0.8815,  1.015677
0.8820,  1.026098
0.8825,  1.092879
0.8830,  1.148402
0.8835,  1.150120
0.8840,  1.131126
0.8845,  1.105170
0.8850,  1.118391
0.8855,  1.121150
0.8860,  1.129284
0.8865,  1.154358
0.8870,  1.123448
0.8875,  1.113900
0.8880,  1.105572
0.8885,  1.101371
0.8890,  1.170686
0.8895,  1.251346
0.8900,  1.303838
