0.3500,  0.642416
0.3505,  0.695769
0.3510,  0.652227
0.3515,  0.611557
0.3520,  0.570930
0.3525,  0.519943
0.3530,  0.553716
0.3535,  0.580048
0.3540,  0.593383
0.3545,  0.623058
0.3550,  0.597384
0.3555,  0.584683
0.3560,  0.547066
0.3565,  0.517922
0.3570,  0.489290
0.3575,  0.455336
0.3580,  0.419620
0.3585,  0.353823
0.3590,  0.532760
0.3595,  0.668358
0.3600,  0.642122
0.3605,  0.613247
0.3610,  0.558786
0.3615,  0.494808
0.3620,  0.540847
0.3625,  0.576620
0.3630,  0.560539
0.3635,  0.547845
0.3640,  0.532711
0.3645,  0.513516
0.3650,  0.543379
0.3655,  0.573731
0.3660,  0.575472
0.3665,  0.577144
0.3670,  0.535538
0.3675,  0.501886
0.3680,  0.462376
0.3685,  0.417233
0.3690,  0.456764
0.3695,  0.494681
0.3700,  0.459736
0.3705,  0.427939
0.3710,  0.453294
0.3715,  0.480836
0.3720,  0.447676
0.3725,  0.414622
0.3730,  0.373486
0.3735,  0.330048
0.3740,  0.346989
0.3745,  0.358424
0.3750,  0.443497
0.3755,  0.518765
0.3760,  0.525059
0.3765,  0.513733
0.3770,  0.557795
0.3775,  0.589781
0.3780,  0.568445
0.3785,  0.558197
0.3790,  0.454716
0.3795,  0.344269
0.3800,  0.395549
0.3805,  0.459969
0.3810,  0.439025
0.3815,  0.424175
0.3820,  0.336982
0.3825,  0.232664
0.3830,  0.218983
0.3835,  0.198127
0.3840,  0.390780
0.3845,  0.533740
0.3850,  0.552099
0.3855,  0.564329
0.3860,  0.544344
0.3865,  0.524694
0.3870,  0.505668
0.3875,  0.485187
0.3880,  0.459160
0.3885,  0.425606
0.3890,  0.474818
0.3895,  0.508745
0.3900,  0.493202
0.3905,  0.486343
0.3910,  0.498125
0.3915,  0.522074
0.3920,  0.419517
0.3925,  0.319675
0.3930,  0.148567
0.3935,  -0.091296
0.3940,  0.226134
0.3945,  0.451254
0.3950,  0.563751
0.3955,  0.664073
0.3960,  0.495983
0.3965,  0.283994
0.3970,  0.300951
0.3975,  0.291561
0.3980,  0.477089
0.3985,  0.598848
0.3990,  0.567996
0.3995,  0.549739
0.4000,  0.506183
0.4005,  0.463146
0.4010,  0.442470
0.4015,  0.431008
0.4020,  0.408231
0.4025,  0.392006
0.4030,  0.360848
0.4035,  0.330232
0.4040,  0.319914
0.4045,  0.315463
0.4050,  0.311675
0.4055,  0.310875
0.4060,  0.294190
0.4065,  0.278856
0.4070,  0.295750
0.4075,  0.309167
0.4080,  0.336730
0.4085,  0.362994
0.4090,  0.355963
0.4095,  0.347984
0.4100,  0.297386
0.4105,  0.241870
0.4110,  0.311955
0.4115,  0.372452
0.4120,  0.353556
0.4125,  0.331976
0.4130,  0.314616
0.4135,  0.303579
0.4140,  0.296537
0.4145,  0.289524
0.4150,  0.289474
0.4155,  0.290310
0.4160,  0.316079
0.4165,  0.344594
0.4170,  0.303196
0.4175,  0.255409
0.4180,  0.257429
0.4185,  0.262864
0.4190,  0.268945
0.4195,  0.269513
0.4200,  0.281748
0.4205,  0.295916
0.4210,  0.301678
0.4215,  0.315056
0.4220,  0.268924
0.4225,  0.214935
0.4230,  0.253182
0.4235,  0.288874
0.4240,  0.307068
0.4245,  0.325567
0.4250,  0.311948
0.4255,  0.298709
0.4260,  0.298803
0.4265,  0.302319
0.4270,  0.265124
0.4275,  0.233312
0.4280,  0.241102
0.4285,  0.258373
0.4290,  0.243893
0.4295,  0.231460
0.4300,  0.148388
0.4305,  0.041043
0.4310,  0.244536
0.4315,  0.400388
0.4320,  0.375423
0.4325,  0.341899
0.4330,  0.345667
0.4335,  0.349169
0.4340,  0.316069
0.4345,  0.283923
0.4350,  0.283170
0.4355,  0.284091
0.4360,  0.324250
0.4365,  0.363564
0.4370,  0.327411
0.4375,  0.298711
0.4380,  0.244999
0.4385,  0.180860
0.4390,  0.248469
0.4395,  0.309031
0.4400,  0.277570
0.4405,  0.241278
0.4410,  0.282380
0.4415,  0.319128
0.4420,  0.317910
0.4425,  0.316666
0.4430,  0.290202
0.4435,  0.270157
0.4440,  0.284754
0.4445,  0.299784
0.4450,  0.266050
0.4455,  0.227166
0.4460,  0.244018
0.4465,  0.256616
0.4470,  0.291633
0.4475,  0.321662
0.4480,  0.290085
0.4485,  0.256111
0.4490,  0.256764
0.4495,  0.255415
0.4500,  0.270215
0.4505,  0.289254
0.4510,  0.281783
0.4515,  0.273195
0.4520,  0.241255
0.4525,  0.210528
0.4530,  0.221879
0.4535,  0.230277
0.4540,  0.238024
0.4545,  0.240767
0.4550,  0.253299
0.4555,  0.265202
0.4560,  0.270192
0.4565,  0.273445
0.4570,  0.274411
0.4575,  0.275826
0.4580,  0.247525
0.4585,  0.221325
0.4590,  0.235073
0.4595,  0.243769
0.4600,  0.248205
0.4605,  0.251083
0.4610,  0.249103
0.4615,  0.248037
0.4620,  0.256329
0.4625,  0.264215
0.4630,  0.246349
0.4635,  0.234620
0.4640,  0.226847
0.4645,  0.220064
0.4650,  0.244290
0.4655,  0.268131
0.4660,  0.246621
0.4665,  0.223842
0.4670,  0.248401
0.4675,  0.268485
0.4680,  0.264411
0.4685,  0.260084
0.4690,  0.259489
0.4695,  0.262242
0.4700,  0.240932
0.4705,  0.216096
0.4710,  0.248743
0.4715,  0.282053
0.4720,  0.283386
0.4725,  0.281382
0.4730,  0.269047
0.4735,  0.255977
0.4740,  0.264285
0.4745,  0.274439
0.4750,  0.264242
0.4755,  0.255690
0.4760,  0.243519
0.4765,  0.230996
0.4770,  0.257197
0.4775,  0.279817
0.4780,  0.260330
0.4785,  0.242611
0.4790,  0.255783
0.4795,  0.266118
0.4800,  0.252359
0.4805,  0.242541
0.4810,  0.256031
0.4815,  0.268502
0.4820,  0.255336
0.4825,  0.243514
0.4830,  0.244018
0.4835,  0.246252
0.4840,  0.240676
0.4845,  0.241431
0.4850,  0.224341
0.4855,  0.210396
0.4860,  0.179145
0.4865,  0.137240
0.4870,  0.197408
0.4875,  0.247598
0.4880,  0.261974
0.4885,  0.270419
0.4890,  0.266634
0.4895,  0.264703
0.4900,  0.264475
0.4905,  0.268099
0.4910,  0.240707
0.4915,  0.216484
0.4920,  0.219225
0.4925,  0.219539
0.4930,  0.217003
0.4935,  0.208977
0.4940,  0.240557
0.4945,  0.273350
0.4950,  0.240444
0.4955,  0.207002
0.4960,  0.226902
0.4965,  0.244485
0.4970,  0.243831
0.4975,  0.246358
0.4980,  0.211923
0.4985,  0.176751
0.4990,  0.204969
0.4995,  0.232610
0.5000,  0.210204
0.5005,  0.186605
0.5010,  0.180751
0.5015,  0.172544
0.5020,  0.193720
0.5025,  0.214024
0.5030,  0.222467
0.5035,  0.230094
0.5040,  0.214299
0.5045,  0.193731
0.5050,  0.216269
0.5055,  0.237729
0.5060,  0.224677
0.5065,  0.213901
0.5070,  0.201996
0.5075,  0.189911
0.5080,  0.193090
0.5085,  0.195565
0.5090,  0.195478
0.5095,  0.194559
0.5100,  0.199971
0.5105,  0.204451
0.5110,  0.214038
0.5115,  0.223418
0.5120,  0.193635
0.5125,  0.166678
0.5130,  0.168758
0.5135,  0.169807
0.5140,  0.178345
0.5145,  0.186409
0.5150,  0.196946
0.5155,  0.211553
0.5160,  0.169383
0.5165,  0.125630
0.5170,  0.154631
0.5175,  0.180872
0.5180,  0.166990
0.5185,  0.145168
0.5190,  0.183217
0.5195,  0.216447
0.5200,  0.205241
0.5205,  0.194376
0.5210,  0.202876
0.5215,  0.214217
0.5220,  0.191216
0.5225,  0.168204
0.5230,  0.183220
0.5235,  0.193284
0.5240,  0.201945
0.5245,  0.211701
0.5250,  0.205241
0.5255,  0.203437
0.5260,  0.151238
0.5265,  0.095013
0.5270,  0.141222
0.5275,  0.179399
0.5280,  0.189344
0.5285,  0.196354
0.5290,  0.192513
0.5295,  0.188066
0.5300,  0.188047
0.5305,  0.189779
0.5310,  0.188938
0.5315,  0.194696
0.5320,  0.156026
0.5325,  0.114328
0.5330,  0.156684
0.5335,  0.195493
0.5340,  0.178262
0.5345,  0.159029
0.5350,  0.185975
0.5355,  0.213682
0.5360,  0.185751
0.5365,  0.159290
0.5370,  0.163721
0.5375,  0.168878
0.5380,  0.175239
0.5385,  0.180969
0.5390,  0.167473
0.5395,  0.155674
0.5400,  0.145532
0.5405,  0.135107
0.5410,  0.166204
0.5415,  0.194549
0.5420,  0.179902
0.5425,  0.164986
0.5430,  0.176745
0.5435,  0.187097
0.5440,  0.184013
0.5445,  0.180741
0.5450,  0.184458
0.5455,  0.186476
0.5460,  0.179839
0.5465,  0.176644
0.5470,  0.168449
0.5475,  0.159116
0.5480,  0.167930
0.5485,  0.175409
0.5490,  0.181560
0.5495,  0.187718
0.5500,  0.179912
0.5505,  0.172409
0.5510,  0.173972
0.5515,  0.176200
0.5520,  0.172335
0.5525,  0.166690
0.5530,  0.176661
0.5535,  0.184673
0.5540,  0.187674
0.5545,  0.189458
0.5550,  0.190560
0.5555,  0.192398
0.5560,  0.177548
0.5565,  0.164694
0.5570,  0.174816
0.5575,  0.184095
0.5580,  0.174357
0.5585,  0.165023
0.5590,  0.172813
0.5595,  0.178370
0.5600,  0.183420
0.5605,  0.188854
0.5610,  0.182686
0.5615,  0.176701
0.5620,  0.182421
0.5625,  0.189660
0.5630,  0.192152
0.5635,  0.194703
0.5640,  0.194888
0.5645,  0.196917
0.5650,  0.186598
0.5655,  0.172164
0.5660,  0.176812
0.5665,  0.183110
0.5670,  0.195746
0.5675,  0.209730
0.5680,  0.194695
0.5685,  0.179898
0.5690,  0.195727
0.5695,  0.211538
0.5700,  0.193106
0.5705,  0.171804
0.5710,  0.185522
0.5715,  0.193230
0.5720,  0.202149
0.5725,  0.212255
0.5730,  0.203399
0.5735,  0.197241
0.5740,  0.195571
0.5745,  0.194904
0.5750,  0.187405
0.5755,  0.178805
0.5760,  0.183332
0.5765,  0.187303
0.5770,  0.190318
0.5775,  0.195416
0.5780,  0.179214
0.5785,  0.163255
0.5790,  0.174707
0.5795,  0.183581
0.5800,  0.184350
0.5805,  0.185632
0.5810,  0.186982
0.5815,  0.189397
0.5820,  0.192333
0.5825,  0.194915
0.5830,  0.188137
0.5835,  0.182947
0.5840,  0.183397
0.5845,  0.188301
0.5850,  0.175093
0.5855,  0.161246
0.5860,  0.178242
0.5865,  0.193548
0.5870,  0.202501
0.5875,  0.215861
0.5880,  0.207989
0.5885,  0.201676
0.5890,  0.178887
0.5895,  0.149402
0.5900,  0.204158
0.5905,  0.252939
0.5910,  0.242559
0.5915,  0.229978
0.5920,  0.228182
0.5925,  0.229197
0.5930,  0.223101
0.5935,  0.219992
0.5940,  0.217035
0.5945,  0.214621
0.5950,  0.219208
0.5955,  0.219845
0.5960,  0.222628
0.5965,  0.225458
0.5970,  0.216482
0.5975,  0.208605
0.5980,  0.201194
0.5985,  0.196571
0.5990,  0.202971
0.5995,  0.209922
0.6000,  0.205260
0.6005,  0.204820
0.6010,  0.209910
0.6015,  0.211047
0.6020,  0.200664
0.6025,  0.188066
0.6030,  0.198653
0.6035,  0.211563
0.6040,  0.206482
0.6045,  0.204560
0.6050,  0.204872
0.6055,  0.203556
0.6060,  0.202826
0.6065,  0.199127
0.6070,  0.195877
0.6075,  0.196216
0.6080,  0.195671
0.6085,  0.196822
0.6090,  0.203772
0.6095,  0.209402
0.6100,  0.203269
0.6105,  0.194260
0.6110,  0.206498
0.6115,  0.218381
0.6120,  0.207994
0.6125,  0.197988
0.6130,  0.195724
0.6135,  0.194531
0.6140,  0.205684
0.6145,  0.216188
0.6150,  0.219554
0.6155,  0.222709
0.6160,  0.197651
0.6165,  0.168229
0.6170,  0.190730
0.6175,  0.213279
0.6180,  0.217855
0.6185,  0.223072
0.6190,  0.220238
0.6195,  0.217015
0.6200,  0.224569
0.6205,  0.231683
0.6210,  0.218875
0.6215,  0.206216
0.6220,  0.212624
0.6225,  0.220095
0.6230,  0.208707
0.6235,  0.203361
0.6240,  0.208830
0.6245,  0.214059
0.6250,  0.213181
0.6255,  0.208167
0.6260,  0.224045
0.6265,  0.238223
0.6270,  0.239618
0.6275,  0.242989
0.6280,  0.247136
0.6285,  0.252222
0.6290,  0.252114
0.6295,  0.250917
0.6300,  0.248582
0.6305,  0.244636
0.6310,  0.238687
0.6315,  0.238462
0.6320,  0.236138
0.6325,  0.231280
0.6330,  0.227464
0.6335,  0.225174
0.6340,  0.226785
0.6345,  0.229851
0.6350,  0.236850
0.6355,  0.240693
0.6360,  0.241522
0.6365,  0.237780
0.6370,  0.233899
0.6375,  0.229361
0.6380,  0.227669
0.6385,  0.227737
0.6390,  0.227269
0.6395,  0.224930
0.6400,  0.221186
0.6405,  0.219480
0.6410,  0.216984
0.6415,  0.221053
0.6420,  0.222412
0.6425,  0.221987
0.6430,  0.222338
0.6435,  0.221468
0.6440,  0.220294
0.6445,  0.224363
0.6450,  0.232562
0.6455,  0.238883
0.6460,  0.245213
0.6465,  0.250989
0.6470,  0.255627
0.6475,  0.257288
0.6480,  0.257077
0.6485,  0.255950
0.6490,  0.253641
0.6495,  0.259095
0.6500,  0.259458
0.6505,  0.259887
0.6510,  0.262427
0.6515,  0.258992
0.6520,  0.257184
0.6525,  0.254890
0.6530,  0.252759
0.6535,  0.244922
0.6540,  0.238691
0.6545,  0.235310
0.6550,  0.242141
0.6555,  0.245560
0.6560,  0.238981
0.6565,  0.223797
0.6570,  0.195206
0.6575,  0.207868
0.6580,  0.220498
0.6585,  0.232942
0.6590,  0.244806
0.6595,  0.240153
0.6600,  0.232725
0.6605,  0.226521
0.6610,  0.222467
0.6615,  0.216988
0.6620,  0.212462
0.6625,  0.209904
0.6630,  0.210656
0.6635,  0.215790
0.6640,  0.222302
0.6645,  0.228769
0.6650,  0.231312
0.6655,  0.229219
0.6660,  0.227275
0.6665,  0.222973
0.6670,  0.219383
0.6675,  0.217251
0.6680,  0.214332
0.6685,  0.215104
0.6690,  0.213641
0.6695,  0.210053
0.6700,  0.209721
0.6705,  0.210421
0.6710,  0.214128
0.6715,  0.221676
0.6720,  0.226968
0.6725,  0.227500
0.6730,  0.225406
0.6735,  0.220227
0.6740,  0.218155
0.6745,  0.214045
0.6750,  0.213432
0.6755,  0.216276
0.6760,  0.218966
0.6765,  0.222323
0.6770,  0.224208
0.6775,  0.222680
0.6780,  0.225694
0.6785,  0.228643
0.6790,  0.230107
0.6795,  0.230085
0.6800,  0.228975
0.6805,  0.226604
0.6810,  0.223986
0.6815,  0.221730
0.6820,  0.223804
0.6825,  0.228076
0.6830,  0.235016
0.6835,  0.237625
0.6840,  0.240089
0.6845,  0.242666
0.6850,  0.246580
0.6855,  0.261220
0.6860,  0.291812
0.6865,  0.334169
0.6870,  0.371309
0.6875,  0.385676
0.6880,  0.389709
0.6885,  0.381752
0.6890,  0.374895
0.6895,  0.368039
0.6900,  0.356849
0.6905,  0.350457
0.6910,  0.339986
0.6915,  0.334890
0.6920,  0.337925
0.6925,  0.339061
0.6930,  0.342500
0.6935,  0.339948
0.6940,  0.337159
0.6945,  0.332134
0.6950,  0.325503
0.6955,  0.315390
0.6960,  0.306662
0.6965,  0.296514
0.6970,  0.291256
0.6975,  0.294265
0.6980,  0.305484
0.6985,  0.315968
0.6990,  0.323607
0.6995,  0.326329
0.7000,  0.325779
0.7005,  0.320447
0.7010,  0.316514
0.7015,  0.320215
0.7020,  0.323648
0.7025,  0.324210
0.7030,  0.324572
0.7035,  0.329647
0.7040,  0.334243
0.7045,  0.336200
0.7050,  0.337619
0.7055,  0.333786
0.7060,  0.329733
0.7065,  0.321991
0.7070,  0.316237
0.7075,  0.306387
0.7080,  0.299266
0.7085,  0.291040
0.7090,  0.285216
0.7095,  0.283247
0.7100,  0.290714
0.7105,  0.295258
0.7110,  0.300365
0.7115,  0.300174
0.7120,  0.301081
0.7125,  0.305429
0.7130,  0.309460
0.7135,  0.312011
0.7140,  0.317656
0.7145,  0.321038
0.7150,  0.321983
0.7155,  0.333035
0.7160,  0.357386
0.7165,  0.393443
0.7170,  0.436323
0.7175,  0.481051
0.7180,  0.531727
0.7185,  0.569962
0.7190,  0.593855
0.7195,  0.607103
0.7200,  0.600952
0.7205,  0.580121
0.7210,  0.542717
0.7215,  0.505354
0.7220,  0.482726
0.7225,  0.483423
0.7230,  0.495891
0.7235,  0.513477
0.7240,  0.527835
0.7245,  0.545394
0.7250,  0.554014
0.7255,  0.562470
0.7260,  0.565676
0.7265,  0.562071
0.7270,  0.559909
0.7275,  0.559016
0.7280,  0.560554
0.7285,  0.551242
0.7290,  0.542863
0.7295,  0.540423
0.7300,  0.535640
0.7305,  0.530694
0.7310,  0.517167
0.7315,  0.497145
0.7320,  0.477703
0.7325,  0.454075
0.7330,  0.431118
0.7335,  0.414527
0.7340,  0.400799
0.7345,  0.396955
0.7350,  0.395269
0.7355,  0.394383
0.7360,  0.396096
0.7365,  0.397085
0.7370,  0.395015
0.7375,  0.386403
0.7380,  0.377823
0.7385,  0.375705
0.7390,  0.372911
0.7395,  0.365577
0.7400,  0.358719
0.7405,  0.347899
0.7410,  0.337922
0.7415,  0.342428
0.7420,  0.345108
0.7425,  0.348569
0.7430,  0.351238
0.7435,  0.352699
0.7440,  0.350726
0.7445,  0.345745
0.7450,  0.342963
0.7455,  0.342033
0.7460,  0.334095
0.7465,  0.331503
0.7470,  0.326211
0.7475,  0.319211
0.7480,  0.320334
0.7485,  0.321259
0.7490,  0.325130
0.7495,  0.332860
0.7500,  0.335102
0.7505,  0.337012
0.7510,  0.333152
0.7515,  0.330174
0.7520,  0.327878
0.7525,  0.326946
0.7530,  0.327486
0.7535,  0.332984
0.7540,  0.335345
0.7545,  0.334273
0.7550,  0.340873
0.7555,  0.347801
0.7560,  0.349627
0.7565,  0.344730
0.7570,  0.332828
0.7575,  0.338848
0.7580,  0.357362
0.7585,  0.409187
0.7590,  0.509639
0.7595,  0.674495
0.7600,  0.888035
0.7605,  1.084887
0.7610,  1.206229
0.7615,  1.236981
0.7620,  1.223280
0.7625,  1.209277
0.7630,  1.185155
0.7635,  1.128900
0.7640,  1.044911
0.7645,  0.956458
0.7650,  0.867141
0.7655,  0.784167
0.7660,  0.703519
0.7665,  0.626147
0.7670,  0.567094
0.7675,  0.522296
0.7680,  0.490638
0.7685,  0.469968
0.7690,  0.447153
0.7695,  0.419588
0.7700,  0.401816
0.7705,  0.395559
0.7710,  0.391399
0.7715,  0.397719
0.7720,  0.406164
0.7725,  0.401002
0.7730,  0.396477
0.7735,  0.388048
0.7740,  0.376135
0.7745,  0.366113
0.7750,  0.360197
0.7755,  0.361074
0.7760,  0.356358
0.7765,  0.360297
0.7770,  0.363418
0.7775,  0.369242
0.7780,  0.373904
0.7785,  0.376052
0.7790,  0.372658
0.7795,  0.381342
0.7800,  0.382310
0.7805,  0.376762
0.7810,  0.377891
0.7815,  0.378360
0.7820,  0.372480
0.7825,  0.364251
0.7830,  0.359753
0.7835,  0.377533
0.7840,  0.384849
0.7845,  0.393645
0.7850,  0.395412
0.7855,  0.402428
0.7860,  0.403265
0.7865,  0.408043
0.7870,  0.414910
0.7875,  0.419712
0.7880,  0.428868
0.7885,  0.438472
0.7890,  0.452462
0.7895,  0.456081
0.7900,  0.456458
0.7905,  0.447097
0.7910,  0.445755
0.7915,  0.445949
0.7920,  0.445819
0.7925,  0.444507
0.7930,  0.441517
0.7935,  0.439100
0.7940,  0.436017
0.7945,  0.437635
0.7950,  0.444527
0.7955,  0.462012
0.7960,  0.477030
0.7965,  0.482866
0.7970,  0.472935
0.7975,  0.463483
0.7980,  0.457877
0.7985,  0.460327
0.7990,  0.458367
0.7995,  0.466281
0.8000,  0.468051
0.8005,  0.464406
0.8010,  0.473801
0.8015,  0.464937
0.8020,  0.460085
0.8025,  0.458322
0.8030,  0.460453
0.8035,  0.462811
0.8040,  0.468655
0.8045,  0.478043
0.8050,  0.480554
0.8055,  0.486194
0.8060,  0.483757
0.8065,  0.469644
0.8070,  0.457497
0.8075,  0.452380
0.8080,  0.463736
0.8085,  0.462078
0.8090,  0.468964
0.8095,  0.479908
0.8100,  0.484148
0.8105,  0.499082
0.8110,  0.517489
0.8115,  0.545222
0.8120,  0.570257
0.8125,  0.603753
0.8130,  0.641856
0.8135,  0.671442
0.8140,  0.706517
0.8145,  0.745813
0.8150,  0.770946
0.8155,  0.794544
0.8160,  0.829579
0.8165,  0.867844
0.8170,  0.885028
0.8175,  0.896251
0.8180,  0.893011
0.8185,  0.870418
0.8190,  0.841776
0.8195,  0.809521
0.8200,  0.755836
0.8205,  0.726655
0.8210,  0.727269
0.8215,  0.762218
0.8220,  0.835932
0.8225,  0.918481
0.8230,  0.932703
0.8235,  0.905518
0.8240,  0.846766
0.8245,  0.769875
0.8250,  0.720139
0.8255,  0.692343
0.8260,  0.675545
0.8265,  0.662289
0.8270,  0.664717
0.8275,  0.694308
0.8280,  0.729928
0.8285,  0.773517
0.8290,  0.791801
0.8295,  0.794508
0.8300,  0.768584
0.8305,  0.741347
0.8310,  0.731946
0.8315,  0.711149
0.8320,  0.698941
0.8325,  0.692292
0.8330,  0.684982
0.8335,  0.694994
0.8340,  0.694181
0.8345,  0.687794
0.8350,  0.679405
0.8355,  0.654778
0.8360,  0.628165
0.8365,  0.612522
0.8370,  0.615582
0.8375,  0.617874
0.8380,  0.621534
0.8385,  0.625774
0.8390,  0.634920
0.8395,  0.631821
0.8400,  0.619698
0.8405,  0.607482
0.8410,  0.586621
0.8415,  0.574915
0.8420,  0.573571
0.8425,  0.561940
0.8430,  0.556999
0.8435,  0.556319
0.8440,  0.568516
0.8445,  0.582182
0.8450,  0.577668
0.8455,  0.589220
0.8460,  0.576013
0.8465,  0.566127
0.8470,  0.563142
0.8475,  0.564504
0.8480,  0.592677
0.8485,  0.585714
0.8490,  0.594880
0.8495,  0.598051
0.8500,  0.592929
0.8505,  0.588592
0.8510,  0.591676
0.8515,  0.591987
0.8520,  0.618886
0.8525,  0.627083
0.8530,  0.628971
0.8535,  0.658204
0.8540,  0.650863
0.8545,  0.653702
0.8550,  0.668087
0.8555,  0.651563
0.8560,  0.667239
0.8565,  0.648727
0.8570,  0.643644
0.8575,  0.637569
0.8580,  0.625914
0.8585,  0.627468
0.8590,  0.623241
0.8595,  0.629575
0.8600,  0.631553
0.8605,  0.647110
0.8610,  0.639201
0.8615,  0.636189
0.8620,  0.637858
0.8625,  0.625147
0.8630,  0.622536
0.8635,  0.638959
0.8640,  0.656884
0.8645,  0.649641
0.8650,  0.669233
0.8655,  0.673938
0.8660,  0.664226
0.8665,  0.685364
0.8670,  0.687234
0.8675,  0.676754
0.8680,  0.673353
0.8685,  0.700394
0.8690,  0.750976
0.8695,  0.786564
0.8700,  0.797455
0.8705,  0.761164
0.8710,  0.697094
0.8715,  0.666419
0.8720,  0.637025
0.8725,  0.648856
0.8730,  0.672951
0.8735,  0.705003
0.8740,  0.722824
0.8745,  0.727076
0.8750,  0.783943
0.8755,  0.798592
0.8760,  0.809390
0.8765,  0.840326
0.8770,  0.856179
0.8775,  0.835830
0.8780,  0.785662
0.8785,  0.737271
0.8790,  0.704878
0.8795,  0.711593
0.8800,  0.709478
0.8805,  0.741534
0.8810,  0.787063
0.8815,  0.820171
0.8820,  0.841513
0.8825,  0.816485
0.8830,  0.789178
0.8835,  0.785672
0.8840,  0.771733
0.8845,  0.769803
0.8850,  0.801688
0.8855,  0.821065
0.8860,  0.865601
0.8865,  0.891932
0.8870,  0.933420
0.8875,  0.917520
0.8880,  0.874712
0.8885,  0.840565
0.8890,  0.786493
0.8895,  0.790945
0.8900,  0.820234
