0.3500,  0.731817
0.3505,  0.774895
0.3510,  0.731281
0.3515,  0.682684
0.3520,  0.644170
0.3525,  0.608237
0.3530,  0.652532
0.3535,  0.683095
0.3540,  0.688510
0.3545,  0.712127
0.3550,  0.685454
0.3555,  0.668364
0.3560,  0.629450
0.3565,  0.598908
0.3570,  0.569903
0.3575,  0.529181
0.3580,  0.481591
0.3585,  0.430928
0.3590,  0.623199
0.3595,  0.769035
0.3600,  0.747624
0.3605,  0.730779
0.3610,  0.661130
0.3615,  0.590024
0.3620,  0.632724
0.3625,  0.677231
0.3630,  0.654748
0.3635,  0.628307
0.3640,  0.611258
0.3645,  0.582956
0.3650,  0.601312
0.3655,  0.621166
0.3660,  0.615182
0.3665,  0.615883
0.3670,  0.579519
0.3675,  0.551677
0.3680,  0.519851
0.3685,  0.482780
0.3690,  0.528666
0.3695,  0.574748
0.3700,  0.535988
0.3705,  0.494815
0.3710,  0.509871
0.3715,  0.532883
0.3720,  0.500787
0.3725,  0.475228
0.3730,  0.447114
0.3735,  0.418187
0.3740,  0.439941
0.3745,  0.447593
0.3750,  0.532951
0.3755,  0.602339
0.3760,  0.589610
0.3765,  0.568791
0.3770,  0.614648
0.3775,  0.653654
0.3780,  0.638683
0.3785,  0.629158
0.3790,  0.512746
0.3795,  0.394188
0.3800,  0.453509
0.3805,  0.515778
0.3810,  0.483274
0.3815,  0.466726
0.3820,  0.388835
0.3825,  0.291449
0.3830,  0.283748
0.3835,  0.257639
0.3840,  0.441899
0.3845,  0.580141
0.3850,  0.592177
0.3855,  0.606942
0.3860,  0.591279
0.3865,  0.572930
0.3870,  0.561463
0.3875,  0.551384
0.3880,  0.527406
0.3885,  0.494375
0.3890,  0.549661
0.3895,  0.594740
0.3900,  0.590876
0.3905,  0.579607
0.3910,  0.577697
0.3915,  0.592226
0.3920,  0.480144
0.3925,  0.375506
0.3930,  0.193437
0.3935,  -0.059971
0.3940,  0.267169
0.3945,  0.505736
0.3950,  0.626869
0.3955,  0.728980
0.3960,  0.555881
0.3965,  0.342253
0.3970,  0.367011
0.3975,  0.368036
0.3980,  0.561478
0.3985,  0.678140
0.3990,  0.636967
0.3995,  0.608827
0.4000,  0.557385
0.4005,  0.510596
0.4010,  0.481895
0.4015,  0.461834
0.4020,  0.436650
0.4025,  0.420678
0.4030,  0.390141
0.4035,  0.361495
0.4040,  0.352777
0.4045,  0.350598
0.4050,  0.349045
0.4055,  0.348898
0.4060,  0.331139
0.4065,  0.313927
0.4070,  0.326254
0.4075,  0.335811
0.4080,  0.368597
0.4085,  0.401080
0.4090,  0.396019
0.4095,  0.387668
0.4100,  0.334172
0.4105,  0.272433
0.4110,  0.343771
0.4115,  0.407059
0.4120,  0.386889
0.4125,  0.366239
0.4130,  0.347622
0.4135,  0.331835
0.4140,  0.321160
0.4145,  0.314408
0.4150,  0.314151
0.4155,  0.312721
0.4160,  0.336841
0.4165,  0.365151
0.4170,  0.323471
0.4175,  0.277990
0.4180,  0.287246
0.4185,  0.296961
0.4190,  0.304743
0.4195,  0.310418
0.4200,  0.325383
0.4205,  0.340286
0.4210,  0.348530
0.4215,  0.358928
0.4220,  0.306799
0.4225,  0.251120
0.4230,  0.292733
0.4235,  0.335174
0.4240,  0.346260
0.4245,  0.356026
0.4250,  0.337308
0.4255,  0.316823
0.4260,  0.319775
0.4265,  0.326521
0.4270,  0.294261
0.4275,  0.266190
0.4280,  0.281325
0.4285,  0.297732
0.4290,  0.284875
0.4295,  0.279135
0.4300,  0.198894
0.4305,  0.089752
0.4310,  0.296736
0.4315,  0.448955
0.4320,  0.413241
0.4325,  0.374859
0.4330,  0.370962
0.4335,  0.371163
0.4340,  0.340873
0.4345,  0.314597
0.4350,  0.312679
0.4355,  0.310815
0.4360,  0.349288
0.4365,  0.385619
0.4370,  0.349316
0.4375,  0.321307
0.4380,  0.266924
0.4385,  0.202698
0.4390,  0.275858
0.4395,  0.342710
0.4400,  0.313054
0.4405,  0.277087
0.4410,  0.321947
0.4415,  0.361927
0.4420,  0.358906
0.4425,  0.354370
0.4430,  0.325251
0.4435,  0.298313
0.4440,  0.304961
0.4445,  0.318395
0.4450,  0.282636
0.4455,  0.244015
0.4460,  0.261399
0.4465,  0.274402
0.4470,  0.311253
0.4475,  0.346329
0.4480,  0.317128
0.4485,  0.282636
0.4490,  0.284617
0.4495,  0.286817
0.4500,  0.301828
0.4505,  0.319001
0.4510,  0.306273
0.4515,  0.297276
0.4520,  0.264620
0.4525,  0.233167
0.4530,  0.243147
0.4535,  0.249984
0.4540,  0.256745
0.4545,  0.260723
0.4550,  0.272642
0.4555,  0.283915
0.4560,  0.288322
0.4565,  0.292592
0.4570,  0.296478
0.4575,  0.300575
0.4580,  0.273365
0.4585,  0.245547
0.4590,  0.256608
0.4595,  0.264617
0.4600,  0.270806
0.4605,  0.276848
0.4610,  0.278721
0.4615,  0.278116
0.4620,  0.285436
0.4625,  0.292343
0.4630,  0.273868
0.4635,  0.261493
0.4640,  0.251944
0.4645,  0.244870
0.4650,  0.268237
0.4655,  0.291102
0.4660,  0.267801
0.4665,  0.244839
0.4670,  0.271480
0.4675,  0.290880
0.4680,  0.285270
0.4685,  0.281447
0.4690,  0.283098
0.4695,  0.287841
0.4700,  0.266635
0.4705,  0.239546
0.4710,  0.273316
0.4715,  0.302391
0.4720,  0.299129
0.4725,  0.296317
0.4730,  0.281809
0.4735,  0.267947
0.4740,  0.277722
0.4745,  0.290989
0.4750,  0.286104
0.4755,  0.280617
0.4760,  0.268693
0.4765,  0.254019
0.4770,  0.278338
0.4775,  0.300273
0.4780,  0.279493
0.4785,  0.258974
0.4790,  0.271071
0.4795,  0.281450
0.4800,  0.269464
0.4805,  0.262795
0.4810,  0.275406
0.4815,  0.285709
0.4820,  0.270304
0.4825,  0.256133
0.4830,  0.256193
0.4835,  0.259360
0.4840,  0.255151
0.4845,  0.255444
0.4850,  0.238401
0.4855,  0.227054
0.4860,  0.196931
0.4865,  0.154171
0.4870,  0.213481
0.4875,  0.261948
0.4880,  0.273698
0.4885,  0.281263
0.4890,  0.277436
0.4895,  0.276586
0.4900,  0.277757
0.4905,  0.281649
0.4910,  0.252838
0.4915,  0.226457
0.4920,  0.228346
0.4925,  0.228200
0.4930,  0.222362
0.4935,  0.212745
0.4940,  0.245680
0.4945,  0.275522
0.4950,  0.240422
0.4955,  0.206440
0.4960,  0.227094
0.4965,  0.245465
0.4970,  0.245798
0.4975,  0.250083
0.4980,  0.218223
0.4985,  0.184097
0.4990,  0.213976
0.4995,  0.242031
0.5000,  0.219531
0.5005,  0.196769
0.5010,  0.189818
0.5015,  0.180079
0.5020,  0.200850
0.5025,  0.221171
0.5030,  0.231054
0.5035,  0.239510
0.5040,  0.223774
0.5045,  0.203438
0.5050,  0.224584
0.5055,  0.245022
0.5060,  0.231449
0.5065,  0.219849
0.5070,  0.207795
0.5075,  0.196835
0.5080,  0.200857
0.5085,  0.202809
0.5090,  0.201573
0.5095,  0.198781
0.5100,  0.203611
0.5105,  0.209041
0.5110,  0.219199
0.5115,  0.229703
0.5120,  0.201386
0.5125,  0.175199
0.5130,  0.178877
0.5135,  0.180871
0.5140,  0.189476
0.5145,  0.196517
0.5150,  0.205503
0.5155,  0.220810
0.5160,  0.178773
0.5165,  0.134410
0.5170,  0.164197
0.5175,  0.190614
0.5180,  0.175404
0.5185,  0.151745
0.5190,  0.191200
0.5195,  0.227448
0.5200,  0.218465
0.5205,  0.208220
0.5210,  0.217711
0.5215,  0.228379
0.5220,  0.203578
0.5225,  0.180073
0.5230,  0.194483
0.5235,  0.205517
0.5240,  0.213204
0.5245,  0.223924
0.5250,  0.217860
0.5255,  0.217365
0.5260,  0.164288
0.5265,  0.107389
0.5270,  0.153843
0.5275,  0.191883
0.5280,  0.201717
0.5285,  0.208113
0.5290,  0.203566
0.5295,  0.200000
0.5300,  0.202947
0.5305,  0.205404
0.5310,  0.205316
0.5315,  0.209316
0.5320,  0.170199
0.5325,  0.126601
0.5330,  0.169481
0.5335,  0.207880
0.5340,  0.188840
0.5345,  0.168100
0.5350,  0.196402
0.5355,  0.224666
0.5360,  0.195933
0.5365,  0.168510
0.5370,  0.173654
0.5375,  0.176605
0.5380,  0.184680
0.5385,  0.191837
0.5390,  0.179410
0.5395,  0.168124
0.5400,  0.158400
0.5405,  0.146991
0.5410,  0.177558
0.5415,  0.205434
0.5420,  0.190992
0.5425,  0.175641
0.5430,  0.186539
0.5435,  0.195303
0.5440,  0.191995
0.5445,  0.190910
0.5450,  0.194215
0.5455,  0.197565
0.5460,  0.193159
0.5465,  0.188930
0.5470,  0.178483
0.5475,  0.168310
0.5480,  0.177739
0.5485,  0.184762
0.5490,  0.190491
0.5495,  0.196367
0.5500,  0.189194
0.5505,  0.182745
0.5510,  0.186190
0.5515,  0.189148
0.5520,  0.184233
0.5525,  0.178311
0.5530,  0.184862
0.5535,  0.191610
0.5540,  0.193303
0.5545,  0.196079
0.5550,  0.197062
0.5555,  0.200237
0.5560,  0.186483
0.5565,  0.173060
0.5570,  0.181821
0.5575,  0.192427
0.5580,  0.183025
0.5585,  0.173832
0.5590,  0.180884
0.5595,  0.187694
0.5600,  0.194674
0.5605,  0.198663
0.5610,  0.192337
0.5615,  0.186270
0.5620,  0.191343
0.5625,  0.198048
0.5630,  0.202475
0.5635,  0.206126
0.5640,  0.206386
0.5645,  0.205875
0.5650,  0.195880
0.5655,  0.184553
0.5660,  0.192097
0.5665,  0.198024
0.5670,  0.210860
0.5675,  0.224459
0.5680,  0.205930
0.5685,  0.188830
0.5690,  0.205454
0.5695,  0.222207
0.5700,  0.204849
0.5705,  0.184338
0.5710,  0.194586
0.5715,  0.199834
0.5720,  0.208673
0.5725,  0.219425
0.5730,  0.210767
0.5735,  0.204595
0.5740,  0.201641
0.5745,  0.201434
0.5750,  0.194857
0.5755,  0.185844
0.5760,  0.189228
0.5765,  0.194941
0.5770,  0.199472
0.5775,  0.205731
0.5780,  0.187761
0.5785,  0.168163
0.5790,  0.177658
0.5795,  0.185224
0.5800,  0.185601
0.5805,  0.186983
0.5810,  0.189262
0.5815,  0.192007
0.5820,  0.195014
0.5825,  0.197048
0.5830,  0.192360
0.5835,  0.189014
0.5840,  0.190216
0.5845,  0.195710
0.5850,  0.183296
0.5855,  0.169203
0.5860,  0.184796
0.5865,  0.196977
0.5870,  0.204307
0.5875,  0.218843
0.5880,  0.210857
0.5885,  0.203585
0.5890,  0.182940
0.5895,  0.152521
0.5900,  0.208622
0.5905,  0.258840
0.5910,  0.246806
0.5915,  0.231809
0.5920,  0.227891
0.5925,  0.226352
0.5930,  0.219209
0.5935,  0.217754
0.5940,  0.213541
0.5945,  0.209654
0.5950,  0.215767
0.5955,  0.218394
0.5960,  0.219241
0.5965,  0.222238
0.5970,  0.213728
0.5975,  0.206325
0.5980,  0.198610
0.5985,  0.194724
0.5990,  0.204202
0.5995,  0.213177
0.6000,  0.208466
0.6005,  0.205286
0.6010,  0.209296
0.6015,  0.210603
0.6020,  0.198316
0.6025,  0.184594
0.6030,  0.197364
0.6035,  0.212112
0.6040,  0.211151
0.6045,  0.214870
0.6050,  0.213750
0.6055,  0.208998
0.6060,  0.205717
0.6065,  0.204026
0.6070,  0.206463
0.6075,  0.210649
0.6080,  0.209094
0.6085,  0.208185
0.6090,  0.214081
0.6095,  0.216618
0.6100,  0.206505
0.6105,  0.194993
0.6110,  0.206477
0.6115,  0.218481
0.6120,  0.207185
0.6125,  0.197893
0.6130,  0.196215
0.6135,  0.194145
0.6140,  0.204266
0.6145,  0.216036
0.6150,  0.220352
0.6155,  0.224838
0.6160,  0.198424
0.6165,  0.168619
0.6170,  0.194372
0.6175,  0.220004
0.6180,  0.226038
0.6185,  0.232956
0.6190,  0.231039
0.6195,  0.226304
0.6200,  0.234257
0.6205,  0.241760
0.6210,  0.228190
0.6215,  0.213569
0.6220,  0.221178
0.6225,  0.231543
0.6230,  0.222775
0.6235,  0.216749
0.6240,  0.222330
0.6245,  0.225794
0.6250,  0.220864
0.6255,  0.214639
0.6260,  0.230883
0.6265,  0.247713
0.6270,  0.249529
0.6275,  0.252361
0.6280,  0.254262
0.6285,  0.256715
0.6290,  0.256271
0.6295,  0.256771
0.6300,  0.254371
0.6305,  0.246100
0.6310,  0.237698
0.6315,  0.234634
0.6320,  0.228612
0.6325,  0.229122
0.6330,  0.231506
0.6335,  0.234876
0.6340,  0.237466
0.6345,  0.239351
0.6350,  0.239347
0.6355,  0.237275
0.6360,  0.236304
0.6365,  0.233770
0.6370,  0.231787
0.6375,  0.232945
0.6380,  0.235358
0.6385,  0.238250
0.6390,  0.241310
0.6395,  0.237985
0.6400,  0.236060
0.6405,  0.234182
0.6410,  0.229416
0.6415,  0.230645
0.6420,  0.230203
0.6425,  0.228415
0.6430,  0.225608
0.6435,  0.226613
0.6440,  0.229037
0.6445,  0.236225
0.6450,  0.247466
0.6455,  0.254427
0.6460,  0.260749
0.6465,  0.263263
0.6470,  0.261069
0.6475,  0.254931
0.6480,  0.249493
0.6485,  0.243595
0.6490,  0.237153
0.6495,  0.240538
0.6500,  0.244791
0.6505,  0.251701
0.6510,  0.259794
0.6515,  0.260093
0.6520,  0.261716
0.6525,  0.258048
0.6530,  0.252416
0.6535,  0.238970
0.6540,  0.231480
0.6545,  0.232304
0.6550,  0.243260
0.6555,  0.248428
0.6560,  0.247865
0.6565,  0.230629
0.6570,  0.199933
0.6575,  0.212108
0.6580,  0.221764
0.6585,  0.232010
0.6590,  0.244836
0.6595,  0.237640
0.6600,  0.231292
0.6605,  0.225673
0.6610,  0.221418
0.6615,  0.216559
0.6620,  0.213866
0.6625,  0.215672
0.6630,  0.221387
0.6635,  0.227151
0.6640,  0.230559
0.6645,  0.233645
0.6650,  0.234513
0.6655,  0.230472
0.6660,  0.225841
0.6665,  0.220622
0.6670,  0.214248
0.6675,  0.212762
0.6680,  0.212096
0.6685,  0.216547
0.6690,  0.219943
0.6695,  0.219457
0.6700,  0.220364
0.6705,  0.222347
0.6710,  0.223601
0.6715,  0.230677
0.6720,  0.230380
0.6725,  0.227240
0.6730,  0.222288
0.6735,  0.216363
0.6740,  0.213916
0.6745,  0.211301
0.6750,  0.216042
0.6755,  0.226800
0.6760,  0.230576
0.6765,  0.232507
0.6770,  0.236395
0.6775,  0.237378
0.6780,  0.233426
0.6785,  0.229563
0.6790,  0.226550
0.6795,  0.223728
0.6800,  0.224029
0.6805,  0.224237
0.6810,  0.224699
0.6815,  0.226292
0.6820,  0.232597
0.6825,  0.237675
0.6830,  0.241584
0.6835,  0.244778
0.6840,  0.246685
0.6845,  0.246750
0.6850,  0.246637
0.6855,  0.261522
0.6860,  0.292738
0.6865,  0.333340
0.6870,  0.374755
0.6875,  0.398114
0.6880,  0.409251
0.6885,  0.404033
0.6890,  0.396460
0.6895,  0.384627
0.6900,  0.373436
0.6905,  0.360299
0.6910,  0.352129
0.6915,  0.341530
0.6920,  0.337810
0.6925,  0.337160
0.6930,  0.341683
0.6935,  0.340026
0.6940,  0.338385
0.6945,  0.341617
0.6950,  0.336081
0.6955,  0.328053
0.6960,  0.319864
0.6965,  0.311731
0.6970,  0.298996
0.6975,  0.297653
0.6980,  0.302197
0.6985,  0.310051
0.6990,  0.318033
0.6995,  0.320858
0.7000,  0.325224
0.7005,  0.331179
0.7010,  0.333806
0.7015,  0.342827
0.7020,  0.343040
0.7025,  0.338729
0.7030,  0.332129
0.7035,  0.328773
0.7040,  0.329826
0.7045,  0.332103
0.7050,  0.337561
0.7055,  0.336442
0.7060,  0.336093
0.7065,  0.330316
0.7070,  0.327731
0.7075,  0.319206
0.7080,  0.311613
0.7085,  0.308201
0.7090,  0.308600
0.7095,  0.315386
0.7100,  0.311457
0.7105,  0.309765
0.7110,  0.309437
0.7115,  0.307232
0.7120,  0.309662
0.7125,  0.313843
0.7130,  0.314428
0.7135,  0.315105
0.7140,  0.321209
0.7145,  0.327706
0.7150,  0.334233
0.7155,  0.351112
0.7160,  0.379200
0.7165,  0.415979
0.7170,  0.463491
0.7175,  0.509039
0.7180,  0.554606
0.7185,  0.583941
0.7190,  0.605583
0.7195,  0.616161
0.7200,  0.608605
0.7205,  0.573911
0.7210,  0.528081
0.7215,  0.489632
0.7220,  0.478587
0.7225,  0.483589
0.7230,  0.500812
0.7235,  0.523395
0.7240,  0.549825
0.7245,  0.562871
0.7250,  0.568311
0.7255,  0.569471
0.7260,  0.563827
0.7265,  0.558077
0.7270,  0.558390
0.7275,  0.556677
0.7280,  0.562620
0.7285,  0.560439
0.7290,  0.551258
0.7295,  0.543459
0.7300,  0.534343
0.7305,  0.528261
0.7310,  0.520167
0.7315,  0.504142
0.7320,  0.485881
0.7325,  0.467803
0.7330,  0.450861
0.7335,  0.426781
0.7340,  0.409222
0.7345,  0.399119
0.7350,  0.398985
0.7355,  0.403132
0.7360,  0.404265
0.7365,  0.402093
0.7370,  0.405270
0.7375,  0.402507
0.7380,  0.395431
0.7385,  0.389015
0.7390,  0.377587
0.7395,  0.368540
0.7400,  0.361315
0.7405,  0.360271
0.7410,  0.360115
0.7415,  0.362972
0.7420,  0.363191
0.7425,  0.363659
0.7430,  0.360337
0.7435,  0.351951
0.7440,  0.351222
0.7445,  0.351161
0.7450,  0.349066
0.7455,  0.351623
0.7460,  0.352940
0.7465,  0.350971
0.7470,  0.356941
0.7475,  0.353445
0.7480,  0.351311
0.7485,  0.352866
0.7490,  0.352918
0.7495,  0.359035
0.7500,  0.363584
0.7505,  0.363281
0.7510,  0.359747
0.7515,  0.359684
0.7520,  0.361752
0.7525,  0.364966
0.7530,  0.363857
0.7535,  0.361026
0.7540,  0.361045
0.7545,  0.363251
0.7550,  0.369673
0.7555,  0.367697
0.7560,  0.367462
0.7565,  0.366214
0.7570,  0.377433
0.7575,  0.388076
0.7580,  0.410547
0.7585,  0.459680
0.7590,  0.572112
0.7595,  0.748324
0.7600,  0.990202
0.7605,  1.207350
0.7610,  1.315341
0.7615,  1.323473
0.7620,  1.291300
0.7625,  1.261854
0.7630,  1.239077
0.7635,  1.192214
0.7640,  1.120294
0.7645,  1.022487
0.7650,  0.932114
0.7655,  0.832268
0.7660,  0.736366
0.7665,  0.649024
0.7670,  0.579206
0.7675,  0.538127
0.7680,  0.504283
0.7685,  0.482921
0.7690,  0.474918
0.7695,  0.466226
0.7700,  0.448026
0.7705,  0.438627
0.7710,  0.434344
0.7715,  0.427860
0.7720,  0.428979
0.7725,  0.418588
0.7730,  0.415289
0.7735,  0.400982
0.7740,  0.400468
0.7745,  0.403964
0.7750,  0.412001
0.7755,  0.417702
0.7760,  0.411537
0.7765,  0.420324
0.7770,  0.432517
0.7775,  0.429109
0.7780,  0.421409
0.7785,  0.422929
0.7790,  0.418475
0.7795,  0.425807
0.7800,  0.432502
0.7805,  0.428558
0.7810,  0.429647
0.7815,  0.433645
0.7820,  0.437334
0.7825,  0.433457
0.7830,  0.424582
0.7835,  0.424044
0.7840,  0.429960
0.7845,  0.425952
0.7850,  0.423271
0.7855,  0.421989
0.7860,  0.432568
0.7865,  0.446159
0.7870,  0.460242
0.7875,  0.468494
0.7880,  0.478707
0.7885,  0.480713
0.7890,  0.484068
0.7895,  0.481962
0.7900,  0.478458
0.7905,  0.479756
0.7910,  0.478762
0.7915,  0.480183
0.7920,  0.489684
0.7925,  0.494653
0.7930,  0.502331
0.7935,  0.504133
0.7940,  0.492902
0.7945,  0.485087
0.7950,  0.480319
0.7955,  0.480837
0.7960,  0.492639
0.7965,  0.509960
0.7970,  0.522108
0.7975,  0.521570
0.7980,  0.513732
0.7985,  0.504886
0.7990,  0.498671
0.7995,  0.505179
0.8000,  0.516913
0.8005,  0.525608
0.8010,  0.530298
0.8015,  0.526530
0.8020,  0.520452
0.8025,  0.519503
0.8030,  0.535104
0.8035,  0.552479
0.8040,  0.556806
0.8045,  0.560079
0.8050,  0.565329
0.8055,  0.572397
0.8060,  0.552343
0.8065,  0.528844
0.8070,  0.517397
0.8075,  0.508604
0.8080,  0.515773
0.8085,  0.532438
0.8090,  0.552892
0.8095,  0.569682
0.8100,  0.582063
0.8105,  0.591640
0.8110,  0.602641
0.8115,  0.621879
0.8120,  0.638606
0.8125,  0.648303
0.8130,  0.685272
0.8135,  0.723240
0.8140,  0.766356
0.8145,  0.822668
0.8150,  0.878366
0.8155,  0.910032
0.8160,  0.934766
0.8165,  0.950149
0.8170,  0.959360
0.8175,  0.962889
0.8180,  0.933169
0.8185,  0.910819
0.8190,  0.875381
0.8195,  0.862228
0.8200,  0.823826
0.8205,  0.793361
0.8210,  0.790890
0.8215,  0.832787
0.8220,  0.885185
0.8225,  0.970047
0.8230,  0.979114
0.8235,  0.951082
0.8240,  0.894593
0.8245,  0.837437
0.8250,  0.792199
0.8255,  0.772895
0.8260,  0.787706
0.8265,  0.791893
0.8270,  0.801503
0.8275,  0.819997
0.8280,  0.843243
0.8285,  0.865944
0.8290,  0.860298
0.8295,  0.852367
0.8300,  0.840000
0.8305,  0.818658
0.8310,  0.812058
0.8315,  0.806969
0.8320,  0.799503
0.8325,  0.805213
0.8330,  0.806459
0.8335,  0.799712
0.8340,  0.805441
0.8345,  0.800098
0.8350,  0.782996
0.8355,  0.774480
0.8360,  0.743787
0.8365,  0.723238
0.8370,  0.712010
0.8375,  0.713064
0.8380,  0.711729
0.8385,  0.711874
0.8390,  0.712684
0.8395,  0.708605
0.8400,  0.700703
0.8405,  0.671883
0.8410,  0.660893
0.8415,  0.660832
0.8420,  0.662150
0.8425,  0.672252
0.8430,  0.681598
0.8435,  0.676464
0.8440,  0.662557
0.8445,  0.670776
0.8450,  0.680987
0.8455,  0.689796
0.8460,  0.688638
0.8465,  0.693985
0.8470,  0.693709
0.8475,  0.689029
0.8480,  0.676326
0.8485,  0.678862
0.8490,  0.682007
0.8495,  0.692487
0.8500,  0.692525
0.8505,  0.719628
0.8510,  0.729577
0.8515,  0.725952
0.8520,  0.727068
0.8525,  0.717194
0.8530,  0.729797
0.8535,  0.760044
0.8540,  0.774234
0.8545,  0.818144
0.8550,  0.839506
0.8555,  0.837162
0.8560,  0.845213
0.8565,  0.827492
0.8570,  0.805785
0.8575,  0.772229
0.8580,  0.767439
0.8585,  0.747393
0.8590,  0.740341
0.8595,  0.725093
0.8600,  0.712658
0.8605,  0.730987
0.8610,  0.753198
0.8615,  0.752557
0.8620,  0.758466
0.8625,  0.787068
0.8630,  0.778724
0.8635,  0.766192
0.8640,  0.786122
0.8645,  0.786893
0.8650,  0.775993
0.8655,  0.799383
0.8660,  0.825042
0.8665,  0.865714
0.8670,  0.912462
0.8675,  0.917953
0.8680,  0.891435
0.8685,  0.865264
0.8690,  0.876308
0.8695,  0.896003
0.8700,  0.922676
0.8705,  0.901984
0.8710,  0.904540
0.8715,  0.909389
0.8720,  0.929972
0.8725,  0.934033
0.8730,  0.932349
0.8735,  0.953276
0.8740,  0.975225
0.8745,  0.988727
0.8750,  0.990691
0.8755,  0.995140
0.8760,  0.985285
0.8765,  0.995365
0.8770,  0.994311
0.8775,  1.020162
0.8780,  1.045344
0.8785,  1.047255
0.8790,  1.077011
0.8795,  1.120671
0.8800,  1.119175
0.8805,  1.114573
0.8810,  1.082746
0.8815,  1.045046
0.8820,  1.027720
0.8825,  1.016834
0.8830,  0.994869
0.8835,  0.991695
0.8840,  1.004669
0.8845,  1.007751
0.8850,  1.057176
0.8855,  1.100176
0.8860,  1.142597
0.8865,  1.163061
0.8870,  1.132311
0.8875,  1.110490
0.8880,  1.097627
0.8885,  1.085770
0.8890,  1.104721
0.8895,  1.121951
0.8900,  1.149685
