0.3500,  0.198834
0.3505,  0.262312
0.3510,  0.230778
0.3515,  0.193665
0.3520,  0.151335
0.3525,  0.112725
0.3530,  0.163309
0.3535,  0.203479
0.3540,  0.226025
0.3545,  0.251212
0.3550,  0.225215
0.3555,  0.207142
0.3560,  0.163090
0.3565,  0.125530
0.3570,  0.093829
0.3575,  0.054299
0.3580,  0.007104
0.3585,  -0.061053
0.3590,  0.109519
0.3595,  0.257340
0.3600,  0.247681
0.3605,  0.225870
0.3610,  0.172187
0.3615,  0.115084
0.3620,  0.166375
0.3625,  0.209667
0.3630,  0.192912
0.3635,  0.175665
0.3640,  0.164709
0.3645,  0.150228
0.3650,  0.184822
0.3655,  0.220827
0.3660,  0.235470
0.3665,  0.254838
0.3670,  0.227876
0.3675,  0.205114
0.3680,  0.167864
0.3685,  0.128408
0.3690,  0.172519
0.3695,  0.218594
0.3700,  0.186395
0.3705,  0.151689
0.3710,  0.172696
0.3715,  0.201264
0.3720,  0.171436
0.3725,  0.143265
0.3730,  0.110392
0.3735,  0.068122
0.3740,  0.074186
0.3745,  0.073758
0.3750,  0.152845
0.3755,  0.219193
0.3760,  0.211184
0.3765,  0.190988
0.3770,  0.235240
0.3775,  0.277820
0.3780,  0.275268
0.3785,  0.283952
0.3790,  0.188526
0.3795,  0.082260
0.3800,  0.140265
0.3805,  0.206420
0.3810,  0.184065
0.3815,  0.170126
0.3820,  0.085484
0.3825,  -0.023592
0.3830,  -0.055239
0.3835,  -0.107154
0.3840,  0.057277
0.3845,  0.180669
0.3850,  0.187601
0.3855,  0.203839
0.3860,  0.194887
0.3865,  0.184171
0.3870,  0.180616
0.3875,  0.175407
0.3880,  0.156681
0.3885,  0.128965
0.3890,  0.181832
0.3895,  0.225772
0.3900,  0.226409
0.3905,  0.227896
0.3910,  0.244543
0.3915,  0.281125
0.3920,  0.192974
0.3925,  0.099395
0.3930,  -0.077179
0.3935,  -0.335967
0.3940,  -0.040991
0.3945,  0.167149
0.3950,  0.276146
0.3955,  0.379772
0.3960,  0.212177
0.3965,  -0.004944
0.3970,  0.008504
0.3975,  0.001432
0.3980,  0.195152
0.3985,  0.325703
0.3990,  0.306995
0.3995,  0.300815
0.4000,  0.269985
0.4005,  0.241328
0.4010,  0.230655
0.4015,  0.226168
0.4020,  0.211882
0.4025,  0.204414
0.4030,  0.180436
0.4035,  0.160755
0.4040,  0.159285
0.4045,  0.158183
0.4050,  0.156932
0.4055,  0.156341
0.4060,  0.138793
0.4065,  0.121544
0.4070,  0.132682
0.4075,  0.139756
0.4080,  0.167277
0.4085,  0.195469
0.4090,  0.191305
0.4095,  0.186122
0.4100,  0.137414
0.4105,  0.080281
0.4110,  0.148796
0.4115,  0.210680
0.4120,  0.192881
0.4125,  0.173153
0.4130,  0.156286
0.4135,  0.146354
0.4140,  0.142260
0.4145,  0.134816
0.4150,  0.131799
0.4155,  0.128191
0.4160,  0.153531
0.4165,  0.181586
0.4170,  0.141874
0.4175,  0.098916
0.4180,  0.106955
0.4185,  0.118100
0.4190,  0.127217
0.4195,  0.129848
0.4200,  0.143328
0.4205,  0.156403
0.4210,  0.162783
0.4215,  0.174060
0.4220,  0.126041
0.4225,  0.071872
0.4230,  0.111066
0.4235,  0.148088
0.4240,  0.159039
0.4245,  0.173332
0.4250,  0.157887
0.4255,  0.139359
0.4260,  0.143579
0.4265,  0.151387
0.4270,  0.119564
0.4275,  0.085718
0.4280,  0.097069
0.4285,  0.114298
0.4290,  0.103466
0.4295,  0.098135
0.4300,  0.012495
0.4305,  -0.101502
0.4310,  0.088861
0.4315,  0.233409
0.4320,  0.200346
0.4325,  0.165379
0.4330,  0.170407
0.4335,  0.175867
0.4340,  0.150056
0.4345,  0.124168
0.4350,  0.124575
0.4355,  0.124679
0.4360,  0.165025
0.4365,  0.206743
0.4370,  0.175777
0.4375,  0.154041
0.4380,  0.103916
0.4385,  0.043315
0.4390,  0.114853
0.4395,  0.175879
0.4400,  0.139647
0.4405,  0.101126
0.4410,  0.145597
0.4415,  0.184149
0.4420,  0.182662
0.4425,  0.180723
0.4430,  0.154703
0.4435,  0.133534
0.4440,  0.148295
0.4445,  0.168146
0.4450,  0.136265
0.4455,  0.099483
0.4460,  0.112543
0.4465,  0.119453
0.4470,  0.151434
0.4475,  0.185957
0.4480,  0.160787
0.4485,  0.130427
0.4490,  0.133172
0.4495,  0.134924
0.4500,  0.150279
0.4505,  0.168200
0.4510,  0.161196
0.4515,  0.155460
0.4520,  0.124599
0.4525,  0.095442
0.4530,  0.105536
0.4535,  0.114096
0.4540,  0.120554
0.4545,  0.126476
0.4550,  0.136342
0.4555,  0.146322
0.4560,  0.150686
0.4565,  0.154724
0.4570,  0.157914
0.4575,  0.164145
0.4580,  0.138887
0.4585,  0.113931
0.4590,  0.124140
0.4595,  0.131921
0.4600,  0.137863
0.4605,  0.142860
0.4610,  0.143824
0.4615,  0.142608
0.4620,  0.148372
0.4625,  0.155219
0.4630,  0.138108
0.4635,  0.126893
0.4640,  0.118791
0.4645,  0.112073
0.4650,  0.134231
0.4655,  0.156926
0.4660,  0.134742
0.4665,  0.111059
0.4670,  0.134687
0.4675,  0.155909
0.4680,  0.149598
0.4685,  0.148791
0.4690,  0.151631
0.4695,  0.155228
0.4700,  0.133921
0.4705,  0.108073
0.4710,  0.139007
0.4715,  0.166259
0.4720,  0.165333
0.4725,  0.167435
0.4730,  0.157315
0.4735,  0.145115
0.4740,  0.155648
0.4745,  0.168585
0.4750,  0.161324
0.4755,  0.153665
0.4760,  0.139473
0.4765,  0.124943
0.4770,  0.150858
0.4775,  0.175396
0.4780,  0.157715
0.4785,  0.140665
0.4790,  0.154011
0.4795,  0.166147
0.4800,  0.156501
0.4805,  0.149996
0.4810,  0.164554
0.4815,  0.175766
0.4820,  0.159822
0.4825,  0.149875
0.4830,  0.152132
0.4835,  0.156427
0.4840,  0.156404
0.4845,  0.162364
0.4850,  0.151573
0.4855,  0.139574
0.4860,  0.105109
0.4865,  0.055934
0.4870,  0.107103
0.4875,  0.150951
0.4880,  0.162096
0.4885,  0.172266
0.4890,  0.171920
0.4895,  0.172621
0.4900,  0.177199
0.4905,  0.187504
0.4910,  0.164665
0.4915,  0.141983
0.4920,  0.142591
0.4925,  0.139536
0.4930,  0.131085
0.4935,  0.121488
0.4940,  0.155593
0.4945,  0.190166
0.4950,  0.157507
0.4955,  0.124329
0.4960,  0.145452
0.4965,  0.165182
0.4970,  0.167971
0.4975,  0.173253
0.4980,  0.142059
0.4985,  0.108962
0.4990,  0.137385
0.4995,  0.166150
0.5000,  0.145662
0.5005,  0.124083
0.5010,  0.118263
0.5015,  0.108535
0.5020,  0.129234
0.5025,  0.149084
0.5030,  0.158650
0.5035,  0.165486
0.5040,  0.148361
0.5045,  0.128702
0.5050,  0.149432
0.5055,  0.172342
0.5060,  0.161081
0.5065,  0.153759
0.5070,  0.144093
0.5075,  0.133528
0.5080,  0.137413
0.5085,  0.139712
0.5090,  0.138961
0.5095,  0.138406
0.5100,  0.144205
0.5105,  0.148202
0.5110,  0.157885
0.5115,  0.168464
0.5120,  0.140608
0.5125,  0.116230
0.5130,  0.122752
0.5135,  0.126878
0.5140,  0.133576
0.5145,  0.139739
0.5150,  0.150757
0.5155,  0.168038
0.5160,  0.128963
0.5165,  0.086284
0.5170,  0.113134
0.5175,  0.132532
0.5180,  0.111043
0.5185,  0.082914
0.5190,  0.118569
0.5195,  0.152308
0.5200,  0.143051
0.5205,  0.133263
0.5210,  0.144189
0.5215,  0.157867
0.5220,  0.136098
0.5225,  0.113756
0.5230,  0.128271
0.5235,  0.139392
0.5240,  0.148275
0.5245,  0.161024
0.5250,  0.160241
0.5255,  0.164167
0.5260,  0.113583
0.5265,  0.055535
0.5270,  0.097433
0.5275,  0.129740
0.5280,  0.136011
0.5285,  0.141844
0.5290,  0.139308
0.5295,  0.136879
0.5300,  0.138610
0.5305,  0.142990
0.5310,  0.146950
0.5315,  0.156050
0.5320,  0.117357
0.5325,  0.074805
0.5330,  0.115711
0.5335,  0.151897
0.5340,  0.131740
0.5345,  0.109877
0.5350,  0.136864
0.5355,  0.166165
0.5360,  0.140213
0.5365,  0.114228
0.5370,  0.118557
0.5375,  0.124347
0.5380,  0.132512
0.5385,  0.142644
0.5390,  0.131347
0.5395,  0.119162
0.5400,  0.107609
0.5405,  0.093857
0.5410,  0.121082
0.5415,  0.146413
0.5420,  0.130101
0.5425,  0.114631
0.5430,  0.126910
0.5435,  0.137901
0.5440,  0.136140
0.5445,  0.133806
0.5450,  0.137652
0.5455,  0.140704
0.5460,  0.135443
0.5465,  0.132646
0.5470,  0.123486
0.5475,  0.112456
0.5480,  0.120061
0.5485,  0.127863
0.5490,  0.135638
0.5495,  0.142964
0.5500,  0.134019
0.5505,  0.125487
0.5510,  0.128326
0.5515,  0.130903
0.5520,  0.124734
0.5525,  0.119100
0.5530,  0.125844
0.5535,  0.133274
0.5540,  0.136936
0.5545,  0.141090
0.5550,  0.144119
0.5555,  0.147863
0.5560,  0.134086
0.5565,  0.120469
0.5570,  0.130684
0.5575,  0.142504
0.5580,  0.133000
0.5585,  0.123546
0.5590,  0.127396
0.5595,  0.130561
0.5600,  0.134947
0.5605,  0.138203
0.5610,  0.133190
0.5615,  0.129062
0.5620,  0.134489
0.5625,  0.141170
0.5630,  0.144484
0.5635,  0.147207
0.5640,  0.146917
0.5645,  0.148382
0.5650,  0.138594
0.5655,  0.127097
0.5660,  0.132869
0.5665,  0.138646
0.5670,  0.151931
0.5675,  0.166692
0.5680,  0.150263
0.5685,  0.134559
0.5690,  0.152194
0.5695,  0.169888
0.5700,  0.150136
0.5705,  0.124347
0.5710,  0.132902
0.5715,  0.136454
0.5720,  0.145189
0.5725,  0.156251
0.5730,  0.148611
0.5735,  0.145876
0.5740,  0.146416
0.5745,  0.147728
0.5750,  0.140552
0.5755,  0.131228
0.5760,  0.135709
0.5765,  0.141460
0.5770,  0.146366
0.5775,  0.150620
0.5780,  0.132518
0.5785,  0.112105
0.5790,  0.119343
0.5795,  0.126781
0.5800,  0.127870
0.5805,  0.129760
0.5810,  0.132042
0.5815,  0.134884
0.5820,  0.137721
0.5825,  0.140854
0.5830,  0.136105
0.5835,  0.133679
0.5840,  0.135742
0.5845,  0.139901
0.5850,  0.125077
0.5855,  0.109096
0.5860,  0.124074
0.5865,  0.140392
0.5870,  0.153710
0.5875,  0.171577
0.5880,  0.164841
0.5885,  0.154479
0.5890,  0.122913
0.5895,  0.082817
0.5900,  0.131370
0.5905,  0.177912
0.5910,  0.167385
0.5915,  0.155488
0.5920,  0.154872
0.5925,  0.156650
0.5930,  0.153219
0.5935,  0.154092
0.5940,  0.150054
0.5945,  0.143847
0.5950,  0.145974
0.5955,  0.146101
0.5960,  0.148506
0.5965,  0.152669
0.5970,  0.146096
0.5975,  0.140007
0.5980,  0.134187
0.5985,  0.128923
0.5990,  0.137421
0.5995,  0.146580
0.6000,  0.143726
0.6005,  0.138868
0.6010,  0.140645
0.6015,  0.139808
0.6020,  0.126260
0.6025,  0.112601
0.6030,  0.125969
0.6035,  0.142232
0.6040,  0.141700
0.6045,  0.143740
0.6050,  0.142099
0.6055,  0.138989
0.6060,  0.136393
0.6065,  0.134194
0.6070,  0.135681
0.6075,  0.137900
0.6080,  0.136966
0.6085,  0.136892
0.6090,  0.143194
0.6095,  0.147171
0.6100,  0.138051
0.6105,  0.127098
0.6110,  0.137959
0.6115,  0.148344
0.6120,  0.138476
0.6125,  0.129899
0.6130,  0.126481
0.6135,  0.125685
0.6140,  0.136974
0.6145,  0.148889
0.6150,  0.155288
0.6155,  0.158187
0.6160,  0.127619
0.6165,  0.093491
0.6170,  0.116211
0.6175,  0.141639
0.6180,  0.147625
0.6185,  0.151471
0.6190,  0.148296
0.6195,  0.143322
0.6200,  0.151665
0.6205,  0.160692
0.6210,  0.147966
0.6215,  0.134683
0.6220,  0.144553
0.6225,  0.155360
0.6230,  0.146857
0.6235,  0.140422
0.6240,  0.146147
0.6245,  0.148398
0.6250,  0.142716
0.6255,  0.134511
0.6260,  0.148570
0.6265,  0.165106
0.6270,  0.167749
0.6275,  0.168003
0.6280,  0.168679
0.6285,  0.173381
0.6290,  0.173690
0.6295,  0.173212
0.6300,  0.169340
0.6305,  0.161671
0.6310,  0.152804
0.6315,  0.146858
0.6320,  0.140834
0.6325,  0.137949
0.6330,  0.139691
0.6335,  0.143558
0.6340,  0.148916
0.6345,  0.154649
0.6350,  0.158485
0.6355,  0.158595
0.6360,  0.155648
0.6365,  0.148897
0.6370,  0.142754
0.6375,  0.138881
0.6380,  0.138013
0.6385,  0.140841
0.6390,  0.143680
0.6395,  0.145247
0.6400,  0.144699
0.6405,  0.143917
0.6410,  0.138196
0.6415,  0.137126
0.6420,  0.134572
0.6425,  0.131891
0.6430,  0.129857
0.6435,  0.131763
0.6440,  0.135642
0.6445,  0.140450
0.6450,  0.149194
0.6455,  0.154843
0.6460,  0.157438
0.6465,  0.159036
0.6470,  0.157350
0.6475,  0.150629
0.6480,  0.144522
0.6485,  0.140857
0.6490,  0.134511
0.6495,  0.137433
0.6500,  0.140684
0.6505,  0.145988
0.6510,  0.151533
0.6515,  0.152577
0.6520,  0.154715
0.6525,  0.154090
0.6530,  0.153610
0.6535,  0.145768
0.6540,  0.146939
0.6545,  0.155713
0.6550,  0.167845
0.6555,  0.165957
0.6560,  0.145823
0.6565,  0.111177
0.6570,  0.068839
0.6575,  0.080044
0.6580,  0.094832
0.6585,  0.111686
0.6590,  0.129182
0.6595,  0.123731
0.6600,  0.118211
0.6605,  0.117592
0.6610,  0.118544
0.6615,  0.115307
0.6620,  0.112349
0.6625,  0.110948
0.6630,  0.110752
0.6635,  0.114679
0.6640,  0.115181
0.6645,  0.117756
0.6650,  0.120692
0.6655,  0.117341
0.6660,  0.112469
0.6665,  0.106870
0.6670,  0.101403
0.6675,  0.102156
0.6680,  0.102196
0.6685,  0.105507
0.6690,  0.109532
0.6695,  0.108992
0.6700,  0.109382
0.6705,  0.110273
0.6710,  0.111245
0.6715,  0.113719
0.6720,  0.113200
0.6725,  0.112173
0.6730,  0.111440
0.6735,  0.107243
0.6740,  0.104787
0.6745,  0.103414
0.6750,  0.102472
0.6755,  0.103674
0.6760,  0.107060
0.6765,  0.111411
0.6770,  0.112627
0.6775,  0.110811
0.6780,  0.109286
0.6785,  0.108492
0.6790,  0.107915
0.6795,  0.106693
0.6800,  0.106644
0.6805,  0.106072
0.6810,  0.104105
0.6815,  0.103056
0.6820,  0.104799
0.6825,  0.108181
0.6830,  0.112559
0.6835,  0.114464
0.6840,  0.116312
0.6845,  0.116659
0.6850,  0.124582
0.6855,  0.151880
0.6860,  0.188565
0.6865,  0.223307
0.6870,  0.245330
0.6875,  0.246525
0.6880,  0.240929
0.6885,  0.234925
0.6890,  0.230668
0.6895,  0.221152
0.6900,  0.211273
0.6905,  0.200782
0.6910,  0.190698
0.6915,  0.185348
0.6920,  0.184878
0.6925,  0.185892
0.6930,  0.185834
0.6935,  0.183408
0.6940,  0.179332
0.6945,  0.176325
0.6950,  0.170207
0.6955,  0.161625
0.6960,  0.152985
0.6965,  0.147018
0.6970,  0.141049
0.6975,  0.145642
0.6980,  0.154207
0.6985,  0.159155
0.6990,  0.166486
0.6995,  0.166551
0.7000,  0.162475
0.7005,  0.159843
0.7010,  0.155102
0.7015,  0.158190
0.7020,  0.159533
0.7025,  0.159958
0.7030,  0.156885
0.7035,  0.156231
0.7040,  0.156818
0.7045,  0.156336
0.7050,  0.158060
0.7055,  0.158212
0.7060,  0.158364
0.7065,  0.152859
0.7070,  0.148581
0.7075,  0.142918
0.7080,  0.142133
0.7085,  0.140446
0.7090,  0.136960
0.7095,  0.138037
0.7100,  0.135046
0.7105,  0.137252
0.7110,  0.142077
0.7115,  0.144144
0.7120,  0.144658
0.7125,  0.145918
0.7130,  0.146107
0.7135,  0.149448
0.7140,  0.152726
0.7145,  0.156612
0.7150,  0.163913
0.7155,  0.182538
0.7160,  0.213266
0.7165,  0.249370
0.7170,  0.285228
0.7175,  0.314411
0.7180,  0.336587
0.7185,  0.348044
0.7190,  0.347885
0.7195,  0.343603
0.7200,  0.322752
0.7205,  0.291486
0.7210,  0.260463
0.7215,  0.243672
0.7220,  0.249762
0.7225,  0.265029
0.7230,  0.282375
0.7235,  0.300266
0.7240,  0.313718
0.7245,  0.321154
0.7250,  0.319791
0.7255,  0.317315
0.7260,  0.319214
0.7265,  0.320364
0.7270,  0.314078
0.7275,  0.306723
0.7280,  0.301343
0.7285,  0.297931
0.7290,  0.290788
0.7295,  0.285878
0.7300,  0.280781
0.7305,  0.275395
0.7310,  0.269664
0.7315,  0.251794
0.7320,  0.231589
0.7325,  0.211142
0.7330,  0.193461
0.7335,  0.178241
0.7340,  0.171171
0.7345,  0.167930
0.7350,  0.166016
0.7355,  0.171163
0.7360,  0.170276
0.7365,  0.166460
0.7370,  0.163453
0.7375,  0.158330
0.7380,  0.157071
0.7385,  0.154642
0.7390,  0.145972
0.7395,  0.142421
0.7400,  0.139388
0.7405,  0.133150
0.7410,  0.125938
0.7415,  0.126641
0.7420,  0.129256
0.7425,  0.130458
0.7430,  0.131389
0.7435,  0.127987
0.7440,  0.129336
0.7445,  0.127139
0.7450,  0.123388
0.7455,  0.124859
0.7460,  0.125209
0.7465,  0.127111
0.7470,  0.127977
0.7475,  0.126969
0.7480,  0.123018
0.7485,  0.120099
0.7490,  0.121234
0.7495,  0.124658
0.7500,  0.124090
0.7505,  0.123080
0.7510,  0.122242
0.7515,  0.119338
0.7520,  0.116787
0.7525,  0.114413
0.7530,  0.114032
0.7535,  0.115465
0.7540,  0.116554
0.7545,  0.111655
0.7550,  0.110660
0.7555,  0.110941
0.7560,  0.111830
0.7565,  0.113593
0.7570,  0.118604
0.7575,  0.135389
0.7580,  0.177514
0.7585,  0.262675
0.7590,  0.401010
0.7595,  0.567761
0.7600,  0.697520
0.7605,  0.752575
0.7610,  0.739576
0.7615,  0.709283
0.7620,  0.693149
0.7625,  0.693077
0.7630,  0.674868
0.7635,  0.628957
0.7640,  0.566016
0.7645,  0.496741
0.7650,  0.433714
0.7655,  0.374287
0.7660,  0.317454
0.7665,  0.267657
0.7670,  0.221917
0.7675,  0.191661
0.7680,  0.171259
0.7685,  0.158007
0.7690,  0.149095
0.7695,  0.139175
0.7700,  0.132653
0.7705,  0.132995
0.7710,  0.128343
0.7715,  0.126609
0.7720,  0.128546
0.7725,  0.125792
0.7730,  0.124034
0.7735,  0.121303
0.7740,  0.112290
0.7745,  0.104976
0.7750,  0.102145
0.7755,  0.105018
0.7760,  0.109522
0.7765,  0.114350
0.7770,  0.118914
0.7775,  0.118343
0.7780,  0.117496
0.7785,  0.116810
0.7790,  0.111058
0.7795,  0.112826
0.7800,  0.115715
0.7805,  0.115278
0.7810,  0.114036
0.7815,  0.107855
0.7820,  0.106121
0.7825,  0.104355
0.7830,  0.102174
0.7835,  0.106074
0.7840,  0.108152
0.7845,  0.109379
0.7850,  0.113587
0.7855,  0.113281
0.7860,  0.116568
0.7865,  0.120436
0.7870,  0.122342
0.7875,  0.124786
0.7880,  0.129413
0.7885,  0.131365
0.7890,  0.137912
0.7895,  0.139763
0.7900,  0.140462
0.7905,  0.137631
0.7910,  0.134473
0.7915,  0.133293
0.7920,  0.134329
0.7925,  0.135663
0.7930,  0.139111
0.7935,  0.139337
0.7940,  0.134535
0.7945,  0.134361
0.7950,  0.129810
0.7955,  0.131113
0.7960,  0.128604
0.7965,  0.122485
0.7970,  0.127622
0.7975,  0.125195
0.7980,  0.122930
0.7985,  0.124521
0.7990,  0.120390
0.7995,  0.126655
0.8000,  0.129724
0.8005,  0.134516
0.8010,  0.137691
0.8015,  0.141190
0.8020,  0.143490
0.8025,  0.139885
0.8030,  0.138144
0.8035,  0.136619
0.8040,  0.130123
0.8045,  0.120957
0.8050,  0.115749
0.8055,  0.109535
0.8060,  0.113281
0.8065,  0.117064
0.8070,  0.121526
0.8075,  0.118488
0.8080,  0.118808
0.8085,  0.119142
0.8090,  0.115254
0.8095,  0.120552
0.8100,  0.133159
0.8105,  0.149549
0.8110,  0.161664
0.8115,  0.172078
0.8120,  0.189978
0.8125,  0.211390
0.8130,  0.231199
0.8135,  0.248555
0.8140,  0.267247
0.8145,  0.297361
0.8150,  0.324324
0.8155,  0.339697
0.8160,  0.346697
0.8165,  0.346819
0.8170,  0.344877
0.8175,  0.329646
0.8180,  0.322998
0.8185,  0.306883
0.8190,  0.277514
0.8195,  0.256977
0.8200,  0.237877
0.8205,  0.227510
0.8210,  0.242439
0.8215,  0.274410
0.8220,  0.308494
0.8225,  0.324474
0.8230,  0.308523
0.8235,  0.270553
0.8240,  0.234381
0.8245,  0.216757
0.8250,  0.202608
0.8255,  0.202654
0.8260,  0.206792
0.8265,  0.203577
0.8270,  0.216862
0.8275,  0.237322
0.8280,  0.255272
0.8285,  0.255734
0.8290,  0.245927
0.8295,  0.234247
0.8300,  0.223583
0.8305,  0.219670
0.8310,  0.218707
0.8315,  0.219533
0.8320,  0.218864
0.8325,  0.217293
0.8330,  0.205574
0.8335,  0.188147
0.8340,  0.172795
0.8345,  0.156041
0.8350,  0.149970
0.8355,  0.147873
0.8360,  0.151753
0.8365,  0.143219
0.8370,  0.135967
0.8375,  0.137653
0.8380,  0.129955
0.8385,  0.132090
0.8390,  0.126230
0.8395,  0.118072
0.8400,  0.117992
0.8405,  0.114197
0.8410,  0.108837
0.8415,  0.106694
0.8420,  0.104046
0.8425,  0.103992
0.8430,  0.099813
0.8435,  0.094591
0.8440,  0.090610
0.8445,  0.090936
0.8450,  0.092790
0.8455,  0.092458
0.8460,  0.090960
0.8465,  0.094287
0.8470,  0.099910
0.8475,  0.098940
0.8480,  0.095528
0.8485,  0.090763
0.8490,  0.086024
0.8495,  0.087751
0.8500,  0.078099
0.8505,  0.084186
0.8510,  0.081390
0.8515,  0.080535
0.8520,  0.084270
0.8525,  0.073283
0.8530,  0.078512
0.8535,  0.086563
0.8540,  0.066197
0.8545,  0.082235
0.8550,  0.086315
0.8555,  0.088914
0.8560,  0.090089
0.8565,  0.076427
0.8570,  0.073130
0.8575,  0.071572
0.8580,  0.075469
0.8585,  0.073777
0.8590,  0.079802
0.8595,  0.080751
0.8600,  0.077751
0.8605,  0.076144
0.8610,  0.085140
0.8615,  0.087800
0.8620,  0.087711
0.8625,  0.094160
0.8630,  0.092419
0.8635,  0.092168
0.8640,  0.099279
0.8645,  0.082789
0.8650,  0.075624
0.8655,  0.077109
0.8660,  0.058617
0.8665,  0.060698
0.8670,  0.061933
0.8675,  0.067850
0.8680,  0.069591
0.8685,  0.070820
0.8690,  0.067423
0.8695,  0.067345
0.8700,  0.062845
0.8705,  0.068556
0.8710,  0.077165
0.8715,  0.081924
0.8720,  0.089857
0.8725,  0.091290
0.8730,  0.094757
0.8735,  0.093096
0.8740,  0.089032
0.8745,  0.081251
0.8750,  0.069476
0.8755,  0.062669
0.8760,  0.060968
0.8765,  0.068168
0.8770,  0.079777
0.8775,  0.079281
0.8780,  0.089119
0.8785,  0.087153
0.8790,  0.081080
0.8795,  0.075759
0.8800,  0.068122
0.8805,  0.068075
0.8810,  0.066528
0.8815,  0.068142
0.8820,  0.065123
0.8825,  0.064936
0.8830,  0.072871
0.8835,  0.070138
0.8840,  0.075442
0.8845,  0.078265
0.8850,  0.077688
0.8855,  0.068991
0.8860,  0.055948
0.8865,  0.055917
0.8870,  0.055491
0.8875,  0.061163
0.8880,  0.073455
0.8885,  0.084321
0.8890,  0.088733
0.8895,  0.079078
0.8900,  0.084483
