0.3500,  0.057068
0.3505,  0.107417
0.3510,  0.076912
0.3515,  0.046702
0.3520,  0.018724
0.3525,  -0.019133
0.3530,  0.019334
0.3535,  0.057280
0.3540,  0.078595
0.3545,  0.105084
0.3550,  0.088415
0.3555,  0.076578
0.3560,  0.044353
0.3565,  0.008719
0.3570,  -0.022938
0.3575,  -0.058908
0.3580,  -0.095524
0.3585,  -0.152346
0.3590,  -0.012028
0.3595,  0.105339
0.3600,  0.091398
0.3605,  0.077816
0.3610,  0.037173
0.3615,  -0.005975
0.3620,  0.036539
0.3625,  0.075633
0.3630,  0.067403
0.3635,  0.057230
0.3640,  0.048065
0.3645,  0.035265
0.3650,  0.064615
0.3655,  0.093672
0.3660,  0.106486
0.3665,  0.119177
0.3670,  0.093398
0.3675,  0.072102
0.3680,  0.044407
0.3685,  0.015429
0.3690,  0.054254
0.3695,  0.095682
0.3700,  0.071050
0.3705,  0.042574
0.3710,  0.057332
0.3715,  0.077441
0.3720,  0.049243
0.3725,  0.023759
0.3730,  -0.004488
0.3735,  -0.037555
0.3740,  -0.028310
0.3745,  -0.022429
0.3750,  0.045660
0.3755,  0.098538
0.3760,  0.091809
0.3765,  0.079060
0.3770,  0.121660
0.3775,  0.159131
0.3780,  0.151756
0.3785,  0.154012
0.3790,  0.073243
0.3795,  -0.016549
0.3800,  0.030019
0.3805,  0.079796
0.3810,  0.055094
0.3815,  0.037863
0.3820,  -0.036183
0.3825,  -0.125419
0.3830,  -0.143253
0.3835,  -0.172056
0.3840,  -0.023127
0.3845,  0.089174
0.3850,  0.095211
0.3855,  0.100171
0.3860,  0.086985
0.3865,  0.075219
0.3870,  0.066274
0.3875,  0.059512
0.3880,  0.047998
0.3885,  0.034279
0.3890,  0.088388
0.3895,  0.128685
0.3900,  0.128354
0.3905,  0.128690
0.3910,  0.140643
0.3915,  0.166106
0.3920,  0.083546
0.3925,  -0.001558
0.3930,  -0.146920
0.3935,  -0.356927
0.3940,  -0.107796
0.3945,  0.067543
0.3950,  0.154434
0.3955,  0.236685
0.3960,  0.098124
0.3965,  -0.076693
0.3970,  -0.058435
0.3975,  -0.057483
0.3980,  0.110008
0.3985,  0.224724
0.3990,  0.210253
0.3995,  0.203830
0.4000,  0.174839
0.4005,  0.144575
0.4010,  0.130354
0.4015,  0.125198
0.4020,  0.113572
0.4025,  0.106681
0.4030,  0.087390
0.4035,  0.070613
0.4040,  0.069250
0.4045,  0.069628
0.4050,  0.071009
0.4055,  0.073250
0.4060,  0.060345
0.4065,  0.046685
0.4070,  0.055640
0.4075,  0.060370
0.4080,  0.080522
0.4085,  0.102385
0.4090,  0.098172
0.4095,  0.096039
0.4100,  0.058215
0.4105,  0.011922
0.4110,  0.070253
0.4115,  0.124810
0.4120,  0.113113
0.4125,  0.098602
0.4130,  0.085291
0.4135,  0.076910
0.4140,  0.071632
0.4145,  0.064300
0.4150,  0.062907
0.4155,  0.061591
0.4160,  0.084947
0.4165,  0.108270
0.4170,  0.075231
0.4175,  0.037672
0.4180,  0.043087
0.4185,  0.049129
0.4190,  0.053473
0.4195,  0.055347
0.4200,  0.068527
0.4205,  0.078823
0.4210,  0.081230
0.4215,  0.089399
0.4220,  0.049790
0.4225,  0.005238
0.4230,  0.038198
0.4235,  0.069507
0.4240,  0.080719
0.4245,  0.094250
0.4250,  0.081004
0.4255,  0.067002
0.4260,  0.071086
0.4265,  0.079377
0.4270,  0.051587
0.4275,  0.026414
0.4280,  0.039817
0.4285,  0.052979
0.4290,  0.040488
0.4295,  0.030639
0.4300,  -0.042686
0.4305,  -0.134487
0.4310,  0.029430
0.4315,  0.151804
0.4320,  0.123524
0.4325,  0.095134
0.4330,  0.101691
0.4335,  0.107081
0.4340,  0.084170
0.4345,  0.063562
0.4350,  0.068150
0.4355,  0.068048
0.4360,  0.100293
0.4365,  0.134737
0.4370,  0.109219
0.4375,  0.089344
0.4380,  0.046890
0.4385,  -0.004761
0.4390,  0.053536
0.4395,  0.104935
0.4400,  0.078861
0.4405,  0.049803
0.4410,  0.087270
0.4415,  0.118447
0.4420,  0.115733
0.4425,  0.114183
0.4430,  0.092907
0.4435,  0.074457
0.4440,  0.084458
0.4445,  0.097291
0.4450,  0.069481
0.4455,  0.040344
0.4460,  0.055374
0.4465,  0.066814
0.4470,  0.096619
0.4475,  0.124372
0.4480,  0.101690
0.4485,  0.075049
0.4490,  0.076599
0.4495,  0.076045
0.4500,  0.089683
0.4505,  0.105090
0.4510,  0.098218
0.4515,  0.092567
0.4520,  0.068273
0.4525,  0.044126
0.4530,  0.054523
0.4535,  0.063200
0.4540,  0.067601
0.4545,  0.070073
0.4550,  0.078758
0.4555,  0.087424
0.4560,  0.092653
0.4565,  0.097706
0.4570,  0.098061
0.4575,  0.101344
0.4580,  0.079430
0.4585,  0.058036
0.4590,  0.067998
0.4595,  0.074562
0.4600,  0.079102
0.4605,  0.083067
0.4610,  0.082645
0.4615,  0.080166
0.4620,  0.085071
0.4625,  0.092645
0.4630,  0.081662
0.4635,  0.073412
0.4640,  0.066941
0.4645,  0.060253
0.4650,  0.078287
0.4655,  0.097758
0.4660,  0.077979
0.4665,  0.058175
0.4670,  0.080111
0.4675,  0.097924
0.4680,  0.093946
0.4685,  0.092131
0.4690,  0.093000
0.4695,  0.095838
0.4700,  0.079077
0.4705,  0.057296
0.4710,  0.083671
0.4715,  0.109180
0.4720,  0.109087
0.4725,  0.111062
0.4730,  0.103736
0.4735,  0.094679
0.4740,  0.102755
0.4745,  0.112012
0.4750,  0.105284
0.4755,  0.099605
0.4760,  0.089052
0.4765,  0.076840
0.4770,  0.097430
0.4775,  0.117101
0.4780,  0.102062
0.4785,  0.087983
0.4790,  0.101409
0.4795,  0.113603
0.4800,  0.104421
0.4805,  0.097681
0.4810,  0.106427
0.4815,  0.116173
0.4820,  0.104670
0.4825,  0.096417
0.4830,  0.098457
0.4835,  0.100774
0.4840,  0.098979
0.4845,  0.103358
0.4850,  0.092643
0.4855,  0.082535
0.4860,  0.053562
0.4865,  0.014731
0.4870,  0.061287
0.4875,  0.101374
0.4880,  0.112187
0.4885,  0.120639
0.4890,  0.119610
0.4895,  0.118851
0.4900,  0.120785
0.4905,  0.127818
0.4910,  0.108622
0.4915,  0.089722
0.4920,  0.092188
0.4925,  0.091219
0.4930,  0.087099
0.4935,  0.080205
0.4940,  0.107262
0.4945,  0.135499
0.4950,  0.107557
0.4955,  0.080386
0.4960,  0.098076
0.4965,  0.114986
0.4970,  0.116594
0.4975,  0.119291
0.4980,  0.092355
0.4985,  0.064545
0.4990,  0.088618
0.4995,  0.112922
0.5000,  0.096234
0.5005,  0.078800
0.5010,  0.074283
0.5015,  0.066188
0.5020,  0.081835
0.5025,  0.097790
0.5030,  0.105377
0.5035,  0.111934
0.5040,  0.097818
0.5045,  0.080389
0.5050,  0.097943
0.5055,  0.116640
0.5060,  0.107241
0.5065,  0.101313
0.5070,  0.092884
0.5075,  0.084632
0.5080,  0.087786
0.5085,  0.088927
0.5090,  0.087426
0.5095,  0.085121
0.5100,  0.088007
0.5105,  0.091928
0.5110,  0.101830
0.5115,  0.112092
0.5120,  0.088509
0.5125,  0.066916
0.5130,  0.071535
0.5135,  0.074177
0.5140,  0.080659
0.5145,  0.085723
0.5150,  0.093044
0.5155,  0.106288
0.5160,  0.072579
0.5165,  0.037436
0.5170,  0.062147
0.5175,  0.081630
0.5180,  0.066428
0.5185,  0.044789
0.5190,  0.075088
0.5195,  0.102812
0.5200,  0.094855
0.5205,  0.086851
0.5210,  0.095751
0.5215,  0.106160
0.5220,  0.087579
0.5225,  0.068852
0.5230,  0.081322
0.5235,  0.089860
0.5240,  0.096500
0.5245,  0.106647
0.5250,  0.103308
0.5255,  0.105506
0.5260,  0.063675
0.5265,  0.015633
0.5270,  0.052127
0.5275,  0.081010
0.5280,  0.087033
0.5285,  0.092303
0.5290,  0.090596
0.5295,  0.089078
0.5300,  0.090057
0.5305,  0.092230
0.5310,  0.094744
0.5315,  0.101471
0.5320,  0.069565
0.5325,  0.033786
0.5330,  0.068473
0.5335,  0.099276
0.5340,  0.083295
0.5345,  0.065377
0.5350,  0.086951
0.5355,  0.110316
0.5360,  0.089872
0.5365,  0.069764
0.5370,  0.073834
0.5375,  0.076748
0.5380,  0.082100
0.5385,  0.088897
0.5390,  0.078194
0.5395,  0.069137
0.5400,  0.060473
0.5405,  0.050062
0.5410,  0.073701
0.5415,  0.095135
0.5420,  0.082542
0.5425,  0.069517
0.5430,  0.078828
0.5435,  0.086665
0.5440,  0.084501
0.5445,  0.083816
0.5450,  0.087984
0.5455,  0.089925
0.5460,  0.086463
0.5465,  0.083395
0.5470,  0.075416
0.5475,  0.067532
0.5480,  0.074855
0.5485,  0.079867
0.5490,  0.085022
0.5495,  0.090807
0.5500,  0.084667
0.5505,  0.079119
0.5510,  0.081738
0.5515,  0.082886
0.5520,  0.077461
0.5525,  0.071428
0.5530,  0.078104
0.5535,  0.085442
0.5540,  0.088700
0.5545,  0.091059
0.5550,  0.092240
0.5555,  0.094624
0.5560,  0.082663
0.5565,  0.071138
0.5570,  0.079566
0.5575,  0.089248
0.5580,  0.081987
0.5585,  0.072886
0.5590,  0.076006
0.5595,  0.079157
0.5600,  0.084207
0.5605,  0.088795
0.5610,  0.084800
0.5615,  0.080997
0.5620,  0.086366
0.5625,  0.091592
0.5630,  0.093595
0.5635,  0.096122
0.5640,  0.096557
0.5645,  0.097525
0.5650,  0.088338
0.5655,  0.077480
0.5660,  0.082144
0.5665,  0.086281
0.5670,  0.096956
0.5675,  0.109783
0.5680,  0.096327
0.5685,  0.083137
0.5690,  0.096623
0.5695,  0.110411
0.5700,  0.095051
0.5705,  0.076228
0.5710,  0.084260
0.5715,  0.089150
0.5720,  0.096333
0.5725,  0.105263
0.5730,  0.100375
0.5735,  0.097673
0.5740,  0.097566
0.5745,  0.097090
0.5750,  0.090320
0.5755,  0.082268
0.5760,  0.085559
0.5765,  0.089360
0.5770,  0.092712
0.5775,  0.096059
0.5780,  0.082189
0.5785,  0.066273
0.5790,  0.073022
0.5795,  0.079249
0.5800,  0.079132
0.5805,  0.079875
0.5810,  0.081167
0.5815,  0.082607
0.5820,  0.085871
0.5825,  0.088394
0.5830,  0.084105
0.5835,  0.080010
0.5840,  0.082360
0.5845,  0.087445
0.5850,  0.075791
0.5855,  0.061425
0.5860,  0.073379
0.5865,  0.086727
0.5870,  0.095023
0.5875,  0.107736
0.5880,  0.101654
0.5885,  0.094667
0.5890,  0.074089
0.5895,  0.044866
0.5900,  0.087357
0.5905,  0.125362
0.5910,  0.115001
0.5915,  0.105404
0.5920,  0.105719
0.5925,  0.105816
0.5930,  0.100748
0.5935,  0.101129
0.5940,  0.097901
0.5945,  0.094155
0.5950,  0.097487
0.5955,  0.098424
0.5960,  0.100018
0.5965,  0.102082
0.5970,  0.093828
0.5975,  0.087048
0.5980,  0.082047
0.5985,  0.078779
0.5990,  0.085693
0.5995,  0.094061
0.6000,  0.091171
0.6005,  0.088170
0.6010,  0.090495
0.6015,  0.089767
0.6020,  0.079514
0.6025,  0.069483
0.6030,  0.081325
0.6035,  0.093378
0.6040,  0.091121
0.6045,  0.091053
0.6050,  0.089539
0.6055,  0.086511
0.6060,  0.084534
0.6065,  0.083309
0.6070,  0.084814
0.6075,  0.087130
0.6080,  0.086941
0.6085,  0.088160
0.6090,  0.092623
0.6095,  0.094695
0.6100,  0.086643
0.6105,  0.077099
0.6110,  0.085615
0.6115,  0.094289
0.6120,  0.086010
0.6125,  0.079924
0.6130,  0.077958
0.6135,  0.076577
0.6140,  0.086533
0.6145,  0.097335
0.6150,  0.101560
0.6155,  0.104062
0.6160,  0.081699
0.6165,  0.055284
0.6170,  0.074405
0.6175,  0.093054
0.6180,  0.096424
0.6185,  0.100385
0.6190,  0.098043
0.6195,  0.094738
0.6200,  0.100679
0.6205,  0.106837
0.6210,  0.096941
0.6215,  0.087366
0.6220,  0.094306
0.6225,  0.103732
0.6230,  0.095348
0.6235,  0.089191
0.6240,  0.092617
0.6245,  0.092932
0.6250,  0.089259
0.6255,  0.084232
0.6260,  0.097607
0.6265,  0.111668
0.6270,  0.112307
0.6275,  0.114891
0.6280,  0.116967
0.6285,  0.119104
0.6290,  0.117506
0.6295,  0.115485
0.6300,  0.110502
0.6305,  0.103434
0.6310,  0.096960
0.6315,  0.095329
0.6320,  0.091591
0.6325,  0.091586
0.6330,  0.094032
0.6335,  0.096197
0.6340,  0.099053
0.6345,  0.102720
0.6350,  0.104724
0.6355,  0.106052
0.6360,  0.103456
0.6365,  0.098231
0.6370,  0.092645
0.6375,  0.089979
0.6380,  0.091564
0.6385,  0.094633
0.6390,  0.099320
0.6395,  0.100569
0.6400,  0.099624
0.6405,  0.097551
0.6410,  0.093362
0.6415,  0.091661
0.6420,  0.087720
0.6425,  0.083582
0.6430,  0.080898
0.6435,  0.081521
0.6440,  0.084820
0.6445,  0.090248
0.6450,  0.096975
0.6455,  0.100810
0.6460,  0.104515
0.6465,  0.107254
0.6470,  0.107935
0.6475,  0.104298
0.6480,  0.101524
0.6485,  0.098900
0.6490,  0.095041
0.6495,  0.097831
0.6500,  0.099695
0.6505,  0.103068
0.6510,  0.110027
0.6515,  0.110425
0.6520,  0.109750
0.6525,  0.106695
0.6530,  0.104713
0.6535,  0.096602
0.6540,  0.094115
0.6545,  0.097739
0.6550,  0.106150
0.6555,  0.105698
0.6560,  0.094054
0.6565,  0.070319
0.6570,  0.037736
0.6575,  0.046642
0.6580,  0.059269
0.6585,  0.072788
0.6590,  0.085462
0.6595,  0.083163
0.6600,  0.079013
0.6605,  0.075255
0.6610,  0.074023
0.6615,  0.069995
0.6620,  0.066773
0.6625,  0.065271
0.6630,  0.065838
0.6635,  0.070449
0.6640,  0.073449
0.6645,  0.074940
0.6650,  0.077190
0.6655,  0.075655
0.6660,  0.073057
0.6665,  0.070505
0.6670,  0.068117
0.6675,  0.069476
0.6680,  0.067214
0.6685,  0.066650
0.6690,  0.065858
0.6695,  0.063154
0.6700,  0.062234
0.6705,  0.064746
0.6710,  0.068296
0.6715,  0.070697
0.6720,  0.071023
0.6725,  0.071349
0.6730,  0.069310
0.6735,  0.066896
0.6740,  0.064599
0.6745,  0.062478
0.6750,  0.060238
0.6755,  0.061465
0.6760,  0.064227
0.6765,  0.067476
0.6770,  0.070620
0.6775,  0.071945
0.6780,  0.072737
0.6785,  0.071911
0.6790,  0.069526
0.6795,  0.067046
0.6800,  0.064628
0.6805,  0.062087
0.6810,  0.060498
0.6815,  0.059452
0.6820,  0.060663
0.6825,  0.063077
0.6830,  0.067317
0.6835,  0.070625
0.6840,  0.072808
0.6845,  0.074088
0.6850,  0.079295
0.6855,  0.097458
0.6860,  0.126219
0.6865,  0.154829
0.6870,  0.174139
0.6875,  0.179042
0.6880,  0.176415
0.6885,  0.171058
0.6890,  0.166565
0.6895,  0.161536
0.6900,  0.157210
0.6905,  0.150960
0.6910,  0.141332
0.6915,  0.136029
0.6920,  0.130965
0.6925,  0.130002
0.6930,  0.132452
0.6935,  0.130467
0.6940,  0.129417
0.6945,  0.128901
0.6950,  0.125767
0.6955,  0.119650
0.6960,  0.111290
0.6965,  0.105859
0.6970,  0.103914
0.6975,  0.108185
0.6980,  0.112465
0.6985,  0.117022
0.6990,  0.119584
0.6995,  0.116750
0.7000,  0.111872
0.7005,  0.106682
0.7010,  0.101121
0.7015,  0.105590
0.7020,  0.108254
0.7025,  0.108759
0.7030,  0.107103
0.7035,  0.109360
0.7040,  0.111401
0.7045,  0.114567
0.7050,  0.118522
0.7055,  0.115759
0.7060,  0.111720
0.7065,  0.106682
0.7070,  0.103312
0.7075,  0.100203
0.7080,  0.100409
0.7085,  0.098416
0.7090,  0.096483
0.7095,  0.097051
0.7100,  0.098152
0.7105,  0.097713
0.7110,  0.096145
0.7115,  0.093415
0.7120,  0.092342
0.7125,  0.095396
0.7130,  0.095188
0.7135,  0.096401
0.7140,  0.101531
0.7145,  0.106708
0.7150,  0.115171
0.7155,  0.130721
0.7160,  0.154663
0.7165,  0.181059
0.7170,  0.210200
0.7175,  0.232011
0.7180,  0.252028
0.7185,  0.266390
0.7190,  0.268334
0.7195,  0.264019
0.7200,  0.249513
0.7205,  0.227584
0.7210,  0.203746
0.7215,  0.185873
0.7220,  0.184957
0.7225,  0.195236
0.7230,  0.211075
0.7235,  0.225795
0.7240,  0.238012
0.7245,  0.241373
0.7250,  0.241515
0.7255,  0.241466
0.7260,  0.241953
0.7265,  0.244977
0.7270,  0.248602
0.7275,  0.245317
0.7280,  0.241346
0.7285,  0.232456
0.7290,  0.226296
0.7295,  0.224103
0.7300,  0.218678
0.7305,  0.214297
0.7310,  0.206097
0.7315,  0.193827
0.7320,  0.182133
0.7325,  0.166537
0.7330,  0.153769
0.7335,  0.142878
0.7340,  0.134232
0.7345,  0.130976
0.7350,  0.129988
0.7355,  0.129123
0.7360,  0.127092
0.7365,  0.122017
0.7370,  0.115967
0.7375,  0.109578
0.7380,  0.107327
0.7385,  0.102901
0.7390,  0.096086
0.7395,  0.095375
0.7400,  0.094803
0.7405,  0.091770
0.7410,  0.083777
0.7415,  0.086230
0.7420,  0.085754
0.7425,  0.084861
0.7430,  0.082235
0.7435,  0.078087
0.7440,  0.077973
0.7445,  0.079391
0.7450,  0.081935
0.7455,  0.085123
0.7460,  0.086417
0.7465,  0.086585
0.7470,  0.082618
0.7475,  0.075498
0.7480,  0.075194
0.7485,  0.075306
0.7490,  0.075208
0.7495,  0.076761
0.7500,  0.079942
0.7505,  0.081158
0.7510,  0.081882
0.7515,  0.082429
0.7520,  0.082054
0.7525,  0.079905
0.7530,  0.078820
0.7535,  0.073216
0.7540,  0.067716
0.7545,  0.066352
0.7550,  0.067920
0.7555,  0.070309
0.7560,  0.071302
0.7565,  0.072934
0.7570,  0.075851
0.7575,  0.083727
0.7580,  0.108197
0.7585,  0.164780
0.7590,  0.258338
0.7595,  0.385242
0.7600,  0.508770
0.7605,  0.579674
0.7610,  0.586397
0.7615,  0.560764
0.7620,  0.546167
0.7625,  0.540759
0.7630,  0.530462
0.7635,  0.502823
0.7640,  0.460324
0.7645,  0.403985
0.7650,  0.349869
0.7655,  0.296433
0.7660,  0.247280
0.7665,  0.199415
0.7670,  0.156431
0.7675,  0.134833
0.7680,  0.122084
0.7685,  0.112570
0.7690,  0.111263
0.7695,  0.106987
0.7700,  0.103354
0.7705,  0.097669
0.7710,  0.090628
0.7715,  0.083336
0.7720,  0.079585
0.7725,  0.074102
0.7730,  0.072449
0.7735,  0.071078
0.7740,  0.069258
0.7745,  0.070806
0.7750,  0.072369
0.7755,  0.072435
0.7760,  0.074274
0.7765,  0.076334
0.7770,  0.077577
0.7775,  0.074451
0.7780,  0.071179
0.7785,  0.068865
0.7790,  0.068390
0.7795,  0.069632
0.7800,  0.069841
0.7805,  0.069161
0.7810,  0.074770
0.7815,  0.073608
0.7820,  0.071773
0.7825,  0.069785
0.7830,  0.068536
0.7835,  0.067820
0.7840,  0.064518
0.7845,  0.062412
0.7850,  0.064356
0.7855,  0.067185
0.7860,  0.070176
0.7865,  0.076625
0.7870,  0.083842
0.7875,  0.087928
0.7880,  0.094761
0.7885,  0.096498
0.7890,  0.096316
0.7895,  0.090124
0.7900,  0.083092
0.7905,  0.080217
0.7910,  0.078350
0.7915,  0.078543
0.7920,  0.084351
0.7925,  0.087277
0.7930,  0.090855
0.7935,  0.091117
0.7940,  0.087218
0.7945,  0.083654
0.7950,  0.081642
0.7955,  0.086533
0.7960,  0.086030
0.7965,  0.086512
0.7970,  0.092929
0.7975,  0.091911
0.7980,  0.091744
0.7985,  0.090384
0.7990,  0.087690
0.7995,  0.091997
0.8000,  0.096268
0.8005,  0.094745
0.8010,  0.095198
0.8015,  0.093955
0.8020,  0.091826
0.8025,  0.091643
0.8030,  0.094994
0.8035,  0.099252
0.8040,  0.100271
0.8045,  0.095709
0.8050,  0.088066
0.8055,  0.080178
0.8060,  0.072594
0.8065,  0.076742
0.8070,  0.080610
0.8075,  0.077606
0.8080,  0.072830
0.8085,  0.074918
0.8090,  0.077518
0.8095,  0.082797
0.8100,  0.087564
0.8105,  0.093246
0.8110,  0.103160
0.8115,  0.115304
0.8120,  0.126771
0.8125,  0.146272
0.8130,  0.166657
0.8135,  0.188201
0.8140,  0.201461
0.8145,  0.219516
0.8150,  0.237925
0.8155,  0.258208
0.8160,  0.267481
0.8165,  0.264244
0.8170,  0.264152
0.8175,  0.253009
0.8180,  0.240873
0.8185,  0.230161
0.8190,  0.215065
0.8195,  0.203077
0.8200,  0.188336
0.8205,  0.180287
0.8210,  0.191165
0.8215,  0.212098
0.8220,  0.240572
0.8225,  0.262958
0.8230,  0.256819
0.8235,  0.225964
0.8240,  0.189074
0.8245,  0.168877
0.8250,  0.160149
0.8255,  0.157427
0.8260,  0.160205
0.8265,  0.171539
0.8270,  0.182413
0.8275,  0.192860
0.8280,  0.198152
0.8285,  0.194632
0.8290,  0.185456
0.8295,  0.175940
0.8300,  0.166260
0.8305,  0.156605
0.8310,  0.156994
0.8315,  0.157924
0.8320,  0.158748
0.8325,  0.159608
0.8330,  0.158306
0.8335,  0.150486
0.8340,  0.138356
0.8345,  0.125729
0.8350,  0.118170
0.8355,  0.109021
0.8360,  0.102359
0.8365,  0.096362
0.8370,  0.097465
0.8375,  0.102918
0.8380,  0.100609
0.8385,  0.098195
0.8390,  0.090632
0.8395,  0.081668
0.8400,  0.073173
0.8405,  0.064043
0.8410,  0.059853
0.8415,  0.061016
0.8420,  0.067479
0.8425,  0.072440
0.8430,  0.073040
0.8435,  0.070595
0.8440,  0.067550
0.8445,  0.066672
0.8450,  0.060613
0.8455,  0.059753
0.8460,  0.059487
0.8465,  0.050985
0.8470,  0.051971
0.8475,  0.062364
0.8480,  0.068537
0.8485,  0.064144
0.8490,  0.058091
0.8495,  0.052745
0.8500,  0.042831
0.8505,  0.045314
0.8510,  0.045474
0.8515,  0.051811
0.8520,  0.052032
0.8525,  0.035960
0.8530,  0.034550
0.8535,  0.035047
0.8540,  0.027191
0.8545,  0.047791
0.8550,  0.061105
0.8555,  0.060246
0.8560,  0.063705
0.8565,  0.052298
0.8570,  0.048346
0.8575,  0.040203
0.8580,  0.037487
0.8585,  0.043382
0.8590,  0.053342
0.8595,  0.053706
0.8600,  0.050752
0.8605,  0.043863
0.8610,  0.033684
0.8615,  0.032052
0.8620,  0.032212
0.8625,  0.035282
0.8630,  0.033068
0.8635,  0.041013
0.8640,  0.046663
0.8645,  0.038964
0.8650,  0.035858
0.8655,  0.031480
0.8660,  0.018363
0.8665,  0.029735
0.8670,  0.032069
0.8675,  0.028355
0.8680,  0.028015
0.8685,  0.025805
0.8690,  0.022637
0.8695,  0.027816
0.8700,  0.036189
0.8705,  0.042575
0.8710,  0.046510
0.8715,  0.053157
0.8720,  0.056743
0.8725,  0.052041
0.8730,  0.040765
0.8735,  0.030856
0.8740,  0.026768
0.8745,  0.032833
0.8750,  0.039322
0.8755,  0.042197
0.8760,  0.036944
0.8765,  0.035632
0.8770,  0.043639
0.8775,  0.045395
0.8780,  0.046577
0.8785,  0.037172
0.8790,  0.030027
0.8795,  0.033376
0.8800,  0.027932
0.8805,  0.031737
0.8810,  0.039601
0.8815,  0.043128
0.8820,  0.039253
0.8825,  0.048808
0.8830,  0.050662
0.8835,  0.047987
0.8840,  0.046058
0.8845,  0.041269
0.8850,  0.033733
0.8855,  0.028719
0.8860,  0.024938
0.8865,  0.031453
0.8870,  0.043551
0.8875,  0.047570
0.8880,  0.046950
0.8885,  0.041194
0.8890,  0.038085
0.8895,  0.038252
0.8900,  0.035914
