0.3500,  0.046381
0.3505,  0.102475
0.3510,  0.071509
0.3515,  0.041217
0.3520,  0.012648
0.3525,  -0.022496
0.3530,  0.017293
0.3535,  0.050857
0.3540,  0.063592
0.3545,  0.087170
0.3550,  0.065755
0.3555,  0.053166
0.3560,  0.020179
0.3565,  -0.007265
0.3570,  -0.039801
0.3575,  -0.078304
0.3580,  -0.119715
0.3585,  -0.174085
0.3590,  -0.015794
0.3595,  0.113816
0.3600,  0.097834
0.3605,  0.085366
0.3610,  0.038122
0.3615,  -0.011060
0.3620,  0.028454
0.3625,  0.066379
0.3630,  0.055358
0.3635,  0.044123
0.3640,  0.033105
0.3645,  0.017013
0.3650,  0.047772
0.3655,  0.076085
0.3660,  0.085761
0.3665,  0.100622
0.3670,  0.071577
0.3675,  0.046521
0.3680,  0.014883
0.3685,  -0.017315
0.3690,  0.025882
0.3695,  0.071484
0.3700,  0.045688
0.3705,  0.016587
0.3710,  0.035306
0.3715,  0.057846
0.3720,  0.032191
0.3725,  0.008485
0.3730,  -0.022299
0.3735,  -0.054997
0.3740,  -0.043956
0.3745,  -0.042132
0.3750,  0.029587
0.3755,  0.088247
0.3760,  0.080891
0.3765,  0.068148
0.3770,  0.115710
0.3775,  0.157699
0.3780,  0.152652
0.3785,  0.155495
0.3790,  0.067944
0.3795,  -0.028652
0.3800,  0.019564
0.3805,  0.072892
0.3810,  0.050107
0.3815,  0.037479
0.3820,  -0.040016
0.3825,  -0.139144
0.3830,  -0.161658
0.3835,  -0.199169
0.3840,  -0.049167
0.3845,  0.065958
0.3850,  0.075765
0.3855,  0.086865
0.3860,  0.074959
0.3865,  0.063445
0.3870,  0.058143
0.3875,  0.054914
0.3880,  0.037732
0.3885,  0.015907
0.3890,  0.074195
0.3895,  0.119554
0.3900,  0.120907
0.3905,  0.121326
0.3910,  0.135590
0.3915,  0.163854
0.3920,  0.075534
0.3925,  -0.011603
0.3930,  -0.170986
0.3935,  -0.402899
0.3940,  -0.134920
0.3945,  0.057910
0.3950,  0.155311
0.3955,  0.245192
0.3960,  0.094228
0.3965,  -0.095010
0.3970,  -0.076865
0.3975,  -0.077878
0.3980,  0.100247
0.3985,  0.223545
0.3990,  0.207757
0.3995,  0.198409
0.4000,  0.167294
0.4005,  0.137105
0.4010,  0.123696
0.4015,  0.117948
0.4020,  0.106067
0.4025,  0.101947
0.4030,  0.082604
0.4035,  0.062384
0.4040,  0.057385
0.4045,  0.056110
0.4050,  0.055100
0.4055,  0.052115
0.4060,  0.035337
0.4065,  0.021469
0.4070,  0.033004
0.4075,  0.042565
0.4080,  0.067590
0.4085,  0.090592
0.4090,  0.083824
0.4095,  0.079189
0.4100,  0.037561
0.4105,  -0.012786
0.4110,  0.049880
0.4115,  0.105905
0.4120,  0.091399
0.4125,  0.076136
0.4130,  0.063014
0.4135,  0.053802
0.4140,  0.048133
0.4145,  0.041862
0.4150,  0.041279
0.4155,  0.041796
0.4160,  0.063750
0.4165,  0.090233
0.4170,  0.058776
0.4175,  0.020803
0.4180,  0.026300
0.4185,  0.033617
0.4190,  0.039844
0.4195,  0.040737
0.4200,  0.053112
0.4205,  0.066424
0.4210,  0.072777
0.4215,  0.080427
0.4220,  0.034864
0.4225,  -0.011831
0.4230,  0.022700
0.4235,  0.055187
0.4240,  0.069661
0.4245,  0.081871
0.4250,  0.068981
0.4255,  0.053761
0.4260,  0.056100
0.4265,  0.060943
0.4270,  0.031468
0.4275,  0.001920
0.4280,  0.015812
0.4285,  0.031041
0.4290,  0.019407
0.4295,  0.011673
0.4300,  -0.062647
0.4305,  -0.160537
0.4310,  0.016586
0.4315,  0.144247
0.4320,  0.110005
0.4325,  0.080985
0.4330,  0.086388
0.4335,  0.094554
0.4340,  0.070130
0.4345,  0.047042
0.4350,  0.048475
0.4355,  0.048088
0.4360,  0.084537
0.4365,  0.123809
0.4370,  0.097409
0.4375,  0.076269
0.4380,  0.031623
0.4385,  -0.023310
0.4390,  0.040032
0.4395,  0.097393
0.4400,  0.068939
0.4405,  0.037322
0.4410,  0.076674
0.4415,  0.109663
0.4420,  0.106166
0.4425,  0.102997
0.4430,  0.078868
0.4435,  0.060704
0.4440,  0.074389
0.4445,  0.090664
0.4450,  0.062470
0.4455,  0.030102
0.4460,  0.043851
0.4465,  0.054277
0.4470,  0.085339
0.4475,  0.115209
0.4480,  0.090700
0.4485,  0.062161
0.4490,  0.062768
0.4495,  0.065014
0.4500,  0.078506
0.4505,  0.092915
0.4510,  0.083340
0.4515,  0.075476
0.4520,  0.049404
0.4525,  0.024851
0.4530,  0.038288
0.4535,  0.049172
0.4540,  0.058482
0.4545,  0.063009
0.4550,  0.071359
0.4555,  0.078470
0.4560,  0.079885
0.4565,  0.082888
0.4570,  0.083994
0.4575,  0.086796
0.4580,  0.062332
0.4585,  0.039100
0.4590,  0.050713
0.4595,  0.058955
0.4600,  0.063235
0.4605,  0.066872
0.4610,  0.066886
0.4615,  0.066181
0.4620,  0.074437
0.4625,  0.082586
0.4630,  0.068364
0.4635,  0.060448
0.4640,  0.053248
0.4645,  0.046039
0.4650,  0.066376
0.4655,  0.086829
0.4660,  0.068679
0.4665,  0.051207
0.4670,  0.073306
0.4675,  0.089772
0.4680,  0.085243
0.4685,  0.082141
0.4690,  0.082633
0.4695,  0.087428
0.4700,  0.069578
0.4705,  0.046686
0.4710,  0.076943
0.4715,  0.102517
0.4720,  0.101389
0.4725,  0.103451
0.4730,  0.093299
0.4735,  0.080210
0.4740,  0.088825
0.4745,  0.101151
0.4750,  0.095629
0.4755,  0.090504
0.4760,  0.080326
0.4765,  0.069050
0.4770,  0.093180
0.4775,  0.113985
0.4780,  0.097229
0.4785,  0.082431
0.4790,  0.096889
0.4795,  0.110057
0.4800,  0.101971
0.4805,  0.095475
0.4810,  0.103911
0.4815,  0.111936
0.4820,  0.099766
0.4825,  0.090694
0.4830,  0.093160
0.4835,  0.098127
0.4840,  0.096067
0.4845,  0.099516
0.4850,  0.086419
0.4855,  0.074290
0.4860,  0.044223
0.4865,  0.002664
0.4870,  0.051643
0.4875,  0.092887
0.4880,  0.104075
0.4885,  0.111965
0.4890,  0.109723
0.4895,  0.109731
0.4900,  0.112804
0.4905,  0.120685
0.4910,  0.100344
0.4915,  0.080522
0.4920,  0.082532
0.4925,  0.080979
0.4930,  0.075524
0.4935,  0.068649
0.4940,  0.098913
0.4945,  0.126985
0.4950,  0.095926
0.4955,  0.066372
0.4960,  0.086563
0.4965,  0.105259
0.4970,  0.108315
0.4975,  0.113528
0.4980,  0.084874
0.4985,  0.053400
0.4990,  0.077897
0.4995,  0.104031
0.5000,  0.086430
0.5005,  0.067692
0.5010,  0.062717
0.5015,  0.053851
0.5020,  0.070257
0.5025,  0.087781
0.5030,  0.095971
0.5035,  0.102222
0.5040,  0.087565
0.5045,  0.070320
0.5050,  0.090281
0.5055,  0.110090
0.5060,  0.099979
0.5065,  0.092579
0.5070,  0.083944
0.5075,  0.075039
0.5080,  0.078324
0.5085,  0.079686
0.5090,  0.078646
0.5095,  0.077270
0.5100,  0.081893
0.5105,  0.085360
0.5110,  0.094010
0.5115,  0.104476
0.5120,  0.079939
0.5125,  0.057286
0.5130,  0.061981
0.5135,  0.065240
0.5140,  0.073306
0.5145,  0.077278
0.5150,  0.086131
0.5155,  0.102103
0.5160,  0.067003
0.5165,  0.028865
0.5170,  0.054243
0.5175,  0.074379
0.5180,  0.057471
0.5185,  0.033600
0.5190,  0.065863
0.5195,  0.097116
0.5200,  0.089450
0.5205,  0.082126
0.5210,  0.093496
0.5215,  0.105498
0.5220,  0.084663
0.5225,  0.064473
0.5230,  0.076005
0.5235,  0.083380
0.5240,  0.091435
0.5245,  0.102864
0.5250,  0.099707
0.5255,  0.100721
0.5260,  0.054517
0.5265,  0.003185
0.5270,  0.041329
0.5275,  0.071608
0.5280,  0.078809
0.5285,  0.084252
0.5290,  0.080585
0.5295,  0.079449
0.5300,  0.081369
0.5305,  0.084847
0.5310,  0.086270
0.5315,  0.091969
0.5320,  0.058229
0.5325,  0.020675
0.5330,  0.058234
0.5335,  0.091761
0.5340,  0.074853
0.5345,  0.056298
0.5350,  0.080434
0.5355,  0.104405
0.5360,  0.080045
0.5365,  0.057362
0.5370,  0.062578
0.5375,  0.067520
0.5380,  0.074859
0.5385,  0.082068
0.5390,  0.071678
0.5395,  0.061293
0.5400,  0.051914
0.5405,  0.040703
0.5410,  0.065488
0.5415,  0.088340
0.5420,  0.074623
0.5425,  0.060561
0.5430,  0.070586
0.5435,  0.080058
0.5440,  0.077611
0.5445,  0.076327
0.5450,  0.079746
0.5455,  0.083962
0.5460,  0.081523
0.5465,  0.077081
0.5470,  0.068082
0.5475,  0.058301
0.5480,  0.065394
0.5485,  0.071006
0.5490,  0.076558
0.5495,  0.082766
0.5500,  0.076093
0.5505,  0.070860
0.5510,  0.074511
0.5515,  0.077720
0.5520,  0.073870
0.5525,  0.068498
0.5530,  0.075327
0.5535,  0.082851
0.5540,  0.083808
0.5545,  0.085087
0.5550,  0.085757
0.5555,  0.087356
0.5560,  0.074031
0.5565,  0.062638
0.5570,  0.072132
0.5575,  0.083055
0.5580,  0.075404
0.5585,  0.066216
0.5590,  0.071834
0.5595,  0.074661
0.5600,  0.078486
0.5605,  0.083066
0.5610,  0.079101
0.5615,  0.075226
0.5620,  0.080693
0.5625,  0.086398
0.5630,  0.088594
0.5635,  0.091283
0.5640,  0.091467
0.5645,  0.091595
0.5650,  0.082391
0.5655,  0.072614
0.5660,  0.078316
0.5665,  0.082563
0.5670,  0.092745
0.5675,  0.104963
0.5680,  0.089287
0.5685,  0.073597
0.5690,  0.087572
0.5695,  0.103373
0.5700,  0.087012
0.5705,  0.066339
0.5710,  0.075434
0.5715,  0.080842
0.5720,  0.091547
0.5725,  0.100460
0.5730,  0.093434
0.5735,  0.089961
0.5740,  0.089841
0.5745,  0.090489
0.5750,  0.084293
0.5755,  0.075925
0.5760,  0.078178
0.5765,  0.083055
0.5770,  0.087658
0.5775,  0.093530
0.5780,  0.077885
0.5785,  0.060248
0.5790,  0.066049
0.5795,  0.071696
0.5800,  0.071502
0.5805,  0.072537
0.5810,  0.074986
0.5815,  0.078019
0.5820,  0.080441
0.5825,  0.081282
0.5830,  0.074278
0.5835,  0.071128
0.5840,  0.073592
0.5845,  0.077567
0.5850,  0.066342
0.5855,  0.052993
0.5860,  0.066632
0.5865,  0.080255
0.5870,  0.090306
0.5875,  0.106309
0.5880,  0.098922
0.5885,  0.088920
0.5890,  0.063547
0.5895,  0.031935
0.5900,  0.079300
0.5905,  0.122352
0.5910,  0.112029
0.5915,  0.100945
0.5920,  0.100392
0.5925,  0.100246
0.5930,  0.093897
0.5935,  0.091673
0.5940,  0.088265
0.5945,  0.085394
0.5950,  0.089432
0.5955,  0.090793
0.5960,  0.093087
0.5965,  0.095980
0.5970,  0.088422
0.5975,  0.081843
0.5980,  0.076972
0.5985,  0.074490
0.5990,  0.082001
0.5995,  0.088542
0.6000,  0.083877
0.6005,  0.081257
0.6010,  0.083712
0.6015,  0.084048
0.6020,  0.073565
0.6025,  0.060988
0.6030,  0.072685
0.6035,  0.086230
0.6040,  0.085875
0.6045,  0.087604
0.6050,  0.086170
0.6055,  0.082574
0.6060,  0.080012
0.6065,  0.078523
0.6070,  0.080709
0.6075,  0.083753
0.6080,  0.084054
0.6085,  0.083784
0.6090,  0.086465
0.6095,  0.088462
0.6100,  0.080712
0.6105,  0.071853
0.6110,  0.081921
0.6115,  0.092670
0.6120,  0.085034
0.6125,  0.077403
0.6130,  0.076047
0.6135,  0.073797
0.6140,  0.082950
0.6145,  0.092102
0.6150,  0.096533
0.6155,  0.099447
0.6160,  0.074828
0.6165,  0.047472
0.6170,  0.068054
0.6175,  0.088828
0.6180,  0.093084
0.6185,  0.098784
0.6190,  0.098293
0.6195,  0.093610
0.6200,  0.100444
0.6205,  0.107037
0.6210,  0.094884
0.6215,  0.082486
0.6220,  0.088656
0.6225,  0.096842
0.6230,  0.089909
0.6235,  0.084027
0.6240,  0.087037
0.6245,  0.087909
0.6250,  0.083138
0.6255,  0.076161
0.6260,  0.089403
0.6265,  0.103719
0.6270,  0.105515
0.6275,  0.109716
0.6280,  0.114239
0.6285,  0.117632
0.6290,  0.115792
0.6295,  0.113689
0.6300,  0.108869
0.6305,  0.101359
0.6310,  0.094110
0.6315,  0.091435
0.6320,  0.088478
0.6325,  0.088909
0.6330,  0.092229
0.6335,  0.094819
0.6340,  0.098261
0.6345,  0.100556
0.6350,  0.102306
0.6355,  0.101745
0.6360,  0.099787
0.6365,  0.096081
0.6370,  0.091790
0.6375,  0.090093
0.6380,  0.091517
0.6385,  0.095296
0.6390,  0.099580
0.6395,  0.097963
0.6400,  0.096513
0.6405,  0.093318
0.6410,  0.087466
0.6415,  0.085870
0.6420,  0.083250
0.6425,  0.081732
0.6430,  0.080283
0.6435,  0.080882
0.6440,  0.083229
0.6445,  0.088366
0.6450,  0.095295
0.6455,  0.100034
0.6460,  0.104396
0.6465,  0.106741
0.6470,  0.103514
0.6475,  0.098251
0.6480,  0.096088
0.6485,  0.091312
0.6490,  0.085865
0.6495,  0.089995
0.6500,  0.094586
0.6505,  0.101253
0.6510,  0.109256
0.6515,  0.109655
0.6520,  0.109929
0.6525,  0.107492
0.6530,  0.100925
0.6535,  0.091281
0.6540,  0.086670
0.6545,  0.090976
0.6550,  0.102282
0.6555,  0.104306
0.6560,  0.095343
0.6565,  0.069173
0.6570,  0.034824
0.6575,  0.043877
0.6580,  0.054829
0.6585,  0.068557
0.6590,  0.083537
0.6595,  0.077268
0.6600,  0.073684
0.6605,  0.070316
0.6610,  0.068509
0.6615,  0.064887
0.6620,  0.063874
0.6625,  0.065114
0.6630,  0.066975
0.6635,  0.069598
0.6640,  0.070747
0.6645,  0.072573
0.6650,  0.072428
0.6655,  0.069821
0.6660,  0.067018
0.6665,  0.064078
0.6670,  0.060755
0.6675,  0.060483
0.6680,  0.060458
0.6685,  0.061353
0.6690,  0.061083
0.6695,  0.057301
0.6700,  0.056195
0.6705,  0.056919
0.6710,  0.056842
0.6715,  0.061793
0.6720,  0.064889
0.6725,  0.064301
0.6730,  0.061973
0.6735,  0.058653
0.6740,  0.057193
0.6745,  0.054802
0.6750,  0.054080
0.6755,  0.056108
0.6760,  0.058827
0.6765,  0.063248
0.6770,  0.064610
0.6775,  0.065159
0.6780,  0.066024
0.6785,  0.064051
0.6790,  0.061257
0.6795,  0.057747
0.6800,  0.057000
0.6805,  0.056182
0.6810,  0.054235
0.6815,  0.054976
0.6820,  0.058370
0.6825,  0.063637
0.6830,  0.068575
0.6835,  0.072580
0.6840,  0.074807
0.6845,  0.076072
0.6850,  0.079462
0.6855,  0.098216
0.6860,  0.125452
0.6865,  0.153587
0.6870,  0.175193
0.6875,  0.179299
0.6880,  0.177921
0.6885,  0.173951
0.6890,  0.171393
0.6895,  0.166035
0.6900,  0.160032
0.6905,  0.149187
0.6910,  0.140944
0.6915,  0.132501
0.6920,  0.128790
0.6925,  0.129320
0.6930,  0.131194
0.6935,  0.128006
0.6940,  0.126087
0.6945,  0.126778
0.6950,  0.123932
0.6955,  0.117355
0.6960,  0.110577
0.6965,  0.107367
0.6970,  0.099549
0.6975,  0.100865
0.6980,  0.103986
0.6985,  0.106831
0.6990,  0.109396
0.6995,  0.109512
0.7000,  0.111543
0.7005,  0.111879
0.7010,  0.111715
0.7015,  0.116725
0.7020,  0.115884
0.7025,  0.112308
0.7030,  0.107464
0.7035,  0.108544
0.7040,  0.112673
0.7045,  0.117566
0.7050,  0.121301
0.7055,  0.117840
0.7060,  0.115370
0.7065,  0.109632
0.7070,  0.105810
0.7075,  0.101771
0.7080,  0.097660
0.7085,  0.096709
0.7090,  0.096388
0.7095,  0.097127
0.7100,  0.097089
0.7105,  0.097398
0.7110,  0.097353
0.7115,  0.092600
0.7120,  0.090100
0.7125,  0.089774
0.7130,  0.091070
0.7135,  0.093745
0.7140,  0.098647
0.7145,  0.105607
0.7150,  0.114761
0.7155,  0.130961
0.7160,  0.157018
0.7165,  0.183179
0.7170,  0.212162
0.7175,  0.234020
0.7180,  0.252783
0.7185,  0.261724
0.7190,  0.268584
0.7195,  0.270851
0.7200,  0.258208
0.7205,  0.234781
0.7210,  0.208665
0.7215,  0.189552
0.7220,  0.191272
0.7225,  0.203288
0.7230,  0.218848
0.7235,  0.231897
0.7240,  0.244775
0.7245,  0.247410
0.7250,  0.250138
0.7255,  0.247579
0.7260,  0.246581
0.7265,  0.250222
0.7270,  0.249850
0.7275,  0.248455
0.7280,  0.248899
0.7285,  0.241103
0.7290,  0.232003
0.7295,  0.229092
0.7300,  0.223053
0.7305,  0.217488
0.7310,  0.210337
0.7315,  0.196308
0.7320,  0.182972
0.7325,  0.175132
0.7330,  0.164075
0.7335,  0.150050
0.7340,  0.141758
0.7345,  0.134921
0.7350,  0.131988
0.7355,  0.128433
0.7360,  0.123738
0.7365,  0.115714
0.7370,  0.115638
0.7375,  0.114289
0.7380,  0.112927
0.7385,  0.111705
0.7390,  0.110548
0.7395,  0.106546
0.7400,  0.099300
0.7405,  0.095119
0.7410,  0.089703
0.7415,  0.091344
0.7420,  0.092743
0.7425,  0.092543
0.7430,  0.092046
0.7435,  0.088254
0.7440,  0.088878
0.7445,  0.086731
0.7450,  0.083613
0.7455,  0.082752
0.7460,  0.085170
0.7465,  0.090738
0.7470,  0.091591
0.7475,  0.084161
0.7480,  0.078543
0.7485,  0.075898
0.7490,  0.070362
0.7495,  0.072276
0.7500,  0.077108
0.7505,  0.083184
0.7510,  0.086514
0.7515,  0.088459
0.7520,  0.085849
0.7525,  0.087034
0.7530,  0.085487
0.7535,  0.077894
0.7540,  0.074322
0.7545,  0.070835
0.7550,  0.072732
0.7555,  0.075582
0.7560,  0.079887
0.7565,  0.082095
0.7570,  0.090831
0.7575,  0.100460
0.7580,  0.123715
0.7585,  0.179752
0.7590,  0.277686
0.7595,  0.404937
0.7600,  0.536039
0.7605,  0.608458
0.7610,  0.615119
0.7615,  0.589522
0.7620,  0.573993
0.7625,  0.565150
0.7630,  0.548106
0.7635,  0.516549
0.7640,  0.477974
0.7645,  0.424648
0.7650,  0.371569
0.7655,  0.316665
0.7660,  0.259353
0.7665,  0.207991
0.7670,  0.167542
0.7675,  0.138640
0.7680,  0.121236
0.7685,  0.111422
0.7690,  0.111973
0.7695,  0.109437
0.7700,  0.103958
0.7705,  0.096243
0.7710,  0.085010
0.7715,  0.081326
0.7720,  0.080485
0.7725,  0.075508
0.7730,  0.077327
0.7735,  0.074596
0.7740,  0.079937
0.7745,  0.078844
0.7750,  0.083555
0.7755,  0.087211
0.7760,  0.082161
0.7765,  0.083016
0.7770,  0.083393
0.7775,  0.079009
0.7780,  0.076367
0.7785,  0.078784
0.7790,  0.079704
0.7795,  0.079925
0.7800,  0.081340
0.7805,  0.078454
0.7810,  0.074946
0.7815,  0.076305
0.7820,  0.074490
0.7825,  0.073545
0.7830,  0.073950
0.7835,  0.073179
0.7840,  0.075512
0.7845,  0.071724
0.7850,  0.070723
0.7855,  0.067821
0.7860,  0.071792
0.7865,  0.078422
0.7870,  0.089441
0.7875,  0.098071
0.7880,  0.102560
0.7885,  0.097799
0.7890,  0.097802
0.7895,  0.092831
0.7900,  0.087050
0.7905,  0.088756
0.7910,  0.089685
0.7915,  0.093549
0.7920,  0.097037
0.7925,  0.099821
0.7930,  0.101191
0.7935,  0.100185
0.7940,  0.091824
0.7945,  0.086030
0.7950,  0.082394
0.7955,  0.082093
0.7960,  0.087401
0.7965,  0.094714
0.7970,  0.096850
0.7975,  0.095500
0.7980,  0.097924
0.7985,  0.096845
0.7990,  0.090764
0.7995,  0.091647
0.8000,  0.098397
0.8005,  0.098438
0.8010,  0.099112
0.8015,  0.097676
0.8020,  0.086856
0.8025,  0.082091
0.8030,  0.086555
0.8035,  0.098182
0.8040,  0.107165
0.8045,  0.110865
0.8050,  0.106730
0.8055,  0.097258
0.8060,  0.090140
0.8065,  0.080000
0.8070,  0.076885
0.8075,  0.073081
0.8080,  0.074163
0.8085,  0.075887
0.8090,  0.083196
0.8095,  0.094801
0.8100,  0.105637
0.8105,  0.112771
0.8110,  0.122119
0.8115,  0.132511
0.8120,  0.141794
0.8125,  0.149898
0.8130,  0.165589
0.8135,  0.185612
0.8140,  0.205912
0.8145,  0.224910
0.8150,  0.251511
0.8155,  0.268366
0.8160,  0.276727
0.8165,  0.278242
0.8170,  0.270710
0.8175,  0.259955
0.8180,  0.240803
0.8185,  0.222539
0.8190,  0.202949
0.8195,  0.193759
0.8200,  0.183827
0.8205,  0.178852
0.8210,  0.190307
0.8215,  0.212688
0.8220,  0.247466
0.8225,  0.276644
0.8230,  0.268945
0.8235,  0.241381
0.8240,  0.202236
0.8245,  0.171197
0.8250,  0.155671
0.8255,  0.155308
0.8260,  0.167270
0.8265,  0.179282
0.8270,  0.191359
0.8275,  0.208797
0.8280,  0.214230
0.8285,  0.208052
0.8290,  0.202248
0.8295,  0.192380
0.8300,  0.183254
0.8305,  0.174168
0.8310,  0.168111
0.8315,  0.164070
0.8320,  0.159425
0.8325,  0.159442
0.8330,  0.160728
0.8335,  0.156285
0.8340,  0.145561
0.8345,  0.139094
0.8350,  0.130666
0.8355,  0.121749
0.8360,  0.114753
0.8365,  0.105169
0.8370,  0.104836
0.8375,  0.113261
0.8380,  0.112844
0.8385,  0.113818
0.8390,  0.109808
0.8395,  0.102236
0.8400,  0.097334
0.8405,  0.084324
0.8410,  0.071999
0.8415,  0.070082
0.8420,  0.068326
0.8425,  0.073030
0.8430,  0.077770
0.8435,  0.082584
0.8440,  0.084889
0.8445,  0.084222
0.8450,  0.083567
0.8455,  0.078073
0.8460,  0.073893
0.8465,  0.068268
0.8470,  0.065493
0.8475,  0.063761
0.8480,  0.061822
0.8485,  0.056764
0.8490,  0.059640
0.8495,  0.061590
0.8500,  0.052883
0.8505,  0.055724
0.8510,  0.056776
0.8515,  0.060021
0.8520,  0.064161
0.8525,  0.052835
0.8530,  0.047461
0.8535,  0.048923
0.8540,  0.033396
0.8545,  0.053730
0.8550,  0.059703
0.8555,  0.076161
0.8560,  0.086810
0.8565,  0.076456
0.8570,  0.067084
0.8575,  0.059695
0.8580,  0.064529
0.8585,  0.060617
0.8590,  0.053036
0.8595,  0.049177
0.8600,  0.056655
0.8605,  0.066842
0.8610,  0.062760
0.8615,  0.057250
0.8620,  0.052935
0.8625,  0.061874
0.8630,  0.055830
0.8635,  0.050703
0.8640,  0.054328
0.8645,  0.038751
0.8650,  0.027811
0.8655,  0.025750
0.8660,  0.016357
0.8665,  0.037467
0.8670,  0.049344
0.8675,  0.045909
0.8680,  0.035414
0.8685,  0.033667
0.8690,  0.039765
0.8695,  0.045028
0.8700,  0.055881
0.8705,  0.057955
0.8710,  0.061377
0.8715,  0.060182
0.8720,  0.069993
0.8725,  0.076432
0.8730,  0.071557
0.8735,  0.067419
0.8740,  0.058585
0.8745,  0.050575
0.8750,  0.042975
0.8755,  0.038777
0.8760,  0.036301
0.8765,  0.052378
0.8770,  0.063807
0.8775,  0.074274
0.8780,  0.079896
0.8785,  0.072379
0.8790,  0.067409
0.8795,  0.069543
0.8800,  0.060658
0.8805,  0.054006
0.8810,  0.044032
0.8815,  0.031816
0.8820,  0.036818
0.8825,  0.038053
0.8830,  0.043970
0.8835,  0.044459
0.8840,  0.041975
0.8845,  0.035266
0.8850,  0.040743
0.8855,  0.042875
0.8860,  0.049439
0.8865,  0.059541
0.8870,  0.061572
0.8875,  0.058580
0.8880,  0.063059
0.8885,  0.059335
0.8890,  0.068019
0.8895,  0.073663
0.8900,  0.086606
