0.3500,  0.628788
0.3505,  0.678555
0.3510,  0.641076
0.3515,  0.608157
0.3520,  0.569831
0.3525,  0.525590
0.3530,  0.562635
0.3535,  0.589075
0.3540,  0.598326
0.3545,  0.615757
0.3550,  0.578801
0.3555,  0.558149
0.3560,  0.526977
0.3565,  0.508632
0.3570,  0.497980
0.3575,  0.483931
0.3580,  0.453854
0.3585,  0.402877
0.3590,  0.556877
0.3595,  0.682869
0.3600,  0.655037
0.3605,  0.631219
0.3610,  0.574607
0.3615,  0.509523
0.3620,  0.549832
0.3625,  0.579146
0.3630,  0.557249
0.3635,  0.533256
0.3640,  0.514583
0.3645,  0.489395
0.3650,  0.506936
0.3655,  0.519682
0.3660,  0.513882
0.3665,  0.515647
0.3670,  0.481434
0.3675,  0.448312
0.3680,  0.407867
0.3685,  0.368839
0.3690,  0.407115
0.3695,  0.446298
0.3700,  0.415197
0.3705,  0.386004
0.3710,  0.407924
0.3715,  0.434289
0.3720,  0.410455
0.3725,  0.389027
0.3730,  0.367998
0.3735,  0.346166
0.3740,  0.369355
0.3745,  0.380286
0.3750,  0.454562
0.3755,  0.508468
0.3760,  0.489263
0.3765,  0.457026
0.3770,  0.484228
0.3775,  0.513626
0.3780,  0.500414
0.3785,  0.498899
0.3790,  0.406114
0.3795,  0.306276
0.3800,  0.361646
0.3805,  0.421236
0.3810,  0.400320
0.3815,  0.392309
0.3820,  0.323029
0.3825,  0.240783
0.3830,  0.239367
0.3835,  0.220295
0.3840,  0.393408
0.3845,  0.520267
0.3850,  0.527422
0.3855,  0.531462
0.3860,  0.509863
0.3865,  0.488154
0.3870,  0.470226
0.3875,  0.453740
0.3880,  0.424394
0.3885,  0.393639
0.3890,  0.442711
0.3895,  0.477927
0.3900,  0.465475
0.3905,  0.454534
0.3910,  0.461307
0.3915,  0.485551
0.3920,  0.396997
0.3925,  0.314421
0.3930,  0.169376
0.3935,  -0.044990
0.3940,  0.247615
0.3945,  0.446342
0.3950,  0.538528
0.3955,  0.618615
0.3960,  0.453969
0.3965,  0.255098
0.3970,  0.271403
0.3975,  0.262036
0.3980,  0.430191
0.3985,  0.534808
0.3990,  0.495346
0.3995,  0.467025
0.4000,  0.419221
0.4005,  0.374564
0.4010,  0.351284
0.4015,  0.339341
0.4020,  0.320822
0.4025,  0.310229
0.4030,  0.283050
0.4035,  0.257505
0.4040,  0.251707
0.4045,  0.252208
0.4050,  0.253025
0.4055,  0.255508
0.4060,  0.243408
0.4065,  0.228683
0.4070,  0.240287
0.4075,  0.247780
0.4080,  0.271006
0.4085,  0.292780
0.4090,  0.282594
0.4095,  0.274377
0.4100,  0.229627
0.4105,  0.179412
0.4110,  0.245314
0.4115,  0.303049
0.4120,  0.284893
0.4125,  0.266586
0.4130,  0.251037
0.4135,  0.240795
0.4140,  0.235474
0.4145,  0.228681
0.4150,  0.226638
0.4155,  0.222818
0.4160,  0.243488
0.4165,  0.267185
0.4170,  0.230098
0.4175,  0.189783
0.4180,  0.196481
0.4185,  0.206438
0.4190,  0.215827
0.4195,  0.219579
0.4200,  0.234294
0.4205,  0.249146
0.4210,  0.256165
0.4215,  0.263316
0.4220,  0.214372
0.4225,  0.162157
0.4230,  0.196675
0.4235,  0.230484
0.4240,  0.242973
0.4245,  0.259842
0.4250,  0.247052
0.4255,  0.232239
0.4260,  0.237486
0.4265,  0.247439
0.4270,  0.219551
0.4275,  0.188744
0.4280,  0.200967
0.4285,  0.217899
0.4290,  0.206469
0.4295,  0.200450
0.4300,  0.123970
0.4305,  0.024305
0.4310,  0.208984
0.4315,  0.347222
0.4320,  0.315134
0.4325,  0.278507
0.4330,  0.277729
0.4335,  0.279538
0.4340,  0.250448
0.4345,  0.225056
0.4350,  0.224553
0.4355,  0.221360
0.4360,  0.254486
0.4365,  0.288885
0.4370,  0.257300
0.4375,  0.229264
0.4380,  0.177218
0.4385,  0.119244
0.4390,  0.186077
0.4395,  0.247313
0.4400,  0.218090
0.4405,  0.184087
0.4410,  0.224614
0.4415,  0.257893
0.4420,  0.254494
0.4425,  0.251382
0.4430,  0.225113
0.4435,  0.203422
0.4440,  0.213122
0.4445,  0.225924
0.4450,  0.194218
0.4455,  0.158251
0.4460,  0.172855
0.4465,  0.184348
0.4470,  0.217163
0.4475,  0.246627
0.4480,  0.220535
0.4485,  0.190153
0.4490,  0.191502
0.4495,  0.192565
0.4500,  0.206454
0.4505,  0.220319
0.4510,  0.210101
0.4515,  0.201791
0.4520,  0.172596
0.4525,  0.146254
0.4530,  0.157207
0.4535,  0.169711
0.4540,  0.178270
0.4545,  0.181998
0.4550,  0.189941
0.4555,  0.198850
0.4560,  0.201233
0.4565,  0.202441
0.4570,  0.201465
0.4575,  0.204570
0.4580,  0.179823
0.4585,  0.155507
0.4590,  0.165037
0.4595,  0.172420
0.4600,  0.178091
0.4605,  0.182291
0.4610,  0.181155
0.4615,  0.178727
0.4620,  0.184480
0.4625,  0.192415
0.4630,  0.177619
0.4635,  0.167741
0.4640,  0.159095
0.4645,  0.151629
0.4650,  0.172388
0.4655,  0.194297
0.4660,  0.172054
0.4665,  0.150110
0.4670,  0.172908
0.4675,  0.190671
0.4680,  0.185476
0.4685,  0.181329
0.4690,  0.180925
0.4695,  0.185269
0.4700,  0.164101
0.4705,  0.138038
0.4710,  0.165779
0.4715,  0.190984
0.4720,  0.188544
0.4725,  0.187520
0.4730,  0.175645
0.4735,  0.163649
0.4740,  0.173112
0.4745,  0.184209
0.4750,  0.176202
0.4755,  0.168585
0.4760,  0.155355
0.4765,  0.141618
0.4770,  0.164858
0.4775,  0.186808
0.4780,  0.169753
0.4785,  0.152754
0.4790,  0.164089
0.4795,  0.174899
0.4800,  0.164756
0.4805,  0.157627
0.4810,  0.169487
0.4815,  0.178280
0.4820,  0.163062
0.4825,  0.152822
0.4830,  0.155399
0.4835,  0.159609
0.4840,  0.157239
0.4845,  0.158952
0.4850,  0.145549
0.4855,  0.134469
0.4860,  0.104956
0.4865,  0.064778
0.4870,  0.117690
0.4875,  0.160631
0.4880,  0.171545
0.4885,  0.179645
0.4890,  0.177366
0.4895,  0.175557
0.4900,  0.176141
0.4905,  0.181313
0.4910,  0.157771
0.4915,  0.135342
0.4920,  0.136778
0.4925,  0.135850
0.4930,  0.130556
0.4935,  0.122943
0.4940,  0.153049
0.4945,  0.182908
0.4950,  0.151449
0.4955,  0.120391
0.4960,  0.136971
0.4965,  0.152513
0.4970,  0.152899
0.4975,  0.156453
0.4980,  0.126823
0.4985,  0.095611
0.4990,  0.121896
0.4995,  0.148748
0.5000,  0.129923
0.5005,  0.110147
0.5010,  0.105161
0.5015,  0.097553
0.5020,  0.116499
0.5025,  0.133339
0.5030,  0.140507
0.5035,  0.147214
0.5040,  0.132440
0.5045,  0.113944
0.5050,  0.133733
0.5055,  0.154077
0.5060,  0.142733
0.5065,  0.134201
0.5070,  0.123513
0.5075,  0.113200
0.5080,  0.116702
0.5085,  0.118138
0.5090,  0.116098
0.5095,  0.114483
0.5100,  0.120001
0.5105,  0.124577
0.5110,  0.133493
0.5115,  0.143054
0.5120,  0.116967
0.5125,  0.092988
0.5130,  0.097851
0.5135,  0.101597
0.5140,  0.109679
0.5145,  0.115510
0.5150,  0.125137
0.5155,  0.138139
0.5160,  0.100460
0.5165,  0.061835
0.5170,  0.090250
0.5175,  0.114287
0.5180,  0.100648
0.5185,  0.078482
0.5190,  0.111606
0.5195,  0.141993
0.5200,  0.131654
0.5205,  0.121804
0.5210,  0.130547
0.5215,  0.141811
0.5220,  0.120152
0.5225,  0.098890
0.5230,  0.112853
0.5235,  0.122399
0.5240,  0.130011
0.5245,  0.139949
0.5250,  0.134650
0.5255,  0.134878
0.5260,  0.087898
0.5265,  0.036264
0.5270,  0.078459
0.5275,  0.112319
0.5280,  0.120321
0.5285,  0.124976
0.5290,  0.120504
0.5295,  0.117174
0.5300,  0.118109
0.5305,  0.120967
0.5310,  0.121161
0.5315,  0.126282
0.5320,  0.090836
0.5325,  0.053323
0.5330,  0.093974
0.5335,  0.130123
0.5340,  0.113760
0.5345,  0.095740
0.5350,  0.120069
0.5355,  0.144615
0.5360,  0.119240
0.5365,  0.096110
0.5370,  0.100365
0.5375,  0.104498
0.5380,  0.111993
0.5385,  0.120233
0.5390,  0.108984
0.5395,  0.098462
0.5400,  0.089197
0.5405,  0.078460
0.5410,  0.105959
0.5415,  0.130014
0.5420,  0.115405
0.5425,  0.100793
0.5430,  0.111426
0.5435,  0.121111
0.5440,  0.119689
0.5445,  0.118984
0.5450,  0.123741
0.5455,  0.127698
0.5460,  0.122929
0.5465,  0.117953
0.5470,  0.108465
0.5475,  0.099383
0.5480,  0.106841
0.5485,  0.112167
0.5490,  0.118242
0.5495,  0.124495
0.5500,  0.117155
0.5505,  0.110725
0.5510,  0.113310
0.5515,  0.115889
0.5520,  0.112351
0.5525,  0.107237
0.5530,  0.115308
0.5535,  0.123064
0.5540,  0.126048
0.5545,  0.128192
0.5550,  0.128662
0.5555,  0.130787
0.5560,  0.117927
0.5565,  0.106289
0.5570,  0.115804
0.5575,  0.125778
0.5580,  0.116856
0.5585,  0.107247
0.5590,  0.115030
0.5595,  0.121689
0.5600,  0.127855
0.5605,  0.132096
0.5610,  0.127242
0.5615,  0.122246
0.5620,  0.126716
0.5625,  0.131571
0.5630,  0.133809
0.5635,  0.135858
0.5640,  0.135439
0.5645,  0.136590
0.5650,  0.128701
0.5655,  0.118561
0.5660,  0.124803
0.5665,  0.131047
0.5670,  0.143982
0.5675,  0.157079
0.5680,  0.141598
0.5685,  0.126063
0.5690,  0.139946
0.5695,  0.154232
0.5700,  0.136656
0.5705,  0.117242
0.5710,  0.128363
0.5715,  0.134762
0.5720,  0.143430
0.5725,  0.152714
0.5730,  0.146398
0.5735,  0.143489
0.5740,  0.143206
0.5745,  0.143945
0.5750,  0.138394
0.5755,  0.131617
0.5760,  0.136260
0.5765,  0.141494
0.5770,  0.146867
0.5775,  0.153217
0.5780,  0.139103
0.5785,  0.123116
0.5790,  0.133361
0.5795,  0.140356
0.5800,  0.139927
0.5805,  0.140874
0.5810,  0.143737
0.5815,  0.146890
0.5820,  0.150482
0.5825,  0.152422
0.5830,  0.147000
0.5835,  0.143551
0.5840,  0.145143
0.5845,  0.149693
0.5850,  0.136938
0.5855,  0.123527
0.5860,  0.138867
0.5865,  0.152545
0.5870,  0.160720
0.5875,  0.173383
0.5880,  0.165675
0.5885,  0.158056
0.5890,  0.137237
0.5895,  0.108221
0.5900,  0.159234
0.5905,  0.203251
0.5910,  0.191573
0.5915,  0.178788
0.5920,  0.176925
0.5925,  0.176625
0.5930,  0.170132
0.5935,  0.169944
0.5940,  0.167893
0.5945,  0.165175
0.5950,  0.169453
0.5955,  0.170444
0.5960,  0.173089
0.5965,  0.176412
0.5970,  0.169448
0.5975,  0.164486
0.5980,  0.159316
0.5985,  0.156797
0.5990,  0.164264
0.5995,  0.170693
0.6000,  0.166257
0.6005,  0.162467
0.6010,  0.165433
0.6015,  0.166839
0.6020,  0.156871
0.6025,  0.145098
0.6030,  0.156890
0.6035,  0.170052
0.6040,  0.168336
0.6045,  0.169557
0.6050,  0.168770
0.6055,  0.166625
0.6060,  0.163901
0.6065,  0.161757
0.6070,  0.162011
0.6075,  0.162971
0.6080,  0.162173
0.6085,  0.161303
0.6090,  0.166161
0.6095,  0.169607
0.6100,  0.162639
0.6105,  0.154103
0.6110,  0.165481
0.6115,  0.177715
0.6120,  0.169774
0.6125,  0.162708
0.6130,  0.162474
0.6135,  0.162035
0.6140,  0.171837
0.6145,  0.181178
0.6150,  0.185007
0.6155,  0.188920
0.6160,  0.165788
0.6165,  0.139601
0.6170,  0.165083
0.6175,  0.188886
0.6180,  0.192750
0.6185,  0.196865
0.6190,  0.192874
0.6195,  0.187237
0.6200,  0.192988
0.6205,  0.198201
0.6210,  0.187063
0.6215,  0.177270
0.6220,  0.185810
0.6225,  0.195204
0.6230,  0.186661
0.6235,  0.181396
0.6240,  0.186389
0.6245,  0.189065
0.6250,  0.184091
0.6255,  0.176839
0.6260,  0.191164
0.6265,  0.205386
0.6270,  0.207582
0.6275,  0.209922
0.6280,  0.213247
0.6285,  0.217286
0.6290,  0.217404
0.6295,  0.217451
0.6300,  0.215017
0.6305,  0.210460
0.6310,  0.206431
0.6315,  0.205401
0.6320,  0.202526
0.6325,  0.201656
0.6330,  0.202915
0.6335,  0.204140
0.6340,  0.207353
0.6345,  0.212930
0.6350,  0.217528
0.6355,  0.219026
0.6360,  0.217432
0.6365,  0.212404
0.6370,  0.206482
0.6375,  0.201674
0.6380,  0.200265
0.6385,  0.202453
0.6390,  0.206706
0.6395,  0.208822
0.6400,  0.209594
0.6405,  0.207248
0.6410,  0.202422
0.6415,  0.201461
0.6420,  0.199211
0.6425,  0.196759
0.6430,  0.194961
0.6435,  0.194962
0.6440,  0.198668
0.6445,  0.205395
0.6450,  0.214410
0.6455,  0.219727
0.6460,  0.223563
0.6465,  0.224170
0.6470,  0.223812
0.6475,  0.220033
0.6480,  0.217640
0.6485,  0.216723
0.6490,  0.215414
0.6495,  0.222119
0.6500,  0.226125
0.6505,  0.230909
0.6510,  0.237607
0.6515,  0.236766
0.6520,  0.234642
0.6525,  0.229293
0.6530,  0.224564
0.6535,  0.214661
0.6540,  0.211907
0.6545,  0.218058
0.6550,  0.233060
0.6555,  0.239962
0.6560,  0.238086
0.6565,  0.219708
0.6570,  0.185698
0.6575,  0.194232
0.6580,  0.204191
0.6585,  0.216607
0.6590,  0.227613
0.6595,  0.222048
0.6600,  0.215806
0.6605,  0.212412
0.6610,  0.212256
0.6615,  0.209518
0.6620,  0.206998
0.6625,  0.205739
0.6630,  0.208213
0.6635,  0.213899
0.6640,  0.216210
0.6645,  0.218296
0.6650,  0.218341
0.6655,  0.214824
0.6660,  0.210842
0.6665,  0.209866
0.6670,  0.208201
0.6675,  0.210585
0.6680,  0.211600
0.6685,  0.214434
0.6690,  0.216583
0.6695,  0.214029
0.6700,  0.213595
0.6705,  0.214451
0.6710,  0.216863
0.6715,  0.221087
0.6720,  0.222208
0.6725,  0.221851
0.6730,  0.219790
0.6735,  0.218714
0.6740,  0.219575
0.6745,  0.218028
0.6750,  0.218966
0.6755,  0.222011
0.6760,  0.225226
0.6765,  0.228296
0.6770,  0.230036
0.6775,  0.227592
0.6780,  0.226566
0.6785,  0.224512
0.6790,  0.221828
0.6795,  0.221430
0.6800,  0.223239
0.6805,  0.223148
0.6810,  0.225748
0.6815,  0.228338
0.6820,  0.230865
0.6825,  0.233975
0.6830,  0.238974
0.6835,  0.241896
0.6840,  0.243367
0.6845,  0.243198
0.6850,  0.245934
0.6855,  0.263466
0.6860,  0.296097
0.6865,  0.335364
0.6870,  0.368706
0.6875,  0.383879
0.6880,  0.387947
0.6885,  0.385229
0.6890,  0.381989
0.6895,  0.376940
0.6900,  0.367521
0.6905,  0.357531
0.6910,  0.348325
0.6915,  0.338010
0.6920,  0.329316
0.6925,  0.325842
0.6930,  0.328598
0.6935,  0.331280
0.6940,  0.335024
0.6945,  0.337609
0.6950,  0.334104
0.6955,  0.323895
0.6960,  0.309371
0.6965,  0.297029
0.6970,  0.288956
0.6975,  0.291725
0.6980,  0.300721
0.6985,  0.309217
0.6990,  0.317734
0.6995,  0.320593
0.7000,  0.318785
0.7005,  0.317051
0.7010,  0.316780
0.7015,  0.321948
0.7020,  0.324780
0.7025,  0.322671
0.7030,  0.319202
0.7035,  0.320034
0.7040,  0.321161
0.7045,  0.322570
0.7050,  0.324183
0.7055,  0.323895
0.7060,  0.323839
0.7065,  0.320306
0.7070,  0.317283
0.7075,  0.314631
0.7080,  0.310532
0.7085,  0.308260
0.7090,  0.304785
0.7095,  0.307979
0.7100,  0.309175
0.7105,  0.309005
0.7110,  0.313287
0.7115,  0.315299
0.7120,  0.316592
0.7125,  0.319113
0.7130,  0.318025
0.7135,  0.316471
0.7140,  0.317371
0.7145,  0.320067
0.7150,  0.326047
0.7155,  0.340729
0.7160,  0.367799
0.7165,  0.405126
0.7170,  0.448253
0.7175,  0.484685
0.7180,  0.520320
0.7185,  0.549420
0.7190,  0.568472
0.7195,  0.578367
0.7200,  0.565242
0.7205,  0.537222
0.7210,  0.502226
0.7215,  0.472215
0.7220,  0.461175
0.7225,  0.466748
0.7230,  0.487144
0.7235,  0.508362
0.7240,  0.526146
0.7245,  0.541192
0.7250,  0.546540
0.7255,  0.547041
0.7260,  0.549243
0.7265,  0.549850
0.7270,  0.547000
0.7275,  0.542983
0.7280,  0.542956
0.7285,  0.538255
0.7290,  0.533892
0.7295,  0.531766
0.7300,  0.532419
0.7305,  0.527594
0.7310,  0.516963
0.7315,  0.499526
0.7320,  0.476035
0.7325,  0.455441
0.7330,  0.433999
0.7335,  0.419990
0.7340,  0.408568
0.7345,  0.403681
0.7350,  0.401171
0.7355,  0.400536
0.7360,  0.397615
0.7365,  0.393478
0.7370,  0.390611
0.7375,  0.386794
0.7380,  0.386285
0.7385,  0.383945
0.7390,  0.380814
0.7395,  0.375176
0.7400,  0.368690
0.7405,  0.360220
0.7410,  0.352915
0.7415,  0.356773
0.7420,  0.357959
0.7425,  0.356654
0.7430,  0.358786
0.7435,  0.356184
0.7440,  0.358271
0.7445,  0.360754
0.7450,  0.364069
0.7455,  0.367879
0.7460,  0.371462
0.7465,  0.378979
0.7470,  0.379540
0.7475,  0.375012
0.7480,  0.373631
0.7485,  0.372486
0.7490,  0.370582
0.7495,  0.374171
0.7500,  0.378018
0.7505,  0.381467
0.7510,  0.384985
0.7515,  0.388839
0.7520,  0.388515
0.7525,  0.385005
0.7530,  0.380738
0.7535,  0.377588
0.7540,  0.374810
0.7545,  0.374981
0.7550,  0.378321
0.7555,  0.378956
0.7560,  0.382877
0.7565,  0.385528
0.7570,  0.389272
0.7575,  0.394269
0.7580,  0.419550
0.7585,  0.480645
0.7590,  0.600236
0.7595,  0.795265
0.7600,  1.044728
0.7605,  1.269501
0.7610,  1.379350
0.7615,  1.369876
0.7620,  1.319703
0.7625,  1.285861
0.7630,  1.265436
0.7635,  1.229936
0.7640,  1.168301
0.7645,  1.072811
0.7650,  0.959112
0.7655,  0.850561
0.7660,  0.751241
0.7665,  0.666449
0.7670,  0.598212
0.7675,  0.563169
0.7680,  0.526326
0.7685,  0.498441
0.7690,  0.479271
0.7695,  0.468808
0.7700,  0.456455
0.7705,  0.449228
0.7710,  0.444809
0.7715,  0.442395
0.7720,  0.444624
0.7725,  0.443426
0.7730,  0.445766
0.7735,  0.445528
0.7740,  0.445590
0.7745,  0.441862
0.7750,  0.440466
0.7755,  0.441577
0.7760,  0.444733
0.7765,  0.447129
0.7770,  0.455585
0.7775,  0.458986
0.7780,  0.459095
0.7785,  0.455407
0.7790,  0.455175
0.7795,  0.461241
0.7800,  0.465460
0.7805,  0.469630
0.7810,  0.471836
0.7815,  0.466411
0.7820,  0.461894
0.7825,  0.456421
0.7830,  0.455972
0.7835,  0.461153
0.7840,  0.465584
0.7845,  0.465929
0.7850,  0.467178
0.7855,  0.467453
0.7860,  0.469557
0.7865,  0.474541
0.7870,  0.480910
0.7875,  0.484670
0.7880,  0.486389
0.7885,  0.494076
0.7890,  0.505520
0.7895,  0.508701
0.7900,  0.514227
0.7905,  0.514017
0.7910,  0.512845
0.7915,  0.515574
0.7920,  0.520547
0.7925,  0.526639
0.7930,  0.528114
0.7935,  0.527225
0.7940,  0.523538
0.7945,  0.524708
0.7950,  0.524247
0.7955,  0.529328
0.7960,  0.534605
0.7965,  0.539373
0.7970,  0.552070
0.7975,  0.550723
0.7980,  0.550144
0.7985,  0.548722
0.7990,  0.542078
0.7995,  0.547927
0.8000,  0.559342
0.8005,  0.567541
0.8010,  0.570557
0.8015,  0.573766
0.8020,  0.575842
0.8025,  0.578340
0.8030,  0.581096
0.8035,  0.584400
0.8040,  0.583978
0.8045,  0.581681
0.8050,  0.586441
0.8055,  0.587398
0.8060,  0.583145
0.8065,  0.583878
0.8070,  0.589960
0.8075,  0.589464
0.8080,  0.590093
0.8085,  0.587143
0.8090,  0.586900
0.8095,  0.598331
0.8100,  0.609886
0.8105,  0.623060
0.8110,  0.638318
0.8115,  0.649072
0.8120,  0.671840
0.8125,  0.713876
0.8130,  0.752645
0.8135,  0.793503
0.8140,  0.834828
0.8145,  0.866454
0.8150,  0.906756
0.8155,  0.936598
0.8160,  0.955169
0.8165,  0.975984
0.8170,  0.993095
0.8175,  0.993403
0.8180,  0.980175
0.8185,  0.971420
0.8190,  0.948802
0.8195,  0.922008
0.8200,  0.879403
0.8205,  0.832628
0.8210,  0.827752
0.8215,  0.862981
0.8220,  0.923832
0.8225,  1.008040
0.8230,  1.036044
0.8235,  1.008796
0.8240,  0.956019
0.8245,  0.899635
0.8250,  0.866018
0.8255,  0.846392
0.8260,  0.831162
0.8265,  0.838267
0.8270,  0.860449
0.8275,  0.884234
0.8280,  0.909673
0.8285,  0.918072
0.8290,  0.925032
0.8295,  0.929366
0.8300,  0.925355
0.8305,  0.917208
0.8310,  0.904378
0.8315,  0.888566
0.8320,  0.878584
0.8325,  0.862593
0.8330,  0.865565
0.8335,  0.864108
0.8340,  0.852721
0.8345,  0.830948
0.8350,  0.816930
0.8355,  0.796262
0.8360,  0.779323
0.8365,  0.782620
0.8370,  0.789071
0.8375,  0.789639
0.8380,  0.796007
0.8385,  0.805304
0.8390,  0.795646
0.8395,  0.782361
0.8400,  0.772286
0.8405,  0.765865
0.8410,  0.766247
0.8415,  0.766268
0.8420,  0.764335
0.8425,  0.770357
0.8430,  0.779081
0.8435,  0.775039
0.8440,  0.777203
0.8445,  0.777010
0.8450,  0.774473
0.8455,  0.766398
0.8460,  0.779607
0.8465,  0.786044
0.8470,  0.784847
0.8475,  0.785804
0.8480,  0.785199
0.8485,  0.791321
0.8490,  0.805331
0.8495,  0.825354
0.8500,  0.839510
0.8505,  0.855300
0.8510,  0.861458
0.8515,  0.863578
0.8520,  0.869189
0.8525,  0.858640
0.8530,  0.893608
0.8535,  0.950331
0.8540,  0.978756
0.8545,  1.019902
0.8550,  1.019889
0.8555,  0.986895
0.8560,  0.952451
0.8565,  0.911018
0.8570,  0.893457
0.8575,  0.895810
0.8580,  0.913688
0.8585,  0.917549
0.8590,  0.920993
0.8595,  0.912992
0.8600,  0.913416
0.8605,  0.920332
0.8610,  0.932121
0.8615,  0.954352
0.8620,  0.967788
0.8625,  0.963279
0.8630,  0.958359
0.8635,  0.961625
0.8640,  0.970864
0.8645,  0.968302
0.8650,  0.995930
0.8655,  1.046437
0.8660,  1.111927
0.8665,  1.176261
0.8670,  1.182827
0.8675,  1.169625
0.8680,  1.142290
0.8685,  1.112621
0.8690,  1.116754
0.8695,  1.126489
0.8700,  1.127006
0.8705,  1.140639
0.8710,  1.142970
0.8715,  1.157986
0.8720,  1.176053
0.8725,  1.165585
0.8730,  1.172051
0.8735,  1.193113
0.8740,  1.204922
0.8745,  1.190746
0.8750,  1.222708
0.8755,  1.246711
0.8760,  1.272855
0.8765,  1.297155
0.8770,  1.307696
0.8775,  1.324463
0.8780,  1.349416
0.8785,  1.358202
0.8790,  1.363996
0.8795,  1.359207
0.8800,  1.353143
0.8805,  1.363325
0.8810,  1.399823
0.8815,  1.410221
0.8820,  1.404740
0.8825,  1.412945
0.8830,  1.442862
0.8835,  1.473510
0.8840,  1.499230
0.8845,  1.511431
0.8850,  1.544754
0.8855,  1.602666
0.8860,  1.623605
0.8865,  1.644020
0.8870,  1.635878
0.8875,  1.634208
0.8880,  1.613594
0.8885,  1.617801
0.8890,  1.640736
0.8895,  1.654447
0.8900,  1.671315
