0.3500,  0.202569
0.3505,  0.271230
0.3510,  0.237087
0.3515,  0.201600
0.3520,  0.166797
0.3525,  0.123497
0.3530,  0.170004
0.3535,  0.204603
0.3540,  0.217796
0.3545,  0.239053
0.3550,  0.209724
0.3555,  0.195326
0.3560,  0.155517
0.3565,  0.115103
0.3570,  0.079186
0.3575,  0.043253
0.3580,  -0.009433
0.3585,  -0.072728
0.3590,  0.106388
0.3595,  0.257908
0.3600,  0.238766
0.3605,  0.228133
0.3610,  0.179922
0.3615,  0.127797
0.3620,  0.171903
0.3625,  0.213949
0.3630,  0.201185
0.3635,  0.188259
0.3640,  0.176550
0.3645,  0.159188
0.3650,  0.193073
0.3655,  0.220212
0.3660,  0.226670
0.3665,  0.242360
0.3670,  0.213044
0.3675,  0.185925
0.3680,  0.147414
0.3685,  0.109644
0.3690,  0.157351
0.3695,  0.204535
0.3700,  0.169343
0.3705,  0.133145
0.3710,  0.156961
0.3715,  0.186548
0.3720,  0.157425
0.3725,  0.126616
0.3730,  0.092654
0.3735,  0.054712
0.3740,  0.065228
0.3745,  0.068296
0.3750,  0.150720
0.3755,  0.220173
0.3760,  0.212032
0.3765,  0.195203
0.3770,  0.246688
0.3775,  0.293544
0.3780,  0.287591
0.3785,  0.289726
0.3790,  0.187093
0.3795,  0.075090
0.3800,  0.132534
0.3805,  0.194769
0.3810,  0.167434
0.3815,  0.148937
0.3820,  0.058039
0.3825,  -0.053717
0.3830,  -0.078449
0.3835,  -0.118058
0.3840,  0.057671
0.3845,  0.189906
0.3850,  0.199771
0.3855,  0.213549
0.3860,  0.199655
0.3865,  0.184824
0.3870,  0.176973
0.3875,  0.170099
0.3880,  0.150069
0.3885,  0.123868
0.3890,  0.184833
0.3895,  0.230828
0.3900,  0.228042
0.3905,  0.228249
0.3910,  0.243800
0.3915,  0.277286
0.3920,  0.179066
0.3925,  0.081514
0.3930,  -0.098173
0.3935,  -0.361156
0.3940,  -0.055561
0.3945,  0.164260
0.3950,  0.275692
0.3955,  0.379494
0.3960,  0.211530
0.3965,  -0.003807
0.3970,  0.016568
0.3975,  0.014534
0.3980,  0.213760
0.3985,  0.349402
0.3990,  0.327038
0.3995,  0.312851
0.4000,  0.275949
0.4005,  0.242898
0.4010,  0.229124
0.4015,  0.221785
0.4020,  0.206937
0.4025,  0.199857
0.4030,  0.175259
0.4035,  0.151348
0.4040,  0.147874
0.4045,  0.149003
0.4050,  0.150386
0.4055,  0.152009
0.4060,  0.134245
0.4065,  0.116977
0.4070,  0.129743
0.4075,  0.136647
0.4080,  0.162276
0.4085,  0.189897
0.4090,  0.186237
0.4095,  0.182088
0.4100,  0.131620
0.4105,  0.073390
0.4110,  0.144205
0.4115,  0.205258
0.4120,  0.185304
0.4125,  0.168185
0.4130,  0.154802
0.4135,  0.143672
0.4140,  0.136162
0.4145,  0.126984
0.4150,  0.123352
0.4155,  0.119566
0.4160,  0.142401
0.4165,  0.169397
0.4170,  0.133223
0.4175,  0.090002
0.4180,  0.096468
0.4185,  0.108280
0.4190,  0.116233
0.4195,  0.116256
0.4200,  0.129281
0.4205,  0.143795
0.4210,  0.148733
0.4215,  0.158792
0.4220,  0.109547
0.4225,  0.057572
0.4230,  0.098064
0.4235,  0.138199
0.4240,  0.149033
0.4245,  0.162593
0.4250,  0.148857
0.4255,  0.133174
0.4260,  0.134536
0.4265,  0.142604
0.4270,  0.110874
0.4275,  0.077808
0.4280,  0.090559
0.4285,  0.109848
0.4290,  0.096725
0.4295,  0.086163
0.4300,  -0.002526
0.4305,  -0.117282
0.4310,  0.084654
0.4315,  0.232509
0.4320,  0.195495
0.4325,  0.161251
0.4330,  0.166112
0.4335,  0.173586
0.4340,  0.142423
0.4345,  0.117228
0.4350,  0.123590
0.4355,  0.125849
0.4360,  0.167324
0.4365,  0.207825
0.4370,  0.173043
0.4375,  0.145996
0.4380,  0.092362
0.4385,  0.030278
0.4390,  0.103357
0.4395,  0.168446
0.4400,  0.135650
0.4405,  0.098646
0.4410,  0.142759
0.4415,  0.181310
0.4420,  0.179165
0.4425,  0.178305
0.4430,  0.153912
0.4435,  0.133487
0.4440,  0.145739
0.4445,  0.158929
0.4450,  0.122861
0.4455,  0.084373
0.4460,  0.099101
0.4465,  0.111858
0.4470,  0.148176
0.4475,  0.181852
0.4480,  0.155769
0.4485,  0.126297
0.4490,  0.130076
0.4495,  0.131943
0.4500,  0.146802
0.4505,  0.163783
0.4510,  0.154203
0.4515,  0.148025
0.4520,  0.114886
0.4525,  0.083334
0.4530,  0.095204
0.4535,  0.105822
0.4540,  0.115512
0.4545,  0.118944
0.4550,  0.128173
0.4555,  0.139486
0.4560,  0.142970
0.4565,  0.146142
0.4570,  0.150139
0.4575,  0.155909
0.4580,  0.130635
0.4585,  0.103778
0.4590,  0.116658
0.4595,  0.127650
0.4600,  0.132411
0.4605,  0.135965
0.4610,  0.134319
0.4615,  0.131448
0.4620,  0.139544
0.4625,  0.149356
0.4630,  0.133788
0.4635,  0.123682
0.4640,  0.114545
0.4645,  0.106454
0.4650,  0.131455
0.4655,  0.154814
0.4660,  0.130769
0.4665,  0.108795
0.4670,  0.138690
0.4675,  0.159596
0.4680,  0.151344
0.4685,  0.145597
0.4690,  0.146125
0.4695,  0.150811
0.4700,  0.131817
0.4705,  0.105163
0.4710,  0.136223
0.4715,  0.166776
0.4720,  0.167422
0.4725,  0.168744
0.4730,  0.155896
0.4735,  0.142643
0.4740,  0.152746
0.4745,  0.164402
0.4750,  0.157092
0.4755,  0.148849
0.4760,  0.135782
0.4765,  0.123640
0.4770,  0.151068
0.4775,  0.176567
0.4780,  0.160356
0.4785,  0.143580
0.4790,  0.156983
0.4795,  0.170608
0.4800,  0.160087
0.4805,  0.152552
0.4810,  0.163365
0.4815,  0.174282
0.4820,  0.160398
0.4825,  0.148236
0.4830,  0.148198
0.4835,  0.151447
0.4840,  0.149367
0.4845,  0.150724
0.4850,  0.137655
0.4855,  0.127646
0.4860,  0.094804
0.4865,  0.047644
0.4870,  0.103171
0.4875,  0.149027
0.4880,  0.159329
0.4885,  0.168038
0.4890,  0.166755
0.4895,  0.166615
0.4900,  0.169500
0.4905,  0.178203
0.4910,  0.155259
0.4915,  0.132394
0.4920,  0.134498
0.4925,  0.133270
0.4930,  0.126861
0.4935,  0.118463
0.4940,  0.151114
0.4945,  0.184312
0.4950,  0.150947
0.4955,  0.117574
0.4960,  0.140249
0.4965,  0.161126
0.4970,  0.164058
0.4975,  0.170290
0.4980,  0.139067
0.4985,  0.104923
0.4990,  0.133396
0.4995,  0.161870
0.5000,  0.139609
0.5005,  0.117243
0.5010,  0.110596
0.5015,  0.100840
0.5020,  0.120955
0.5025,  0.140418
0.5030,  0.149311
0.5035,  0.157028
0.5040,  0.140752
0.5045,  0.119786
0.5050,  0.141672
0.5055,  0.163874
0.5060,  0.151915
0.5065,  0.142723
0.5070,  0.133059
0.5075,  0.122038
0.5080,  0.125443
0.5085,  0.127725
0.5090,  0.126769
0.5095,  0.125160
0.5100,  0.130098
0.5105,  0.134480
0.5110,  0.144407
0.5115,  0.155934
0.5120,  0.128408
0.5125,  0.102188
0.5130,  0.107080
0.5135,  0.110360
0.5140,  0.118732
0.5145,  0.124727
0.5150,  0.134945
0.5155,  0.150020
0.5160,  0.108095
0.5165,  0.064728
0.5170,  0.093991
0.5175,  0.117406
0.5180,  0.099493
0.5185,  0.072859
0.5190,  0.109610
0.5195,  0.145022
0.5200,  0.136709
0.5205,  0.127030
0.5210,  0.138195
0.5215,  0.151653
0.5220,  0.127658
0.5225,  0.103361
0.5230,  0.117805
0.5235,  0.128659
0.5240,  0.137255
0.5245,  0.149066
0.5250,  0.145645
0.5255,  0.147912
0.5260,  0.095340
0.5265,  0.036905
0.5270,  0.080593
0.5275,  0.116176
0.5280,  0.125106
0.5285,  0.132434
0.5290,  0.130099
0.5295,  0.128635
0.5300,  0.129137
0.5305,  0.131485
0.5310,  0.131634
0.5315,  0.138330
0.5320,  0.101072
0.5325,  0.058613
0.5330,  0.101161
0.5335,  0.138341
0.5340,  0.119325
0.5345,  0.098777
0.5350,  0.126423
0.5355,  0.154782
0.5360,  0.127222
0.5365,  0.100055
0.5370,  0.104670
0.5375,  0.109026
0.5380,  0.116235
0.5385,  0.125327
0.5390,  0.112639
0.5395,  0.100727
0.5400,  0.090853
0.5405,  0.077830
0.5410,  0.106386
0.5415,  0.132650
0.5420,  0.118355
0.5425,  0.103528
0.5430,  0.114517
0.5435,  0.123391
0.5440,  0.120295
0.5445,  0.118553
0.5450,  0.123124
0.5455,  0.126965
0.5460,  0.122711
0.5465,  0.119192
0.5470,  0.109542
0.5475,  0.099241
0.5480,  0.107913
0.5485,  0.114032
0.5490,  0.120263
0.5495,  0.126686
0.5500,  0.118334
0.5505,  0.110262
0.5510,  0.112622
0.5515,  0.116629
0.5520,  0.113368
0.5525,  0.108729
0.5530,  0.115157
0.5535,  0.122906
0.5540,  0.124719
0.5545,  0.127534
0.5550,  0.128516
0.5555,  0.130960
0.5560,  0.116308
0.5565,  0.103338
0.5570,  0.114454
0.5575,  0.128017
0.5580,  0.118798
0.5585,  0.108971
0.5590,  0.114418
0.5595,  0.117929
0.5600,  0.123043
0.5605,  0.127931
0.5610,  0.122394
0.5615,  0.117029
0.5620,  0.121453
0.5625,  0.127128
0.5630,  0.130157
0.5635,  0.134536
0.5640,  0.135643
0.5645,  0.136233
0.5650,  0.126168
0.5655,  0.114198
0.5660,  0.120156
0.5665,  0.124426
0.5670,  0.136435
0.5675,  0.150491
0.5680,  0.133255
0.5685,  0.117118
0.5690,  0.133981
0.5695,  0.150100
0.5700,  0.131045
0.5705,  0.109948
0.5710,  0.120762
0.5715,  0.126811
0.5720,  0.136048
0.5725,  0.145171
0.5730,  0.138499
0.5735,  0.136601
0.5740,  0.137175
0.5745,  0.138264
0.5750,  0.130506
0.5755,  0.120019
0.5760,  0.122182
0.5765,  0.125037
0.5770,  0.128237
0.5775,  0.133610
0.5780,  0.116141
0.5785,  0.096367
0.5790,  0.104370
0.5795,  0.110594
0.5800,  0.109577
0.5805,  0.111763
0.5810,  0.116071
0.5815,  0.119731
0.5820,  0.123471
0.5825,  0.125362
0.5830,  0.121128
0.5835,  0.117444
0.5840,  0.118693
0.5845,  0.123154
0.5850,  0.109737
0.5855,  0.092946
0.5860,  0.106676
0.5865,  0.119998
0.5870,  0.129491
0.5875,  0.144811
0.5880,  0.138453
0.5885,  0.129617
0.5890,  0.103968
0.5895,  0.070370
0.5900,  0.123692
0.5905,  0.172269
0.5910,  0.160814
0.5915,  0.148599
0.5920,  0.146971
0.5925,  0.146760
0.5930,  0.140108
0.5935,  0.137814
0.5940,  0.133613
0.5945,  0.129775
0.5950,  0.133729
0.5955,  0.134491
0.5960,  0.136921
0.5965,  0.140907
0.5970,  0.132270
0.5975,  0.124776
0.5980,  0.119133
0.5985,  0.115684
0.5990,  0.124696
0.5995,  0.133177
0.6000,  0.127741
0.6005,  0.123162
0.6010,  0.125157
0.6015,  0.124751
0.6020,  0.111770
0.6025,  0.098867
0.6030,  0.113560
0.6035,  0.128313
0.6040,  0.127076
0.6045,  0.127212
0.6050,  0.126038
0.6055,  0.121169
0.6060,  0.117654
0.6065,  0.114995
0.6070,  0.116195
0.6075,  0.120881
0.6080,  0.122521
0.6085,  0.124374
0.6090,  0.128791
0.6095,  0.131145
0.6100,  0.121189
0.6105,  0.109609
0.6110,  0.118903
0.6115,  0.129529
0.6120,  0.119431
0.6125,  0.109605
0.6130,  0.107554
0.6135,  0.104535
0.6140,  0.115569
0.6145,  0.129050
0.6150,  0.134631
0.6155,  0.137361
0.6160,  0.108264
0.6165,  0.075673
0.6170,  0.101407
0.6175,  0.127158
0.6180,  0.134021
0.6185,  0.140115
0.6190,  0.138308
0.6195,  0.133541
0.6200,  0.139324
0.6205,  0.145652
0.6210,  0.133989
0.6215,  0.122993
0.6220,  0.131717
0.6225,  0.142945
0.6230,  0.135907
0.6235,  0.129699
0.6240,  0.132503
0.6245,  0.133220
0.6250,  0.127648
0.6255,  0.117600
0.6260,  0.132437
0.6265,  0.149167
0.6270,  0.150466
0.6275,  0.152887
0.6280,  0.156577
0.6285,  0.160633
0.6290,  0.160704
0.6295,  0.159633
0.6300,  0.155362
0.6305,  0.147453
0.6310,  0.137994
0.6315,  0.133948
0.6320,  0.129303
0.6325,  0.128476
0.6330,  0.132769
0.6335,  0.135389
0.6340,  0.138930
0.6345,  0.142691
0.6350,  0.146531
0.6355,  0.148058
0.6360,  0.145817
0.6365,  0.142378
0.6370,  0.136627
0.6375,  0.132311
0.6380,  0.132273
0.6385,  0.134480
0.6390,  0.137256
0.6395,  0.132695
0.6400,  0.132133
0.6405,  0.130626
0.6410,  0.126253
0.6415,  0.126336
0.6420,  0.123868
0.6425,  0.122612
0.6430,  0.121784
0.6435,  0.121803
0.6440,  0.123863
0.6445,  0.129952
0.6450,  0.139065
0.6455,  0.142793
0.6460,  0.146778
0.6465,  0.148689
0.6470,  0.149809
0.6475,  0.148213
0.6480,  0.145780
0.6485,  0.142129
0.6490,  0.137992
0.6495,  0.140358
0.6500,  0.141886
0.6505,  0.145580
0.6510,  0.151063
0.6515,  0.149476
0.6520,  0.148472
0.6525,  0.146591
0.6530,  0.142086
0.6535,  0.131628
0.6540,  0.126384
0.6545,  0.130870
0.6550,  0.142279
0.6555,  0.143379
0.6560,  0.132219
0.6565,  0.105327
0.6570,  0.069255
0.6575,  0.081789
0.6580,  0.094007
0.6585,  0.109423
0.6590,  0.126914
0.6595,  0.120042
0.6600,  0.115582
0.6605,  0.112100
0.6610,  0.110510
0.6615,  0.106381
0.6620,  0.104598
0.6625,  0.106023
0.6630,  0.107097
0.6635,  0.109908
0.6640,  0.108550
0.6645,  0.107626
0.6650,  0.107563
0.6655,  0.106739
0.6660,  0.103822
0.6665,  0.101898
0.6670,  0.098377
0.6675,  0.098857
0.6680,  0.098117
0.6685,  0.099098
0.6690,  0.100148
0.6695,  0.096681
0.6700,  0.094843
0.6705,  0.099122
0.6710,  0.102510
0.6715,  0.106759
0.6720,  0.106318
0.6725,  0.102008
0.6730,  0.098451
0.6735,  0.093296
0.6740,  0.088513
0.6745,  0.089132
0.6750,  0.091419
0.6755,  0.096834
0.6760,  0.098259
0.6765,  0.101004
0.6770,  0.103097
0.6775,  0.103537
0.6780,  0.103609
0.6785,  0.102575
0.6790,  0.101759
0.6795,  0.101038
0.6800,  0.099725
0.6805,  0.095754
0.6810,  0.094140
0.6815,  0.095417
0.6820,  0.095741
0.6825,  0.098586
0.6830,  0.103169
0.6835,  0.107515
0.6840,  0.108954
0.6845,  0.108729
0.6850,  0.109955
0.6855,  0.133952
0.6860,  0.169314
0.6865,  0.207875
0.6870,  0.236995
0.6875,  0.243608
0.6880,  0.237353
0.6885,  0.230957
0.6890,  0.226406
0.6895,  0.219823
0.6900,  0.215400
0.6905,  0.202288
0.6910,  0.196703
0.6915,  0.188242
0.6920,  0.180440
0.6925,  0.179222
0.6930,  0.180986
0.6935,  0.176376
0.6940,  0.174329
0.6945,  0.172196
0.6950,  0.169233
0.6955,  0.158582
0.6960,  0.148712
0.6965,  0.144380
0.6970,  0.141335
0.6975,  0.146150
0.6980,  0.150483
0.6985,  0.155232
0.6990,  0.160318
0.6995,  0.159906
0.7000,  0.158904
0.7005,  0.156876
0.7010,  0.154907
0.7015,  0.160309
0.7020,  0.158797
0.7025,  0.154601
0.7030,  0.151430
0.7035,  0.155727
0.7040,  0.160170
0.7045,  0.160924
0.7050,  0.162916
0.7055,  0.160001
0.7060,  0.154845
0.7065,  0.148950
0.7070,  0.140850
0.7075,  0.137425
0.7080,  0.136202
0.7085,  0.137025
0.7090,  0.138596
0.7095,  0.141754
0.7100,  0.139786
0.7105,  0.140622
0.7110,  0.140880
0.7115,  0.137910
0.7120,  0.135515
0.7125,  0.134766
0.7130,  0.134924
0.7135,  0.140329
0.7140,  0.143932
0.7145,  0.147557
0.7150,  0.155450
0.7155,  0.172002
0.7160,  0.201960
0.7165,  0.237002
0.7170,  0.275068
0.7175,  0.309705
0.7180,  0.340883
0.7185,  0.360059
0.7190,  0.369913
0.7195,  0.367380
0.7200,  0.347866
0.7205,  0.314022
0.7210,  0.280254
0.7215,  0.255936
0.7220,  0.256718
0.7225,  0.269779
0.7230,  0.290341
0.7235,  0.305230
0.7240,  0.317513
0.7245,  0.325099
0.7250,  0.328322
0.7255,  0.327801
0.7260,  0.326139
0.7265,  0.327464
0.7270,  0.328709
0.7275,  0.323467
0.7280,  0.323620
0.7285,  0.315617
0.7290,  0.304931
0.7295,  0.299381
0.7300,  0.294277
0.7305,  0.289950
0.7310,  0.279663
0.7315,  0.259172
0.7320,  0.236933
0.7325,  0.221325
0.7330,  0.210466
0.7335,  0.194363
0.7340,  0.186377
0.7345,  0.186254
0.7350,  0.189199
0.7355,  0.190821
0.7360,  0.185864
0.7365,  0.178213
0.7370,  0.176401
0.7375,  0.170656
0.7380,  0.164159
0.7385,  0.157005
0.7390,  0.150816
0.7395,  0.147121
0.7400,  0.143953
0.7405,  0.145192
0.7410,  0.144350
0.7415,  0.146340
0.7420,  0.145880
0.7425,  0.145785
0.7430,  0.144358
0.7435,  0.138665
0.7440,  0.139347
0.7445,  0.135252
0.7450,  0.129581
0.7455,  0.129670
0.7460,  0.130637
0.7465,  0.130725
0.7470,  0.131515
0.7475,  0.123753
0.7480,  0.121061
0.7485,  0.121242
0.7490,  0.119148
0.7495,  0.123741
0.7500,  0.128283
0.7505,  0.129298
0.7510,  0.129783
0.7515,  0.131268
0.7520,  0.128388
0.7525,  0.130407
0.7530,  0.132699
0.7535,  0.127135
0.7540,  0.123368
0.7545,  0.119964
0.7550,  0.118244
0.7555,  0.114478
0.7560,  0.116443
0.7565,  0.119658
0.7570,  0.126469
0.7575,  0.139512
0.7580,  0.171350
0.7585,  0.238891
0.7590,  0.354245
0.7595,  0.506426
0.7600,  0.666912
0.7605,  0.757082
0.7610,  0.769919
0.7615,  0.743165
0.7620,  0.723088
0.7625,  0.715894
0.7630,  0.697915
0.7635,  0.662418
0.7640,  0.606170
0.7645,  0.542769
0.7650,  0.480986
0.7655,  0.412127
0.7660,  0.345536
0.7665,  0.281317
0.7670,  0.236650
0.7675,  0.202742
0.7680,  0.179968
0.7685,  0.165024
0.7690,  0.158751
0.7695,  0.156044
0.7700,  0.152220
0.7705,  0.147993
0.7710,  0.140140
0.7715,  0.137116
0.7720,  0.142012
0.7725,  0.132452
0.7730,  0.130302
0.7735,  0.123173
0.7740,  0.125262
0.7745,  0.123890
0.7750,  0.127934
0.7755,  0.127473
0.7760,  0.125032
0.7765,  0.132326
0.7770,  0.135747
0.7775,  0.135240
0.7780,  0.131839
0.7785,  0.128194
0.7790,  0.123988
0.7795,  0.126994
0.7800,  0.128541
0.7805,  0.127076
0.7810,  0.127030
0.7815,  0.129300
0.7820,  0.127348
0.7825,  0.127498
0.7830,  0.128464
0.7835,  0.132267
0.7840,  0.133761
0.7845,  0.128651
0.7850,  0.124538
0.7855,  0.117323
0.7860,  0.119222
0.7865,  0.127605
0.7870,  0.138707
0.7875,  0.147950
0.7880,  0.159495
0.7885,  0.160607
0.7890,  0.162482
0.7895,  0.156908
0.7900,  0.155597
0.7905,  0.152529
0.7910,  0.149530
0.7915,  0.146649
0.7920,  0.143572
0.7925,  0.144681
0.7930,  0.144387
0.7935,  0.143578
0.7940,  0.136335
0.7945,  0.137622
0.7950,  0.138657
0.7955,  0.142045
0.7960,  0.144109
0.7965,  0.150647
0.7970,  0.148657
0.7975,  0.150329
0.7980,  0.148564
0.7985,  0.146778
0.7990,  0.140835
0.7995,  0.148361
0.8000,  0.153971
0.8005,  0.157282
0.8010,  0.161726
0.8015,  0.158272
0.8020,  0.147713
0.8025,  0.141725
0.8030,  0.146955
0.8035,  0.157120
0.8040,  0.157862
0.8045,  0.153869
0.8050,  0.151955
0.8055,  0.150158
0.8060,  0.141957
0.8065,  0.143405
0.8070,  0.145693
0.8075,  0.141766
0.8080,  0.134143
0.8085,  0.132478
0.8090,  0.133286
0.8095,  0.143724
0.8100,  0.159552
0.8105,  0.175445
0.8110,  0.186569
0.8115,  0.194788
0.8120,  0.209631
0.8125,  0.224022
0.8130,  0.245355
0.8135,  0.267633
0.8140,  0.292820
0.8145,  0.311091
0.8150,  0.338489
0.8155,  0.358297
0.8160,  0.365903
0.8165,  0.374833
0.8170,  0.377138
0.8175,  0.369178
0.8180,  0.350237
0.8185,  0.323797
0.8190,  0.298128
0.8195,  0.286745
0.8200,  0.264054
0.8205,  0.250265
0.8210,  0.254641
0.8215,  0.287127
0.8220,  0.323542
0.8225,  0.365369
0.8230,  0.371499
0.8235,  0.350134
0.8240,  0.307947
0.8245,  0.276403
0.8250,  0.252058
0.8255,  0.242706
0.8260,  0.250060
0.8265,  0.251758
0.8270,  0.257984
0.8275,  0.271166
0.8280,  0.287230
0.8285,  0.296764
0.8290,  0.293954
0.8295,  0.288077
0.8300,  0.270644
0.8305,  0.254945
0.8310,  0.244694
0.8315,  0.240970
0.8320,  0.238086
0.8325,  0.245050
0.8330,  0.240425
0.8335,  0.235587
0.8340,  0.228142
0.8345,  0.225690
0.8350,  0.213460
0.8355,  0.206743
0.8360,  0.189918
0.8365,  0.172789
0.8370,  0.166474
0.8375,  0.163383
0.8380,  0.158947
0.8385,  0.163776
0.8390,  0.169173
0.8395,  0.171255
0.8400,  0.167211
0.8405,  0.155664
0.8410,  0.145971
0.8415,  0.143341
0.8420,  0.133812
0.8425,  0.133458
0.8430,  0.126057
0.8435,  0.119101
0.8440,  0.118041
0.8445,  0.127306
0.8450,  0.136876
0.8455,  0.144809
0.8460,  0.145400
0.8465,  0.130380
0.8470,  0.122054
0.8475,  0.113827
0.8480,  0.122293
0.8485,  0.124235
0.8490,  0.126858
0.8495,  0.120939
0.8500,  0.110934
0.8505,  0.118889
0.8510,  0.116925
0.8515,  0.116201
0.8520,  0.119538
0.8525,  0.109605
0.8530,  0.109882
0.8535,  0.105932
0.8540,  0.084012
0.8545,  0.104842
0.8550,  0.112665
0.8555,  0.121942
0.8560,  0.137959
0.8565,  0.136073
0.8570,  0.138735
0.8575,  0.144086
0.8580,  0.139748
0.8585,  0.126178
0.8590,  0.099442
0.8595,  0.089933
0.8600,  0.085127
0.8605,  0.097336
0.8610,  0.103388
0.8615,  0.109027
0.8620,  0.107603
0.8625,  0.121813
0.8630,  0.113416
0.8635,  0.104001
0.8640,  0.101146
0.8645,  0.093385
0.8650,  0.085508
0.8655,  0.080428
0.8660,  0.073756
0.8665,  0.098259
0.8670,  0.115866
0.8675,  0.125636
0.8680,  0.121522
0.8685,  0.117263
0.8690,  0.121779
0.8695,  0.116305
0.8700,  0.119326
0.8705,  0.113045
0.8710,  0.117008
0.8715,  0.117675
0.8720,  0.125068
0.8725,  0.127659
0.8730,  0.132706
0.8735,  0.138385
0.8740,  0.149377
0.8745,  0.145921
0.8750,  0.130306
0.8755,  0.122366
0.8760,  0.107214
0.8765,  0.118078
0.8770,  0.119793
0.8775,  0.117940
0.8780,  0.128570
0.8785,  0.138611
0.8790,  0.149767
0.8795,  0.151095
0.8800,  0.145806
0.8805,  0.136215
0.8810,  0.109448
0.8815,  0.102008
0.8820,  0.103962
0.8825,  0.107089
0.8830,  0.105028
0.8835,  0.106609
0.8840,  0.105953
0.8845,  0.109141
0.8850,  0.117140
0.8855,  0.112877
0.8860,  0.118642
0.8865,  0.127156
0.8870,  0.113534
0.8875,  0.105515
0.8880,  0.100573
0.8885,  0.096102
0.8890,  0.111202
0.8895,  0.133095
0.8900,  0.151081
