0.3500,  0.326412
0.3505,  0.378969
0.3510,  0.339288
0.3515,  0.296284
0.3520,  0.263796
0.3525,  0.221199
0.3530,  0.258431
0.3535,  0.296037
0.3540,  0.326116
0.3545,  0.353091
0.3550,  0.336706
0.3555,  0.330378
0.3560,  0.298633
0.3565,  0.266130
0.3570,  0.231771
0.3575,  0.198407
0.3580,  0.158917
0.3585,  0.095679
0.3590,  0.243871
0.3595,  0.358173
0.3600,  0.338658
0.3605,  0.312428
0.3610,  0.260857
0.3615,  0.200406
0.3620,  0.243140
0.3625,  0.286230
0.3630,  0.282590
0.3635,  0.280674
0.3640,  0.280269
0.3645,  0.270657
0.3650,  0.300969
0.3655,  0.331035
0.3660,  0.341274
0.3665,  0.354621
0.3670,  0.326705
0.3675,  0.301319
0.3680,  0.266943
0.3685,  0.228885
0.3690,  0.269055
0.3695,  0.314496
0.3700,  0.294574
0.3705,  0.265073
0.3710,  0.279461
0.3715,  0.299832
0.3720,  0.270025
0.3725,  0.239589
0.3730,  0.202721
0.3735,  0.164234
0.3740,  0.172177
0.3745,  0.169266
0.3750,  0.236983
0.3755,  0.289728
0.3760,  0.280631
0.3765,  0.264207
0.3770,  0.306530
0.3775,  0.349814
0.3780,  0.349952
0.3785,  0.356599
0.3790,  0.270203
0.3795,  0.176937
0.3800,  0.234223
0.3805,  0.296245
0.3810,  0.277163
0.3815,  0.266426
0.3820,  0.185206
0.3825,  0.080442
0.3830,  0.045977
0.3835,  -0.003434
0.3840,  0.149632
0.3845,  0.267011
0.3850,  0.275442
0.3855,  0.287096
0.3860,  0.276245
0.3865,  0.268570
0.3870,  0.264113
0.3875,  0.255485
0.3880,  0.234573
0.3885,  0.204720
0.3890,  0.255792
0.3895,  0.294361
0.3900,  0.288487
0.3905,  0.289997
0.3910,  0.312627
0.3915,  0.351636
0.3920,  0.270598
0.3925,  0.183710
0.3930,  0.022074
0.3935,  -0.215324
0.3940,  0.051634
0.3945,  0.237241
0.3950,  0.328908
0.3955,  0.420823
0.3960,  0.265762
0.3965,  0.068987
0.3970,  0.082891
0.3975,  0.073276
0.3980,  0.246465
0.3985,  0.368639
0.3990,  0.356567
0.3995,  0.353937
0.4000,  0.327414
0.4005,  0.302260
0.4010,  0.295097
0.4015,  0.291999
0.4020,  0.278306
0.4025,  0.271932
0.4030,  0.251563
0.4035,  0.230835
0.4040,  0.225834
0.4045,  0.224000
0.4050,  0.222229
0.4055,  0.222218
0.4060,  0.205914
0.4065,  0.189572
0.4070,  0.199741
0.4075,  0.206705
0.4080,  0.231975
0.4085,  0.258055
0.4090,  0.254415
0.4095,  0.252572
0.4100,  0.208127
0.4105,  0.152766
0.4110,  0.213308
0.4115,  0.267762
0.4120,  0.250885
0.4125,  0.235640
0.4130,  0.225140
0.4135,  0.217788
0.4140,  0.212131
0.4145,  0.205522
0.4150,  0.204122
0.4155,  0.202095
0.4160,  0.223082
0.4165,  0.246685
0.4170,  0.207942
0.4175,  0.164168
0.4180,  0.169125
0.4185,  0.177512
0.4190,  0.184436
0.4195,  0.187126
0.4200,  0.203608
0.4205,  0.217078
0.4210,  0.224578
0.4215,  0.235299
0.4220,  0.193198
0.4225,  0.142038
0.4230,  0.175503
0.4235,  0.206154
0.4240,  0.213647
0.4245,  0.225951
0.4250,  0.208780
0.4255,  0.193903
0.4260,  0.197831
0.4265,  0.205597
0.4270,  0.178897
0.4275,  0.154041
0.4280,  0.164989
0.4285,  0.182339
0.4290,  0.172775
0.4295,  0.165899
0.4300,  0.088842
0.4305,  -0.020334
0.4310,  0.156267
0.4315,  0.282736
0.4320,  0.247562
0.4325,  0.211966
0.4330,  0.216661
0.4335,  0.225677
0.4340,  0.203190
0.4345,  0.181653
0.4350,  0.184635
0.4355,  0.184642
0.4360,  0.223207
0.4365,  0.262544
0.4370,  0.233692
0.4375,  0.211935
0.4380,  0.163632
0.4385,  0.105251
0.4390,  0.166166
0.4395,  0.220717
0.4400,  0.189744
0.4405,  0.153393
0.4410,  0.190352
0.4415,  0.224545
0.4420,  0.224541
0.4425,  0.225686
0.4430,  0.204680
0.4435,  0.186260
0.4440,  0.197913
0.4445,  0.210819
0.4450,  0.181197
0.4455,  0.147902
0.4460,  0.161996
0.4465,  0.171510
0.4470,  0.203660
0.4475,  0.233941
0.4480,  0.209139
0.4485,  0.179967
0.4490,  0.183586
0.4495,  0.186528
0.4500,  0.201016
0.4505,  0.218407
0.4510,  0.213328
0.4515,  0.211224
0.4520,  0.181852
0.4525,  0.154685
0.4530,  0.163870
0.4535,  0.173497
0.4540,  0.177410
0.4545,  0.180013
0.4550,  0.186900
0.4555,  0.194755
0.4560,  0.197313
0.4565,  0.201110
0.4570,  0.203253
0.4575,  0.209044
0.4580,  0.184611
0.4585,  0.159284
0.4590,  0.168455
0.4595,  0.174618
0.4600,  0.178099
0.4605,  0.180068
0.4610,  0.179136
0.4615,  0.178351
0.4620,  0.185380
0.4625,  0.196579
0.4630,  0.184854
0.4635,  0.177290
0.4640,  0.172569
0.4645,  0.166645
0.4650,  0.190195
0.4655,  0.209633
0.4660,  0.185220
0.4665,  0.160174
0.4670,  0.180991
0.4675,  0.198512
0.4680,  0.195178
0.4685,  0.194853
0.4690,  0.197024
0.4695,  0.200490
0.4700,  0.181410
0.4705,  0.157181
0.4710,  0.183478
0.4715,  0.209532
0.4720,  0.207508
0.4725,  0.206585
0.4730,  0.197645
0.4735,  0.188114
0.4740,  0.197805
0.4745,  0.211089
0.4750,  0.206368
0.4755,  0.199069
0.4760,  0.184493
0.4765,  0.171450
0.4770,  0.195833
0.4775,  0.217005
0.4780,  0.199975
0.4785,  0.184052
0.4790,  0.195963
0.4795,  0.208241
0.4800,  0.196566
0.4805,  0.188082
0.4810,  0.199618
0.4815,  0.210368
0.4820,  0.199330
0.4825,  0.190846
0.4830,  0.192705
0.4835,  0.196320
0.4840,  0.195479
0.4845,  0.202271
0.4850,  0.191902
0.4855,  0.180226
0.4860,  0.146975
0.4865,  0.100252
0.4870,  0.148175
0.4875,  0.189240
0.4880,  0.198361
0.4885,  0.206022
0.4890,  0.203974
0.4895,  0.204203
0.4900,  0.207697
0.4905,  0.217875
0.4910,  0.198571
0.4915,  0.177945
0.4920,  0.178552
0.4925,  0.176493
0.4930,  0.171508
0.4935,  0.164232
0.4940,  0.194110
0.4945,  0.224200
0.4950,  0.193947
0.4955,  0.164736
0.4960,  0.183551
0.4965,  0.202056
0.4970,  0.204989
0.4975,  0.210706
0.4980,  0.182282
0.4985,  0.152147
0.4990,  0.178791
0.4995,  0.206617
0.5000,  0.188532
0.5005,  0.168035
0.5010,  0.161268
0.5015,  0.150179
0.5020,  0.167360
0.5025,  0.184407
0.5030,  0.193075
0.5035,  0.200925
0.5040,  0.184534
0.5045,  0.164504
0.5050,  0.185026
0.5055,  0.207140
0.5060,  0.198659
0.5065,  0.191930
0.5070,  0.183869
0.5075,  0.172935
0.5080,  0.174542
0.5085,  0.174538
0.5090,  0.172900
0.5095,  0.171136
0.5100,  0.175701
0.5105,  0.179597
0.5110,  0.189013
0.5115,  0.199376
0.5120,  0.174191
0.5125,  0.151835
0.5130,  0.156640
0.5135,  0.158961
0.5140,  0.165752
0.5145,  0.172027
0.5150,  0.182779
0.5155,  0.200254
0.5160,  0.166163
0.5165,  0.128906
0.5170,  0.152035
0.5175,  0.168552
0.5180,  0.148531
0.5185,  0.122535
0.5190,  0.153804
0.5195,  0.183708
0.5200,  0.174984
0.5205,  0.167911
0.5210,  0.180142
0.5215,  0.194283
0.5220,  0.174773
0.5225,  0.152914
0.5230,  0.162866
0.5235,  0.169705
0.5240,  0.178574
0.5245,  0.191776
0.5250,  0.190293
0.5255,  0.192934
0.5260,  0.147731
0.5265,  0.095752
0.5270,  0.133968
0.5275,  0.163406
0.5280,  0.168598
0.5285,  0.174530
0.5290,  0.173079
0.5295,  0.171029
0.5300,  0.173086
0.5305,  0.176986
0.5310,  0.181684
0.5315,  0.190047
0.5320,  0.155865
0.5325,  0.115429
0.5330,  0.152079
0.5335,  0.184348
0.5340,  0.166060
0.5345,  0.146620
0.5350,  0.170754
0.5355,  0.196967
0.5360,  0.174092
0.5365,  0.151059
0.5370,  0.155867
0.5375,  0.160487
0.5380,  0.167063
0.5385,  0.174615
0.5390,  0.164001
0.5395,  0.153170
0.5400,  0.142902
0.5405,  0.131404
0.5410,  0.155789
0.5415,  0.179020
0.5420,  0.164495
0.5425,  0.150927
0.5430,  0.160806
0.5435,  0.169387
0.5440,  0.166499
0.5445,  0.165430
0.5450,  0.170606
0.5455,  0.173512
0.5460,  0.169658
0.5465,  0.166275
0.5470,  0.157619
0.5475,  0.146341
0.5480,  0.153173
0.5485,  0.159951
0.5490,  0.166617
0.5495,  0.173907
0.5500,  0.166448
0.5505,  0.158646
0.5510,  0.159296
0.5515,  0.160316
0.5520,  0.157857
0.5525,  0.155246
0.5530,  0.163389
0.5535,  0.169529
0.5540,  0.171933
0.5545,  0.174263
0.5550,  0.176613
0.5555,  0.179654
0.5560,  0.166502
0.5565,  0.154714
0.5570,  0.163395
0.5575,  0.172110
0.5580,  0.163809
0.5585,  0.153462
0.5590,  0.156902
0.5595,  0.159555
0.5600,  0.164592
0.5605,  0.170105
0.5610,  0.166596
0.5615,  0.162181
0.5620,  0.166763
0.5625,  0.172375
0.5630,  0.175380
0.5635,  0.179007
0.5640,  0.178835
0.5645,  0.179547
0.5650,  0.169788
0.5655,  0.156857
0.5660,  0.161639
0.5665,  0.168199
0.5670,  0.182161
0.5675,  0.197696
0.5680,  0.183687
0.5685,  0.171119
0.5690,  0.186765
0.5695,  0.200923
0.5700,  0.182375
0.5705,  0.160315
0.5710,  0.167099
0.5715,  0.169051
0.5720,  0.176977
0.5725,  0.187799
0.5730,  0.182537
0.5735,  0.180368
0.5740,  0.181910
0.5745,  0.182270
0.5750,  0.175097
0.5755,  0.166591
0.5760,  0.169839
0.5765,  0.174449
0.5770,  0.180002
0.5775,  0.184676
0.5780,  0.168691
0.5785,  0.149347
0.5790,  0.156075
0.5795,  0.162134
0.5800,  0.162120
0.5805,  0.162764
0.5810,  0.164339
0.5815,  0.166766
0.5820,  0.170903
0.5825,  0.175140
0.5830,  0.169660
0.5835,  0.166744
0.5840,  0.169140
0.5845,  0.175119
0.5850,  0.161369
0.5855,  0.146016
0.5860,  0.159617
0.5865,  0.175910
0.5870,  0.190838
0.5875,  0.210477
0.5880,  0.206234
0.5885,  0.197442
0.5890,  0.170171
0.5895,  0.135628
0.5900,  0.182392
0.5905,  0.225633
0.5910,  0.216050
0.5915,  0.203716
0.5920,  0.200522
0.5925,  0.200642
0.5930,  0.195725
0.5935,  0.194060
0.5940,  0.189917
0.5945,  0.186067
0.5950,  0.191206
0.5955,  0.192541
0.5960,  0.194872
0.5965,  0.197701
0.5970,  0.189743
0.5975,  0.183825
0.5980,  0.177166
0.5985,  0.171962
0.5990,  0.177533
0.5995,  0.183737
0.6000,  0.179657
0.6005,  0.176622
0.6010,  0.178540
0.6015,  0.177319
0.6020,  0.164511
0.6025,  0.150575
0.6030,  0.162885
0.6035,  0.178031
0.6040,  0.176091
0.6045,  0.175424
0.6050,  0.174415
0.6055,  0.170573
0.6060,  0.168124
0.6065,  0.165231
0.6070,  0.165553
0.6075,  0.169077
0.6080,  0.170895
0.6085,  0.173184
0.6090,  0.177544
0.6095,  0.180415
0.6100,  0.169712
0.6105,  0.158094
0.6110,  0.166543
0.6115,  0.176234
0.6120,  0.168915
0.6125,  0.163188
0.6130,  0.163046
0.6135,  0.160186
0.6140,  0.169547
0.6145,  0.181706
0.6150,  0.187853
0.6155,  0.188924
0.6160,  0.160978
0.6165,  0.129437
0.6170,  0.148256
0.6175,  0.170208
0.6180,  0.176937
0.6185,  0.181669
0.6190,  0.179051
0.6195,  0.174497
0.6200,  0.180260
0.6205,  0.186288
0.6210,  0.175358
0.6215,  0.164029
0.6220,  0.170919
0.6225,  0.181678
0.6230,  0.173406
0.6235,  0.169944
0.6240,  0.174739
0.6245,  0.176176
0.6250,  0.170776
0.6255,  0.161863
0.6260,  0.174429
0.6265,  0.189260
0.6270,  0.190455
0.6275,  0.194091
0.6280,  0.200743
0.6285,  0.207999
0.6290,  0.208432
0.6295,  0.206915
0.6300,  0.204342
0.6305,  0.198287
0.6310,  0.193164
0.6315,  0.188350
0.6320,  0.183859
0.6325,  0.179823
0.6330,  0.179233
0.6335,  0.180162
0.6340,  0.183143
0.6345,  0.187849
0.6350,  0.193958
0.6355,  0.195195
0.6360,  0.193867
0.6365,  0.186543
0.6370,  0.178193
0.6375,  0.173242
0.6380,  0.172564
0.6385,  0.174862
0.6390,  0.175674
0.6395,  0.176183
0.6400,  0.176490
0.6405,  0.173271
0.6410,  0.168100
0.6415,  0.169149
0.6420,  0.166836
0.6425,  0.163718
0.6430,  0.161027
0.6435,  0.161335
0.6440,  0.163676
0.6445,  0.169972
0.6450,  0.178229
0.6455,  0.184837
0.6460,  0.191686
0.6465,  0.196715
0.6470,  0.200444
0.6475,  0.200563
0.6480,  0.202285
0.6485,  0.198674
0.6490,  0.191807
0.6495,  0.192315
0.6500,  0.193250
0.6505,  0.197749
0.6510,  0.203137
0.6515,  0.200160
0.6520,  0.196617
0.6525,  0.192656
0.6530,  0.190053
0.6535,  0.184007
0.6540,  0.186269
0.6545,  0.195110
0.6550,  0.206272
0.6555,  0.203197
0.6560,  0.184314
0.6565,  0.152321
0.6570,  0.114593
0.6575,  0.123839
0.6580,  0.137143
0.6585,  0.149851
0.6590,  0.164545
0.6595,  0.161047
0.6600,  0.157103
0.6605,  0.151678
0.6610,  0.151122
0.6615,  0.148263
0.6620,  0.146016
0.6625,  0.146992
0.6630,  0.149425
0.6635,  0.153618
0.6640,  0.156221
0.6645,  0.158967
0.6650,  0.157878
0.6655,  0.154495
0.6660,  0.152562
0.6665,  0.146716
0.6670,  0.139204
0.6675,  0.141158
0.6680,  0.141312
0.6685,  0.145196
0.6690,  0.147004
0.6695,  0.145003
0.6700,  0.145076
0.6705,  0.146261
0.6710,  0.145131
0.6715,  0.147202
0.6720,  0.147581
0.6725,  0.147325
0.6730,  0.146087
0.6735,  0.143246
0.6740,  0.140196
0.6745,  0.138333
0.6750,  0.137168
0.6755,  0.138698
0.6760,  0.142976
0.6765,  0.146710
0.6770,  0.146773
0.6775,  0.144539
0.6780,  0.143506
0.6785,  0.141127
0.6790,  0.140230
0.6795,  0.141226
0.6800,  0.141586
0.6805,  0.141938
0.6810,  0.142291
0.6815,  0.141676
0.6820,  0.144559
0.6825,  0.146744
0.6830,  0.150245
0.6835,  0.152530
0.6840,  0.153079
0.6845,  0.156875
0.6850,  0.167071
0.6855,  0.193331
0.6860,  0.231651
0.6865,  0.267439
0.6870,  0.286627
0.6875,  0.285529
0.6880,  0.280667
0.6885,  0.274234
0.6890,  0.266963
0.6895,  0.257251
0.6900,  0.245638
0.6905,  0.237241
0.6910,  0.233703
0.6915,  0.234055
0.6920,  0.235224
0.6925,  0.236886
0.6930,  0.240111
0.6935,  0.237113
0.6940,  0.234032
0.6945,  0.230786
0.6950,  0.220714
0.6955,  0.206534
0.6960,  0.193840
0.6965,  0.187276
0.6970,  0.185422
0.6975,  0.193703
0.6980,  0.206930
0.6985,  0.213907
0.6990,  0.220756
0.6995,  0.224301
0.7000,  0.222760
0.7005,  0.221441
0.7010,  0.213670
0.7015,  0.213901
0.7020,  0.209662
0.7025,  0.205302
0.7030,  0.198346
0.7035,  0.197819
0.7040,  0.204407
0.7045,  0.211715
0.7050,  0.214614
0.7055,  0.210659
0.7060,  0.205084
0.7065,  0.196627
0.7070,  0.195245
0.7075,  0.189144
0.7080,  0.182895
0.7085,  0.171611
0.7090,  0.162443
0.7095,  0.160822
0.7100,  0.164109
0.7105,  0.169677
0.7110,  0.176546
0.7115,  0.179539
0.7120,  0.181995
0.7125,  0.183020
0.7130,  0.182440
0.7135,  0.186809
0.7140,  0.192434
0.7145,  0.199742
0.7150,  0.213067
0.7155,  0.233764
0.7160,  0.269291
0.7165,  0.309108
0.7170,  0.352679
0.7175,  0.386906
0.7180,  0.413224
0.7185,  0.436475
0.7190,  0.443180
0.7195,  0.431989
0.7200,  0.402923
0.7205,  0.369254
0.7210,  0.335881
0.7215,  0.314275
0.7220,  0.314908
0.7225,  0.331563
0.7230,  0.353607
0.7235,  0.374480
0.7240,  0.393562
0.7245,  0.399088
0.7250,  0.400627
0.7255,  0.406091
0.7260,  0.403052
0.7265,  0.399468
0.7270,  0.390715
0.7275,  0.386659
0.7280,  0.381709
0.7285,  0.372816
0.7290,  0.365991
0.7295,  0.360232
0.7300,  0.355906
0.7305,  0.352752
0.7310,  0.332497
0.7315,  0.310725
0.7320,  0.284137
0.7325,  0.259405
0.7330,  0.239278
0.7335,  0.227141
0.7340,  0.219157
0.7345,  0.217843
0.7350,  0.217638
0.7355,  0.218052
0.7360,  0.219539
0.7365,  0.217416
0.7370,  0.215604
0.7375,  0.210384
0.7380,  0.203463
0.7385,  0.195611
0.7390,  0.186638
0.7395,  0.177368
0.7400,  0.171544
0.7405,  0.165343
0.7410,  0.158707
0.7415,  0.164848
0.7420,  0.169766
0.7425,  0.176925
0.7430,  0.180712
0.7435,  0.181277
0.7440,  0.183153
0.7445,  0.177541
0.7450,  0.174100
0.7455,  0.171597
0.7460,  0.169005
0.7465,  0.164180
0.7470,  0.160923
0.7475,  0.158658
0.7480,  0.158130
0.7485,  0.159633
0.7490,  0.164916
0.7495,  0.169580
0.7500,  0.167682
0.7505,  0.166816
0.7510,  0.163227
0.7515,  0.159953
0.7520,  0.159872
0.7525,  0.154745
0.7530,  0.147455
0.7535,  0.144972
0.7540,  0.149873
0.7545,  0.147506
0.7550,  0.154969
0.7555,  0.157469
0.7560,  0.157975
0.7565,  0.157496
0.7570,  0.151935
0.7575,  0.159902
0.7580,  0.201329
0.7585,  0.290375
0.7590,  0.425895
0.7595,  0.592377
0.7600,  0.727743
0.7605,  0.782098
0.7610,  0.769288
0.7615,  0.745339
0.7620,  0.744042
0.7625,  0.741949
0.7630,  0.723398
0.7635,  0.675682
0.7640,  0.611334
0.7645,  0.542139
0.7650,  0.471620
0.7655,  0.408156
0.7660,  0.348135
0.7665,  0.292336
0.7670,  0.254805
0.7675,  0.232795
0.7680,  0.218035
0.7685,  0.211487
0.7690,  0.201017
0.7695,  0.190535
0.7700,  0.181568
0.7705,  0.174513
0.7710,  0.171399
0.7715,  0.173947
0.7720,  0.174710
0.7725,  0.170685
0.7730,  0.173045
0.7735,  0.171677
0.7740,  0.168424
0.7745,  0.157298
0.7750,  0.144050
0.7755,  0.141174
0.7760,  0.143108
0.7765,  0.147798
0.7770,  0.149843
0.7775,  0.151879
0.7780,  0.146888
0.7785,  0.148099
0.7790,  0.138428
0.7795,  0.142080
0.7800,  0.144737
0.7805,  0.145445
0.7810,  0.145203
0.7815,  0.140762
0.7820,  0.137802
0.7825,  0.132718
0.7830,  0.132002
0.7835,  0.136713
0.7840,  0.132540
0.7845,  0.136755
0.7850,  0.141915
0.7855,  0.148765
0.7860,  0.156397
0.7865,  0.163847
0.7870,  0.167344
0.7875,  0.166276
0.7880,  0.176269
0.7885,  0.180480
0.7890,  0.187347
0.7895,  0.190196
0.7900,  0.194381
0.7905,  0.198594
0.7910,  0.197109
0.7915,  0.196399
0.7920,  0.189875
0.7925,  0.186256
0.7930,  0.182087
0.7935,  0.179081
0.7940,  0.177395
0.7945,  0.176571
0.7950,  0.183525
0.7955,  0.191664
0.7960,  0.193934
0.7965,  0.195652
0.7970,  0.195180
0.7975,  0.190866
0.7980,  0.191610
0.7985,  0.196907
0.7990,  0.196190
0.7995,  0.195527
0.8000,  0.193848
0.8005,  0.189426
0.8010,  0.189737
0.8015,  0.184818
0.8020,  0.182819
0.8025,  0.188734
0.8030,  0.192430
0.8035,  0.190477
0.8040,  0.191227
0.8045,  0.192247
0.8050,  0.185953
0.8055,  0.171196
0.8060,  0.164674
0.8065,  0.157371
0.8070,  0.150054
0.8075,  0.147643
0.8080,  0.157921
0.8085,  0.167351
0.8090,  0.175382
0.8095,  0.183795
0.8100,  0.193677
0.8105,  0.201614
0.8110,  0.212033
0.8115,  0.231673
0.8120,  0.249376
0.8125,  0.272185
0.8130,  0.303914
0.8135,  0.335233
0.8140,  0.356626
0.8145,  0.380747
0.8150,  0.403729
0.8155,  0.413560
0.8160,  0.424868
0.8165,  0.435236
0.8170,  0.435451
0.8175,  0.426042
0.8180,  0.409217
0.8185,  0.384773
0.8190,  0.358507
0.8195,  0.332035
0.8200,  0.304425
0.8205,  0.299876
0.8210,  0.326497
0.8215,  0.372299
0.8220,  0.419798
0.8225,  0.451218
0.8230,  0.423407
0.8235,  0.376681
0.8240,  0.329639
0.8245,  0.293338
0.8250,  0.282759
0.8255,  0.277636
0.8260,  0.281011
0.8265,  0.294050
0.8270,  0.315610
0.8275,  0.328105
0.8280,  0.329930
0.8285,  0.328517
0.8290,  0.317998
0.8295,  0.302429
0.8300,  0.289517
0.8305,  0.283771
0.8310,  0.282495
0.8315,  0.276480
0.8320,  0.267861
0.8325,  0.258597
0.8330,  0.250124
0.8335,  0.242772
0.8340,  0.233242
0.8345,  0.225200
0.8350,  0.224621
0.8355,  0.222709
0.8360,  0.214635
0.8365,  0.200269
0.8370,  0.193026
0.8375,  0.189775
0.8380,  0.178670
0.8385,  0.174031
0.8390,  0.180567
0.8395,  0.184072
0.8400,  0.178212
0.8405,  0.169809
0.8410,  0.155825
0.8415,  0.144412
0.8420,  0.145735
0.8425,  0.143365
0.8430,  0.141909
0.8435,  0.142928
0.8440,  0.143671
0.8445,  0.149182
0.8450,  0.147976
0.8455,  0.145189
0.8460,  0.137214
0.8465,  0.132846
0.8470,  0.139527
0.8475,  0.142039
0.8480,  0.164286
0.8485,  0.166062
0.8490,  0.157016
0.8495,  0.139703
0.8500,  0.126881
0.8505,  0.131324
0.8510,  0.139727
0.8515,  0.145757
0.8520,  0.169439
0.8525,  0.167804
0.8530,  0.152207
0.8535,  0.138939
0.8540,  0.107914
0.8545,  0.104829
0.8550,  0.110556
0.8555,  0.112371
0.8560,  0.134198
0.8565,  0.140651
0.8570,  0.149155
0.8575,  0.138053
0.8580,  0.139547
0.8585,  0.136903
0.8590,  0.136483
0.8595,  0.134098
0.8600,  0.130506
0.8605,  0.131294
0.8610,  0.129238
0.8615,  0.131751
0.8620,  0.138407
0.8625,  0.129805
0.8630,  0.122128
0.8635,  0.126207
0.8640,  0.128399
0.8645,  0.129361
0.8650,  0.134525
0.8655,  0.125953
0.8660,  0.104847
0.8665,  0.097743
0.8670,  0.088959
0.8675,  0.082853
0.8680,  0.087286
0.8685,  0.096032
0.8690,  0.119225
0.8695,  0.141305
0.8700,  0.157001
0.8705,  0.136002
0.8710,  0.113856
0.8715,  0.098890
0.8720,  0.089708
0.8725,  0.089049
0.8730,  0.105037
0.8735,  0.118101
0.8740,  0.132901
0.8745,  0.138746
0.8750,  0.140771
0.8755,  0.137685
0.8760,  0.135488
0.8765,  0.142993
0.8770,  0.138033
0.8775,  0.138908
0.8780,  0.140000
0.8785,  0.137468
0.8790,  0.124172
0.8795,  0.118476
0.8800,  0.117660
0.8805,  0.112685
0.8810,  0.113295
0.8815,  0.106178
0.8820,  0.113254
0.8825,  0.119160
0.8830,  0.128396
0.8835,  0.121942
0.8840,  0.109588
0.8845,  0.107664
0.8850,  0.110531
0.8855,  0.112965
0.8860,  0.114677
0.8865,  0.121880
0.8870,  0.141281
0.8875,  0.138097
0.8880,  0.114878
0.8885,  0.102824
0.8890,  0.096894
0.8895,  0.103230
0.8900,  0.111588
