0.3500,  -0.036690
0.3505,  0.007065
0.3510,  -0.011767
0.3515,  -0.035450
0.3520,  -0.061349
0.3525,  -0.093563
0.3530,  -0.058435
0.3535,  -0.029646
0.3540,  -0.018234
0.3545,  0.003011
0.3550,  -0.009953
0.3555,  -0.018744
0.3560,  -0.044115
0.3565,  -0.067609
0.3570,  -0.094911
0.3575,  -0.121903
0.3580,  -0.159943
0.3585,  -0.205932
0.3590,  -0.080722
0.3595,  0.020094
0.3600,  0.009629
0.3605,  0.001813
0.3610,  -0.030428
0.3615,  -0.068296
0.3620,  -0.039364
0.3625,  -0.011862
0.3630,  -0.021413
0.3635,  -0.028246
0.3640,  -0.031980
0.3645,  -0.040438
0.3650,  -0.016988
0.3655,  0.002673
0.3660,  0.007998
0.3665,  0.022555
0.3670,  0.004824
0.3675,  -0.012792
0.3680,  -0.038199
0.3685,  -0.061184
0.3690,  -0.024264
0.3695,  0.013118
0.3700,  -0.006049
0.3705,  -0.029852
0.3710,  -0.015323
0.3715,  0.002574
0.3720,  -0.020874
0.3725,  -0.046876
0.3730,  -0.074445
0.3735,  -0.101142
0.3740,  -0.093950
0.3745,  -0.093295
0.3750,  -0.036859
0.3755,  0.012812
0.3760,  0.010700
0.3765,  0.004099
0.3770,  0.045194
0.3775,  0.079536
0.3780,  0.076655
0.3785,  0.079033
0.3790,  0.006651
0.3795,  -0.070203
0.3800,  -0.027479
0.3805,  0.017213
0.3810,  -0.002485
0.3815,  -0.015823
0.3820,  -0.079000
0.3825,  -0.157504
0.3830,  -0.174870
0.3835,  -0.202767
0.3840,  -0.077825
0.3845,  0.019256
0.3850,  0.028058
0.3855,  0.034720
0.3860,  0.019798
0.3865,  0.004738
0.3870,  -0.001873
0.3875,  -0.005893
0.3880,  -0.019379
0.3885,  -0.034927
0.3890,  0.011602
0.3895,  0.048872
0.3900,  0.051170
0.3905,  0.052780
0.3910,  0.066474
0.3915,  0.089458
0.3920,  0.017526
0.3925,  -0.054719
0.3930,  -0.185416
0.3935,  -0.372294
0.3940,  -0.155445
0.3945,  -0.000020
0.3950,  0.077559
0.3955,  0.149119
0.3960,  0.032846
0.3965,  -0.111374
0.3970,  -0.092175
0.3975,  -0.090834
0.3980,  0.052784
0.3985,  0.147044
0.3990,  0.129451
0.3995,  0.120795
0.4000,  0.096388
0.4005,  0.075316
0.4010,  0.066487
0.4015,  0.060453
0.4020,  0.049577
0.4025,  0.044274
0.4030,  0.026105
0.4035,  0.009332
0.4040,  0.007375
0.4045,  0.010620
0.4050,  0.013288
0.4055,  0.012906
0.4060,  -0.001012
0.4065,  -0.014665
0.4070,  -0.005901
0.4075,  0.000808
0.4080,  0.020340
0.4085,  0.040875
0.4090,  0.036453
0.4095,  0.031188
0.4100,  -0.003852
0.4105,  -0.043311
0.4110,  0.008252
0.4115,  0.053974
0.4120,  0.043302
0.4125,  0.032873
0.4130,  0.023385
0.4135,  0.013630
0.4140,  0.006337
0.4145,  0.001468
0.4150,  0.001121
0.4155,  0.000040
0.4160,  0.016833
0.4165,  0.036401
0.4170,  0.010212
0.4175,  -0.020061
0.4180,  -0.014684
0.4185,  -0.007299
0.4190,  -0.000681
0.4195,  0.002159
0.4200,  0.013137
0.4205,  0.024816
0.4210,  0.029804
0.4215,  0.036373
0.4220,  0.000056
0.4225,  -0.037716
0.4230,  -0.009507
0.4235,  0.017584
0.4240,  0.026051
0.4245,  0.035467
0.4250,  0.024378
0.4255,  0.013624
0.4260,  0.015835
0.4265,  0.024153
0.4270,  0.001261
0.4275,  -0.021023
0.4280,  -0.011359
0.4285,  0.001231
0.4290,  -0.009766
0.4295,  -0.016762
0.4300,  -0.078045
0.4305,  -0.157700
0.4310,  -0.013238
0.4315,  0.092147
0.4320,  0.067620
0.4325,  0.043986
0.4330,  0.045971
0.4335,  0.050377
0.4340,  0.031288
0.4345,  0.014030
0.4350,  0.014435
0.4355,  0.014982
0.4360,  0.043278
0.4365,  0.073066
0.4370,  0.049977
0.4375,  0.031888
0.4380,  -0.004350
0.4385,  -0.047807
0.4390,  0.003483
0.4395,  0.048788
0.4400,  0.026249
0.4405,  0.001708
0.4410,  0.035003
0.4415,  0.063486
0.4420,  0.062541
0.4425,  0.061599
0.4430,  0.043064
0.4435,  0.027107
0.4440,  0.036590
0.4445,  0.048753
0.4450,  0.025234
0.4455,  -0.002181
0.4460,  0.008257
0.4465,  0.018992
0.4470,  0.045470
0.4475,  0.070571
0.4480,  0.050815
0.4485,  0.028471
0.4490,  0.030579
0.4495,  0.030724
0.4500,  0.040898
0.4505,  0.051235
0.4510,  0.043200
0.4515,  0.039152
0.4520,  0.018399
0.4525,  -0.000725
0.4530,  0.009095
0.4535,  0.017025
0.4540,  0.024122
0.4545,  0.027403
0.4550,  0.032682
0.4555,  0.037489
0.4560,  0.038382
0.4565,  0.041059
0.4570,  0.043647
0.4575,  0.046314
0.4580,  0.027501
0.4585,  0.009208
0.4590,  0.019410
0.4595,  0.027065
0.4600,  0.032459
0.4605,  0.037296
0.4610,  0.038023
0.4615,  0.038471
0.4620,  0.044705
0.4625,  0.050209
0.4630,  0.038944
0.4635,  0.032467
0.4640,  0.024681
0.4645,  0.017247
0.4650,  0.033346
0.4655,  0.049398
0.4660,  0.033397
0.4665,  0.018854
0.4670,  0.040291
0.4675,  0.055889
0.4680,  0.050125
0.4685,  0.048803
0.4690,  0.051632
0.4695,  0.055486
0.4700,  0.040037
0.4705,  0.019337
0.4710,  0.041173
0.4715,  0.060876
0.4720,  0.060484
0.4725,  0.062046
0.4730,  0.055756
0.4735,  0.048088
0.4740,  0.056019
0.4745,  0.066692
0.4750,  0.062786
0.4755,  0.057462
0.4760,  0.048259
0.4765,  0.038956
0.4770,  0.057940
0.4775,  0.074998
0.4780,  0.062874
0.4785,  0.050823
0.4790,  0.061075
0.4795,  0.071155
0.4800,  0.063757
0.4805,  0.058489
0.4810,  0.067718
0.4815,  0.075303
0.4820,  0.065874
0.4825,  0.058778
0.4830,  0.061276
0.4835,  0.065894
0.4840,  0.064724
0.4845,  0.065912
0.4850,  0.054796
0.4855,  0.046368
0.4860,  0.022900
0.4865,  -0.010258
0.4870,  0.028910
0.4875,  0.062463
0.4880,  0.071171
0.4885,  0.077919
0.4890,  0.076459
0.4895,  0.077096
0.4900,  0.080161
0.4905,  0.085271
0.4910,  0.066654
0.4915,  0.049766
0.4920,  0.050806
0.4925,  0.050069
0.4930,  0.046247
0.4935,  0.040017
0.4940,  0.065053
0.4945,  0.089099
0.4950,  0.066300
0.4955,  0.043448
0.4960,  0.057977
0.4965,  0.071839
0.4970,  0.072839
0.4975,  0.076529
0.4980,  0.054732
0.4985,  0.030547
0.4990,  0.050743
0.4995,  0.070654
0.5000,  0.055943
0.5005,  0.041051
0.5010,  0.037897
0.5015,  0.031355
0.5020,  0.046253
0.5025,  0.060067
0.5030,  0.066795
0.5035,  0.073310
0.5040,  0.061871
0.5045,  0.047821
0.5050,  0.063137
0.5055,  0.079011
0.5060,  0.070105
0.5065,  0.064089
0.5070,  0.056685
0.5075,  0.048689
0.5080,  0.051022
0.5085,  0.052747
0.5090,  0.051860
0.5095,  0.050559
0.5100,  0.054943
0.5105,  0.059739
0.5110,  0.067258
0.5115,  0.074675
0.5120,  0.053634
0.5125,  0.034655
0.5130,  0.038667
0.5135,  0.041639
0.5140,  0.047887
0.5145,  0.052080
0.5150,  0.059209
0.5155,  0.071051
0.5160,  0.042995
0.5165,  0.012399
0.5170,  0.031855
0.5175,  0.047545
0.5180,  0.034630
0.5185,  0.015808
0.5190,  0.042120
0.5195,  0.066700
0.5200,  0.059339
0.5205,  0.051994
0.5210,  0.060275
0.5215,  0.070634
0.5220,  0.055317
0.5225,  0.039497
0.5230,  0.050016
0.5235,  0.057441
0.5240,  0.062863
0.5245,  0.071158
0.5250,  0.068734
0.5255,  0.070875
0.5260,  0.035072
0.5265,  -0.005557
0.5270,  0.025635
0.5275,  0.051040
0.5280,  0.057090
0.5285,  0.061047
0.5290,  0.058251
0.5295,  0.056588
0.5300,  0.058166
0.5305,  0.061241
0.5310,  0.062798
0.5315,  0.066804
0.5320,  0.039255
0.5325,  0.008693
0.5330,  0.039369
0.5335,  0.066711
0.5340,  0.053120
0.5345,  0.038404
0.5350,  0.057519
0.5355,  0.077186
0.5360,  0.058099
0.5365,  0.040094
0.5370,  0.043652
0.5375,  0.046444
0.5380,  0.052464
0.5385,  0.059325
0.5390,  0.051436
0.5395,  0.043698
0.5400,  0.036488
0.5405,  0.027954
0.5410,  0.048744
0.5415,  0.067217
0.5420,  0.056900
0.5425,  0.045655
0.5430,  0.052652
0.5435,  0.058706
0.5440,  0.057303
0.5445,  0.057488
0.5450,  0.061320
0.5455,  0.063864
0.5460,  0.060200
0.5465,  0.056966
0.5470,  0.050799
0.5475,  0.043041
0.5480,  0.048508
0.5485,  0.054022
0.5490,  0.058619
0.5495,  0.062676
0.5500,  0.056927
0.5505,  0.051682
0.5510,  0.054528
0.5515,  0.057778
0.5520,  0.054358
0.5525,  0.049328
0.5530,  0.054239
0.5535,  0.059408
0.5540,  0.060026
0.5545,  0.062071
0.5550,  0.063668
0.5555,  0.066525
0.5560,  0.057358
0.5565,  0.048167
0.5570,  0.054575
0.5575,  0.062192
0.5580,  0.055535
0.5585,  0.048077
0.5590,  0.052533
0.5595,  0.056458
0.5600,  0.059898
0.5605,  0.063997
0.5610,  0.060405
0.5615,  0.056613
0.5620,  0.060286
0.5625,  0.064888
0.5630,  0.066570
0.5635,  0.069205
0.5640,  0.069846
0.5645,  0.071177
0.5650,  0.065216
0.5655,  0.056712
0.5660,  0.061332
0.5665,  0.065355
0.5670,  0.074934
0.5675,  0.084908
0.5680,  0.072870
0.5685,  0.061383
0.5690,  0.073028
0.5695,  0.084377
0.5700,  0.070686
0.5705,  0.054092
0.5710,  0.060747
0.5715,  0.064190
0.5720,  0.071178
0.5725,  0.079479
0.5730,  0.074711
0.5735,  0.073136
0.5740,  0.073443
0.5745,  0.073613
0.5750,  0.067487
0.5755,  0.060842
0.5760,  0.062590
0.5765,  0.065141
0.5770,  0.068435
0.5775,  0.073678
0.5780,  0.063014
0.5785,  0.048619
0.5790,  0.053527
0.5795,  0.058444
0.5800,  0.058694
0.5805,  0.059953
0.5810,  0.061817
0.5815,  0.063135
0.5820,  0.065227
0.5825,  0.067083
0.5830,  0.062037
0.5835,  0.058712
0.5840,  0.060156
0.5845,  0.064889
0.5850,  0.055481
0.5855,  0.044546
0.5860,  0.055270
0.5865,  0.064760
0.5870,  0.071549
0.5875,  0.082601
0.5880,  0.076855
0.5885,  0.070072
0.5890,  0.050960
0.5895,  0.025648
0.5900,  0.062542
0.5905,  0.095232
0.5910,  0.086812
0.5915,  0.078525
0.5920,  0.077209
0.5925,  0.076934
0.5930,  0.073440
0.5935,  0.073090
0.5940,  0.071534
0.5945,  0.069352
0.5950,  0.072211
0.5955,  0.073057
0.5960,  0.074292
0.5965,  0.076720
0.5970,  0.070509
0.5975,  0.065979
0.5980,  0.061876
0.5985,  0.058623
0.5990,  0.064347
0.5995,  0.069645
0.6000,  0.066284
0.6005,  0.064129
0.6010,  0.066867
0.6015,  0.067398
0.6020,  0.059044
0.6025,  0.049205
0.6030,  0.059193
0.6035,  0.070147
0.6040,  0.068504
0.6045,  0.069767
0.6050,  0.070392
0.6055,  0.068596
0.6060,  0.067099
0.6065,  0.065696
0.6070,  0.066472
0.6075,  0.069068
0.6080,  0.068848
0.6085,  0.068813
0.6090,  0.072608
0.6095,  0.074808
0.6100,  0.067694
0.6105,  0.059097
0.6110,  0.066242
0.6115,  0.073996
0.6120,  0.067061
0.6125,  0.061266
0.6130,  0.059739
0.6135,  0.057097
0.6140,  0.064811
0.6145,  0.073726
0.6150,  0.076715
0.6155,  0.079377
0.6160,  0.059554
0.6165,  0.036872
0.6170,  0.054197
0.6175,  0.072834
0.6180,  0.078030
0.6185,  0.082105
0.6190,  0.080452
0.6195,  0.075358
0.6200,  0.079458
0.6205,  0.084032
0.6210,  0.074982
0.6215,  0.065443
0.6220,  0.071793
0.6225,  0.079611
0.6230,  0.074712
0.6235,  0.071227
0.6240,  0.074866
0.6245,  0.075566
0.6250,  0.071631
0.6255,  0.066968
0.6260,  0.077404
0.6265,  0.088243
0.6270,  0.089510
0.6275,  0.091816
0.6280,  0.095023
0.6285,  0.098694
0.6290,  0.097650
0.6295,  0.095337
0.6300,  0.091563
0.6305,  0.085976
0.6310,  0.079399
0.6315,  0.078001
0.6320,  0.074774
0.6325,  0.074588
0.6330,  0.076381
0.6335,  0.077436
0.6340,  0.078590
0.6345,  0.079992
0.6350,  0.081991
0.6355,  0.082511
0.6360,  0.081986
0.6365,  0.078834
0.6370,  0.076534
0.6375,  0.075522
0.6380,  0.075840
0.6385,  0.077590
0.6390,  0.080883
0.6395,  0.079352
0.6400,  0.078207
0.6405,  0.075131
0.6410,  0.070634
0.6415,  0.070394
0.6420,  0.068662
0.6425,  0.067880
0.6430,  0.068340
0.6435,  0.069938
0.6440,  0.072282
0.6445,  0.078629
0.6450,  0.085683
0.6455,  0.088581
0.6460,  0.089815
0.6465,  0.089564
0.6470,  0.087402
0.6475,  0.083046
0.6480,  0.081963
0.6485,  0.079668
0.6490,  0.076566
0.6495,  0.079407
0.6500,  0.082167
0.6505,  0.087000
0.6510,  0.091539
0.6515,  0.089275
0.6520,  0.086552
0.6525,  0.083069
0.6530,  0.079904
0.6535,  0.072767
0.6540,  0.071735
0.6545,  0.077288
0.6550,  0.087768
0.6555,  0.088389
0.6560,  0.076772
0.6565,  0.054684
0.6570,  0.028777
0.6575,  0.036713
0.6580,  0.045610
0.6585,  0.056729
0.6590,  0.069703
0.6595,  0.064250
0.6600,  0.060749
0.6605,  0.058134
0.6610,  0.055947
0.6615,  0.052938
0.6620,  0.051762
0.6625,  0.053670
0.6630,  0.054739
0.6635,  0.056898
0.6640,  0.056097
0.6645,  0.055198
0.6650,  0.056451
0.6655,  0.055887
0.6660,  0.054313
0.6665,  0.052327
0.6670,  0.048019
0.6675,  0.047608
0.6680,  0.047150
0.6685,  0.048739
0.6690,  0.051474
0.6695,  0.050762
0.6700,  0.050244
0.6705,  0.053059
0.6710,  0.053811
0.6715,  0.056159
0.6720,  0.055023
0.6725,  0.052974
0.6730,  0.051646
0.6735,  0.049937
0.6740,  0.048126
0.6745,  0.046515
0.6750,  0.046828
0.6755,  0.050043
0.6760,  0.053275
0.6765,  0.055546
0.6770,  0.056794
0.6775,  0.057598
0.6780,  0.056076
0.6785,  0.053367
0.6790,  0.051380
0.6795,  0.049673
0.6800,  0.049095
0.6805,  0.048354
0.6810,  0.047305
0.6815,  0.047752
0.6820,  0.051457
0.6825,  0.054206
0.6830,  0.055982
0.6835,  0.058089
0.6840,  0.059104
0.6845,  0.058635
0.6850,  0.062340
0.6855,  0.078682
0.6860,  0.103587
0.6865,  0.131207
0.6870,  0.149364
0.6875,  0.150158
0.6880,  0.149060
0.6885,  0.147474
0.6890,  0.143584
0.6895,  0.138210
0.6900,  0.132977
0.6905,  0.125322
0.6910,  0.118430
0.6915,  0.112164
0.6920,  0.106595
0.6925,  0.105664
0.6930,  0.105944
0.6935,  0.105168
0.6940,  0.104274
0.6945,  0.104186
0.6950,  0.102306
0.6955,  0.096011
0.6960,  0.089392
0.6965,  0.085971
0.6970,  0.082545
0.6975,  0.085101
0.6980,  0.087031
0.6985,  0.090902
0.6990,  0.096737
0.6995,  0.096787
0.7000,  0.096427
0.7005,  0.095467
0.7010,  0.092551
0.7015,  0.094355
0.7020,  0.092335
0.7025,  0.090207
0.7030,  0.087040
0.7035,  0.089527
0.7040,  0.091767
0.7045,  0.093820
0.7050,  0.095918
0.7055,  0.094992
0.7060,  0.092788
0.7065,  0.088620
0.7070,  0.086525
0.7075,  0.086499
0.7080,  0.086010
0.7085,  0.084765
0.7090,  0.081665
0.7095,  0.080497
0.7100,  0.076749
0.7105,  0.073759
0.7110,  0.074709
0.7115,  0.075110
0.7120,  0.074883
0.7125,  0.075573
0.7130,  0.076843
0.7135,  0.080451
0.7140,  0.085904
0.7145,  0.090883
0.7150,  0.095613
0.7155,  0.106389
0.7160,  0.123994
0.7165,  0.147096
0.7170,  0.171613
0.7175,  0.194323
0.7180,  0.213534
0.7185,  0.225792
0.7190,  0.232970
0.7195,  0.231438
0.7200,  0.220021
0.7205,  0.199486
0.7210,  0.176034
0.7215,  0.159141
0.7220,  0.160386
0.7225,  0.167085
0.7230,  0.178250
0.7235,  0.188719
0.7240,  0.201992
0.7245,  0.208069
0.7250,  0.211017
0.7255,  0.210026
0.7260,  0.210264
0.7265,  0.212155
0.7270,  0.211875
0.7275,  0.204772
0.7280,  0.202978
0.7285,  0.196565
0.7290,  0.189738
0.7295,  0.186284
0.7300,  0.180839
0.7305,  0.176157
0.7310,  0.171439
0.7315,  0.160822
0.7320,  0.148713
0.7325,  0.138939
0.7330,  0.129082
0.7335,  0.118865
0.7340,  0.110086
0.7345,  0.105906
0.7350,  0.104371
0.7355,  0.100634
0.7360,  0.098410
0.7365,  0.097806
0.7370,  0.100257
0.7375,  0.097170
0.7380,  0.094376
0.7385,  0.093822
0.7390,  0.091181
0.7395,  0.086208
0.7400,  0.080361
0.7405,  0.077003
0.7410,  0.073387
0.7415,  0.075194
0.7420,  0.075998
0.7425,  0.076856
0.7430,  0.077952
0.7435,  0.076899
0.7440,  0.079712
0.7445,  0.078226
0.7450,  0.074347
0.7455,  0.071510
0.7460,  0.069478
0.7465,  0.068847
0.7470,  0.066829
0.7475,  0.060217
0.7480,  0.057150
0.7485,  0.058204
0.7490,  0.062160
0.7495,  0.067651
0.7500,  0.071113
0.7505,  0.074228
0.7510,  0.073211
0.7515,  0.071352
0.7520,  0.069373
0.7525,  0.069982
0.7530,  0.069482
0.7535,  0.062540
0.7540,  0.058750
0.7545,  0.057456
0.7550,  0.061509
0.7555,  0.064900
0.7560,  0.069244
0.7565,  0.070454
0.7570,  0.074980
0.7575,  0.082584
0.7580,  0.100086
0.7585,  0.145350
0.7590,  0.225941
0.7595,  0.331901
0.7600,  0.440835
0.7605,  0.505910
0.7610,  0.520790
0.7615,  0.505277
0.7620,  0.491340
0.7625,  0.483536
0.7630,  0.467902
0.7635,  0.440306
0.7640,  0.400624
0.7645,  0.353209
0.7650,  0.306172
0.7655,  0.261431
0.7660,  0.215428
0.7665,  0.174213
0.7670,  0.140723
0.7675,  0.119796
0.7680,  0.107817
0.7685,  0.102461
0.7690,  0.100619
0.7695,  0.093605
0.7700,  0.086869
0.7705,  0.081993
0.7710,  0.076293
0.7715,  0.073697
0.7720,  0.074683
0.7725,  0.071933
0.7730,  0.074590
0.7735,  0.073965
0.7740,  0.076514
0.7745,  0.074296
0.7750,  0.075522
0.7755,  0.074937
0.7760,  0.072342
0.7765,  0.067856
0.7770,  0.068615
0.7775,  0.066748
0.7780,  0.066489
0.7785,  0.069433
0.7790,  0.069690
0.7795,  0.070291
0.7800,  0.070653
0.7805,  0.068377
0.7810,  0.066207
0.7815,  0.064373
0.7820,  0.061440
0.7825,  0.057864
0.7830,  0.059048
0.7835,  0.060107
0.7840,  0.062654
0.7845,  0.059646
0.7850,  0.060575
0.7855,  0.058868
0.7860,  0.062641
0.7865,  0.070253
0.7870,  0.075701
0.7875,  0.077934
0.7880,  0.085428
0.7885,  0.085953
0.7890,  0.086060
0.7895,  0.081662
0.7900,  0.076984
0.7905,  0.078779
0.7910,  0.081836
0.7915,  0.084625
0.7920,  0.088882
0.7925,  0.089079
0.7930,  0.085781
0.7935,  0.084331
0.7940,  0.078149
0.7945,  0.069871
0.7950,  0.067436
0.7955,  0.071546
0.7960,  0.081683
0.7965,  0.089738
0.7970,  0.088357
0.7975,  0.088103
0.7980,  0.084995
0.7985,  0.079895
0.7990,  0.075220
0.7995,  0.078080
0.8000,  0.083228
0.8005,  0.085512
0.8010,  0.088261
0.8015,  0.086772
0.8020,  0.082904
0.8025,  0.081031
0.8030,  0.083595
0.8035,  0.088089
0.8040,  0.087489
0.8045,  0.083950
0.8050,  0.080562
0.8055,  0.077093
0.8060,  0.070773
0.8065,  0.067328
0.8070,  0.067879
0.8075,  0.064792
0.8080,  0.068808
0.8085,  0.076556
0.8090,  0.081137
0.8095,  0.086435
0.8100,  0.092946
0.8105,  0.094189
0.8110,  0.098970
0.8115,  0.103932
0.8120,  0.116091
0.8125,  0.121671
0.8130,  0.142926
0.8135,  0.160796
0.8140,  0.179614
0.8145,  0.196163
0.8150,  0.213613
0.8155,  0.223661
0.8160,  0.229680
0.8165,  0.231157
0.8170,  0.227077
0.8175,  0.221897
0.8180,  0.205842
0.8185,  0.191156
0.8190,  0.172027
0.8195,  0.163307
0.8200,  0.154038
0.8205,  0.146681
0.8210,  0.154038
0.8215,  0.170889
0.8220,  0.197949
0.8225,  0.221797
0.8230,  0.224127
0.8235,  0.205282
0.8240,  0.177476
0.8245,  0.157745
0.8250,  0.146557
0.8255,  0.136632
0.8260,  0.143950
0.8265,  0.149454
0.8270,  0.160380
0.8275,  0.164801
0.8280,  0.170591
0.8285,  0.170359
0.8290,  0.167260
0.8295,  0.161920
0.8300,  0.156406
0.8305,  0.155257
0.8310,  0.149898
0.8315,  0.148851
0.8320,  0.151840
0.8325,  0.153022
0.8330,  0.141368
0.8335,  0.128169
0.8340,  0.115932
0.8345,  0.110171
0.8350,  0.102141
0.8355,  0.099511
0.8360,  0.097239
0.8365,  0.094241
0.8370,  0.091743
0.8375,  0.093575
0.8380,  0.090077
0.8385,  0.088339
0.8390,  0.082993
0.8395,  0.075868
0.8400,  0.076146
0.8405,  0.069607
0.8410,  0.069869
0.8415,  0.074979
0.8420,  0.072277
0.8425,  0.076126
0.8430,  0.074924
0.8435,  0.073860
0.8440,  0.065559
0.8445,  0.061122
0.8450,  0.061197
0.8455,  0.061500
0.8460,  0.058525
0.8465,  0.056505
0.8470,  0.053090
0.8475,  0.055800
0.8480,  0.058917
0.8485,  0.055685
0.8490,  0.056046
0.8495,  0.047962
0.8500,  0.033600
0.8505,  0.040661
0.8510,  0.044354
0.8515,  0.049666
0.8520,  0.049475
0.8525,  0.038280
0.8530,  0.034918
0.8535,  0.032291
0.8540,  0.018139
0.8545,  0.037128
0.8550,  0.041524
0.8555,  0.051087
0.8560,  0.056711
0.8565,  0.057400
0.8570,  0.057679
0.8575,  0.057864
0.8580,  0.057853
0.8585,  0.057660
0.8590,  0.053772
0.8595,  0.049396
0.8600,  0.045732
0.8605,  0.047434
0.8610,  0.043620
0.8615,  0.038558
0.8620,  0.029604
0.8625,  0.036248
0.8630,  0.034947
0.8635,  0.034693
0.8640,  0.048268
0.8645,  0.038755
0.8650,  0.024663
0.8655,  0.021697
0.8660,  0.012039
0.8665,  0.030238
0.8670,  0.035241
0.8675,  0.036051
0.8680,  0.034799
0.8685,  0.038798
0.8690,  0.048698
0.8695,  0.050063
0.8700,  0.052130
0.8705,  0.044389
0.8710,  0.050803
0.8715,  0.047276
0.8720,  0.052844
0.8725,  0.053765
0.8730,  0.050432
0.8735,  0.054900
0.8740,  0.061391
0.8745,  0.060622
0.8750,  0.060364
0.8755,  0.059599
0.8760,  0.057039
0.8765,  0.059698
0.8770,  0.050718
0.8775,  0.046144
0.8780,  0.045756
0.8785,  0.047673
0.8790,  0.047308
0.8795,  0.053055
0.8800,  0.048376
0.8805,  0.052345
0.8810,  0.044892
0.8815,  0.036155
0.8820,  0.027553
0.8825,  0.026824
0.8830,  0.032920
0.8835,  0.024263
0.8840,  0.031208
0.8845,  0.035221
0.8850,  0.038497
0.8855,  0.044937
0.8860,  0.052179
0.8865,  0.056054
0.8870,  0.048628
0.8875,  0.046195
0.8880,  0.034029
0.8885,  0.028136
0.8890,  0.034285
0.8895,  0.044814
0.8900,  0.052025
