0.3500,  1.083664
0.3505,  1.142346
0.3510,  1.074629
0.3515,  1.006806
0.3520,  0.941800
0.3525,  0.866788
0.3530,  0.884423
0.3535,  0.901925
0.3540,  0.898541
0.3545,  0.922013
0.3550,  0.916257
0.3555,  0.914568
0.3560,  0.889452
0.3565,  0.864180
0.3570,  0.858451
0.3575,  0.848248
0.3580,  0.810346
0.3585,  0.744560
0.3590,  0.911880
0.3595,  1.058968
0.3600,  1.029444
0.3605,  1.015670
0.3610,  0.962839
0.3615,  0.884916
0.3620,  0.904402
0.3625,  0.941463
0.3630,  0.913540
0.3635,  0.889551
0.3640,  0.870775
0.3645,  0.842654
0.3650,  0.865695
0.3655,  0.878820
0.3660,  0.871992
0.3665,  0.875345
0.3670,  0.836889
0.3675,  0.798997
0.3680,  0.743379
0.3685,  0.696053
0.3690,  0.741076
0.3695,  0.785750
0.3700,  0.761908
0.3705,  0.751271
0.3710,  0.785904
0.3715,  0.813643
0.3720,  0.784186
0.3725,  0.753870
0.3730,  0.713341
0.3735,  0.667706
0.3740,  0.677709
0.3745,  0.682716
0.3750,  0.764431
0.3755,  0.831321
0.3760,  0.815783
0.3765,  0.782645
0.3770,  0.814666
0.3775,  0.851404
0.3780,  0.841273
0.3785,  0.840756
0.3790,  0.747101
0.3795,  0.648224
0.3800,  0.705927
0.3805,  0.757611
0.3810,  0.722118
0.3815,  0.708725
0.3820,  0.636822
0.3825,  0.544991
0.3830,  0.532015
0.3835,  0.501258
0.3840,  0.678965
0.3845,  0.816756
0.3850,  0.830349
0.3855,  0.835984
0.3860,  0.807744
0.3865,  0.782550
0.3870,  0.767916
0.3875,  0.757534
0.3880,  0.740158
0.3885,  0.713337
0.3890,  0.763311
0.3895,  0.795289
0.3900,  0.777971
0.3905,  0.758860
0.3910,  0.762048
0.3915,  0.791158
0.3920,  0.693965
0.3925,  0.597664
0.3930,  0.439608
0.3935,  0.204757
0.3940,  0.508450
0.3945,  0.720294
0.3950,  0.827509
0.3955,  0.917474
0.3960,  0.740247
0.3965,  0.523582
0.3970,  0.539065
0.3975,  0.535704
0.3980,  0.723945
0.3985,  0.848446
0.3990,  0.820322
0.3995,  0.801030
0.4000,  0.752952
0.4005,  0.704885
0.4010,  0.678197
0.4015,  0.659434
0.4020,  0.631684
0.4025,  0.614477
0.4030,  0.581669
0.4035,  0.552235
0.4040,  0.540889
0.4045,  0.531843
0.4050,  0.527796
0.4055,  0.529097
0.4060,  0.514276
0.4065,  0.499941
0.4070,  0.519231
0.4075,  0.533147
0.4080,  0.562772
0.4085,  0.591223
0.4090,  0.581713
0.4095,  0.572436
0.4100,  0.523498
0.4105,  0.467535
0.4110,  0.533299
0.4115,  0.590642
0.4120,  0.565817
0.4125,  0.539292
0.4130,  0.519077
0.4135,  0.509319
0.4140,  0.503869
0.4145,  0.499664
0.4150,  0.500954
0.4155,  0.502361
0.4160,  0.526609
0.4165,  0.553758
0.4170,  0.512601
0.4175,  0.463628
0.4180,  0.468528
0.4185,  0.480094
0.4190,  0.490095
0.4195,  0.491482
0.4200,  0.503744
0.4205,  0.522050
0.4210,  0.532857
0.4215,  0.547540
0.4220,  0.498972
0.4225,  0.444003
0.4230,  0.479116
0.4235,  0.509034
0.4240,  0.515800
0.4245,  0.528978
0.4250,  0.510844
0.4255,  0.490388
0.4260,  0.492417
0.4265,  0.496825
0.4270,  0.470170
0.4275,  0.440989
0.4280,  0.450695
0.4285,  0.467246
0.4290,  0.454945
0.4295,  0.450710
0.4300,  0.370059
0.4305,  0.267312
0.4310,  0.470220
0.4315,  0.617303
0.4320,  0.583105
0.4325,  0.545859
0.4330,  0.540083
0.4335,  0.537183
0.4340,  0.504211
0.4345,  0.478425
0.4350,  0.481575
0.4355,  0.482136
0.4360,  0.518336
0.4365,  0.556933
0.4370,  0.522371
0.4375,  0.494622
0.4380,  0.438974
0.4385,  0.373953
0.4390,  0.438431
0.4395,  0.496406
0.4400,  0.465469
0.4405,  0.432348
0.4410,  0.477652
0.4415,  0.516611
0.4420,  0.516953
0.4425,  0.518907
0.4430,  0.496025
0.4435,  0.474574
0.4440,  0.482232
0.4445,  0.490610
0.4450,  0.453025
0.4455,  0.409899
0.4460,  0.420867
0.4465,  0.432477
0.4470,  0.467003
0.4475,  0.497465
0.4480,  0.468226
0.4485,  0.437115
0.4490,  0.438609
0.4495,  0.438323
0.4500,  0.454610
0.4505,  0.474429
0.4510,  0.465012
0.4515,  0.455325
0.4520,  0.424802
0.4525,  0.398734
0.4530,  0.407085
0.4535,  0.413595
0.4540,  0.418656
0.4545,  0.418281
0.4550,  0.427355
0.4555,  0.437599
0.4560,  0.442256
0.4565,  0.447485
0.4570,  0.452867
0.4575,  0.457874
0.4580,  0.430104
0.4585,  0.403905
0.4590,  0.411814
0.4595,  0.417235
0.4600,  0.421045
0.4605,  0.424046
0.4610,  0.424257
0.4615,  0.423660
0.4620,  0.431999
0.4625,  0.442191
0.4630,  0.429197
0.4635,  0.421408
0.4640,  0.414783
0.4645,  0.406811
0.4650,  0.427321
0.4655,  0.447613
0.4660,  0.419113
0.4665,  0.390301
0.4670,  0.409810
0.4675,  0.431039
0.4680,  0.427931
0.4685,  0.426584
0.4690,  0.427298
0.4695,  0.431922
0.4700,  0.412757
0.4705,  0.389012
0.4710,  0.419274
0.4715,  0.449308
0.4720,  0.449824
0.4725,  0.449914
0.4730,  0.436108
0.4735,  0.421489
0.4740,  0.426465
0.4745,  0.433969
0.4750,  0.424194
0.4755,  0.415165
0.4760,  0.401212
0.4765,  0.388289
0.4770,  0.413693
0.4775,  0.437197
0.4780,  0.418252
0.4785,  0.401529
0.4790,  0.415818
0.4795,  0.426856
0.4800,  0.413721
0.4805,  0.402662
0.4810,  0.411595
0.4815,  0.419118
0.4820,  0.402605
0.4825,  0.391418
0.4830,  0.394602
0.4835,  0.398903
0.4840,  0.397408
0.4845,  0.401439
0.4850,  0.387726
0.4855,  0.373688
0.4860,  0.342112
0.4865,  0.298433
0.4870,  0.351338
0.4875,  0.395235
0.4880,  0.405052
0.4885,  0.412230
0.4890,  0.410493
0.4895,  0.410375
0.4900,  0.410619
0.4905,  0.415459
0.4910,  0.391273
0.4915,  0.367324
0.4920,  0.367417
0.4925,  0.364925
0.4930,  0.358186
0.4935,  0.350288
0.4940,  0.382436
0.4945,  0.415598
0.4950,  0.379652
0.4955,  0.343958
0.4960,  0.359807
0.4965,  0.377908
0.4970,  0.379473
0.4975,  0.383576
0.4980,  0.352740
0.4985,  0.320726
0.4990,  0.349524
0.4995,  0.377442
0.5000,  0.356079
0.5005,  0.332892
0.5010,  0.325635
0.5015,  0.315644
0.5020,  0.335152
0.5025,  0.353138
0.5030,  0.362187
0.5035,  0.370388
0.5040,  0.354999
0.5045,  0.336438
0.5050,  0.357136
0.5055,  0.378396
0.5060,  0.366384
0.5065,  0.355802
0.5070,  0.343178
0.5075,  0.331102
0.5080,  0.334246
0.5085,  0.335365
0.5090,  0.332892
0.5095,  0.330425
0.5100,  0.335834
0.5105,  0.341137
0.5110,  0.351202
0.5115,  0.360891
0.5120,  0.332781
0.5125,  0.307416
0.5130,  0.312979
0.5135,  0.315677
0.5140,  0.323369
0.5145,  0.329197
0.5150,  0.335783
0.5155,  0.348936
0.5160,  0.308034
0.5165,  0.265516
0.5170,  0.293988
0.5175,  0.318663
0.5180,  0.303369
0.5185,  0.281843
0.5190,  0.320757
0.5195,  0.355895
0.5200,  0.347258
0.5205,  0.339271
0.5210,  0.348603
0.5215,  0.358081
0.5220,  0.331949
0.5225,  0.307215
0.5230,  0.319906
0.5235,  0.329666
0.5240,  0.339081
0.5245,  0.350180
0.5250,  0.344858
0.5255,  0.344875
0.5260,  0.294436
0.5265,  0.237942
0.5270,  0.281347
0.5275,  0.316392
0.5280,  0.324531
0.5285,  0.330393
0.5290,  0.327034
0.5295,  0.324200
0.5300,  0.326846
0.5305,  0.328342
0.5310,  0.326716
0.5315,  0.332650
0.5320,  0.295166
0.5325,  0.255372
0.5330,  0.299143
0.5335,  0.336103
0.5340,  0.317661
0.5345,  0.298277
0.5350,  0.323335
0.5355,  0.347398
0.5360,  0.319526
0.5365,  0.293798
0.5370,  0.297096
0.5375,  0.300540
0.5380,  0.307920
0.5385,  0.319050
0.5390,  0.307900
0.5395,  0.299116
0.5400,  0.291241
0.5405,  0.279619
0.5410,  0.306262
0.5415,  0.330259
0.5420,  0.313317
0.5425,  0.296975
0.5430,  0.308096
0.5435,  0.317324
0.5440,  0.314899
0.5445,  0.313719
0.5450,  0.320238
0.5455,  0.324638
0.5460,  0.318270
0.5465,  0.312261
0.5470,  0.301469
0.5475,  0.291930
0.5480,  0.300252
0.5485,  0.306279
0.5490,  0.310874
0.5495,  0.316337
0.5500,  0.308770
0.5505,  0.301870
0.5510,  0.303723
0.5515,  0.306873
0.5520,  0.305068
0.5525,  0.300306
0.5530,  0.310275
0.5535,  0.317848
0.5540,  0.317621
0.5545,  0.318544
0.5550,  0.319185
0.5555,  0.320438
0.5560,  0.304631
0.5565,  0.290381
0.5570,  0.300374
0.5575,  0.312050
0.5580,  0.303498
0.5585,  0.295769
0.5590,  0.305378
0.5595,  0.312117
0.5600,  0.318093
0.5605,  0.323180
0.5610,  0.317991
0.5615,  0.310268
0.5620,  0.314176
0.5625,  0.319840
0.5630,  0.322920
0.5635,  0.324979
0.5640,  0.322538
0.5645,  0.323445
0.5650,  0.315668
0.5655,  0.305664
0.5660,  0.313457
0.5665,  0.319769
0.5670,  0.331504
0.5675,  0.343892
0.5680,  0.325331
0.5685,  0.306936
0.5690,  0.318472
0.5695,  0.332740
0.5700,  0.314679
0.5705,  0.294472
0.5710,  0.308102
0.5715,  0.316110
0.5720,  0.326745
0.5725,  0.337737
0.5730,  0.329889
0.5735,  0.323963
0.5740,  0.321592
0.5745,  0.320366
0.5750,  0.313178
0.5755,  0.303829
0.5760,  0.307111
0.5765,  0.310607
0.5770,  0.313893
0.5775,  0.320478
0.5780,  0.304104
0.5785,  0.285824
0.5790,  0.296926
0.5795,  0.307274
0.5800,  0.309348
0.5805,  0.311161
0.5810,  0.315085
0.5815,  0.317229
0.5820,  0.318327
0.5825,  0.317595
0.5830,  0.310071
0.5835,  0.306390
0.5840,  0.307209
0.5845,  0.311810
0.5850,  0.299952
0.5855,  0.286976
0.5860,  0.301235
0.5865,  0.314657
0.5870,  0.320784
0.5875,  0.330386
0.5880,  0.320287
0.5885,  0.313436
0.5890,  0.292289
0.5895,  0.262019
0.5900,  0.315983
0.5905,  0.364003
0.5910,  0.353224
0.5915,  0.339824
0.5920,  0.336024
0.5925,  0.335951
0.5930,  0.331346
0.5935,  0.334634
0.5940,  0.332100
0.5945,  0.326158
0.5950,  0.330640
0.5955,  0.331575
0.5960,  0.334189
0.5965,  0.337418
0.5970,  0.328899
0.5975,  0.321298
0.5980,  0.316460
0.5985,  0.312859
0.5990,  0.322304
0.5995,  0.329181
0.6000,  0.324046
0.6005,  0.321747
0.6010,  0.325494
0.6015,  0.323972
0.6020,  0.308610
0.6025,  0.295865
0.6030,  0.309044
0.6035,  0.323890
0.6040,  0.320995
0.6045,  0.319913
0.6050,  0.319359
0.6055,  0.316254
0.6060,  0.314279
0.6065,  0.311434
0.6070,  0.310200
0.6075,  0.311183
0.6080,  0.312408
0.6085,  0.312524
0.6090,  0.316838
0.6095,  0.320364
0.6100,  0.312985
0.6105,  0.305150
0.6110,  0.318758
0.6115,  0.330363
0.6120,  0.321294
0.6125,  0.312918
0.6130,  0.313472
0.6135,  0.309987
0.6140,  0.317759
0.6145,  0.326038
0.6150,  0.329290
0.6155,  0.331972
0.6160,  0.303765
0.6165,  0.272798
0.6170,  0.298031
0.6175,  0.325709
0.6180,  0.329873
0.6185,  0.333851
0.6190,  0.332915
0.6195,  0.329647
0.6200,  0.333235
0.6205,  0.336686
0.6210,  0.322830
0.6215,  0.310471
0.6220,  0.318596
0.6225,  0.329398
0.6230,  0.321952
0.6235,  0.316609
0.6240,  0.322107
0.6245,  0.326312
0.6250,  0.324340
0.6255,  0.318665
0.6260,  0.331714
0.6265,  0.347073
0.6270,  0.347765
0.6275,  0.351941
0.6280,  0.358704
0.6285,  0.366468
0.6290,  0.367956
0.6295,  0.367532
0.6300,  0.361736
0.6305,  0.351673
0.6310,  0.340964
0.6315,  0.338236
0.6320,  0.333552
0.6325,  0.334297
0.6330,  0.336327
0.6335,  0.338022
0.6340,  0.340577
0.6345,  0.342617
0.6350,  0.344056
0.6355,  0.342151
0.6360,  0.339563
0.6365,  0.331524
0.6370,  0.324906
0.6375,  0.321222
0.6380,  0.321665
0.6385,  0.324046
0.6390,  0.329572
0.6395,  0.331440
0.6400,  0.331521
0.6405,  0.333582
0.6410,  0.332005
0.6415,  0.332594
0.6420,  0.329626
0.6425,  0.324867
0.6430,  0.319975
0.6435,  0.319410
0.6440,  0.322430
0.6445,  0.330956
0.6450,  0.342508
0.6455,  0.347915
0.6460,  0.352957
0.6465,  0.356654
0.6470,  0.354380
0.6475,  0.349058
0.6480,  0.345500
0.6485,  0.340678
0.6490,  0.337819
0.6495,  0.347421
0.6500,  0.351016
0.6505,  0.353902
0.6510,  0.357904
0.6515,  0.356559
0.6520,  0.356613
0.6525,  0.352970
0.6530,  0.348078
0.6535,  0.336452
0.6540,  0.328579
0.6545,  0.330124
0.6550,  0.342747
0.6555,  0.348346
0.6560,  0.343043
0.6565,  0.324994
0.6570,  0.290654
0.6575,  0.298338
0.6580,  0.310551
0.6585,  0.324569
0.6590,  0.338180
0.6595,  0.333307
0.6600,  0.331309
0.6605,  0.326986
0.6610,  0.322154
0.6615,  0.313565
0.6620,  0.308661
0.6625,  0.306537
0.6630,  0.309725
0.6635,  0.316710
0.6640,  0.324269
0.6645,  0.325190
0.6650,  0.324452
0.6655,  0.320349
0.6660,  0.317028
0.6665,  0.311836
0.6670,  0.304564
0.6675,  0.309933
0.6680,  0.309753
0.6685,  0.311609
0.6690,  0.316323
0.6695,  0.317085
0.6700,  0.317658
0.6705,  0.318252
0.6710,  0.314469
0.6715,  0.315922
0.6720,  0.315944
0.6725,  0.314835
0.6730,  0.312217
0.6735,  0.308542
0.6740,  0.309345
0.6745,  0.305690
0.6750,  0.305228
0.6755,  0.309123
0.6760,  0.315780
0.6765,  0.318691
0.6770,  0.319258
0.6775,  0.319264
0.6780,  0.320638
0.6785,  0.322053
0.6790,  0.321651
0.6795,  0.319483
0.6800,  0.317262
0.6805,  0.315188
0.6810,  0.313908
0.6815,  0.314793
0.6820,  0.318914
0.6825,  0.323183
0.6830,  0.330583
0.6835,  0.332854
0.6840,  0.331079
0.6845,  0.330259
0.6850,  0.329868
0.6855,  0.343468
0.6860,  0.376319
0.6865,  0.419461
0.6870,  0.458692
0.6875,  0.479180
0.6880,  0.483074
0.6885,  0.480301
0.6890,  0.477889
0.6895,  0.468549
0.6900,  0.459146
0.6905,  0.442847
0.6910,  0.428267
0.6915,  0.423209
0.6920,  0.414974
0.6925,  0.412356
0.6930,  0.417638
0.6935,  0.417952
0.6940,  0.416292
0.6945,  0.413668
0.6950,  0.410672
0.6955,  0.405835
0.6960,  0.401577
0.6965,  0.398863
0.6970,  0.393329
0.6975,  0.393529
0.6980,  0.398518
0.6985,  0.404784
0.6990,  0.408945
0.6995,  0.405608
0.7000,  0.395487
0.7005,  0.395278
0.7010,  0.395268
0.7015,  0.402162
0.7020,  0.407628
0.7025,  0.413211
0.7030,  0.415211
0.7035,  0.413586
0.7040,  0.416141
0.7045,  0.414420
0.7050,  0.415502
0.7055,  0.412632
0.7060,  0.405198
0.7065,  0.397122
0.7070,  0.388312
0.7075,  0.383207
0.7080,  0.380182
0.7085,  0.379337
0.7090,  0.378068
0.7095,  0.377498
0.7100,  0.378103
0.7105,  0.376198
0.7110,  0.377339
0.7115,  0.380414
0.7120,  0.384443
0.7125,  0.383561
0.7130,  0.386912
0.7135,  0.386842
0.7140,  0.397597
0.7145,  0.409082
0.7150,  0.418964
0.7155,  0.435478
0.7160,  0.463783
0.7165,  0.494004
0.7170,  0.534769
0.7175,  0.574079
0.7180,  0.611728
0.7185,  0.638680
0.7190,  0.655307
0.7195,  0.669556
0.7200,  0.657085
0.7205,  0.629822
0.7210,  0.597404
0.7215,  0.563043
0.7220,  0.552639
0.7225,  0.552675
0.7230,  0.568138
0.7235,  0.586345
0.7240,  0.606793
0.7245,  0.622852
0.7250,  0.630872
0.7255,  0.631592
0.7260,  0.633015
0.7265,  0.636744
0.7270,  0.636176
0.7275,  0.628167
0.7280,  0.621781
0.7285,  0.615834
0.7290,  0.608029
0.7295,  0.604770
0.7300,  0.598692
0.7305,  0.589012
0.7310,  0.578902
0.7315,  0.566295
0.7320,  0.553177
0.7325,  0.536760
0.7330,  0.518166
0.7335,  0.492431
0.7340,  0.479107
0.7345,  0.472978
0.7350,  0.469450
0.7355,  0.465664
0.7360,  0.463922
0.7365,  0.459586
0.7370,  0.457684
0.7375,  0.453407
0.7380,  0.451200
0.7385,  0.450582
0.7390,  0.449111
0.7395,  0.449712
0.7400,  0.444752
0.7405,  0.436047
0.7410,  0.427566
0.7415,  0.432749
0.7420,  0.429956
0.7425,  0.426928
0.7430,  0.426761
0.7435,  0.425732
0.7440,  0.423468
0.7445,  0.418631
0.7450,  0.416629
0.7455,  0.413914
0.7460,  0.412943
0.7465,  0.408442
0.7470,  0.412703
0.7475,  0.407825
0.7480,  0.408062
0.7485,  0.407785
0.7490,  0.408528
0.7495,  0.411889
0.7500,  0.417471
0.7505,  0.422837
0.7510,  0.424070
0.7515,  0.429735
0.7520,  0.424464
0.7525,  0.424661
0.7530,  0.413165
0.7535,  0.407883
0.7540,  0.405420
0.7545,  0.405026
0.7550,  0.408042
0.7555,  0.414558
0.7560,  0.421768
0.7565,  0.430082
0.7570,  0.433720
0.7575,  0.438243
0.7580,  0.457588
0.7585,  0.515568
0.7590,  0.631096
0.7595,  0.812860
0.7600,  1.062193
0.7605,  1.287337
0.7610,  1.405570
0.7615,  1.393239
0.7620,  1.340366
0.7625,  1.314034
0.7630,  1.313638
0.7635,  1.287432
0.7640,  1.230668
0.7645,  1.131532
0.7650,  1.010031
0.7655,  0.901765
0.7660,  0.805770
0.7665,  0.719009
0.7670,  0.648317
0.7675,  0.606227
0.7680,  0.575613
0.7685,  0.550029
0.7690,  0.531117
0.7695,  0.517373
0.7700,  0.499100
0.7705,  0.485613
0.7710,  0.475834
0.7715,  0.471897
0.7720,  0.470519
0.7725,  0.466920
0.7730,  0.462151
0.7735,  0.461702
0.7740,  0.462829
0.7745,  0.459153
0.7750,  0.457164
0.7755,  0.453531
0.7760,  0.454600
0.7765,  0.453989
0.7770,  0.452088
0.7775,  0.451639
0.7780,  0.454991
0.7785,  0.455742
0.7790,  0.449603
0.7795,  0.454909
0.7800,  0.462837
0.7805,  0.472658
0.7810,  0.478261
0.7815,  0.484501
0.7820,  0.479441
0.7825,  0.467066
0.7830,  0.463412
0.7835,  0.468148
0.7840,  0.466557
0.7845,  0.470597
0.7850,  0.479935
0.7855,  0.480961
0.7860,  0.481496
0.7865,  0.487980
0.7870,  0.486168
0.7875,  0.489719
0.7880,  0.503880
0.7885,  0.508436
0.7890,  0.513050
0.7895,  0.526679
0.7900,  0.540690
0.7905,  0.556317
0.7910,  0.551239
0.7915,  0.547698
0.7920,  0.547551
0.7925,  0.549888
0.7930,  0.547238
0.7935,  0.543632
0.7940,  0.523812
0.7945,  0.507339
0.7950,  0.503040
0.7955,  0.509601
0.7960,  0.523127
0.7965,  0.544613
0.7970,  0.551497
0.7975,  0.550946
0.7980,  0.552370
0.7985,  0.540615
0.7990,  0.533895
0.7995,  0.535503
0.8000,  0.539037
0.8005,  0.548034
0.8010,  0.558999
0.8015,  0.557650
0.8020,  0.557160
0.8025,  0.554118
0.8030,  0.551856
0.8035,  0.546371
0.8040,  0.540979
0.8045,  0.543817
0.8050,  0.541604
0.8055,  0.540380
0.8060,  0.541005
0.8065,  0.536659
0.8070,  0.537866
0.8075,  0.545347
0.8080,  0.548487
0.8085,  0.536319
0.8090,  0.541575
0.8095,  0.557947
0.8100,  0.575987
0.8105,  0.599528
0.8110,  0.616230
0.8115,  0.630171
0.8120,  0.655007
0.8125,  0.695048
0.8130,  0.740909
0.8135,  0.780930
0.8140,  0.806124
0.8145,  0.837257
0.8150,  0.878276
0.8155,  0.926122
0.8160,  0.967829
0.8165,  0.980874
0.8170,  0.972508
0.8175,  0.963364
0.8180,  0.956553
0.8185,  0.947836
0.8190,  0.918635
0.8195,  0.890611
0.8200,  0.856345
0.8205,  0.817305
0.8210,  0.796810
0.8215,  0.811122
0.8220,  0.866033
0.8225,  0.912057
0.8230,  0.946589
0.8235,  0.928395
0.8240,  0.879595
0.8245,  0.837376
0.8250,  0.806231
0.8255,  0.789231
0.8260,  0.778898
0.8265,  0.767638
0.8270,  0.790554
0.8275,  0.810309
0.8280,  0.836125
0.8285,  0.839822
0.8290,  0.829658
0.8295,  0.811951
0.8300,  0.799283
0.8305,  0.799390
0.8310,  0.795803
0.8315,  0.799473
0.8320,  0.795779
0.8325,  0.798157
0.8330,  0.795829
0.8335,  0.785129
0.8340,  0.768512
0.8345,  0.745762
0.8350,  0.730770
0.8355,  0.718743
0.8360,  0.716998
0.8365,  0.697660
0.8370,  0.686220
0.8375,  0.675170
0.8380,  0.658341
0.8385,  0.644903
0.8390,  0.648214
0.8395,  0.646887
0.8400,  0.637612
0.8405,  0.646088
0.8410,  0.668241
0.8415,  0.665982
0.8420,  0.671577
0.8425,  0.667776
0.8430,  0.668862
0.8435,  0.671600
0.8440,  0.661449
0.8445,  0.660910
0.8450,  0.651352
0.8455,  0.646324
0.8460,  0.658369
0.8465,  0.678014
0.8470,  0.688560
0.8475,  0.707102
0.8480,  0.698983
0.8485,  0.687885
0.8490,  0.704311
0.8495,  0.722741
0.8500,  0.710177
0.8505,  0.707522
0.8510,  0.701642
0.8515,  0.721119
0.8520,  0.726078
0.8525,  0.728150
0.8530,  0.723133
0.8535,  0.736750
0.8540,  0.748992
0.8545,  0.772125
0.8550,  0.778018
0.8555,  0.769533
0.8560,  0.748016
0.8565,  0.727110
0.8570,  0.725193
0.8575,  0.710029
0.8580,  0.713031
0.8585,  0.714696
0.8590,  0.724399
0.8595,  0.734228
0.8600,  0.746220
0.8605,  0.746164
0.8610,  0.730671
0.8615,  0.729692
0.8620,  0.729332
0.8625,  0.735386
0.8630,  0.752875
0.8635,  0.759074
0.8640,  0.758570
0.8645,  0.762077
0.8650,  0.788272
0.8655,  0.817422
0.8660,  0.834474
0.8665,  0.831809
0.8670,  0.840715
0.8675,  0.839653
0.8680,  0.816147
0.8685,  0.816452
0.8690,  0.800914
0.8695,  0.806430
0.8700,  0.803238
0.8705,  0.790924
0.8710,  0.787616
0.8715,  0.788411
0.8720,  0.806424
0.8725,  0.837180
0.8730,  0.849883
0.8735,  0.865052
0.8740,  0.882577
0.8745,  0.905547
0.8750,  0.885114
0.8755,  0.888359
0.8760,  0.898970
0.8765,  0.899927
0.8770,  0.904655
0.8775,  0.906023
0.8780,  0.911514
0.8785,  0.899349
0.8790,  0.926405
0.8795,  0.942088
0.8800,  0.967193
0.8805,  0.954570
0.8810,  0.929670
0.8815,  0.931729
0.8820,  0.918779
0.8825,  0.939740
0.8830,  0.963732
0.8835,  0.974144
0.8840,  0.982255
0.8845,  1.003144
0.8850,  1.015392
0.8855,  1.007939
0.8860,  1.003450
0.8865,  1.004805
0.8870,  0.988528
0.8875,  0.989579
0.8880,  0.992798
0.8885,  0.961130
0.8890,  0.938070
0.8895,  0.970203
0.8900,  1.001853
