0.3500,  0.413526
0.3505,  0.479395
0.3510,  0.446594
0.3515,  0.424054
0.3520,  0.390541
0.3525,  0.348259
0.3530,  0.391676
0.3535,  0.425727
0.3540,  0.422435
0.3545,  0.445480
0.3550,  0.416527
0.3555,  0.395562
0.3560,  0.349197
0.3565,  0.316820
0.3570,  0.285591
0.3575,  0.258672
0.3580,  0.224139
0.3585,  0.173806
0.3590,  0.352049
0.3595,  0.493104
0.3600,  0.468465
0.3605,  0.447274
0.3610,  0.393848
0.3615,  0.342475
0.3620,  0.378858
0.3625,  0.416486
0.3630,  0.396344
0.3635,  0.374989
0.3640,  0.361424
0.3645,  0.340918
0.3650,  0.366811
0.3655,  0.394873
0.3660,  0.401602
0.3665,  0.417719
0.3670,  0.384822
0.3675,  0.358173
0.3680,  0.316654
0.3685,  0.273805
0.3690,  0.313623
0.3695,  0.354606
0.3700,  0.321591
0.3705,  0.287579
0.3710,  0.307362
0.3715,  0.334772
0.3720,  0.307543
0.3725,  0.278897
0.3730,  0.249308
0.3735,  0.218700
0.3740,  0.239107
0.3745,  0.252483
0.3750,  0.337092
0.3755,  0.398130
0.3760,  0.383355
0.3765,  0.360200
0.3770,  0.404105
0.3775,  0.448130
0.3780,  0.441774
0.3785,  0.441678
0.3790,  0.340605
0.3795,  0.231520
0.3800,  0.286705
0.3805,  0.345582
0.3810,  0.314545
0.3815,  0.296417
0.3820,  0.214112
0.3825,  0.112518
0.3830,  0.095577
0.3835,  0.065258
0.3840,  0.241389
0.3845,  0.371761
0.3850,  0.383140
0.3855,  0.393832
0.3860,  0.376597
0.3865,  0.361898
0.3870,  0.353564
0.3875,  0.347339
0.3880,  0.328778
0.3885,  0.301499
0.3890,  0.356825
0.3895,  0.398774
0.3900,  0.390706
0.3905,  0.381402
0.3910,  0.385513
0.3915,  0.410014
0.3920,  0.309918
0.3925,  0.212552
0.3930,  0.042631
0.3935,  -0.197833
0.3940,  0.115554
0.3945,  0.332464
0.3950,  0.434468
0.3955,  0.528689
0.3960,  0.363033
0.3965,  0.158202
0.3970,  0.181643
0.3975,  0.178040
0.3980,  0.367820
0.3985,  0.492514
0.3990,  0.461721
0.3995,  0.440193
0.4000,  0.399260
0.4005,  0.363698
0.4010,  0.346825
0.4015,  0.334393
0.4020,  0.311925
0.4025,  0.299129
0.4030,  0.272916
0.4035,  0.247851
0.4040,  0.239974
0.4045,  0.236723
0.4050,  0.237031
0.4055,  0.238225
0.4060,  0.222431
0.4065,  0.207821
0.4070,  0.221640
0.4075,  0.233178
0.4080,  0.262505
0.4085,  0.289221
0.4090,  0.282923
0.4095,  0.275087
0.4100,  0.224877
0.4105,  0.169229
0.4110,  0.239859
0.4115,  0.302142
0.4120,  0.283188
0.4125,  0.263912
0.4130,  0.248913
0.4135,  0.237179
0.4140,  0.227972
0.4145,  0.217082
0.4150,  0.213493
0.4155,  0.209283
0.4160,  0.232272
0.4165,  0.261826
0.4170,  0.225387
0.4175,  0.179968
0.4180,  0.183557
0.4185,  0.191302
0.4190,  0.197137
0.4195,  0.200051
0.4200,  0.216301
0.4205,  0.234667
0.4210,  0.245517
0.4215,  0.256312
0.4220,  0.208735
0.4225,  0.155780
0.4230,  0.190360
0.4235,  0.228671
0.4240,  0.236896
0.4245,  0.248501
0.4250,  0.233796
0.4255,  0.215915
0.4260,  0.220230
0.4265,  0.227502
0.4270,  0.194206
0.4275,  0.167560
0.4280,  0.180661
0.4285,  0.201581
0.4290,  0.191345
0.4295,  0.182244
0.4300,  0.099783
0.4305,  -0.010156
0.4310,  0.188895
0.4315,  0.335963
0.4320,  0.302613
0.4325,  0.266116
0.4330,  0.266979
0.4335,  0.270780
0.4340,  0.242630
0.4345,  0.216912
0.4350,  0.215890
0.4355,  0.215175
0.4360,  0.256553
0.4365,  0.295558
0.4370,  0.260301
0.4375,  0.232615
0.4380,  0.179106
0.4385,  0.116836
0.4390,  0.185962
0.4395,  0.247996
0.4400,  0.218646
0.4405,  0.185771
0.4410,  0.232139
0.4415,  0.272459
0.4420,  0.269503
0.4425,  0.264874
0.4430,  0.235989
0.4435,  0.209776
0.4440,  0.218516
0.4445,  0.231591
0.4450,  0.198024
0.4455,  0.160289
0.4460,  0.174144
0.4465,  0.187547
0.4470,  0.225552
0.4475,  0.260490
0.4480,  0.235551
0.4485,  0.205589
0.4490,  0.211592
0.4495,  0.214831
0.4500,  0.231392
0.4505,  0.245513
0.4510,  0.230527
0.4515,  0.221516
0.4520,  0.187570
0.4525,  0.155948
0.4530,  0.168416
0.4535,  0.179413
0.4540,  0.189209
0.4545,  0.194365
0.4550,  0.204635
0.4555,  0.212935
0.4560,  0.215545
0.4565,  0.219334
0.4570,  0.220436
0.4575,  0.224787
0.4580,  0.197857
0.4585,  0.170454
0.4590,  0.183079
0.4595,  0.192784
0.4600,  0.198240
0.4605,  0.204331
0.4610,  0.206324
0.4615,  0.204865
0.4620,  0.211319
0.4625,  0.218579
0.4630,  0.202813
0.4635,  0.192105
0.4640,  0.182019
0.4645,  0.171578
0.4650,  0.194298
0.4655,  0.215556
0.4660,  0.191873
0.4665,  0.171509
0.4670,  0.199181
0.4675,  0.219299
0.4680,  0.212023
0.4685,  0.206952
0.4690,  0.207966
0.4695,  0.214087
0.4700,  0.194914
0.4705,  0.168810
0.4710,  0.200246
0.4715,  0.227849
0.4720,  0.225790
0.4725,  0.227742
0.4730,  0.216985
0.4735,  0.203328
0.4740,  0.212919
0.4745,  0.225001
0.4750,  0.217043
0.4755,  0.209371
0.4760,  0.197149
0.4765,  0.184092
0.4770,  0.210275
0.4775,  0.233796
0.4780,  0.215008
0.4785,  0.195948
0.4790,  0.208714
0.4795,  0.221523
0.4800,  0.209304
0.4805,  0.201501
0.4810,  0.215118
0.4815,  0.226253
0.4820,  0.210651
0.4825,  0.200406
0.4830,  0.201974
0.4835,  0.205469
0.4840,  0.200810
0.4845,  0.201644
0.4850,  0.185501
0.4855,  0.173307
0.4860,  0.141831
0.4865,  0.099886
0.4870,  0.158222
0.4875,  0.205158
0.4880,  0.215746
0.4885,  0.223354
0.4890,  0.220548
0.4895,  0.219761
0.4900,  0.221281
0.4905,  0.227832
0.4910,  0.200797
0.4915,  0.176475
0.4920,  0.177504
0.4925,  0.176360
0.4930,  0.171938
0.4935,  0.164954
0.4940,  0.198266
0.4945,  0.229627
0.4950,  0.194591
0.4955,  0.159430
0.4960,  0.180018
0.4965,  0.199527
0.4970,  0.201230
0.4975,  0.206237
0.4980,  0.174924
0.4985,  0.141162
0.4990,  0.168697
0.4995,  0.195514
0.5000,  0.173682
0.5005,  0.151298
0.5010,  0.145019
0.5015,  0.136062
0.5020,  0.156523
0.5025,  0.175716
0.5030,  0.185574
0.5035,  0.192989
0.5040,  0.176331
0.5045,  0.157431
0.5050,  0.178678
0.5055,  0.199957
0.5060,  0.187272
0.5065,  0.177160
0.5070,  0.166555
0.5075,  0.157107
0.5080,  0.161830
0.5085,  0.163466
0.5090,  0.161778
0.5095,  0.159959
0.5100,  0.166038
0.5105,  0.172408
0.5110,  0.182241
0.5115,  0.191605
0.5120,  0.163003
0.5125,  0.137029
0.5130,  0.140606
0.5135,  0.143333
0.5140,  0.150763
0.5145,  0.156175
0.5150,  0.165134
0.5155,  0.178674
0.5160,  0.138458
0.5165,  0.097158
0.5170,  0.127375
0.5175,  0.152487
0.5180,  0.137424
0.5185,  0.113162
0.5190,  0.148786
0.5195,  0.181667
0.5200,  0.171096
0.5205,  0.161598
0.5210,  0.172741
0.5215,  0.185418
0.5220,  0.163016
0.5225,  0.140992
0.5230,  0.155028
0.5235,  0.164744
0.5240,  0.171466
0.5245,  0.182483
0.5250,  0.176849
0.5255,  0.175785
0.5260,  0.125243
0.5265,  0.069965
0.5270,  0.114172
0.5275,  0.149400
0.5280,  0.158470
0.5285,  0.165050
0.5290,  0.161201
0.5295,  0.158784
0.5300,  0.160508
0.5305,  0.164862
0.5310,  0.164444
0.5315,  0.169148
0.5320,  0.130510
0.5325,  0.089003
0.5330,  0.131563
0.5335,  0.168944
0.5340,  0.150147
0.5345,  0.129680
0.5350,  0.155461
0.5355,  0.182210
0.5360,  0.155116
0.5365,  0.129926
0.5370,  0.135069
0.5375,  0.139888
0.5380,  0.149304
0.5385,  0.158057
0.5390,  0.146421
0.5395,  0.134219
0.5400,  0.123868
0.5405,  0.110781
0.5410,  0.138655
0.5415,  0.165093
0.5420,  0.151272
0.5425,  0.136787
0.5430,  0.147641
0.5435,  0.157723
0.5440,  0.155345
0.5445,  0.153692
0.5450,  0.157842
0.5455,  0.161445
0.5460,  0.155656
0.5465,  0.150162
0.5470,  0.140889
0.5475,  0.131092
0.5480,  0.138673
0.5485,  0.144705
0.5490,  0.151157
0.5495,  0.158645
0.5500,  0.152754
0.5505,  0.146831
0.5510,  0.149972
0.5515,  0.152784
0.5520,  0.147718
0.5525,  0.140663
0.5530,  0.147399
0.5535,  0.155931
0.5540,  0.157085
0.5545,  0.157977
0.5550,  0.159042
0.5555,  0.161526
0.5560,  0.147667
0.5565,  0.135405
0.5570,  0.146820
0.5575,  0.159344
0.5580,  0.150455
0.5585,  0.141962
0.5590,  0.147398
0.5595,  0.150335
0.5600,  0.153630
0.5605,  0.156981
0.5610,  0.151029
0.5615,  0.145514
0.5620,  0.149806
0.5625,  0.156019
0.5630,  0.160352
0.5635,  0.164482
0.5640,  0.163829
0.5645,  0.164488
0.5650,  0.156216
0.5655,  0.145437
0.5660,  0.152283
0.5665,  0.158140
0.5670,  0.169528
0.5675,  0.182681
0.5680,  0.164641
0.5685,  0.148587
0.5690,  0.165315
0.5695,  0.181097
0.5700,  0.163821
0.5705,  0.143293
0.5710,  0.154961
0.5715,  0.161043
0.5720,  0.170672
0.5725,  0.180444
0.5730,  0.172643
0.5735,  0.166075
0.5740,  0.162723
0.5745,  0.161435
0.5750,  0.153274
0.5755,  0.143988
0.5760,  0.147906
0.5765,  0.152972
0.5770,  0.157723
0.5775,  0.162665
0.5780,  0.146465
0.5785,  0.127425
0.5790,  0.136244
0.5795,  0.143577
0.5800,  0.142691
0.5805,  0.143583
0.5810,  0.146003
0.5815,  0.148731
0.5820,  0.153540
0.5825,  0.155133
0.5830,  0.150676
0.5835,  0.147602
0.5840,  0.149791
0.5845,  0.153963
0.5850,  0.139899
0.5855,  0.124683
0.5860,  0.139481
0.5865,  0.153162
0.5870,  0.161965
0.5875,  0.176417
0.5880,  0.169306
0.5885,  0.160754
0.5890,  0.137472
0.5895,  0.105716
0.5900,  0.159365
0.5905,  0.207616
0.5910,  0.196505
0.5915,  0.183864
0.5920,  0.181615
0.5925,  0.179806
0.5930,  0.174311
0.5935,  0.174397
0.5940,  0.170244
0.5945,  0.166531
0.5950,  0.170114
0.5955,  0.171118
0.5960,  0.172443
0.5965,  0.175363
0.5970,  0.168117
0.5975,  0.162102
0.5980,  0.156548
0.5985,  0.150957
0.5990,  0.157380
0.5995,  0.164865
0.6000,  0.161532
0.6005,  0.158682
0.6010,  0.163442
0.6015,  0.165139
0.6020,  0.154364
0.6025,  0.141018
0.6030,  0.153607
0.6035,  0.166824
0.6040,  0.162750
0.6045,  0.165629
0.6050,  0.165126
0.6055,  0.160574
0.6060,  0.156688
0.6065,  0.154616
0.6070,  0.156401
0.6075,  0.159402
0.6080,  0.159358
0.6085,  0.159447
0.6090,  0.163658
0.6095,  0.166791
0.6100,  0.157471
0.6105,  0.148282
0.6110,  0.158523
0.6115,  0.169173
0.6120,  0.159301
0.6125,  0.150536
0.6130,  0.148868
0.6135,  0.147526
0.6140,  0.159046
0.6145,  0.169255
0.6150,  0.170498
0.6155,  0.173768
0.6160,  0.149935
0.6165,  0.121724
0.6170,  0.148858
0.6175,  0.174650
0.6180,  0.179285
0.6185,  0.181445
0.6190,  0.180454
0.6195,  0.174041
0.6200,  0.179246
0.6205,  0.185153
0.6210,  0.173791
0.6215,  0.162073
0.6220,  0.168732
0.6225,  0.179410
0.6230,  0.171967
0.6235,  0.166862
0.6240,  0.173076
0.6245,  0.175317
0.6250,  0.169293
0.6255,  0.160049
0.6260,  0.173179
0.6265,  0.186918
0.6270,  0.188100
0.6275,  0.193580
0.6280,  0.198082
0.6285,  0.201952
0.6290,  0.201431
0.6295,  0.202442
0.6300,  0.200558
0.6305,  0.194640
0.6310,  0.185869
0.6315,  0.182242
0.6320,  0.177191
0.6325,  0.174497
0.6330,  0.175857
0.6335,  0.178509
0.6340,  0.181744
0.6345,  0.186003
0.6350,  0.190494
0.6355,  0.194497
0.6360,  0.195719
0.6365,  0.190703
0.6370,  0.183099
0.6375,  0.178088
0.6380,  0.177707
0.6385,  0.179637
0.6390,  0.183241
0.6395,  0.182395
0.6400,  0.182639
0.6405,  0.179703
0.6410,  0.174902
0.6415,  0.173602
0.6420,  0.170554
0.6425,  0.168833
0.6430,  0.167700
0.6435,  0.169264
0.6440,  0.170826
0.6445,  0.176252
0.6450,  0.185009
0.6455,  0.190008
0.6460,  0.193870
0.6465,  0.195210
0.6470,  0.194519
0.6475,  0.190502
0.6480,  0.192691
0.6485,  0.191295
0.6490,  0.187410
0.6495,  0.191727
0.6500,  0.194851
0.6505,  0.199148
0.6510,  0.205533
0.6515,  0.203408
0.6520,  0.199007
0.6525,  0.194015
0.6530,  0.190243
0.6535,  0.179854
0.6540,  0.176371
0.6545,  0.182313
0.6550,  0.194471
0.6555,  0.197961
0.6560,  0.191756
0.6565,  0.169188
0.6570,  0.132652
0.6575,  0.141703
0.6580,  0.151119
0.6585,  0.162970
0.6590,  0.179226
0.6595,  0.173549
0.6600,  0.165403
0.6605,  0.158784
0.6610,  0.156812
0.6615,  0.154080
0.6620,  0.153770
0.6625,  0.156267
0.6630,  0.158188
0.6635,  0.164186
0.6640,  0.164662
0.6645,  0.166185
0.6650,  0.167708
0.6655,  0.163882
0.6660,  0.159517
0.6665,  0.154840
0.6670,  0.150522
0.6675,  0.154496
0.6680,  0.155477
0.6685,  0.158026
0.6690,  0.160872
0.6695,  0.157037
0.6700,  0.154605
0.6705,  0.153954
0.6710,  0.154811
0.6715,  0.158405
0.6720,  0.156758
0.6725,  0.157237
0.6730,  0.158247
0.6735,  0.155920
0.6740,  0.155334
0.6745,  0.152093
0.6750,  0.150440
0.6755,  0.152920
0.6760,  0.156932
0.6765,  0.162344
0.6770,  0.167790
0.6775,  0.170456
0.6780,  0.167700
0.6785,  0.162396
0.6790,  0.158105
0.6795,  0.158333
0.6800,  0.159332
0.6805,  0.157549
0.6810,  0.157382
0.6815,  0.160340
0.6820,  0.167066
0.6825,  0.169772
0.6830,  0.171156
0.6835,  0.173260
0.6840,  0.171955
0.6845,  0.172158
0.6850,  0.176546
0.6855,  0.195600
0.6860,  0.227732
0.6865,  0.265861
0.6870,  0.297881
0.6875,  0.310944
0.6880,  0.311401
0.6885,  0.303392
0.6890,  0.295321
0.6895,  0.286453
0.6900,  0.279940
0.6905,  0.271937
0.6910,  0.266571
0.6915,  0.258056
0.6920,  0.252773
0.6925,  0.252175
0.6930,  0.255545
0.6935,  0.253888
0.6940,  0.252139
0.6945,  0.250297
0.6950,  0.248629
0.6955,  0.241389
0.6960,  0.231448
0.6965,  0.225978
0.6970,  0.218249
0.6975,  0.220640
0.6980,  0.228076
0.6985,  0.233355
0.6990,  0.238385
0.6995,  0.239423
0.7000,  0.237977
0.7005,  0.237355
0.7010,  0.236436
0.7015,  0.239901
0.7020,  0.238524
0.7025,  0.237005
0.7030,  0.232573
0.7035,  0.235913
0.7040,  0.237920
0.7045,  0.243454
0.7050,  0.248620
0.7055,  0.246009
0.7060,  0.243437
0.7065,  0.236996
0.7070,  0.230888
0.7075,  0.222162
0.7080,  0.216361
0.7085,  0.214153
0.7090,  0.214045
0.7095,  0.218094
0.7100,  0.215446
0.7105,  0.219050
0.7110,  0.221249
0.7115,  0.219228
0.7120,  0.218176
0.7125,  0.220141
0.7130,  0.218017
0.7135,  0.220758
0.7140,  0.228399
0.7145,  0.238696
0.7150,  0.248138
0.7155,  0.264305
0.7160,  0.292050
0.7165,  0.326799
0.7170,  0.369793
0.7175,  0.406600
0.7180,  0.438244
0.7185,  0.461301
0.7190,  0.473776
0.7195,  0.474311
0.7200,  0.460449
0.7205,  0.430092
0.7210,  0.394856
0.7215,  0.366499
0.7220,  0.364521
0.7225,  0.376586
0.7230,  0.396477
0.7235,  0.418088
0.7240,  0.435431
0.7245,  0.436136
0.7250,  0.439728
0.7255,  0.435401
0.7260,  0.430871
0.7265,  0.432764
0.7270,  0.432152
0.7275,  0.430119
0.7280,  0.438664
0.7285,  0.432064
0.7290,  0.422726
0.7295,  0.412774
0.7300,  0.400699
0.7305,  0.392894
0.7310,  0.390829
0.7315,  0.381369
0.7320,  0.366585
0.7325,  0.348805
0.7330,  0.329270
0.7335,  0.310730
0.7340,  0.296917
0.7345,  0.289126
0.7350,  0.284755
0.7355,  0.282464
0.7360,  0.279271
0.7365,  0.272602
0.7370,  0.274211
0.7375,  0.274398
0.7380,  0.271337
0.7385,  0.269072
0.7390,  0.263139
0.7395,  0.261821
0.7400,  0.256523
0.7405,  0.253739
0.7410,  0.250091
0.7415,  0.251417
0.7420,  0.248926
0.7425,  0.249280
0.7430,  0.247939
0.7435,  0.237704
0.7440,  0.234978
0.7445,  0.234692
0.7450,  0.235499
0.7455,  0.237618
0.7460,  0.236996
0.7465,  0.235535
0.7470,  0.235852
0.7475,  0.231263
0.7480,  0.227480
0.7485,  0.227471
0.7490,  0.229191
0.7495,  0.237729
0.7500,  0.245506
0.7505,  0.247917
0.7510,  0.245572
0.7515,  0.243962
0.7520,  0.240626
0.7525,  0.238174
0.7530,  0.233902
0.7535,  0.225057
0.7540,  0.224359
0.7545,  0.227026
0.7550,  0.236029
0.7555,  0.240121
0.7560,  0.245859
0.7565,  0.253473
0.7570,  0.261672
0.7575,  0.268822
0.7580,  0.293120
0.7585,  0.354650
0.7590,  0.466231
0.7595,  0.627974
0.7600,  0.809122
0.7605,  0.940014
0.7610,  0.979337
0.7615,  0.955001
0.7620,  0.922471
0.7625,  0.909707
0.7630,  0.895936
0.7635,  0.864501
0.7640,  0.811625
0.7645,  0.736880
0.7650,  0.665215
0.7655,  0.586367
0.7660,  0.513728
0.7665,  0.447001
0.7670,  0.391418
0.7675,  0.358720
0.7680,  0.333274
0.7685,  0.316743
0.7690,  0.310114
0.7695,  0.298343
0.7700,  0.292010
0.7705,  0.288511
0.7710,  0.282120
0.7715,  0.275499
0.7720,  0.275403
0.7725,  0.270420
0.7730,  0.271997
0.7735,  0.267165
0.7740,  0.273133
0.7745,  0.275769
0.7750,  0.280472
0.7755,  0.281807
0.7760,  0.279788
0.7765,  0.274735
0.7770,  0.265884
0.7775,  0.255525
0.7780,  0.249985
0.7785,  0.255987
0.7790,  0.258063
0.7795,  0.260992
0.7800,  0.267385
0.7805,  0.266626
0.7810,  0.267264
0.7815,  0.268329
0.7820,  0.265253
0.7825,  0.265667
0.7830,  0.271112
0.7835,  0.272408
0.7840,  0.270884
0.7845,  0.269842
0.7850,  0.273874
0.7855,  0.271982
0.7860,  0.277611
0.7865,  0.280653
0.7870,  0.287335
0.7875,  0.290075
0.7880,  0.299220
0.7885,  0.302740
0.7890,  0.304341
0.7895,  0.299925
0.7900,  0.295005
0.7905,  0.300167
0.7910,  0.306428
0.7915,  0.314761
0.7920,  0.322459
0.7925,  0.339381
0.7930,  0.338994
0.7935,  0.336818
0.7940,  0.322000
0.7945,  0.305472
0.7950,  0.298379
0.7955,  0.300739
0.7960,  0.305688
0.7965,  0.321584
0.7970,  0.327283
0.7975,  0.333412
0.7980,  0.331671
0.7985,  0.330196
0.7990,  0.320700
0.7995,  0.321440
0.8000,  0.332233
0.8005,  0.330524
0.8010,  0.332843
0.8015,  0.332474
0.8020,  0.322979
0.8025,  0.321927
0.8030,  0.333646
0.8035,  0.347169
0.8040,  0.344908
0.8045,  0.344151
0.8050,  0.344620
0.8055,  0.341823
0.8060,  0.331316
0.8065,  0.321305
0.8070,  0.316622
0.8075,  0.309565
0.8080,  0.317180
0.8085,  0.328526
0.8090,  0.346256
0.8095,  0.366461
0.8100,  0.390660
0.8105,  0.397936
0.8110,  0.398732
0.8115,  0.399712
0.8120,  0.405421
0.8125,  0.416594
0.8130,  0.443071
0.8135,  0.474741
0.8140,  0.506810
0.8145,  0.541390
0.8150,  0.590375
0.8155,  0.616246
0.8160,  0.619645
0.8165,  0.622325
0.8170,  0.626013
0.8175,  0.626589
0.8180,  0.611055
0.8185,  0.582748
0.8190,  0.558924
0.8195,  0.543852
0.8200,  0.524580
0.8205,  0.508816
0.8210,  0.508532
0.8215,  0.539927
0.8220,  0.580714
0.8225,  0.622482
0.8230,  0.630901
0.8235,  0.592956
0.8240,  0.548311
0.8245,  0.508292
0.8250,  0.487332
0.8255,  0.486262
0.8260,  0.508276
0.8265,  0.520819
0.8270,  0.523880
0.8275,  0.535871
0.8280,  0.551694
0.8285,  0.544188
0.8290,  0.526382
0.8295,  0.512184
0.8300,  0.501825
0.8305,  0.491563
0.8310,  0.488825
0.8315,  0.500988
0.8320,  0.506543
0.8325,  0.506874
0.8330,  0.504132
0.8335,  0.489515
0.8340,  0.469408
0.8345,  0.465573
0.8350,  0.454225
0.8355,  0.451406
0.8360,  0.438898
0.8365,  0.423949
0.8370,  0.424015
0.8375,  0.426832
0.8380,  0.423901
0.8385,  0.418909
0.8390,  0.418480
0.8395,  0.409538
0.8400,  0.397798
0.8405,  0.380421
0.8410,  0.376088
0.8415,  0.378764
0.8420,  0.374816
0.8425,  0.386881
0.8430,  0.392004
0.8435,  0.392941
0.8440,  0.380221
0.8445,  0.389872
0.8450,  0.390811
0.8455,  0.375717
0.8460,  0.366715
0.8465,  0.364855
0.8470,  0.367131
0.8475,  0.368184
0.8480,  0.373892
0.8485,  0.377559
0.8490,  0.384726
0.8495,  0.397769
0.8500,  0.382099
0.8505,  0.392941
0.8510,  0.391996
0.8515,  0.388290
0.8520,  0.395689
0.8525,  0.390000
0.8530,  0.396840
0.8535,  0.398324
0.8540,  0.398119
0.8545,  0.432477
0.8550,  0.429569
0.8555,  0.443243
0.8560,  0.447348
0.8565,  0.430368
0.8570,  0.429400
0.8575,  0.420847
0.8580,  0.425823
0.8585,  0.425959
0.8590,  0.425385
0.8595,  0.431624
0.8600,  0.417834
0.8605,  0.424625
0.8610,  0.413985
0.8615,  0.399101
0.8620,  0.384883
0.8625,  0.388439
0.8630,  0.392672
0.8635,  0.395802
0.8640,  0.410592
0.8645,  0.415640
0.8650,  0.416534
0.8655,  0.424468
0.8660,  0.407462
0.8665,  0.432028
0.8670,  0.455119
0.8675,  0.456478
0.8680,  0.450513
0.8685,  0.447902
0.8690,  0.451371
0.8695,  0.440223
0.8700,  0.452601
0.8705,  0.452646
0.8710,  0.459683
0.8715,  0.461617
0.8720,  0.492717
0.8725,  0.506805
0.8730,  0.495528
0.8735,  0.490535
0.8740,  0.491862
0.8745,  0.496977
0.8750,  0.492369
0.8755,  0.491310
0.8760,  0.491563
0.8765,  0.500876
0.8770,  0.510473
0.8775,  0.510540
0.8780,  0.504549
0.8785,  0.482013
0.8790,  0.475400
0.8795,  0.500106
0.8800,  0.516232
0.8805,  0.536279
0.8810,  0.524583
0.8815,  0.518853
0.8820,  0.499826
0.8825,  0.488981
0.8830,  0.505214
0.8835,  0.497783
0.8840,  0.505106
0.8845,  0.511249
0.8850,  0.516123
0.8855,  0.529819
0.8860,  0.546225
0.8865,  0.560178
0.8870,  0.552860
0.8875,  0.541136
0.8880,  0.517856
0.8885,  0.509686
0.8890,  0.527225
0.8895,  0.551744
0.8900,  0.566497
