0.3500,  1.326654
0.3505,  1.388116
0.3510,  1.323942
0.3515,  1.277797
0.3520,  1.225801
0.3525,  1.142987
0.3530,  1.160143
0.3535,  1.158422
0.3540,  1.149394
0.3545,  1.172849
0.3550,  1.152737
0.3555,  1.171691
0.3560,  1.147633
0.3565,  1.149132
0.3570,  1.163032
0.3575,  1.166996
0.3580,  1.108554
0.3585,  1.023135
0.3590,  1.190403
0.3595,  1.312812
0.3600,  1.292307
0.3605,  1.278167
0.3610,  1.231621
0.3615,  1.167281
0.3620,  1.197699
0.3625,  1.230408
0.3630,  1.177842
0.3635,  1.123036
0.3640,  1.076501
0.3645,  1.031455
0.3650,  1.047508
0.3655,  1.048235
0.3660,  1.031952
0.3665,  1.028071
0.3670,  0.985887
0.3675,  0.952966
0.3680,  0.903473
0.3685,  0.863476
0.3690,  0.908912
0.3695,  0.944405
0.3700,  0.914954
0.3705,  0.899617
0.3710,  0.929312
0.3715,  0.953235
0.3720,  0.926016
0.3725,  0.901889
0.3730,  0.879376
0.3735,  0.864681
0.3740,  0.901732
0.3745,  0.922742
0.3750,  1.009861
0.3755,  1.071018
0.3760,  1.037489
0.3765,  0.983345
0.3770,  0.996714
0.3775,  1.018835
0.3780,  1.000471
0.3785,  0.995262
0.3790,  0.892326
0.3795,  0.780713
0.3800,  0.832427
0.3805,  0.889080
0.3810,  0.865203
0.3815,  0.864841
0.3820,  0.811824
0.3825,  0.749567
0.3830,  0.758161
0.3835,  0.724293
0.3840,  0.901084
0.3845,  1.034488
0.3850,  1.032936
0.3855,  1.033220
0.3860,  1.011662
0.3865,  0.993637
0.3870,  0.982087
0.3875,  0.975836
0.3880,  0.958714
0.3885,  0.922887
0.3890,  0.966889
0.3895,  0.986524
0.3900,  0.948985
0.3905,  0.912426
0.3910,  0.899676
0.3915,  0.917005
0.3920,  0.818709
0.3925,  0.733545
0.3930,  0.585016
0.3935,  0.365226
0.3940,  0.703519
0.3945,  0.928318
0.3950,  1.026386
0.3955,  1.107964
0.3960,  0.931371
0.3965,  0.716052
0.3970,  0.723632
0.3975,  0.703623
0.3980,  0.876946
0.3985,  0.984775
0.3990,  0.940292
0.3995,  0.906429
0.4000,  0.853405
0.4005,  0.805969
0.4010,  0.779627
0.4015,  0.762347
0.4020,  0.737625
0.4025,  0.719042
0.4030,  0.678740
0.4035,  0.645011
0.4040,  0.632098
0.4045,  0.620681
0.4050,  0.617268
0.4055,  0.617479
0.4060,  0.601431
0.4065,  0.588457
0.4070,  0.608640
0.4075,  0.622990
0.4080,  0.653583
0.4085,  0.683661
0.4090,  0.678015
0.4095,  0.671902
0.4100,  0.622638
0.4105,  0.560664
0.4110,  0.621646
0.4115,  0.675055
0.4120,  0.649148
0.4125,  0.626185
0.4130,  0.609437
0.4135,  0.601875
0.4140,  0.599049
0.4145,  0.595453
0.4150,  0.599008
0.4155,  0.603523
0.4160,  0.628127
0.4165,  0.654291
0.4170,  0.609861
0.4175,  0.556483
0.4180,  0.562085
0.4185,  0.569255
0.4190,  0.572781
0.4195,  0.572050
0.4200,  0.589684
0.4205,  0.609108
0.4210,  0.619938
0.4215,  0.638720
0.4220,  0.594105
0.4225,  0.540448
0.4230,  0.578539
0.4235,  0.610297
0.4240,  0.612698
0.4245,  0.619055
0.4250,  0.602810
0.4255,  0.580216
0.4260,  0.582122
0.4265,  0.588045
0.4270,  0.562514
0.4275,  0.532673
0.4280,  0.545541
0.4285,  0.562902
0.4290,  0.551171
0.4295,  0.551289
0.4300,  0.469922
0.4305,  0.370347
0.4310,  0.575805
0.4315,  0.721582
0.4320,  0.679589
0.4325,  0.634717
0.4330,  0.625692
0.4335,  0.623640
0.4340,  0.589125
0.4345,  0.557825
0.4350,  0.561840
0.4355,  0.565922
0.4360,  0.607474
0.4365,  0.646666
0.4370,  0.609194
0.4375,  0.578727
0.4380,  0.521452
0.4385,  0.454492
0.4390,  0.523179
0.4395,  0.583218
0.4400,  0.548405
0.4405,  0.507878
0.4410,  0.549974
0.4415,  0.591820
0.4420,  0.595594
0.4425,  0.597795
0.4430,  0.571064
0.4435,  0.545540
0.4440,  0.553242
0.4445,  0.560004
0.4450,  0.518691
0.4455,  0.474383
0.4460,  0.488249
0.4465,  0.500303
0.4470,  0.536888
0.4475,  0.568006
0.4480,  0.538909
0.4485,  0.509113
0.4490,  0.515693
0.4495,  0.521698
0.4500,  0.534357
0.4505,  0.551982
0.4510,  0.542720
0.4515,  0.533262
0.4520,  0.501111
0.4525,  0.464956
0.4530,  0.473486
0.4535,  0.487097
0.4540,  0.496157
0.4545,  0.496893
0.4550,  0.505516
0.4555,  0.515913
0.4560,  0.520329
0.4565,  0.527119
0.4570,  0.528408
0.4575,  0.532521
0.4580,  0.503170
0.4585,  0.471886
0.4590,  0.478701
0.4595,  0.484816
0.4600,  0.489049
0.4605,  0.490247
0.4610,  0.489985
0.4615,  0.489694
0.4620,  0.499396
0.4625,  0.513203
0.4630,  0.504053
0.4635,  0.497621
0.4640,  0.488670
0.4645,  0.477328
0.4650,  0.494085
0.4655,  0.513092
0.4660,  0.484453
0.4665,  0.458851
0.4670,  0.481355
0.4675,  0.498703
0.4680,  0.490518
0.4685,  0.488704
0.4690,  0.493133
0.4695,  0.501039
0.4700,  0.479614
0.4705,  0.454204
0.4710,  0.487084
0.4715,  0.515416
0.4720,  0.513625
0.4725,  0.509515
0.4730,  0.494810
0.4735,  0.478237
0.4740,  0.483752
0.4745,  0.491579
0.4750,  0.480181
0.4755,  0.469501
0.4760,  0.454912
0.4765,  0.441598
0.4770,  0.470126
0.4775,  0.497330
0.4780,  0.479707
0.4785,  0.461581
0.4790,  0.472145
0.4795,  0.480839
0.4800,  0.464160
0.4805,  0.452533
0.4810,  0.459649
0.4815,  0.467809
0.4820,  0.452740
0.4825,  0.445286
0.4830,  0.449057
0.4835,  0.454447
0.4840,  0.451265
0.4845,  0.452635
0.4850,  0.436352
0.4855,  0.421020
0.4860,  0.386226
0.4865,  0.340239
0.4870,  0.395873
0.4875,  0.442495
0.4880,  0.452206
0.4885,  0.460019
0.4890,  0.458542
0.4895,  0.456952
0.4900,  0.457651
0.4905,  0.463110
0.4910,  0.436468
0.4915,  0.411721
0.4920,  0.413115
0.4925,  0.411416
0.4930,  0.403404
0.4935,  0.393004
0.4940,  0.426267
0.4945,  0.458517
0.4950,  0.421575
0.4955,  0.385621
0.4960,  0.404229
0.4965,  0.423667
0.4970,  0.424417
0.4975,  0.428745
0.4980,  0.396143
0.4985,  0.360742
0.4990,  0.389434
0.4995,  0.417817
0.5000,  0.396460
0.5005,  0.373463
0.5010,  0.366271
0.5015,  0.357431
0.5020,  0.378945
0.5025,  0.398311
0.5030,  0.408986
0.5035,  0.416878
0.5040,  0.399809
0.5045,  0.378308
0.5050,  0.400104
0.5055,  0.421907
0.5060,  0.407386
0.5065,  0.394410
0.5070,  0.382063
0.5075,  0.371332
0.5080,  0.374130
0.5085,  0.375291
0.5090,  0.373586
0.5095,  0.372651
0.5100,  0.378084
0.5105,  0.382479
0.5110,  0.392505
0.5115,  0.402642
0.5120,  0.373852
0.5125,  0.348182
0.5130,  0.353773
0.5135,  0.355024
0.5140,  0.361623
0.5145,  0.366754
0.5150,  0.377014
0.5155,  0.390987
0.5160,  0.349875
0.5165,  0.306831
0.5170,  0.337638
0.5175,  0.363634
0.5180,  0.347759
0.5185,  0.323914
0.5190,  0.362092
0.5195,  0.397232
0.5200,  0.388352
0.5205,  0.379006
0.5210,  0.387807
0.5215,  0.397046
0.5220,  0.371070
0.5225,  0.346229
0.5230,  0.360259
0.5235,  0.370998
0.5240,  0.379811
0.5245,  0.390768
0.5250,  0.386764
0.5255,  0.387869
0.5260,  0.335540
0.5265,  0.277748
0.5270,  0.322551
0.5275,  0.357534
0.5280,  0.365609
0.5285,  0.370344
0.5290,  0.365692
0.5295,  0.360960
0.5300,  0.362406
0.5305,  0.365091
0.5310,  0.365793
0.5315,  0.371115
0.5320,  0.332266
0.5325,  0.290942
0.5330,  0.335110
0.5335,  0.373245
0.5340,  0.354442
0.5345,  0.333656
0.5350,  0.360768
0.5355,  0.387648
0.5360,  0.359117
0.5365,  0.332077
0.5370,  0.336955
0.5375,  0.341419
0.5380,  0.346901
0.5385,  0.354313
0.5390,  0.341634
0.5395,  0.330784
0.5400,  0.322415
0.5405,  0.311937
0.5410,  0.342777
0.5415,  0.368811
0.5420,  0.352722
0.5425,  0.336267
0.5430,  0.346469
0.5435,  0.354672
0.5440,  0.351581
0.5445,  0.350717
0.5450,  0.356663
0.5455,  0.362002
0.5460,  0.355842
0.5465,  0.350061
0.5470,  0.340005
0.5475,  0.329973
0.5480,  0.337866
0.5485,  0.343812
0.5490,  0.350025
0.5495,  0.357482
0.5500,  0.349948
0.5505,  0.342558
0.5510,  0.344691
0.5515,  0.345351
0.5520,  0.339732
0.5525,  0.332768
0.5530,  0.341315
0.5535,  0.349208
0.5540,  0.351876
0.5545,  0.356071
0.5550,  0.357631
0.5555,  0.359437
0.5560,  0.344807
0.5565,  0.330959
0.5570,  0.340176
0.5575,  0.352918
0.5580,  0.344123
0.5585,  0.334533
0.5590,  0.341816
0.5595,  0.346128
0.5600,  0.353249
0.5605,  0.359509
0.5610,  0.354598
0.5615,  0.347996
0.5620,  0.352544
0.5625,  0.358627
0.5630,  0.361895
0.5635,  0.365653
0.5640,  0.365740
0.5645,  0.366826
0.5650,  0.356082
0.5655,  0.343202
0.5660,  0.347836
0.5665,  0.352416
0.5670,  0.364016
0.5675,  0.379627
0.5680,  0.361861
0.5685,  0.343201
0.5690,  0.357614
0.5695,  0.373947
0.5700,  0.356837
0.5705,  0.334352
0.5710,  0.343518
0.5715,  0.351756
0.5720,  0.362368
0.5725,  0.372141
0.5730,  0.364066
0.5735,  0.358673
0.5740,  0.357982
0.5745,  0.358347
0.5750,  0.352396
0.5755,  0.343167
0.5760,  0.346451
0.5765,  0.349555
0.5770,  0.353370
0.5775,  0.356687
0.5780,  0.338675
0.5785,  0.320531
0.5790,  0.329895
0.5795,  0.339449
0.5800,  0.341087
0.5805,  0.342939
0.5810,  0.347810
0.5815,  0.350391
0.5820,  0.353214
0.5825,  0.354162
0.5830,  0.347698
0.5835,  0.341705
0.5840,  0.340941
0.5845,  0.345942
0.5850,  0.332661
0.5855,  0.318761
0.5860,  0.334476
0.5865,  0.350706
0.5870,  0.360786
0.5875,  0.374948
0.5880,  0.366039
0.5885,  0.358442
0.5890,  0.333088
0.5895,  0.300423
0.5900,  0.357134
0.5905,  0.404438
0.5910,  0.393389
0.5915,  0.379808
0.5920,  0.375768
0.5925,  0.374849
0.5930,  0.368661
0.5935,  0.370856
0.5940,  0.369318
0.5945,  0.366304
0.5950,  0.369626
0.5955,  0.369261
0.5960,  0.371022
0.5965,  0.373190
0.5970,  0.364291
0.5975,  0.354683
0.5980,  0.347992
0.5985,  0.344965
0.5990,  0.356206
0.5995,  0.366021
0.6000,  0.362444
0.6005,  0.361474
0.6010,  0.367321
0.6015,  0.367890
0.6020,  0.353168
0.6025,  0.336710
0.6030,  0.346668
0.6035,  0.359624
0.6040,  0.355935
0.6045,  0.356102
0.6050,  0.354234
0.6055,  0.350081
0.6060,  0.348504
0.6065,  0.348188
0.6070,  0.350583
0.6075,  0.354595
0.6080,  0.355673
0.6085,  0.356587
0.6090,  0.362046
0.6095,  0.363559
0.6100,  0.352204
0.6105,  0.341048
0.6110,  0.353219
0.6115,  0.367146
0.6120,  0.360456
0.6125,  0.353480
0.6130,  0.354500
0.6135,  0.351123
0.6140,  0.362155
0.6145,  0.371974
0.6150,  0.373942
0.6155,  0.376092
0.6160,  0.346992
0.6165,  0.315496
0.6170,  0.339999
0.6175,  0.364944
0.6180,  0.370646
0.6185,  0.376591
0.6190,  0.376958
0.6195,  0.374928
0.6200,  0.383030
0.6205,  0.389374
0.6210,  0.376303
0.6215,  0.362731
0.6220,  0.367781
0.6225,  0.376945
0.6230,  0.366378
0.6235,  0.357507
0.6240,  0.363180
0.6245,  0.368648
0.6250,  0.368106
0.6255,  0.364224
0.6260,  0.380391
0.6265,  0.397263
0.6270,  0.395350
0.6275,  0.395716
0.6280,  0.400062
0.6285,  0.404730
0.6290,  0.404052
0.6295,  0.403354
0.6300,  0.398000
0.6305,  0.390506
0.6310,  0.382913
0.6315,  0.382897
0.6320,  0.379072
0.6325,  0.379718
0.6330,  0.380675
0.6335,  0.381903
0.6340,  0.385866
0.6345,  0.390311
0.6350,  0.391337
0.6355,  0.388678
0.6360,  0.382654
0.6365,  0.376321
0.6370,  0.371035
0.6375,  0.367805
0.6380,  0.368555
0.6385,  0.372478
0.6390,  0.379180
0.6395,  0.382134
0.6400,  0.382645
0.6405,  0.381970
0.6410,  0.376098
0.6415,  0.373532
0.6420,  0.370175
0.6425,  0.365765
0.6430,  0.363334
0.6435,  0.365937
0.6440,  0.371108
0.6445,  0.378380
0.6450,  0.391529
0.6455,  0.398210
0.6460,  0.404239
0.6465,  0.408704
0.6470,  0.406340
0.6475,  0.399921
0.6480,  0.393835
0.6485,  0.386569
0.6490,  0.382685
0.6495,  0.392471
0.6500,  0.398822
0.6505,  0.403177
0.6510,  0.410499
0.6515,  0.412397
0.6520,  0.412285
0.6525,  0.407537
0.6530,  0.402120
0.6535,  0.390059
0.6540,  0.383086
0.6545,  0.386522
0.6550,  0.398069
0.6555,  0.399662
0.6560,  0.394464
0.6565,  0.376973
0.6570,  0.343555
0.6575,  0.354276
0.6580,  0.367411
0.6585,  0.381454
0.6590,  0.394393
0.6595,  0.387029
0.6600,  0.376455
0.6605,  0.366862
0.6610,  0.362403
0.6615,  0.357224
0.6620,  0.354501
0.6625,  0.354464
0.6630,  0.359791
0.6635,  0.368202
0.6640,  0.372397
0.6645,  0.375147
0.6650,  0.375955
0.6655,  0.370483
0.6660,  0.362725
0.6665,  0.358309
0.6670,  0.353309
0.6675,  0.356663
0.6680,  0.353143
0.6685,  0.357364
0.6690,  0.364480
0.6695,  0.367922
0.6700,  0.373310
0.6705,  0.376917
0.6710,  0.375724
0.6715,  0.376935
0.6720,  0.377575
0.6725,  0.374645
0.6730,  0.368227
0.6735,  0.360167
0.6740,  0.357518
0.6745,  0.354041
0.6750,  0.355478
0.6755,  0.362715
0.6760,  0.372671
0.6765,  0.377944
0.6770,  0.380825
0.6775,  0.380457
0.6780,  0.379153
0.6785,  0.373684
0.6790,  0.371268
0.6795,  0.371140
0.6800,  0.371555
0.6805,  0.374532
0.6810,  0.374157
0.6815,  0.375609
0.6820,  0.380278
0.6825,  0.384647
0.6830,  0.389278
0.6835,  0.388826
0.6840,  0.390929
0.6845,  0.390437
0.6850,  0.393178
0.6855,  0.410718
0.6860,  0.445612
0.6865,  0.488370
0.6870,  0.528309
0.6875,  0.553817
0.6880,  0.560770
0.6885,  0.557099
0.6890,  0.555907
0.6895,  0.547201
0.6900,  0.530705
0.6905,  0.512073
0.6910,  0.493551
0.6915,  0.481832
0.6920,  0.477810
0.6925,  0.481714
0.6930,  0.490552
0.6935,  0.494831
0.6940,  0.500300
0.6945,  0.501430
0.6950,  0.495073
0.6955,  0.483596
0.6960,  0.473154
0.6965,  0.461695
0.6970,  0.449439
0.6975,  0.448778
0.6980,  0.459867
0.6985,  0.470581
0.6990,  0.478210
0.6995,  0.480392
0.7000,  0.477840
0.7005,  0.476233
0.7010,  0.476842
0.7015,  0.481405
0.7020,  0.481283
0.7025,  0.475261
0.7030,  0.473435
0.7035,  0.473708
0.7040,  0.478806
0.7045,  0.482572
0.7050,  0.487026
0.7055,  0.485494
0.7060,  0.485635
0.7065,  0.480085
0.7070,  0.472449
0.7075,  0.466588
0.7080,  0.465249
0.7085,  0.463084
0.7090,  0.459332
0.7095,  0.456644
0.7100,  0.457748
0.7105,  0.456293
0.7110,  0.463163
0.7115,  0.470705
0.7120,  0.471839
0.7125,  0.468732
0.7130,  0.468127
0.7135,  0.468709
0.7140,  0.475133
0.7145,  0.477306
0.7150,  0.483379
0.7155,  0.500993
0.7160,  0.540197
0.7165,  0.580886
0.7170,  0.629618
0.7175,  0.674833
0.7180,  0.719545
0.7185,  0.761124
0.7190,  0.776658
0.7195,  0.781423
0.7200,  0.756511
0.7205,  0.719146
0.7210,  0.682832
0.7215,  0.646068
0.7220,  0.643012
0.7225,  0.653623
0.7230,  0.675821
0.7235,  0.699025
0.7240,  0.723034
0.7245,  0.736058
0.7250,  0.742262
0.7255,  0.745212
0.7260,  0.746815
0.7265,  0.744407
0.7270,  0.736875
0.7275,  0.722523
0.7280,  0.717691
0.7285,  0.712114
0.7290,  0.709016
0.7295,  0.710619
0.7300,  0.705958
0.7305,  0.700361
0.7310,  0.688079
0.7315,  0.668703
0.7320,  0.644110
0.7325,  0.620138
0.7330,  0.594062
0.7335,  0.580206
0.7340,  0.572959
0.7345,  0.567458
0.7350,  0.567699
0.7355,  0.572694
0.7360,  0.571076
0.7365,  0.563122
0.7370,  0.556505
0.7375,  0.544740
0.7380,  0.538219
0.7385,  0.535828
0.7390,  0.534849
0.7395,  0.535818
0.7400,  0.530343
0.7405,  0.522817
0.7410,  0.519748
0.7415,  0.523621
0.7420,  0.524490
0.7425,  0.528775
0.7430,  0.527792
0.7435,  0.518482
0.7440,  0.508674
0.7445,  0.504083
0.7450,  0.501685
0.7455,  0.500161
0.7460,  0.495818
0.7465,  0.501685
0.7470,  0.512224
0.7475,  0.514359
0.7480,  0.517246
0.7485,  0.512851
0.7490,  0.506296
0.7495,  0.501730
0.7500,  0.500576
0.7505,  0.502647
0.7510,  0.508465
0.7515,  0.522826
0.7520,  0.526195
0.7525,  0.529650
0.7530,  0.521149
0.7535,  0.517254
0.7540,  0.508709
0.7545,  0.505362
0.7550,  0.505418
0.7555,  0.506234
0.7560,  0.512620
0.7565,  0.520714
0.7570,  0.528513
0.7575,  0.542060
0.7580,  0.575155
0.7585,  0.648881
0.7590,  0.798513
0.7595,  1.030850
0.7600,  1.318435
0.7605,  1.565205
0.7610,  1.651168
0.7615,  1.608795
0.7620,  1.536006
0.7625,  1.508809
0.7630,  1.509244
0.7635,  1.458658
0.7640,  1.386656
0.7645,  1.275111
0.7650,  1.159102
0.7655,  1.037730
0.7660,  0.936273
0.7665,  0.837300
0.7670,  0.749386
0.7675,  0.702912
0.7680,  0.670508
0.7685,  0.651787
0.7690,  0.639446
0.7695,  0.627672
0.7700,  0.609007
0.7705,  0.599192
0.7710,  0.590713
0.7715,  0.584606
0.7720,  0.578807
0.7725,  0.574814
0.7730,  0.571714
0.7735,  0.569878
0.7740,  0.570305
0.7745,  0.566292
0.7750,  0.575548
0.7755,  0.580286
0.7760,  0.582818
0.7765,  0.590143
0.7770,  0.588678
0.7775,  0.589659
0.7780,  0.589746
0.7785,  0.586381
0.7790,  0.574985
0.7795,  0.575154
0.7800,  0.586493
0.7805,  0.596669
0.7810,  0.608193
0.7815,  0.622461
0.7820,  0.620541
0.7825,  0.613803
0.7830,  0.613593
0.7835,  0.607933
0.7840,  0.601210
0.7845,  0.595742
0.7850,  0.600327
0.7855,  0.604683
0.7860,  0.616699
0.7865,  0.627730
0.7870,  0.639967
0.7875,  0.653005
0.7880,  0.663814
0.7885,  0.666763
0.7890,  0.668509
0.7895,  0.671370
0.7900,  0.668112
0.7905,  0.676860
0.7910,  0.674795
0.7915,  0.672674
0.7920,  0.683044
0.7925,  0.704913
0.7930,  0.709090
0.7935,  0.700943
0.7940,  0.688125
0.7945,  0.680844
0.7950,  0.676176
0.7955,  0.682223
0.7960,  0.692541
0.7965,  0.699161
0.7970,  0.694977
0.7975,  0.686955
0.7980,  0.689221
0.7985,  0.689814
0.7990,  0.691045
0.7995,  0.705328
0.8000,  0.715516
0.8005,  0.713442
0.8010,  0.700276
0.8015,  0.694085
0.8020,  0.693527
0.8025,  0.698328
0.8030,  0.694536
0.8035,  0.707831
0.8040,  0.701945
0.8045,  0.708801
0.8050,  0.702110
0.8055,  0.708916
0.8060,  0.711367
0.8065,  0.712409
0.8070,  0.711534
0.8075,  0.717825
0.8080,  0.710412
0.8085,  0.709271
0.8090,  0.710893
0.8095,  0.736197
0.8100,  0.772808
0.8105,  0.805036
0.8110,  0.830046
0.8115,  0.841867
0.8120,  0.861843
0.8125,  0.895315
0.8130,  0.931741
0.8135,  0.973428
0.8140,  1.024294
0.8145,  1.087426
0.8150,  1.146842
0.8155,  1.200246
0.8160,  1.250236
0.8165,  1.265934
0.8170,  1.244906
0.8175,  1.224336
0.8180,  1.191507
0.8185,  1.181427
0.8190,  1.132669
0.8195,  1.105052
0.8200,  1.065986
0.8205,  1.034772
0.8210,  1.025497
0.8215,  1.068581
0.8220,  1.140959
0.8225,  1.216977
0.8230,  1.278896
0.8235,  1.235694
0.8240,  1.148589
0.8245,  1.080983
0.8250,  1.034990
0.8255,  1.007307
0.8260,  1.009005
0.8265,  0.999251
0.8270,  1.024804
0.8275,  1.073270
0.8280,  1.129010
0.8285,  1.121754
0.8290,  1.098010
0.8295,  1.074883
0.8300,  1.042255
0.8305,  1.043774
0.8310,  1.057970
0.8315,  1.084899
0.8320,  1.102555
0.8325,  1.132502
0.8330,  1.127861
0.8335,  1.082856
0.8340,  1.028760
0.8345,  0.980494
0.8350,  0.952085
0.8355,  0.946116
0.8360,  0.957263
0.8365,  0.953039
0.8370,  0.948664
0.8375,  0.960829
0.8380,  0.934300
0.8385,  0.924975
0.8390,  0.920896
0.8395,  0.902503
0.8400,  0.882616
0.8405,  0.877343
0.8410,  0.883419
0.8415,  0.903197
0.8420,  0.946326
0.8425,  0.971455
0.8430,  0.969001
0.8435,  0.975234
0.8440,  0.979844
0.8445,  0.938556
0.8450,  0.914449
0.8455,  0.881382
0.8460,  0.887580
0.8465,  0.914292
0.8470,  0.922688
0.8475,  0.910542
0.8480,  0.932788
0.8485,  0.956078
0.8490,  0.987163
0.8495,  1.004088
0.8500,  1.017562
0.8505,  1.014744
0.8510,  0.984617
0.8515,  1.004350
0.8520,  1.009972
0.8525,  1.010700
0.8530,  1.027900
0.8535,  1.066494
0.8540,  1.085485
0.8545,  1.143675
0.8550,  1.123667
0.8555,  1.068724
0.8560,  1.041750
0.8565,  1.023404
0.8570,  1.026355
0.8575,  1.006429
0.8580,  1.007765
0.8585,  1.011478
0.8590,  1.042098
0.8595,  1.076715
0.8600,  1.094217
0.8605,  1.100747
0.8610,  1.054385
0.8615,  1.030075
0.8620,  1.011934
0.8625,  1.038388
0.8630,  1.070152
0.8635,  1.088597
0.8640,  1.098228
0.8645,  1.147420
0.8650,  1.222542
0.8655,  1.303213
0.8660,  1.327140
0.8665,  1.309057
0.8670,  1.293010
0.8675,  1.271546
0.8680,  1.207598
0.8685,  1.188465
0.8690,  1.167188
0.8695,  1.185818
0.8700,  1.201110
0.8705,  1.185919
0.8710,  1.179056
0.8715,  1.178503
0.8720,  1.199738
0.8725,  1.240432
0.8730,  1.256423
0.8735,  1.287745
0.8740,  1.328249
0.8745,  1.357816
0.8750,  1.370457
0.8755,  1.385943
0.8760,  1.388656
0.8765,  1.395832
0.8770,  1.410310
0.8775,  1.418951
0.8780,  1.444914
0.8785,  1.373637
0.8790,  1.367389
0.8795,  1.412957
0.8800,  1.465551
0.8805,  1.472883
0.8810,  1.491747
0.8815,  1.526171
0.8820,  1.495805
0.8825,  1.500329
0.8830,  1.483986
0.8835,  1.450270
0.8840,  1.438889
0.8845,  1.481293
0.8850,  1.558263
0.8855,  1.601483
0.8860,  1.601587
0.8865,  1.618719
0.8870,  1.606763
0.8875,  1.613946
0.8880,  1.557060
0.8885,  1.535148
0.8890,  1.469921
0.8895,  1.491378
0.8900,  1.585436
