0.3500,  0.088889
0.3505,  0.148041
0.3510,  0.111321
0.3515,  0.073647
0.3520,  0.032949
0.3525,  -0.008777
0.3530,  0.043519
0.3535,  0.088281
0.3540,  0.115347
0.3545,  0.143355
0.3550,  0.122466
0.3555,  0.102264
0.3560,  0.064451
0.3565,  0.028959
0.3570,  -0.004747
0.3575,  -0.046721
0.3580,  -0.099187
0.3585,  -0.162626
0.3590,  0.005885
0.3595,  0.137492
0.3600,  0.123382
0.3605,  0.107971
0.3610,  0.055709
0.3615,  0.007803
0.3620,  0.056551
0.3625,  0.103574
0.3630,  0.099977
0.3635,  0.084977
0.3640,  0.071363
0.3645,  0.053480
0.3650,  0.081642
0.3655,  0.110158
0.3660,  0.122589
0.3665,  0.136951
0.3670,  0.110749
0.3675,  0.089428
0.3680,  0.056332
0.3685,  0.018122
0.3690,  0.067069
0.3695,  0.119239
0.3700,  0.093326
0.3705,  0.062418
0.3710,  0.082939
0.3715,  0.105111
0.3720,  0.071285
0.3725,  0.039153
0.3730,  0.002927
0.3735,  -0.035329
0.3740,  -0.024685
0.3745,  -0.018733
0.3750,  0.063083
0.3755,  0.122129
0.3760,  0.106582
0.3765,  0.084947
0.3770,  0.131392
0.3775,  0.179497
0.3780,  0.180880
0.3785,  0.189635
0.3790,  0.096506
0.3795,  -0.005574
0.3800,  0.053101
0.3805,  0.115536
0.3810,  0.091413
0.3815,  0.079047
0.3820,  0.002114
0.3825,  -0.098680
0.3830,  -0.127420
0.3835,  -0.178794
0.3840,  -0.025572
0.3845,  0.091729
0.3850,  0.096887
0.3855,  0.105621
0.3860,  0.092953
0.3865,  0.084689
0.3870,  0.078797
0.3875,  0.070425
0.3880,  0.049989
0.3885,  0.024641
0.3890,  0.080653
0.3895,  0.126128
0.3900,  0.127076
0.3905,  0.131222
0.3910,  0.154348
0.3915,  0.193876
0.3920,  0.106382
0.3925,  0.015486
0.3930,  -0.156925
0.3935,  -0.413600
0.3940,  -0.132932
0.3945,  0.064324
0.3950,  0.163442
0.3955,  0.263805
0.3960,  0.102827
0.3965,  -0.102889
0.3970,  -0.087607
0.3975,  -0.097927
0.3980,  0.086427
0.3985,  0.210725
0.3990,  0.194553
0.3995,  0.192371
0.4000,  0.163922
0.4005,  0.136606
0.4010,  0.127365
0.4015,  0.123956
0.4020,  0.113073
0.4025,  0.109462
0.4030,  0.087381
0.4035,  0.065339
0.4040,  0.060298
0.4045,  0.061786
0.4050,  0.066188
0.4055,  0.070095
0.4060,  0.055780
0.4065,  0.037528
0.4070,  0.045505
0.4075,  0.050558
0.4080,  0.073302
0.4085,  0.097654
0.4090,  0.094659
0.4095,  0.093403
0.4100,  0.049258
0.4105,  -0.006131
0.4110,  0.060729
0.4115,  0.121412
0.4120,  0.106107
0.4125,  0.093180
0.4130,  0.083801
0.4135,  0.074038
0.4140,  0.068588
0.4145,  0.059412
0.4150,  0.054676
0.4155,  0.049197
0.4160,  0.071456
0.4165,  0.096488
0.4170,  0.057377
0.4175,  0.012882
0.4180,  0.018897
0.4185,  0.029821
0.4190,  0.040381
0.4195,  0.041997
0.4200,  0.053749
0.4205,  0.069266
0.4210,  0.077178
0.4215,  0.087748
0.4220,  0.043142
0.4225,  -0.005715
0.4230,  0.031379
0.4235,  0.065180
0.4240,  0.074082
0.4245,  0.085424
0.4250,  0.068008
0.4255,  0.052913
0.4260,  0.058964
0.4265,  0.074589
0.4270,  0.047392
0.4275,  0.019741
0.4280,  0.034087
0.4285,  0.049535
0.4290,  0.036836
0.4295,  0.024930
0.4300,  -0.060077
0.4305,  -0.175164
0.4310,  0.008103
0.4315,  0.140072
0.4320,  0.108211
0.4325,  0.078959
0.4330,  0.089977
0.4335,  0.100771
0.4340,  0.077036
0.4345,  0.053120
0.4350,  0.052085
0.4355,  0.047962
0.4360,  0.085803
0.4365,  0.126646
0.4370,  0.097172
0.4375,  0.074259
0.4380,  0.023144
0.4385,  -0.038268
0.4390,  0.027956
0.4395,  0.086692
0.4400,  0.056009
0.4405,  0.022008
0.4410,  0.065627
0.4415,  0.105089
0.4420,  0.106074
0.4425,  0.107195
0.4430,  0.083696
0.4435,  0.063487
0.4440,  0.076616
0.4445,  0.091619
0.4450,  0.060471
0.4455,  0.023766
0.4460,  0.039143
0.4465,  0.049641
0.4470,  0.083097
0.4475,  0.113905
0.4480,  0.086274
0.4485,  0.058304
0.4490,  0.062109
0.4495,  0.061923
0.4500,  0.078388
0.4505,  0.097390
0.4510,  0.090985
0.4515,  0.083380
0.4520,  0.055987
0.4525,  0.029349
0.4530,  0.039602
0.4535,  0.048954
0.4540,  0.057249
0.4545,  0.059985
0.4550,  0.067359
0.4555,  0.077727
0.4560,  0.082222
0.4565,  0.087929
0.4570,  0.089574
0.4575,  0.093857
0.4580,  0.067906
0.4585,  0.042948
0.4590,  0.052804
0.4595,  0.058539
0.4600,  0.062760
0.4605,  0.066906
0.4610,  0.065707
0.4615,  0.064232
0.4620,  0.074829
0.4625,  0.086604
0.4630,  0.072934
0.4635,  0.065320
0.4640,  0.058475
0.4645,  0.049051
0.4650,  0.068681
0.4655,  0.089977
0.4660,  0.065457
0.4665,  0.040062
0.4670,  0.062010
0.4675,  0.083703
0.4680,  0.079733
0.4685,  0.077931
0.4690,  0.082413
0.4695,  0.089633
0.4700,  0.071451
0.4705,  0.046235
0.4710,  0.073792
0.4715,  0.101282
0.4720,  0.099154
0.4725,  0.099368
0.4730,  0.089171
0.4735,  0.076662
0.4740,  0.086254
0.4745,  0.100053
0.4750,  0.095726
0.4755,  0.090435
0.4760,  0.077244
0.4765,  0.061807
0.4770,  0.085666
0.4775,  0.109013
0.4780,  0.092837
0.4785,  0.076978
0.4790,  0.090806
0.4795,  0.101564
0.4800,  0.088937
0.4805,  0.079857
0.4810,  0.092486
0.4815,  0.105019
0.4820,  0.092164
0.4825,  0.084558
0.4830,  0.088869
0.4835,  0.093441
0.4840,  0.092419
0.4845,  0.098771
0.4850,  0.090622
0.4855,  0.078278
0.4860,  0.042011
0.4865,  -0.008641
0.4870,  0.039297
0.4875,  0.081673
0.4880,  0.090734
0.4885,  0.097867
0.4890,  0.097358
0.4895,  0.099637
0.4900,  0.105636
0.4905,  0.117325
0.4910,  0.096624
0.4915,  0.076398
0.4920,  0.079722
0.4925,  0.078909
0.4930,  0.071460
0.4935,  0.061923
0.4940,  0.092835
0.4945,  0.125843
0.4950,  0.094697
0.4955,  0.062010
0.4960,  0.081470
0.4965,  0.101532
0.4970,  0.106511
0.4975,  0.113546
0.4980,  0.083566
0.4985,  0.051113
0.4990,  0.079289
0.4995,  0.107749
0.5000,  0.088554
0.5005,  0.068078
0.5010,  0.061862
0.5015,  0.051691
0.5020,  0.069677
0.5025,  0.087057
0.5030,  0.095423
0.5035,  0.102470
0.5040,  0.086194
0.5045,  0.065774
0.5050,  0.086304
0.5055,  0.110073
0.5060,  0.100533
0.5065,  0.094100
0.5070,  0.084518
0.5075,  0.072850
0.5080,  0.074636
0.5085,  0.076118
0.5090,  0.074731
0.5095,  0.074235
0.5100,  0.080333
0.5105,  0.085199
0.5110,  0.096301
0.5115,  0.108387
0.5120,  0.083830
0.5125,  0.061649
0.5130,  0.067229
0.5135,  0.068186
0.5140,  0.075480
0.5145,  0.080891
0.5150,  0.091385
0.5155,  0.111119
0.5160,  0.075723
0.5165,  0.035847
0.5170,  0.060830
0.5175,  0.077240
0.5180,  0.054547
0.5185,  0.026308
0.5190,  0.059912
0.5195,  0.092932
0.5200,  0.085376
0.5205,  0.078665
0.5210,  0.091466
0.5215,  0.105718
0.5220,  0.083098
0.5225,  0.058851
0.5230,  0.069815
0.5235,  0.079732
0.5240,  0.090120
0.5245,  0.105137
0.5250,  0.105382
0.5255,  0.110928
0.5260,  0.063983
0.5265,  0.007282
0.5270,  0.044784
0.5275,  0.073372
0.5280,  0.078452
0.5285,  0.084220
0.5290,  0.080378
0.5295,  0.076721
0.5300,  0.078606
0.5305,  0.083014
0.5310,  0.089106
0.5315,  0.100734
0.5320,  0.065265
0.5325,  0.024150
0.5330,  0.063705
0.5335,  0.098258
0.5340,  0.078156
0.5345,  0.057071
0.5350,  0.082885
0.5355,  0.110771
0.5360,  0.086347
0.5365,  0.062963
0.5370,  0.067450
0.5375,  0.071874
0.5380,  0.080656
0.5385,  0.090129
0.5390,  0.078839
0.5395,  0.067432
0.5400,  0.054663
0.5405,  0.039494
0.5410,  0.064509
0.5415,  0.088351
0.5420,  0.074192
0.5425,  0.061380
0.5430,  0.073148
0.5435,  0.082662
0.5440,  0.079078
0.5445,  0.078092
0.5450,  0.083675
0.5455,  0.088289
0.5460,  0.085174
0.5465,  0.082445
0.5470,  0.072645
0.5475,  0.062829
0.5480,  0.070315
0.5485,  0.075973
0.5490,  0.081632
0.5495,  0.087292
0.5500,  0.079142
0.5505,  0.071773
0.5510,  0.073691
0.5515,  0.077361
0.5520,  0.074837
0.5525,  0.071164
0.5530,  0.078974
0.5535,  0.086998
0.5540,  0.089922
0.5545,  0.091542
0.5550,  0.093350
0.5555,  0.095866
0.5560,  0.081596
0.5565,  0.068693
0.5570,  0.078815
0.5575,  0.090412
0.5580,  0.082158
0.5585,  0.073526
0.5590,  0.079405
0.5595,  0.080461
0.5600,  0.083843
0.5605,  0.087805
0.5610,  0.082642
0.5615,  0.077874
0.5620,  0.083489
0.5625,  0.089120
0.5630,  0.092020
0.5635,  0.095985
0.5640,  0.097456
0.5645,  0.098813
0.5650,  0.087933
0.5655,  0.073661
0.5660,  0.078824
0.5665,  0.084888
0.5670,  0.099174
0.5675,  0.115164
0.5680,  0.098487
0.5685,  0.082455
0.5690,  0.097878
0.5695,  0.113818
0.5700,  0.094012
0.5705,  0.069745
0.5710,  0.076433
0.5715,  0.080533
0.5720,  0.089900
0.5725,  0.102543
0.5730,  0.097890
0.5735,  0.096687
0.5740,  0.098939
0.5745,  0.099543
0.5750,  0.090948
0.5755,  0.080432
0.5760,  0.082986
0.5765,  0.086175
0.5770,  0.090588
0.5775,  0.098376
0.5780,  0.081435
0.5785,  0.062708
0.5790,  0.070801
0.5795,  0.078181
0.5800,  0.077791
0.5805,  0.077616
0.5810,  0.078743
0.5815,  0.080214
0.5820,  0.083487
0.5825,  0.086043
0.5830,  0.081174
0.5835,  0.080049
0.5840,  0.084787
0.5845,  0.090710
0.5850,  0.076512
0.5855,  0.059405
0.5860,  0.073338
0.5865,  0.090035
0.5870,  0.104849
0.5875,  0.124032
0.5880,  0.116289
0.5885,  0.103882
0.5890,  0.072034
0.5895,  0.029762
0.5900,  0.076584
0.5905,  0.122026
0.5910,  0.112510
0.5915,  0.102224
0.5920,  0.103222
0.5925,  0.104394
0.5930,  0.099598
0.5935,  0.100572
0.5940,  0.097701
0.5945,  0.092106
0.5950,  0.096576
0.5955,  0.098652
0.5960,  0.102731
0.5965,  0.106838
0.5970,  0.098567
0.5975,  0.091109
0.5980,  0.083015
0.5985,  0.077068
0.5990,  0.084732
0.5995,  0.094647
0.6000,  0.091147
0.6005,  0.089866
0.6010,  0.094238
0.6015,  0.092487
0.6020,  0.078045
0.6025,  0.064491
0.6030,  0.078957
0.6035,  0.095648
0.6040,  0.094932
0.6045,  0.096466
0.6050,  0.095435
0.6055,  0.091581
0.6060,  0.090134
0.6065,  0.089968
0.6070,  0.091278
0.6075,  0.092590
0.6080,  0.091653
0.6085,  0.092622
0.6090,  0.098171
0.6095,  0.101127
0.6100,  0.092138
0.6105,  0.080202
0.6110,  0.090424
0.6115,  0.102815
0.6120,  0.094195
0.6125,  0.085892
0.6130,  0.083572
0.6135,  0.082550
0.6140,  0.096579
0.6145,  0.109943
0.6150,  0.113731
0.6155,  0.116180
0.6160,  0.087461
0.6165,  0.054627
0.6170,  0.074917
0.6175,  0.095495
0.6180,  0.099150
0.6185,  0.105115
0.6190,  0.104917
0.6195,  0.102807
0.6200,  0.111475
0.6205,  0.119886
0.6210,  0.109873
0.6215,  0.099526
0.6220,  0.107038
0.6225,  0.114384
0.6230,  0.103913
0.6235,  0.096043
0.6240,  0.099747
0.6245,  0.101592
0.6250,  0.097448
0.6255,  0.090971
0.6260,  0.106808
0.6265,  0.123228
0.6270,  0.124520
0.6275,  0.126271
0.6280,  0.128091
0.6285,  0.130702
0.6290,  0.131063
0.6295,  0.130960
0.6300,  0.127918
0.6305,  0.122416
0.6310,  0.114659
0.6315,  0.112430
0.6320,  0.109357
0.6325,  0.108478
0.6330,  0.109972
0.6335,  0.110473
0.6340,  0.111829
0.6345,  0.114306
0.6350,  0.118439
0.6355,  0.118609
0.6360,  0.117587
0.6365,  0.114189
0.6370,  0.109622
0.6375,  0.105206
0.6380,  0.103413
0.6385,  0.103185
0.6390,  0.106026
0.6395,  0.105943
0.6400,  0.105791
0.6405,  0.105092
0.6410,  0.103784
0.6415,  0.105220
0.6420,  0.103391
0.6425,  0.099190
0.6430,  0.092396
0.6435,  0.090940
0.6440,  0.092296
0.6445,  0.099421
0.6450,  0.109177
0.6455,  0.115326
0.6460,  0.120680
0.6465,  0.121731
0.6470,  0.121081
0.6475,  0.117960
0.6480,  0.116803
0.6485,  0.109755
0.6490,  0.101770
0.6495,  0.105130
0.6500,  0.109135
0.6505,  0.115333
0.6510,  0.125238
0.6515,  0.124772
0.6520,  0.123894
0.6525,  0.123221
0.6530,  0.122683
0.6535,  0.117061
0.6540,  0.118632
0.6545,  0.127739
0.6550,  0.137356
0.6555,  0.128585
0.6560,  0.105222
0.6565,  0.070428
0.6570,  0.030227
0.6575,  0.042480
0.6580,  0.058908
0.6585,  0.079269
0.6590,  0.097692
0.6595,  0.094510
0.6600,  0.090891
0.6605,  0.086165
0.6610,  0.086089
0.6615,  0.083262
0.6620,  0.081429
0.6625,  0.079991
0.6630,  0.080419
0.6635,  0.082124
0.6640,  0.087119
0.6645,  0.090782
0.6650,  0.094387
0.6655,  0.093726
0.6660,  0.091291
0.6665,  0.085310
0.6670,  0.078376
0.6675,  0.076704
0.6680,  0.074639
0.6685,  0.074591
0.6690,  0.077282
0.6695,  0.076654
0.6700,  0.080279
0.6705,  0.085174
0.6710,  0.087448
0.6715,  0.089742
0.6720,  0.089963
0.6725,  0.089563
0.6730,  0.086414
0.6735,  0.081258
0.6740,  0.079389
0.6745,  0.077038
0.6750,  0.077896
0.6755,  0.081502
0.6760,  0.083194
0.6765,  0.083028
0.6770,  0.084586
0.6775,  0.086163
0.6780,  0.087262
0.6785,  0.088017
0.6790,  0.089333
0.6795,  0.087465
0.6800,  0.084624
0.6805,  0.082680
0.6810,  0.079975
0.6815,  0.075763
0.6820,  0.076530
0.6825,  0.080643
0.6830,  0.089019
0.6835,  0.096168
0.6840,  0.099894
0.6845,  0.106066
0.6850,  0.116466
0.6855,  0.143917
0.6860,  0.176070
0.6865,  0.200193
0.6870,  0.209002
0.6875,  0.201155
0.6880,  0.197144
0.6885,  0.192422
0.6890,  0.188276
0.6895,  0.182537
0.6900,  0.175940
0.6905,  0.170774
0.6910,  0.165460
0.6915,  0.159618
0.6920,  0.155988
0.6925,  0.153612
0.6930,  0.153410
0.6935,  0.148613
0.6940,  0.144978
0.6945,  0.140115
0.6950,  0.135489
0.6955,  0.129192
0.6960,  0.119565
0.6965,  0.116528
0.6970,  0.115448
0.6975,  0.122032
0.6980,  0.131406
0.6985,  0.140772
0.6990,  0.147316
0.6995,  0.143849
0.7000,  0.134326
0.7005,  0.129905
0.7010,  0.127794
0.7015,  0.128679
0.7020,  0.130035
0.7025,  0.129036
0.7030,  0.128588
0.7035,  0.133630
0.7040,  0.138102
0.7045,  0.147036
0.7050,  0.149343
0.7055,  0.141793
0.7060,  0.133803
0.7065,  0.127698
0.7070,  0.122528
0.7075,  0.117358
0.7080,  0.113877
0.7085,  0.110772
0.7090,  0.108504
0.7095,  0.106617
0.7100,  0.104659
0.7105,  0.103537
0.7110,  0.109288
0.7115,  0.111713
0.7120,  0.112993
0.7125,  0.119181
0.7130,  0.123866
0.7135,  0.123001
0.7140,  0.126391
0.7145,  0.132267
0.7150,  0.140768
0.7155,  0.153797
0.7160,  0.182713
0.7165,  0.213442
0.7170,  0.248380
0.7175,  0.278635
0.7180,  0.298046
0.7185,  0.312127
0.7190,  0.312465
0.7195,  0.302122
0.7200,  0.280351
0.7205,  0.251862
0.7210,  0.230140
0.7215,  0.220649
0.7220,  0.227268
0.7225,  0.244024
0.7230,  0.258914
0.7235,  0.270707
0.7240,  0.276404
0.7245,  0.276947
0.7250,  0.271436
0.7255,  0.267163
0.7260,  0.264649
0.7265,  0.265777
0.7270,  0.262549
0.7275,  0.260721
0.7280,  0.260736
0.7285,  0.250862
0.7290,  0.242193
0.7295,  0.235676
0.7300,  0.229464
0.7305,  0.221408
0.7310,  0.212443
0.7315,  0.199113
0.7320,  0.186391
0.7325,  0.172662
0.7330,  0.157071
0.7335,  0.143714
0.7340,  0.136305
0.7345,  0.133147
0.7350,  0.136377
0.7355,  0.140380
0.7360,  0.141131
0.7365,  0.141547
0.7370,  0.139368
0.7375,  0.136013
0.7380,  0.138019
0.7385,  0.133693
0.7390,  0.123527
0.7395,  0.117501
0.7400,  0.114814
0.7405,  0.114291
0.7410,  0.114776
0.7415,  0.123419
0.7420,  0.124170
0.7425,  0.124493
0.7430,  0.124313
0.7435,  0.121865
0.7440,  0.123001
0.7445,  0.126323
0.7450,  0.126296
0.7455,  0.125709
0.7460,  0.125963
0.7465,  0.123620
0.7470,  0.122622
0.7475,  0.114329
0.7480,  0.111024
0.7485,  0.111358
0.7490,  0.114695
0.7495,  0.118922
0.7500,  0.120564
0.7505,  0.116560
0.7510,  0.110469
0.7515,  0.104687
0.7520,  0.104653
0.7525,  0.099975
0.7530,  0.096552
0.7535,  0.098405
0.7540,  0.099685
0.7545,  0.102797
0.7550,  0.105006
0.7555,  0.105529
0.7560,  0.103376
0.7565,  0.105740
0.7570,  0.111239
0.7575,  0.125860
0.7580,  0.177136
0.7585,  0.275190
0.7590,  0.421612
0.7595,  0.575639
0.7600,  0.681289
0.7605,  0.704174
0.7610,  0.677375
0.7615,  0.653928
0.7620,  0.636783
0.7625,  0.626721
0.7630,  0.615216
0.7635,  0.575324
0.7640,  0.518579
0.7645,  0.452193
0.7650,  0.393601
0.7655,  0.327801
0.7660,  0.272926
0.7665,  0.223612
0.7670,  0.185898
0.7675,  0.172047
0.7680,  0.161876
0.7685,  0.155385
0.7690,  0.150619
0.7695,  0.143055
0.7700,  0.130912
0.7705,  0.122697
0.7710,  0.116100
0.7715,  0.115235
0.7720,  0.122036
0.7725,  0.125051
0.7730,  0.128515
0.7735,  0.124723
0.7740,  0.120748
0.7745,  0.115826
0.7750,  0.107145
0.7755,  0.104070
0.7760,  0.105686
0.7765,  0.105425
0.7770,  0.113360
0.7775,  0.113913
0.7780,  0.113742
0.7785,  0.105759
0.7790,  0.098579
0.7795,  0.095591
0.7800,  0.092093
0.7805,  0.091457
0.7810,  0.093855
0.7815,  0.098308
0.7820,  0.099358
0.7825,  0.099884
0.7830,  0.092821
0.7835,  0.087274
0.7840,  0.083136
0.7845,  0.079627
0.7850,  0.084301
0.7855,  0.094023
0.7860,  0.097280
0.7865,  0.105855
0.7870,  0.113728
0.7875,  0.118129
0.7880,  0.117179
0.7885,  0.118778
0.7890,  0.122217
0.7895,  0.124017
0.7900,  0.127866
0.7905,  0.131460
0.7910,  0.131030
0.7915,  0.134646
0.7920,  0.137566
0.7925,  0.134505
0.7930,  0.133261
0.7935,  0.132282
0.7940,  0.129322
0.7945,  0.128600
0.7950,  0.130624
0.7955,  0.136297
0.7960,  0.141410
0.7965,  0.140575
0.7970,  0.139258
0.7975,  0.133362
0.7980,  0.128827
0.7985,  0.125667
0.7990,  0.126698
0.7995,  0.135104
0.8000,  0.144646
0.8005,  0.140960
0.8010,  0.140020
0.8015,  0.129429
0.8020,  0.122106
0.8025,  0.116460
0.8030,  0.120036
0.8035,  0.125789
0.8040,  0.131415
0.8045,  0.127111
0.8050,  0.120281
0.8055,  0.117631
0.8060,  0.112953
0.8065,  0.113753
0.8070,  0.112928
0.8075,  0.113156
0.8080,  0.110178
0.8085,  0.109964
0.8090,  0.111297
0.8095,  0.121378
0.8100,  0.120855
0.8105,  0.126207
0.8110,  0.140067
0.8115,  0.151482
0.8120,  0.166030
0.8125,  0.190690
0.8130,  0.220779
0.8135,  0.240812
0.8140,  0.253963
0.8145,  0.269839
0.8150,  0.284427
0.8155,  0.287516
0.8160,  0.287345
0.8165,  0.298186
0.8170,  0.308774
0.8175,  0.311626
0.8180,  0.302166
0.8185,  0.288522
0.8190,  0.242939
0.8195,  0.218218
0.8200,  0.204614
0.8205,  0.205147
0.8210,  0.236827
0.8215,  0.275929
0.8220,  0.313031
0.8225,  0.323488
0.8230,  0.304673
0.8235,  0.267204
0.8240,  0.238496
0.8245,  0.212303
0.8250,  0.197458
0.8255,  0.190538
0.8260,  0.200387
0.8265,  0.218532
0.8270,  0.228430
0.8275,  0.235138
0.8280,  0.233107
0.8285,  0.230148
0.8290,  0.229406
0.8295,  0.230587
0.8300,  0.225702
0.8305,  0.221335
0.8310,  0.209681
0.8315,  0.197131
0.8320,  0.186532
0.8325,  0.175654
0.8330,  0.169271
0.8335,  0.163203
0.8340,  0.157200
0.8345,  0.153384
0.8350,  0.151663
0.8355,  0.143460
0.8360,  0.132216
0.8365,  0.115139
0.8370,  0.108161
0.8375,  0.107635
0.8380,  0.103886
0.8385,  0.110635
0.8390,  0.116782
0.8395,  0.111443
0.8400,  0.111858
0.8405,  0.100524
0.8410,  0.094948
0.8415,  0.090340
0.8420,  0.076503
0.8425,  0.081884
0.8430,  0.091791
0.8435,  0.095364
0.8440,  0.099445
0.8445,  0.095800
0.8450,  0.089780
0.8455,  0.084218
0.8460,  0.087754
0.8465,  0.087561
0.8470,  0.099540
0.8475,  0.111419
0.8480,  0.125925
0.8485,  0.120527
0.8490,  0.116507
0.8495,  0.104501
0.8500,  0.087670
0.8505,  0.085861
0.8510,  0.086430
0.8515,  0.097653
0.8520,  0.108880
0.8525,  0.098627
0.8530,  0.099098
0.8535,  0.091150
0.8540,  0.046786
0.8545,  0.047914
0.8550,  0.056494
0.8555,  0.070307
0.8560,  0.083419
0.8565,  0.090534
0.8570,  0.099552
0.8575,  0.104534
0.8580,  0.103937
0.8585,  0.087922
0.8590,  0.074308
0.8595,  0.079629
0.8600,  0.080740
0.8605,  0.089227
0.8610,  0.094603
0.8615,  0.092079
0.8620,  0.083996
0.8625,  0.071992
0.8630,  0.064608
0.8635,  0.074017
0.8640,  0.078036
0.8645,  0.085295
0.8650,  0.089271
0.8655,  0.079722
0.8660,  0.045638
0.8665,  0.037540
0.8670,  0.032888
0.8675,  0.032889
0.8680,  0.037753
0.8685,  0.048171
0.8690,  0.054246
0.8695,  0.067056
0.8700,  0.066432
0.8705,  0.062687
0.8710,  0.055312
0.8715,  0.040949
0.8720,  0.048700
0.8725,  0.061675
0.8730,  0.088279
0.8735,  0.095784
0.8740,  0.101171
0.8745,  0.089491
0.8750,  0.082452
0.8755,  0.070283
0.8760,  0.051239
0.8765,  0.048966
0.8770,  0.057705
0.8775,  0.066411
0.8780,  0.072106
0.8785,  0.089545
0.8790,  0.092925
0.8795,  0.090318
0.8800,  0.087904
0.8805,  0.080828
0.8810,  0.073239
0.8815,  0.069849
0.8820,  0.087267
0.8825,  0.097308
0.8830,  0.104015
0.8835,  0.094369
0.8840,  0.089291
0.8845,  0.083866
0.8850,  0.089365
0.8855,  0.094296
0.8860,  0.095137
0.8865,  0.084129
0.8870,  0.080862
0.8875,  0.073666
0.8880,  0.064346
0.8885,  0.072756
0.8890,  0.082660
0.8895,  0.098552
0.8900,  0.129761
