0.3500,  0.346414
0.3505,  0.397173
0.3510,  0.366553
0.3515,  0.335639
0.3520,  0.300937
0.3525,  0.263907
0.3530,  0.300652
0.3535,  0.334516
0.3540,  0.351407
0.3545,  0.372080
0.3550,  0.347320
0.3555,  0.331534
0.3560,  0.297785
0.3565,  0.265894
0.3570,  0.238144
0.3575,  0.207730
0.3580,  0.172976
0.3585,  0.125860
0.3590,  0.263492
0.3595,  0.375646
0.3600,  0.359479
0.3605,  0.343250
0.3610,  0.298364
0.3615,  0.253590
0.3620,  0.290801
0.3625,  0.323530
0.3630,  0.311419
0.3635,  0.298802
0.3640,  0.288623
0.3645,  0.275902
0.3650,  0.304895
0.3655,  0.328934
0.3660,  0.334714
0.3665,  0.344918
0.3670,  0.319320
0.3675,  0.296830
0.3680,  0.268325
0.3685,  0.240487
0.3690,  0.279483
0.3695,  0.316858
0.3700,  0.289839
0.3705,  0.263590
0.3710,  0.278638
0.3715,  0.295721
0.3720,  0.266871
0.3725,  0.241305
0.3730,  0.212943
0.3735,  0.181319
0.3740,  0.190628
0.3745,  0.195267
0.3750,  0.261970
0.3755,  0.312917
0.3760,  0.304844
0.3765,  0.289147
0.3770,  0.324652
0.3775,  0.356875
0.3780,  0.349384
0.3785,  0.348991
0.3790,  0.267581
0.3795,  0.183726
0.3800,  0.233343
0.3805,  0.283043
0.3810,  0.258465
0.3815,  0.241213
0.3820,  0.167825
0.3825,  0.081720
0.3830,  0.065851
0.3835,  0.036315
0.3840,  0.180696
0.3845,  0.289366
0.3850,  0.293436
0.3855,  0.293950
0.3860,  0.278772
0.3865,  0.266354
0.3870,  0.255262
0.3875,  0.245849
0.3880,  0.229179
0.3885,  0.208403
0.3890,  0.258200
0.3895,  0.298537
0.3900,  0.296576
0.3905,  0.294074
0.3910,  0.304150
0.3915,  0.325284
0.3920,  0.241473
0.3925,  0.158903
0.3930,  0.017711
0.3935,  -0.182270
0.3940,  0.072261
0.3945,  0.250515
0.3950,  0.334950
0.3955,  0.405698
0.3960,  0.255453
0.3965,  0.075818
0.3970,  0.098411
0.3975,  0.107037
0.3980,  0.272200
0.3985,  0.381503
0.3990,  0.362126
0.3995,  0.345563
0.4000,  0.308656
0.4005,  0.280288
0.4010,  0.269473
0.4015,  0.264015
0.4020,  0.253025
0.4025,  0.246848
0.4030,  0.225096
0.4035,  0.205914
0.4040,  0.202933
0.4045,  0.201027
0.4050,  0.202193
0.4055,  0.205429
0.4060,  0.191964
0.4065,  0.177534
0.4070,  0.188932
0.4075,  0.197224
0.4080,  0.217544
0.4085,  0.236925
0.4090,  0.229936
0.4095,  0.223699
0.4100,  0.181774
0.4105,  0.136407
0.4110,  0.196987
0.4115,  0.248914
0.4120,  0.233145
0.4125,  0.218367
0.4130,  0.205253
0.4135,  0.193166
0.4140,  0.186524
0.4145,  0.181311
0.4150,  0.179193
0.4155,  0.176618
0.4160,  0.197811
0.4165,  0.219379
0.4170,  0.183958
0.4175,  0.147555
0.4180,  0.153808
0.4185,  0.160071
0.4190,  0.165906
0.4195,  0.171998
0.4200,  0.183790
0.4205,  0.192987
0.4210,  0.199735
0.4215,  0.206870
0.4220,  0.161551
0.4225,  0.114770
0.4230,  0.146576
0.4235,  0.176201
0.4240,  0.188495
0.4245,  0.199339
0.4250,  0.185100
0.4255,  0.170692
0.4260,  0.173389
0.4265,  0.176872
0.4270,  0.153355
0.4275,  0.128755
0.4280,  0.140307
0.4285,  0.153427
0.4290,  0.141875
0.4295,  0.132294
0.4300,  0.060480
0.4305,  -0.028792
0.4310,  0.135685
0.4315,  0.256126
0.4320,  0.229989
0.4325,  0.200307
0.4330,  0.198353
0.4335,  0.199353
0.4340,  0.176242
0.4345,  0.152244
0.4350,  0.153912
0.4355,  0.156022
0.4360,  0.188478
0.4365,  0.219742
0.4370,  0.193628
0.4375,  0.171044
0.4380,  0.125282
0.4385,  0.076399
0.4390,  0.137495
0.4395,  0.191373
0.4400,  0.164153
0.4405,  0.132402
0.4410,  0.167946
0.4415,  0.199604
0.4420,  0.196893
0.4425,  0.196072
0.4430,  0.175262
0.4435,  0.155851
0.4440,  0.165040
0.4445,  0.176044
0.4450,  0.146542
0.4455,  0.117594
0.4460,  0.131564
0.4465,  0.141581
0.4470,  0.171224
0.4475,  0.199642
0.4480,  0.173367
0.4485,  0.147283
0.4490,  0.150412
0.4495,  0.153367
0.4500,  0.166234
0.4505,  0.179726
0.4510,  0.169136
0.4515,  0.162898
0.4520,  0.135523
0.4525,  0.108517
0.4530,  0.120700
0.4535,  0.131422
0.4540,  0.134944
0.4545,  0.137729
0.4550,  0.147343
0.4555,  0.153052
0.4560,  0.156053
0.4565,  0.159016
0.4570,  0.159641
0.4575,  0.161983
0.4580,  0.139658
0.4585,  0.117900
0.4590,  0.127328
0.4595,  0.135327
0.4600,  0.140576
0.4605,  0.144505
0.4610,  0.144905
0.4615,  0.144198
0.4620,  0.148747
0.4625,  0.154671
0.4630,  0.143218
0.4635,  0.133034
0.4640,  0.125330
0.4645,  0.119317
0.4650,  0.136352
0.4655,  0.151680
0.4660,  0.133911
0.4665,  0.113934
0.4670,  0.132137
0.4675,  0.150634
0.4680,  0.147776
0.4685,  0.143772
0.4690,  0.144472
0.4695,  0.146834
0.4700,  0.127227
0.4705,  0.106909
0.4710,  0.132933
0.4715,  0.154809
0.4720,  0.155593
0.4725,  0.156961
0.4730,  0.143878
0.4735,  0.132562
0.4740,  0.142739
0.4745,  0.152586
0.4750,  0.146158
0.4755,  0.141114
0.4760,  0.131258
0.4765,  0.120718
0.4770,  0.141983
0.4775,  0.161069
0.4780,  0.147712
0.4785,  0.134513
0.4790,  0.144228
0.4795,  0.154605
0.4800,  0.147713
0.4805,  0.139825
0.4810,  0.148394
0.4815,  0.159138
0.4820,  0.148963
0.4825,  0.138483
0.4830,  0.140408
0.4835,  0.145004
0.4840,  0.143082
0.4845,  0.145281
0.4850,  0.134691
0.4855,  0.125623
0.4860,  0.099802
0.4865,  0.066052
0.4870,  0.113243
0.4875,  0.150677
0.4880,  0.158519
0.4885,  0.164587
0.4890,  0.163871
0.4895,  0.164378
0.4900,  0.166779
0.4905,  0.172411
0.4910,  0.151364
0.4915,  0.131775
0.4920,  0.135555
0.4925,  0.137579
0.4930,  0.134293
0.4935,  0.129374
0.4940,  0.157091
0.4945,  0.182047
0.4950,  0.154716
0.4955,  0.127686
0.4960,  0.142910
0.4965,  0.159679
0.4970,  0.162118
0.4975,  0.164105
0.4980,  0.138723
0.4985,  0.113202
0.4990,  0.136362
0.4995,  0.158878
0.5000,  0.142050
0.5005,  0.125416
0.5010,  0.121215
0.5015,  0.115631
0.5020,  0.133468
0.5025,  0.149354
0.5030,  0.155749
0.5035,  0.162656
0.5040,  0.148067
0.5045,  0.132226
0.5050,  0.152145
0.5055,  0.169673
0.5060,  0.158217
0.5065,  0.150782
0.5070,  0.140785
0.5075,  0.131946
0.5080,  0.136572
0.5085,  0.140282
0.5090,  0.139119
0.5095,  0.136539
0.5100,  0.140482
0.5105,  0.144332
0.5110,  0.151729
0.5115,  0.160529
0.5120,  0.137801
0.5125,  0.115711
0.5130,  0.118473
0.5135,  0.122387
0.5140,  0.129196
0.5145,  0.133488
0.5150,  0.142077
0.5155,  0.154296
0.5160,  0.117858
0.5165,  0.081445
0.5170,  0.107460
0.5175,  0.128567
0.5180,  0.115635
0.5185,  0.096273
0.5190,  0.125549
0.5195,  0.150766
0.5200,  0.140941
0.5205,  0.132976
0.5210,  0.140944
0.5215,  0.151031
0.5220,  0.132999
0.5225,  0.115637
0.5230,  0.127336
0.5235,  0.138046
0.5240,  0.146404
0.5245,  0.155032
0.5250,  0.149403
0.5255,  0.148764
0.5260,  0.106686
0.5265,  0.061393
0.5270,  0.099523
0.5275,  0.130951
0.5280,  0.139608
0.5285,  0.144262
0.5290,  0.139152
0.5295,  0.136569
0.5300,  0.137802
0.5305,  0.140829
0.5310,  0.142256
0.5315,  0.146727
0.5320,  0.114190
0.5325,  0.081208
0.5330,  0.117070
0.5335,  0.148802
0.5340,  0.134752
0.5345,  0.117504
0.5350,  0.138296
0.5355,  0.159624
0.5360,  0.136437
0.5365,  0.114843
0.5370,  0.119521
0.5375,  0.123541
0.5380,  0.130069
0.5385,  0.136576
0.5390,  0.126402
0.5395,  0.116527
0.5400,  0.109059
0.5405,  0.099842
0.5410,  0.123317
0.5415,  0.144417
0.5420,  0.131755
0.5425,  0.117706
0.5430,  0.125523
0.5435,  0.134638
0.5440,  0.133127
0.5445,  0.131237
0.5450,  0.135045
0.5455,  0.138885
0.5460,  0.134630
0.5465,  0.131448
0.5470,  0.123259
0.5475,  0.114683
0.5480,  0.120676
0.5485,  0.125798
0.5490,  0.130661
0.5495,  0.136349
0.5500,  0.130165
0.5505,  0.123402
0.5510,  0.126105
0.5515,  0.128967
0.5520,  0.123807
0.5525,  0.119543
0.5530,  0.127407
0.5535,  0.132963
0.5540,  0.134928
0.5545,  0.137317
0.5550,  0.136919
0.5555,  0.138752
0.5560,  0.127583
0.5565,  0.116289
0.5570,  0.125816
0.5575,  0.134944
0.5580,  0.126577
0.5585,  0.118031
0.5590,  0.125288
0.5595,  0.129038
0.5600,  0.134729
0.5605,  0.139936
0.5610,  0.133957
0.5615,  0.128801
0.5620,  0.133908
0.5625,  0.139091
0.5630,  0.141234
0.5635,  0.143816
0.5640,  0.143471
0.5645,  0.144573
0.5650,  0.136276
0.5655,  0.126751
0.5660,  0.134396
0.5665,  0.140193
0.5670,  0.150537
0.5675,  0.161824
0.5680,  0.147913
0.5685,  0.134527
0.5690,  0.147274
0.5695,  0.160233
0.5700,  0.144373
0.5705,  0.126669
0.5710,  0.137110
0.5715,  0.145635
0.5720,  0.153990
0.5725,  0.163249
0.5730,  0.157879
0.5735,  0.154553
0.5740,  0.154467
0.5745,  0.155606
0.5750,  0.150678
0.5755,  0.144843
0.5760,  0.148312
0.5765,  0.151990
0.5770,  0.155960
0.5775,  0.159026
0.5780,  0.145955
0.5785,  0.131907
0.5790,  0.139719
0.5795,  0.146075
0.5800,  0.144667
0.5805,  0.143582
0.5810,  0.144269
0.5815,  0.145063
0.5820,  0.147274
0.5825,  0.149962
0.5830,  0.145342
0.5835,  0.140766
0.5840,  0.142597
0.5845,  0.145195
0.5850,  0.133191
0.5855,  0.122531
0.5860,  0.136462
0.5865,  0.149509
0.5870,  0.158457
0.5875,  0.169808
0.5880,  0.161264
0.5885,  0.156043
0.5890,  0.139508
0.5895,  0.115587
0.5900,  0.160815
0.5905,  0.197588
0.5910,  0.185391
0.5915,  0.173697
0.5920,  0.171813
0.5925,  0.171121
0.5930,  0.166495
0.5935,  0.163485
0.5940,  0.161054
0.5945,  0.159820
0.5950,  0.163715
0.5955,  0.165040
0.5960,  0.167997
0.5965,  0.170176
0.5970,  0.162965
0.5975,  0.155956
0.5980,  0.150939
0.5985,  0.147100
0.5990,  0.151611
0.5995,  0.158128
0.6000,  0.155707
0.6005,  0.151718
0.6010,  0.153563
0.6015,  0.153485
0.6020,  0.143629
0.6025,  0.132230
0.6030,  0.142054
0.6035,  0.153339
0.6040,  0.151020
0.6045,  0.150744
0.6050,  0.150224
0.6055,  0.148782
0.6060,  0.147769
0.6065,  0.145669
0.6070,  0.145014
0.6075,  0.145329
0.6080,  0.144345
0.6085,  0.145711
0.6090,  0.150121
0.6095,  0.154320
0.6100,  0.148230
0.6105,  0.139630
0.6110,  0.147537
0.6115,  0.155100
0.6120,  0.146381
0.6125,  0.139652
0.6130,  0.138041
0.6135,  0.137409
0.6140,  0.147037
0.6145,  0.156026
0.6150,  0.158955
0.6155,  0.161178
0.6160,  0.139513
0.6165,  0.115879
0.6170,  0.135733
0.6175,  0.154186
0.6180,  0.155532
0.6185,  0.159460
0.6190,  0.156462
0.6195,  0.153623
0.6200,  0.159932
0.6205,  0.164762
0.6210,  0.154556
0.6215,  0.144879
0.6220,  0.151019
0.6225,  0.157954
0.6230,  0.152673
0.6235,  0.147998
0.6240,  0.151341
0.6245,  0.153743
0.6250,  0.151901
0.6255,  0.146794
0.6260,  0.160103
0.6265,  0.174048
0.6270,  0.174536
0.6275,  0.177344
0.6280,  0.181758
0.6285,  0.186630
0.6290,  0.186219
0.6295,  0.184427
0.6300,  0.179696
0.6305,  0.174409
0.6310,  0.166273
0.6315,  0.162878
0.6320,  0.160435
0.6325,  0.157033
0.6330,  0.154937
0.6335,  0.155234
0.6340,  0.156989
0.6345,  0.159782
0.6350,  0.162397
0.6355,  0.163938
0.6360,  0.162172
0.6365,  0.158705
0.6370,  0.154768
0.6375,  0.150441
0.6380,  0.147635
0.6385,  0.147653
0.6390,  0.150376
0.6395,  0.150791
0.6400,  0.151940
0.6405,  0.152107
0.6410,  0.149378
0.6415,  0.150143
0.6420,  0.148452
0.6425,  0.144821
0.6430,  0.142973
0.6435,  0.141626
0.6440,  0.142700
0.6445,  0.147593
0.6450,  0.155020
0.6455,  0.159939
0.6460,  0.165426
0.6465,  0.169474
0.6470,  0.171723
0.6475,  0.168711
0.6480,  0.165155
0.6485,  0.161822
0.6490,  0.155250
0.6495,  0.158521
0.6500,  0.160996
0.6505,  0.162610
0.6510,  0.166972
0.6515,  0.166132
0.6520,  0.165731
0.6525,  0.164384
0.6530,  0.161216
0.6535,  0.153165
0.6540,  0.147984
0.6545,  0.148495
0.6550,  0.157429
0.6555,  0.159108
0.6560,  0.156347
0.6565,  0.143127
0.6570,  0.116198
0.6575,  0.122445
0.6580,  0.126635
0.6585,  0.134199
0.6590,  0.147121
0.6595,  0.143732
0.6600,  0.141383
0.6605,  0.138368
0.6610,  0.136065
0.6615,  0.131022
0.6620,  0.127821
0.6625,  0.127612
0.6630,  0.129799
0.6635,  0.133234
0.6640,  0.137796
0.6645,  0.140506
0.6650,  0.141600
0.6655,  0.138551
0.6660,  0.135118
0.6665,  0.130616
0.6670,  0.125611
0.6675,  0.124333
0.6680,  0.124416
0.6685,  0.124561
0.6690,  0.127042
0.6695,  0.127326
0.6700,  0.128420
0.6705,  0.131083
0.6710,  0.132389
0.6715,  0.135140
0.6720,  0.134852
0.6725,  0.131539
0.6730,  0.128059
0.6735,  0.124488
0.6740,  0.121605
0.6745,  0.122022
0.6750,  0.123191
0.6755,  0.125328
0.6760,  0.128166
0.6765,  0.130573
0.6770,  0.132164
0.6775,  0.132472
0.6780,  0.131636
0.6785,  0.130163
0.6790,  0.128117
0.6795,  0.126622
0.6800,  0.125380
0.6805,  0.124067
0.6810,  0.124650
0.6815,  0.125709
0.6820,  0.127220
0.6825,  0.130023
0.6830,  0.133234
0.6835,  0.135565
0.6840,  0.137332
0.6845,  0.137799
0.6850,  0.139857
0.6855,  0.154503
0.6860,  0.180866
0.6865,  0.216519
0.6870,  0.252675
0.6875,  0.277137
0.6880,  0.281364
0.6885,  0.273955
0.6890,  0.263435
0.6895,  0.253032
0.6900,  0.243769
0.6905,  0.234597
0.6910,  0.223585
0.6915,  0.214421
0.6920,  0.209728
0.6925,  0.208449
0.6930,  0.208702
0.6935,  0.209881
0.6940,  0.210698
0.6945,  0.209034
0.6950,  0.203855
0.6955,  0.195453
0.6960,  0.185296
0.6965,  0.174998
0.6970,  0.168219
0.6975,  0.169063
0.6980,  0.174142
0.6985,  0.180307
0.6990,  0.188228
0.6995,  0.189097
0.7000,  0.187860
0.7005,  0.185532
0.7010,  0.182326
0.7015,  0.182264
0.7020,  0.182627
0.7025,  0.182273
0.7030,  0.179888
0.7035,  0.179968
0.7040,  0.181276
0.7045,  0.182214
0.7050,  0.184439
0.7055,  0.182240
0.7060,  0.177597
0.7065,  0.173316
0.7070,  0.169110
0.7075,  0.163569
0.7080,  0.160017
0.7085,  0.157166
0.7090,  0.154311
0.7095,  0.155248
0.7100,  0.155268
0.7105,  0.156834
0.7110,  0.158970
0.7115,  0.158755
0.7120,  0.159963
0.7125,  0.160391
0.7130,  0.160392
0.7135,  0.163645
0.7140,  0.166920
0.7145,  0.171237
0.7150,  0.179108
0.7155,  0.191622
0.7160,  0.214532
0.7165,  0.247741
0.7170,  0.285928
0.7175,  0.323379
0.7180,  0.354456
0.7185,  0.375672
0.7190,  0.387435
0.7195,  0.389940
0.7200,  0.376395
0.7205,  0.348833
0.7210,  0.313032
0.7215,  0.281118
0.7220,  0.265155
0.7225,  0.266880
0.7230,  0.283346
0.7235,  0.305499
0.7240,  0.325776
0.7245,  0.339708
0.7250,  0.344936
0.7255,  0.343716
0.7260,  0.340214
0.7265,  0.338495
0.7270,  0.335686
0.7275,  0.330657
0.7280,  0.327644
0.7285,  0.321253
0.7290,  0.315074
0.7295,  0.313401
0.7300,  0.309219
0.7305,  0.305887
0.7310,  0.298476
0.7315,  0.284700
0.7320,  0.268511
0.7325,  0.248938
0.7330,  0.229431
0.7335,  0.214374
0.7340,  0.203765
0.7345,  0.198457
0.7350,  0.198281
0.7355,  0.201031
0.7360,  0.203285
0.7365,  0.201479
0.7370,  0.197990
0.7375,  0.190896
0.7380,  0.185363
0.7385,  0.181389
0.7390,  0.177705
0.7395,  0.174452
0.7400,  0.169159
0.7405,  0.164417
0.7410,  0.161408
0.7415,  0.163751
0.7420,  0.165451
0.7425,  0.164966
0.7430,  0.163276
0.7435,  0.158109
0.7440,  0.154376
0.7445,  0.153770
0.7450,  0.152839
0.7455,  0.152942
0.7460,  0.152826
0.7465,  0.150869
0.7470,  0.149743
0.7475,  0.146933
0.7480,  0.144492
0.7485,  0.143969
0.7490,  0.143429
0.7495,  0.144606
0.7500,  0.145804
0.7505,  0.146034
0.7510,  0.146689
0.7515,  0.147622
0.7520,  0.147669
0.7525,  0.146530
0.7530,  0.144771
0.7535,  0.142597
0.7540,  0.140660
0.7545,  0.140859
0.7550,  0.142571
0.7555,  0.143533
0.7560,  0.144902
0.7565,  0.146392
0.7570,  0.146815
0.7575,  0.152583
0.7580,  0.172173
0.7585,  0.219462
0.7590,  0.308687
0.7595,  0.452825
0.7600,  0.631235
0.7605,  0.787364
0.7610,  0.862726
0.7615,  0.842864
0.7620,  0.781197
0.7625,  0.742836
0.7630,  0.725493
0.7635,  0.705591
0.7640,  0.671027
0.7645,  0.608770
0.7650,  0.536289
0.7655,  0.461434
0.7660,  0.391751
0.7665,  0.329802
0.7670,  0.274515
0.7675,  0.239427
0.7680,  0.214020
0.7685,  0.197464
0.7690,  0.188579
0.7695,  0.178292
0.7700,  0.170907
0.7705,  0.163256
0.7710,  0.158346
0.7715,  0.156951
0.7720,  0.153972
0.7725,  0.153531
0.7730,  0.152249
0.7735,  0.147408
0.7740,  0.145427
0.7745,  0.144166
0.7750,  0.140873
0.7755,  0.141616
0.7760,  0.140873
0.7765,  0.139376
0.7770,  0.140819
0.7775,  0.140453
0.7780,  0.140989
0.7785,  0.140781
0.7790,  0.141359
0.7795,  0.143692
0.7800,  0.144737
0.7805,  0.146539
0.7810,  0.146773
0.7815,  0.142528
0.7820,  0.140672
0.7825,  0.138812
0.7830,  0.137834
0.7835,  0.141835
0.7840,  0.143083
0.7845,  0.144589
0.7850,  0.145804
0.7855,  0.146259
0.7860,  0.149543
0.7865,  0.152837
0.7870,  0.157533
0.7875,  0.162644
0.7880,  0.166202
0.7885,  0.172465
0.7890,  0.177624
0.7895,  0.179133
0.7900,  0.180382
0.7905,  0.178677
0.7910,  0.178017
0.7915,  0.176798
0.7920,  0.174416
0.7925,  0.173372
0.7930,  0.170064
0.7935,  0.167951
0.7940,  0.166280
0.7945,  0.164299
0.7950,  0.164782
0.7955,  0.170852
0.7960,  0.177234
0.7965,  0.181477
0.7970,  0.182200
0.7975,  0.176543
0.7980,  0.171205
0.7985,  0.166817
0.7990,  0.166207
0.7995,  0.170045
0.8000,  0.174202
0.8005,  0.178580
0.8010,  0.181331
0.8015,  0.180622
0.8020,  0.180005
0.8025,  0.179254
0.8030,  0.177824
0.8035,  0.176358
0.8040,  0.174218
0.8045,  0.170958
0.8050,  0.166678
0.8055,  0.164719
0.8060,  0.162891
0.8065,  0.162335
0.8070,  0.163606
0.8075,  0.160571
0.8080,  0.158644
0.8085,  0.158535
0.8090,  0.160193
0.8095,  0.170677
0.8100,  0.180959
0.8105,  0.192388
0.8110,  0.203879
0.8115,  0.214754
0.8120,  0.229918
0.8125,  0.249003
0.8130,  0.272534
0.8135,  0.295839
0.8140,  0.317861
0.8145,  0.338834
0.8150,  0.356778
0.8155,  0.372826
0.8160,  0.385849
0.8165,  0.391825
0.8170,  0.392316
0.8175,  0.382857
0.8180,  0.370953
0.8185,  0.357546
0.8190,  0.340104
0.8195,  0.325359
0.8200,  0.305062
0.8205,  0.284843
0.8210,  0.278291
0.8215,  0.289301
0.8220,  0.318851
0.8225,  0.356226
0.8230,  0.374060
0.8235,  0.364339
0.8240,  0.331192
0.8245,  0.292937
0.8250,  0.264148
0.8255,  0.251193
0.8260,  0.250519
0.8265,  0.254523
0.8270,  0.269036
0.8275,  0.284712
0.8280,  0.297553
0.8285,  0.301319
0.8290,  0.295655
0.8295,  0.284159
0.8300,  0.273625
0.8305,  0.265215
0.8310,  0.259783
0.8315,  0.257286
0.8320,  0.253659
0.8325,  0.250201
0.8330,  0.245511
0.8335,  0.236977
0.8340,  0.227293
0.8345,  0.221416
0.8350,  0.215746
0.8355,  0.211123
0.8360,  0.206408
0.8365,  0.199977
0.8370,  0.192648
0.8375,  0.187615
0.8380,  0.182902
0.8385,  0.175823
0.8390,  0.170146
0.8395,  0.163713
0.8400,  0.160603
0.8405,  0.160717
0.8410,  0.160155
0.8415,  0.159009
0.8420,  0.158686
0.8425,  0.157024
0.8430,  0.155411
0.8435,  0.155019
0.8440,  0.151491
0.8445,  0.149492
0.8450,  0.146399
0.8455,  0.143591
0.8460,  0.142587
0.8465,  0.143428
0.8470,  0.143814
0.8475,  0.143742
0.8480,  0.145545
0.8485,  0.139863
0.8490,  0.138243
0.8495,  0.138004
0.8500,  0.133150
0.8505,  0.139732
0.8510,  0.140670
0.8515,  0.139581
0.8520,  0.144310
0.8525,  0.130005
0.8530,  0.125309
0.8535,  0.124832
0.8540,  0.117283
0.8545,  0.140864
0.8550,  0.148887
0.8555,  0.147080
0.8560,  0.146015
0.8565,  0.137443
0.8570,  0.133263
0.8575,  0.135106
0.8580,  0.138492
0.8585,  0.133921
0.8590,  0.133297
0.8595,  0.133041
0.8600,  0.132302
0.8605,  0.132429
0.8610,  0.131508
0.8615,  0.130523
0.8620,  0.128734
0.8625,  0.127763
0.8630,  0.127908
0.8635,  0.130578
0.8640,  0.135922
0.8645,  0.128283
0.8650,  0.123961
0.8655,  0.121682
0.8660,  0.116505
0.8665,  0.130984
0.8670,  0.134213
0.8675,  0.128554
0.8680,  0.123264
0.8685,  0.120540
0.8690,  0.122877
0.8695,  0.128167
0.8700,  0.134537
0.8705,  0.135294
0.8710,  0.135319
0.8715,  0.138088
0.8720,  0.140837
0.8725,  0.140840
0.8730,  0.142182
0.8735,  0.143361
0.8740,  0.144482
0.8745,  0.145333
0.8750,  0.144044
0.8755,  0.141707
0.8760,  0.138220
0.8765,  0.139474
0.8770,  0.140982
0.8775,  0.142889
0.8780,  0.145310
0.8785,  0.143200
0.8790,  0.140940
0.8795,  0.139594
0.8800,  0.139171
0.8805,  0.139792
0.8810,  0.139350
0.8815,  0.135398
0.8820,  0.133369
0.8825,  0.134121
0.8830,  0.134068
0.8835,  0.137035
0.8840,  0.141074
0.8845,  0.139150
0.8850,  0.138544
0.8855,  0.139223
0.8860,  0.137343
0.8865,  0.141035
0.8870,  0.142468
0.8875,  0.141203
0.8880,  0.142187
0.8885,  0.143482
0.8890,  0.145653
0.8895,  0.150675
0.8900,  0.153139
