0.3500,  0.250232
0.3505,  0.312823
0.3510,  0.285698
0.3515,  0.262013
0.3520,  0.218481
0.3525,  0.168066
0.3530,  0.210136
0.3535,  0.246524
0.3540,  0.267407
0.3545,  0.296488
0.3550,  0.275291
0.3555,  0.260965
0.3560,  0.221274
0.3565,  0.181914
0.3570,  0.146500
0.3575,  0.102673
0.3580,  0.059742
0.3585,  -0.005377
0.3590,  0.168822
0.3595,  0.313020
0.3600,  0.299108
0.3605,  0.280623
0.3610,  0.224952
0.3615,  0.168768
0.3620,  0.210474
0.3625,  0.248268
0.3630,  0.235451
0.3635,  0.220122
0.3640,  0.205212
0.3645,  0.192720
0.3650,  0.232626
0.3655,  0.271034
0.3660,  0.287928
0.3665,  0.301626
0.3670,  0.269861
0.3675,  0.244370
0.3680,  0.205243
0.3685,  0.166767
0.3690,  0.210145
0.3695,  0.252436
0.3700,  0.217321
0.3705,  0.180855
0.3710,  0.199655
0.3715,  0.231737
0.3720,  0.210195
0.3725,  0.182410
0.3730,  0.148278
0.3735,  0.112073
0.3740,  0.125775
0.3745,  0.124184
0.3750,  0.193699
0.3755,  0.253856
0.3760,  0.244756
0.3765,  0.225681
0.3770,  0.273846
0.3775,  0.322248
0.3780,  0.322185
0.3785,  0.330690
0.3790,  0.236236
0.3795,  0.129417
0.3800,  0.184192
0.3805,  0.245023
0.3810,  0.222527
0.3815,  0.212325
0.3820,  0.126904
0.3825,  0.016430
0.3830,  -0.014963
0.3835,  -0.065790
0.3840,  0.101304
0.3845,  0.230333
0.3850,  0.236774
0.3855,  0.247794
0.3860,  0.237809
0.3865,  0.229485
0.3870,  0.226449
0.3875,  0.219778
0.3880,  0.202088
0.3885,  0.179468
0.3890,  0.240335
0.3895,  0.284560
0.3900,  0.276091
0.3905,  0.271092
0.3910,  0.282526
0.3915,  0.312200
0.3920,  0.217895
0.3925,  0.117808
0.3930,  -0.062215
0.3935,  -0.312766
0.3940,  -0.008921
0.3945,  0.206753
0.3950,  0.319341
0.3955,  0.419225
0.3960,  0.249992
0.3965,  0.033771
0.3970,  0.047492
0.3975,  0.040327
0.3980,  0.233215
0.3985,  0.367150
0.3990,  0.350176
0.3995,  0.342315
0.4000,  0.307416
0.4005,  0.276769
0.4010,  0.268489
0.4015,  0.266457
0.4020,  0.253379
0.4025,  0.247055
0.4030,  0.223900
0.4035,  0.199053
0.4040,  0.191154
0.4045,  0.188120
0.4050,  0.185799
0.4055,  0.184445
0.4060,  0.167152
0.4065,  0.149498
0.4070,  0.160500
0.4075,  0.169132
0.4080,  0.196677
0.4085,  0.226346
0.4090,  0.223576
0.4095,  0.221563
0.4100,  0.176178
0.4105,  0.120227
0.4110,  0.186366
0.4115,  0.243335
0.4120,  0.221393
0.4125,  0.203533
0.4130,  0.189740
0.4135,  0.179338
0.4140,  0.176143
0.4145,  0.170030
0.4150,  0.168037
0.4155,  0.167191
0.4160,  0.195168
0.4165,  0.224759
0.4170,  0.187135
0.4175,  0.142372
0.4180,  0.148284
0.4185,  0.155648
0.4190,  0.164465
0.4195,  0.165537
0.4200,  0.177383
0.4205,  0.190968
0.4210,  0.196369
0.4215,  0.205237
0.4220,  0.155661
0.4225,  0.103736
0.4230,  0.143589
0.4235,  0.179374
0.4240,  0.193544
0.4245,  0.212344
0.4250,  0.198743
0.4255,  0.177410
0.4260,  0.177632
0.4265,  0.179544
0.4270,  0.140790
0.4275,  0.106833
0.4280,  0.119175
0.4285,  0.135792
0.4290,  0.122125
0.4295,  0.114470
0.4300,  0.029803
0.4305,  -0.081569
0.4310,  0.114719
0.4315,  0.265096
0.4320,  0.236509
0.4325,  0.204445
0.4330,  0.209449
0.4335,  0.214128
0.4340,  0.185029
0.4345,  0.154746
0.4350,  0.154266
0.4355,  0.151744
0.4360,  0.192462
0.4365,  0.236541
0.4370,  0.208694
0.4375,  0.185220
0.4380,  0.136777
0.4385,  0.077988
0.4390,  0.146505
0.4395,  0.207421
0.4400,  0.172150
0.4405,  0.132019
0.4410,  0.173249
0.4415,  0.211753
0.4420,  0.211829
0.4425,  0.210935
0.4430,  0.185286
0.4435,  0.163051
0.4440,  0.175844
0.4445,  0.193634
0.4450,  0.164676
0.4455,  0.129774
0.4460,  0.144187
0.4465,  0.153746
0.4470,  0.187147
0.4475,  0.218921
0.4480,  0.187280
0.4485,  0.155158
0.4490,  0.156304
0.4495,  0.158833
0.4500,  0.174206
0.4505,  0.193029
0.4510,  0.185192
0.4515,  0.181913
0.4520,  0.151966
0.4525,  0.121338
0.4530,  0.134540
0.4535,  0.146751
0.4540,  0.153711
0.4545,  0.153322
0.4550,  0.161879
0.4555,  0.170291
0.4560,  0.173826
0.4565,  0.175478
0.4570,  0.177626
0.4575,  0.183340
0.4580,  0.156934
0.4585,  0.130713
0.4590,  0.142817
0.4595,  0.151308
0.4600,  0.157155
0.4605,  0.161168
0.4610,  0.162659
0.4615,  0.163744
0.4620,  0.171112
0.4625,  0.177842
0.4630,  0.162094
0.4635,  0.152302
0.4640,  0.143169
0.4645,  0.136045
0.4650,  0.161793
0.4655,  0.186725
0.4660,  0.164889
0.4665,  0.141337
0.4670,  0.166113
0.4675,  0.186005
0.4680,  0.180150
0.4685,  0.172618
0.4690,  0.173794
0.4695,  0.176976
0.4700,  0.157985
0.4705,  0.130771
0.4710,  0.160517
0.4715,  0.189590
0.4720,  0.185951
0.4725,  0.186175
0.4730,  0.175610
0.4735,  0.164906
0.4740,  0.176002
0.4745,  0.189609
0.4750,  0.184438
0.4755,  0.180154
0.4760,  0.168013
0.4765,  0.154174
0.4770,  0.180270
0.4775,  0.204709
0.4780,  0.185165
0.4785,  0.165694
0.4790,  0.178655
0.4795,  0.192179
0.4800,  0.181781
0.4805,  0.174862
0.4810,  0.189414
0.4815,  0.200686
0.4820,  0.185288
0.4825,  0.176894
0.4830,  0.180553
0.4835,  0.186113
0.4840,  0.183202
0.4845,  0.184958
0.4850,  0.171610
0.4855,  0.159810
0.4860,  0.125634
0.4865,  0.078064
0.4870,  0.131974
0.4875,  0.179053
0.4880,  0.191507
0.4885,  0.200502
0.4890,  0.199336
0.4895,  0.199473
0.4900,  0.202060
0.4905,  0.210040
0.4910,  0.186628
0.4915,  0.163254
0.4920,  0.164206
0.4925,  0.161014
0.4930,  0.154233
0.4935,  0.145036
0.4940,  0.177654
0.4945,  0.211277
0.4950,  0.178210
0.4955,  0.147036
0.4960,  0.168158
0.4965,  0.188671
0.4970,  0.192026
0.4975,  0.196324
0.4980,  0.164416
0.4985,  0.131207
0.4990,  0.159663
0.4995,  0.187405
0.5000,  0.168120
0.5005,  0.147828
0.5010,  0.142057
0.5015,  0.132096
0.5020,  0.151304
0.5025,  0.169799
0.5030,  0.179270
0.5035,  0.187546
0.5040,  0.171605
0.5045,  0.151925
0.5050,  0.173497
0.5055,  0.195156
0.5060,  0.184404
0.5065,  0.175271
0.5070,  0.164693
0.5075,  0.153269
0.5080,  0.155862
0.5085,  0.157782
0.5090,  0.156959
0.5095,  0.157000
0.5100,  0.163499
0.5105,  0.167970
0.5110,  0.177315
0.5115,  0.186917
0.5120,  0.159410
0.5125,  0.134196
0.5130,  0.139157
0.5135,  0.141409
0.5140,  0.149314
0.5145,  0.153251
0.5150,  0.161144
0.5155,  0.177057
0.5160,  0.137708
0.5165,  0.094972
0.5170,  0.123928
0.5175,  0.147321
0.5180,  0.129724
0.5185,  0.104078
0.5190,  0.138788
0.5195,  0.172250
0.5200,  0.162753
0.5205,  0.153681
0.5210,  0.164387
0.5215,  0.177561
0.5220,  0.154183
0.5225,  0.130581
0.5230,  0.143238
0.5235,  0.153485
0.5240,  0.161520
0.5245,  0.174572
0.5250,  0.172184
0.5255,  0.174841
0.5260,  0.125530
0.5265,  0.068049
0.5270,  0.109117
0.5275,  0.141913
0.5280,  0.149421
0.5285,  0.156397
0.5290,  0.153286
0.5295,  0.151002
0.5300,  0.153948
0.5305,  0.159367
0.5310,  0.162737
0.5315,  0.170785
0.5320,  0.132036
0.5325,  0.088585
0.5330,  0.128908
0.5335,  0.165805
0.5340,  0.146515
0.5345,  0.125435
0.5350,  0.151451
0.5355,  0.179636
0.5360,  0.153741
0.5365,  0.128019
0.5370,  0.132012
0.5375,  0.134908
0.5380,  0.142328
0.5385,  0.153011
0.5390,  0.143125
0.5395,  0.132107
0.5400,  0.121903
0.5405,  0.108372
0.5410,  0.135599
0.5415,  0.159942
0.5420,  0.144247
0.5425,  0.128878
0.5430,  0.139004
0.5435,  0.146943
0.5440,  0.143947
0.5445,  0.143410
0.5450,  0.148875
0.5455,  0.154246
0.5460,  0.151672
0.5465,  0.148231
0.5470,  0.138406
0.5475,  0.127537
0.5480,  0.134426
0.5485,  0.140094
0.5490,  0.146121
0.5495,  0.153117
0.5500,  0.145327
0.5505,  0.138853
0.5510,  0.141608
0.5515,  0.143457
0.5520,  0.138367
0.5525,  0.132463
0.5530,  0.141555
0.5535,  0.150886
0.5540,  0.154248
0.5545,  0.155410
0.5550,  0.156151
0.5555,  0.157535
0.5560,  0.142192
0.5565,  0.128552
0.5570,  0.138262
0.5575,  0.150491
0.5580,  0.141583
0.5585,  0.131277
0.5590,  0.136397
0.5595,  0.142612
0.5600,  0.148273
0.5605,  0.154427
0.5610,  0.149446
0.5615,  0.142606
0.5620,  0.146397
0.5625,  0.152106
0.5630,  0.156507
0.5635,  0.161360
0.5640,  0.162207
0.5645,  0.161808
0.5650,  0.150719
0.5655,  0.137973
0.5660,  0.145901
0.5665,  0.153435
0.5670,  0.166648
0.5675,  0.181749
0.5680,  0.165369
0.5685,  0.148538
0.5690,  0.163051
0.5695,  0.177402
0.5700,  0.156984
0.5705,  0.132854
0.5710,  0.142397
0.5715,  0.148805
0.5720,  0.158243
0.5725,  0.170858
0.5730,  0.165146
0.5735,  0.163422
0.5740,  0.163686
0.5745,  0.164535
0.5750,  0.157000
0.5755,  0.146708
0.5760,  0.148559
0.5765,  0.152341
0.5770,  0.157295
0.5775,  0.162182
0.5780,  0.144823
0.5785,  0.125013
0.5790,  0.134255
0.5795,  0.142136
0.5800,  0.142671
0.5805,  0.143694
0.5810,  0.144967
0.5815,  0.147703
0.5820,  0.150735
0.5825,  0.153682
0.5830,  0.147877
0.5835,  0.143774
0.5840,  0.144944
0.5845,  0.151339
0.5850,  0.138373
0.5855,  0.124070
0.5860,  0.138774
0.5865,  0.154246
0.5870,  0.166480
0.5875,  0.184936
0.5880,  0.181007
0.5885,  0.173801
0.5890,  0.148298
0.5895,  0.111642
0.5900,  0.161233
0.5905,  0.205652
0.5910,  0.192318
0.5915,  0.179266
0.5920,  0.176718
0.5925,  0.177305
0.5930,  0.172543
0.5935,  0.172618
0.5940,  0.170883
0.5945,  0.166546
0.5950,  0.170680
0.5955,  0.172636
0.5960,  0.173892
0.5965,  0.175271
0.5970,  0.165993
0.5975,  0.158688
0.5980,  0.153317
0.5985,  0.148175
0.5990,  0.155749
0.5995,  0.162437
0.6000,  0.159486
0.6005,  0.154848
0.6010,  0.155261
0.6015,  0.152839
0.6020,  0.138184
0.6025,  0.124632
0.6030,  0.139604
0.6035,  0.156894
0.6040,  0.155541
0.6045,  0.155711
0.6050,  0.154241
0.6055,  0.149627
0.6060,  0.147163
0.6065,  0.146559
0.6070,  0.147329
0.6075,  0.149299
0.6080,  0.151827
0.6085,  0.153164
0.6090,  0.158509
0.6095,  0.161972
0.6100,  0.150234
0.6105,  0.138151
0.6110,  0.146944
0.6115,  0.156077
0.6120,  0.147249
0.6125,  0.141283
0.6130,  0.142985
0.6135,  0.142087
0.6140,  0.152993
0.6145,  0.164947
0.6150,  0.169248
0.6155,  0.172728
0.6160,  0.144963
0.6165,  0.110465
0.6170,  0.132962
0.6175,  0.157455
0.6180,  0.161826
0.6185,  0.166313
0.6190,  0.162497
0.6195,  0.156591
0.6200,  0.164328
0.6205,  0.172890
0.6210,  0.163222
0.6215,  0.153202
0.6220,  0.160844
0.6225,  0.169837
0.6230,  0.159246
0.6235,  0.151491
0.6240,  0.155516
0.6245,  0.156177
0.6250,  0.151687
0.6255,  0.144952
0.6260,  0.159683
0.6265,  0.177470
0.6270,  0.182187
0.6275,  0.185358
0.6280,  0.188896
0.6285,  0.193165
0.6290,  0.195414
0.6295,  0.196524
0.6300,  0.189550
0.6305,  0.179307
0.6310,  0.168014
0.6315,  0.162621
0.6320,  0.158991
0.6325,  0.159296
0.6330,  0.161236
0.6335,  0.164148
0.6340,  0.167136
0.6345,  0.170773
0.6350,  0.173341
0.6355,  0.171372
0.6360,  0.166977
0.6365,  0.160404
0.6370,  0.152331
0.6375,  0.147400
0.6380,  0.147441
0.6385,  0.152248
0.6390,  0.158002
0.6395,  0.158601
0.6400,  0.158919
0.6405,  0.157500
0.6410,  0.154695
0.6415,  0.155893
0.6420,  0.154213
0.6425,  0.150466
0.6430,  0.146105
0.6435,  0.145386
0.6440,  0.147930
0.6445,  0.155468
0.6450,  0.164062
0.6455,  0.169241
0.6460,  0.176251
0.6465,  0.181134
0.6470,  0.184056
0.6475,  0.183305
0.6480,  0.180802
0.6485,  0.177208
0.6490,  0.169328
0.6495,  0.169573
0.6500,  0.170115
0.6505,  0.173085
0.6510,  0.179353
0.6515,  0.176890
0.6520,  0.175315
0.6525,  0.174776
0.6530,  0.173421
0.6535,  0.166427
0.6540,  0.166354
0.6545,  0.172659
0.6550,  0.184359
0.6555,  0.180189
0.6560,  0.164999
0.6565,  0.133409
0.6570,  0.094237
0.6575,  0.104049
0.6580,  0.115827
0.6585,  0.129416
0.6590,  0.144173
0.6595,  0.137663
0.6600,  0.135878
0.6605,  0.133524
0.6610,  0.133489
0.6615,  0.130692
0.6620,  0.131266
0.6625,  0.132999
0.6630,  0.131192
0.6635,  0.133419
0.6640,  0.134923
0.6645,  0.136427
0.6650,  0.138585
0.6655,  0.136648
0.6660,  0.135648
0.6665,  0.133397
0.6670,  0.128356
0.6675,  0.127398
0.6680,  0.126952
0.6685,  0.130062
0.6690,  0.132007
0.6695,  0.130696
0.6700,  0.128714
0.6705,  0.125535
0.6710,  0.123876
0.6715,  0.125692
0.6720,  0.126406
0.6725,  0.127340
0.6730,  0.127391
0.6735,  0.125673
0.6740,  0.126377
0.6745,  0.123256
0.6750,  0.120575
0.6755,  0.119521
0.6760,  0.120594
0.6765,  0.123360
0.6770,  0.125471
0.6775,  0.125807
0.6780,  0.127552
0.6785,  0.128636
0.6790,  0.126596
0.6795,  0.127534
0.6800,  0.129818
0.6805,  0.130230
0.6810,  0.128621
0.6815,  0.126707
0.6820,  0.128235
0.6825,  0.130072
0.6830,  0.132527
0.6835,  0.134011
0.6840,  0.131536
0.6845,  0.131876
0.6850,  0.135995
0.6855,  0.163732
0.6860,  0.204763
0.6865,  0.245142
0.6870,  0.270892
0.6875,  0.275447
0.6880,  0.270623
0.6885,  0.262628
0.6890,  0.254513
0.6895,  0.241995
0.6900,  0.230112
0.6905,  0.220789
0.6910,  0.213125
0.6915,  0.212641
0.6920,  0.215706
0.6925,  0.218357
0.6930,  0.222720
0.6935,  0.223361
0.6940,  0.222719
0.6945,  0.216005
0.6950,  0.205848
0.6955,  0.192843
0.6960,  0.178864
0.6965,  0.170399
0.6970,  0.168907
0.6975,  0.178186
0.6980,  0.187948
0.6985,  0.199050
0.6990,  0.209315
0.6995,  0.211411
0.7000,  0.203949
0.7005,  0.199705
0.7010,  0.192836
0.7015,  0.191109
0.7020,  0.186223
0.7025,  0.181115
0.7030,  0.176714
0.7035,  0.180484
0.7040,  0.186511
0.7045,  0.194977
0.7050,  0.200293
0.7055,  0.195216
0.7060,  0.189720
0.7065,  0.185239
0.7070,  0.181092
0.7075,  0.175944
0.7080,  0.166384
0.7085,  0.158605
0.7090,  0.154056
0.7095,  0.152095
0.7100,  0.150960
0.7105,  0.151050
0.7110,  0.158221
0.7115,  0.167016
0.7120,  0.169523
0.7125,  0.171117
0.7130,  0.173230
0.7135,  0.174811
0.7140,  0.177423
0.7145,  0.180219
0.7150,  0.188559
0.7155,  0.206214
0.7160,  0.236305
0.7165,  0.273202
0.7170,  0.315718
0.7175,  0.352871
0.7180,  0.388681
0.7185,  0.413745
0.7190,  0.416752
0.7195,  0.411304
0.7200,  0.389210
0.7205,  0.352698
0.7210,  0.317107
0.7215,  0.289206
0.7220,  0.284073
0.7225,  0.303270
0.7230,  0.326055
0.7235,  0.346188
0.7240,  0.365761
0.7245,  0.378906
0.7250,  0.380017
0.7255,  0.378107
0.7260,  0.378968
0.7265,  0.378173
0.7270,  0.374187
0.7275,  0.364776
0.7280,  0.356779
0.7285,  0.345151
0.7290,  0.334450
0.7295,  0.329176
0.7300,  0.322062
0.7305,  0.319987
0.7310,  0.308739
0.7315,  0.293314
0.7320,  0.275635
0.7325,  0.256936
0.7330,  0.236781
0.7335,  0.217214
0.7340,  0.203399
0.7345,  0.198472
0.7350,  0.203319
0.7355,  0.210984
0.7360,  0.216012
0.7365,  0.216159
0.7370,  0.210511
0.7375,  0.199704
0.7380,  0.194011
0.7385,  0.192628
0.7390,  0.184038
0.7395,  0.176899
0.7400,  0.166067
0.7405,  0.158030
0.7410,  0.156817
0.7415,  0.163263
0.7420,  0.167494
0.7425,  0.168713
0.7430,  0.167343
0.7435,  0.164500
0.7440,  0.161481
0.7445,  0.159888
0.7450,  0.158648
0.7455,  0.157556
0.7460,  0.153635
0.7465,  0.148421
0.7470,  0.149019
0.7475,  0.146032
0.7480,  0.144618
0.7485,  0.144517
0.7490,  0.144240
0.7495,  0.147498
0.7500,  0.147843
0.7505,  0.148185
0.7510,  0.146837
0.7515,  0.142559
0.7520,  0.138649
0.7525,  0.131595
0.7530,  0.122418
0.7535,  0.123078
0.7540,  0.127312
0.7545,  0.128592
0.7550,  0.126550
0.7555,  0.127120
0.7560,  0.129271
0.7565,  0.127824
0.7570,  0.133251
0.7575,  0.146831
0.7580,  0.180660
0.7585,  0.252522
0.7590,  0.376894
0.7595,  0.537830
0.7600,  0.678914
0.7605,  0.757386
0.7610,  0.764115
0.7615,  0.736263
0.7620,  0.719932
0.7625,  0.715250
0.7630,  0.705147
0.7635,  0.671241
0.7640,  0.619906
0.7645,  0.558884
0.7650,  0.495064
0.7655,  0.425642
0.7660,  0.355135
0.7665,  0.300547
0.7670,  0.250333
0.7675,  0.218638
0.7680,  0.200745
0.7685,  0.187109
0.7690,  0.185923
0.7695,  0.179281
0.7700,  0.169959
0.7705,  0.160499
0.7710,  0.151291
0.7715,  0.150594
0.7720,  0.148522
0.7725,  0.138251
0.7730,  0.136479
0.7735,  0.133429
0.7740,  0.137127
0.7745,  0.129535
0.7750,  0.121285
0.7755,  0.121994
0.7760,  0.124483
0.7765,  0.130247
0.7770,  0.135233
0.7775,  0.132280
0.7780,  0.129308
0.7785,  0.124278
0.7790,  0.114378
0.7795,  0.111249
0.7800,  0.113285
0.7805,  0.115385
0.7810,  0.121644
0.7815,  0.129369
0.7820,  0.138423
0.7825,  0.139536
0.7830,  0.139336
0.7835,  0.135710
0.7840,  0.126508
0.7845,  0.125482
0.7850,  0.125097
0.7855,  0.127194
0.7860,  0.133432
0.7865,  0.147468
0.7870,  0.155544
0.7875,  0.162726
0.7880,  0.167085
0.7885,  0.175307
0.7890,  0.181132
0.7895,  0.181953
0.7900,  0.174973
0.7905,  0.179627
0.7910,  0.176513
0.7915,  0.171940
0.7920,  0.169507
0.7925,  0.170754
0.7930,  0.171850
0.7935,  0.172562
0.7940,  0.164069
0.7945,  0.164111
0.7950,  0.159931
0.7955,  0.161559
0.7960,  0.160746
0.7965,  0.162568
0.7970,  0.166801
0.7975,  0.162723
0.7980,  0.158574
0.7985,  0.159363
0.7990,  0.157629
0.7995,  0.165519
0.8000,  0.180349
0.8005,  0.187361
0.8010,  0.183593
0.8015,  0.178703
0.8020,  0.172699
0.8025,  0.156983
0.8030,  0.142176
0.8035,  0.138992
0.8040,  0.149571
0.8045,  0.155883
0.8050,  0.152953
0.8055,  0.145584
0.8060,  0.147932
0.8065,  0.160233
0.8070,  0.162466
0.8075,  0.153563
0.8080,  0.150024
0.8085,  0.148929
0.8090,  0.147282
0.8095,  0.152676
0.8100,  0.172237
0.8105,  0.188425
0.8110,  0.205974
0.8115,  0.228543
0.8120,  0.253032
0.8125,  0.274260
0.8130,  0.298271
0.8135,  0.316273
0.8140,  0.331464
0.8145,  0.341890
0.8150,  0.352312
0.8155,  0.368496
0.8160,  0.382690
0.8165,  0.400281
0.8170,  0.418029
0.8175,  0.419482
0.8180,  0.419459
0.8185,  0.396438
0.8190,  0.349289
0.8195,  0.313302
0.8200,  0.283998
0.8205,  0.270606
0.8210,  0.282374
0.8215,  0.315738
0.8220,  0.362535
0.8225,  0.389681
0.8230,  0.381848
0.8235,  0.364027
0.8240,  0.331513
0.8245,  0.302224
0.8250,  0.281073
0.8255,  0.269677
0.8260,  0.265315
0.8265,  0.262534
0.8270,  0.270735
0.8275,  0.284834
0.8280,  0.303490
0.8285,  0.311000
0.8290,  0.318623
0.8295,  0.315007
0.8300,  0.300730
0.8305,  0.285879
0.8310,  0.276241
0.8315,  0.261220
0.8320,  0.241671
0.8325,  0.225554
0.8330,  0.209533
0.8335,  0.207041
0.8340,  0.207442
0.8345,  0.213645
0.8350,  0.222350
0.8355,  0.223124
0.8360,  0.209222
0.8365,  0.195877
0.8370,  0.171559
0.8375,  0.151215
0.8380,  0.139372
0.8385,  0.135307
0.8390,  0.130270
0.8395,  0.135371
0.8400,  0.146183
0.8405,  0.144080
0.8410,  0.154000
0.8415,  0.156710
0.8420,  0.151952
0.8425,  0.146089
0.8430,  0.137441
0.8435,  0.133727
0.8440,  0.119394
0.8445,  0.115890
0.8450,  0.120999
0.8455,  0.128157
0.8460,  0.129057
0.8465,  0.131965
0.8470,  0.140869
0.8475,  0.141473
0.8480,  0.145876
0.8485,  0.134119
0.8490,  0.113926
0.8495,  0.108752
0.8500,  0.105669
0.8505,  0.106339
0.8510,  0.111849
0.8515,  0.134714
0.8520,  0.150014
0.8525,  0.139893
0.8530,  0.140532
0.8535,  0.135711
0.8540,  0.108844
0.8545,  0.115248
0.8550,  0.108697
0.8555,  0.105697
0.8560,  0.111268
0.8565,  0.105001
0.8570,  0.101338
0.8575,  0.111983
0.8580,  0.127032
0.8585,  0.129257
0.8590,  0.136476
0.8595,  0.130712
0.8600,  0.115557
0.8605,  0.110357
0.8610,  0.101863
0.8615,  0.097880
0.8620,  0.104957
0.8625,  0.107572
0.8630,  0.115884
0.8635,  0.124906
0.8640,  0.133102
0.8645,  0.119627
0.8650,  0.108137
0.8655,  0.097560
0.8660,  0.067666
0.8665,  0.066503
0.8670,  0.055697
0.8675,  0.064047
0.8680,  0.084628
0.8685,  0.094539
0.8690,  0.117521
0.8695,  0.134485
0.8700,  0.142818
0.8705,  0.142593
0.8710,  0.139177
0.8715,  0.131006
0.8720,  0.114538
0.8725,  0.099708
0.8730,  0.100234
0.8735,  0.087771
0.8740,  0.089678
0.8745,  0.094108
0.8750,  0.115701
0.8755,  0.127929
0.8760,  0.129885
0.8765,  0.131236
0.8770,  0.117599
0.8775,  0.119114
0.8780,  0.126055
0.8785,  0.134580
0.8790,  0.130410
0.8795,  0.131675
0.8800,  0.122858
0.8805,  0.116299
0.8810,  0.109852
0.8815,  0.114043
0.8820,  0.118804
0.8825,  0.107154
0.8830,  0.103858
0.8835,  0.097613
0.8840,  0.107652
0.8845,  0.119603
0.8850,  0.122592
0.8855,  0.116763
0.8860,  0.116389
0.8865,  0.119627
0.8870,  0.120627
0.8875,  0.127599
0.8880,  0.124903
0.8885,  0.133831
0.8890,  0.137355
0.8895,  0.133294
0.8900,  0.120370
