0.3500,  0.045293
0.3505,  0.101560
0.3510,  0.072040
0.3515,  0.044246
0.3520,  0.013903
0.3525,  -0.015571
0.3530,  0.031589
0.3535,  0.069530
0.3540,  0.088119
0.3545,  0.111311
0.3550,  0.097587
0.3555,  0.078610
0.3560,  0.046585
0.3565,  0.012191
0.3570,  -0.012294
0.3575,  -0.042579
0.3580,  -0.071976
0.3585,  -0.120572
0.3590,  0.018515
0.3595,  0.138784
0.3600,  0.127127
0.3605,  0.117597
0.3610,  0.075081
0.3615,  0.028428
0.3620,  0.061368
0.3625,  0.088016
0.3630,  0.074107
0.3635,  0.060307
0.3640,  0.054396
0.3645,  0.043005
0.3650,  0.068739
0.3655,  0.098415
0.3660,  0.112082
0.3665,  0.129109
0.3670,  0.108949
0.3675,  0.089862
0.3680,  0.066818
0.3685,  0.039878
0.3690,  0.075177
0.3695,  0.110066
0.3700,  0.080858
0.3705,  0.049379
0.3710,  0.068309
0.3715,  0.092596
0.3720,  0.068641
0.3725,  0.041805
0.3730,  0.013650
0.3735,  -0.016604
0.3740,  -0.008002
0.3745,  -0.002958
0.3750,  0.063400
0.3755,  0.117139
0.3760,  0.112038
0.3765,  0.095681
0.3770,  0.131225
0.3775,  0.168326
0.3780,  0.165003
0.3785,  0.164327
0.3790,  0.085705
0.3795,  0.003810
0.3800,  0.050238
0.3805,  0.100445
0.3810,  0.081404
0.3815,  0.072060
0.3820,  0.011204
0.3825,  -0.066987
0.3830,  -0.087721
0.3835,  -0.124956
0.3840,  0.003596
0.3845,  0.099161
0.3850,  0.106045
0.3855,  0.110997
0.3860,  0.096006
0.3865,  0.086159
0.3870,  0.082662
0.3875,  0.078893
0.3880,  0.064078
0.3885,  0.048291
0.3890,  0.100864
0.3895,  0.141239
0.3900,  0.142176
0.3905,  0.139861
0.3910,  0.149692
0.3915,  0.175937
0.3920,  0.102630
0.3925,  0.025016
0.3930,  -0.115349
0.3935,  -0.320860
0.3940,  -0.090298
0.3945,  0.076191
0.3950,  0.165052
0.3955,  0.248320
0.3960,  0.119047
0.3965,  -0.047293
0.3970,  -0.032203
0.3975,  -0.035041
0.3980,  0.115866
0.3985,  0.215325
0.3990,  0.197784
0.3995,  0.192642
0.4000,  0.169102
0.4005,  0.145718
0.4010,  0.135102
0.4015,  0.132389
0.4020,  0.123846
0.4025,  0.118570
0.4030,  0.099005
0.4035,  0.082603
0.4040,  0.081322
0.4045,  0.084694
0.4050,  0.089328
0.4055,  0.090106
0.4060,  0.075148
0.4065,  0.060665
0.4070,  0.070649
0.4075,  0.077133
0.4080,  0.095042
0.4085,  0.114076
0.4090,  0.108443
0.4095,  0.105901
0.4100,  0.071203
0.4105,  0.028258
0.4110,  0.083392
0.4115,  0.133370
0.4120,  0.121913
0.4125,  0.109349
0.4130,  0.099008
0.4135,  0.091481
0.4140,  0.086440
0.4145,  0.078665
0.4150,  0.074907
0.4155,  0.071990
0.4160,  0.092068
0.4165,  0.112147
0.4170,  0.080089
0.4175,  0.045513
0.4180,  0.052468
0.4185,  0.061898
0.4190,  0.067669
0.4195,  0.069315
0.4200,  0.079355
0.4205,  0.090601
0.4210,  0.095734
0.4215,  0.103952
0.4220,  0.065757
0.4225,  0.023430
0.4230,  0.057718
0.4235,  0.087930
0.4240,  0.097962
0.4245,  0.111035
0.4250,  0.096926
0.4255,  0.083444
0.4260,  0.087126
0.4265,  0.094901
0.4270,  0.070802
0.4275,  0.046180
0.4280,  0.052869
0.4285,  0.067748
0.4290,  0.055990
0.4295,  0.047521
0.4300,  -0.019637
0.4305,  -0.104452
0.4310,  0.051984
0.4315,  0.166872
0.4320,  0.140357
0.4325,  0.112352
0.4330,  0.116374
0.4335,  0.123421
0.4340,  0.104652
0.4345,  0.084649
0.4350,  0.084768
0.4355,  0.082757
0.4360,  0.111913
0.4365,  0.144406
0.4370,  0.121781
0.4375,  0.102258
0.4380,  0.060030
0.4385,  0.012197
0.4390,  0.069087
0.4395,  0.117349
0.4400,  0.091186
0.4405,  0.061165
0.4410,  0.094250
0.4415,  0.123100
0.4420,  0.121858
0.4425,  0.121772
0.4430,  0.103436
0.4435,  0.087491
0.4440,  0.099382
0.4445,  0.113594
0.4450,  0.088178
0.4455,  0.058623
0.4460,  0.070376
0.4465,  0.079041
0.4470,  0.106058
0.4475,  0.132473
0.4480,  0.109452
0.4485,  0.084705
0.4490,  0.088217
0.4495,  0.091393
0.4500,  0.103786
0.4505,  0.117899
0.4510,  0.112351
0.4515,  0.107082
0.4520,  0.086145
0.4525,  0.065165
0.4530,  0.074945
0.4535,  0.080895
0.4540,  0.084560
0.4545,  0.088616
0.4550,  0.098951
0.4555,  0.106023
0.4560,  0.107590
0.4565,  0.108434
0.4570,  0.109141
0.4575,  0.112447
0.4580,  0.091707
0.4585,  0.070633
0.4590,  0.079025
0.4595,  0.086537
0.4600,  0.092922
0.4605,  0.097594
0.4610,  0.095842
0.4615,  0.093798
0.4620,  0.099633
0.4625,  0.106976
0.4630,  0.095702
0.4635,  0.087653
0.4640,  0.082532
0.4645,  0.076031
0.4650,  0.092672
0.4655,  0.111052
0.4660,  0.094573
0.4665,  0.077014
0.4670,  0.096226
0.4675,  0.111114
0.4680,  0.106693
0.4685,  0.104343
0.4690,  0.107933
0.4695,  0.111151
0.4700,  0.094640
0.4705,  0.075325
0.4710,  0.099635
0.4715,  0.122692
0.4720,  0.121514
0.4725,  0.122108
0.4730,  0.111972
0.4735,  0.102331
0.4740,  0.110930
0.4745,  0.121327
0.4750,  0.115444
0.4755,  0.109833
0.4760,  0.101279
0.4765,  0.091483
0.4770,  0.111562
0.4775,  0.130866
0.4780,  0.116468
0.4785,  0.103502
0.4790,  0.115243
0.4795,  0.125092
0.4800,  0.117143
0.4805,  0.110796
0.4810,  0.118984
0.4815,  0.127103
0.4820,  0.115503
0.4825,  0.108518
0.4830,  0.109859
0.4835,  0.112800
0.4840,  0.111362
0.4845,  0.116478
0.4850,  0.108428
0.4855,  0.098915
0.4860,  0.071568
0.4865,  0.034076
0.4870,  0.075947
0.4875,  0.111293
0.4880,  0.119395
0.4885,  0.125428
0.4890,  0.124448
0.4895,  0.125552
0.4900,  0.129288
0.4905,  0.136723
0.4910,  0.118615
0.4915,  0.099276
0.4920,  0.100867
0.4925,  0.099441
0.4930,  0.095975
0.4935,  0.090018
0.4940,  0.115692
0.4945,  0.141967
0.4950,  0.115959
0.4955,  0.089769
0.4960,  0.106268
0.4965,  0.122599
0.4970,  0.125124
0.4975,  0.129780
0.4980,  0.106269
0.4985,  0.080663
0.4990,  0.102344
0.4995,  0.124207
0.5000,  0.108255
0.5005,  0.091426
0.5010,  0.086261
0.5015,  0.078585
0.5020,  0.095181
0.5025,  0.110551
0.5030,  0.117785
0.5035,  0.122814
0.5040,  0.108762
0.5045,  0.090896
0.5050,  0.107596
0.5055,  0.126753
0.5060,  0.119135
0.5065,  0.113534
0.5070,  0.106266
0.5075,  0.098171
0.5080,  0.100864
0.5085,  0.100690
0.5090,  0.097933
0.5095,  0.096183
0.5100,  0.100035
0.5105,  0.104317
0.5110,  0.112562
0.5115,  0.121320
0.5120,  0.101436
0.5125,  0.082601
0.5130,  0.086912
0.5135,  0.089869
0.5140,  0.096037
0.5145,  0.100277
0.5150,  0.107930
0.5155,  0.120266
0.5160,  0.088817
0.5165,  0.055798
0.5170,  0.078019
0.5175,  0.095265
0.5180,  0.080150
0.5185,  0.059560
0.5190,  0.088850
0.5195,  0.115497
0.5200,  0.107203
0.5205,  0.099531
0.5210,  0.108256
0.5215,  0.118513
0.5220,  0.101396
0.5225,  0.083241
0.5230,  0.093877
0.5235,  0.101797
0.5240,  0.109584
0.5245,  0.121105
0.5250,  0.119432
0.5255,  0.121425
0.5260,  0.081589
0.5265,  0.036424
0.5270,  0.069292
0.5275,  0.094648
0.5280,  0.099420
0.5285,  0.104216
0.5290,  0.102124
0.5295,  0.099966
0.5300,  0.101305
0.5305,  0.104511
0.5310,  0.106707
0.5315,  0.113322
0.5320,  0.084533
0.5325,  0.051053
0.5330,  0.084305
0.5335,  0.113380
0.5340,  0.097582
0.5345,  0.080109
0.5350,  0.100090
0.5355,  0.122260
0.5360,  0.102880
0.5365,  0.082931
0.5370,  0.085875
0.5375,  0.089171
0.5380,  0.095245
0.5385,  0.102479
0.5390,  0.092567
0.5395,  0.083913
0.5400,  0.075121
0.5405,  0.065565
0.5410,  0.087958
0.5415,  0.108218
0.5420,  0.095843
0.5425,  0.083520
0.5430,  0.092394
0.5435,  0.099160
0.5440,  0.096386
0.5445,  0.095110
0.5450,  0.099825
0.5455,  0.103031
0.5460,  0.100758
0.5465,  0.098413
0.5470,  0.091161
0.5475,  0.082464
0.5480,  0.087794
0.5485,  0.092105
0.5490,  0.097928
0.5495,  0.103956
0.5500,  0.097241
0.5505,  0.091156
0.5510,  0.093051
0.5515,  0.095299
0.5520,  0.093944
0.5525,  0.090872
0.5530,  0.096967
0.5535,  0.102332
0.5540,  0.104553
0.5545,  0.106712
0.5550,  0.107932
0.5555,  0.110536
0.5560,  0.098707
0.5565,  0.086899
0.5570,  0.094418
0.5575,  0.103524
0.5580,  0.096596
0.5585,  0.087926
0.5590,  0.091528
0.5595,  0.094948
0.5600,  0.098462
0.5605,  0.101692
0.5610,  0.098171
0.5615,  0.094942
0.5620,  0.100394
0.5625,  0.105447
0.5630,  0.107808
0.5635,  0.110111
0.5640,  0.110584
0.5645,  0.111996
0.5650,  0.103268
0.5655,  0.092598
0.5660,  0.096546
0.5665,  0.101645
0.5670,  0.112498
0.5675,  0.123386
0.5680,  0.109518
0.5685,  0.095811
0.5690,  0.107838
0.5695,  0.121101
0.5700,  0.107022
0.5705,  0.089528
0.5710,  0.096990
0.5715,  0.100512
0.5720,  0.107289
0.5725,  0.116130
0.5730,  0.111563
0.5735,  0.108921
0.5740,  0.109177
0.5745,  0.109740
0.5750,  0.103202
0.5755,  0.094444
0.5760,  0.096493
0.5765,  0.100877
0.5770,  0.104290
0.5775,  0.108057
0.5780,  0.095324
0.5785,  0.079631
0.5790,  0.087383
0.5795,  0.093447
0.5800,  0.092516
0.5805,  0.092631
0.5810,  0.094617
0.5815,  0.097752
0.5820,  0.100570
0.5825,  0.100759
0.5830,  0.095624
0.5835,  0.092028
0.5840,  0.093855
0.5845,  0.099846
0.5850,  0.090042
0.5855,  0.078018
0.5860,  0.089252
0.5865,  0.100524
0.5870,  0.108055
0.5875,  0.120618
0.5880,  0.114384
0.5885,  0.105483
0.5890,  0.082130
0.5895,  0.051591
0.5900,  0.091241
0.5905,  0.127634
0.5910,  0.118973
0.5915,  0.109291
0.5920,  0.107273
0.5925,  0.107469
0.5930,  0.104822
0.5935,  0.106492
0.5940,  0.105201
0.5945,  0.102524
0.5950,  0.104610
0.5955,  0.104329
0.5960,  0.105939
0.5965,  0.108210
0.5970,  0.101846
0.5975,  0.098148
0.5980,  0.094611
0.5985,  0.092922
0.5990,  0.100669
0.5995,  0.106155
0.6000,  0.101394
0.6005,  0.097520
0.6010,  0.099596
0.6015,  0.099979
0.6020,  0.090669
0.6025,  0.079793
0.6030,  0.090631
0.6035,  0.102357
0.6040,  0.100849
0.6045,  0.102459
0.6050,  0.101793
0.6055,  0.098505
0.6060,  0.095254
0.6065,  0.093933
0.6070,  0.095826
0.6075,  0.098562
0.6080,  0.098512
0.6085,  0.098354
0.6090,  0.102791
0.6095,  0.103581
0.6100,  0.095185
0.6105,  0.086566
0.6110,  0.094242
0.6115,  0.103239
0.6120,  0.097805
0.6125,  0.093776
0.6130,  0.092698
0.6135,  0.089773
0.6140,  0.098211
0.6145,  0.108712
0.6150,  0.113154
0.6155,  0.115155
0.6160,  0.091710
0.6165,  0.066430
0.6170,  0.085652
0.6175,  0.106046
0.6180,  0.111289
0.6185,  0.113857
0.6190,  0.110544
0.6195,  0.104779
0.6200,  0.109653
0.6205,  0.115763
0.6210,  0.107200
0.6215,  0.097818
0.6220,  0.105465
0.6225,  0.112871
0.6230,  0.106838
0.6235,  0.102500
0.6240,  0.105574
0.6245,  0.105668
0.6250,  0.099906
0.6255,  0.091671
0.6260,  0.103318
0.6265,  0.116187
0.6270,  0.117029
0.6275,  0.119913
0.6280,  0.121644
0.6285,  0.125379
0.6290,  0.124654
0.6295,  0.123584
0.6300,  0.119729
0.6305,  0.112056
0.6310,  0.105523
0.6315,  0.103918
0.6320,  0.102545
0.6325,  0.104340
0.6330,  0.106187
0.6335,  0.109453
0.6340,  0.111497
0.6345,  0.113768
0.6350,  0.115480
0.6355,  0.114592
0.6360,  0.111360
0.6365,  0.106423
0.6370,  0.102620
0.6375,  0.101585
0.6380,  0.104738
0.6385,  0.108185
0.6390,  0.110869
0.6395,  0.109449
0.6400,  0.106780
0.6405,  0.102283
0.6410,  0.099332
0.6415,  0.099584
0.6420,  0.096429
0.6425,  0.092577
0.6430,  0.091013
0.6435,  0.092597
0.6440,  0.095454
0.6445,  0.103107
0.6450,  0.109078
0.6455,  0.110052
0.6460,  0.110238
0.6465,  0.110424
0.6470,  0.110038
0.6475,  0.107883
0.6480,  0.107145
0.6485,  0.105293
0.6490,  0.101673
0.6495,  0.105189
0.6500,  0.108785
0.6505,  0.114872
0.6510,  0.120515
0.6515,  0.119306
0.6520,  0.118038
0.6525,  0.114582
0.6530,  0.111251
0.6535,  0.103744
0.6540,  0.103233
0.6545,  0.109691
0.6550,  0.119904
0.6555,  0.117037
0.6560,  0.102784
0.6565,  0.077762
0.6570,  0.046209
0.6575,  0.054248
0.6580,  0.065362
0.6585,  0.078171
0.6590,  0.092526
0.6595,  0.088553
0.6600,  0.085423
0.6605,  0.085069
0.6610,  0.086288
0.6615,  0.082369
0.6620,  0.081470
0.6625,  0.080566
0.6630,  0.080501
0.6635,  0.082497
0.6640,  0.080840
0.6645,  0.080701
0.6650,  0.082356
0.6655,  0.079805
0.6660,  0.078817
0.6665,  0.078611
0.6670,  0.074616
0.6675,  0.075062
0.6680,  0.075844
0.6685,  0.078144
0.6690,  0.079709
0.6695,  0.075937
0.6700,  0.073556
0.6705,  0.074261
0.6710,  0.075199
0.6715,  0.077791
0.6720,  0.078041
0.6725,  0.079320
0.6730,  0.078712
0.6735,  0.074645
0.6740,  0.071833
0.6745,  0.068231
0.6750,  0.068080
0.6755,  0.071769
0.6760,  0.072796
0.6765,  0.074852
0.6770,  0.076801
0.6775,  0.077180
0.6780,  0.076065
0.6785,  0.076097
0.6790,  0.074805
0.6795,  0.074504
0.6800,  0.076162
0.6805,  0.077297
0.6810,  0.076639
0.6815,  0.076073
0.6820,  0.079285
0.6825,  0.081468
0.6830,  0.082077
0.6835,  0.081482
0.6840,  0.079346
0.6845,  0.082357
0.6850,  0.090038
0.6855,  0.111951
0.6860,  0.139019
0.6865,  0.163965
0.6870,  0.177414
0.6875,  0.178903
0.6880,  0.179104
0.6885,  0.174153
0.6890,  0.169094
0.6895,  0.163142
0.6900,  0.154173
0.6905,  0.145793
0.6910,  0.139161
0.6915,  0.134159
0.6920,  0.129321
0.6925,  0.129555
0.6930,  0.133254
0.6935,  0.136210
0.6940,  0.134905
0.6945,  0.130303
0.6950,  0.125777
0.6955,  0.117339
0.6960,  0.108438
0.6965,  0.102655
0.6970,  0.098629
0.6975,  0.103250
0.6980,  0.108012
0.6985,  0.114442
0.6990,  0.121037
0.6995,  0.124524
0.7000,  0.124538
0.7005,  0.120215
0.7010,  0.116317
0.7015,  0.117916
0.7020,  0.116568
0.7025,  0.114049
0.7030,  0.111543
0.7035,  0.113984
0.7040,  0.118419
0.7045,  0.123424
0.7050,  0.126398
0.7055,  0.123119
0.7060,  0.118094
0.7065,  0.112244
0.7070,  0.108008
0.7075,  0.103585
0.7080,  0.102921
0.7085,  0.101167
0.7090,  0.098706
0.7095,  0.099698
0.7100,  0.101268
0.7105,  0.098104
0.7110,  0.096161
0.7115,  0.096366
0.7120,  0.098040
0.7125,  0.101460
0.7130,  0.101162
0.7135,  0.101186
0.7140,  0.104579
0.7145,  0.109828
0.7150,  0.117841
0.7155,  0.131247
0.7160,  0.154299
0.7165,  0.180808
0.7170,  0.208212
0.7175,  0.228269
0.7180,  0.242493
0.7185,  0.253370
0.7190,  0.256276
0.7195,  0.248880
0.7200,  0.231941
0.7205,  0.210981
0.7210,  0.189189
0.7215,  0.175287
0.7220,  0.175459
0.7225,  0.189643
0.7230,  0.207268
0.7235,  0.219915
0.7240,  0.227303
0.7245,  0.230651
0.7250,  0.230505
0.7255,  0.229586
0.7260,  0.234274
0.7265,  0.236062
0.7270,  0.234884
0.7275,  0.230142
0.7280,  0.228268
0.7285,  0.221477
0.7290,  0.212927
0.7295,  0.210357
0.7300,  0.208485
0.7305,  0.200061
0.7310,  0.191723
0.7315,  0.178863
0.7320,  0.166298
0.7325,  0.153767
0.7330,  0.142480
0.7335,  0.132826
0.7340,  0.128826
0.7345,  0.126503
0.7350,  0.124320
0.7355,  0.124754
0.7360,  0.123867
0.7365,  0.122425
0.7370,  0.120709
0.7375,  0.117877
0.7380,  0.113568
0.7385,  0.107785
0.7390,  0.104746
0.7395,  0.103288
0.7400,  0.098497
0.7405,  0.092731
0.7410,  0.086077
0.7415,  0.087837
0.7420,  0.092240
0.7425,  0.095189
0.7430,  0.095875
0.7435,  0.092544
0.7440,  0.093342
0.7445,  0.092786
0.7450,  0.090467
0.7455,  0.091028
0.7460,  0.091387
0.7465,  0.095813
0.7470,  0.096169
0.7475,  0.093016
0.7480,  0.087766
0.7485,  0.086570
0.7490,  0.085370
0.7495,  0.087034
0.7500,  0.087550
0.7505,  0.088540
0.7510,  0.088988
0.7515,  0.091375
0.7520,  0.094600
0.7525,  0.092319
0.7530,  0.089083
0.7535,  0.086810
0.7540,  0.085564
0.7545,  0.083637
0.7550,  0.085051
0.7555,  0.084677
0.7560,  0.086219
0.7565,  0.083241
0.7570,  0.081700
0.7575,  0.091511
0.7580,  0.122278
0.7585,  0.185417
0.7590,  0.285877
0.7595,  0.406175
0.7600,  0.510283
0.7605,  0.562217
0.7610,  0.563153
0.7615,  0.543368
0.7620,  0.531034
0.7625,  0.525177
0.7630,  0.509443
0.7635,  0.471915
0.7640,  0.427466
0.7645,  0.377599
0.7650,  0.332707
0.7655,  0.284030
0.7660,  0.233920
0.7665,  0.188317
0.7670,  0.156518
0.7675,  0.137635
0.7680,  0.123604
0.7685,  0.115298
0.7690,  0.107341
0.7695,  0.099141
0.7700,  0.096064
0.7705,  0.094385
0.7710,  0.092045
0.7715,  0.089327
0.7720,  0.090956
0.7725,  0.094520
0.7730,  0.099508
0.7735,  0.101672
0.7740,  0.099488
0.7745,  0.093537
0.7750,  0.088785
0.7755,  0.089593
0.7760,  0.085594
0.7765,  0.086595
0.7770,  0.089790
0.7775,  0.088269
0.7780,  0.088681
0.7785,  0.087011
0.7790,  0.087010
0.7795,  0.084624
0.7800,  0.083831
0.7805,  0.079124
0.7810,  0.075555
0.7815,  0.076601
0.7820,  0.080889
0.7825,  0.083264
0.7830,  0.083332
0.7835,  0.082966
0.7840,  0.085688
0.7845,  0.087326
0.7850,  0.087876
0.7855,  0.084052
0.7860,  0.076888
0.7865,  0.080790
0.7870,  0.083567
0.7875,  0.085494
0.7880,  0.090681
0.7885,  0.090957
0.7890,  0.097558
0.7895,  0.100924
0.7900,  0.099578
0.7905,  0.099058
0.7910,  0.098122
0.7915,  0.099125
0.7920,  0.102831
0.7925,  0.100149
0.7930,  0.102596
0.7935,  0.097275
0.7940,  0.092231
0.7945,  0.087594
0.7950,  0.087603
0.7955,  0.093278
0.7960,  0.102309
0.7965,  0.105200
0.7970,  0.104502
0.7975,  0.102447
0.7980,  0.097727
0.7985,  0.097436
0.7990,  0.096852
0.7995,  0.101615
0.8000,  0.104080
0.8005,  0.105087
0.8010,  0.107597
0.8015,  0.108138
0.8020,  0.105153
0.8025,  0.102247
0.8030,  0.097925
0.8035,  0.092239
0.8040,  0.090410
0.8045,  0.090103
0.8050,  0.089088
0.8055,  0.092542
0.8060,  0.088880
0.8065,  0.089942
0.8070,  0.091134
0.8075,  0.095932
0.8080,  0.097146
0.8085,  0.093963
0.8090,  0.090898
0.8095,  0.090039
0.8100,  0.092936
0.8105,  0.097697
0.8110,  0.104523
0.8115,  0.109843
0.8120,  0.122771
0.8125,  0.138039
0.8130,  0.153466
0.8135,  0.173940
0.8140,  0.188850
0.8145,  0.200475
0.8150,  0.210483
0.8155,  0.215093
0.8160,  0.219590
0.8165,  0.232992
0.8170,  0.239244
0.8175,  0.237087
0.8180,  0.232924
0.8185,  0.218630
0.8190,  0.196778
0.8195,  0.184258
0.8200,  0.176382
0.8205,  0.170956
0.8210,  0.176517
0.8215,  0.190955
0.8220,  0.211284
0.8225,  0.225559
0.8230,  0.227671
0.8235,  0.211276
0.8240,  0.185891
0.8245,  0.163680
0.8250,  0.157421
0.8255,  0.154468
0.8260,  0.156274
0.8265,  0.160867
0.8270,  0.167071
0.8275,  0.178722
0.8280,  0.185935
0.8285,  0.179349
0.8290,  0.175954
0.8295,  0.173446
0.8300,  0.171115
0.8305,  0.171446
0.8310,  0.169734
0.8315,  0.165121
0.8320,  0.164884
0.8325,  0.153293
0.8330,  0.145302
0.8335,  0.140491
0.8340,  0.136835
0.8345,  0.132479
0.8350,  0.130803
0.8355,  0.129586
0.8360,  0.129235
0.8365,  0.121998
0.8370,  0.106545
0.8375,  0.098997
0.8380,  0.088070
0.8385,  0.087632
0.8390,  0.080273
0.8395,  0.072919
0.8400,  0.067390
0.8405,  0.075272
0.8410,  0.082411
0.8415,  0.082018
0.8420,  0.084680
0.8425,  0.084410
0.8430,  0.081630
0.8435,  0.070478
0.8440,  0.067285
0.8445,  0.060502
0.8450,  0.054327
0.8455,  0.053195
0.8460,  0.055771
0.8465,  0.064131
0.8470,  0.068550
0.8475,  0.076076
0.8480,  0.081401
0.8485,  0.077054
0.8490,  0.069531
0.8495,  0.053294
0.8500,  0.044975
0.8505,  0.048004
0.8510,  0.047271
0.8515,  0.052679
0.8520,  0.062557
0.8525,  0.056619
0.8530,  0.058233
0.8535,  0.050376
0.8540,  0.026642
0.8545,  0.039041
0.8550,  0.039193
0.8555,  0.044182
0.8560,  0.051688
0.8565,  0.048438
0.8570,  0.043696
0.8575,  0.048465
0.8580,  0.056945
0.8585,  0.059914
0.8590,  0.064209
0.8595,  0.067243
0.8600,  0.063921
0.8605,  0.051796
0.8610,  0.048635
0.8615,  0.042817
0.8620,  0.044349
0.8625,  0.046714
0.8630,  0.050541
0.8635,  0.053675
0.8640,  0.056369
0.8645,  0.051385
0.8650,  0.045495
0.8655,  0.043678
0.8660,  0.025299
0.8665,  0.027914
0.8670,  0.025231
0.8675,  0.022378
0.8680,  0.031452
0.8685,  0.036140
0.8690,  0.040507
0.8695,  0.051917
0.8700,  0.058347
0.8705,  0.058035
0.8710,  0.053696
0.8715,  0.057010
0.8720,  0.059887
0.8725,  0.056241
0.8730,  0.049513
0.8735,  0.044966
0.8740,  0.052333
0.8745,  0.056432
0.8750,  0.057461
0.8755,  0.070082
0.8760,  0.078821
0.8765,  0.072860
0.8770,  0.068069
0.8775,  0.066736
0.8780,  0.054956
0.8785,  0.048571
0.8790,  0.040742
0.8795,  0.040888
0.8800,  0.048189
0.8805,  0.060383
0.8810,  0.058291
0.8815,  0.055657
0.8820,  0.045367
0.8825,  0.036108
0.8830,  0.033468
0.8835,  0.031322
0.8840,  0.032083
0.8845,  0.036883
0.8850,  0.035628
0.8855,  0.037498
0.8860,  0.036785
0.8865,  0.029243
0.8870,  0.030738
0.8875,  0.033892
0.8880,  0.028950
0.8885,  0.032009
0.8890,  0.037588
0.8895,  0.044137
0.8900,  0.047674
