0.3500,  -0.003779
0.3505,  0.044329
0.3510,  0.021520
0.3515,  -0.005126
0.3520,  -0.032533
0.3525,  -0.060696
0.3530,  -0.027701
0.3535,  -0.001139
0.3540,  0.013329
0.3545,  0.030356
0.3550,  0.012241
0.3555,  0.004262
0.3560,  -0.018611
0.3565,  -0.045779
0.3570,  -0.068765
0.3575,  -0.098134
0.3580,  -0.134459
0.3585,  -0.182665
0.3590,  -0.056069
0.3595,  0.048790
0.3600,  0.043370
0.3605,  0.033758
0.3610,  -0.005547
0.3615,  -0.050352
0.3620,  -0.013975
0.3625,  0.019326
0.3630,  0.012652
0.3635,  0.004031
0.3640,  -0.000577
0.3645,  -0.010807
0.3650,  0.017622
0.3655,  0.042637
0.3660,  0.053217
0.3665,  0.065586
0.3670,  0.044704
0.3675,  0.024536
0.3680,  -0.003375
0.3685,  -0.031760
0.3690,  0.000291
0.3695,  0.035178
0.3700,  0.014535
0.3705,  -0.005937
0.3710,  0.010621
0.3715,  0.028927
0.3720,  0.009001
0.3725,  -0.011868
0.3730,  -0.038598
0.3735,  -0.066948
0.3740,  -0.059567
0.3745,  -0.059135
0.3750,  -0.000764
0.3755,  0.046424
0.3760,  0.039773
0.3765,  0.029422
0.3770,  0.068007
0.3775,  0.104071
0.3780,  0.101750
0.3785,  0.104532
0.3790,  0.032628
0.3795,  -0.045530
0.3800,  -0.003044
0.3805,  0.042575
0.3810,  0.021033
0.3815,  0.004413
0.3820,  -0.061423
0.3825,  -0.140767
0.3830,  -0.158716
0.3835,  -0.189017
0.3840,  -0.062612
0.3845,  0.034820
0.3850,  0.044307
0.3855,  0.052348
0.3860,  0.043020
0.3865,  0.038523
0.3870,  0.036884
0.3875,  0.032526
0.3880,  0.017684
0.3885,  -0.003612
0.3890,  0.038667
0.3895,  0.075299
0.3900,  0.077202
0.3905,  0.077613
0.3910,  0.087773
0.3915,  0.109272
0.3920,  0.037746
0.3925,  -0.034790
0.3930,  -0.165105
0.3935,  -0.351620
0.3940,  -0.130807
0.3945,  0.024793
0.3950,  0.105727
0.3955,  0.179303
0.3960,  0.052659
0.3965,  -0.103822
0.3970,  -0.086927
0.3975,  -0.085019
0.3980,  0.064225
0.3985,  0.168382
0.3990,  0.159527
0.3995,  0.154690
0.4000,  0.128908
0.4005,  0.103403
0.4010,  0.091040
0.4015,  0.084842
0.4020,  0.075124
0.4025,  0.071827
0.4030,  0.055876
0.4035,  0.040515
0.4040,  0.037849
0.4045,  0.036723
0.4050,  0.035757
0.4055,  0.035419
0.4060,  0.023130
0.4065,  0.012254
0.4070,  0.023973
0.4075,  0.032265
0.4080,  0.051915
0.4085,  0.071399
0.4090,  0.068546
0.4095,  0.065778
0.4100,  0.028049
0.4105,  -0.016209
0.4110,  0.035883
0.4115,  0.084783
0.4120,  0.074611
0.4125,  0.064303
0.4130,  0.053204
0.4135,  0.044849
0.4140,  0.039829
0.4145,  0.034194
0.4150,  0.032519
0.4155,  0.030076
0.4160,  0.048521
0.4165,  0.068632
0.4170,  0.039131
0.4175,  0.005239
0.4180,  0.009277
0.4185,  0.016387
0.4190,  0.023350
0.4195,  0.027064
0.4200,  0.039475
0.4205,  0.052250
0.4210,  0.057759
0.4215,  0.063650
0.4220,  0.026268
0.4225,  -0.013528
0.4230,  0.014756
0.4235,  0.041963
0.4240,  0.050655
0.4245,  0.063880
0.4250,  0.053824
0.4255,  0.041418
0.4260,  0.042882
0.4265,  0.047972
0.4270,  0.022971
0.4275,  0.000775
0.4280,  0.011575
0.4285,  0.023134
0.4290,  0.012081
0.4295,  0.006229
0.4300,  -0.057502
0.4305,  -0.139572
0.4310,  0.005459
0.4315,  0.113442
0.4320,  0.091508
0.4325,  0.068376
0.4330,  0.070900
0.4335,  0.076073
0.4340,  0.056525
0.4345,  0.038904
0.4350,  0.043937
0.4355,  0.045844
0.4360,  0.077615
0.4365,  0.107554
0.4370,  0.082132
0.4375,  0.060201
0.4380,  0.019619
0.4385,  -0.026014
0.4390,  0.026290
0.4395,  0.073030
0.4400,  0.050961
0.4405,  0.026450
0.4410,  0.060853
0.4415,  0.090430
0.4420,  0.088653
0.4425,  0.086846
0.4430,  0.067098
0.4435,  0.051113
0.4440,  0.060845
0.4445,  0.072632
0.4450,  0.049558
0.4455,  0.021884
0.4460,  0.032079
0.4465,  0.041357
0.4470,  0.066867
0.4475,  0.093165
0.4480,  0.074060
0.4485,  0.051983
0.4490,  0.055579
0.4495,  0.056670
0.4500,  0.068105
0.4505,  0.080598
0.4510,  0.075329
0.4515,  0.069123
0.4520,  0.044774
0.4525,  0.022634
0.4530,  0.030834
0.4535,  0.040368
0.4540,  0.046656
0.4545,  0.051585
0.4550,  0.059996
0.4555,  0.066717
0.4560,  0.069299
0.4565,  0.073495
0.4570,  0.075084
0.4575,  0.077805
0.4580,  0.057460
0.4585,  0.037640
0.4590,  0.045847
0.4595,  0.052110
0.4600,  0.056235
0.4605,  0.060772
0.4610,  0.061276
0.4615,  0.061390
0.4620,  0.068242
0.4625,  0.074765
0.4630,  0.062773
0.4635,  0.054889
0.4640,  0.048111
0.4645,  0.040835
0.4650,  0.057409
0.4655,  0.075828
0.4660,  0.058811
0.4665,  0.041585
0.4670,  0.061586
0.4675,  0.076589
0.4680,  0.073025
0.4685,  0.072958
0.4690,  0.074494
0.4695,  0.079325
0.4700,  0.064006
0.4705,  0.045389
0.4710,  0.068635
0.4715,  0.090411
0.4720,  0.088902
0.4725,  0.088523
0.4730,  0.079695
0.4735,  0.070867
0.4740,  0.078610
0.4745,  0.088045
0.4750,  0.084028
0.4755,  0.080212
0.4760,  0.072407
0.4765,  0.063459
0.4770,  0.082147
0.4775,  0.099426
0.4780,  0.086644
0.4785,  0.073848
0.4790,  0.083996
0.4795,  0.093532
0.4800,  0.085499
0.4805,  0.078975
0.4810,  0.088310
0.4815,  0.097480
0.4820,  0.087827
0.4825,  0.081692
0.4830,  0.083467
0.4835,  0.086618
0.4840,  0.084440
0.4845,  0.086556
0.4850,  0.075833
0.4855,  0.066654
0.4860,  0.042128
0.4865,  0.007954
0.4870,  0.048666
0.4875,  0.083781
0.4880,  0.093993
0.4885,  0.101135
0.4890,  0.100170
0.4895,  0.100113
0.4900,  0.102004
0.4905,  0.107062
0.4910,  0.089265
0.4915,  0.072292
0.4920,  0.074160
0.4925,  0.074465
0.4930,  0.071465
0.4935,  0.065522
0.4940,  0.089779
0.4945,  0.114376
0.4950,  0.089993
0.4955,  0.065927
0.4960,  0.080629
0.4965,  0.095613
0.4970,  0.097065
0.4975,  0.100028
0.4980,  0.076866
0.4985,  0.052697
0.4990,  0.073849
0.4995,  0.094969
0.5000,  0.080289
0.5005,  0.064893
0.5010,  0.061154
0.5015,  0.054914
0.5020,  0.069015
0.5025,  0.082244
0.5030,  0.088919
0.5035,  0.095422
0.5040,  0.083384
0.5045,  0.068324
0.5050,  0.084577
0.5055,  0.099957
0.5060,  0.091152
0.5065,  0.085222
0.5070,  0.078480
0.5075,  0.071855
0.5080,  0.075084
0.5085,  0.076652
0.5090,  0.075031
0.5095,  0.073413
0.5100,  0.076909
0.5105,  0.080414
0.5110,  0.088413
0.5115,  0.097554
0.5120,  0.078564
0.5125,  0.060238
0.5130,  0.063748
0.5135,  0.065666
0.5140,  0.070662
0.5145,  0.073692
0.5150,  0.079924
0.5155,  0.092414
0.5160,  0.063869
0.5165,  0.032945
0.5170,  0.053242
0.5175,  0.069290
0.5180,  0.055819
0.5185,  0.037114
0.5190,  0.064616
0.5195,  0.089515
0.5200,  0.082210
0.5205,  0.075214
0.5210,  0.083374
0.5215,  0.093184
0.5220,  0.077630
0.5225,  0.060480
0.5230,  0.069949
0.5235,  0.077798
0.5240,  0.084925
0.5245,  0.093282
0.5250,  0.089901
0.5255,  0.090038
0.5260,  0.052505
0.5265,  0.011224
0.5270,  0.043563
0.5275,  0.069752
0.5280,  0.077157
0.5285,  0.082835
0.5290,  0.080496
0.5295,  0.079004
0.5300,  0.080839
0.5305,  0.082843
0.5310,  0.083657
0.5315,  0.087967
0.5320,  0.058905
0.5325,  0.028336
0.5330,  0.058510
0.5335,  0.084564
0.5340,  0.071260
0.5345,  0.056127
0.5350,  0.075262
0.5355,  0.096433
0.5360,  0.077876
0.5365,  0.059814
0.5370,  0.063277
0.5375,  0.066643
0.5380,  0.073194
0.5385,  0.080912
0.5390,  0.071184
0.5395,  0.062412
0.5400,  0.053570
0.5405,  0.044017
0.5410,  0.064998
0.5415,  0.083871
0.5420,  0.072236
0.5425,  0.060886
0.5430,  0.070277
0.5435,  0.078531
0.5440,  0.076292
0.5445,  0.076092
0.5450,  0.080217
0.5455,  0.081632
0.5460,  0.078687
0.5465,  0.076900
0.5470,  0.070321
0.5475,  0.062649
0.5480,  0.067921
0.5485,  0.072490
0.5490,  0.077604
0.5495,  0.083001
0.5500,  0.077033
0.5505,  0.071124
0.5510,  0.072255
0.5515,  0.073570
0.5520,  0.070094
0.5525,  0.066588
0.5530,  0.072341
0.5535,  0.077660
0.5540,  0.080281
0.5545,  0.083077
0.5550,  0.083755
0.5555,  0.085605
0.5560,  0.075505
0.5565,  0.065616
0.5570,  0.072888
0.5575,  0.080472
0.5580,  0.073578
0.5585,  0.065707
0.5590,  0.070247
0.5595,  0.073704
0.5600,  0.077994
0.5605,  0.081532
0.5610,  0.078715
0.5615,  0.075212
0.5620,  0.078679
0.5625,  0.082449
0.5630,  0.084239
0.5635,  0.086642
0.5640,  0.086896
0.5645,  0.088344
0.5650,  0.082541
0.5655,  0.073757
0.5660,  0.077997
0.5665,  0.082720
0.5670,  0.093072
0.5675,  0.103791
0.5680,  0.090639
0.5685,  0.077105
0.5690,  0.087472
0.5695,  0.099548
0.5700,  0.086412
0.5705,  0.070662
0.5710,  0.078373
0.5715,  0.082105
0.5720,  0.088708
0.5725,  0.096503
0.5730,  0.090840
0.5735,  0.087610
0.5740,  0.087196
0.5745,  0.087014
0.5750,  0.081334
0.5755,  0.074179
0.5760,  0.076822
0.5765,  0.080438
0.5770,  0.084420
0.5775,  0.088260
0.5780,  0.076062
0.5785,  0.061940
0.5790,  0.068141
0.5795,  0.073874
0.5800,  0.074788
0.5805,  0.076003
0.5810,  0.076897
0.5815,  0.077694
0.5820,  0.080855
0.5825,  0.081963
0.5830,  0.077691
0.5835,  0.074422
0.5840,  0.075902
0.5845,  0.079089
0.5850,  0.069017
0.5855,  0.057782
0.5860,  0.068594
0.5865,  0.078877
0.5870,  0.086414
0.5875,  0.098195
0.5880,  0.093249
0.5885,  0.087412
0.5890,  0.069201
0.5895,  0.044011
0.5900,  0.082770
0.5905,  0.118081
0.5910,  0.109279
0.5915,  0.099138
0.5920,  0.097107
0.5925,  0.097436
0.5930,  0.094168
0.5935,  0.093124
0.5940,  0.089752
0.5945,  0.086499
0.5950,  0.088212
0.5955,  0.087544
0.5960,  0.088981
0.5965,  0.092567
0.5970,  0.088505
0.5975,  0.084846
0.5980,  0.080756
0.5985,  0.077941
0.5990,  0.083344
0.5995,  0.088544
0.6000,  0.085595
0.6005,  0.082102
0.6010,  0.083556
0.6015,  0.082860
0.6020,  0.072986
0.6025,  0.063610
0.6030,  0.073722
0.6035,  0.084842
0.6040,  0.084173
0.6045,  0.085037
0.6050,  0.084037
0.6055,  0.081536
0.6060,  0.079944
0.6065,  0.078833
0.6070,  0.079924
0.6075,  0.081645
0.6080,  0.081403
0.6085,  0.081790
0.6090,  0.085072
0.6095,  0.086603
0.6100,  0.080241
0.6105,  0.073083
0.6110,  0.081266
0.6115,  0.089591
0.6120,  0.083076
0.6125,  0.076273
0.6130,  0.074368
0.6135,  0.070762
0.6140,  0.078002
0.6145,  0.086136
0.6150,  0.089869
0.6155,  0.092518
0.6160,  0.073126
0.6165,  0.051083
0.6170,  0.069228
0.6175,  0.089045
0.6180,  0.093671
0.6185,  0.096681
0.6190,  0.093068
0.6195,  0.087744
0.6200,  0.090904
0.6205,  0.095104
0.6210,  0.086267
0.6215,  0.077915
0.6220,  0.085003
0.6225,  0.093867
0.6230,  0.087941
0.6235,  0.084024
0.6240,  0.086948
0.6245,  0.088157
0.6250,  0.084258
0.6255,  0.078991
0.6260,  0.090294
0.6265,  0.101859
0.6270,  0.102501
0.6275,  0.104830
0.6280,  0.107422
0.6285,  0.110746
0.6290,  0.110444
0.6295,  0.109614
0.6300,  0.105837
0.6305,  0.099192
0.6310,  0.092099
0.6315,  0.088822
0.6320,  0.085525
0.6325,  0.085516
0.6330,  0.087242
0.6335,  0.089137
0.6340,  0.091188
0.6345,  0.093550
0.6350,  0.097205
0.6355,  0.098518
0.6360,  0.097815
0.6365,  0.095308
0.6370,  0.091376
0.6375,  0.087926
0.6380,  0.087694
0.6385,  0.090268
0.6390,  0.093366
0.6395,  0.093176
0.6400,  0.092048
0.6405,  0.089336
0.6410,  0.085047
0.6415,  0.084054
0.6420,  0.082911
0.6425,  0.079977
0.6430,  0.079003
0.6435,  0.079821
0.6440,  0.082532
0.6445,  0.086432
0.6450,  0.091745
0.6455,  0.094723
0.6460,  0.096891
0.6465,  0.098339
0.6470,  0.097725
0.6475,  0.095786
0.6480,  0.094681
0.6485,  0.091893
0.6490,  0.086657
0.6495,  0.088558
0.6500,  0.090226
0.6505,  0.095144
0.6510,  0.100290
0.6515,  0.099025
0.6520,  0.098025
0.6525,  0.094909
0.6530,  0.093066
0.6535,  0.086629
0.6540,  0.085522
0.6545,  0.090101
0.6550,  0.099784
0.6555,  0.100034
0.6560,  0.091711
0.6565,  0.070359
0.6570,  0.041696
0.6575,  0.049410
0.6580,  0.058027
0.6585,  0.068265
0.6590,  0.078535
0.6595,  0.074156
0.6600,  0.070879
0.6605,  0.068201
0.6610,  0.066785
0.6615,  0.064980
0.6620,  0.065380
0.6625,  0.065523
0.6630,  0.066807
0.6635,  0.070692
0.6640,  0.071720
0.6645,  0.070613
0.6650,  0.069925
0.6655,  0.066735
0.6660,  0.065246
0.6665,  0.064788
0.6670,  0.061615
0.6675,  0.063034
0.6680,  0.062216
0.6685,  0.063838
0.6690,  0.065354
0.6695,  0.063213
0.6700,  0.063926
0.6705,  0.063901
0.6710,  0.062872
0.6715,  0.064489
0.6720,  0.064523
0.6725,  0.063137
0.6730,  0.060971
0.6735,  0.057811
0.6740,  0.058357
0.6745,  0.061058
0.6750,  0.060717
0.6755,  0.060938
0.6760,  0.063429
0.6765,  0.065718
0.6770,  0.064774
0.6775,  0.062320
0.6780,  0.062035
0.6785,  0.061378
0.6790,  0.059448
0.6795,  0.058065
0.6800,  0.057896
0.6805,  0.059201
0.6810,  0.058812
0.6815,  0.058124
0.6820,  0.059402
0.6825,  0.061758
0.6830,  0.064670
0.6835,  0.066973
0.6840,  0.067661
0.6845,  0.069782
0.6850,  0.073868
0.6855,  0.090908
0.6860,  0.116940
0.6865,  0.144226
0.6870,  0.162286
0.6875,  0.165576
0.6880,  0.164256
0.6885,  0.158404
0.6890,  0.153340
0.6895,  0.148258
0.6900,  0.142085
0.6905,  0.134412
0.6910,  0.126493
0.6915,  0.122272
0.6920,  0.119211
0.6925,  0.120691
0.6930,  0.123492
0.6935,  0.124274
0.6940,  0.125603
0.6945,  0.123430
0.6950,  0.118429
0.6955,  0.110975
0.6960,  0.102375
0.6965,  0.095114
0.6970,  0.090675
0.6975,  0.090840
0.6980,  0.097253
0.6985,  0.103412
0.6990,  0.107346
0.6995,  0.107451
0.7000,  0.106533
0.7005,  0.103604
0.7010,  0.099378
0.7015,  0.100983
0.7020,  0.101864
0.7025,  0.101476
0.7030,  0.100365
0.7035,  0.103545
0.7040,  0.105206
0.7045,  0.108115
0.7050,  0.111370
0.7055,  0.111161
0.7060,  0.109625
0.7065,  0.101911
0.7070,  0.098399
0.7075,  0.095065
0.7080,  0.092796
0.7085,  0.089871
0.7090,  0.085643
0.7095,  0.085567
0.7100,  0.086198
0.7105,  0.088655
0.7110,  0.091179
0.7115,  0.089959
0.7120,  0.089153
0.7125,  0.088522
0.7130,  0.087829
0.7135,  0.088631
0.7140,  0.091594
0.7145,  0.095484
0.7150,  0.101602
0.7155,  0.113205
0.7160,  0.135641
0.7165,  0.162327
0.7170,  0.192013
0.7175,  0.216532
0.7180,  0.236897
0.7185,  0.249008
0.7190,  0.253257
0.7195,  0.247674
0.7200,  0.233044
0.7205,  0.210349
0.7210,  0.187184
0.7215,  0.171912
0.7220,  0.170860
0.7225,  0.179927
0.7230,  0.194543
0.7235,  0.206914
0.7240,  0.218226
0.7245,  0.222554
0.7250,  0.226579
0.7255,  0.227160
0.7260,  0.223006
0.7265,  0.221282
0.7270,  0.221071
0.7275,  0.216958
0.7280,  0.214273
0.7285,  0.211244
0.7290,  0.209824
0.7295,  0.210295
0.7300,  0.207347
0.7305,  0.201880
0.7310,  0.193089
0.7315,  0.181110
0.7320,  0.168443
0.7325,  0.154164
0.7330,  0.140295
0.7335,  0.129229
0.7340,  0.122411
0.7345,  0.119665
0.7350,  0.120699
0.7355,  0.122358
0.7360,  0.120029
0.7365,  0.116926
0.7370,  0.109001
0.7375,  0.101376
0.7380,  0.099683
0.7385,  0.100419
0.7390,  0.095929
0.7395,  0.089572
0.7400,  0.085330
0.7405,  0.082415
0.7410,  0.079362
0.7415,  0.081634
0.7420,  0.083636
0.7425,  0.080705
0.7430,  0.080187
0.7435,  0.075941
0.7440,  0.073627
0.7445,  0.073173
0.7450,  0.070180
0.7455,  0.070647
0.7460,  0.073093
0.7465,  0.077347
0.7470,  0.081120
0.7475,  0.077210
0.7480,  0.075607
0.7485,  0.074062
0.7490,  0.073137
0.7495,  0.074110
0.7500,  0.075275
0.7505,  0.074994
0.7510,  0.073265
0.7515,  0.073698
0.7520,  0.073187
0.7525,  0.071923
0.7530,  0.071349
0.7535,  0.071398
0.7540,  0.072956
0.7545,  0.076418
0.7550,  0.074950
0.7555,  0.073215
0.7560,  0.072490
0.7565,  0.072838
0.7570,  0.073442
0.7575,  0.080562
0.7580,  0.103099
0.7585,  0.154455
0.7590,  0.237879
0.7595,  0.352291
0.7600,  0.461304
0.7605,  0.525752
0.7610,  0.534604
0.7615,  0.517683
0.7620,  0.496023
0.7625,  0.486357
0.7630,  0.476073
0.7635,  0.452485
0.7640,  0.417242
0.7645,  0.375160
0.7650,  0.332595
0.7655,  0.282988
0.7660,  0.232446
0.7665,  0.190113
0.7670,  0.154163
0.7675,  0.129815
0.7680,  0.112629
0.7685,  0.106007
0.7690,  0.103022
0.7695,  0.095733
0.7700,  0.091807
0.7705,  0.090389
0.7710,  0.085017
0.7715,  0.082790
0.7720,  0.079906
0.7725,  0.076363
0.7730,  0.076840
0.7735,  0.071870
0.7740,  0.068333
0.7745,  0.064655
0.7750,  0.064299
0.7755,  0.065012
0.7760,  0.064548
0.7765,  0.068333
0.7770,  0.073642
0.7775,  0.075815
0.7780,  0.076178
0.7785,  0.073578
0.7790,  0.068377
0.7795,  0.066333
0.7800,  0.066198
0.7805,  0.063829
0.7810,  0.063887
0.7815,  0.064642
0.7820,  0.069699
0.7825,  0.071303
0.7830,  0.069959
0.7835,  0.071651
0.7840,  0.069445
0.7845,  0.069942
0.7850,  0.068516
0.7855,  0.070071
0.7860,  0.073206
0.7865,  0.077307
0.7870,  0.080714
0.7875,  0.083198
0.7880,  0.084119
0.7885,  0.088537
0.7890,  0.092465
0.7895,  0.091272
0.7900,  0.089276
0.7905,  0.087437
0.7910,  0.084241
0.7915,  0.080927
0.7920,  0.082775
0.7925,  0.081126
0.7930,  0.082743
0.7935,  0.082992
0.7940,  0.084351
0.7945,  0.084914
0.7950,  0.083048
0.7955,  0.084627
0.7960,  0.081773
0.7965,  0.080019
0.7970,  0.080528
0.7975,  0.077819
0.7980,  0.078861
0.7985,  0.082158
0.7990,  0.082674
0.7995,  0.084588
0.8000,  0.085707
0.8005,  0.086908
0.8010,  0.084249
0.8015,  0.084586
0.8020,  0.086172
0.8025,  0.086962
0.8030,  0.086579
0.8035,  0.084427
0.8040,  0.085675
0.8045,  0.082072
0.8050,  0.074603
0.8055,  0.070322
0.8060,  0.072901
0.8065,  0.077797
0.8070,  0.082790
0.8075,  0.080331
0.8080,  0.074517
0.8085,  0.069630
0.8090,  0.069337
0.8095,  0.078466
0.8100,  0.087766
0.8105,  0.094934
0.8110,  0.103651
0.8115,  0.115907
0.8120,  0.131394
0.8125,  0.149349
0.8130,  0.162814
0.8135,  0.177443
0.8140,  0.193514
0.8145,  0.204708
0.8150,  0.215528
0.8155,  0.223725
0.8160,  0.232117
0.8165,  0.240362
0.8170,  0.247713
0.8175,  0.241939
0.8180,  0.231752
0.8185,  0.217138
0.8190,  0.201870
0.8195,  0.191477
0.8200,  0.177453
0.8205,  0.168122
0.8210,  0.168689
0.8215,  0.181757
0.8220,  0.207046
0.8225,  0.222765
0.8230,  0.223046
0.8235,  0.205831
0.8240,  0.179244
0.8245,  0.161366
0.8250,  0.148959
0.8255,  0.143364
0.8260,  0.147134
0.8265,  0.151279
0.8270,  0.163215
0.8275,  0.173794
0.8280,  0.180590
0.8285,  0.178217
0.8290,  0.174317
0.8295,  0.168829
0.8300,  0.163171
0.8305,  0.158702
0.8310,  0.153459
0.8315,  0.144373
0.8320,  0.138763
0.8325,  0.134867
0.8330,  0.132291
0.8335,  0.129395
0.8340,  0.125122
0.8345,  0.120302
0.8350,  0.112760
0.8355,  0.106165
0.8360,  0.105210
0.8365,  0.101004
0.8370,  0.094647
0.8375,  0.088320
0.8380,  0.083930
0.8385,  0.080845
0.8390,  0.078698
0.8395,  0.076577
0.8400,  0.075484
0.8405,  0.074949
0.8410,  0.072560
0.8415,  0.068430
0.8420,  0.060977
0.8425,  0.063747
0.8430,  0.067905
0.8435,  0.066968
0.8440,  0.063541
0.8445,  0.061995
0.8450,  0.059322
0.8455,  0.056450
0.8460,  0.054999
0.8465,  0.054686
0.8470,  0.054780
0.8475,  0.054978
0.8480,  0.060254
0.8485,  0.050587
0.8490,  0.049427
0.8495,  0.050346
0.8500,  0.047963
0.8505,  0.056828
0.8510,  0.054589
0.8515,  0.051132
0.8520,  0.054094
0.8525,  0.043160
0.8530,  0.043226
0.8535,  0.047548
0.8540,  0.029253
0.8545,  0.039436
0.8550,  0.041876
0.8555,  0.047144
0.8560,  0.054914
0.8565,  0.050470
0.8570,  0.047667
0.8575,  0.044408
0.8580,  0.048604
0.8585,  0.044582
0.8590,  0.040790
0.8595,  0.041424
0.8600,  0.043496
0.8605,  0.045804
0.8610,  0.045144
0.8615,  0.044132
0.8620,  0.041617
0.8625,  0.040640
0.8630,  0.039436
0.8635,  0.040901
0.8640,  0.042181
0.8645,  0.029875
0.8650,  0.018445
0.8655,  0.017509
0.8660,  0.007681
0.8665,  0.023639
0.8670,  0.031312
0.8675,  0.034600
0.8680,  0.038291
0.8685,  0.035600
0.8690,  0.029663
0.8695,  0.026902
0.8700,  0.037362
0.8705,  0.039014
0.8710,  0.045252
0.8715,  0.047555
0.8720,  0.053351
0.8725,  0.054393
0.8730,  0.049329
0.8735,  0.042181
0.8740,  0.040162
0.8745,  0.040372
0.8750,  0.041142
0.8755,  0.037839
0.8760,  0.036477
0.8765,  0.039021
0.8770,  0.041705
0.8775,  0.044455
0.8780,  0.044367
0.8785,  0.041786
0.8790,  0.044562
0.8795,  0.043959
0.8800,  0.038581
0.8805,  0.034817
0.8810,  0.031442
0.8815,  0.030093
0.8820,  0.024227
0.8825,  0.029733
0.8830,  0.037183
0.8835,  0.036994
0.8840,  0.039238
0.8845,  0.038984
0.8850,  0.039514
0.8855,  0.042531
0.8860,  0.043158
0.8865,  0.044750
0.8870,  0.043674
0.8875,  0.038196
0.8880,  0.038706
0.8885,  0.039638
0.8890,  0.039516
0.8895,  0.047017
0.8900,  0.046212
