0.3500,  0.140583
0.3505,  0.200593
0.3510,  0.167715
0.3515,  0.129604
0.3520,  0.084982
0.3525,  0.039449
0.3530,  0.086966
0.3535,  0.124160
0.3540,  0.141626
0.3545,  0.166329
0.3550,  0.143778
0.3555,  0.131737
0.3560,  0.098896
0.3565,  0.067177
0.3570,  0.033971
0.3575,  -0.003936
0.3580,  -0.047697
0.3585,  -0.105483
0.3590,  0.059268
0.3595,  0.191661
0.3600,  0.169219
0.3605,  0.149837
0.3610,  0.092498
0.3615,  0.040979
0.3620,  0.084575
0.3625,  0.131778
0.3630,  0.126552
0.3635,  0.117906
0.3640,  0.113555
0.3645,  0.100372
0.3650,  0.132696
0.3655,  0.161399
0.3660,  0.167132
0.3665,  0.179520
0.3670,  0.146966
0.3675,  0.121964
0.3680,  0.090901
0.3685,  0.055191
0.3690,  0.100036
0.3695,  0.152003
0.3700,  0.127184
0.3705,  0.097127
0.3710,  0.117258
0.3715,  0.142027
0.3720,  0.112065
0.3725,  0.080707
0.3730,  0.044294
0.3735,  0.003606
0.3740,  0.007721
0.3745,  0.008670
0.3750,  0.089430
0.3755,  0.156456
0.3760,  0.151374
0.3765,  0.141468
0.3770,  0.194568
0.3775,  0.240955
0.3780,  0.237536
0.3785,  0.241334
0.3790,  0.146316
0.3795,  0.039940
0.3800,  0.090756
0.3805,  0.145299
0.3810,  0.117013
0.3815,  0.101643
0.3820,  0.017835
0.3825,  -0.089032
0.3830,  -0.113200
0.3835,  -0.149653
0.3840,  0.016438
0.3845,  0.144990
0.3850,  0.158429
0.3855,  0.170377
0.3860,  0.155946
0.3865,  0.145177
0.3870,  0.139714
0.3875,  0.132302
0.3880,  0.110640
0.3885,  0.084012
0.3890,  0.142247
0.3895,  0.187590
0.3900,  0.184585
0.3905,  0.183337
0.3910,  0.199231
0.3915,  0.231074
0.3920,  0.138767
0.3925,  0.043501
0.3930,  -0.126788
0.3935,  -0.370023
0.3940,  -0.078386
0.3945,  0.126657
0.3950,  0.226517
0.3955,  0.319996
0.3960,  0.161325
0.3965,  -0.039149
0.3970,  -0.019289
0.3975,  -0.019922
0.3980,  0.168356
0.3985,  0.298799
0.3990,  0.279459
0.3995,  0.265486
0.4000,  0.231207
0.4005,  0.200974
0.4010,  0.187126
0.4015,  0.178981
0.4020,  0.163627
0.4025,  0.155042
0.4030,  0.130619
0.4035,  0.107804
0.4040,  0.104625
0.4045,  0.105898
0.4050,  0.107063
0.4055,  0.108110
0.4060,  0.093082
0.4065,  0.080254
0.4070,  0.094146
0.4075,  0.102930
0.4080,  0.128857
0.4085,  0.153099
0.4090,  0.145080
0.4095,  0.136724
0.4100,  0.086520
0.4105,  0.031058
0.4110,  0.099837
0.4115,  0.162366
0.4120,  0.148494
0.4125,  0.134491
0.4130,  0.122365
0.4135,  0.111022
0.4140,  0.102930
0.4145,  0.095002
0.4150,  0.093896
0.4155,  0.092225
0.4160,  0.113241
0.4165,  0.139521
0.4170,  0.102513
0.4175,  0.059447
0.4180,  0.066506
0.4185,  0.076529
0.4190,  0.084324
0.4195,  0.087153
0.4200,  0.100556
0.4205,  0.114047
0.4210,  0.121683
0.4215,  0.131624
0.4220,  0.083300
0.4225,  0.033435
0.4230,  0.070116
0.4235,  0.106447
0.4240,  0.117563
0.4245,  0.132425
0.4250,  0.115363
0.4255,  0.100029
0.4260,  0.103906
0.4265,  0.114635
0.4270,  0.085529
0.4275,  0.055747
0.4280,  0.070217
0.4285,  0.083982
0.4290,  0.068399
0.4295,  0.053416
0.4300,  -0.031807
0.4305,  -0.140466
0.4310,  0.052585
0.4315,  0.195261
0.4320,  0.162402
0.4325,  0.133975
0.4330,  0.142247
0.4335,  0.151949
0.4340,  0.124675
0.4345,  0.098277
0.4350,  0.097061
0.4355,  0.097774
0.4360,  0.137912
0.4365,  0.176345
0.4370,  0.143517
0.4375,  0.117246
0.4380,  0.068425
0.4385,  0.013146
0.4390,  0.082616
0.4395,  0.140779
0.4400,  0.109657
0.4405,  0.077200
0.4410,  0.121267
0.4415,  0.158722
0.4420,  0.157019
0.4425,  0.154970
0.4430,  0.128677
0.4435,  0.105687
0.4440,  0.116954
0.4445,  0.133200
0.4450,  0.100929
0.4455,  0.062209
0.4460,  0.075999
0.4465,  0.090987
0.4470,  0.127356
0.4475,  0.162808
0.4480,  0.137726
0.4485,  0.109649
0.4490,  0.113223
0.4495,  0.115250
0.4500,  0.129866
0.4505,  0.143635
0.4510,  0.132734
0.4515,  0.124480
0.4520,  0.092494
0.4525,  0.063493
0.4530,  0.078953
0.4535,  0.090788
0.4540,  0.099403
0.4545,  0.102622
0.4550,  0.110572
0.4555,  0.118132
0.4560,  0.120270
0.4565,  0.122822
0.4570,  0.124459
0.4575,  0.128634
0.4580,  0.102234
0.4585,  0.075341
0.4590,  0.086288
0.4595,  0.096226
0.4600,  0.104223
0.4605,  0.112447
0.4610,  0.115387
0.4615,  0.113474
0.4620,  0.118544
0.4625,  0.126411
0.4630,  0.112013
0.4635,  0.102185
0.4640,  0.093692
0.4645,  0.086738
0.4650,  0.109961
0.4655,  0.131639
0.4660,  0.111546
0.4665,  0.093685
0.4670,  0.119670
0.4675,  0.135846
0.4680,  0.129619
0.4685,  0.127461
0.4690,  0.129034
0.4695,  0.133502
0.4700,  0.112796
0.4705,  0.084424
0.4710,  0.114328
0.4715,  0.142598
0.4720,  0.141999
0.4725,  0.141985
0.4730,  0.130216
0.4735,  0.120520
0.4740,  0.131084
0.4745,  0.142406
0.4750,  0.136769
0.4755,  0.131760
0.4760,  0.120587
0.4765,  0.107394
0.4770,  0.132287
0.4775,  0.155055
0.4780,  0.137432
0.4785,  0.119855
0.4790,  0.134122
0.4795,  0.147910
0.4800,  0.137760
0.4805,  0.130836
0.4810,  0.142342
0.4815,  0.154618
0.4820,  0.142281
0.4825,  0.133427
0.4830,  0.133493
0.4835,  0.136603
0.4840,  0.133153
0.4845,  0.135709
0.4850,  0.122560
0.4855,  0.111193
0.4860,  0.079688
0.4865,  0.035522
0.4870,  0.088182
0.4875,  0.132963
0.4880,  0.144479
0.4885,  0.152987
0.4890,  0.151238
0.4895,  0.150327
0.4900,  0.152670
0.4905,  0.161073
0.4910,  0.138266
0.4915,  0.116807
0.4920,  0.118376
0.4925,  0.117831
0.4930,  0.111770
0.4935,  0.103710
0.4940,  0.136064
0.4945,  0.167483
0.4950,  0.135143
0.4955,  0.102500
0.4960,  0.122933
0.4965,  0.141799
0.4970,  0.144220
0.4975,  0.149179
0.4980,  0.119041
0.4985,  0.086532
0.4990,  0.113204
0.4995,  0.140062
0.5000,  0.119843
0.5005,  0.098893
0.5010,  0.092853
0.5015,  0.083964
0.5020,  0.103484
0.5025,  0.122263
0.5030,  0.130280
0.5035,  0.137446
0.5040,  0.122999
0.5045,  0.104205
0.5050,  0.123575
0.5055,  0.143448
0.5060,  0.131884
0.5065,  0.123648
0.5070,  0.114157
0.5075,  0.104374
0.5080,  0.108775
0.5085,  0.111631
0.5090,  0.111195
0.5095,  0.109837
0.5100,  0.114513
0.5105,  0.118968
0.5110,  0.127541
0.5115,  0.137257
0.5120,  0.110915
0.5125,  0.086279
0.5130,  0.090095
0.5135,  0.091963
0.5140,  0.099718
0.5145,  0.104815
0.5150,  0.114495
0.5155,  0.130979
0.5160,  0.093401
0.5165,  0.052963
0.5170,  0.080233
0.5175,  0.102673
0.5180,  0.086395
0.5185,  0.062046
0.5190,  0.096819
0.5195,  0.129549
0.5200,  0.120088
0.5205,  0.110775
0.5210,  0.122321
0.5215,  0.135130
0.5220,  0.112909
0.5225,  0.090650
0.5230,  0.104070
0.5235,  0.113871
0.5240,  0.122773
0.5245,  0.133538
0.5250,  0.128223
0.5255,  0.129140
0.5260,  0.080073
0.5265,  0.026941
0.5270,  0.069927
0.5275,  0.103032
0.5280,  0.110336
0.5285,  0.115548
0.5290,  0.112068
0.5295,  0.110445
0.5300,  0.113002
0.5305,  0.117142
0.5310,  0.118253
0.5315,  0.124101
0.5320,  0.087421
0.5325,  0.046553
0.5330,  0.085851
0.5335,  0.121257
0.5340,  0.104072
0.5345,  0.084547
0.5350,  0.110099
0.5355,  0.136203
0.5360,  0.110551
0.5365,  0.087047
0.5370,  0.091528
0.5375,  0.094932
0.5380,  0.101553
0.5385,  0.109222
0.5390,  0.096643
0.5395,  0.085448
0.5400,  0.076169
0.5405,  0.063814
0.5410,  0.088922
0.5415,  0.113224
0.5420,  0.100417
0.5425,  0.086928
0.5430,  0.098445
0.5435,  0.108453
0.5440,  0.105811
0.5445,  0.104977
0.5450,  0.109718
0.5455,  0.112993
0.5460,  0.107818
0.5465,  0.103571
0.5470,  0.094156
0.5475,  0.085449
0.5480,  0.093024
0.5485,  0.098983
0.5490,  0.104988
0.5495,  0.111711
0.5500,  0.104657
0.5505,  0.098223
0.5510,  0.101179
0.5515,  0.103592
0.5520,  0.099705
0.5525,  0.092905
0.5530,  0.099637
0.5535,  0.107484
0.5540,  0.109096
0.5545,  0.111530
0.5550,  0.113362
0.5555,  0.116929
0.5560,  0.103588
0.5565,  0.091291
0.5570,  0.100427
0.5575,  0.110688
0.5580,  0.101954
0.5585,  0.093142
0.5590,  0.099577
0.5595,  0.103151
0.5600,  0.107806
0.5605,  0.112189
0.5610,  0.106032
0.5615,  0.100949
0.5620,  0.106227
0.5625,  0.112675
0.5630,  0.116027
0.5635,  0.119857
0.5640,  0.120911
0.5645,  0.122153
0.5650,  0.112888
0.5655,  0.100054
0.5660,  0.105313
0.5665,  0.110576
0.5670,  0.122498
0.5675,  0.135794
0.5680,  0.119666
0.5685,  0.102983
0.5690,  0.117989
0.5695,  0.133829
0.5700,  0.116724
0.5705,  0.095479
0.5710,  0.104813
0.5715,  0.110611
0.5720,  0.118743
0.5725,  0.128993
0.5730,  0.122148
0.5735,  0.117446
0.5740,  0.115477
0.5745,  0.114279
0.5750,  0.106928
0.5755,  0.099014
0.5760,  0.103534
0.5765,  0.107500
0.5770,  0.112501
0.5775,  0.117501
0.5780,  0.101751
0.5785,  0.082698
0.5790,  0.090853
0.5795,  0.098107
0.5800,  0.097529
0.5805,  0.098237
0.5810,  0.100584
0.5815,  0.103983
0.5820,  0.107404
0.5825,  0.110095
0.5830,  0.105308
0.5835,  0.101505
0.5840,  0.104342
0.5845,  0.108187
0.5850,  0.094200
0.5855,  0.079428
0.5860,  0.093961
0.5865,  0.106919
0.5870,  0.115732
0.5875,  0.130071
0.5880,  0.123390
0.5885,  0.115496
0.5890,  0.089197
0.5895,  0.056319
0.5900,  0.107700
0.5905,  0.153215
0.5910,  0.141598
0.5915,  0.129093
0.5920,  0.126941
0.5925,  0.125750
0.5930,  0.120467
0.5935,  0.120974
0.5940,  0.117836
0.5945,  0.114296
0.5950,  0.118582
0.5955,  0.119443
0.5960,  0.120146
0.5965,  0.122688
0.5970,  0.116132
0.5975,  0.110149
0.5980,  0.105779
0.5985,  0.102669
0.5990,  0.109660
0.5995,  0.117509
0.6000,  0.112093
0.6005,  0.109601
0.6010,  0.110988
0.6015,  0.110750
0.6020,  0.099813
0.6025,  0.087392
0.6030,  0.101534
0.6035,  0.115423
0.6040,  0.112797
0.6045,  0.113976
0.6050,  0.113932
0.6055,  0.110419
0.6060,  0.106017
0.6065,  0.104023
0.6070,  0.105656
0.6075,  0.108714
0.6080,  0.107717
0.6085,  0.108578
0.6090,  0.114917
0.6095,  0.118207
0.6100,  0.109802
0.6105,  0.099620
0.6110,  0.107427
0.6115,  0.116991
0.6120,  0.107822
0.6125,  0.099851
0.6130,  0.097305
0.6135,  0.093845
0.6140,  0.104356
0.6145,  0.116464
0.6150,  0.121139
0.6155,  0.123778
0.6160,  0.097396
0.6165,  0.067858
0.6170,  0.091298
0.6175,  0.115842
0.6180,  0.120899
0.6185,  0.124401
0.6190,  0.119891
0.6195,  0.113512
0.6200,  0.120184
0.6205,  0.127870
0.6210,  0.118190
0.6215,  0.106711
0.6220,  0.113634
0.6225,  0.122949
0.6230,  0.115393
0.6235,  0.108338
0.6240,  0.113730
0.6245,  0.116684
0.6250,  0.113360
0.6255,  0.106962
0.6260,  0.120728
0.6265,  0.135290
0.6270,  0.135342
0.6275,  0.138869
0.6280,  0.140762
0.6285,  0.143648
0.6290,  0.143703
0.6295,  0.144089
0.6300,  0.139876
0.6305,  0.131784
0.6310,  0.122378
0.6315,  0.120001
0.6320,  0.117047
0.6325,  0.117008
0.6330,  0.120129
0.6335,  0.123062
0.6340,  0.127062
0.6345,  0.131339
0.6350,  0.135429
0.6355,  0.136073
0.6360,  0.134644
0.6365,  0.129489
0.6370,  0.123968
0.6375,  0.120517
0.6380,  0.120360
0.6385,  0.120993
0.6390,  0.123804
0.6395,  0.123698
0.6400,  0.122522
0.6405,  0.117712
0.6410,  0.112075
0.6415,  0.112699
0.6420,  0.110798
0.6425,  0.109567
0.6430,  0.108672
0.6435,  0.110088
0.6440,  0.109523
0.6445,  0.115700
0.6450,  0.125720
0.6455,  0.131586
0.6460,  0.134935
0.6465,  0.135780
0.6470,  0.134499
0.6475,  0.132161
0.6480,  0.130558
0.6485,  0.125248
0.6490,  0.118507
0.6495,  0.121199
0.6500,  0.123996
0.6505,  0.128324
0.6510,  0.133087
0.6515,  0.133249
0.6520,  0.131562
0.6525,  0.127966
0.6530,  0.126282
0.6535,  0.118435
0.6540,  0.115284
0.6545,  0.119220
0.6550,  0.130645
0.6555,  0.133290
0.6560,  0.122525
0.6565,  0.094512
0.6570,  0.059390
0.6575,  0.069016
0.6580,  0.080240
0.6585,  0.094664
0.6590,  0.110061
0.6595,  0.102117
0.6600,  0.097799
0.6605,  0.093323
0.6610,  0.090627
0.6615,  0.086906
0.6620,  0.085233
0.6625,  0.087137
0.6630,  0.088187
0.6635,  0.092424
0.6640,  0.092580
0.6645,  0.095483
0.6650,  0.097315
0.6655,  0.094995
0.6660,  0.091788
0.6665,  0.088903
0.6670,  0.084120
0.6675,  0.085998
0.6680,  0.087739
0.6685,  0.092508
0.6690,  0.095190
0.6695,  0.090387
0.6700,  0.088334
0.6705,  0.087477
0.6710,  0.088454
0.6715,  0.091135
0.6720,  0.091079
0.6725,  0.091570
0.6730,  0.090081
0.6735,  0.085649
0.6740,  0.084074
0.6745,  0.080663
0.6750,  0.076984
0.6755,  0.078649
0.6760,  0.083379
0.6765,  0.087657
0.6770,  0.090376
0.6775,  0.090788
0.6780,  0.086935
0.6785,  0.084320
0.6790,  0.082389
0.6795,  0.084049
0.6800,  0.084683
0.6805,  0.083726
0.6810,  0.085040
0.6815,  0.088114
0.6820,  0.094076
0.6825,  0.098480
0.6830,  0.099526
0.6835,  0.098755
0.6840,  0.097054
0.6845,  0.093209
0.6850,  0.096262
0.6855,  0.117983
0.6860,  0.152474
0.6865,  0.187610
0.6870,  0.212392
0.6875,  0.213737
0.6880,  0.209802
0.6885,  0.203056
0.6890,  0.197230
0.6895,  0.191353
0.6900,  0.184778
0.6905,  0.173660
0.6910,  0.165043
0.6915,  0.160266
0.6920,  0.158366
0.6925,  0.159399
0.6930,  0.164461
0.6935,  0.162625
0.6940,  0.160629
0.6945,  0.161116
0.6950,  0.159502
0.6955,  0.149240
0.6960,  0.141252
0.6965,  0.134199
0.6970,  0.127382
0.6975,  0.128858
0.6980,  0.133835
0.6985,  0.140357
0.6990,  0.146058
0.6995,  0.145350
0.7000,  0.144710
0.7005,  0.144524
0.7010,  0.142201
0.7015,  0.147120
0.7020,  0.147530
0.7025,  0.142721
0.7030,  0.139748
0.7035,  0.142618
0.7040,  0.141565
0.7045,  0.143861
0.7050,  0.148161
0.7055,  0.146594
0.7060,  0.142068
0.7065,  0.137620
0.7070,  0.133634
0.7075,  0.129569
0.7080,  0.127194
0.7085,  0.125660
0.7090,  0.123117
0.7095,  0.125767
0.7100,  0.123935
0.7105,  0.121871
0.7110,  0.121196
0.7115,  0.119035
0.7120,  0.119562
0.7125,  0.120632
0.7130,  0.122717
0.7135,  0.125757
0.7140,  0.131957
0.7145,  0.136393
0.7150,  0.144535
0.7155,  0.161663
0.7160,  0.188549
0.7165,  0.219127
0.7170,  0.250353
0.7175,  0.279953
0.7180,  0.306840
0.7185,  0.323301
0.7190,  0.331293
0.7195,  0.332179
0.7200,  0.317828
0.7205,  0.290024
0.7210,  0.257532
0.7215,  0.232689
0.7220,  0.232081
0.7225,  0.242644
0.7230,  0.260472
0.7235,  0.276456
0.7240,  0.293119
0.7245,  0.296788
0.7250,  0.298710
0.7255,  0.295407
0.7260,  0.295885
0.7265,  0.296528
0.7270,  0.297888
0.7275,  0.292324
0.7280,  0.293345
0.7285,  0.285192
0.7290,  0.277254
0.7295,  0.272059
0.7300,  0.260872
0.7305,  0.256631
0.7310,  0.252032
0.7315,  0.240319
0.7320,  0.226563
0.7325,  0.213287
0.7330,  0.198819
0.7335,  0.181522
0.7340,  0.171093
0.7345,  0.164750
0.7350,  0.162670
0.7355,  0.162591
0.7360,  0.161577
0.7365,  0.158870
0.7370,  0.160230
0.7375,  0.157211
0.7380,  0.151535
0.7385,  0.143292
0.7390,  0.137312
0.7395,  0.132915
0.7400,  0.129855
0.7405,  0.126776
0.7410,  0.123093
0.7415,  0.124251
0.7420,  0.125481
0.7425,  0.127033
0.7430,  0.123606
0.7435,  0.117817
0.7440,  0.116306
0.7445,  0.114301
0.7450,  0.110416
0.7455,  0.110103
0.7460,  0.114367
0.7465,  0.116918
0.7470,  0.116681
0.7475,  0.111868
0.7480,  0.108199
0.7485,  0.107382
0.7490,  0.105335
0.7495,  0.110613
0.7500,  0.117517
0.7505,  0.120223
0.7510,  0.120015
0.7515,  0.118737
0.7520,  0.113546
0.7525,  0.111858
0.7530,  0.105463
0.7535,  0.098201
0.7540,  0.097586
0.7545,  0.099754
0.7550,  0.107544
0.7555,  0.108817
0.7560,  0.109179
0.7565,  0.111043
0.7570,  0.115601
0.7575,  0.128097
0.7580,  0.156379
0.7585,  0.213149
0.7590,  0.313557
0.7595,  0.451842
0.7600,  0.596645
0.7605,  0.681448
0.7610,  0.695478
0.7615,  0.667523
0.7620,  0.646642
0.7625,  0.637315
0.7630,  0.625020
0.7635,  0.592572
0.7640,  0.546554
0.7645,  0.486075
0.7650,  0.424335
0.7655,  0.360211
0.7660,  0.297412
0.7665,  0.241559
0.7670,  0.199555
0.7675,  0.176056
0.7680,  0.162047
0.7685,  0.153738
0.7690,  0.147383
0.7695,  0.141367
0.7700,  0.132455
0.7705,  0.124909
0.7710,  0.118958
0.7715,  0.120582
0.7720,  0.124957
0.7725,  0.118136
0.7730,  0.116758
0.7735,  0.111805
0.7740,  0.114445
0.7745,  0.114273
0.7750,  0.116687
0.7755,  0.114364
0.7760,  0.111611
0.7765,  0.112926
0.7770,  0.115348
0.7775,  0.113603
0.7780,  0.113061
0.7785,  0.115193
0.7790,  0.118194
0.7795,  0.116693
0.7800,  0.116764
0.7805,  0.115570
0.7810,  0.116024
0.7815,  0.118364
0.7820,  0.114613
0.7825,  0.107895
0.7830,  0.105166
0.7835,  0.102295
0.7840,  0.104353
0.7845,  0.100498
0.7850,  0.101574
0.7855,  0.101727
0.7860,  0.104975
0.7865,  0.108660
0.7870,  0.115562
0.7875,  0.117708
0.7880,  0.123001
0.7885,  0.124877
0.7890,  0.129330
0.7895,  0.129730
0.7900,  0.131254
0.7905,  0.137068
0.7910,  0.134351
0.7915,  0.132817
0.7920,  0.131431
0.7925,  0.134883
0.7930,  0.144645
0.7935,  0.145714
0.7940,  0.136842
0.7945,  0.128408
0.7950,  0.124678
0.7955,  0.120060
0.7960,  0.117624
0.7965,  0.120819
0.7970,  0.125786
0.7975,  0.134385
0.7980,  0.135514
0.7985,  0.136023
0.7990,  0.132949
0.7995,  0.131002
0.8000,  0.135010
0.8005,  0.135859
0.8010,  0.138166
0.8015,  0.135223
0.8020,  0.132489
0.8025,  0.131340
0.8030,  0.133837
0.8035,  0.136950
0.8040,  0.133327
0.8045,  0.136609
0.8050,  0.137379
0.8055,  0.136097
0.8060,  0.128408
0.8065,  0.120027
0.8070,  0.121329
0.8075,  0.119019
0.8080,  0.118857
0.8085,  0.117385
0.8090,  0.125534
0.8095,  0.138437
0.8100,  0.155344
0.8105,  0.163022
0.8110,  0.168225
0.8115,  0.174501
0.8120,  0.183150
0.8125,  0.191424
0.8130,  0.210443
0.8135,  0.230948
0.8140,  0.255360
0.8145,  0.281175
0.8150,  0.309023
0.8155,  0.331800
0.8160,  0.344316
0.8165,  0.350944
0.8170,  0.341849
0.8175,  0.325866
0.8180,  0.309604
0.8185,  0.290498
0.8190,  0.266247
0.8195,  0.256238
0.8200,  0.239309
0.8205,  0.227495
0.8210,  0.229570
0.8215,  0.257444
0.8220,  0.296366
0.8225,  0.334524
0.8230,  0.331400
0.8235,  0.304932
0.8240,  0.263762
0.8245,  0.236074
0.8250,  0.220423
0.8255,  0.209969
0.8260,  0.221982
0.8265,  0.231168
0.8270,  0.245054
0.8275,  0.264004
0.8280,  0.279020
0.8285,  0.272352
0.8290,  0.264815
0.8295,  0.254313
0.8300,  0.231612
0.8305,  0.221839
0.8310,  0.217363
0.8315,  0.221818
0.8320,  0.223413
0.8325,  0.229043
0.8330,  0.223356
0.8335,  0.217479
0.8340,  0.205154
0.8345,  0.191762
0.8350,  0.183788
0.8355,  0.180200
0.8360,  0.167302
0.8365,  0.158952
0.8370,  0.153682
0.8375,  0.145776
0.8380,  0.140777
0.8385,  0.143532
0.8390,  0.146497
0.8395,  0.144562
0.8400,  0.149062
0.8405,  0.140870
0.8410,  0.126262
0.8415,  0.123295
0.8420,  0.120655
0.8425,  0.125382
0.8430,  0.124023
0.8435,  0.123647
0.8440,  0.120225
0.8445,  0.125757
0.8450,  0.124487
0.8455,  0.115505
0.8460,  0.114223
0.8465,  0.104007
0.8470,  0.101560
0.8475,  0.108904
0.8480,  0.119859
0.8485,  0.122353
0.8490,  0.121303
0.8495,  0.111908
0.8500,  0.096479
0.8505,  0.102075
0.8510,  0.098406
0.8515,  0.092844
0.8520,  0.093888
0.8525,  0.082612
0.8530,  0.084899
0.8535,  0.082209
0.8540,  0.064375
0.8545,  0.090780
0.8550,  0.092465
0.8555,  0.107609
0.8560,  0.118996
0.8565,  0.120495
0.8570,  0.119720
0.8575,  0.121947
0.8580,  0.121297
0.8585,  0.111132
0.8590,  0.091654
0.8595,  0.086408
0.8600,  0.096132
0.8605,  0.102179
0.8610,  0.104052
0.8615,  0.103227
0.8620,  0.096756
0.8625,  0.103117
0.8630,  0.097893
0.8635,  0.098893
0.8640,  0.112439
0.8645,  0.098136
0.8650,  0.085678
0.8655,  0.084071
0.8660,  0.074801
0.8665,  0.093269
0.8670,  0.095533
0.8675,  0.088355
0.8680,  0.074650
0.8685,  0.080376
0.8690,  0.096620
0.8695,  0.100695
0.8700,  0.101803
0.8705,  0.093966
0.8710,  0.096118
0.8715,  0.101843
0.8720,  0.115653
0.8725,  0.122526
0.8730,  0.126014
0.8735,  0.122224
0.8740,  0.115639
0.8745,  0.111055
0.8750,  0.103087
0.8755,  0.095875
0.8760,  0.089758
0.8765,  0.109050
0.8770,  0.112526
0.8775,  0.119274
0.8780,  0.129601
0.8785,  0.117839
0.8790,  0.104435
0.8795,  0.104533
0.8800,  0.108384
0.8805,  0.117110
0.8810,  0.112762
0.8815,  0.105747
0.8820,  0.099243
0.8825,  0.093520
0.8830,  0.094133
0.8835,  0.092172
0.8840,  0.097817
0.8845,  0.101032
0.8850,  0.101561
0.8855,  0.101253
0.8860,  0.098075
0.8865,  0.106030
0.8870,  0.090982
0.8875,  0.086710
0.8880,  0.086202
0.8885,  0.090546
0.8890,  0.106571
0.8895,  0.122987
0.8900,  0.135846
