0.3500,  0.330500
0.3505,  0.390493
0.3510,  0.361365
0.3515,  0.329214
0.3520,  0.292176
0.3525,  0.256290
0.3530,  0.294434
0.3535,  0.328753
0.3540,  0.345663
0.3545,  0.362166
0.3550,  0.342650
0.3555,  0.328363
0.3560,  0.298066
0.3565,  0.261661
0.3570,  0.233640
0.3575,  0.203724
0.3580,  0.172963
0.3585,  0.117608
0.3590,  0.256371
0.3595,  0.370986
0.3600,  0.356238
0.3605,  0.340926
0.3610,  0.295754
0.3615,  0.248637
0.3620,  0.285292
0.3625,  0.324569
0.3630,  0.309582
0.3635,  0.291458
0.3640,  0.279104
0.3645,  0.258720
0.3650,  0.283770
0.3655,  0.310240
0.3660,  0.322284
0.3665,  0.345796
0.3670,  0.321834
0.3675,  0.297575
0.3680,  0.270209
0.3685,  0.241398
0.3690,  0.281134
0.3695,  0.320554
0.3700,  0.298053
0.3705,  0.275238
0.3710,  0.296385
0.3715,  0.316437
0.3720,  0.288583
0.3725,  0.263554
0.3730,  0.233430
0.3735,  0.193414
0.3740,  0.192511
0.3745,  0.188871
0.3750,  0.252487
0.3755,  0.304310
0.3760,  0.295736
0.3765,  0.279489
0.3770,  0.319076
0.3775,  0.359312
0.3780,  0.357707
0.3785,  0.362421
0.3790,  0.281864
0.3795,  0.193290
0.3800,  0.243138
0.3805,  0.299143
0.3810,  0.282709
0.3815,  0.273009
0.3820,  0.204191
0.3825,  0.115897
0.3830,  0.087380
0.3835,  0.040762
0.3840,  0.173390
0.3845,  0.271667
0.3850,  0.275573
0.3855,  0.282515
0.3860,  0.268592
0.3865,  0.260008
0.3870,  0.256356
0.3875,  0.246326
0.3880,  0.222182
0.3885,  0.199175
0.3890,  0.249731
0.3895,  0.288568
0.3900,  0.289973
0.3905,  0.295404
0.3910,  0.316471
0.3915,  0.355006
0.3920,  0.286358
0.3925,  0.210710
0.3930,  0.063054
0.3935,  -0.160473
0.3940,  0.077152
0.3945,  0.243891
0.3950,  0.330429
0.3955,  0.418909
0.3960,  0.279710
0.3965,  0.097895
0.3970,  0.108416
0.3975,  0.098829
0.3980,  0.253814
0.3985,  0.358495
0.3990,  0.343876
0.3995,  0.338898
0.4000,  0.310432
0.4005,  0.285315
0.4010,  0.279691
0.4015,  0.281605
0.4020,  0.272123
0.4025,  0.265283
0.4030,  0.247885
0.4035,  0.230661
0.4040,  0.226695
0.4045,  0.229401
0.4050,  0.233746
0.4055,  0.234669
0.4060,  0.219540
0.4065,  0.202586
0.4070,  0.207453
0.4075,  0.209945
0.4080,  0.228160
0.4085,  0.252854
0.4090,  0.251711
0.4095,  0.248661
0.4100,  0.206151
0.4105,  0.153798
0.4110,  0.210210
0.4115,  0.262837
0.4120,  0.249563
0.4125,  0.235260
0.4130,  0.221116
0.4135,  0.212358
0.4140,  0.209513
0.4145,  0.203939
0.4150,  0.202501
0.4155,  0.197231
0.4160,  0.216447
0.4165,  0.241559
0.4170,  0.210848
0.4175,  0.177304
0.4180,  0.183767
0.4185,  0.189497
0.4190,  0.195615
0.4195,  0.197030
0.4200,  0.207910
0.4205,  0.218773
0.4210,  0.221372
0.4215,  0.228531
0.4220,  0.190578
0.4225,  0.143902
0.4230,  0.175329
0.4235,  0.204167
0.4240,  0.217865
0.4245,  0.230323
0.4250,  0.217819
0.4255,  0.202268
0.4260,  0.202573
0.4265,  0.209154
0.4270,  0.184335
0.4275,  0.158767
0.4280,  0.170083
0.4285,  0.186045
0.4290,  0.178361
0.4295,  0.173832
0.4300,  0.100937
0.4305,  -0.001072
0.4310,  0.153709
0.4315,  0.266685
0.4320,  0.234188
0.4325,  0.205919
0.4330,  0.215682
0.4335,  0.223336
0.4340,  0.200057
0.4345,  0.176667
0.4350,  0.174821
0.4355,  0.172930
0.4360,  0.207184
0.4365,  0.245189
0.4370,  0.222178
0.4375,  0.205151
0.4380,  0.164646
0.4385,  0.114259
0.4390,  0.171493
0.4395,  0.220067
0.4400,  0.189196
0.4405,  0.156432
0.4410,  0.194731
0.4415,  0.227235
0.4420,  0.223822
0.4425,  0.222125
0.4430,  0.201261
0.4435,  0.181006
0.4440,  0.189728
0.4445,  0.205118
0.4450,  0.180514
0.4455,  0.151321
0.4460,  0.165302
0.4465,  0.172297
0.4470,  0.199857
0.4475,  0.226693
0.4480,  0.203268
0.4485,  0.176769
0.4490,  0.179605
0.4495,  0.181482
0.4500,  0.194215
0.4505,  0.207061
0.4510,  0.199377
0.4515,  0.198000
0.4520,  0.172904
0.4525,  0.150224
0.4530,  0.159197
0.4535,  0.164163
0.4540,  0.167019
0.4545,  0.167470
0.4550,  0.175037
0.4555,  0.181327
0.4560,  0.185049
0.4565,  0.189799
0.4570,  0.197195
0.4575,  0.204638
0.4580,  0.183233
0.4585,  0.160687
0.4590,  0.169202
0.4595,  0.172808
0.4600,  0.174497
0.4605,  0.177144
0.4610,  0.176317
0.4615,  0.176002
0.4620,  0.183147
0.4625,  0.189703
0.4630,  0.177462
0.4635,  0.171327
0.4640,  0.165534
0.4645,  0.158710
0.4650,  0.176105
0.4655,  0.195029
0.4660,  0.176026
0.4665,  0.155177
0.4670,  0.174120
0.4675,  0.188937
0.4680,  0.186327
0.4685,  0.187908
0.4690,  0.191126
0.4695,  0.194938
0.4700,  0.175718
0.4705,  0.151628
0.4710,  0.175145
0.4715,  0.198341
0.4720,  0.197429
0.4725,  0.197418
0.4730,  0.187333
0.4735,  0.176511
0.4740,  0.183848
0.4745,  0.194015
0.4750,  0.189642
0.4755,  0.184408
0.4760,  0.172815
0.4765,  0.161052
0.4770,  0.182505
0.4775,  0.202010
0.4780,  0.185660
0.4785,  0.172611
0.4790,  0.186794
0.4795,  0.197907
0.4800,  0.188470
0.4805,  0.181493
0.4810,  0.191537
0.4815,  0.201084
0.4820,  0.188315
0.4825,  0.177703
0.4830,  0.179201
0.4835,  0.182162
0.4840,  0.183392
0.4845,  0.190475
0.4850,  0.183670
0.4855,  0.172867
0.4860,  0.141031
0.4865,  0.096141
0.4870,  0.138159
0.4875,  0.175289
0.4880,  0.182113
0.4885,  0.186919
0.4890,  0.185883
0.4895,  0.186574
0.4900,  0.190608
0.4905,  0.202365
0.4910,  0.185234
0.4915,  0.165941
0.4920,  0.167677
0.4925,  0.165095
0.4930,  0.159562
0.4935,  0.150546
0.4940,  0.178435
0.4945,  0.208115
0.4950,  0.180720
0.4955,  0.154557
0.4960,  0.171815
0.4965,  0.189092
0.4970,  0.192058
0.4975,  0.197757
0.4980,  0.172594
0.4985,  0.144939
0.4990,  0.169355
0.4995,  0.194646
0.5000,  0.178309
0.5005,  0.160094
0.5010,  0.153979
0.5015,  0.144618
0.5020,  0.159972
0.5025,  0.176022
0.5030,  0.183894
0.5035,  0.189694
0.5040,  0.174496
0.5045,  0.156011
0.5050,  0.174594
0.5055,  0.194630
0.5060,  0.186476
0.5065,  0.180147
0.5070,  0.172355
0.5075,  0.163691
0.5080,  0.165179
0.5085,  0.166361
0.5090,  0.165772
0.5095,  0.165664
0.5100,  0.169602
0.5105,  0.172790
0.5110,  0.181268
0.5115,  0.190997
0.5120,  0.169008
0.5125,  0.147673
0.5130,  0.152196
0.5135,  0.156023
0.5140,  0.160739
0.5145,  0.164288
0.5150,  0.174423
0.5155,  0.193498
0.5160,  0.162951
0.5165,  0.128286
0.5170,  0.150714
0.5175,  0.164139
0.5180,  0.141773
0.5185,  0.114793
0.5190,  0.143586
0.5195,  0.172326
0.5200,  0.165434
0.5205,  0.160121
0.5210,  0.171487
0.5215,  0.185199
0.5220,  0.168189
0.5225,  0.148122
0.5230,  0.157170
0.5235,  0.163954
0.5240,  0.172618
0.5245,  0.185064
0.5250,  0.185679
0.5255,  0.190341
0.5260,  0.149270
0.5265,  0.098686
0.5270,  0.130154
0.5275,  0.154369
0.5280,  0.158881
0.5285,  0.163977
0.5290,  0.161993
0.5295,  0.161092
0.5300,  0.164146
0.5305,  0.170128
0.5310,  0.176787
0.5315,  0.184929
0.5320,  0.154371
0.5325,  0.118691
0.5330,  0.151183
0.5335,  0.178689
0.5340,  0.159520
0.5345,  0.140534
0.5350,  0.163058
0.5355,  0.187950
0.5360,  0.166303
0.5365,  0.144809
0.5370,  0.148132
0.5375,  0.153723
0.5380,  0.162225
0.5385,  0.171250
0.5390,  0.163424
0.5395,  0.154589
0.5400,  0.144265
0.5405,  0.131392
0.5410,  0.153070
0.5415,  0.173623
0.5420,  0.158707
0.5425,  0.144407
0.5430,  0.154414
0.5435,  0.163556
0.5440,  0.161924
0.5445,  0.161763
0.5450,  0.166549
0.5455,  0.170312
0.5460,  0.167636
0.5465,  0.163585
0.5470,  0.155276
0.5475,  0.145558
0.5480,  0.150980
0.5485,  0.154308
0.5490,  0.158817
0.5495,  0.165428
0.5500,  0.159002
0.5505,  0.152602
0.5510,  0.154824
0.5515,  0.157857
0.5520,  0.154285
0.5525,  0.149863
0.5530,  0.155448
0.5535,  0.161664
0.5540,  0.164166
0.5545,  0.167237
0.5550,  0.169929
0.5555,  0.172630
0.5560,  0.161394
0.5565,  0.151454
0.5570,  0.160818
0.5575,  0.170047
0.5580,  0.161778
0.5585,  0.152544
0.5590,  0.157014
0.5595,  0.159718
0.5600,  0.163875
0.5605,  0.167414
0.5610,  0.162266
0.5615,  0.157397
0.5620,  0.162489
0.5625,  0.167720
0.5630,  0.170806
0.5635,  0.175486
0.5640,  0.177518
0.5645,  0.179321
0.5650,  0.171224
0.5655,  0.159594
0.5660,  0.163165
0.5665,  0.168422
0.5670,  0.180756
0.5675,  0.194399
0.5680,  0.180478
0.5685,  0.166232
0.5690,  0.179326
0.5695,  0.192167
0.5700,  0.174089
0.5705,  0.152976
0.5710,  0.159381
0.5715,  0.163756
0.5720,  0.174387
0.5725,  0.185188
0.5730,  0.181030
0.5735,  0.180554
0.5740,  0.183023
0.5745,  0.183967
0.5750,  0.176414
0.5755,  0.167956
0.5760,  0.170061
0.5765,  0.172921
0.5770,  0.175336
0.5775,  0.180106
0.5780,  0.164739
0.5785,  0.147170
0.5790,  0.153591
0.5795,  0.158625
0.5800,  0.157540
0.5805,  0.157367
0.5810,  0.158395
0.5815,  0.160397
0.5820,  0.164383
0.5825,  0.167772
0.5830,  0.165020
0.5835,  0.161736
0.5840,  0.162834
0.5845,  0.168491
0.5850,  0.155699
0.5855,  0.141530
0.5860,  0.154616
0.5865,  0.170996
0.5870,  0.185710
0.5875,  0.204209
0.5880,  0.200449
0.5885,  0.189517
0.5890,  0.159767
0.5895,  0.123141
0.5900,  0.162997
0.5905,  0.202184
0.5910,  0.193703
0.5915,  0.183237
0.5920,  0.181515
0.5925,  0.182772
0.5930,  0.179225
0.5935,  0.178746
0.5940,  0.175751
0.5945,  0.173154
0.5950,  0.175612
0.5955,  0.175699
0.5960,  0.176939
0.5965,  0.179667
0.5970,  0.172363
0.5975,  0.165508
0.5980,  0.159822
0.5985,  0.154583
0.5990,  0.161877
0.5995,  0.170072
0.6000,  0.168053
0.6005,  0.165803
0.6010,  0.166069
0.6015,  0.164095
0.6020,  0.153382
0.6025,  0.141550
0.6030,  0.152242
0.6035,  0.165575
0.6040,  0.163694
0.6045,  0.165256
0.6050,  0.165444
0.6055,  0.163054
0.6060,  0.160916
0.6065,  0.158840
0.6070,  0.158924
0.6075,  0.159963
0.6080,  0.159370
0.6085,  0.159493
0.6090,  0.163301
0.6095,  0.166578
0.6100,  0.159058
0.6105,  0.149167
0.6110,  0.157348
0.6115,  0.167773
0.6120,  0.159031
0.6125,  0.151153
0.6130,  0.147849
0.6135,  0.145368
0.6140,  0.157053
0.6145,  0.169822
0.6150,  0.176602
0.6155,  0.178987
0.6160,  0.151424
0.6165,  0.121230
0.6170,  0.139158
0.6175,  0.158163
0.6180,  0.162365
0.6185,  0.166793
0.6190,  0.164106
0.6195,  0.162565
0.6200,  0.169891
0.6205,  0.178265
0.6210,  0.169091
0.6215,  0.158376
0.6220,  0.165108
0.6225,  0.174468
0.6230,  0.165994
0.6235,  0.159871
0.6240,  0.162038
0.6245,  0.162770
0.6250,  0.159595
0.6255,  0.156068
0.6260,  0.173589
0.6265,  0.190510
0.6270,  0.192864
0.6275,  0.192599
0.6280,  0.193166
0.6285,  0.197259
0.6290,  0.195994
0.6295,  0.193874
0.6300,  0.189937
0.6305,  0.183675
0.6310,  0.174139
0.6315,  0.167358
0.6320,  0.161865
0.6325,  0.159382
0.6330,  0.159483
0.6335,  0.161229
0.6340,  0.165558
0.6345,  0.170538
0.6350,  0.172294
0.6355,  0.171409
0.6360,  0.168625
0.6365,  0.161642
0.6370,  0.156088
0.6375,  0.153988
0.6380,  0.153875
0.6385,  0.155564
0.6390,  0.157944
0.6395,  0.158179
0.6400,  0.158856
0.6405,  0.157116
0.6410,  0.152186
0.6415,  0.151076
0.6420,  0.147081
0.6425,  0.143865
0.6430,  0.143157
0.6435,  0.145321
0.6440,  0.148988
0.6445,  0.156315
0.6450,  0.165610
0.6455,  0.171506
0.6460,  0.176249
0.6465,  0.178885
0.6470,  0.178514
0.6475,  0.177564
0.6480,  0.173213
0.6485,  0.163205
0.6490,  0.152730
0.6495,  0.155691
0.6500,  0.160569
0.6505,  0.167605
0.6510,  0.173948
0.6515,  0.170597
0.6520,  0.168163
0.6525,  0.166702
0.6530,  0.166148
0.6535,  0.160981
0.6540,  0.163740
0.6545,  0.173146
0.6550,  0.182736
0.6555,  0.175714
0.6560,  0.153671
0.6565,  0.120251
0.6570,  0.082083
0.6575,  0.091333
0.6580,  0.105879
0.6585,  0.121120
0.6590,  0.136160
0.6595,  0.134193
0.6600,  0.132120
0.6605,  0.128488
0.6610,  0.128269
0.6615,  0.127474
0.6620,  0.126048
0.6625,  0.125495
0.6630,  0.124437
0.6635,  0.128136
0.6640,  0.130266
0.6645,  0.133220
0.6650,  0.135990
0.6655,  0.134547
0.6660,  0.130739
0.6665,  0.127936
0.6670,  0.122899
0.6675,  0.123373
0.6680,  0.123657
0.6685,  0.125140
0.6690,  0.127507
0.6695,  0.125797
0.6700,  0.124200
0.6705,  0.121944
0.6710,  0.123511
0.6715,  0.125029
0.6720,  0.122827
0.6725,  0.121721
0.6730,  0.120364
0.6735,  0.118545
0.6740,  0.118760
0.6745,  0.119998
0.6750,  0.122397
0.6755,  0.124264
0.6760,  0.124781
0.6765,  0.124396
0.6770,  0.123496
0.6775,  0.120820
0.6780,  0.118274
0.6785,  0.119256
0.6790,  0.118246
0.6795,  0.118255
0.6800,  0.121168
0.6805,  0.122336
0.6810,  0.120912
0.6815,  0.118923
0.6820,  0.118355
0.6825,  0.119734
0.6830,  0.123475
0.6835,  0.128084
0.6840,  0.130355
0.6845,  0.136011
0.6850,  0.155653
0.6855,  0.191486
0.6860,  0.229945
0.6865,  0.256552
0.6870,  0.265558
0.6875,  0.261397
0.6880,  0.256290
0.6885,  0.247872
0.6890,  0.238314
0.6895,  0.228034
0.6900,  0.217691
0.6905,  0.207051
0.6910,  0.198795
0.6915,  0.195298
0.6920,  0.196286
0.6925,  0.199264
0.6930,  0.201587
0.6935,  0.200642
0.6940,  0.194821
0.6945,  0.186320
0.6950,  0.178820
0.6955,  0.167371
0.6960,  0.158847
0.6965,  0.155870
0.6970,  0.155012
0.6975,  0.163530
0.6980,  0.172406
0.6985,  0.181722
0.6990,  0.187799
0.6995,  0.185736
0.7000,  0.180166
0.7005,  0.175958
0.7010,  0.169494
0.7015,  0.169201
0.7020,  0.164569
0.7025,  0.160699
0.7030,  0.159177
0.7035,  0.162149
0.7040,  0.166339
0.7045,  0.170948
0.7050,  0.172558
0.7055,  0.168908
0.7060,  0.164174
0.7065,  0.156717
0.7070,  0.153575
0.7075,  0.152510
0.7080,  0.149364
0.7085,  0.144857
0.7090,  0.142986
0.7095,  0.144292
0.7100,  0.145958
0.7105,  0.144472
0.7110,  0.147419
0.7115,  0.151117
0.7120,  0.153688
0.7125,  0.154020
0.7130,  0.154426
0.7135,  0.156622
0.7140,  0.160962
0.7145,  0.166452
0.7150,  0.178999
0.7155,  0.201017
0.7160,  0.236791
0.7165,  0.272723
0.7170,  0.305549
0.7175,  0.333371
0.7180,  0.355062
0.7185,  0.366641
0.7190,  0.365073
0.7195,  0.347887
0.7200,  0.314322
0.7205,  0.278627
0.7210,  0.251388
0.7215,  0.239554
0.7220,  0.250692
0.7225,  0.271561
0.7230,  0.295133
0.7235,  0.312533
0.7240,  0.323142
0.7245,  0.326957
0.7250,  0.322803
0.7255,  0.318184
0.7260,  0.320783
0.7265,  0.320732
0.7270,  0.320514
0.7275,  0.314914
0.7280,  0.308528
0.7285,  0.298848
0.7290,  0.286830
0.7295,  0.280678
0.7300,  0.275098
0.7305,  0.267703
0.7310,  0.257511
0.7315,  0.243832
0.7320,  0.226559
0.7325,  0.209624
0.7330,  0.194224
0.7335,  0.185298
0.7340,  0.180848
0.7345,  0.180864
0.7350,  0.182600
0.7355,  0.181421
0.7360,  0.177271
0.7365,  0.174759
0.7370,  0.175598
0.7375,  0.174537
0.7380,  0.171627
0.7385,  0.164218
0.7390,  0.155512
0.7395,  0.149505
0.7400,  0.143986
0.7405,  0.137596
0.7410,  0.134784
0.7415,  0.137681
0.7420,  0.138312
0.7425,  0.137545
0.7430,  0.138807
0.7435,  0.136081
0.7440,  0.136409
0.7445,  0.132128
0.7450,  0.128009
0.7455,  0.127326
0.7460,  0.127393
0.7465,  0.126414
0.7470,  0.127528
0.7475,  0.122476
0.7480,  0.121967
0.7485,  0.124448
0.7490,  0.125217
0.7495,  0.127870
0.7500,  0.128378
0.7505,  0.129916
0.7510,  0.129716
0.7515,  0.123361
0.7520,  0.119515
0.7525,  0.115010
0.7530,  0.112465
0.7535,  0.110816
0.7540,  0.116265
0.7545,  0.118892
0.7550,  0.121002
0.7555,  0.125290
0.7560,  0.128764
0.7565,  0.130392
0.7570,  0.134918
0.7575,  0.154833
0.7580,  0.208216
0.7585,  0.314705
0.7590,  0.464868
0.7595,  0.626225
0.7600,  0.739787
0.7605,  0.765233
0.7610,  0.740042
0.7615,  0.713603
0.7620,  0.711187
0.7625,  0.694936
0.7630,  0.666799
0.7635,  0.611930
0.7640,  0.552400
0.7645,  0.491889
0.7650,  0.430003
0.7655,  0.362930
0.7660,  0.298999
0.7665,  0.237638
0.7670,  0.196896
0.7675,  0.178291
0.7680,  0.170091
0.7685,  0.160033
0.7690,  0.151002
0.7695,  0.137930
0.7700,  0.130509
0.7705,  0.124296
0.7710,  0.118239
0.7715,  0.124100
0.7720,  0.126977
0.7725,  0.129448
0.7730,  0.135235
0.7735,  0.137483
0.7740,  0.134377
0.7745,  0.123469
0.7750,  0.116503
0.7755,  0.112476
0.7760,  0.110359
0.7765,  0.112339
0.7770,  0.112424
0.7775,  0.111608
0.7780,  0.109358
0.7785,  0.111882
0.7790,  0.118453
0.7795,  0.125787
0.7800,  0.126233
0.7805,  0.124569
0.7810,  0.119279
0.7815,  0.116620
0.7820,  0.117524
0.7825,  0.115109
0.7830,  0.113399
0.7835,  0.110514
0.7840,  0.110636
0.7845,  0.113625
0.7850,  0.118835
0.7855,  0.122725
0.7860,  0.125196
0.7865,  0.133563
0.7870,  0.136979
0.7875,  0.134190
0.7880,  0.135056
0.7885,  0.136038
0.7890,  0.136170
0.7895,  0.134522
0.7900,  0.140907
0.7905,  0.146169
0.7910,  0.143001
0.7915,  0.149306
0.7920,  0.150657
0.7925,  0.148744
0.7930,  0.143313
0.7935,  0.139771
0.7940,  0.134569
0.7945,  0.134831
0.7950,  0.132828
0.7955,  0.137935
0.7960,  0.140696
0.7965,  0.139942
0.7970,  0.140764
0.7975,  0.137794
0.7980,  0.138659
0.7985,  0.137179
0.7990,  0.131140
0.7995,  0.137876
0.8000,  0.142417
0.8005,  0.148358
0.8010,  0.155856
0.8015,  0.155095
0.8020,  0.153101
0.8025,  0.146388
0.8030,  0.144010
0.8035,  0.146280
0.8040,  0.145287
0.8045,  0.140650
0.8050,  0.131504
0.8055,  0.126963
0.8060,  0.125990
0.8065,  0.126256
0.8070,  0.126260
0.8075,  0.123215
0.8080,  0.127564
0.8085,  0.129484
0.8090,  0.129220
0.8095,  0.141057
0.8100,  0.153172
0.8105,  0.162029
0.8110,  0.167446
0.8115,  0.177083
0.8120,  0.192897
0.8125,  0.216951
0.8130,  0.241553
0.8135,  0.272056
0.8140,  0.298035
0.8145,  0.318122
0.8150,  0.344300
0.8155,  0.361904
0.8160,  0.363444
0.8165,  0.355040
0.8170,  0.342243
0.8175,  0.326395
0.8180,  0.316042
0.8185,  0.294039
0.8190,  0.273334
0.8195,  0.257324
0.8200,  0.242945
0.8205,  0.236016
0.8210,  0.261688
0.8215,  0.295901
0.8220,  0.327695
0.8225,  0.329884
0.8230,  0.301275
0.8235,  0.269969
0.8240,  0.243602
0.8245,  0.231441
0.8250,  0.218360
0.8255,  0.215084
0.8260,  0.226078
0.8265,  0.238822
0.8270,  0.252945
0.8275,  0.263919
0.8280,  0.267121
0.8285,  0.253243
0.8290,  0.243179
0.8295,  0.233482
0.8300,  0.225743
0.8305,  0.216995
0.8310,  0.213613
0.8315,  0.212978
0.8320,  0.216941
0.8325,  0.213506
0.8330,  0.203705
0.8335,  0.196584
0.8340,  0.177215
0.8345,  0.173126
0.8350,  0.163472
0.8355,  0.158912
0.8360,  0.159138
0.8365,  0.151960
0.8370,  0.141815
0.8375,  0.139948
0.8380,  0.135728
0.8385,  0.136831
0.8390,  0.133420
0.8395,  0.127596
0.8400,  0.126208
0.8405,  0.125519
0.8410,  0.121041
0.8415,  0.124129
0.8420,  0.123357
0.8425,  0.125985
0.8430,  0.120084
0.8435,  0.118661
0.8440,  0.120164
0.8445,  0.120293
0.8450,  0.115469
0.8455,  0.116590
0.8460,  0.115852
0.8465,  0.104050
0.8470,  0.095207
0.8475,  0.097813
0.8480,  0.108351
0.8485,  0.115139
0.8490,  0.106903
0.8495,  0.106002
0.8500,  0.096524
0.8505,  0.100111
0.8510,  0.102232
0.8515,  0.098056
0.8520,  0.113536
0.8525,  0.116063
0.8530,  0.113549
0.8535,  0.099302
0.8540,  0.062429
0.8545,  0.067342
0.8550,  0.073242
0.8555,  0.080292
0.8560,  0.102020
0.8565,  0.101186
0.8570,  0.096418
0.8575,  0.089794
0.8580,  0.084105
0.8585,  0.083443
0.8590,  0.084587
0.8595,  0.080886
0.8600,  0.079913
0.8605,  0.094815
0.8610,  0.098397
0.8615,  0.098320
0.8620,  0.088924
0.8625,  0.090277
0.8630,  0.087191
0.8635,  0.081512
0.8640,  0.088588
0.8645,  0.085488
0.8650,  0.093264
0.8655,  0.098151
0.8660,  0.085974
0.8665,  0.080656
0.8670,  0.086401
0.8675,  0.092597
0.8680,  0.089212
0.8685,  0.078043
0.8690,  0.077616
0.8695,  0.075554
0.8700,  0.076553
0.8705,  0.078070
0.8710,  0.077668
0.8715,  0.082841
0.8720,  0.089584
0.8725,  0.096925
0.8730,  0.105937
0.8735,  0.116000
0.8740,  0.111915
0.8745,  0.096535
0.8750,  0.089446
0.8755,  0.078863
0.8760,  0.079294
0.8765,  0.089052
0.8770,  0.099668
0.8775,  0.098175
0.8780,  0.102033
0.8785,  0.099017
0.8790,  0.102549
0.8795,  0.098595
0.8800,  0.094045
0.8805,  0.083693
0.8810,  0.071895
0.8815,  0.063985
0.8820,  0.057123
0.8825,  0.058361
0.8830,  0.060318
0.8835,  0.072384
0.8840,  0.093519
0.8845,  0.102403
0.8850,  0.103982
0.8855,  0.109120
0.8860,  0.095329
0.8865,  0.082149
0.8870,  0.076106
0.8875,  0.075268
0.8880,  0.074434
0.8885,  0.081805
0.8890,  0.085288
0.8895,  0.093728
0.8900,  0.107313
