0.3500,  0.259693
0.3505,  0.323617
0.3510,  0.294830
0.3515,  0.256414
0.3520,  0.210808
0.3525,  0.173808
0.3530,  0.205890
0.3535,  0.241461
0.3540,  0.264558
0.3545,  0.287972
0.3550,  0.275667
0.3555,  0.262184
0.3560,  0.223967
0.3565,  0.186173
0.3570,  0.158958
0.3575,  0.123709
0.3580,  0.079677
0.3585,  0.031154
0.3590,  0.183947
0.3595,  0.303681
0.3600,  0.284441
0.3605,  0.267517
0.3610,  0.215757
0.3615,  0.162527
0.3620,  0.199177
0.3625,  0.234851
0.3630,  0.222195
0.3635,  0.215869
0.3640,  0.216973
0.3645,  0.204521
0.3650,  0.235727
0.3655,  0.263243
0.3660,  0.271512
0.3665,  0.285342
0.3670,  0.256731
0.3675,  0.232002
0.3680,  0.205526
0.3685,  0.176796
0.3690,  0.216709
0.3695,  0.257615
0.3700,  0.236696
0.3705,  0.211049
0.3710,  0.230727
0.3715,  0.253995
0.3720,  0.222950
0.3725,  0.189335
0.3730,  0.153134
0.3735,  0.112248
0.3740,  0.115932
0.3745,  0.118999
0.3750,  0.193860
0.3755,  0.250101
0.3760,  0.237982
0.3765,  0.219485
0.3770,  0.261571
0.3775,  0.302670
0.3780,  0.299601
0.3785,  0.307010
0.3790,  0.226304
0.3795,  0.134317
0.3800,  0.186222
0.3805,  0.242878
0.3810,  0.222597
0.3815,  0.208805
0.3820,  0.130733
0.3825,  0.033572
0.3830,  0.002492
0.3835,  -0.047002
0.3840,  0.097904
0.3845,  0.212177
0.3850,  0.219900
0.3855,  0.228575
0.3860,  0.218461
0.3865,  0.214951
0.3870,  0.213298
0.3875,  0.210206
0.3880,  0.192673
0.3885,  0.166807
0.3890,  0.216379
0.3895,  0.254050
0.3900,  0.249145
0.3905,  0.248175
0.3910,  0.263649
0.3915,  0.299518
0.3920,  0.226312
0.3925,  0.148903
0.3930,  -0.004498
0.3935,  -0.238753
0.3940,  0.015791
0.3945,  0.190200
0.3950,  0.277059
0.3955,  0.366240
0.3960,  0.220131
0.3965,  0.032027
0.3970,  0.043186
0.3975,  0.031916
0.3980,  0.199660
0.3985,  0.317905
0.3990,  0.301846
0.3995,  0.294437
0.4000,  0.266259
0.4005,  0.241590
0.4010,  0.232294
0.4015,  0.229366
0.4020,  0.221325
0.4025,  0.219174
0.4030,  0.198802
0.4035,  0.177275
0.4040,  0.172329
0.4045,  0.170945
0.4050,  0.167793
0.4055,  0.165349
0.4060,  0.150948
0.4065,  0.137826
0.4070,  0.148336
0.4075,  0.157385
0.4080,  0.184280
0.4085,  0.208877
0.4090,  0.204798
0.4095,  0.201024
0.4100,  0.156453
0.4105,  0.103501
0.4110,  0.162929
0.4115,  0.217257
0.4120,  0.201810
0.4125,  0.189832
0.4130,  0.178098
0.4135,  0.167278
0.4140,  0.163351
0.4145,  0.156563
0.4150,  0.151371
0.4155,  0.146207
0.4160,  0.166605
0.4165,  0.191170
0.4170,  0.157579
0.4175,  0.120713
0.4180,  0.126607
0.4185,  0.134299
0.4190,  0.143277
0.4195,  0.142572
0.4200,  0.152373
0.4205,  0.165347
0.4210,  0.172602
0.4215,  0.184733
0.4220,  0.144802
0.4225,  0.095222
0.4230,  0.131178
0.4235,  0.161562
0.4240,  0.171457
0.4245,  0.183764
0.4250,  0.169133
0.4255,  0.152244
0.4260,  0.152394
0.4265,  0.157634
0.4270,  0.127584
0.4275,  0.103043
0.4280,  0.115355
0.4285,  0.130633
0.4290,  0.126237
0.4295,  0.122301
0.4300,  0.045152
0.4305,  -0.059439
0.4310,  0.109595
0.4315,  0.231534
0.4320,  0.200365
0.4325,  0.170623
0.4330,  0.177193
0.4335,  0.186131
0.4340,  0.161817
0.4345,  0.136803
0.4350,  0.135987
0.4355,  0.135462
0.4360,  0.172659
0.4365,  0.213407
0.4370,  0.189112
0.4375,  0.167220
0.4380,  0.119587
0.4385,  0.063572
0.4390,  0.122143
0.4395,  0.173239
0.4400,  0.141585
0.4405,  0.108038
0.4410,  0.145962
0.4415,  0.179705
0.4420,  0.179605
0.4425,  0.178492
0.4430,  0.155659
0.4435,  0.138670
0.4440,  0.152537
0.4445,  0.169132
0.4450,  0.141977
0.4455,  0.110306
0.4460,  0.123421
0.4465,  0.134148
0.4470,  0.163111
0.4475,  0.188724
0.4480,  0.161634
0.4485,  0.131044
0.4490,  0.132928
0.4495,  0.135106
0.4500,  0.150746
0.4505,  0.168947
0.4510,  0.165684
0.4515,  0.162873
0.4520,  0.139139
0.4525,  0.111939
0.4530,  0.117806
0.4535,  0.119640
0.4540,  0.124418
0.4545,  0.127549
0.4550,  0.135224
0.4555,  0.144402
0.4560,  0.148923
0.4565,  0.153075
0.4570,  0.158236
0.4575,  0.164986
0.4580,  0.143194
0.4585,  0.120041
0.4590,  0.130084
0.4595,  0.136929
0.4600,  0.141204
0.4605,  0.143859
0.4610,  0.142571
0.4615,  0.141365
0.4620,  0.147111
0.4625,  0.152893
0.4630,  0.138929
0.4635,  0.129599
0.4640,  0.122323
0.4645,  0.113587
0.4650,  0.134223
0.4655,  0.157554
0.4660,  0.136190
0.4665,  0.114084
0.4670,  0.136323
0.4675,  0.151851
0.4680,  0.146511
0.4685,  0.143078
0.4690,  0.143916
0.4695,  0.145439
0.4700,  0.128732
0.4705,  0.104680
0.4710,  0.131799
0.4715,  0.160934
0.4720,  0.163732
0.4725,  0.167008
0.4730,  0.159321
0.4735,  0.147039
0.4740,  0.152777
0.4745,  0.161450
0.4750,  0.154972
0.4755,  0.149229
0.4760,  0.136878
0.4765,  0.124711
0.4770,  0.148884
0.4775,  0.171324
0.4780,  0.155902
0.4785,  0.141311
0.4790,  0.153960
0.4795,  0.165433
0.4800,  0.154817
0.4805,  0.144654
0.4810,  0.154690
0.4815,  0.165539
0.4820,  0.153575
0.4825,  0.145642
0.4830,  0.148579
0.4835,  0.152797
0.4840,  0.151517
0.4845,  0.156698
0.4850,  0.146731
0.4855,  0.137089
0.4860,  0.105779
0.4865,  0.060429
0.4870,  0.105125
0.4875,  0.142699
0.4880,  0.152348
0.4885,  0.160676
0.4890,  0.159421
0.4895,  0.158962
0.4900,  0.161558
0.4905,  0.169558
0.4910,  0.149569
0.4915,  0.129553
0.4920,  0.130467
0.4925,  0.130146
0.4930,  0.124938
0.4935,  0.118589
0.4940,  0.148174
0.4945,  0.177884
0.4950,  0.147850
0.4955,  0.120658
0.4960,  0.138453
0.4965,  0.154933
0.4970,  0.158356
0.4975,  0.164905
0.4980,  0.137261
0.4985,  0.107190
0.4990,  0.133598
0.4995,  0.159498
0.5000,  0.141893
0.5005,  0.123436
0.5010,  0.118618
0.5015,  0.109595
0.5020,  0.125932
0.5025,  0.142871
0.5030,  0.150768
0.5035,  0.158948
0.5040,  0.143343
0.5045,  0.123721
0.5050,  0.142544
0.5055,  0.162054
0.5060,  0.152797
0.5065,  0.145644
0.5070,  0.136915
0.5075,  0.126174
0.5080,  0.129201
0.5085,  0.131204
0.5090,  0.130643
0.5095,  0.129962
0.5100,  0.134691
0.5105,  0.137900
0.5110,  0.146118
0.5115,  0.155803
0.5120,  0.131996
0.5125,  0.110017
0.5130,  0.115361
0.5135,  0.118582
0.5140,  0.124935
0.5145,  0.131653
0.5150,  0.143335
0.5155,  0.160451
0.5160,  0.128293
0.5165,  0.090262
0.5170,  0.113121
0.5175,  0.129545
0.5180,  0.109251
0.5185,  0.083510
0.5190,  0.113761
0.5195,  0.142544
0.5200,  0.133542
0.5205,  0.126151
0.5210,  0.137449
0.5215,  0.150154
0.5220,  0.131231
0.5225,  0.110351
0.5230,  0.122627
0.5235,  0.131415
0.5240,  0.139292
0.5245,  0.152333
0.5250,  0.151998
0.5255,  0.156136
0.5260,  0.112478
0.5265,  0.060190
0.5270,  0.094906
0.5275,  0.121819
0.5280,  0.127422
0.5285,  0.131984
0.5290,  0.130969
0.5295,  0.130612
0.5300,  0.133708
0.5305,  0.138509
0.5310,  0.142432
0.5315,  0.149132
0.5320,  0.113915
0.5325,  0.075236
0.5330,  0.109903
0.5335,  0.141848
0.5340,  0.123820
0.5345,  0.105757
0.5350,  0.131255
0.5355,  0.158124
0.5360,  0.135045
0.5365,  0.111438
0.5370,  0.114361
0.5375,  0.117683
0.5380,  0.126285
0.5385,  0.137039
0.5390,  0.127512
0.5395,  0.118199
0.5400,  0.106744
0.5405,  0.094416
0.5410,  0.118229
0.5415,  0.140163
0.5420,  0.126041
0.5425,  0.111861
0.5430,  0.121917
0.5435,  0.130752
0.5440,  0.129946
0.5445,  0.129727
0.5450,  0.134470
0.5455,  0.138136
0.5460,  0.134267
0.5465,  0.130312
0.5470,  0.119422
0.5475,  0.109519
0.5480,  0.114426
0.5485,  0.119113
0.5490,  0.125741
0.5495,  0.133702
0.5500,  0.127824
0.5505,  0.121564
0.5510,  0.123424
0.5515,  0.125511
0.5520,  0.120598
0.5525,  0.115011
0.5530,  0.121488
0.5535,  0.128355
0.5540,  0.130756
0.5545,  0.134355
0.5550,  0.137079
0.5555,  0.140335
0.5560,  0.128089
0.5565,  0.117287
0.5570,  0.128047
0.5575,  0.139634
0.5580,  0.131139
0.5585,  0.120831
0.5590,  0.122917
0.5595,  0.124450
0.5600,  0.128273
0.5605,  0.131663
0.5610,  0.126832
0.5615,  0.122216
0.5620,  0.126794
0.5625,  0.132390
0.5630,  0.135774
0.5635,  0.139682
0.5640,  0.140306
0.5645,  0.142764
0.5650,  0.133978
0.5655,  0.123168
0.5660,  0.128439
0.5665,  0.132649
0.5670,  0.144536
0.5675,  0.159127
0.5680,  0.145193
0.5685,  0.130560
0.5690,  0.144824
0.5695,  0.159251
0.5700,  0.142746
0.5705,  0.123368
0.5710,  0.132639
0.5715,  0.136196
0.5720,  0.144319
0.5725,  0.155037
0.5730,  0.149528
0.5735,  0.146168
0.5740,  0.145870
0.5745,  0.147034
0.5750,  0.141166
0.5755,  0.132339
0.5760,  0.134935
0.5765,  0.139628
0.5770,  0.144816
0.5775,  0.149592
0.5780,  0.134418
0.5785,  0.116904
0.5790,  0.122804
0.5795,  0.128487
0.5800,  0.128388
0.5805,  0.127689
0.5810,  0.127734
0.5815,  0.127724
0.5820,  0.130279
0.5825,  0.131616
0.5830,  0.127421
0.5835,  0.126063
0.5840,  0.129769
0.5845,  0.136249
0.5850,  0.123762
0.5855,  0.109074
0.5860,  0.123071
0.5865,  0.138648
0.5870,  0.152288
0.5875,  0.168494
0.5880,  0.163900
0.5885,  0.154860
0.5890,  0.127010
0.5895,  0.089899
0.5900,  0.135170
0.5905,  0.176493
0.5910,  0.167626
0.5915,  0.157257
0.5920,  0.157037
0.5925,  0.158583
0.5930,  0.156218
0.5935,  0.157132
0.5940,  0.153876
0.5945,  0.147288
0.5950,  0.147965
0.5955,  0.147547
0.5960,  0.149718
0.5965,  0.153436
0.5970,  0.145881
0.5975,  0.138713
0.5980,  0.133280
0.5985,  0.129435
0.5990,  0.136480
0.5995,  0.141945
0.6000,  0.137714
0.6005,  0.132751
0.6010,  0.134110
0.6015,  0.132201
0.6020,  0.119894
0.6025,  0.107433
0.6030,  0.119514
0.6035,  0.134506
0.6040,  0.134867
0.6045,  0.136005
0.6050,  0.133584
0.6055,  0.129780
0.6060,  0.127656
0.6065,  0.127199
0.6070,  0.127615
0.6075,  0.128508
0.6080,  0.126544
0.6085,  0.126007
0.6090,  0.130118
0.6095,  0.134246
0.6100,  0.127000
0.6105,  0.117562
0.6110,  0.128283
0.6115,  0.139123
0.6120,  0.130965
0.6125,  0.123427
0.6130,  0.121011
0.6135,  0.118324
0.6140,  0.128079
0.6145,  0.138954
0.6150,  0.142683
0.6155,  0.144186
0.6160,  0.118040
0.6165,  0.088825
0.6170,  0.110374
0.6175,  0.134122
0.6180,  0.140266
0.6185,  0.144480
0.6190,  0.140599
0.6195,  0.134234
0.6200,  0.140673
0.6205,  0.149573
0.6210,  0.141764
0.6215,  0.131597
0.6220,  0.137824
0.6225,  0.144449
0.6230,  0.136561
0.6235,  0.134612
0.6240,  0.138837
0.6245,  0.138449
0.6250,  0.131922
0.6255,  0.125162
0.6260,  0.140995
0.6265,  0.158364
0.6270,  0.160456
0.6275,  0.163575
0.6280,  0.164973
0.6285,  0.166887
0.6290,  0.164590
0.6295,  0.163047
0.6300,  0.158391
0.6305,  0.151023
0.6310,  0.143224
0.6315,  0.141381
0.6320,  0.140446
0.6325,  0.140729
0.6330,  0.142544
0.6335,  0.143701
0.6340,  0.144857
0.6345,  0.145630
0.6350,  0.144486
0.6355,  0.143965
0.6360,  0.141790
0.6365,  0.137087
0.6370,  0.133228
0.6375,  0.132844
0.6380,  0.134539
0.6385,  0.137693
0.6390,  0.140416
0.6395,  0.138699
0.6400,  0.137797
0.6405,  0.135201
0.6410,  0.129565
0.6415,  0.127836
0.6420,  0.125225
0.6425,  0.123579
0.6430,  0.120553
0.6435,  0.121449
0.6440,  0.126959
0.6445,  0.135052
0.6450,  0.144954
0.6455,  0.150742
0.6460,  0.154564
0.6465,  0.155443
0.6470,  0.154334
0.6475,  0.149186
0.6480,  0.146728
0.6485,  0.141835
0.6490,  0.133901
0.6495,  0.137537
0.6500,  0.141070
0.6505,  0.148054
0.6510,  0.156650
0.6515,  0.155191
0.6520,  0.152672
0.6525,  0.149827
0.6530,  0.149359
0.6535,  0.143721
0.6540,  0.146621
0.6545,  0.155746
0.6550,  0.165664
0.6555,  0.159852
0.6560,  0.138801
0.6565,  0.106194
0.6570,  0.069842
0.6575,  0.079608
0.6580,  0.092278
0.6585,  0.106894
0.6590,  0.119411
0.6595,  0.111720
0.6600,  0.106267
0.6605,  0.103353
0.6610,  0.104136
0.6615,  0.101912
0.6620,  0.102091
0.6625,  0.102461
0.6630,  0.102130
0.6635,  0.103416
0.6640,  0.106108
0.6645,  0.110022
0.6650,  0.110860
0.6655,  0.106946
0.6660,  0.101676
0.6665,  0.096972
0.6670,  0.089460
0.6675,  0.088932
0.6680,  0.088028
0.6685,  0.091421
0.6690,  0.096721
0.6695,  0.098705
0.6700,  0.099100
0.6705,  0.099748
0.6710,  0.101183
0.6715,  0.102552
0.6720,  0.103073
0.6725,  0.103267
0.6730,  0.102746
0.6735,  0.099278
0.6740,  0.099509
0.6745,  0.098828
0.6750,  0.096845
0.6755,  0.099763
0.6760,  0.102889
0.6765,  0.104517
0.6770,  0.104900
0.6775,  0.105800
0.6780,  0.102949
0.6785,  0.101477
0.6790,  0.098100
0.6795,  0.097749
0.6800,  0.098710
0.6805,  0.096577
0.6810,  0.097003
0.6815,  0.098662
0.6820,  0.102717
0.6825,  0.107011
0.6830,  0.111547
0.6835,  0.112531
0.6840,  0.114137
0.6845,  0.117887
0.6850,  0.132577
0.6855,  0.165524
0.6860,  0.201486
0.6865,  0.227408
0.6870,  0.238016
0.6875,  0.236279
0.6880,  0.229561
0.6885,  0.222887
0.6890,  0.216645
0.6895,  0.210020
0.6900,  0.201813
0.6905,  0.194938
0.6910,  0.191275
0.6915,  0.190850
0.6920,  0.188685
0.6925,  0.187053
0.6930,  0.189881
0.6935,  0.192656
0.6940,  0.190111
0.6945,  0.181661
0.6950,  0.172967
0.6955,  0.163808
0.6960,  0.156163
0.6965,  0.151178
0.6970,  0.149567
0.6975,  0.153227
0.6980,  0.157706
0.6985,  0.163981
0.6990,  0.172161
0.6995,  0.175539
0.7000,  0.174685
0.7005,  0.170667
0.7010,  0.163169
0.7015,  0.162793
0.7020,  0.157782
0.7025,  0.153938
0.7030,  0.150640
0.7035,  0.154996
0.7040,  0.157457
0.7045,  0.157738
0.7050,  0.159131
0.7055,  0.156140
0.7060,  0.152552
0.7065,  0.146009
0.7070,  0.144630
0.7075,  0.141334
0.7080,  0.141571
0.7085,  0.138777
0.7090,  0.138858
0.7095,  0.141102
0.7100,  0.139937
0.7105,  0.135372
0.7110,  0.136124
0.7115,  0.135661
0.7120,  0.136453
0.7125,  0.140001
0.7130,  0.140136
0.7135,  0.143326
0.7140,  0.146384
0.7145,  0.157384
0.7150,  0.173320
0.7155,  0.199073
0.7160,  0.235691
0.7165,  0.277370
0.7170,  0.314254
0.7175,  0.344539
0.7180,  0.368590
0.7185,  0.378950
0.7190,  0.371863
0.7195,  0.358591
0.7200,  0.329610
0.7205,  0.294857
0.7210,  0.266190
0.7215,  0.252619
0.7220,  0.261285
0.7225,  0.282599
0.7230,  0.306778
0.7235,  0.324975
0.7240,  0.336781
0.7245,  0.340895
0.7250,  0.337517
0.7255,  0.333865
0.7260,  0.330620
0.7265,  0.328718
0.7270,  0.332022
0.7275,  0.332595
0.7280,  0.330309
0.7285,  0.323438
0.7290,  0.315804
0.7295,  0.310637
0.7300,  0.304721
0.7305,  0.294245
0.7310,  0.277115
0.7315,  0.255263
0.7320,  0.237223
0.7325,  0.217978
0.7330,  0.200868
0.7335,  0.186149
0.7340,  0.183053
0.7345,  0.180623
0.7350,  0.178837
0.7355,  0.174002
0.7360,  0.171769
0.7365,  0.169444
0.7370,  0.169525
0.7375,  0.164483
0.7380,  0.159602
0.7385,  0.154825
0.7390,  0.146927
0.7395,  0.143380
0.7400,  0.138977
0.7405,  0.132686
0.7410,  0.130787
0.7415,  0.132423
0.7420,  0.126292
0.7425,  0.121053
0.7430,  0.115369
0.7435,  0.110141
0.7440,  0.105389
0.7445,  0.104295
0.7450,  0.107469
0.7455,  0.112000
0.7460,  0.114699
0.7465,  0.119334
0.7470,  0.121194
0.7475,  0.119084
0.7480,  0.117279
0.7485,  0.115547
0.7490,  0.115827
0.7495,  0.118068
0.7500,  0.116880
0.7505,  0.116857
0.7510,  0.117931
0.7515,  0.116976
0.7520,  0.115553
0.7525,  0.115303
0.7530,  0.113567
0.7535,  0.112689
0.7540,  0.111264
0.7545,  0.109918
0.7550,  0.111380
0.7555,  0.116373
0.7560,  0.119035
0.7565,  0.118302
0.7570,  0.120343
0.7575,  0.138777
0.7580,  0.189242
0.7585,  0.284442
0.7590,  0.427744
0.7595,  0.592636
0.7600,  0.711475
0.7605,  0.739562
0.7610,  0.711407
0.7615,  0.673197
0.7620,  0.655314
0.7625,  0.655012
0.7630,  0.645487
0.7635,  0.605917
0.7640,  0.555822
0.7645,  0.497319
0.7650,  0.426875
0.7655,  0.362217
0.7660,  0.300841
0.7665,  0.243289
0.7670,  0.200811
0.7675,  0.177964
0.7680,  0.164073
0.7685,  0.154710
0.7690,  0.144882
0.7695,  0.133619
0.7700,  0.127929
0.7705,  0.125812
0.7710,  0.124873
0.7715,  0.130007
0.7720,  0.130557
0.7725,  0.124335
0.7730,  0.124171
0.7735,  0.119426
0.7740,  0.116738
0.7745,  0.109863
0.7750,  0.100745
0.7755,  0.099243
0.7760,  0.105639
0.7765,  0.113860
0.7770,  0.124086
0.7775,  0.122085
0.7780,  0.118607
0.7785,  0.114999
0.7790,  0.106627
0.7795,  0.101046
0.7800,  0.099622
0.7805,  0.100645
0.7810,  0.106250
0.7815,  0.108582
0.7820,  0.111816
0.7825,  0.111374
0.7830,  0.113740
0.7835,  0.108033
0.7840,  0.111492
0.7845,  0.110464
0.7850,  0.116427
0.7855,  0.119003
0.7860,  0.122244
0.7865,  0.124213
0.7870,  0.127448
0.7875,  0.129681
0.7880,  0.137409
0.7885,  0.146730
0.7890,  0.153267
0.7895,  0.150357
0.7900,  0.142109
0.7905,  0.145014
0.7910,  0.144272
0.7915,  0.140731
0.7920,  0.138085
0.7925,  0.134205
0.7930,  0.131288
0.7935,  0.122237
0.7940,  0.117038
0.7945,  0.121369
0.7950,  0.125031
0.7955,  0.137002
0.7960,  0.140371
0.7965,  0.136317
0.7970,  0.130044
0.7975,  0.126916
0.7980,  0.121030
0.7985,  0.118657
0.7990,  0.123403
0.7995,  0.131023
0.8000,  0.141059
0.8005,  0.144176
0.8010,  0.145513
0.8015,  0.143922
0.8020,  0.147046
0.8025,  0.141676
0.8030,  0.139692
0.8035,  0.139592
0.8040,  0.132162
0.8045,  0.124685
0.8050,  0.118296
0.8055,  0.117384
0.8060,  0.124777
0.8065,  0.130196
0.8070,  0.134145
0.8075,  0.128795
0.8080,  0.125896
0.8085,  0.119967
0.8090,  0.125014
0.8095,  0.138221
0.8100,  0.154530
0.8105,  0.161189
0.8110,  0.173443
0.8115,  0.186794
0.8120,  0.211377
0.8125,  0.241897
0.8130,  0.275653
0.8135,  0.299427
0.8140,  0.312091
0.8145,  0.321769
0.8150,  0.338281
0.8155,  0.343186
0.8160,  0.350745
0.8165,  0.355921
0.8170,  0.353423
0.8175,  0.344308
0.8180,  0.340306
0.8185,  0.322295
0.8190,  0.289559
0.8195,  0.271145
0.8200,  0.257709
0.8205,  0.251720
0.8210,  0.263413
0.8215,  0.299826
0.8220,  0.334392
0.8225,  0.345538
0.8230,  0.328020
0.8235,  0.298311
0.8240,  0.264354
0.8245,  0.246238
0.8250,  0.225377
0.8255,  0.219980
0.8260,  0.225496
0.8265,  0.246521
0.8270,  0.261263
0.8275,  0.270121
0.8280,  0.268025
0.8285,  0.258369
0.8290,  0.251108
0.8295,  0.244970
0.8300,  0.239524
0.8305,  0.243913
0.8310,  0.238727
0.8315,  0.229243
0.8320,  0.218569
0.8325,  0.203949
0.8330,  0.192652
0.8335,  0.184105
0.8340,  0.174195
0.8345,  0.171367
0.8350,  0.172960
0.8355,  0.163226
0.8360,  0.157218
0.8365,  0.155744
0.8370,  0.151059
0.8375,  0.148052
0.8380,  0.143051
0.8385,  0.139071
0.8390,  0.140600
0.8395,  0.132266
0.8400,  0.119448
0.8405,  0.106531
0.8410,  0.112595
0.8415,  0.117273
0.8420,  0.118125
0.8425,  0.111182
0.8430,  0.108115
0.8435,  0.107351
0.8440,  0.107628
0.8445,  0.097809
0.8450,  0.095268
0.8455,  0.094337
0.8460,  0.087538
0.8465,  0.082393
0.8470,  0.087556
0.8475,  0.089202
0.8480,  0.107252
0.8485,  0.105761
0.8490,  0.103911
0.8495,  0.087242
0.8500,  0.078467
0.8505,  0.080939
0.8510,  0.079992
0.8515,  0.082298
0.8520,  0.106378
0.8525,  0.112610
0.8530,  0.111572
0.8535,  0.106328
0.8540,  0.076969
0.8545,  0.083963
0.8550,  0.085024
0.8555,  0.079430
0.8560,  0.076232
0.8565,  0.075804
0.8570,  0.080590
0.8575,  0.083794
0.8580,  0.087011
0.8585,  0.085866
0.8590,  0.084035
0.8595,  0.083034
0.8600,  0.085135
0.8605,  0.088816
0.8610,  0.086782
0.8615,  0.086457
0.8620,  0.089676
0.8625,  0.090713
0.8630,  0.085369
0.8635,  0.081755
0.8640,  0.098789
0.8645,  0.091023
0.8650,  0.090667
0.8655,  0.082715
0.8660,  0.063763
0.8665,  0.059245
0.8670,  0.048313
0.8675,  0.047648
0.8680,  0.051865
0.8685,  0.056586
0.8690,  0.066239
0.8695,  0.074012
0.8700,  0.089813
0.8705,  0.088327
0.8710,  0.082321
0.8715,  0.080228
0.8720,  0.080777
0.8725,  0.082510
0.8730,  0.088313
0.8735,  0.084806
0.8740,  0.091805
0.8745,  0.091983
0.8750,  0.077085
0.8755,  0.072727
0.8760,  0.071720
0.8765,  0.072587
0.8770,  0.070498
0.8775,  0.077040
0.8780,  0.095660
0.8785,  0.095772
0.8790,  0.081583
0.8795,  0.079251
0.8800,  0.073508
0.8805,  0.057185
0.8810,  0.051905
0.8815,  0.056263
0.8820,  0.063568
0.8825,  0.081894
0.8830,  0.094362
0.8835,  0.088594
0.8840,  0.083638
0.8845,  0.082804
0.8850,  0.075926
0.8855,  0.073546
0.8860,  0.072500
0.8865,  0.070022
0.8870,  0.079469
0.8875,  0.083092
0.8880,  0.084126
0.8885,  0.089473
0.8890,  0.087151
0.8895,  0.100621
0.8900,  0.101406
