0.3500,  0.338004
0.3505,  0.411556
0.3510,  0.383134
0.3515,  0.359941
0.3520,  0.327134
0.3525,  0.282478
0.3530,  0.317099
0.3535,  0.353094
0.3540,  0.362510
0.3545,  0.383920
0.3550,  0.365969
0.3555,  0.347393
0.3560,  0.316224
0.3565,  0.296332
0.3570,  0.270963
0.3575,  0.232390
0.3580,  0.188430
0.3585,  0.124559
0.3590,  0.282177
0.3595,  0.414900
0.3600,  0.385869
0.3605,  0.355320
0.3610,  0.298801
0.3615,  0.239033
0.3620,  0.284909
0.3625,  0.324687
0.3630,  0.313647
0.3635,  0.303517
0.3640,  0.297965
0.3645,  0.282535
0.3650,  0.311849
0.3655,  0.338781
0.3660,  0.347047
0.3665,  0.362139
0.3670,  0.336645
0.3675,  0.317239
0.3680,  0.291373
0.3685,  0.260502
0.3690,  0.307320
0.3695,  0.350605
0.3700,  0.317401
0.3705,  0.281046
0.3710,  0.297789
0.3715,  0.321966
0.3720,  0.294131
0.3725,  0.267507
0.3730,  0.240842
0.3735,  0.211057
0.3740,  0.229902
0.3745,  0.235075
0.3750,  0.304729
0.3755,  0.352028
0.3760,  0.327768
0.3765,  0.299448
0.3770,  0.338976
0.3775,  0.382644
0.3780,  0.382881
0.3785,  0.392341
0.3790,  0.306406
0.3795,  0.214942
0.3800,  0.276882
0.3805,  0.338086
0.3810,  0.318124
0.3815,  0.310639
0.3820,  0.233266
0.3825,  0.125420
0.3830,  0.087547
0.3835,  0.036095
0.3840,  0.190272
0.3845,  0.308924
0.3850,  0.314590
0.3855,  0.322402
0.3860,  0.305566
0.3865,  0.291949
0.3870,  0.285631
0.3875,  0.279276
0.3880,  0.258919
0.3885,  0.231484
0.3890,  0.286057
0.3895,  0.330630
0.3900,  0.331109
0.3905,  0.331675
0.3910,  0.352412
0.3915,  0.393823
0.3920,  0.318001
0.3925,  0.231325
0.3930,  0.061740
0.3935,  -0.188657
0.3940,  0.081304
0.3945,  0.269514
0.3950,  0.365620
0.3955,  0.465193
0.3960,  0.315971
0.3965,  0.119192
0.3970,  0.128273
0.3975,  0.109554
0.3980,  0.281137
0.3985,  0.399116
0.3990,  0.376279
0.3995,  0.371408
0.4000,  0.343363
0.4005,  0.313523
0.4010,  0.303273
0.4015,  0.302189
0.4020,  0.294030
0.4025,  0.293622
0.4030,  0.275514
0.4035,  0.253150
0.4040,  0.247572
0.4045,  0.249718
0.4050,  0.251805
0.4055,  0.250907
0.4060,  0.233012
0.4065,  0.215893
0.4070,  0.227572
0.4075,  0.233674
0.4080,  0.254317
0.4085,  0.276741
0.4090,  0.272485
0.4095,  0.271586
0.4100,  0.227198
0.4105,  0.173113
0.4110,  0.236978
0.4115,  0.293659
0.4120,  0.278308
0.4125,  0.263548
0.4130,  0.251081
0.4135,  0.243460
0.4140,  0.236656
0.4145,  0.226315
0.4150,  0.223912
0.4155,  0.221976
0.4160,  0.244450
0.4165,  0.273417
0.4170,  0.240435
0.4175,  0.202134
0.4180,  0.212363
0.4185,  0.221671
0.4190,  0.224355
0.4195,  0.223857
0.4200,  0.231517
0.4205,  0.243495
0.4210,  0.248221
0.4215,  0.257109
0.4220,  0.210356
0.4225,  0.159082
0.4230,  0.196175
0.4235,  0.233108
0.4240,  0.243553
0.4245,  0.258259
0.4250,  0.243217
0.4255,  0.228442
0.4260,  0.232163
0.4265,  0.235830
0.4270,  0.201173
0.4275,  0.170336
0.4280,  0.182956
0.4285,  0.203568
0.4290,  0.193581
0.4295,  0.188894
0.4300,  0.106177
0.4305,  -0.007737
0.4310,  0.165893
0.4315,  0.297626
0.4320,  0.264601
0.4325,  0.238947
0.4330,  0.253812
0.4335,  0.264910
0.4340,  0.238754
0.4345,  0.213746
0.4350,  0.211378
0.4355,  0.209715
0.4360,  0.245812
0.4365,  0.285358
0.4370,  0.258809
0.4375,  0.237487
0.4380,  0.190747
0.4385,  0.133575
0.4390,  0.198770
0.4395,  0.255983
0.4400,  0.223295
0.4405,  0.187782
0.4410,  0.225882
0.4415,  0.257652
0.4420,  0.253069
0.4425,  0.250840
0.4430,  0.227400
0.4435,  0.207673
0.4440,  0.221431
0.4445,  0.238404
0.4450,  0.209219
0.4455,  0.175907
0.4460,  0.189785
0.4465,  0.200248
0.4470,  0.231552
0.4475,  0.262084
0.4480,  0.234302
0.4485,  0.205002
0.4490,  0.207914
0.4495,  0.207076
0.4500,  0.221858
0.4505,  0.237648
0.4510,  0.232879
0.4515,  0.228333
0.4520,  0.201663
0.4525,  0.176499
0.4530,  0.187726
0.4535,  0.194916
0.4540,  0.199995
0.4545,  0.200491
0.4550,  0.206643
0.4555,  0.215292
0.4560,  0.219226
0.4565,  0.223805
0.4570,  0.226424
0.4575,  0.231174
0.4580,  0.207181
0.4585,  0.182827
0.4590,  0.193350
0.4595,  0.202333
0.4600,  0.208939
0.4605,  0.211857
0.4610,  0.212547
0.4615,  0.215029
0.4620,  0.224529
0.4625,  0.231855
0.4630,  0.216546
0.4635,  0.206712
0.4640,  0.198465
0.4645,  0.189194
0.4650,  0.207251
0.4655,  0.225998
0.4660,  0.204265
0.4665,  0.183368
0.4670,  0.208497
0.4675,  0.228277
0.4680,  0.224325
0.4685,  0.220915
0.4690,  0.222307
0.4695,  0.224763
0.4700,  0.205867
0.4705,  0.179120
0.4710,  0.205949
0.4715,  0.235286
0.4720,  0.235294
0.4725,  0.235520
0.4730,  0.221857
0.4735,  0.206840
0.4740,  0.213745
0.4745,  0.227664
0.4750,  0.225119
0.4755,  0.222117
0.4760,  0.211531
0.4765,  0.197438
0.4770,  0.219663
0.4775,  0.242261
0.4780,  0.225659
0.4785,  0.207700
0.4790,  0.218949
0.4795,  0.229917
0.4800,  0.217358
0.4805,  0.209728
0.4810,  0.222642
0.4815,  0.235206
0.4820,  0.223915
0.4825,  0.215567
0.4830,  0.218842
0.4835,  0.224035
0.4840,  0.223802
0.4845,  0.228934
0.4850,  0.218082
0.4855,  0.206822
0.4860,  0.172619
0.4865,  0.122028
0.4870,  0.166888
0.4875,  0.205384
0.4880,  0.214755
0.4885,  0.223971
0.4890,  0.223640
0.4895,  0.225978
0.4900,  0.232022
0.4905,  0.241918
0.4910,  0.222427
0.4915,  0.201427
0.4920,  0.202589
0.4925,  0.200752
0.4930,  0.193114
0.4935,  0.181620
0.4940,  0.211200
0.4945,  0.242304
0.4950,  0.211989
0.4955,  0.183092
0.4960,  0.204293
0.4965,  0.227121
0.4970,  0.231568
0.4975,  0.236776
0.4980,  0.205243
0.4985,  0.172206
0.4990,  0.199373
0.4995,  0.228120
0.5000,  0.211143
0.5005,  0.192100
0.5010,  0.185024
0.5015,  0.173151
0.5020,  0.190920
0.5025,  0.209945
0.5030,  0.219460
0.5035,  0.226869
0.5040,  0.211173
0.5045,  0.190551
0.5050,  0.210150
0.5055,  0.229298
0.5060,  0.218373
0.5065,  0.211423
0.5070,  0.203007
0.5075,  0.193689
0.5080,  0.195771
0.5085,  0.196571
0.5090,  0.194842
0.5095,  0.192916
0.5100,  0.197422
0.5105,  0.202494
0.5110,  0.213930
0.5115,  0.226027
0.5120,  0.202257
0.5125,  0.178617
0.5130,  0.182654
0.5135,  0.183330
0.5140,  0.190772
0.5145,  0.195906
0.5150,  0.207581
0.5155,  0.227284
0.5160,  0.192611
0.5165,  0.152448
0.5170,  0.176175
0.5175,  0.192464
0.5180,  0.170619
0.5185,  0.142409
0.5190,  0.175825
0.5195,  0.209151
0.5200,  0.200802
0.5205,  0.191620
0.5210,  0.202941
0.5215,  0.216344
0.5220,  0.195884
0.5225,  0.173050
0.5230,  0.184326
0.5235,  0.193996
0.5240,  0.203404
0.5245,  0.218148
0.5250,  0.218950
0.5255,  0.225013
0.5260,  0.180291
0.5265,  0.124056
0.5270,  0.158214
0.5275,  0.185232
0.5280,  0.189116
0.5285,  0.192954
0.5290,  0.190652
0.5295,  0.188713
0.5300,  0.191850
0.5305,  0.197926
0.5310,  0.204261
0.5315,  0.214378
0.5320,  0.179710
0.5325,  0.138537
0.5330,  0.174280
0.5335,  0.206128
0.5340,  0.185784
0.5345,  0.166340
0.5350,  0.193868
0.5355,  0.223251
0.5360,  0.198241
0.5365,  0.172362
0.5370,  0.174603
0.5375,  0.176708
0.5380,  0.184252
0.5385,  0.196469
0.5390,  0.187847
0.5395,  0.176512
0.5400,  0.166066
0.5405,  0.151867
0.5410,  0.176455
0.5415,  0.200781
0.5420,  0.187503
0.5425,  0.172643
0.5430,  0.181500
0.5435,  0.190393
0.5440,  0.188206
0.5445,  0.188636
0.5450,  0.195191
0.5455,  0.200083
0.5460,  0.196313
0.5465,  0.193629
0.5470,  0.183421
0.5475,  0.171904
0.5480,  0.177542
0.5485,  0.182280
0.5490,  0.188657
0.5495,  0.195625
0.5500,  0.188055
0.5505,  0.180131
0.5510,  0.182771
0.5515,  0.185731
0.5520,  0.181944
0.5525,  0.177273
0.5530,  0.181868
0.5535,  0.188147
0.5540,  0.190591
0.5545,  0.194828
0.5550,  0.198435
0.5555,  0.201990
0.5560,  0.187388
0.5565,  0.173550
0.5570,  0.182573
0.5575,  0.194609
0.5580,  0.187202
0.5585,  0.177199
0.5590,  0.182634
0.5595,  0.186500
0.5600,  0.191329
0.5605,  0.195139
0.5610,  0.190731
0.5615,  0.184714
0.5620,  0.188467
0.5625,  0.194091
0.5630,  0.197900
0.5635,  0.201637
0.5640,  0.201732
0.5645,  0.203018
0.5650,  0.192878
0.5655,  0.180614
0.5660,  0.185540
0.5665,  0.190345
0.5670,  0.204383
0.5675,  0.218876
0.5680,  0.202235
0.5685,  0.186420
0.5690,  0.200281
0.5695,  0.215591
0.5700,  0.196772
0.5705,  0.174719
0.5710,  0.182504
0.5715,  0.186572
0.5720,  0.197106
0.5725,  0.207775
0.5730,  0.203358
0.5735,  0.203213
0.5740,  0.204521
0.5745,  0.204983
0.5750,  0.198524
0.5755,  0.189357
0.5760,  0.192810
0.5765,  0.195657
0.5770,  0.198261
0.5775,  0.202429
0.5780,  0.184140
0.5785,  0.162635
0.5790,  0.169325
0.5795,  0.176484
0.5800,  0.176631
0.5805,  0.177141
0.5810,  0.177967
0.5815,  0.179554
0.5820,  0.182398
0.5825,  0.185984
0.5830,  0.182801
0.5835,  0.179603
0.5840,  0.184237
0.5845,  0.188823
0.5850,  0.173336
0.5855,  0.156703
0.5860,  0.170959
0.5865,  0.188003
0.5870,  0.203016
0.5875,  0.222086
0.5880,  0.215586
0.5885,  0.201489
0.5890,  0.167366
0.5895,  0.128854
0.5900,  0.174901
0.5905,  0.219327
0.5910,  0.209799
0.5915,  0.197554
0.5920,  0.197000
0.5925,  0.199375
0.5930,  0.195529
0.5935,  0.194130
0.5940,  0.190515
0.5945,  0.186800
0.5950,  0.191788
0.5955,  0.195237
0.5960,  0.200321
0.5965,  0.204101
0.5970,  0.195509
0.5975,  0.186754
0.5980,  0.178844
0.5985,  0.175533
0.5990,  0.183710
0.5995,  0.191686
0.6000,  0.187814
0.6005,  0.184349
0.6010,  0.186450
0.6015,  0.185521
0.6020,  0.173597
0.6025,  0.160295
0.6030,  0.173007
0.6035,  0.188186
0.6040,  0.185721
0.6045,  0.185560
0.6050,  0.183659
0.6055,  0.180886
0.6060,  0.180800
0.6065,  0.181909
0.6070,  0.183570
0.6075,  0.184235
0.6080,  0.183802
0.6085,  0.183230
0.6090,  0.185837
0.6095,  0.184884
0.6100,  0.175141
0.6105,  0.166067
0.6110,  0.176363
0.6115,  0.187870
0.6120,  0.180343
0.6125,  0.173041
0.6130,  0.169240
0.6135,  0.166017
0.6140,  0.177752
0.6145,  0.189852
0.6150,  0.195553
0.6155,  0.197755
0.6160,  0.170367
0.6165,  0.139740
0.6170,  0.161116
0.6175,  0.182726
0.6180,  0.186316
0.6185,  0.190023
0.6190,  0.187596
0.6195,  0.184673
0.6200,  0.191207
0.6205,  0.197060
0.6210,  0.186145
0.6215,  0.176793
0.6220,  0.186006
0.6225,  0.198155
0.6230,  0.192096
0.6235,  0.187447
0.6240,  0.190561
0.6245,  0.189810
0.6250,  0.182556
0.6255,  0.174343
0.6260,  0.190468
0.6265,  0.208308
0.6270,  0.210534
0.6275,  0.212551
0.6280,  0.213370
0.6285,  0.216812
0.6290,  0.215257
0.6295,  0.212826
0.6300,  0.208728
0.6305,  0.200915
0.6310,  0.191342
0.6315,  0.187659
0.6320,  0.185839
0.6325,  0.184312
0.6330,  0.185460
0.6335,  0.186831
0.6340,  0.187007
0.6345,  0.189080
0.6350,  0.192565
0.6355,  0.191348
0.6360,  0.191119
0.6365,  0.184714
0.6370,  0.179397
0.6375,  0.175989
0.6380,  0.174665
0.6385,  0.176663
0.6390,  0.180755
0.6395,  0.182453
0.6400,  0.182265
0.6405,  0.182060
0.6410,  0.176165
0.6415,  0.176672
0.6420,  0.175059
0.6425,  0.174017
0.6430,  0.172698
0.6435,  0.174058
0.6440,  0.176965
0.6445,  0.181924
0.6450,  0.189108
0.6455,  0.193142
0.6460,  0.194835
0.6465,  0.193787
0.6470,  0.194912
0.6475,  0.191939
0.6480,  0.187177
0.6485,  0.177993
0.6490,  0.171248
0.6495,  0.175800
0.6500,  0.180526
0.6505,  0.187799
0.6510,  0.193286
0.6515,  0.193012
0.6520,  0.191289
0.6525,  0.186536
0.6530,  0.185104
0.6535,  0.182747
0.6540,  0.188049
0.6545,  0.198007
0.6550,  0.209456
0.6555,  0.202340
0.6560,  0.176855
0.6565,  0.142500
0.6570,  0.102998
0.6575,  0.112731
0.6580,  0.126253
0.6585,  0.142710
0.6590,  0.162048
0.6595,  0.160878
0.6600,  0.154879
0.6605,  0.149729
0.6610,  0.150377
0.6615,  0.147157
0.6620,  0.146594
0.6625,  0.147786
0.6630,  0.148561
0.6635,  0.153765
0.6640,  0.154933
0.6645,  0.154751
0.6650,  0.154712
0.6655,  0.150875
0.6660,  0.145539
0.6665,  0.143725
0.6670,  0.138504
0.6675,  0.137756
0.6680,  0.135539
0.6685,  0.136903
0.6690,  0.139526
0.6695,  0.140037
0.6700,  0.141688
0.6705,  0.141205
0.6710,  0.142508
0.6715,  0.144335
0.6720,  0.143720
0.6725,  0.142320
0.6730,  0.138930
0.6735,  0.136167
0.6740,  0.137600
0.6745,  0.135114
0.6750,  0.135976
0.6755,  0.136604
0.6760,  0.138951
0.6765,  0.141664
0.6770,  0.143811
0.6775,  0.144115
0.6780,  0.146812
0.6785,  0.143276
0.6790,  0.140104
0.6795,  0.137357
0.6800,  0.135910
0.6805,  0.134884
0.6810,  0.136453
0.6815,  0.138915
0.6820,  0.145120
0.6825,  0.149403
0.6830,  0.152908
0.6835,  0.153443
0.6840,  0.155631
0.6845,  0.157312
0.6850,  0.172557
0.6855,  0.206975
0.6860,  0.247377
0.6865,  0.277033
0.6870,  0.285576
0.6875,  0.275878
0.6880,  0.267831
0.6885,  0.262860
0.6890,  0.260144
0.6895,  0.253787
0.6900,  0.246104
0.6905,  0.235283
0.6910,  0.227109
0.6915,  0.224989
0.6920,  0.221153
0.6925,  0.219049
0.6930,  0.217359
0.6935,  0.216115
0.6940,  0.213155
0.6945,  0.206621
0.6950,  0.198341
0.6955,  0.187252
0.6960,  0.177336
0.6965,  0.175017
0.6970,  0.175380
0.6975,  0.182640
0.6980,  0.188574
0.6985,  0.196872
0.6990,  0.206530
0.6995,  0.206390
0.7000,  0.197925
0.7005,  0.188523
0.7010,  0.182842
0.7015,  0.185290
0.7020,  0.184304
0.7025,  0.184790
0.7030,  0.182420
0.7035,  0.184353
0.7040,  0.189276
0.7045,  0.192067
0.7050,  0.191605
0.7055,  0.186552
0.7060,  0.181504
0.7065,  0.175261
0.7070,  0.169270
0.7075,  0.166864
0.7080,  0.166199
0.7085,  0.167847
0.7090,  0.171276
0.7095,  0.175077
0.7100,  0.175814
0.7105,  0.176625
0.7110,  0.178734
0.7115,  0.176663
0.7120,  0.173211
0.7125,  0.171456
0.7130,  0.170346
0.7135,  0.171383
0.7140,  0.175441
0.7145,  0.182656
0.7150,  0.197141
0.7155,  0.221969
0.7160,  0.250766
0.7165,  0.285136
0.7170,  0.319985
0.7175,  0.345310
0.7180,  0.362430
0.7185,  0.377506
0.7190,  0.374979
0.7195,  0.360472
0.7200,  0.335281
0.7205,  0.305482
0.7210,  0.283320
0.7215,  0.275935
0.7220,  0.284933
0.7225,  0.297933
0.7230,  0.315113
0.7235,  0.323992
0.7240,  0.329089
0.7245,  0.327904
0.7250,  0.330533
0.7255,  0.329197
0.7260,  0.329785
0.7265,  0.326347
0.7270,  0.326555
0.7275,  0.324789
0.7280,  0.319608
0.7285,  0.313733
0.7290,  0.309174
0.7295,  0.308801
0.7300,  0.303406
0.7305,  0.290346
0.7310,  0.275864
0.7315,  0.262842
0.7320,  0.246877
0.7325,  0.230684
0.7330,  0.214148
0.7335,  0.201842
0.7340,  0.195915
0.7345,  0.193569
0.7350,  0.194478
0.7355,  0.198045
0.7360,  0.204108
0.7365,  0.205768
0.7370,  0.203505
0.7375,  0.197435
0.7380,  0.191991
0.7385,  0.187996
0.7390,  0.175206
0.7395,  0.168054
0.7400,  0.162694
0.7405,  0.159955
0.7410,  0.155957
0.7415,  0.158009
0.7420,  0.158723
0.7425,  0.159455
0.7430,  0.157306
0.7435,  0.148642
0.7440,  0.147308
0.7445,  0.146980
0.7450,  0.144721
0.7455,  0.144453
0.7460,  0.145440
0.7465,  0.146344
0.7470,  0.146912
0.7475,  0.146764
0.7480,  0.149566
0.7485,  0.149592
0.7490,  0.151215
0.7495,  0.151664
0.7500,  0.149949
0.7505,  0.150213
0.7510,  0.149589
0.7515,  0.147773
0.7520,  0.143928
0.7525,  0.140198
0.7530,  0.139933
0.7535,  0.141022
0.7540,  0.143389
0.7545,  0.143975
0.7550,  0.149583
0.7555,  0.153426
0.7560,  0.157295
0.7565,  0.160137
0.7570,  0.156990
0.7575,  0.176874
0.7580,  0.235917
0.7585,  0.342646
0.7590,  0.490838
0.7595,  0.661021
0.7600,  0.773979
0.7605,  0.793797
0.7610,  0.767928
0.7615,  0.737856
0.7620,  0.730318
0.7625,  0.725234
0.7630,  0.694926
0.7635,  0.643288
0.7640,  0.576398
0.7645,  0.508818
0.7650,  0.446306
0.7655,  0.382376
0.7660,  0.325503
0.7665,  0.274914
0.7670,  0.229160
0.7675,  0.209380
0.7680,  0.193414
0.7685,  0.185944
0.7690,  0.176041
0.7695,  0.165537
0.7700,  0.155804
0.7705,  0.149478
0.7710,  0.146955
0.7715,  0.145447
0.7720,  0.145582
0.7725,  0.146904
0.7730,  0.153085
0.7735,  0.155171
0.7740,  0.153824
0.7745,  0.152612
0.7750,  0.151971
0.7755,  0.146035
0.7760,  0.142310
0.7765,  0.147549
0.7770,  0.151192
0.7775,  0.149469
0.7780,  0.145651
0.7785,  0.145267
0.7790,  0.146032
0.7795,  0.154067
0.7800,  0.154365
0.7805,  0.148149
0.7810,  0.141961
0.7815,  0.143002
0.7820,  0.145583
0.7825,  0.143222
0.7830,  0.140442
0.7835,  0.142699
0.7840,  0.147578
0.7845,  0.151037
0.7850,  0.155325
0.7855,  0.154185
0.7860,  0.162289
0.7865,  0.165562
0.7870,  0.168153
0.7875,  0.169971
0.7880,  0.166191
0.7885,  0.169152
0.7890,  0.173121
0.7895,  0.171618
0.7900,  0.170370
0.7905,  0.168707
0.7910,  0.172358
0.7915,  0.179147
0.7920,  0.178876
0.7925,  0.176760
0.7930,  0.170968
0.7935,  0.164677
0.7940,  0.160063
0.7945,  0.162821
0.7950,  0.169299
0.7955,  0.177613
0.7960,  0.179312
0.7965,  0.173833
0.7970,  0.172554
0.7975,  0.164697
0.7980,  0.161502
0.7985,  0.163224
0.7990,  0.162317
0.7995,  0.161107
0.8000,  0.167085
0.8005,  0.167285
0.8010,  0.168864
0.8015,  0.168271
0.8020,  0.167818
0.8025,  0.175368
0.8030,  0.176893
0.8035,  0.173791
0.8040,  0.169832
0.8045,  0.159701
0.8050,  0.152183
0.8055,  0.144598
0.8060,  0.144644
0.8065,  0.142801
0.8070,  0.145209
0.8075,  0.138219
0.8080,  0.143249
0.8085,  0.147610
0.8090,  0.151691
0.8095,  0.164815
0.8100,  0.179220
0.8105,  0.190243
0.8110,  0.199197
0.8115,  0.204188
0.8120,  0.220274
0.8125,  0.242876
0.8130,  0.273792
0.8135,  0.301228
0.8140,  0.318650
0.8145,  0.339121
0.8150,  0.357704
0.8155,  0.363668
0.8160,  0.368256
0.8165,  0.366495
0.8170,  0.355929
0.8175,  0.342943
0.8180,  0.336718
0.8185,  0.323602
0.8190,  0.296791
0.8195,  0.278623
0.8200,  0.265272
0.8205,  0.267194
0.8210,  0.293432
0.8215,  0.326408
0.8220,  0.349256
0.8225,  0.355238
0.8230,  0.336828
0.8235,  0.308898
0.8240,  0.272874
0.8245,  0.245597
0.8250,  0.222663
0.8255,  0.216680
0.8260,  0.223694
0.8265,  0.238557
0.8270,  0.267862
0.8275,  0.292327
0.8280,  0.297647
0.8285,  0.289427
0.8290,  0.273835
0.8295,  0.264646
0.8300,  0.258487
0.8305,  0.251567
0.8310,  0.240442
0.8315,  0.229244
0.8320,  0.234246
0.8325,  0.233725
0.8330,  0.229586
0.8335,  0.219468
0.8340,  0.204862
0.8345,  0.200733
0.8350,  0.188927
0.8355,  0.182231
0.8360,  0.176575
0.8365,  0.161066
0.8370,  0.157279
0.8375,  0.151092
0.8380,  0.149273
0.8385,  0.154532
0.8390,  0.151182
0.8395,  0.152582
0.8400,  0.154698
0.8405,  0.153159
0.8410,  0.152866
0.8415,  0.148160
0.8420,  0.136445
0.8425,  0.126334
0.8430,  0.126843
0.8435,  0.116451
0.8440,  0.117468
0.8445,  0.134463
0.8450,  0.145899
0.8455,  0.153020
0.8460,  0.156460
0.8465,  0.150396
0.8470,  0.145704
0.8475,  0.143706
0.8480,  0.145244
0.8485,  0.139429
0.8490,  0.136794
0.8495,  0.127810
0.8500,  0.114461
0.8505,  0.118808
0.8510,  0.132182
0.8515,  0.137000
0.8520,  0.150520
0.8525,  0.143229
0.8530,  0.138208
0.8535,  0.120029
0.8540,  0.082881
0.8545,  0.088910
0.8550,  0.095988
0.8555,  0.109669
0.8560,  0.126699
0.8565,  0.121314
0.8570,  0.121971
0.8575,  0.123323
0.8580,  0.127468
0.8585,  0.126024
0.8590,  0.117179
0.8595,  0.110707
0.8600,  0.104632
0.8605,  0.098256
0.8610,  0.103323
0.8615,  0.100583
0.8620,  0.110535
0.8625,  0.119450
0.8630,  0.133707
0.8635,  0.135697
0.8640,  0.145455
0.8645,  0.145208
0.8650,  0.138085
0.8655,  0.123136
0.8660,  0.088675
0.8665,  0.098757
0.8670,  0.112253
0.8675,  0.122385
0.8680,  0.126415
0.8685,  0.125574
0.8690,  0.121993
0.8695,  0.118759
0.8700,  0.119934
0.8705,  0.116938
0.8710,  0.122733
0.8715,  0.119171
0.8720,  0.119802
0.8725,  0.111666
0.8730,  0.110414
0.8735,  0.112457
0.8740,  0.122457
0.8745,  0.138401
0.8750,  0.131753
0.8755,  0.120668
0.8760,  0.098325
0.8765,  0.089444
0.8770,  0.087429
0.8775,  0.087916
0.8780,  0.090398
0.8785,  0.095852
0.8790,  0.111445
0.8795,  0.124897
0.8800,  0.141971
0.8805,  0.130363
0.8810,  0.120736
0.8815,  0.113159
0.8820,  0.108404
0.8825,  0.100452
0.8830,  0.105943
0.8835,  0.111610
0.8840,  0.124739
0.8845,  0.118925
0.8850,  0.125121
0.8855,  0.124975
0.8860,  0.109307
0.8865,  0.106569
0.8870,  0.105934
0.8875,  0.109327
0.8880,  0.104086
0.8885,  0.108464
0.8890,  0.100839
0.8895,  0.098218
0.8900,  0.120815
