0.3500,  2.938783
0.3505,  2.732783
0.3510,  2.545006
0.3515,  2.423875
0.3520,  2.315842
0.3525,  2.179931
0.3530,  2.095394
0.3535,  2.056433
0.3540,  1.956102
0.3545,  1.940046
0.3550,  1.873297
0.3555,  1.862048
0.3560,  1.869384
0.3565,  1.945139
0.3570,  2.126341
0.3575,  2.332276
0.3580,  2.368914
0.3585,  2.347717
0.3590,  2.467042
0.3595,  2.532912
0.3600,  2.463217
0.3605,  2.416196
0.3610,  2.304514
0.3615,  2.182256
0.3620,  2.078706
0.3625,  1.937064
0.3630,  1.796198
0.3635,  1.683601
0.3640,  1.574461
0.3645,  1.481067
0.3650,  1.442125
0.3655,  1.404779
0.3660,  1.382812
0.3665,  1.362184
0.3670,  1.294675
0.3675,  1.227609
0.3680,  1.156059
0.3685,  1.090351
0.3690,  1.110073
0.3695,  1.137141
0.3700,  1.096159
0.3705,  1.075179
0.3710,  1.106927
0.3715,  1.141605
0.3720,  1.125409
0.3725,  1.116806
0.3730,  1.123285
0.3735,  1.139640
0.3740,  1.192170
0.3745,  1.216659
0.3750,  1.305712
0.3755,  1.361156
0.3760,  1.320788
0.3765,  1.256401
0.3770,  1.250257
0.3775,  1.233013
0.3780,  1.175366
0.3785,  1.142642
0.3790,  1.025316
0.3795,  0.920086
0.3800,  0.982905
0.3805,  1.048169
0.3810,  1.032864
0.3815,  1.051641
0.3820,  1.030193
0.3825,  1.007834
0.3830,  1.081737
0.3835,  1.137964
0.3840,  1.365939
0.3845,  1.502652
0.3850,  1.493930
0.3855,  1.468289
0.3860,  1.405019
0.3865,  1.336459
0.3870,  1.288716
0.3875,  1.258736
0.3880,  1.219541
0.3885,  1.163658
0.3890,  1.178988
0.3895,  1.178793
0.3900,  1.125279
0.3905,  1.070681
0.3910,  1.047525
0.3915,  1.057944
0.3920,  0.956962
0.3925,  0.886984
0.3930,  0.770083
0.3935,  0.586382
0.3940,  0.945919
0.3945,  1.182345
0.3950,  1.285034
0.3955,  1.362771
0.3960,  1.174343
0.3965,  0.947460
0.3970,  0.952819
0.3975,  0.919274
0.3980,  1.059299
0.3985,  1.119632
0.3990,  1.027916
0.3995,  0.956759
0.4000,  0.870507
0.4005,  0.795988
0.4010,  0.746893
0.4015,  0.715751
0.4020,  0.684069
0.4025,  0.662465
0.4030,  0.624843
0.4035,  0.590116
0.4040,  0.575883
0.4045,  0.567098
0.4050,  0.565205
0.4055,  0.569401
0.4060,  0.559225
0.4065,  0.545867
0.4070,  0.559919
0.4075,  0.569888
0.4080,  0.590828
0.4085,  0.608766
0.4090,  0.596694
0.4095,  0.590437
0.4100,  0.543306
0.4105,  0.484831
0.4110,  0.552013
0.4115,  0.611977
0.4120,  0.591821
0.4125,  0.570072
0.4130,  0.551117
0.4135,  0.533940
0.4140,  0.522459
0.4145,  0.512650
0.4150,  0.505196
0.4155,  0.497310
0.4160,  0.520697
0.4165,  0.547490
0.4170,  0.509337
0.4175,  0.469022
0.4180,  0.479257
0.4185,  0.489609
0.4190,  0.497858
0.4195,  0.501529
0.4200,  0.514669
0.4205,  0.526629
0.4210,  0.534386
0.4215,  0.541774
0.4220,  0.490699
0.4225,  0.434537
0.4230,  0.471196
0.4235,  0.505464
0.4240,  0.517096
0.4245,  0.535217
0.4250,  0.522125
0.4255,  0.513483
0.4260,  0.519523
0.4265,  0.526439
0.4270,  0.496311
0.4275,  0.468739
0.4280,  0.488058
0.4285,  0.509521
0.4290,  0.495745
0.4295,  0.493739
0.4300,  0.417987
0.4305,  0.317445
0.4310,  0.523066
0.4315,  0.674347
0.4320,  0.634898
0.4325,  0.592995
0.4330,  0.587256
0.4335,  0.582231
0.4340,  0.540054
0.4345,  0.502961
0.4350,  0.494766
0.4355,  0.484865
0.4360,  0.516626
0.4365,  0.552496
0.4370,  0.515725
0.4375,  0.486020
0.4380,  0.431825
0.4385,  0.370463
0.4390,  0.442174
0.4395,  0.504288
0.4400,  0.471882
0.4405,  0.433245
0.4410,  0.472616
0.4415,  0.508451
0.4420,  0.504470
0.4425,  0.496113
0.4430,  0.463134
0.4435,  0.433527
0.4440,  0.438540
0.4445,  0.450819
0.4450,  0.416214
0.4455,  0.376957
0.4460,  0.391235
0.4465,  0.405310
0.4470,  0.440827
0.4475,  0.469039
0.4480,  0.437703
0.4485,  0.403783
0.4490,  0.404979
0.4495,  0.404311
0.4500,  0.419353
0.4505,  0.435337
0.4510,  0.423728
0.4515,  0.415524
0.4520,  0.382425
0.4525,  0.354703
0.4530,  0.366730
0.4535,  0.374875
0.4540,  0.381433
0.4545,  0.381411
0.4550,  0.392606
0.4555,  0.401510
0.4560,  0.404521
0.4565,  0.406265
0.4570,  0.406869
0.4575,  0.408257
0.4580,  0.379292
0.4585,  0.350560
0.4590,  0.360303
0.4595,  0.369360
0.4600,  0.377315
0.4605,  0.383998
0.4610,  0.384136
0.4615,  0.380605
0.4620,  0.385715
0.4625,  0.391165
0.4630,  0.373885
0.4635,  0.361762
0.4640,  0.350261
0.4645,  0.341317
0.4650,  0.362761
0.4655,  0.386144
0.4660,  0.362910
0.4665,  0.339025
0.4670,  0.362705
0.4675,  0.380271
0.4680,  0.372670
0.4685,  0.367281
0.4690,  0.367134
0.4695,  0.368354
0.4700,  0.345392
0.4705,  0.320554
0.4710,  0.349465
0.4715,  0.376976
0.4720,  0.374251
0.4725,  0.372662
0.4730,  0.357261
0.4735,  0.341094
0.4740,  0.347215
0.4745,  0.355724
0.4750,  0.344052
0.4755,  0.333786
0.4760,  0.318113
0.4765,  0.301607
0.4770,  0.324291
0.4775,  0.345750
0.4780,  0.327242
0.4785,  0.310247
0.4790,  0.322380
0.4795,  0.332733
0.4800,  0.318990
0.4805,  0.307645
0.4810,  0.317446
0.4815,  0.325801
0.4820,  0.306292
0.4825,  0.291334
0.4830,  0.290893
0.4835,  0.290377
0.4840,  0.286382
0.4845,  0.289373
0.4850,  0.276190
0.4855,  0.265013
0.4860,  0.235956
0.4865,  0.194589
0.4870,  0.252316
0.4875,  0.299509
0.4880,  0.311496
0.4885,  0.319929
0.4890,  0.317857
0.4895,  0.314985
0.4900,  0.311965
0.4905,  0.313525
0.4910,  0.284816
0.4915,  0.259082
0.4920,  0.259151
0.4925,  0.256540
0.4930,  0.250839
0.4935,  0.241832
0.4940,  0.273370
0.4945,  0.303476
0.4950,  0.268013
0.4955,  0.233085
0.4960,  0.249631
0.4965,  0.267318
0.4970,  0.267783
0.4975,  0.271434
0.4980,  0.237813
0.4985,  0.202244
0.4990,  0.229824
0.4995,  0.257339
0.5000,  0.235434
0.5005,  0.213144
0.5010,  0.208350
0.5015,  0.201078
0.5020,  0.222015
0.5025,  0.239992
0.5030,  0.247753
0.5035,  0.254758
0.5040,  0.240338
0.5045,  0.221537
0.5050,  0.242919
0.5055,  0.262954
0.5060,  0.248850
0.5065,  0.237944
0.5070,  0.225468
0.5075,  0.215301
0.5080,  0.219877
0.5085,  0.222091
0.5090,  0.219732
0.5095,  0.217095
0.5100,  0.221640
0.5105,  0.226648
0.5110,  0.237810
0.5115,  0.248477
0.5120,  0.219744
0.5125,  0.192746
0.5130,  0.197316
0.5135,  0.199993
0.5140,  0.207516
0.5145,  0.213180
0.5150,  0.222058
0.5155,  0.235957
0.5160,  0.195287
0.5165,  0.154275
0.5170,  0.185637
0.5175,  0.213611
0.5180,  0.202086
0.5185,  0.181970
0.5190,  0.220623
0.5195,  0.253432
0.5200,  0.241069
0.5205,  0.228718
0.5210,  0.235376
0.5215,  0.244798
0.5220,  0.220557
0.5225,  0.196332
0.5230,  0.210967
0.5235,  0.221095
0.5240,  0.228926
0.5245,  0.238528
0.5250,  0.230761
0.5255,  0.228535
0.5260,  0.177581
0.5265,  0.124447
0.5270,  0.172699
0.5275,  0.210358
0.5280,  0.219630
0.5285,  0.226608
0.5290,  0.222881
0.5295,  0.218455
0.5300,  0.220202
0.5305,  0.222843
0.5310,  0.221044
0.5315,  0.224424
0.5320,  0.184114
0.5325,  0.142884
0.5330,  0.187024
0.5335,  0.227024
0.5340,  0.210352
0.5345,  0.190651
0.5350,  0.215566
0.5355,  0.240433
0.5360,  0.212204
0.5365,  0.186874
0.5370,  0.192146
0.5375,  0.198378
0.5380,  0.206794
0.5385,  0.214637
0.5390,  0.200784
0.5395,  0.189183
0.5400,  0.179641
0.5405,  0.169189
0.5410,  0.198752
0.5415,  0.225219
0.5420,  0.211015
0.5425,  0.196468
0.5430,  0.208102
0.5435,  0.217521
0.5440,  0.215026
0.5445,  0.214070
0.5450,  0.217556
0.5455,  0.220394
0.5460,  0.216001
0.5465,  0.213518
0.5470,  0.205404
0.5475,  0.195418
0.5480,  0.202354
0.5485,  0.208537
0.5490,  0.215208
0.5495,  0.222163
0.5500,  0.213554
0.5505,  0.206093
0.5510,  0.208926
0.5515,  0.211962
0.5520,  0.207985
0.5525,  0.202651
0.5530,  0.211568
0.5535,  0.220055
0.5540,  0.223409
0.5545,  0.225363
0.5550,  0.225187
0.5555,  0.226394
0.5560,  0.212713
0.5565,  0.199237
0.5570,  0.209384
0.5575,  0.221058
0.5580,  0.212769
0.5585,  0.203066
0.5590,  0.210055
0.5595,  0.216084
0.5600,  0.223220
0.5605,  0.232103
0.5610,  0.228230
0.5615,  0.222832
0.5620,  0.226761
0.5625,  0.231505
0.5630,  0.235239
0.5635,  0.239108
0.5640,  0.238519
0.5645,  0.238926
0.5650,  0.227521
0.5655,  0.214765
0.5660,  0.222151
0.5665,  0.229544
0.5670,  0.242518
0.5675,  0.256918
0.5680,  0.239488
0.5685,  0.223963
0.5690,  0.239804
0.5695,  0.254697
0.5700,  0.237044
0.5705,  0.217441
0.5710,  0.231008
0.5715,  0.239443
0.5720,  0.249381
0.5725,  0.260705
0.5730,  0.253578
0.5735,  0.248928
0.5740,  0.247491
0.5745,  0.247756
0.5750,  0.243005
0.5755,  0.237322
0.5760,  0.242710
0.5765,  0.248298
0.5770,  0.253822
0.5775,  0.260575
0.5780,  0.245013
0.5785,  0.227052
0.5790,  0.236193
0.5795,  0.244407
0.5800,  0.243810
0.5805,  0.243624
0.5810,  0.247368
0.5815,  0.252818
0.5820,  0.257586
0.5825,  0.259464
0.5830,  0.251910
0.5835,  0.246343
0.5840,  0.245971
0.5845,  0.249574
0.5850,  0.237246
0.5855,  0.225932
0.5860,  0.244893
0.5865,  0.260684
0.5870,  0.267803
0.5875,  0.279920
0.5880,  0.270748
0.5885,  0.264829
0.5890,  0.246881
0.5895,  0.221344
0.5900,  0.279574
0.5905,  0.326207
0.5910,  0.312452
0.5915,  0.297391
0.5920,  0.293564
0.5925,  0.292473
0.5930,  0.286387
0.5935,  0.287233
0.5940,  0.283807
0.5945,  0.282038
0.5950,  0.287384
0.5955,  0.289024
0.5960,  0.291301
0.5965,  0.294321
0.5970,  0.284693
0.5975,  0.277926
0.5980,  0.272686
0.5985,  0.270998
0.5990,  0.279907
0.5995,  0.288509
0.6000,  0.285085
0.6005,  0.281053
0.6010,  0.283166
0.6015,  0.284577
0.6020,  0.275052
0.6025,  0.263827
0.6030,  0.277718
0.6035,  0.291291
0.6040,  0.287607
0.6045,  0.286907
0.6050,  0.285468
0.6055,  0.281709
0.6060,  0.279375
0.6065,  0.278117
0.6070,  0.277518
0.6075,  0.279222
0.6080,  0.279885
0.6085,  0.282572
0.6090,  0.289128
0.6095,  0.292344
0.6100,  0.284218
0.6105,  0.275244
0.6110,  0.287337
0.6115,  0.300637
0.6120,  0.292522
0.6125,  0.285639
0.6130,  0.287421
0.6135,  0.287933
0.6140,  0.299768
0.6145,  0.309676
0.6150,  0.312643
0.6155,  0.317176
0.6160,  0.293998
0.6165,  0.266496
0.6170,  0.292617
0.6175,  0.318124
0.6180,  0.323986
0.6185,  0.329002
0.6190,  0.326857
0.6195,  0.319903
0.6200,  0.322932
0.6205,  0.326155
0.6210,  0.315116
0.6215,  0.306466
0.6220,  0.315812
0.6225,  0.326532
0.6230,  0.318455
0.6235,  0.313983
0.6240,  0.320320
0.6245,  0.322986
0.6250,  0.319324
0.6255,  0.313487
0.6260,  0.329885
0.6265,  0.345266
0.6270,  0.346383
0.6275,  0.347161
0.6280,  0.352126
0.6285,  0.357546
0.6290,  0.358682
0.6295,  0.359568
0.6300,  0.356051
0.6305,  0.350635
0.6310,  0.344641
0.6315,  0.344861
0.6320,  0.342284
0.6325,  0.342073
0.6330,  0.345169
0.6335,  0.350205
0.6340,  0.354381
0.6345,  0.355311
0.6350,  0.356416
0.6355,  0.355085
0.6360,  0.354194
0.6365,  0.350241
0.6370,  0.345609
0.6375,  0.341989
0.6380,  0.341926
0.6385,  0.346030
0.6390,  0.351993
0.6395,  0.355780
0.6400,  0.356948
0.6405,  0.356959
0.6410,  0.354899
0.6415,  0.355221
0.6420,  0.352865
0.6425,  0.349658
0.6430,  0.348643
0.6435,  0.350245
0.6440,  0.355588
0.6445,  0.360773
0.6450,  0.371284
0.6455,  0.377057
0.6460,  0.380562
0.6465,  0.382544
0.6470,  0.382958
0.6475,  0.379680
0.6480,  0.376049
0.6485,  0.377026
0.6490,  0.376749
0.6495,  0.385936
0.6500,  0.391280
0.6505,  0.396107
0.6510,  0.402510
0.6515,  0.398649
0.6520,  0.397781
0.6525,  0.393947
0.6530,  0.388394
0.6535,  0.377303
0.6540,  0.372790
0.6545,  0.374898
0.6550,  0.387528
0.6555,  0.398126
0.6560,  0.402733
0.6565,  0.393405
0.6570,  0.364624
0.6575,  0.375399
0.6580,  0.384402
0.6585,  0.393181
0.6590,  0.404900
0.6595,  0.396449
0.6600,  0.385678
0.6605,  0.377830
0.6610,  0.376324
0.6615,  0.375443
0.6620,  0.374888
0.6625,  0.378504
0.6630,  0.383010
0.6635,  0.388862
0.6640,  0.392203
0.6645,  0.394353
0.6650,  0.394380
0.6655,  0.388632
0.6660,  0.384460
0.6665,  0.382456
0.6670,  0.381182
0.6675,  0.385743
0.6680,  0.389232
0.6685,  0.395077
0.6690,  0.398182
0.6695,  0.396226
0.6700,  0.395050
0.6705,  0.396952
0.6710,  0.399234
0.6715,  0.404334
0.6720,  0.404141
0.6725,  0.404738
0.6730,  0.404715
0.6735,  0.401281
0.6740,  0.399210
0.6745,  0.401964
0.6750,  0.402437
0.6755,  0.406686
0.6760,  0.413410
0.6765,  0.420014
0.6770,  0.423192
0.6775,  0.419119
0.6780,  0.415889
0.6785,  0.415182
0.6790,  0.417383
0.6795,  0.425213
0.6800,  0.430149
0.6805,  0.432043
0.6810,  0.434814
0.6815,  0.438610
0.6820,  0.440408
0.6825,  0.441290
0.6830,  0.447477
0.6835,  0.450619
0.6840,  0.453087
0.6845,  0.452319
0.6850,  0.452597
0.6855,  0.470058
0.6860,  0.506698
0.6865,  0.557305
0.6870,  0.610277
0.6875,  0.648670
0.6880,  0.662978
0.6885,  0.656812
0.6890,  0.648839
0.6895,  0.639556
0.6900,  0.628885
0.6905,  0.617164
0.6910,  0.603066
0.6915,  0.592585
0.6920,  0.583593
0.6925,  0.580670
0.6930,  0.581399
0.6935,  0.582305
0.6940,  0.585906
0.6945,  0.584785
0.6950,  0.579046
0.6955,  0.571873
0.6960,  0.566407
0.6965,  0.560683
0.6970,  0.556635
0.6975,  0.557829
0.6980,  0.562867
0.6985,  0.572026
0.6990,  0.583833
0.6995,  0.586712
0.7000,  0.585464
0.7005,  0.581276
0.7010,  0.582954
0.7015,  0.591943
0.7020,  0.597596
0.7025,  0.600949
0.7030,  0.603455
0.7035,  0.606632
0.7040,  0.609614
0.7045,  0.615839
0.7050,  0.614742
0.7055,  0.604495
0.7060,  0.597893
0.7065,  0.591834
0.7070,  0.587711
0.7075,  0.586276
0.7080,  0.583420
0.7085,  0.582090
0.7090,  0.585163
0.7095,  0.593781
0.7100,  0.601070
0.7105,  0.604606
0.7110,  0.608100
0.7115,  0.608431
0.7120,  0.607666
0.7125,  0.604831
0.7130,  0.602362
0.7135,  0.599801
0.7140,  0.608937
0.7145,  0.620342
0.7150,  0.627589
0.7155,  0.650370
0.7160,  0.686140
0.7165,  0.732571
0.7170,  0.791866
0.7175,  0.852302
0.7180,  0.901355
0.7185,  0.945975
0.7190,  0.982770
0.7195,  1.013584
0.7200,  1.023805
0.7205,  1.007705
0.7210,  0.957900
0.7215,  0.899303
0.7220,  0.860370
0.7225,  0.855914
0.7230,  0.870863
0.7235,  0.896666
0.7240,  0.929902
0.7245,  0.958022
0.7250,  0.971413
0.7255,  0.987802
0.7260,  0.996209
0.7265,  0.997211
0.7270,  0.989995
0.7275,  0.985770
0.7280,  0.984881
0.7285,  0.980244
0.7290,  0.971070
0.7295,  0.966395
0.7300,  0.962966
0.7305,  0.961580
0.7310,  0.955535
0.7315,  0.937495
0.7320,  0.913826
0.7325,  0.889159
0.7330,  0.860776
0.7335,  0.836802
0.7340,  0.819822
0.7345,  0.802213
0.7350,  0.792614
0.7355,  0.790517
0.7360,  0.794215
0.7365,  0.790984
0.7370,  0.792472
0.7375,  0.792968
0.7380,  0.798317
0.7385,  0.794246
0.7390,  0.781550
0.7395,  0.771248
0.7400,  0.765023
0.7405,  0.760762
0.7410,  0.749775
0.7415,  0.750275
0.7420,  0.755322
0.7425,  0.762836
0.7430,  0.767044
0.7435,  0.764980
0.7440,  0.768068
0.7445,  0.765280
0.7450,  0.761464
0.7455,  0.761138
0.7460,  0.759075
0.7465,  0.757124
0.7470,  0.749523
0.7475,  0.750583
0.7480,  0.756930
0.7485,  0.766799
0.7490,  0.780155
0.7495,  0.791220
0.7500,  0.795555
0.7505,  0.801634
0.7510,  0.807066
0.7515,  0.813825
0.7520,  0.812635
0.7525,  0.809913
0.7530,  0.811901
0.7535,  0.820633
0.7540,  0.825059
0.7545,  0.829705
0.7550,  0.838394
0.7555,  0.845946
0.7560,  0.841262
0.7565,  0.841856
0.7570,  0.847054
0.7575,  0.853343
0.7580,  0.885489
0.7585,  0.959971
0.7590,  1.127654
0.7595,  1.472809
0.7600,  2.129756
0.7605,  3.610254
0.7610,  Infinity
0.7615,  Infinity
0.7620,  Infinity
0.7625,  Infinity
0.7630,  Infinity
0.7635,  Infinity
0.7640,  5.087599
0.7645,  3.288492
0.7650,  2.617041
0.7655,  2.178827
0.7660,  1.863963
0.7665,  1.634945
0.7670,  1.440887
0.7675,  1.311495
0.7680,  1.224881
0.7685,  1.154002
0.7690,  1.112193
0.7695,  1.071918
0.7700,  1.044870
0.7705,  1.037792
0.7710,  1.034850
0.7715,  1.042066
0.7720,  1.050473
0.7725,  1.045209
0.7730,  1.040689
0.7735,  1.026605
0.7740,  1.018542
0.7745,  1.016483
0.7750,  1.020911
0.7755,  1.035514
0.7760,  1.040835
0.7765,  1.050502
0.7770,  1.056720
0.7775,  1.056706
0.7780,  1.058457
0.7785,  1.071900
0.7790,  1.069533
0.7795,  1.092759
0.7800,  1.097848
0.7805,  1.099214
0.7810,  1.099844
0.7815,  1.095978
0.7820,  1.096474
0.7825,  1.111254
0.7830,  1.134022
0.7835,  1.158809
0.7840,  1.162451
0.7845,  1.159202
0.7850,  1.168486
0.7855,  1.169549
0.7860,  1.174432
0.7865,  1.186988
0.7870,  1.196757
0.7875,  1.203856
0.7880,  1.217348
0.7885,  1.242635
0.7890,  1.275752
0.7895,  1.299228
0.7900,  1.317315
0.7905,  1.322208
0.7910,  1.317581
0.7915,  1.309051
0.7920,  1.311182
0.7925,  1.332912
0.7930,  1.351116
0.7935,  1.376664
0.7940,  1.378214
0.7945,  1.392970
0.7950,  1.395739
0.7955,  1.405189
0.7960,  1.410604
0.7965,  1.429658
0.7970,  1.412666
0.7975,  1.396830
0.7980,  1.398071
0.7985,  1.406022
0.7990,  1.426307
0.7995,  1.468346
0.8000,  1.491233
0.8005,  1.518297
0.8010,  1.537335
0.8015,  1.525218
0.8020,  1.524816
0.8025,  1.534165
0.8030,  1.549670
0.8035,  1.576450
0.8040,  1.621442
0.8045,  1.659490
0.8050,  1.696481
0.8055,  1.705765
0.8060,  1.691171
0.8065,  1.678280
0.8070,  1.665059
0.8075,  1.653173
0.8080,  1.651493
0.8085,  1.683429
0.8090,  1.714814
0.8095,  1.768485
0.8100,  1.832504
0.8105,  1.911219
0.8110,  1.981994
0.8115,  2.012460
0.8120,  2.089156
0.8125,  2.201752
0.8130,  2.389026
0.8135,  2.767721
0.8140,  3.394055
0.8145,  4.181422
0.8150,  5.783875
0.8155,  Infinity
0.8160,  Infinity
0.8165,  Infinity
0.8170,  Infinity
0.8175,  Infinity
0.8180,  Infinity
0.8185,  Infinity
0.8190,  Infinity
0.8195,  Infinity
0.8200,  Infinity
0.8205,  Infinity
0.8210,  7.406142
0.8215,  7.269483
0.8220,  Infinity
0.8225,  Infinity
0.8230,  Infinity
0.8235,  Infinity
0.8240,  Infinity
0.8245,  8.139946
0.8250,  5.382893
0.8255,  4.444333
0.8260,  4.700165
0.8265,  5.254150
0.8270,  6.783583
0.8275,  Infinity
0.8280,  Infinity
0.8285,  Infinity
0.8290,  Infinity
0.8295,  Infinity
0.8300,  Infinity
0.8305,  Infinity
0.8310,  Infinity
0.8315,  Infinity
0.8320,  Infinity
0.8325,  Infinity
0.8330,  Infinity
0.8335,  Infinity
0.8340,  Infinity
0.8345,  Infinity
0.8350,  Infinity
0.8355,  Infinity
0.8360,  Infinity
0.8365,  Infinity
0.8370,  Infinity
0.8375,  Infinity
0.8380,  Infinity
0.8385,  Infinity
0.8390,  Infinity
0.8395,  Infinity
0.8400,  Infinity
0.8405,  Infinity
0.8410,  Infinity
0.8415,  Infinity
0.8420,  Infinity
0.8425,  Infinity
0.8430,  Infinity
0.8435,  Infinity
0.8440,  Infinity
0.8445,  Infinity
0.8450,  Infinity
0.8455,  Infinity
0.8460,  Infinity
0.8465,  Infinity
0.8470,  Infinity
0.8475,  Infinity
0.8480,  Infinity
0.8485,  Infinity
0.8490,  Infinity
0.8495,  Infinity
0.8500,  Infinity
0.8505,  Infinity
0.8510,  Infinity
0.8515,  Infinity
0.8520,  Infinity
0.8525,  Infinity
0.8530,  Infinity
0.8535,  Infinity
0.8540,  Infinity
0.8545,  Infinity
0.8550,  Infinity
0.8555,  Infinity
0.8560,  Infinity
0.8565,  Infinity
0.8570,  Infinity
0.8575,  Infinity
0.8580,  Infinity
0.8585,  Infinity
0.8590,  Infinity
0.8595,  Infinity
0.8600,  Infinity
0.8605,  Infinity
0.8610,  Infinity
0.8615,  Infinity
0.8620,  Infinity
0.8625,  Infinity
0.8630,  Infinity
0.8635,  Infinity
0.8640,  Infinity
0.8645,  Infinity
0.8650,  Infinity
0.8655,  Infinity
0.8660,  Infinity
0.8665,  Infinity
0.8670,  Infinity
0.8675,  Infinity
0.8680,  Infinity
0.8685,  Infinity
0.8690,  Infinity
0.8695,  Infinity
0.8700,  Infinity
0.8705,  Infinity
0.8710,  Infinity
0.8715,  Infinity
0.8720,  Infinity
0.8725,  Infinity
0.8730,  Infinity
0.8735,  Infinity
0.8740,  Infinity
0.8745,  Infinity
0.8750,  Infinity
0.8755,  Infinity
0.8760,  Infinity
0.8765,  Infinity
0.8770,  Infinity
0.8775,  Infinity
0.8780,  Infinity
0.8785,  Infinity
0.8790,  Infinity
0.8795,  Infinity
0.8800,  Infinity
0.8805,  Infinity
0.8810,  Infinity
0.8815,  Infinity
0.8820,  Infinity
0.8825,  Infinity
0.8830,  Infinity
0.8835,  Infinity
0.8840,  Infinity
0.8845,  Infinity
0.8850,  Infinity
0.8855,  Infinity
0.8860,  Infinity
0.8865,  Infinity
0.8870,  Infinity
0.8875,  Infinity
0.8880,  Infinity
0.8885,  Infinity
0.8890,  Infinity
0.8895,  Infinity
0.8900,  Infinity
