0.3500,  0.353813
0.3505,  0.423914
0.3510,  0.379515
0.3515,  0.341499
0.3520,  0.305588
0.3525,  0.258624
0.3530,  0.305244
0.3535,  0.350966
0.3540,  0.367692
0.3545,  0.397223
0.3550,  0.381919
0.3555,  0.360731
0.3560,  0.323284
0.3565,  0.288930
0.3570,  0.261733
0.3575,  0.232370
0.3580,  0.190018
0.3585,  0.121199
0.3590,  0.267186
0.3595,  0.395323
0.3600,  0.378402
0.3605,  0.367215
0.3610,  0.321927
0.3615,  0.269618
0.3620,  0.319347
0.3625,  0.367110
0.3630,  0.356231
0.3635,  0.342981
0.3640,  0.336021
0.3645,  0.316385
0.3650,  0.346666
0.3655,  0.377155
0.3660,  0.385831
0.3665,  0.396852
0.3670,  0.363228
0.3675,  0.332662
0.3680,  0.293330
0.3685,  0.256013
0.3690,  0.302216
0.3695,  0.349155
0.3700,  0.323534
0.3705,  0.300436
0.3710,  0.320504
0.3715,  0.341248
0.3720,  0.312672
0.3725,  0.284349
0.3730,  0.249168
0.3735,  0.208255
0.3740,  0.218554
0.3745,  0.224023
0.3750,  0.302646
0.3755,  0.365644
0.3760,  0.356507
0.3765,  0.339465
0.3770,  0.387261
0.3775,  0.429142
0.3780,  0.422153
0.3785,  0.427634
0.3790,  0.337596
0.3795,  0.239612
0.3800,  0.291546
0.3805,  0.340566
0.3810,  0.304269
0.3815,  0.280300
0.3820,  0.198010
0.3825,  0.097380
0.3830,  0.072447
0.3835,  0.030859
0.3840,  0.198106
0.3845,  0.331359
0.3850,  0.343381
0.3855,  0.351563
0.3860,  0.332735
0.3865,  0.319429
0.3870,  0.315072
0.3875,  0.306135
0.3880,  0.288150
0.3885,  0.262892
0.3890,  0.318245
0.3895,  0.361106
0.3900,  0.354413
0.3905,  0.350584
0.3910,  0.364690
0.3915,  0.396900
0.3920,  0.306535
0.3925,  0.210212
0.3930,  0.038511
0.3935,  -0.203862
0.3940,  0.087917
0.3945,  0.295462
0.3950,  0.394384
0.3955,  0.483677
0.3960,  0.321069
0.3965,  0.119212
0.3970,  0.136782
0.3975,  0.132303
0.3980,  0.325428
0.3985,  0.462623
0.3990,  0.451619
0.3995,  0.448463
0.4000,  0.418826
0.4005,  0.388781
0.4010,  0.371951
0.4015,  0.358944
0.4020,  0.338795
0.4025,  0.325569
0.4030,  0.299320
0.4035,  0.278227
0.4040,  0.272484
0.4045,  0.268989
0.4050,  0.267250
0.4055,  0.267307
0.4060,  0.252635
0.4065,  0.238972
0.4070,  0.254532
0.4075,  0.265593
0.4080,  0.290625
0.4085,  0.314049
0.4090,  0.306998
0.4095,  0.301181
0.4100,  0.255825
0.4105,  0.203410
0.4110,  0.269741
0.4115,  0.326306
0.4120,  0.306051
0.4125,  0.287080
0.4130,  0.273885
0.4135,  0.266155
0.4140,  0.260909
0.4145,  0.255994
0.4150,  0.254332
0.4155,  0.250632
0.4160,  0.272819
0.4165,  0.297444
0.4170,  0.258268
0.4175,  0.211619
0.4180,  0.217798
0.4185,  0.228725
0.4190,  0.236469
0.4195,  0.239763
0.4200,  0.255634
0.4205,  0.269569
0.4210,  0.276998
0.4215,  0.288282
0.4220,  0.244121
0.4225,  0.192328
0.4230,  0.224906
0.4235,  0.254433
0.4240,  0.263056
0.4245,  0.273369
0.4250,  0.258701
0.4255,  0.242911
0.4260,  0.247961
0.4265,  0.254769
0.4270,  0.228142
0.4275,  0.198633
0.4280,  0.209759
0.4285,  0.228471
0.4290,  0.217660
0.4295,  0.209586
0.4300,  0.126364
0.4305,  0.020182
0.4310,  0.203196
0.4315,  0.336704
0.4320,  0.303270
0.4325,  0.269872
0.4330,  0.274452
0.4335,  0.280563
0.4340,  0.255480
0.4345,  0.233174
0.4350,  0.236767
0.4355,  0.239111
0.4360,  0.277348
0.4365,  0.316180
0.4370,  0.284637
0.4375,  0.256950
0.4380,  0.203758
0.4385,  0.143483
0.4390,  0.209922
0.4395,  0.270712
0.4400,  0.244039
0.4405,  0.210073
0.4410,  0.251715
0.4415,  0.290366
0.4420,  0.292806
0.4425,  0.295628
0.4430,  0.273029
0.4435,  0.250383
0.4440,  0.258080
0.4445,  0.268009
0.4450,  0.234610
0.4455,  0.196806
0.4460,  0.210519
0.4465,  0.223548
0.4470,  0.257103
0.4475,  0.289865
0.4480,  0.264027
0.4485,  0.233915
0.4490,  0.236698
0.4495,  0.242570
0.4500,  0.258273
0.4505,  0.276733
0.4510,  0.269331
0.4515,  0.261946
0.4520,  0.230405
0.4525,  0.197615
0.4530,  0.204562
0.4535,  0.211830
0.4540,  0.218996
0.4545,  0.221590
0.4550,  0.232729
0.4555,  0.242976
0.4560,  0.247210
0.4565,  0.250302
0.4570,  0.253585
0.4575,  0.259661
0.4580,  0.235319
0.4585,  0.209538
0.4590,  0.217031
0.4595,  0.222287
0.4600,  0.225287
0.4605,  0.227878
0.4610,  0.228026
0.4615,  0.228462
0.4620,  0.237623
0.4625,  0.249980
0.4630,  0.238113
0.4635,  0.229370
0.4640,  0.221786
0.4645,  0.213441
0.4650,  0.234230
0.4655,  0.255553
0.4660,  0.232593
0.4665,  0.207816
0.4670,  0.227688
0.4675,  0.245405
0.4680,  0.239884
0.4685,  0.239127
0.4690,  0.241728
0.4695,  0.246386
0.4700,  0.226001
0.4705,  0.202376
0.4710,  0.233467
0.4715,  0.262923
0.4720,  0.263932
0.4725,  0.263776
0.4730,  0.252159
0.4735,  0.241063
0.4740,  0.250807
0.4745,  0.260809
0.4750,  0.252430
0.4755,  0.243991
0.4760,  0.230330
0.4765,  0.217757
0.4770,  0.243685
0.4775,  0.269222
0.4780,  0.253752
0.4785,  0.238774
0.4790,  0.253270
0.4795,  0.265135
0.4800,  0.253162
0.4805,  0.244057
0.4810,  0.253991
0.4815,  0.262595
0.4820,  0.248729
0.4825,  0.239867
0.4830,  0.243972
0.4835,  0.248310
0.4840,  0.247619
0.4845,  0.251531
0.4850,  0.238955
0.4855,  0.225598
0.4860,  0.192241
0.4865,  0.147785
0.4870,  0.199234
0.4875,  0.244651
0.4880,  0.256551
0.4885,  0.264169
0.4890,  0.262437
0.4895,  0.262306
0.4900,  0.264657
0.4905,  0.273185
0.4910,  0.251582
0.4915,  0.230089
0.4920,  0.232157
0.4925,  0.230584
0.4930,  0.223011
0.4935,  0.213120
0.4940,  0.245409
0.4945,  0.278406
0.4950,  0.246652
0.4955,  0.214400
0.4960,  0.233548
0.4965,  0.252731
0.4970,  0.255299
0.4975,  0.259414
0.4980,  0.229875
0.4985,  0.198538
0.4990,  0.225030
0.4995,  0.251465
0.5000,  0.231201
0.5005,  0.209859
0.5010,  0.204272
0.5015,  0.195400
0.5020,  0.214180
0.5025,  0.232254
0.5030,  0.240723
0.5035,  0.248239
0.5040,  0.232406
0.5045,  0.214045
0.5050,  0.235535
0.5055,  0.257951
0.5060,  0.247533
0.5065,  0.238887
0.5070,  0.228171
0.5075,  0.216724
0.5080,  0.219143
0.5085,  0.219955
0.5090,  0.217821
0.5095,  0.215967
0.5100,  0.220726
0.5105,  0.226277
0.5110,  0.237633
0.5115,  0.248164
0.5120,  0.221821
0.5125,  0.196580
0.5130,  0.201174
0.5135,  0.203564
0.5140,  0.210053
0.5145,  0.215488
0.5150,  0.223099
0.5155,  0.237389
0.5160,  0.198828
0.5165,  0.156192
0.5170,  0.182500
0.5175,  0.204806
0.5180,  0.188819
0.5185,  0.164945
0.5190,  0.199189
0.5195,  0.232578
0.5200,  0.224838
0.5205,  0.217789
0.5210,  0.228693
0.5215,  0.240152
0.5220,  0.217521
0.5225,  0.193718
0.5230,  0.206585
0.5235,  0.216262
0.5240,  0.225575
0.5245,  0.237614
0.5250,  0.234444
0.5255,  0.235502
0.5260,  0.187009
0.5265,  0.132815
0.5270,  0.173770
0.5275,  0.206091
0.5280,  0.212577
0.5285,  0.218130
0.5290,  0.215530
0.5295,  0.213311
0.5300,  0.215950
0.5305,  0.218580
0.5310,  0.221596
0.5315,  0.229276
0.5320,  0.193008
0.5325,  0.152258
0.5330,  0.191766
0.5335,  0.226475
0.5340,  0.208752
0.5345,  0.189577
0.5350,  0.214521
0.5355,  0.239688
0.5360,  0.213288
0.5365,  0.188536
0.5370,  0.192590
0.5375,  0.196905
0.5380,  0.203507
0.5385,  0.212700
0.5390,  0.201334
0.5395,  0.190626
0.5400,  0.181836
0.5405,  0.171338
0.5410,  0.197515
0.5415,  0.220075
0.5420,  0.203702
0.5425,  0.187559
0.5430,  0.197733
0.5435,  0.206589
0.5440,  0.205411
0.5445,  0.205847
0.5450,  0.211621
0.5455,  0.215417
0.5460,  0.210948
0.5465,  0.206383
0.5470,  0.198015
0.5475,  0.189654
0.5480,  0.195927
0.5485,  0.200130
0.5490,  0.204945
0.5495,  0.212178
0.5500,  0.205255
0.5505,  0.197968
0.5510,  0.199372
0.5515,  0.200705
0.5520,  0.195300
0.5525,  0.189057
0.5530,  0.197775
0.5535,  0.205082
0.5540,  0.207658
0.5545,  0.212014
0.5550,  0.213191
0.5555,  0.215435
0.5560,  0.201578
0.5565,  0.188451
0.5570,  0.198088
0.5575,  0.208718
0.5580,  0.198861
0.5585,  0.188931
0.5590,  0.193877
0.5595,  0.198727
0.5600,  0.204517
0.5605,  0.210480
0.5610,  0.206225
0.5615,  0.200045
0.5620,  0.203729
0.5625,  0.208931
0.5630,  0.211377
0.5635,  0.214357
0.5640,  0.215757
0.5645,  0.218386
0.5650,  0.208519
0.5655,  0.196886
0.5660,  0.201409
0.5665,  0.207512
0.5670,  0.219736
0.5675,  0.233518
0.5680,  0.216504
0.5685,  0.200071
0.5690,  0.213766
0.5695,  0.228057
0.5700,  0.210776
0.5705,  0.190192
0.5710,  0.201531
0.5715,  0.208451
0.5720,  0.218017
0.5725,  0.228816
0.5730,  0.222253
0.5735,  0.218622
0.5740,  0.218385
0.5745,  0.218213
0.5750,  0.211574
0.5755,  0.204045
0.5760,  0.206922
0.5765,  0.208309
0.5770,  0.209534
0.5775,  0.212892
0.5780,  0.195731
0.5785,  0.177547
0.5790,  0.187238
0.5795,  0.196465
0.5800,  0.197690
0.5805,  0.199818
0.5810,  0.201774
0.5815,  0.202727
0.5820,  0.205156
0.5825,  0.206451
0.5830,  0.201272
0.5835,  0.197128
0.5840,  0.198406
0.5845,  0.202306
0.5850,  0.189055
0.5855,  0.175711
0.5860,  0.190513
0.5865,  0.205317
0.5870,  0.215148
0.5875,  0.229611
0.5880,  0.222033
0.5885,  0.213177
0.5890,  0.187190
0.5895,  0.155321
0.5900,  0.205895
0.5905,  0.252283
0.5910,  0.243016
0.5915,  0.231108
0.5920,  0.228446
0.5925,  0.226380
0.5930,  0.220248
0.5935,  0.221701
0.5940,  0.218998
0.5945,  0.214738
0.5950,  0.217493
0.5955,  0.218021
0.5960,  0.219410
0.5965,  0.222848
0.5970,  0.215411
0.5975,  0.207936
0.5980,  0.201729
0.5985,  0.197130
0.5990,  0.205969
0.5995,  0.215227
0.6000,  0.212217
0.6005,  0.209428
0.6010,  0.211081
0.6015,  0.208824
0.6020,  0.194726
0.6025,  0.181289
0.6030,  0.193564
0.6035,  0.208261
0.6040,  0.204816
0.6045,  0.205314
0.6050,  0.205467
0.6055,  0.202463
0.6060,  0.199928
0.6065,  0.198625
0.6070,  0.200886
0.6075,  0.204530
0.6080,  0.204498
0.6085,  0.203772
0.6090,  0.207219
0.6095,  0.209004
0.6100,  0.199648
0.6105,  0.189108
0.6110,  0.198456
0.6115,  0.208784
0.6120,  0.201161
0.6125,  0.194400
0.6130,  0.192558
0.6135,  0.189707
0.6140,  0.201178
0.6145,  0.211462
0.6150,  0.214788
0.6155,  0.216342
0.6160,  0.188349
0.6165,  0.156756
0.6170,  0.178562
0.6175,  0.202519
0.6180,  0.205638
0.6185,  0.210845
0.6190,  0.210473
0.6195,  0.207689
0.6200,  0.213931
0.6205,  0.220246
0.6210,  0.208361
0.6215,  0.197323
0.6220,  0.205293
0.6225,  0.214788
0.6230,  0.206977
0.6235,  0.199446
0.6240,  0.203598
0.6245,  0.206048
0.6250,  0.202254
0.6255,  0.197326
0.6260,  0.212948
0.6265,  0.228899
0.6270,  0.230829
0.6275,  0.232835
0.6280,  0.235065
0.6285,  0.237300
0.6290,  0.237421
0.6295,  0.237023
0.6300,  0.232047
0.6305,  0.225003
0.6310,  0.217019
0.6315,  0.214396
0.6320,  0.209669
0.6325,  0.209062
0.6330,  0.210206
0.6335,  0.211900
0.6340,  0.215275
0.6345,  0.218217
0.6350,  0.219034
0.6355,  0.216746
0.6360,  0.213662
0.6365,  0.207758
0.6370,  0.200671
0.6375,  0.195081
0.6380,  0.193934
0.6385,  0.197718
0.6390,  0.205055
0.6395,  0.207890
0.6400,  0.210101
0.6405,  0.209959
0.6410,  0.203964
0.6415,  0.200854
0.6420,  0.196375
0.6425,  0.193092
0.6430,  0.188964
0.6435,  0.190346
0.6440,  0.194187
0.6445,  0.201679
0.6450,  0.212905
0.6455,  0.219553
0.6460,  0.224865
0.6465,  0.228421
0.6470,  0.228728
0.6475,  0.221479
0.6480,  0.216474
0.6485,  0.211426
0.6490,  0.206565
0.6495,  0.210928
0.6500,  0.213122
0.6505,  0.215882
0.6510,  0.221471
0.6515,  0.222494
0.6520,  0.222535
0.6525,  0.219553
0.6530,  0.218685
0.6535,  0.208601
0.6540,  0.202647
0.6545,  0.204227
0.6550,  0.214881
0.6555,  0.215340
0.6560,  0.201678
0.6565,  0.173984
0.6570,  0.136999
0.6575,  0.147712
0.6580,  0.163092
0.6585,  0.179646
0.6590,  0.195923
0.6595,  0.192545
0.6600,  0.187790
0.6605,  0.181171
0.6610,  0.175963
0.6615,  0.169334
0.6620,  0.165830
0.6625,  0.165579
0.6630,  0.169113
0.6635,  0.175942
0.6640,  0.178308
0.6645,  0.180677
0.6650,  0.183492
0.6655,  0.179817
0.6660,  0.175759
0.6665,  0.170139
0.6670,  0.164292
0.6675,  0.167503
0.6680,  0.165863
0.6685,  0.167306
0.6690,  0.171239
0.6695,  0.170223
0.6700,  0.168902
0.6705,  0.170532
0.6710,  0.170682
0.6715,  0.173985
0.6720,  0.175490
0.6725,  0.174519
0.6730,  0.171310
0.6735,  0.166609
0.6740,  0.167933
0.6745,  0.166427
0.6750,  0.165067
0.6755,  0.169316
0.6760,  0.172158
0.6765,  0.173955
0.6770,  0.175077
0.6775,  0.174988
0.6780,  0.176262
0.6785,  0.176933
0.6790,  0.174338
0.6795,  0.171406
0.6800,  0.169235
0.6805,  0.169095
0.6810,  0.165934
0.6815,  0.164256
0.6820,  0.167565
0.6825,  0.173038
0.6830,  0.180422
0.6835,  0.183806
0.6840,  0.186288
0.6845,  0.185878
0.6850,  0.187441
0.6855,  0.202969
0.6860,  0.234223
0.6865,  0.270391
0.6870,  0.296045
0.6875,  0.306322
0.6880,  0.303811
0.6885,  0.298216
0.6890,  0.295475
0.6895,  0.290214
0.6900,  0.281945
0.6905,  0.273625
0.6910,  0.262389
0.6915,  0.254291
0.6920,  0.248307
0.6925,  0.246116
0.6930,  0.246989
0.6935,  0.246171
0.6940,  0.243136
0.6945,  0.237556
0.6950,  0.229464
0.6955,  0.218637
0.6960,  0.212919
0.6965,  0.212677
0.6970,  0.212182
0.6975,  0.218338
0.6980,  0.222073
0.6985,  0.229025
0.6990,  0.234051
0.6995,  0.231685
0.7000,  0.224334
0.7005,  0.222057
0.7010,  0.218903
0.7015,  0.220060
0.7020,  0.223128
0.7025,  0.224598
0.7030,  0.221148
0.7035,  0.226117
0.7040,  0.227520
0.7045,  0.229638
0.7050,  0.228549
0.7055,  0.224338
0.7060,  0.219111
0.7065,  0.211619
0.7070,  0.206075
0.7075,  0.199802
0.7080,  0.196528
0.7085,  0.192832
0.7090,  0.189713
0.7095,  0.192127
0.7100,  0.191051
0.7105,  0.192047
0.7110,  0.198300
0.7115,  0.200141
0.7120,  0.198961
0.7125,  0.197861
0.7130,  0.196758
0.7135,  0.197867
0.7140,  0.204330
0.7145,  0.211751
0.7150,  0.220811
0.7155,  0.236530
0.7160,  0.270281
0.7165,  0.303124
0.7170,  0.338398
0.7175,  0.366794
0.7180,  0.389814
0.7185,  0.410892
0.7190,  0.419477
0.7195,  0.421239
0.7200,  0.402934
0.7205,  0.376271
0.7210,  0.351642
0.7215,  0.330466
0.7220,  0.329081
0.7225,  0.335146
0.7230,  0.351862
0.7235,  0.369389
0.7240,  0.388024
0.7245,  0.392694
0.7250,  0.388746
0.7255,  0.386211
0.7260,  0.385598
0.7265,  0.387356
0.7270,  0.389506
0.7275,  0.384234
0.7280,  0.373384
0.7285,  0.367642
0.7290,  0.360377
0.7295,  0.352560
0.7300,  0.347949
0.7305,  0.340401
0.7310,  0.328622
0.7315,  0.314851
0.7320,  0.299068
0.7325,  0.280854
0.7330,  0.264510
0.7335,  0.251281
0.7340,  0.248516
0.7345,  0.245443
0.7350,  0.246221
0.7355,  0.249458
0.7360,  0.244685
0.7365,  0.235880
0.7370,  0.231037
0.7375,  0.224676
0.7380,  0.218000
0.7385,  0.216838
0.7390,  0.215820
0.7395,  0.215197
0.7400,  0.208505
0.7405,  0.202367
0.7410,  0.198842
0.7415,  0.203305
0.7420,  0.203822
0.7425,  0.200597
0.7430,  0.198091
0.7435,  0.194434
0.7440,  0.195862
0.7445,  0.196183
0.7450,  0.191900
0.7455,  0.187629
0.7460,  0.181428
0.7465,  0.183150
0.7470,  0.184264
0.7475,  0.182466
0.7480,  0.186441
0.7485,  0.188736
0.7490,  0.182752
0.7495,  0.176173
0.7500,  0.172000
0.7505,  0.172684
0.7510,  0.175861
0.7515,  0.180097
0.7520,  0.179248
0.7525,  0.178577
0.7530,  0.175777
0.7535,  0.175567
0.7540,  0.170376
0.7545,  0.165209
0.7550,  0.166061
0.7555,  0.169385
0.7560,  0.171661
0.7565,  0.176169
0.7570,  0.181534
0.7575,  0.193095
0.7580,  0.223496
0.7585,  0.291138
0.7590,  0.407575
0.7595,  0.555251
0.7600,  0.714029
0.7605,  0.812442
0.7610,  0.832332
0.7615,  0.803411
0.7620,  0.772253
0.7625,  0.769126
0.7630,  0.761630
0.7635,  0.738331
0.7640,  0.688760
0.7645,  0.623909
0.7650,  0.554664
0.7655,  0.484325
0.7660,  0.415787
0.7665,  0.353002
0.7670,  0.302117
0.7675,  0.269033
0.7680,  0.246356
0.7685,  0.231815
0.7690,  0.222927
0.7695,  0.211980
0.7700,  0.205913
0.7705,  0.200805
0.7710,  0.197403
0.7715,  0.191345
0.7720,  0.193015
0.7725,  0.190326
0.7730,  0.183612
0.7735,  0.175247
0.7740,  0.166065
0.7745,  0.161374
0.7750,  0.164869
0.7755,  0.170333
0.7760,  0.177829
0.7765,  0.182044
0.7770,  0.179998
0.7775,  0.174042
0.7780,  0.173888
0.7785,  0.173555
0.7790,  0.170509
0.7795,  0.170870
0.7800,  0.172943
0.7805,  0.174491
0.7810,  0.179140
0.7815,  0.183012
0.7820,  0.185906
0.7825,  0.180184
0.7830,  0.176721
0.7835,  0.173530
0.7840,  0.175043
0.7845,  0.173014
0.7850,  0.174355
0.7855,  0.174726
0.7860,  0.172155
0.7865,  0.174233
0.7870,  0.181315
0.7875,  0.189938
0.7880,  0.201329
0.7885,  0.208107
0.7890,  0.215374
0.7895,  0.216991
0.7900,  0.210068
0.7905,  0.216165
0.7910,  0.213507
0.7915,  0.208534
0.7920,  0.208944
0.7925,  0.212676
0.7930,  0.215784
0.7935,  0.214712
0.7940,  0.211116
0.7945,  0.206932
0.7950,  0.206021
0.7955,  0.204055
0.7960,  0.205229
0.7965,  0.208822
0.7970,  0.203564
0.7975,  0.195884
0.7980,  0.193703
0.7985,  0.189952
0.7990,  0.184851
0.7995,  0.194408
0.8000,  0.201763
0.8005,  0.202776
0.8010,  0.204573
0.8015,  0.201606
0.8020,  0.196965
0.8025,  0.188545
0.8030,  0.190680
0.8035,  0.188601
0.8040,  0.179407
0.8045,  0.180841
0.8050,  0.180478
0.8055,  0.178604
0.8060,  0.188645
0.8065,  0.195805
0.8070,  0.193390
0.8075,  0.186075
0.8080,  0.175383
0.8085,  0.167019
0.8090,  0.169175
0.8095,  0.184107
0.8100,  0.201013
0.8105,  0.217194
0.8110,  0.230730
0.8115,  0.245065
0.8120,  0.253872
0.8125,  0.278836
0.8130,  0.305776
0.8135,  0.328748
0.8140,  0.345473
0.8145,  0.362665
0.8150,  0.382990
0.8155,  0.402545
0.8160,  0.424528
0.8165,  0.427729
0.8170,  0.424748
0.8175,  0.409694
0.8180,  0.398205
0.8185,  0.381637
0.8190,  0.361732
0.8195,  0.346357
0.8200,  0.327220
0.8205,  0.304418
0.8210,  0.306804
0.8215,  0.330606
0.8220,  0.364475
0.8225,  0.403670
0.8230,  0.417282
0.8235,  0.390467
0.8240,  0.354350
0.8245,  0.329784
0.8250,  0.303851
0.8255,  0.288469
0.8260,  0.283893
0.8265,  0.278703
0.8270,  0.293428
0.8275,  0.311885
0.8280,  0.331575
0.8285,  0.333871
0.8290,  0.325649
0.8295,  0.313278
0.8300,  0.298339
0.8305,  0.285009
0.8310,  0.277618
0.8315,  0.278657
0.8320,  0.274286
0.8325,  0.272960
0.8330,  0.270149
0.8335,  0.262380
0.8340,  0.245328
0.8345,  0.232908
0.8350,  0.226579
0.8355,  0.222928
0.8360,  0.223972
0.8365,  0.219553
0.8370,  0.215562
0.8375,  0.210017
0.8380,  0.197511
0.8385,  0.197797
0.8390,  0.197014
0.8395,  0.195120
0.8400,  0.191063
0.8405,  0.190322
0.8410,  0.184279
0.8415,  0.183148
0.8420,  0.179208
0.8425,  0.177483
0.8430,  0.174020
0.8435,  0.176881
0.8440,  0.171696
0.8445,  0.167910
0.8450,  0.165002
0.8455,  0.164374
0.8460,  0.171679
0.8465,  0.180047
0.8470,  0.182639
0.8475,  0.182876
0.8480,  0.182371
0.8485,  0.178152
0.8490,  0.172156
0.8495,  0.165795
0.8500,  0.157004
0.8505,  0.154122
0.8510,  0.145240
0.8515,  0.148553
0.8520,  0.163047
0.8525,  0.162919
0.8530,  0.156357
0.8535,  0.154571
0.8540,  0.136786
0.8545,  0.151358
0.8550,  0.157831
0.8555,  0.159954
0.8560,  0.163967
0.8565,  0.154725
0.8570,  0.159402
0.8575,  0.157973
0.8580,  0.157969
0.8585,  0.144488
0.8590,  0.151101
0.8595,  0.148976
0.8600,  0.154305
0.8605,  0.149176
0.8610,  0.148764
0.8615,  0.146244
0.8620,  0.143633
0.8625,  0.153295
0.8630,  0.160469
0.8635,  0.162401
0.8640,  0.167035
0.8645,  0.158942
0.8650,  0.163827
0.8655,  0.152925
0.8660,  0.130897
0.8665,  0.129711
0.8670,  0.128036
0.8675,  0.127305
0.8680,  0.129746
0.8685,  0.138264
0.8690,  0.134228
0.8695,  0.138880
0.8700,  0.149687
0.8705,  0.145302
0.8710,  0.139853
0.8715,  0.143853
0.8720,  0.150829
0.8725,  0.153375
0.8730,  0.148244
0.8735,  0.150525
0.8740,  0.155910
0.8745,  0.161179
0.8750,  0.150565
0.8755,  0.154347
0.8760,  0.146054
0.8765,  0.143809
0.8770,  0.146425
0.8775,  0.149288
0.8780,  0.162959
0.8785,  0.163224
0.8790,  0.167132
0.8795,  0.168733
0.8800,  0.169009
0.8805,  0.163817
0.8810,  0.158849
0.8815,  0.147312
0.8820,  0.140726
0.8825,  0.150334
0.8830,  0.152227
0.8835,  0.151959
0.8840,  0.156693
0.8845,  0.157901
0.8850,  0.161124
0.8855,  0.160165
0.8860,  0.162537
0.8865,  0.169441
0.8870,  0.156604
0.8875,  0.155615
0.8880,  0.148971
0.8885,  0.149962
0.8890,  0.144175
0.8895,  0.149501
0.8900,  0.149228
