0.3500,  0.816545
0.3505,  0.867813
0.3510,  0.818790
0.3515,  0.768039
0.3520,  0.716470
0.3525,  0.672493
0.3530,  0.709546
0.3535,  0.743532
0.3540,  0.763299
0.3545,  0.776935
0.3550,  0.737643
0.3555,  0.704858
0.3560,  0.648806
0.3565,  0.597207
0.3570,  0.575538
0.3575,  0.551650
0.3580,  0.527225
0.3585,  0.488383
0.3590,  0.666960
0.3595,  0.810284
0.3600,  0.792724
0.3605,  0.775006
0.3610,  0.716268
0.3615,  0.649572
0.3620,  0.687403
0.3625,  0.708151
0.3630,  0.676787
0.3635,  0.661733
0.3640,  0.655586
0.3645,  0.633847
0.3650,  0.655590
0.3655,  0.677183
0.3660,  0.674045
0.3665,  0.675095
0.3670,  0.633177
0.3675,  0.596241
0.3680,  0.555625
0.3685,  0.511134
0.3690,  0.541341
0.3695,  0.575686
0.3700,  0.544611
0.3705,  0.517984
0.3710,  0.539262
0.3715,  0.565704
0.3720,  0.534671
0.3725,  0.507922
0.3730,  0.479677
0.3735,  0.444619
0.3740,  0.460624
0.3745,  0.474418
0.3750,  0.563140
0.3755,  0.627854
0.3760,  0.609090
0.3765,  0.578628
0.3770,  0.617248
0.3775,  0.653602
0.3780,  0.639934
0.3785,  0.638422
0.3790,  0.534746
0.3795,  0.417460
0.3800,  0.467346
0.3805,  0.525882
0.3810,  0.497474
0.3815,  0.481503
0.3820,  0.401569
0.3825,  0.312948
0.3830,  0.309590
0.3835,  0.283190
0.3840,  0.463333
0.3845,  0.595966
0.3850,  0.605343
0.3855,  0.616560
0.3860,  0.604777
0.3865,  0.594232
0.3870,  0.587316
0.3875,  0.579036
0.3880,  0.553596
0.3885,  0.512502
0.3890,  0.555153
0.3895,  0.594021
0.3900,  0.584794
0.3905,  0.570501
0.3910,  0.571385
0.3915,  0.596554
0.3920,  0.501735
0.3925,  0.407757
0.3930,  0.244564
0.3935,  0.008698
0.3940,  0.324375
0.3945,  0.545280
0.3950,  0.649853
0.3955,  0.740170
0.3960,  0.567635
0.3965,  0.353344
0.3970,  0.368437
0.3975,  0.362225
0.3980,  0.546867
0.3985,  0.668485
0.3990,  0.636713
0.3995,  0.611272
0.4000,  0.560182
0.4005,  0.511354
0.4010,  0.479467
0.4015,  0.458556
0.4020,  0.433740
0.4025,  0.420366
0.4030,  0.392891
0.4035,  0.368887
0.4040,  0.363186
0.4045,  0.359751
0.4050,  0.355172
0.4055,  0.348620
0.4060,  0.326828
0.4065,  0.311810
0.4070,  0.328286
0.4075,  0.340621
0.4080,  0.370880
0.4085,  0.398511
0.4090,  0.392121
0.4095,  0.386124
0.4100,  0.337222
0.4105,  0.279004
0.4110,  0.346681
0.4115,  0.407455
0.4120,  0.390093
0.4125,  0.370717
0.4130,  0.352003
0.4135,  0.338869
0.4140,  0.337682
0.4145,  0.332296
0.4150,  0.328181
0.4155,  0.323483
0.4160,  0.345370
0.4165,  0.368075
0.4170,  0.326821
0.4175,  0.285385
0.4180,  0.289910
0.4185,  0.297247
0.4190,  0.310471
0.4195,  0.311744
0.4200,  0.326080
0.4205,  0.343712
0.4210,  0.344191
0.4215,  0.353386
0.4220,  0.302605
0.4225,  0.247827
0.4230,  0.285918
0.4235,  0.322493
0.4240,  0.334418
0.4245,  0.352173
0.4250,  0.338732
0.4255,  0.324995
0.4260,  0.326442
0.4265,  0.332951
0.4270,  0.299377
0.4275,  0.267533
0.4280,  0.278442
0.4285,  0.294566
0.4290,  0.283085
0.4295,  0.277051
0.4300,  0.198671
0.4305,  0.093447
0.4310,  0.297231
0.4315,  0.445819
0.4320,  0.416012
0.4325,  0.378929
0.4330,  0.374896
0.4335,  0.373651
0.4340,  0.343825
0.4345,  0.313219
0.4350,  0.311387
0.4355,  0.309898
0.4360,  0.344719
0.4365,  0.382582
0.4370,  0.348573
0.4375,  0.315409
0.4380,  0.259681
0.4385,  0.199828
0.4390,  0.272818
0.4395,  0.335406
0.4400,  0.301239
0.4405,  0.264050
0.4410,  0.308188
0.4415,  0.345412
0.4420,  0.342717
0.4425,  0.340014
0.4430,  0.314845
0.4435,  0.295024
0.4440,  0.305793
0.4445,  0.320215
0.4450,  0.284936
0.4455,  0.243176
0.4460,  0.257451
0.4465,  0.272950
0.4470,  0.304766
0.4475,  0.337096
0.4480,  0.307617
0.4485,  0.274858
0.4490,  0.275866
0.4495,  0.276875
0.4500,  0.293641
0.4505,  0.312322
0.4510,  0.303698
0.4515,  0.293711
0.4520,  0.259778
0.4525,  0.224852
0.4530,  0.233964
0.4535,  0.243264
0.4540,  0.252764
0.4545,  0.259245
0.4550,  0.271776
0.4555,  0.282186
0.4560,  0.288128
0.4565,  0.293531
0.4570,  0.297376
0.4575,  0.301584
0.4580,  0.272384
0.4585,  0.242678
0.4590,  0.250861
0.4595,  0.257132
0.4600,  0.260656
0.4605,  0.263823
0.4610,  0.264763
0.4615,  0.265326
0.4620,  0.273212
0.4625,  0.281137
0.4630,  0.266147
0.4635,  0.252876
0.4640,  0.243175
0.4645,  0.233038
0.4650,  0.256450
0.4655,  0.280147
0.4660,  0.256367
0.4665,  0.233828
0.4670,  0.260214
0.4675,  0.280787
0.4680,  0.275961
0.4685,  0.273031
0.4690,  0.273046
0.4695,  0.274984
0.4700,  0.253681
0.4705,  0.229604
0.4710,  0.261916
0.4715,  0.292519
0.4720,  0.290181
0.4725,  0.290394
0.4730,  0.279159
0.4735,  0.264757
0.4740,  0.273109
0.4745,  0.282198
0.4750,  0.273658
0.4755,  0.266919
0.4760,  0.253323
0.4765,  0.240195
0.4770,  0.267889
0.4775,  0.291975
0.4780,  0.272865
0.4785,  0.254364
0.4790,  0.267583
0.4795,  0.278377
0.4800,  0.263804
0.4805,  0.252857
0.4810,  0.263621
0.4815,  0.273296
0.4820,  0.256685
0.4825,  0.244784
0.4830,  0.248236
0.4835,  0.252789
0.4840,  0.246846
0.4845,  0.246660
0.4850,  0.229833
0.4855,  0.215713
0.4860,  0.183743
0.4865,  0.140854
0.4870,  0.199081
0.4875,  0.246411
0.4880,  0.260168
0.4885,  0.270278
0.4890,  0.267405
0.4895,  0.265754
0.4900,  0.265497
0.4905,  0.270039
0.4910,  0.243138
0.4915,  0.217132
0.4920,  0.217883
0.4925,  0.219221
0.4930,  0.215672
0.4935,  0.209213
0.4940,  0.240770
0.4945,  0.271176
0.4950,  0.235245
0.4955,  0.201774
0.4960,  0.220528
0.4965,  0.238535
0.4970,  0.240202
0.4975,  0.244540
0.4980,  0.212529
0.4985,  0.177812
0.4990,  0.204342
0.4995,  0.230218
0.5000,  0.208416
0.5005,  0.185715
0.5010,  0.179388
0.5015,  0.171220
0.5020,  0.192075
0.5025,  0.212854
0.5030,  0.221184
0.5035,  0.227272
0.5040,  0.211271
0.5045,  0.193161
0.5050,  0.214315
0.5055,  0.234769
0.5060,  0.222349
0.5065,  0.212253
0.5070,  0.200752
0.5075,  0.188449
0.5080,  0.191820
0.5085,  0.195112
0.5090,  0.194818
0.5095,  0.193834
0.5100,  0.199081
0.5105,  0.203470
0.5110,  0.213147
0.5115,  0.222821
0.5120,  0.195028
0.5125,  0.168144
0.5130,  0.172011
0.5135,  0.176456
0.5140,  0.185202
0.5145,  0.190605
0.5150,  0.199568
0.5155,  0.212439
0.5160,  0.170650
0.5165,  0.128172
0.5170,  0.156632
0.5175,  0.180978
0.5180,  0.166418
0.5185,  0.144254
0.5190,  0.182413
0.5195,  0.216212
0.5200,  0.206063
0.5205,  0.195656
0.5210,  0.204938
0.5215,  0.215918
0.5220,  0.193788
0.5225,  0.171295
0.5230,  0.183796
0.5235,  0.193249
0.5240,  0.201519
0.5245,  0.213327
0.5250,  0.207168
0.5255,  0.205523
0.5260,  0.153957
0.5265,  0.099369
0.5270,  0.145450
0.5275,  0.182523
0.5280,  0.191137
0.5285,  0.196505
0.5290,  0.192537
0.5295,  0.189443
0.5300,  0.191468
0.5305,  0.195214
0.5310,  0.193624
0.5315,  0.197717
0.5320,  0.157868
0.5325,  0.116994
0.5330,  0.160500
0.5335,  0.199330
0.5340,  0.182037
0.5345,  0.162610
0.5350,  0.189733
0.5355,  0.217952
0.5360,  0.190949
0.5365,  0.163697
0.5370,  0.167181
0.5375,  0.170326
0.5380,  0.176724
0.5385,  0.185360
0.5390,  0.173560
0.5395,  0.162265
0.5400,  0.152622
0.5405,  0.141882
0.5410,  0.170726
0.5415,  0.195587
0.5420,  0.180124
0.5425,  0.165008
0.5430,  0.176030
0.5435,  0.185319
0.5440,  0.183396
0.5445,  0.181814
0.5450,  0.186915
0.5455,  0.190313
0.5460,  0.185303
0.5465,  0.180730
0.5470,  0.170379
0.5475,  0.161565
0.5480,  0.169736
0.5485,  0.175568
0.5490,  0.181220
0.5495,  0.187612
0.5500,  0.179645
0.5505,  0.173112
0.5510,  0.176200
0.5515,  0.179951
0.5520,  0.175579
0.5525,  0.169360
0.5530,  0.177947
0.5535,  0.187455
0.5540,  0.190837
0.5545,  0.193202
0.5550,  0.194705
0.5555,  0.197214
0.5560,  0.182859
0.5565,  0.169226
0.5570,  0.177828
0.5575,  0.188298
0.5580,  0.179044
0.5585,  0.169374
0.5590,  0.176655
0.5595,  0.183150
0.5600,  0.189664
0.5605,  0.193673
0.5610,  0.186431
0.5615,  0.179243
0.5620,  0.184591
0.5625,  0.190778
0.5630,  0.193323
0.5635,  0.197287
0.5640,  0.197137
0.5645,  0.198689
0.5650,  0.189664
0.5655,  0.179210
0.5660,  0.187515
0.5665,  0.193897
0.5670,  0.206585
0.5675,  0.221595
0.5680,  0.204203
0.5685,  0.186974
0.5690,  0.201166
0.5695,  0.216509
0.5700,  0.197913
0.5705,  0.174780
0.5710,  0.186906
0.5715,  0.192088
0.5720,  0.202189
0.5725,  0.213725
0.5730,  0.205301
0.5735,  0.201180
0.5740,  0.199115
0.5745,  0.198660
0.5750,  0.191540
0.5755,  0.183254
0.5760,  0.186547
0.5765,  0.190901
0.5770,  0.196061
0.5775,  0.201490
0.5780,  0.185651
0.5785,  0.169176
0.5790,  0.179416
0.5795,  0.186876
0.5800,  0.186351
0.5805,  0.186748
0.5810,  0.188353
0.5815,  0.190618
0.5820,  0.194069
0.5825,  0.194236
0.5830,  0.188153
0.5835,  0.183913
0.5840,  0.185485
0.5845,  0.190844
0.5850,  0.177855
0.5855,  0.162078
0.5860,  0.178256
0.5865,  0.192812
0.5870,  0.200905
0.5875,  0.214263
0.5880,  0.206140
0.5885,  0.200840
0.5890,  0.178890
0.5895,  0.149411
0.5900,  0.205581
0.5905,  0.254626
0.5910,  0.243993
0.5915,  0.230589
0.5920,  0.227787
0.5925,  0.224605
0.5930,  0.217917
0.5935,  0.215600
0.5940,  0.212153
0.5945,  0.208462
0.5950,  0.215431
0.5955,  0.216498
0.5960,  0.216729
0.5965,  0.218084
0.5970,  0.209804
0.5975,  0.203868
0.5980,  0.199163
0.5985,  0.195405
0.5990,  0.202619
0.5995,  0.209608
0.6000,  0.203837
0.6005,  0.199056
0.6010,  0.202110
0.6015,  0.203101
0.6020,  0.191938
0.6025,  0.179300
0.6030,  0.191925
0.6035,  0.206266
0.6040,  0.205828
0.6045,  0.206158
0.6050,  0.205000
0.6055,  0.200738
0.6060,  0.198326
0.6065,  0.196687
0.6070,  0.196114
0.6075,  0.197364
0.6080,  0.196758
0.6085,  0.196995
0.6090,  0.202212
0.6095,  0.208883
0.6100,  0.200988
0.6105,  0.188222
0.6110,  0.198678
0.6115,  0.209497
0.6120,  0.200734
0.6125,  0.193858
0.6130,  0.192170
0.6135,  0.190753
0.6140,  0.201914
0.6145,  0.211484
0.6150,  0.215479
0.6155,  0.220666
0.6160,  0.196911
0.6165,  0.166822
0.6170,  0.190683
0.6175,  0.215461
0.6180,  0.221336
0.6185,  0.228959
0.6190,  0.227258
0.6195,  0.220442
0.6200,  0.224134
0.6205,  0.227405
0.6210,  0.215760
0.6215,  0.204115
0.6220,  0.212759
0.6225,  0.223279
0.6230,  0.216529
0.6235,  0.209565
0.6240,  0.216425
0.6245,  0.219657
0.6250,  0.214489
0.6255,  0.207152
0.6260,  0.222348
0.6265,  0.239171
0.6270,  0.239580
0.6275,  0.241954
0.6280,  0.246309
0.6285,  0.250760
0.6290,  0.249193
0.6295,  0.249382
0.6300,  0.245895
0.6305,  0.239714
0.6310,  0.231545
0.6315,  0.228868
0.6320,  0.225828
0.6325,  0.224717
0.6330,  0.226583
0.6335,  0.228113
0.6340,  0.231249
0.6345,  0.233701
0.6350,  0.236231
0.6355,  0.237976
0.6360,  0.237566
0.6365,  0.231786
0.6370,  0.229545
0.6375,  0.228698
0.6380,  0.227319
0.6385,  0.226777
0.6390,  0.228598
0.6395,  0.226889
0.6400,  0.227010
0.6405,  0.225879
0.6410,  0.222640
0.6415,  0.223452
0.6420,  0.221866
0.6425,  0.219902
0.6430,  0.218332
0.6435,  0.217319
0.6440,  0.220061
0.6445,  0.226271
0.6450,  0.236400
0.6455,  0.242270
0.6460,  0.245282
0.6465,  0.248563
0.6470,  0.249950
0.6475,  0.243504
0.6480,  0.242080
0.6485,  0.240800
0.6490,  0.239664
0.6495,  0.248213
0.6500,  0.250919
0.6505,  0.254797
0.6510,  0.261386
0.6515,  0.258614
0.6520,  0.257218
0.6525,  0.251953
0.6530,  0.248711
0.6535,  0.237460
0.6540,  0.230516
0.6545,  0.232289
0.6550,  0.245363
0.6555,  0.253102
0.6560,  0.251194
0.6565,  0.231590
0.6570,  0.196694
0.6575,  0.205996
0.6580,  0.217395
0.6585,  0.227067
0.6590,  0.236978
0.6595,  0.229179
0.6600,  0.220392
0.6605,  0.214730
0.6610,  0.214144
0.6615,  0.209109
0.6620,  0.205324
0.6625,  0.203951
0.6630,  0.205701
0.6635,  0.211184
0.6640,  0.216454
0.6645,  0.219045
0.6650,  0.219021
0.6655,  0.214623
0.6660,  0.209974
0.6665,  0.206261
0.6670,  0.199930
0.6675,  0.204735
0.6680,  0.206066
0.6685,  0.208422
0.6690,  0.214421
0.6695,  0.214915
0.6700,  0.213729
0.6705,  0.213407
0.6710,  0.218432
0.6715,  0.223284
0.6720,  0.224958
0.6725,  0.224916
0.6730,  0.224058
0.6735,  0.220288
0.6740,  0.219689
0.6745,  0.217378
0.6750,  0.215960
0.6755,  0.220026
0.6760,  0.223211
0.6765,  0.224598
0.6770,  0.223522
0.6775,  0.224055
0.6780,  0.221955
0.6785,  0.222157
0.6790,  0.221946
0.6795,  0.221670
0.6800,  0.222137
0.6805,  0.221769
0.6810,  0.223884
0.6815,  0.225875
0.6820,  0.232742
0.6825,  0.238079
0.6830,  0.242188
0.6835,  0.244155
0.6840,  0.244242
0.6845,  0.238291
0.6850,  0.240513
0.6855,  0.259234
0.6860,  0.295048
0.6865,  0.339830
0.6870,  0.377631
0.6875,  0.390776
0.6880,  0.393061
0.6885,  0.386721
0.6890,  0.383916
0.6895,  0.378070
0.6900,  0.368297
0.6905,  0.355915
0.6910,  0.345993
0.6915,  0.342696
0.6920,  0.340751
0.6925,  0.340188
0.6930,  0.344136
0.6935,  0.349487
0.6940,  0.353436
0.6945,  0.348192
0.6950,  0.343399
0.6955,  0.331080
0.6960,  0.319847
0.6965,  0.309851
0.6970,  0.300553
0.6975,  0.298659
0.6980,  0.300047
0.6985,  0.308296
0.6990,  0.321719
0.6995,  0.327957
0.7000,  0.328089
0.7005,  0.326590
0.7010,  0.326693
0.7015,  0.332301
0.7020,  0.330229
0.7025,  0.328213
0.7030,  0.327976
0.7035,  0.327711
0.7040,  0.329345
0.7045,  0.329000
0.7050,  0.328268
0.7055,  0.325814
0.7060,  0.323061
0.7065,  0.315175
0.7070,  0.311163
0.7075,  0.302966
0.7080,  0.302423
0.7085,  0.303142
0.7090,  0.303604
0.7095,  0.306771
0.7100,  0.310828
0.7105,  0.308883
0.7110,  0.309048
0.7115,  0.307753
0.7120,  0.309271
0.7125,  0.312216
0.7130,  0.312927
0.7135,  0.314573
0.7140,  0.318953
0.7145,  0.323848
0.7150,  0.331786
0.7155,  0.346207
0.7160,  0.374304
0.7165,  0.414642
0.7170,  0.468193
0.7175,  0.520368
0.7180,  0.560354
0.7185,  0.589403
0.7190,  0.610059
0.7195,  0.623214
0.7200,  0.611720
0.7205,  0.581385
0.7210,  0.539390
0.7215,  0.503308
0.7220,  0.485833
0.7225,  0.491682
0.7230,  0.508156
0.7235,  0.534795
0.7240,  0.564221
0.7245,  0.578281
0.7250,  0.583205
0.7255,  0.579798
0.7260,  0.577424
0.7265,  0.577294
0.7270,  0.578854
0.7275,  0.578106
0.7280,  0.578512
0.7285,  0.576588
0.7290,  0.569274
0.7295,  0.567091
0.7300,  0.561104
0.7305,  0.550118
0.7310,  0.538483
0.7315,  0.515737
0.7320,  0.497068
0.7325,  0.474389
0.7330,  0.451359
0.7335,  0.427577
0.7340,  0.415035
0.7345,  0.402638
0.7350,  0.402521
0.7355,  0.406641
0.7360,  0.403620
0.7365,  0.403165
0.7370,  0.398947
0.7375,  0.387897
0.7380,  0.379954
0.7385,  0.374995
0.7390,  0.366456
0.7395,  0.365274
0.7400,  0.362868
0.7405,  0.355353
0.7410,  0.353034
0.7415,  0.353737
0.7420,  0.350984
0.7425,  0.348304
0.7430,  0.344824
0.7435,  0.336473
0.7440,  0.336432
0.7445,  0.330980
0.7450,  0.330835
0.7455,  0.334807
0.7460,  0.336464
0.7465,  0.340407
0.7470,  0.343109
0.7475,  0.337050
0.7480,  0.334694
0.7485,  0.337410
0.7490,  0.341330
0.7495,  0.344479
0.7500,  0.350609
0.7505,  0.354368
0.7510,  0.351453
0.7515,  0.349067
0.7520,  0.346063
0.7525,  0.341718
0.7530,  0.338380
0.7535,  0.343173
0.7540,  0.345307
0.7545,  0.345201
0.7550,  0.350785
0.7555,  0.359526
0.7560,  0.363948
0.7565,  0.365610
0.7570,  0.367464
0.7575,  0.371554
0.7580,  0.394122
0.7585,  0.452664
0.7590,  0.572104
0.7595,  0.760208
0.7600,  0.992846
0.7605,  1.192913
0.7610,  1.290581
0.7615,  1.295019
0.7620,  1.257117
0.7625,  1.227300
0.7630,  1.219659
0.7635,  1.183051
0.7640,  1.131004
0.7645,  1.053841
0.7650,  0.950999
0.7655,  0.842472
0.7660,  0.734872
0.7665,  0.639584
0.7670,  0.563281
0.7675,  0.519340
0.7680,  0.489580
0.7685,  0.470968
0.7690,  0.458523
0.7695,  0.443160
0.7700,  0.433785
0.7705,  0.424914
0.7710,  0.415797
0.7715,  0.409057
0.7720,  0.403513
0.7725,  0.399200
0.7730,  0.398788
0.7735,  0.403981
0.7740,  0.408175
0.7745,  0.410072
0.7750,  0.405147
0.7755,  0.405531
0.7760,  0.408368
0.7765,  0.409937
0.7770,  0.407852
0.7775,  0.406995
0.7780,  0.404238
0.7785,  0.399538
0.7790,  0.399154
0.7795,  0.403922
0.7800,  0.404046
0.7805,  0.409804
0.7810,  0.419168
0.7815,  0.422161
0.7820,  0.425460
0.7825,  0.427375
0.7830,  0.427175
0.7835,  0.424665
0.7840,  0.429998
0.7845,  0.437834
0.7850,  0.445239
0.7855,  0.447104
0.7860,  0.448564
0.7865,  0.449512
0.7870,  0.453949
0.7875,  0.458922
0.7880,  0.456494
0.7885,  0.461179
0.7890,  0.470023
0.7895,  0.469353
0.7900,  0.468570
0.7905,  0.475353
0.7910,  0.476839
0.7915,  0.486460
0.7920,  0.491229
0.7925,  0.486355
0.7930,  0.484751
0.7935,  0.481685
0.7940,  0.472014
0.7945,  0.459919
0.7950,  0.451891
0.7955,  0.469916
0.7960,  0.481305
0.7965,  0.484878
0.7970,  0.485048
0.7975,  0.484516
0.7980,  0.483158
0.7985,  0.491398
0.7990,  0.501172
0.7995,  0.502207
0.8000,  0.510809
0.8005,  0.520946
0.8010,  0.527197
0.8015,  0.521007
0.8020,  0.518482
0.8025,  0.524117
0.8030,  0.536738
0.8035,  0.557994
0.8040,  0.550029
0.8045,  0.541577
0.8050,  0.536953
0.8055,  0.532441
0.8060,  0.525225
0.8065,  0.520480
0.8070,  0.518232
0.8075,  0.502746
0.8080,  0.489221
0.8085,  0.498196
0.8090,  0.511261
0.8095,  0.528002
0.8100,  0.558728
0.8105,  0.572778
0.8110,  0.583915
0.8115,  0.594031
0.8120,  0.609593
0.8125,  0.638766
0.8130,  0.688218
0.8135,  0.729960
0.8140,  0.758888
0.8145,  0.814449
0.8150,  0.888507
0.8155,  0.933001
0.8160,  0.964603
0.8165,  0.991954
0.8170,  0.992813
0.8175,  0.967015
0.8180,  0.935162
0.8185,  0.924967
0.8190,  0.890545
0.8195,  0.867664
0.8200,  0.837753
0.8205,  0.804675
0.8210,  0.775458
0.8215,  0.803618
0.8220,  0.876862
0.8225,  0.943245
0.8230,  0.967983
0.8235,  0.960071
0.8240,  0.907568
0.8245,  0.851304
0.8250,  0.809591
0.8255,  0.784547
0.8260,  0.767227
0.8265,  0.777735
0.8270,  0.804618
0.8275,  0.842216
0.8280,  0.855729
0.8285,  0.855459
0.8290,  0.841704
0.8295,  0.839298
0.8300,  0.821536
0.8305,  0.824959
0.8310,  0.809862
0.8315,  0.799073
0.8320,  0.783348
0.8325,  0.788630
0.8330,  0.791304
0.8335,  0.789209
0.8340,  0.772378
0.8345,  0.748203
0.8350,  0.736807
0.8355,  0.725674
0.8360,  0.720847
0.8365,  0.712304
0.8370,  0.703376
0.8375,  0.696247
0.8380,  0.694089
0.8385,  0.689131
0.8390,  0.696127
0.8395,  0.682791
0.8400,  0.656301
0.8405,  0.647266
0.8410,  0.653965
0.8415,  0.651451
0.8420,  0.663234
0.8425,  0.665580
0.8430,  0.662738
0.8435,  0.654732
0.8440,  0.656858
0.8445,  0.647774
0.8450,  0.650464
0.8455,  0.656889
0.8460,  0.660625
0.8465,  0.662014
0.8470,  0.660909
0.8475,  0.656296
0.8480,  0.659232
0.8485,  0.651498
0.8490,  0.684340
0.8495,  0.685205
0.8500,  0.689203
0.8505,  0.693978
0.8510,  0.688798
0.8515,  0.672808
0.8520,  0.689591
0.8525,  0.707492
0.8530,  0.717899
0.8535,  0.750862
0.8540,  0.771362
0.8545,  0.811636
0.8550,  0.820445
0.8555,  0.786106
0.8560,  0.754109
0.8565,  0.743573
0.8570,  0.727667
0.8575,  0.726226
0.8580,  0.736362
0.8585,  0.730798
0.8590,  0.728759
0.8595,  0.718972
0.8600,  0.726070
0.8605,  0.737861
0.8610,  0.720322
0.8615,  0.713437
0.8620,  0.713006
0.8625,  0.724081
0.8630,  0.727565
0.8635,  0.731652
0.8640,  0.767165
0.8645,  0.747944
0.8650,  0.768783
0.8655,  0.805041
0.8660,  0.813394
0.8665,  0.859873
0.8670,  0.833107
0.8675,  0.803743
0.8680,  0.795480
0.8685,  0.808785
0.8690,  0.824010
0.8695,  0.838370
0.8700,  0.853600
0.8705,  0.852183
0.8710,  0.838887
0.8715,  0.847843
0.8720,  0.871047
0.8725,  0.868183
0.8730,  0.889808
0.8735,  0.885548
0.8740,  0.900145
0.8745,  0.910325
0.8750,  0.911877
0.8755,  0.902202
0.8760,  0.891143
0.8765,  0.883162
0.8770,  0.885190
0.8775,  0.914648
0.8780,  0.927116
0.8785,  0.923662
0.8790,  0.928522
0.8795,  0.967827
0.8800,  0.997095
0.8805,  0.994873
0.8810,  0.981491
0.8815,  0.991893
0.8820,  1.010039
0.8825,  1.058865
0.8830,  1.062750
0.8835,  1.012335
0.8840,  1.006593
0.8845,  1.028184
0.8850,  1.055100
0.8855,  1.085050
0.8860,  1.073277
0.8865,  1.070765
0.8870,  1.066001
0.8875,  1.087610
0.8880,  1.081744
0.8885,  1.087974
0.8890,  1.076250
0.8895,  1.093212
0.8900,  1.117365
