0.3500,  0.594829
0.3505,  0.659470
0.3510,  0.615514
0.3515,  0.570539
0.3520,  0.534820
0.3525,  0.486783
0.3530,  0.525597
0.3535,  0.558840
0.3540,  0.559267
0.3545,  0.576163
0.3550,  0.558548
0.3555,  0.546618
0.3560,  0.516561
0.3565,  0.494493
0.3570,  0.474402
0.3575,  0.454398
0.3580,  0.408035
0.3585,  0.338846
0.3590,  0.496815
0.3595,  0.622889
0.3600,  0.602188
0.3605,  0.588207
0.3610,  0.542999
0.3615,  0.482586
0.3620,  0.520035
0.3625,  0.563818
0.3630,  0.550339
0.3635,  0.534184
0.3640,  0.523367
0.3645,  0.504543
0.3650,  0.536502
0.3655,  0.560800
0.3660,  0.566413
0.3665,  0.580799
0.3670,  0.545380
0.3675,  0.510163
0.3680,  0.468444
0.3685,  0.428489
0.3690,  0.477728
0.3695,  0.524927
0.3700,  0.496955
0.3705,  0.475012
0.3710,  0.493880
0.3715,  0.515545
0.3720,  0.491925
0.3725,  0.461376
0.3730,  0.422456
0.3735,  0.386298
0.3740,  0.399345
0.3745,  0.407564
0.3750,  0.491739
0.3755,  0.550034
0.3760,  0.532092
0.3765,  0.514338
0.3770,  0.560531
0.3775,  0.598789
0.3780,  0.588623
0.3785,  0.593483
0.3790,  0.503031
0.3795,  0.399514
0.3800,  0.449961
0.3805,  0.497639
0.3810,  0.461227
0.3815,  0.441355
0.3820,  0.361297
0.3825,  0.266680
0.3830,  0.250644
0.3835,  0.214490
0.3840,  0.385766
0.3845,  0.523809
0.3850,  0.539744
0.3855,  0.549014
0.3860,  0.527904
0.3865,  0.508072
0.3870,  0.492103
0.3875,  0.476848
0.3880,  0.456228
0.3885,  0.431190
0.3890,  0.486946
0.3895,  0.530069
0.3900,  0.529777
0.3905,  0.526066
0.3910,  0.531517
0.3915,  0.557740
0.3920,  0.459503
0.3925,  0.361113
0.3930,  0.194686
0.3935,  -0.038711
0.3940,  0.267896
0.3945,  0.481664
0.3950,  0.585264
0.3955,  0.679135
0.3960,  0.511507
0.3965,  0.297444
0.3970,  0.311558
0.3975,  0.307746
0.3980,  0.496042
0.3985,  0.624599
0.3990,  0.601150
0.3995,  0.587674
0.4000,  0.552368
0.4005,  0.515839
0.4010,  0.498810
0.4015,  0.487536
0.4020,  0.466095
0.4025,  0.455276
0.4030,  0.426971
0.4035,  0.400096
0.4040,  0.392903
0.4045,  0.390049
0.4050,  0.390387
0.4055,  0.389320
0.4060,  0.372845
0.4065,  0.357148
0.4070,  0.370151
0.4075,  0.381094
0.4080,  0.409271
0.4085,  0.434463
0.4090,  0.426392
0.4095,  0.419310
0.4100,  0.371340
0.4105,  0.315613
0.4110,  0.382203
0.4115,  0.443100
0.4120,  0.426249
0.4125,  0.407375
0.4130,  0.391461
0.4135,  0.381913
0.4140,  0.376730
0.4145,  0.372641
0.4150,  0.371671
0.4155,  0.370804
0.4160,  0.393383
0.4165,  0.418168
0.4170,  0.378931
0.4175,  0.332897
0.4180,  0.336169
0.4185,  0.339800
0.4190,  0.344484
0.4195,  0.349082
0.4200,  0.367465
0.4205,  0.385010
0.4210,  0.393792
0.4215,  0.402304
0.4220,  0.350965
0.4225,  0.297796
0.4230,  0.334560
0.4235,  0.367854
0.4240,  0.377050
0.4245,  0.390748
0.4250,  0.376791
0.4255,  0.359102
0.4260,  0.361343
0.4265,  0.367057
0.4270,  0.337912
0.4275,  0.305934
0.4280,  0.314415
0.4285,  0.333483
0.4290,  0.317608
0.4295,  0.308108
0.4300,  0.228432
0.4305,  0.123495
0.4310,  0.319465
0.4315,  0.460307
0.4320,  0.427593
0.4325,  0.392804
0.4330,  0.393835
0.4335,  0.398413
0.4340,  0.369411
0.4345,  0.346264
0.4350,  0.352743
0.4355,  0.356849
0.4360,  0.395548
0.4365,  0.433353
0.4370,  0.399692
0.4375,  0.373289
0.4380,  0.319481
0.4385,  0.254517
0.4390,  0.317757
0.4395,  0.375399
0.4400,  0.344665
0.4405,  0.311484
0.4410,  0.355914
0.4415,  0.394511
0.4420,  0.394032
0.4425,  0.392754
0.4430,  0.366575
0.4435,  0.344356
0.4440,  0.354857
0.4445,  0.367179
0.4450,  0.334929
0.4455,  0.296374
0.4460,  0.309147
0.4465,  0.320730
0.4470,  0.356220
0.4475,  0.391658
0.4480,  0.364893
0.4485,  0.335769
0.4490,  0.340501
0.4495,  0.343542
0.4500,  0.356696
0.4505,  0.374334
0.4510,  0.364596
0.4515,  0.354403
0.4520,  0.318982
0.4525,  0.287636
0.4530,  0.297605
0.4535,  0.309189
0.4540,  0.317933
0.4545,  0.318853
0.4550,  0.327487
0.4555,  0.336969
0.4560,  0.344259
0.4565,  0.351792
0.4570,  0.355244
0.4575,  0.358757
0.4580,  0.332379
0.4585,  0.307413
0.4590,  0.314742
0.4595,  0.319802
0.4600,  0.322734
0.4605,  0.323858
0.4610,  0.323017
0.4615,  0.322985
0.4620,  0.331686
0.4625,  0.341378
0.4630,  0.326906
0.4635,  0.316725
0.4640,  0.309036
0.4645,  0.301799
0.4650,  0.322598
0.4655,  0.343522
0.4660,  0.320458
0.4665,  0.294635
0.4670,  0.317981
0.4675,  0.338713
0.4680,  0.332323
0.4685,  0.329486
0.4690,  0.332547
0.4695,  0.337421
0.4700,  0.317385
0.4705,  0.291829
0.4710,  0.323605
0.4715,  0.354982
0.4720,  0.356497
0.4725,  0.356376
0.4730,  0.342589
0.4735,  0.331267
0.4740,  0.341327
0.4745,  0.348729
0.4750,  0.336923
0.4755,  0.327377
0.4760,  0.314288
0.4765,  0.302663
0.4770,  0.330133
0.4775,  0.355654
0.4780,  0.339922
0.4785,  0.323655
0.4790,  0.337229
0.4795,  0.347674
0.4800,  0.335344
0.4805,  0.325274
0.4810,  0.335152
0.4815,  0.342264
0.4820,  0.329027
0.4825,  0.321274
0.4830,  0.324192
0.4835,  0.327510
0.4840,  0.324787
0.4845,  0.327008
0.4850,  0.313585
0.4855,  0.300839
0.4860,  0.269941
0.4865,  0.227211
0.4870,  0.279838
0.4875,  0.324862
0.4880,  0.335530
0.4885,  0.343035
0.4890,  0.342048
0.4895,  0.343208
0.4900,  0.345862
0.4905,  0.352478
0.4910,  0.327801
0.4915,  0.303379
0.4920,  0.305749
0.4925,  0.305320
0.4930,  0.299310
0.4935,  0.290165
0.4940,  0.321030
0.4945,  0.352288
0.4950,  0.316965
0.4955,  0.283115
0.4960,  0.301228
0.4965,  0.320102
0.4970,  0.322069
0.4975,  0.326022
0.4980,  0.295590
0.4985,  0.263676
0.4990,  0.289364
0.4995,  0.314644
0.5000,  0.294714
0.5005,  0.274298
0.5010,  0.269077
0.5015,  0.260686
0.5020,  0.281023
0.5025,  0.300306
0.5030,  0.309212
0.5035,  0.316615
0.5040,  0.299600
0.5045,  0.280710
0.5050,  0.303018
0.5055,  0.324861
0.5060,  0.312148
0.5065,  0.302895
0.5070,  0.290620
0.5075,  0.280061
0.5080,  0.282966
0.5085,  0.283898
0.5090,  0.281354
0.5095,  0.278742
0.5100,  0.283531
0.5105,  0.288443
0.5110,  0.297957
0.5115,  0.308153
0.5120,  0.280810
0.5125,  0.256736
0.5130,  0.261986
0.5135,  0.265004
0.5140,  0.272324
0.5145,  0.278049
0.5150,  0.287384
0.5155,  0.301301
0.5160,  0.260413
0.5165,  0.217826
0.5170,  0.245654
0.5175,  0.269331
0.5180,  0.254504
0.5185,  0.232578
0.5190,  0.269249
0.5195,  0.303026
0.5200,  0.292878
0.5205,  0.282208
0.5210,  0.290860
0.5215,  0.302086
0.5220,  0.279485
0.5225,  0.254731
0.5230,  0.269025
0.5235,  0.279489
0.5240,  0.288634
0.5245,  0.298760
0.5250,  0.293777
0.5255,  0.293946
0.5260,  0.244550
0.5265,  0.190331
0.5270,  0.234504
0.5275,  0.269052
0.5280,  0.276901
0.5285,  0.283497
0.5290,  0.279326
0.5295,  0.275156
0.5300,  0.276885
0.5305,  0.277398
0.5310,  0.276524
0.5315,  0.282310
0.5320,  0.244964
0.5325,  0.205549
0.5330,  0.246946
0.5335,  0.282686
0.5340,  0.266647
0.5345,  0.248751
0.5350,  0.274821
0.5355,  0.299748
0.5360,  0.271215
0.5365,  0.244013
0.5370,  0.247476
0.5375,  0.251219
0.5380,  0.258928
0.5385,  0.269725
0.5390,  0.258167
0.5395,  0.247191
0.5400,  0.239495
0.5405,  0.229767
0.5410,  0.256445
0.5415,  0.280524
0.5420,  0.263774
0.5425,  0.246476
0.5430,  0.254799
0.5435,  0.262311
0.5440,  0.259857
0.5445,  0.259287
0.5450,  0.265604
0.5455,  0.271747
0.5460,  0.267137
0.5465,  0.262787
0.5470,  0.253377
0.5475,  0.244561
0.5480,  0.252459
0.5485,  0.257979
0.5490,  0.263620
0.5495,  0.269997
0.5500,  0.262105
0.5505,  0.254908
0.5510,  0.257204
0.5515,  0.260287
0.5520,  0.256597
0.5525,  0.251350
0.5530,  0.260569
0.5535,  0.267826
0.5540,  0.269331
0.5545,  0.270756
0.5550,  0.272375
0.5555,  0.275655
0.5560,  0.260912
0.5565,  0.245740
0.5570,  0.253778
0.5575,  0.264189
0.5580,  0.255860
0.5585,  0.245560
0.5590,  0.251885
0.5595,  0.257441
0.5600,  0.265276
0.5605,  0.269613
0.5610,  0.261901
0.5615,  0.253960
0.5620,  0.258847
0.5625,  0.265294
0.5630,  0.267749
0.5635,  0.270707
0.5640,  0.272000
0.5645,  0.274837
0.5650,  0.265943
0.5655,  0.255235
0.5660,  0.260728
0.5665,  0.265428
0.5670,  0.276058
0.5675,  0.289920
0.5680,  0.273018
0.5685,  0.256399
0.5690,  0.270336
0.5695,  0.285588
0.5700,  0.266702
0.5705,  0.245693
0.5710,  0.257164
0.5715,  0.263373
0.5720,  0.273625
0.5725,  0.286079
0.5730,  0.280143
0.5735,  0.275351
0.5740,  0.273759
0.5745,  0.273388
0.5750,  0.266882
0.5755,  0.258120
0.5760,  0.260681
0.5765,  0.263156
0.5770,  0.265235
0.5775,  0.270551
0.5780,  0.254978
0.5785,  0.237599
0.5790,  0.246339
0.5795,  0.254447
0.5800,  0.255526
0.5805,  0.256649
0.5810,  0.258877
0.5815,  0.260807
0.5820,  0.264039
0.5825,  0.264480
0.5830,  0.258747
0.5835,  0.253922
0.5840,  0.255448
0.5845,  0.259452
0.5850,  0.246552
0.5855,  0.233078
0.5860,  0.247175
0.5865,  0.261564
0.5870,  0.269273
0.5875,  0.281928
0.5880,  0.273982
0.5885,  0.266721
0.5890,  0.244793
0.5895,  0.214823
0.5900,  0.267103
0.5905,  0.313116
0.5910,  0.302170
0.5915,  0.289379
0.5920,  0.286841
0.5925,  0.285466
0.5930,  0.279003
0.5935,  0.279843
0.5940,  0.276285
0.5945,  0.271794
0.5950,  0.276189
0.5955,  0.275999
0.5960,  0.275786
0.5965,  0.278466
0.5970,  0.271913
0.5975,  0.265169
0.5980,  0.260357
0.5985,  0.257882
0.5990,  0.268061
0.5995,  0.276678
0.6000,  0.271222
0.6005,  0.267201
0.6010,  0.268890
0.6015,  0.267787
0.6020,  0.254833
0.6025,  0.242878
0.6030,  0.255091
0.6035,  0.268701
0.6040,  0.266088
0.6045,  0.265017
0.6050,  0.261894
0.6055,  0.256547
0.6060,  0.254156
0.6065,  0.253311
0.6070,  0.254800
0.6075,  0.257474
0.6080,  0.258739
0.6085,  0.260611
0.6090,  0.266253
0.6095,  0.270262
0.6100,  0.260111
0.6105,  0.247934
0.6110,  0.256496
0.6115,  0.266054
0.6120,  0.257625
0.6125,  0.253605
0.6130,  0.256459
0.6135,  0.254971
0.6140,  0.264122
0.6145,  0.271286
0.6150,  0.271792
0.6155,  0.274454
0.6160,  0.248438
0.6165,  0.220028
0.6170,  0.244877
0.6175,  0.269121
0.6180,  0.274489
0.6185,  0.277992
0.6190,  0.274120
0.6195,  0.270226
0.6200,  0.275288
0.6205,  0.281585
0.6210,  0.269354
0.6215,  0.257440
0.6220,  0.263832
0.6225,  0.272098
0.6230,  0.263404
0.6235,  0.258885
0.6240,  0.264085
0.6245,  0.267374
0.6250,  0.264146
0.6255,  0.259614
0.6260,  0.275222
0.6265,  0.289870
0.6270,  0.291552
0.6275,  0.295453
0.6280,  0.300405
0.6285,  0.302903
0.6290,  0.302028
0.6295,  0.302028
0.6300,  0.298200
0.6305,  0.290992
0.6310,  0.282844
0.6315,  0.278809
0.6320,  0.274730
0.6325,  0.273463
0.6330,  0.273866
0.6335,  0.273506
0.6340,  0.275840
0.6345,  0.279846
0.6350,  0.281071
0.6355,  0.281137
0.6360,  0.279452
0.6365,  0.275788
0.6370,  0.270247
0.6375,  0.266096
0.6380,  0.265166
0.6385,  0.266586
0.6390,  0.269424
0.6395,  0.268569
0.6400,  0.269531
0.6405,  0.269770
0.6410,  0.265433
0.6415,  0.263815
0.6420,  0.259661
0.6425,  0.255853
0.6430,  0.254665
0.6435,  0.257833
0.6440,  0.259821
0.6445,  0.266328
0.6450,  0.277684
0.6455,  0.284171
0.6460,  0.289272
0.6465,  0.292949
0.6470,  0.292091
0.6475,  0.285951
0.6480,  0.281014
0.6485,  0.277698
0.6490,  0.274680
0.6495,  0.281348
0.6500,  0.285462
0.6505,  0.290269
0.6510,  0.294783
0.6515,  0.294145
0.6520,  0.291185
0.6525,  0.284687
0.6530,  0.280024
0.6535,  0.268878
0.6540,  0.263277
0.6545,  0.267775
0.6550,  0.280298
0.6555,  0.281305
0.6560,  0.274764
0.6565,  0.255401
0.6570,  0.219745
0.6575,  0.226564
0.6580,  0.236158
0.6585,  0.249419
0.6590,  0.264401
0.6595,  0.261934
0.6600,  0.253871
0.6605,  0.246332
0.6610,  0.243761
0.6615,  0.239686
0.6620,  0.237039
0.6625,  0.237011
0.6630,  0.237621
0.6635,  0.243021
0.6640,  0.248283
0.6645,  0.249115
0.6650,  0.247287
0.6655,  0.242077
0.6660,  0.239265
0.6665,  0.238291
0.6670,  0.229265
0.6675,  0.232239
0.6680,  0.230407
0.6685,  0.233292
0.6690,  0.237859
0.6695,  0.237218
0.6700,  0.237784
0.6705,  0.239322
0.6710,  0.238745
0.6715,  0.241718
0.6720,  0.242805
0.6725,  0.241514
0.6730,  0.239003
0.6735,  0.234864
0.6740,  0.231785
0.6745,  0.228058
0.6750,  0.226437
0.6755,  0.231306
0.6760,  0.238747
0.6765,  0.243772
0.6770,  0.246670
0.6775,  0.247093
0.6780,  0.245355
0.6785,  0.242786
0.6790,  0.240629
0.6795,  0.238226
0.6800,  0.235743
0.6805,  0.234985
0.6810,  0.236373
0.6815,  0.237325
0.6820,  0.241951
0.6825,  0.247464
0.6830,  0.254140
0.6835,  0.255412
0.6840,  0.253859
0.6845,  0.251523
0.6850,  0.253052
0.6855,  0.265772
0.6860,  0.292876
0.6865,  0.331966
0.6870,  0.369800
0.6875,  0.390315
0.6880,  0.394520
0.6885,  0.389123
0.6890,  0.386891
0.6895,  0.379036
0.6900,  0.365681
0.6905,  0.350915
0.6910,  0.335133
0.6915,  0.329073
0.6920,  0.325651
0.6925,  0.323089
0.6930,  0.325226
0.6935,  0.324348
0.6940,  0.324948
0.6945,  0.321083
0.6950,  0.316524
0.6955,  0.309530
0.6960,  0.305880
0.6965,  0.299622
0.6970,  0.293754
0.6975,  0.293836
0.6980,  0.299136
0.6985,  0.305133
0.6990,  0.311978
0.6995,  0.310938
0.7000,  0.302649
0.7005,  0.300375
0.7010,  0.302049
0.7015,  0.310574
0.7020,  0.314398
0.7025,  0.311353
0.7030,  0.305693
0.7035,  0.305802
0.7040,  0.309180
0.7045,  0.310858
0.7050,  0.310934
0.7055,  0.308649
0.7060,  0.309100
0.7065,  0.305080
0.7070,  0.298739
0.7075,  0.291291
0.7080,  0.286324
0.7085,  0.282893
0.7090,  0.279392
0.7095,  0.278431
0.7100,  0.279878
0.7105,  0.279849
0.7110,  0.281160
0.7115,  0.278165
0.7120,  0.276403
0.7125,  0.276099
0.7130,  0.279038
0.7135,  0.281625
0.7140,  0.291216
0.7145,  0.299250
0.7150,  0.308060
0.7155,  0.318616
0.7160,  0.344489
0.7165,  0.378329
0.7170,  0.416631
0.7175,  0.451037
0.7180,  0.482012
0.7185,  0.509471
0.7190,  0.521841
0.7195,  0.527914
0.7200,  0.514688
0.7205,  0.488555
0.7210,  0.458533
0.7215,  0.430140
0.7220,  0.418327
0.7225,  0.420901
0.7230,  0.437083
0.7235,  0.459038
0.7240,  0.485282
0.7245,  0.490612
0.7250,  0.492671
0.7255,  0.489009
0.7260,  0.488510
0.7265,  0.489890
0.7270,  0.488469
0.7275,  0.476757
0.7280,  0.474323
0.7285,  0.474020
0.7290,  0.468370
0.7295,  0.458674
0.7300,  0.453364
0.7305,  0.446922
0.7310,  0.437919
0.7315,  0.425335
0.7320,  0.408037
0.7325,  0.390344
0.7330,  0.371396
0.7335,  0.352444
0.7340,  0.343180
0.7345,  0.336984
0.7350,  0.334787
0.7355,  0.338749
0.7360,  0.337209
0.7365,  0.331459
0.7370,  0.327099
0.7375,  0.322265
0.7380,  0.316371
0.7385,  0.314153
0.7390,  0.310337
0.7395,  0.307545
0.7400,  0.302136
0.7405,  0.293185
0.7410,  0.286110
0.7415,  0.291753
0.7420,  0.295473
0.7425,  0.295320
0.7430,  0.292993
0.7435,  0.287057
0.7440,  0.284971
0.7445,  0.284923
0.7450,  0.280258
0.7455,  0.277996
0.7460,  0.276331
0.7465,  0.277404
0.7470,  0.280359
0.7475,  0.273333
0.7480,  0.274295
0.7485,  0.273935
0.7490,  0.277811
0.7495,  0.278204
0.7500,  0.276221
0.7505,  0.273499
0.7510,  0.273076
0.7515,  0.280675
0.7520,  0.281599
0.7525,  0.278038
0.7530,  0.274963
0.7535,  0.275554
0.7540,  0.270166
0.7545,  0.261889
0.7550,  0.259018
0.7555,  0.260123
0.7560,  0.267135
0.7565,  0.271932
0.7570,  0.273816
0.7575,  0.282947
0.7580,  0.308437
0.7585,  0.370590
0.7590,  0.480096
0.7595,  0.641225
0.7600,  0.824233
0.7605,  0.963172
0.7610,  1.013273
0.7615,  0.988731
0.7620,  0.956462
0.7625,  0.950624
0.7630,  0.951903
0.7635,  0.930314
0.7640,  0.881388
0.7645,  0.814535
0.7650,  0.727506
0.7655,  0.640859
0.7660,  0.569523
0.7665,  0.505395
0.7670,  0.444423
0.7675,  0.404088
0.7680,  0.373000
0.7685,  0.352156
0.7690,  0.333225
0.7695,  0.325254
0.7700,  0.310774
0.7705,  0.307874
0.7710,  0.307756
0.7715,  0.306260
0.7720,  0.305520
0.7725,  0.298829
0.7730,  0.295683
0.7735,  0.291298
0.7740,  0.281620
0.7745,  0.272997
0.7750,  0.270749
0.7755,  0.276060
0.7760,  0.276732
0.7765,  0.280309
0.7770,  0.277816
0.7775,  0.276196
0.7780,  0.276892
0.7785,  0.272523
0.7790,  0.272031
0.7795,  0.283796
0.7800,  0.293322
0.7805,  0.295909
0.7810,  0.299183
0.7815,  0.302907
0.7820,  0.302299
0.7825,  0.292552
0.7830,  0.285858
0.7835,  0.278202
0.7840,  0.282425
0.7845,  0.288674
0.7850,  0.298462
0.7855,  0.306052
0.7860,  0.299818
0.7865,  0.300570
0.7870,  0.300870
0.7875,  0.308164
0.7880,  0.322712
0.7885,  0.330661
0.7890,  0.340211
0.7895,  0.342816
0.7900,  0.337735
0.7905,  0.340079
0.7910,  0.337754
0.7915,  0.341046
0.7920,  0.344979
0.7925,  0.348882
0.7930,  0.349510
0.7935,  0.347970
0.7940,  0.338383
0.7945,  0.330332
0.7950,  0.331259
0.7955,  0.334452
0.7960,  0.338546
0.7965,  0.334071
0.7970,  0.326358
0.7975,  0.324767
0.7980,  0.326240
0.7985,  0.324507
0.7990,  0.319434
0.7995,  0.321896
0.8000,  0.322177
0.8005,  0.325005
0.8010,  0.331765
0.8015,  0.329124
0.8020,  0.329321
0.8025,  0.328926
0.8030,  0.326428
0.8035,  0.327591
0.8040,  0.326517
0.8045,  0.330904
0.8050,  0.327915
0.8055,  0.321566
0.8060,  0.325015
0.8065,  0.327535
0.8070,  0.323400
0.8075,  0.318664
0.8080,  0.324347
0.8085,  0.323507
0.8090,  0.323255
0.8095,  0.329708
0.8100,  0.340683
0.8105,  0.356758
0.8110,  0.371967
0.8115,  0.387249
0.8120,  0.410361
0.8125,  0.441659
0.8130,  0.463596
0.8135,  0.480177
0.8140,  0.499149
0.8145,  0.536938
0.8150,  0.568109
0.8155,  0.593764
0.8160,  0.616392
0.8165,  0.621938
0.8170,  0.615644
0.8175,  0.592700
0.8180,  0.570092
0.8185,  0.552523
0.8190,  0.532946
0.8195,  0.520645
0.8200,  0.496215
0.8205,  0.475819
0.8210,  0.482068
0.8215,  0.513597
0.8220,  0.550791
0.8225,  0.583134
0.8230,  0.591764
0.8235,  0.568713
0.8240,  0.526690
0.8245,  0.502298
0.8250,  0.476068
0.8255,  0.468983
0.8260,  0.462190
0.8265,  0.457458
0.8270,  0.471915
0.8275,  0.488989
0.8280,  0.515727
0.8285,  0.518826
0.8290,  0.508851
0.8295,  0.493661
0.8300,  0.486318
0.8305,  0.480237
0.8310,  0.470072
0.8315,  0.480515
0.8320,  0.483443
0.8325,  0.481759
0.8330,  0.469552
0.8335,  0.459497
0.8340,  0.437861
0.8345,  0.421282
0.8350,  0.404793
0.8355,  0.393862
0.8360,  0.397432
0.8365,  0.393684
0.8370,  0.388213
0.8375,  0.385361
0.8380,  0.372665
0.8385,  0.367152
0.8390,  0.365379
0.8395,  0.358139
0.8400,  0.350892
0.8405,  0.336557
0.8410,  0.340631
0.8415,  0.347217
0.8420,  0.358462
0.8425,  0.365770
0.8430,  0.351843
0.8435,  0.346243
0.8440,  0.349574
0.8445,  0.350169
0.8450,  0.348721
0.8455,  0.336374
0.8460,  0.336631
0.8465,  0.343693
0.8470,  0.352986
0.8475,  0.352098
0.8480,  0.355927
0.8485,  0.362563
0.8490,  0.366965
0.8495,  0.359215
0.8500,  0.344266
0.8505,  0.357293
0.8510,  0.363552
0.8515,  0.368911
0.8520,  0.367099
0.8525,  0.358093
0.8530,  0.355444
0.8535,  0.341280
0.8540,  0.327869
0.8545,  0.351835
0.8550,  0.368878
0.8555,  0.357674
0.8560,  0.356757
0.8565,  0.354278
0.8570,  0.349797
0.8575,  0.337053
0.8580,  0.340427
0.8585,  0.334265
0.8590,  0.354830
0.8595,  0.363353
0.8600,  0.369914
0.8605,  0.359978
0.8610,  0.349184
0.8615,  0.341610
0.8620,  0.328711
0.8625,  0.347141
0.8630,  0.350581
0.8635,  0.348853
0.8640,  0.341611
0.8645,  0.338145
0.8650,  0.357794
0.8655,  0.382996
0.8660,  0.381024
0.8665,  0.377140
0.8670,  0.374018
0.8675,  0.366443
0.8680,  0.352627
0.8685,  0.343925
0.8690,  0.338480
0.8695,  0.359281
0.8700,  0.363987
0.8705,  0.350742
0.8710,  0.342738
0.8715,  0.350578
0.8720,  0.371563
0.8725,  0.380460
0.8730,  0.367255
0.8735,  0.361358
0.8740,  0.374183
0.8745,  0.387732
0.8750,  0.393270
0.8755,  0.398595
0.8760,  0.394448
0.8765,  0.382317
0.8770,  0.376805
0.8775,  0.389491
0.8780,  0.403304
0.8785,  0.383111
0.8790,  0.372149
0.8795,  0.390206
0.8800,  0.399826
0.8805,  0.395984
0.8810,  0.401219
0.8815,  0.413752
0.8820,  0.401143
0.8825,  0.409585
0.8830,  0.406340
0.8835,  0.392379
0.8840,  0.383918
0.8845,  0.382433
0.8850,  0.381277
0.8855,  0.390375
0.8860,  0.397833
0.8865,  0.401202
0.8870,  0.394183
0.8875,  0.404702
0.8880,  0.401926
0.8885,  0.400860
0.8890,  0.384294
0.8895,  0.403707
0.8900,  0.416781
