0.3500,  0.032020
0.3505,  0.078987
0.3510,  0.049795
0.3515,  0.017380
0.3520,  -0.012595
0.3525,  -0.047180
0.3530,  -0.006045
0.3535,  0.023425
0.3540,  0.045620
0.3545,  0.069843
0.3550,  0.049031
0.3555,  0.036079
0.3560,  0.004910
0.3565,  -0.027745
0.3570,  -0.051777
0.3575,  -0.082180
0.3580,  -0.114462
0.3585,  -0.162892
0.3590,  -0.021847
0.3595,  0.094672
0.3600,  0.081413
0.3605,  0.065593
0.3610,  0.022921
0.3615,  -0.026986
0.3620,  0.009845
0.3625,  0.044619
0.3630,  0.034329
0.3635,  0.022531
0.3640,  0.015223
0.3645,  0.005081
0.3650,  0.039181
0.3655,  0.069239
0.3660,  0.080418
0.3665,  0.091086
0.3670,  0.066284
0.3675,  0.046732
0.3680,  0.016844
0.3685,  -0.014178
0.3690,  0.026118
0.3695,  0.065355
0.3700,  0.042609
0.3705,  0.020448
0.3710,  0.038378
0.3715,  0.058748
0.3720,  0.033288
0.3725,  0.007680
0.3730,  -0.022369
0.3735,  -0.055555
0.3740,  -0.046544
0.3745,  -0.042897
0.3750,  0.021028
0.3755,  0.072824
0.3760,  0.067856
0.3765,  0.055983
0.3770,  0.096643
0.3775,  0.133758
0.3780,  0.130467
0.3785,  0.135632
0.3790,  0.057081
0.3795,  -0.028732
0.3800,  0.020361
0.3805,  0.072004
0.3810,  0.049722
0.3815,  0.033707
0.3820,  -0.038423
0.3825,  -0.126796
0.3830,  -0.152595
0.3835,  -0.190772
0.3840,  -0.049669
0.3845,  0.058956
0.3850,  0.071410
0.3855,  0.084143
0.3860,  0.074164
0.3865,  0.066273
0.3870,  0.060968
0.3875,  0.052325
0.3880,  0.034397
0.3885,  0.013981
0.3890,  0.063423
0.3895,  0.101855
0.3900,  0.102635
0.3905,  0.104028
0.3910,  0.118064
0.3915,  0.143499
0.3920,  0.064221
0.3925,  -0.016615
0.3930,  -0.160362
0.3935,  -0.366656
0.3940,  -0.122581
0.3945,  0.048320
0.3950,  0.134728
0.3955,  0.218471
0.3960,  0.085602
0.3965,  -0.085279
0.3970,  -0.070219
0.3975,  -0.071577
0.3980,  0.087824
0.3985,  0.195732
0.3990,  0.181700
0.3995,  0.176831
0.4000,  0.151585
0.4005,  0.128226
0.4010,  0.118613
0.4015,  0.114530
0.4020,  0.103235
0.4025,  0.095834
0.4030,  0.074402
0.4035,  0.054001
0.4040,  0.048743
0.4045,  0.046478
0.4050,  0.046401
0.4055,  0.048613
0.4060,  0.038054
0.4065,  0.027065
0.4070,  0.038664
0.4075,  0.046964
0.4080,  0.069405
0.4085,  0.092230
0.4090,  0.087705
0.4095,  0.082231
0.4100,  0.041857
0.4105,  -0.004927
0.4110,  0.051542
0.4115,  0.101989
0.4120,  0.090019
0.4125,  0.077981
0.4130,  0.065875
0.4135,  0.056942
0.4140,  0.051457
0.4145,  0.046875
0.4150,  0.046281
0.4155,  0.042482
0.4160,  0.061946
0.4165,  0.083870
0.4170,  0.050458
0.4175,  0.014217
0.4180,  0.021818
0.4185,  0.032117
0.4190,  0.038139
0.4195,  0.040448
0.4200,  0.052768
0.4205,  0.064722
0.4210,  0.071206
0.4215,  0.078300
0.4220,  0.040877
0.4225,  -0.001272
0.4230,  0.029453
0.4235,  0.059476
0.4240,  0.068827
0.4245,  0.079949
0.4250,  0.065973
0.4255,  0.050850
0.4260,  0.053037
0.4265,  0.059742
0.4270,  0.033982
0.4275,  0.007434
0.4280,  0.020754
0.4285,  0.038223
0.4290,  0.029140
0.4295,  0.020054
0.4300,  -0.051111
0.4305,  -0.140863
0.4310,  0.017576
0.4315,  0.136064
0.4320,  0.110578
0.4325,  0.083836
0.4330,  0.088645
0.4335,  0.094553
0.4340,  0.073015
0.4345,  0.053692
0.4350,  0.057532
0.4355,  0.057701
0.4360,  0.088828
0.4365,  0.121767
0.4370,  0.096645
0.4375,  0.074469
0.4380,  0.031873
0.4385,  -0.016701
0.4390,  0.040684
0.4395,  0.090849
0.4400,  0.065265
0.4405,  0.036663
0.4410,  0.073174
0.4415,  0.105326
0.4420,  0.104611
0.4425,  0.103763
0.4430,  0.082379
0.4435,  0.064342
0.4440,  0.074410
0.4445,  0.085933
0.4450,  0.057302
0.4455,  0.026154
0.4460,  0.038425
0.4465,  0.048130
0.4470,  0.076877
0.4475,  0.103866
0.4480,  0.081827
0.4485,  0.057548
0.4490,  0.062855
0.4495,  0.066974
0.4500,  0.081269
0.4505,  0.095327
0.4510,  0.087646
0.4515,  0.081154
0.4520,  0.055033
0.4525,  0.031769
0.4530,  0.039006
0.4535,  0.046692
0.4540,  0.054637
0.4545,  0.060636
0.4550,  0.071098
0.4555,  0.079887
0.4560,  0.082878
0.4565,  0.084322
0.4570,  0.083069
0.4575,  0.085348
0.4580,  0.063023
0.4585,  0.042306
0.4590,  0.051740
0.4595,  0.059186
0.4600,  0.064506
0.4605,  0.069103
0.4610,  0.069967
0.4615,  0.070778
0.4620,  0.078057
0.4625,  0.085398
0.4630,  0.074729
0.4635,  0.066984
0.4640,  0.059546
0.4645,  0.053533
0.4650,  0.072075
0.4655,  0.089006
0.4660,  0.068366
0.4665,  0.049209
0.4670,  0.069379
0.4675,  0.086962
0.4680,  0.083658
0.4685,  0.081420
0.4690,  0.083046
0.4695,  0.086313
0.4700,  0.070172
0.4705,  0.049704
0.4710,  0.075018
0.4715,  0.099656
0.4720,  0.099761
0.4725,  0.098796
0.4730,  0.088393
0.4735,  0.079172
0.4740,  0.089877
0.4745,  0.101173
0.4750,  0.097864
0.4755,  0.093646
0.4760,  0.083231
0.4765,  0.072489
0.4770,  0.092384
0.4775,  0.110585
0.4780,  0.094847
0.4785,  0.081056
0.4790,  0.093091
0.4795,  0.104088
0.4800,  0.095281
0.4805,  0.088947
0.4810,  0.098478
0.4815,  0.108455
0.4820,  0.098899
0.4825,  0.092155
0.4830,  0.094642
0.4835,  0.096978
0.4840,  0.095117
0.4845,  0.098850
0.4850,  0.089101
0.4855,  0.079180
0.4860,  0.051223
0.4865,  0.011888
0.4870,  0.054951
0.4875,  0.091912
0.4880,  0.101850
0.4885,  0.110530
0.4890,  0.111038
0.4895,  0.112324
0.4900,  0.115148
0.4905,  0.121841
0.4910,  0.102845
0.4915,  0.083424
0.4920,  0.084799
0.4925,  0.083874
0.4930,  0.079013
0.4935,  0.072439
0.4940,  0.100310
0.4945,  0.127336
0.4950,  0.100897
0.4955,  0.074992
0.4960,  0.091593
0.4965,  0.106963
0.4970,  0.108175
0.4975,  0.111182
0.4980,  0.085611
0.4985,  0.058394
0.4990,  0.081309
0.4995,  0.105621
0.5000,  0.090630
0.5005,  0.073894
0.5010,  0.068752
0.5015,  0.060667
0.5020,  0.076841
0.5025,  0.091950
0.5030,  0.098806
0.5035,  0.105421
0.5040,  0.092289
0.5045,  0.075548
0.5050,  0.093175
0.5055,  0.111063
0.5060,  0.102133
0.5065,  0.095219
0.5070,  0.086081
0.5075,  0.077692
0.5080,  0.080934
0.5085,  0.082903
0.5090,  0.082193
0.5095,  0.081063
0.5100,  0.085448
0.5105,  0.089528
0.5110,  0.098971
0.5115,  0.109080
0.5120,  0.086818
0.5125,  0.066250
0.5130,  0.070050
0.5135,  0.071909
0.5140,  0.077500
0.5145,  0.081381
0.5150,  0.089753
0.5155,  0.102901
0.5160,  0.069980
0.5165,  0.035497
0.5170,  0.058747
0.5175,  0.077051
0.5180,  0.060718
0.5185,  0.038538
0.5190,  0.068348
0.5195,  0.096643
0.5200,  0.089846
0.5205,  0.082980
0.5210,  0.091481
0.5215,  0.101669
0.5220,  0.084174
0.5225,  0.064782
0.5230,  0.075504
0.5235,  0.084670
0.5240,  0.092808
0.5245,  0.103885
0.5250,  0.100809
0.5255,  0.101364
0.5260,  0.059242
0.5265,  0.013077
0.5270,  0.048671
0.5275,  0.076314
0.5280,  0.082713
0.5285,  0.088471
0.5290,  0.086394
0.5295,  0.083224
0.5300,  0.084093
0.5305,  0.087436
0.5310,  0.089641
0.5315,  0.096508
0.5320,  0.065924
0.5325,  0.032039
0.5330,  0.066133
0.5335,  0.096285
0.5340,  0.079799
0.5345,  0.062408
0.5350,  0.084579
0.5355,  0.107479
0.5360,  0.086274
0.5365,  0.066563
0.5370,  0.070437
0.5375,  0.073233
0.5380,  0.077229
0.5385,  0.083345
0.5390,  0.073552
0.5395,  0.064954
0.5400,  0.058460
0.5405,  0.048499
0.5410,  0.070736
0.5415,  0.090929
0.5420,  0.079199
0.5425,  0.068031
0.5430,  0.077045
0.5435,  0.083948
0.5440,  0.081895
0.5445,  0.081388
0.5450,  0.085762
0.5455,  0.089495
0.5460,  0.085983
0.5465,  0.082807
0.5470,  0.075619
0.5475,  0.066418
0.5480,  0.071709
0.5485,  0.075980
0.5490,  0.080649
0.5495,  0.086188
0.5500,  0.079965
0.5505,  0.074420
0.5510,  0.076979
0.5515,  0.080045
0.5520,  0.077329
0.5525,  0.073558
0.5530,  0.079546
0.5535,  0.084396
0.5540,  0.085894
0.5545,  0.087180
0.5550,  0.087731
0.5555,  0.089705
0.5560,  0.078991
0.5565,  0.069844
0.5570,  0.079831
0.5575,  0.090180
0.5580,  0.082787
0.5585,  0.072481
0.5590,  0.076307
0.5595,  0.079322
0.5600,  0.082508
0.5605,  0.085984
0.5610,  0.081843
0.5615,  0.078408
0.5620,  0.083280
0.5625,  0.088478
0.5630,  0.091004
0.5635,  0.094198
0.5640,  0.095727
0.5645,  0.097419
0.5650,  0.089596
0.5655,  0.078776
0.5660,  0.081689
0.5665,  0.087273
0.5670,  0.098390
0.5675,  0.110685
0.5680,  0.096303
0.5685,  0.082545
0.5690,  0.095014
0.5695,  0.108248
0.5700,  0.092893
0.5705,  0.074734
0.5710,  0.082023
0.5715,  0.086771
0.5720,  0.094525
0.5725,  0.103667
0.5730,  0.098856
0.5735,  0.095365
0.5740,  0.094966
0.5745,  0.094974
0.5750,  0.088239
0.5755,  0.079228
0.5760,  0.082132
0.5765,  0.087426
0.5770,  0.091316
0.5775,  0.095664
0.5780,  0.082433
0.5785,  0.066839
0.5790,  0.073245
0.5795,  0.078836
0.5800,  0.078413
0.5805,  0.078021
0.5810,  0.079583
0.5815,  0.081388
0.5820,  0.084870
0.5825,  0.086974
0.5830,  0.082399
0.5835,  0.079568
0.5840,  0.081167
0.5845,  0.085333
0.5850,  0.073651
0.5855,  0.061302
0.5860,  0.074383
0.5865,  0.086688
0.5870,  0.095053
0.5875,  0.107802
0.5880,  0.100544
0.5885,  0.092948
0.5890,  0.070392
0.5895,  0.041951
0.5900,  0.084464
0.5905,  0.122867
0.5910,  0.113415
0.5915,  0.103363
0.5920,  0.102172
0.5925,  0.101950
0.5930,  0.097177
0.5935,  0.096398
0.5940,  0.093208
0.5945,  0.089303
0.5950,  0.091971
0.5955,  0.093313
0.5960,  0.096611
0.5965,  0.100619
0.5970,  0.095306
0.5975,  0.090379
0.5980,  0.084096
0.5985,  0.078414
0.5990,  0.084639
0.5995,  0.091120
0.6000,  0.088423
0.6005,  0.086896
0.6010,  0.088903
0.6015,  0.088405
0.6020,  0.078523
0.6025,  0.068435
0.6030,  0.080535
0.6035,  0.093363
0.6040,  0.091800
0.6045,  0.091806
0.6050,  0.091292
0.6055,  0.088504
0.6060,  0.087365
0.6065,  0.085120
0.6070,  0.084921
0.6075,  0.087459
0.6080,  0.087560
0.6085,  0.087395
0.6090,  0.092992
0.6095,  0.095614
0.6100,  0.087464
0.6105,  0.076994
0.6110,  0.084056
0.6115,  0.093089
0.6120,  0.085784
0.6125,  0.080468
0.6130,  0.079815
0.6135,  0.079098
0.6140,  0.087459
0.6145,  0.095714
0.6150,  0.099080
0.6155,  0.101690
0.6160,  0.080037
0.6165,  0.055032
0.6170,  0.074184
0.6175,  0.093254
0.6180,  0.097079
0.6185,  0.099908
0.6190,  0.097694
0.6195,  0.094320
0.6200,  0.100108
0.6205,  0.105889
0.6210,  0.097129
0.6215,  0.088957
0.6220,  0.096003
0.6225,  0.105216
0.6230,  0.097183
0.6235,  0.092114
0.6240,  0.095840
0.6245,  0.097354
0.6250,  0.093576
0.6255,  0.087790
0.6260,  0.100182
0.6265,  0.112581
0.6270,  0.112540
0.6275,  0.112164
0.6280,  0.115035
0.6285,  0.119493
0.6290,  0.118186
0.6295,  0.115672
0.6300,  0.111511
0.6305,  0.105419
0.6310,  0.099398
0.6315,  0.097335
0.6320,  0.095063
0.6325,  0.093310
0.6330,  0.094192
0.6335,  0.095249
0.6340,  0.097089
0.6345,  0.101628
0.6350,  0.104774
0.6355,  0.105852
0.6360,  0.105348
0.6365,  0.101912
0.6370,  0.096813
0.6375,  0.093917
0.6380,  0.092475
0.6385,  0.092979
0.6390,  0.096330
0.6395,  0.098740
0.6400,  0.100160
0.6405,  0.096565
0.6410,  0.091639
0.6415,  0.090999
0.6420,  0.088724
0.6425,  0.085284
0.6430,  0.083878
0.6435,  0.083984
0.6440,  0.086212
0.6445,  0.090630
0.6450,  0.099315
0.6455,  0.103221
0.6460,  0.106308
0.6465,  0.108149
0.6470,  0.107206
0.6475,  0.103326
0.6480,  0.100932
0.6485,  0.097454
0.6490,  0.093295
0.6495,  0.096943
0.6500,  0.099679
0.6505,  0.105691
0.6510,  0.111721
0.6515,  0.110251
0.6520,  0.106630
0.6525,  0.103193
0.6530,  0.100573
0.6535,  0.093258
0.6540,  0.092883
0.6545,  0.098885
0.6550,  0.109987
0.6555,  0.108243
0.6560,  0.096156
0.6565,  0.073581
0.6570,  0.042310
0.6575,  0.050441
0.6580,  0.061055
0.6585,  0.073115
0.6590,  0.085129
0.6595,  0.081662
0.6600,  0.078180
0.6605,  0.075525
0.6610,  0.074933
0.6615,  0.072413
0.6620,  0.070567
0.6625,  0.069959
0.6630,  0.069859
0.6635,  0.072793
0.6640,  0.074992
0.6645,  0.076452
0.6650,  0.077913
0.6655,  0.075971
0.6660,  0.072247
0.6665,  0.069597
0.6670,  0.066306
0.6675,  0.065411
0.6680,  0.064350
0.6685,  0.067375
0.6690,  0.070458
0.6695,  0.070750
0.6700,  0.070814
0.6705,  0.069944
0.6710,  0.069123
0.6715,  0.072285
0.6720,  0.072835
0.6725,  0.070603
0.6730,  0.067230
0.6735,  0.065170
0.6740,  0.065235
0.6745,  0.063917
0.6750,  0.062022
0.6755,  0.065246
0.6760,  0.068312
0.6765,  0.072909
0.6770,  0.074252
0.6775,  0.073398
0.6780,  0.073186
0.6785,  0.070396
0.6790,  0.068426
0.6795,  0.068636
0.6800,  0.068846
0.6805,  0.067350
0.6810,  0.066731
0.6815,  0.067244
0.6820,  0.069760
0.6825,  0.071939
0.6830,  0.075384
0.6835,  0.076597
0.6840,  0.074031
0.6845,  0.075365
0.6850,  0.079995
0.6855,  0.099575
0.6860,  0.126234
0.6865,  0.152909
0.6870,  0.171512
0.6875,  0.177762
0.6880,  0.176438
0.6885,  0.171877
0.6890,  0.167815
0.6895,  0.161396
0.6900,  0.154872
0.6905,  0.147767
0.6910,  0.139108
0.6915,  0.134654
0.6920,  0.132787
0.6925,  0.131844
0.6930,  0.132738
0.6935,  0.131660
0.6940,  0.132487
0.6945,  0.129953
0.6950,  0.124532
0.6955,  0.118110
0.6960,  0.110019
0.6965,  0.102925
0.6970,  0.097319
0.6975,  0.099417
0.6980,  0.104209
0.6985,  0.109341
0.6990,  0.113776
0.6995,  0.113167
0.7000,  0.111826
0.7005,  0.111252
0.7010,  0.109276
0.7015,  0.111365
0.7020,  0.110997
0.7025,  0.110828
0.7030,  0.109335
0.7035,  0.109478
0.7040,  0.109686
0.7045,  0.112181
0.7050,  0.114595
0.7055,  0.110668
0.7060,  0.106612
0.7065,  0.102558
0.7070,  0.100639
0.7075,  0.098066
0.7080,  0.098014
0.7085,  0.098026
0.7090,  0.096668
0.7095,  0.098073
0.7100,  0.098891
0.7105,  0.096639
0.7110,  0.096668
0.7115,  0.094722
0.7120,  0.094399
0.7125,  0.095248
0.7130,  0.096233
0.7135,  0.097625
0.7140,  0.100476
0.7145,  0.104873
0.7150,  0.110648
0.7155,  0.124882
0.7160,  0.147784
0.7165,  0.174220
0.7170,  0.200976
0.7175,  0.226328
0.7180,  0.247160
0.7185,  0.261799
0.7190,  0.266232
0.7195,  0.264682
0.7200,  0.250745
0.7205,  0.228996
0.7210,  0.205291
0.7215,  0.190511
0.7220,  0.189377
0.7225,  0.199038
0.7230,  0.212948
0.7235,  0.225460
0.7240,  0.236298
0.7245,  0.242317
0.7250,  0.241854
0.7255,  0.241375
0.7260,  0.243544
0.7265,  0.245731
0.7270,  0.244042
0.7275,  0.242016
0.7280,  0.238429
0.7285,  0.234079
0.7290,  0.227667
0.7295,  0.223977
0.7300,  0.217264
0.7305,  0.211093
0.7310,  0.202368
0.7315,  0.191036
0.7320,  0.179526
0.7325,  0.167646
0.7330,  0.154650
0.7335,  0.142938
0.7340,  0.133330
0.7345,  0.129009
0.7350,  0.129408
0.7355,  0.128423
0.7360,  0.126510
0.7365,  0.123607
0.7370,  0.121492
0.7375,  0.114257
0.7380,  0.108773
0.7385,  0.107426
0.7390,  0.100765
0.7395,  0.095523
0.7400,  0.092940
0.7405,  0.092379
0.7410,  0.090614
0.7415,  0.094671
0.7420,  0.097578
0.7425,  0.097379
0.7430,  0.096141
0.7435,  0.088995
0.7440,  0.087041
0.7445,  0.089152
0.7450,  0.088367
0.7455,  0.087425
0.7460,  0.086418
0.7465,  0.090717
0.7470,  0.089084
0.7475,  0.084555
0.7480,  0.082430
0.7485,  0.081811
0.7490,  0.086301
0.7495,  0.089327
0.7500,  0.086995
0.7505,  0.084729
0.7510,  0.083574
0.7515,  0.081614
0.7520,  0.082013
0.7525,  0.077428
0.7530,  0.077547
0.7535,  0.078212
0.7540,  0.080890
0.7545,  0.080240
0.7550,  0.079798
0.7555,  0.078156
0.7560,  0.077831
0.7565,  0.078200
0.7570,  0.078570
0.7575,  0.088848
0.7580,  0.117052
0.7585,  0.172110
0.7590,  0.263343
0.7595,  0.387252
0.7600,  0.506119
0.7605,  0.572827
0.7610,  0.577469
0.7615,  0.551433
0.7620,  0.529335
0.7625,  0.523660
0.7630,  0.512792
0.7635,  0.486499
0.7640,  0.448250
0.7645,  0.401366
0.7650,  0.349807
0.7655,  0.297591
0.7660,  0.246144
0.7665,  0.197991
0.7670,  0.161677
0.7675,  0.139368
0.7680,  0.124342
0.7685,  0.117024
0.7690,  0.110407
0.7695,  0.102486
0.7700,  0.094169
0.7705,  0.090569
0.7710,  0.088318
0.7715,  0.088256
0.7720,  0.091569
0.7725,  0.086896
0.7730,  0.083504
0.7735,  0.082129
0.7740,  0.082489
0.7745,  0.078696
0.7750,  0.075110
0.7755,  0.078582
0.7760,  0.080599
0.7765,  0.084845
0.7770,  0.086568
0.7775,  0.082439
0.7780,  0.080467
0.7785,  0.080806
0.7790,  0.076735
0.7795,  0.073527
0.7800,  0.071996
0.7805,  0.072633
0.7810,  0.077629
0.7815,  0.078869
0.7820,  0.080080
0.7825,  0.078223
0.7830,  0.073592
0.7835,  0.069409
0.7840,  0.071905
0.7845,  0.075113
0.7850,  0.078792
0.7855,  0.077410
0.7860,  0.078940
0.7865,  0.081942
0.7870,  0.081394
0.7875,  0.079961
0.7880,  0.086953
0.7885,  0.091527
0.7890,  0.095946
0.7895,  0.097506
0.7900,  0.094486
0.7905,  0.090842
0.7910,  0.089393
0.7915,  0.092709
0.7920,  0.093648
0.7925,  0.096670
0.7930,  0.098254
0.7935,  0.096016
0.7940,  0.091755
0.7945,  0.088882
0.7950,  0.086502
0.7955,  0.091308
0.7960,  0.093371
0.7965,  0.090546
0.7970,  0.089665
0.7975,  0.086442
0.7980,  0.088543
0.7985,  0.092069
0.7990,  0.094844
0.7995,  0.102527
0.8000,  0.107002
0.8005,  0.104567
0.8010,  0.104221
0.8015,  0.105743
0.8020,  0.106147
0.8025,  0.104291
0.8030,  0.100022
0.8035,  0.099008
0.8040,  0.095338
0.8045,  0.090048
0.8050,  0.087885
0.8055,  0.085956
0.8060,  0.086001
0.8065,  0.089263
0.8070,  0.092509
0.8075,  0.093411
0.8080,  0.084180
0.8085,  0.081461
0.8090,  0.077966
0.8095,  0.082853
0.8100,  0.094699
0.8105,  0.107186
0.8110,  0.121995
0.8115,  0.135047
0.8120,  0.146060
0.8125,  0.153917
0.8130,  0.168665
0.8135,  0.185537
0.8140,  0.199802
0.8145,  0.214917
0.8150,  0.234147
0.8155,  0.247271
0.8160,  0.258504
0.8165,  0.264109
0.8170,  0.264266
0.8175,  0.254620
0.8180,  0.246681
0.8185,  0.239689
0.8190,  0.220526
0.8195,  0.207795
0.8200,  0.192688
0.8205,  0.175960
0.8210,  0.183727
0.8215,  0.202552
0.8220,  0.232493
0.8225,  0.253932
0.8230,  0.252720
0.8235,  0.233701
0.8240,  0.205855
0.8245,  0.185683
0.8250,  0.170150
0.8255,  0.158263
0.8260,  0.153357
0.8265,  0.161389
0.8270,  0.178872
0.8275,  0.190497
0.8280,  0.199713
0.8285,  0.196142
0.8290,  0.191761
0.8295,  0.182417
0.8300,  0.172367
0.8305,  0.160647
0.8310,  0.160436
0.8315,  0.161009
0.8320,  0.163368
0.8325,  0.160575
0.8330,  0.155061
0.8335,  0.148318
0.8340,  0.140372
0.8345,  0.131480
0.8350,  0.119274
0.8355,  0.112872
0.8360,  0.113767
0.8365,  0.112596
0.8370,  0.104979
0.8375,  0.099761
0.8380,  0.093955
0.8385,  0.090934
0.8390,  0.087987
0.8395,  0.088010
0.8400,  0.087842
0.8405,  0.087731
0.8410,  0.081532
0.8415,  0.081658
0.8420,  0.079928
0.8425,  0.070471
0.8430,  0.068674
0.8435,  0.070869
0.8440,  0.072733
0.8445,  0.075211
0.8450,  0.075370
0.8455,  0.073041
0.8460,  0.070724
0.8465,  0.066393
0.8470,  0.064153
0.8475,  0.055303
0.8480,  0.055833
0.8485,  0.052212
0.8490,  0.054523
0.8495,  0.060797
0.8500,  0.057898
0.8505,  0.060516
0.8510,  0.056040
0.8515,  0.055236
0.8520,  0.062042
0.8525,  0.053309
0.8530,  0.056861
0.8535,  0.056123
0.8540,  0.032046
0.8545,  0.042068
0.8550,  0.046105
0.8555,  0.052724
0.8560,  0.052450
0.8565,  0.048298
0.8570,  0.043067
0.8575,  0.045221
0.8580,  0.049374
0.8585,  0.047990
0.8590,  0.052006
0.8595,  0.052031
0.8600,  0.052604
0.8605,  0.055966
0.8610,  0.058533
0.8615,  0.061203
0.8620,  0.057031
0.8625,  0.048593
0.8630,  0.044405
0.8635,  0.047931
0.8640,  0.047449
0.8645,  0.025582
0.8650,  0.018434
0.8655,  0.020633
0.8660,  0.024485
0.8665,  0.039215
0.8670,  0.041980
0.8675,  0.043881
0.8680,  0.044139
0.8685,  0.040220
0.8690,  0.040089
0.8695,  0.050475
0.8700,  0.058701
0.8705,  0.054469
0.8710,  0.051839
0.8715,  0.050129
0.8720,  0.051036
0.8725,  0.050785
0.8730,  0.055587
0.8735,  0.057906
0.8740,  0.060376
0.8745,  0.057005
0.8750,  0.054177
0.8755,  0.054055
0.8760,  0.045051
0.8765,  0.042836
0.8770,  0.041967
0.8775,  0.052440
0.8780,  0.063313
0.8785,  0.062415
0.8790,  0.059017
0.8795,  0.053857
0.8800,  0.043324
0.8805,  0.040682
0.8810,  0.035906
0.8815,  0.042674
0.8820,  0.044512
0.8825,  0.043737
0.8830,  0.041847
0.8835,  0.041329
0.8840,  0.042631
0.8845,  0.043233
0.8850,  0.048348
0.8855,  0.049121
0.8860,  0.049078
0.8865,  0.048648
0.8870,  0.051067
0.8875,  0.046332
0.8880,  0.042143
0.8885,  0.037828
0.8890,  0.044028
0.8895,  0.054217
0.8900,  0.050256
