0.3500,  0.310588
0.3505,  0.348732
0.3510,  0.310184
0.3515,  0.270894
0.3520,  0.239650
0.3525,  0.211053
0.3530,  0.252703
0.3535,  0.284708
0.3540,  0.301834
0.3545,  0.326753
0.3550,  0.306910
0.3555,  0.299895
0.3560,  0.258881
0.3565,  0.230718
0.3570,  0.214079
0.3575,  0.188856
0.3580,  0.152751
0.3585,  0.100774
0.3590,  0.226662
0.3595,  0.333191
0.3600,  0.318196
0.3605,  0.307932
0.3610,  0.270159
0.3615,  0.220129
0.3620,  0.258034
0.3625,  0.289631
0.3630,  0.279506
0.3635,  0.268842
0.3640,  0.253821
0.3645,  0.241214
0.3650,  0.266205
0.3655,  0.284946
0.3660,  0.286132
0.3665,  0.292623
0.3670,  0.267466
0.3675,  0.244966
0.3680,  0.218145
0.3685,  0.188788
0.3690,  0.225789
0.3695,  0.267730
0.3700,  0.244046
0.3705,  0.218890
0.3710,  0.234676
0.3715,  0.252085
0.3720,  0.225014
0.3725,  0.203605
0.3730,  0.181294
0.3735,  0.153739
0.3740,  0.164232
0.3745,  0.167456
0.3750,  0.229904
0.3755,  0.279904
0.3760,  0.274662
0.3765,  0.262966
0.3770,  0.300329
0.3775,  0.328888
0.3780,  0.317083
0.3785,  0.316974
0.3790,  0.236558
0.3795,  0.151250
0.3800,  0.198511
0.3805,  0.248654
0.3810,  0.233576
0.3815,  0.230378
0.3820,  0.167835
0.3825,  0.087539
0.3830,  0.076060
0.3835,  0.044725
0.3840,  0.176207
0.3845,  0.280207
0.3850,  0.288401
0.3855,  0.290605
0.3860,  0.273080
0.3865,  0.261718
0.3870,  0.254261
0.3875,  0.246904
0.3880,  0.229641
0.3885,  0.204966
0.3890,  0.248098
0.3895,  0.284093
0.3900,  0.279357
0.3905,  0.273510
0.3910,  0.284327
0.3915,  0.312724
0.3920,  0.239331
0.3925,  0.169861
0.3930,  0.039967
0.3935,  -0.159520
0.3940,  0.080056
0.3945,  0.243497
0.3950,  0.324984
0.3955,  0.407752
0.3960,  0.277422
0.3965,  0.106959
0.3970,  0.119684
0.3975,  0.110346
0.3980,  0.255077
0.3985,  0.349652
0.3990,  0.327185
0.3995,  0.316899
0.4000,  0.285409
0.4005,  0.255523
0.4010,  0.239553
0.4015,  0.230249
0.4020,  0.216424
0.4025,  0.210357
0.4030,  0.191530
0.4035,  0.172252
0.4040,  0.168571
0.4045,  0.168836
0.4050,  0.170173
0.4055,  0.171679
0.4060,  0.158947
0.4065,  0.148235
0.4070,  0.160582
0.4075,  0.168396
0.4080,  0.190229
0.4085,  0.213367
0.4090,  0.209374
0.4095,  0.204412
0.4100,  0.162979
0.4105,  0.115609
0.4110,  0.168062
0.4115,  0.216467
0.4120,  0.203367
0.4125,  0.190152
0.4130,  0.180565
0.4135,  0.174240
0.4140,  0.170844
0.4145,  0.163266
0.4150,  0.158456
0.4155,  0.155872
0.4160,  0.177090
0.4165,  0.199247
0.4170,  0.167117
0.4175,  0.130013
0.4180,  0.136940
0.4185,  0.145308
0.4190,  0.154562
0.4195,  0.156152
0.4200,  0.167879
0.4205,  0.179512
0.4210,  0.185504
0.4215,  0.193387
0.4220,  0.153345
0.4225,  0.112205
0.4230,  0.141569
0.4235,  0.171759
0.4240,  0.186263
0.4245,  0.199657
0.4250,  0.185724
0.4255,  0.171918
0.4260,  0.172365
0.4265,  0.176657
0.4270,  0.150320
0.4275,  0.127418
0.4280,  0.140308
0.4285,  0.156669
0.4290,  0.150037
0.4295,  0.144065
0.4300,  0.076519
0.4305,  -0.013916
0.4310,  0.144505
0.4315,  0.260368
0.4320,  0.232649
0.4325,  0.199937
0.4330,  0.201778
0.4335,  0.206257
0.4340,  0.185278
0.4345,  0.166195
0.4350,  0.168224
0.4355,  0.163976
0.4360,  0.193655
0.4365,  0.224191
0.4370,  0.198115
0.4375,  0.177720
0.4380,  0.136211
0.4385,  0.087184
0.4390,  0.142901
0.4395,  0.194297
0.4400,  0.171836
0.4405,  0.142731
0.4410,  0.177233
0.4415,  0.206931
0.4420,  0.202603
0.4425,  0.198992
0.4430,  0.177185
0.4435,  0.160131
0.4440,  0.171151
0.4445,  0.183777
0.4450,  0.157057
0.4455,  0.128179
0.4460,  0.142341
0.4465,  0.153923
0.4470,  0.180336
0.4475,  0.204634
0.4480,  0.179197
0.4485,  0.154324
0.4490,  0.155370
0.4495,  0.157771
0.4500,  0.172078
0.4505,  0.187770
0.4510,  0.181524
0.4515,  0.175655
0.4520,  0.150329
0.4525,  0.125423
0.4530,  0.135509
0.4535,  0.144219
0.4540,  0.151054
0.4545,  0.156479
0.4550,  0.164805
0.4555,  0.172325
0.4560,  0.172488
0.4565,  0.176839
0.4570,  0.177996
0.4575,  0.181676
0.4580,  0.161036
0.4585,  0.138647
0.4590,  0.147030
0.4595,  0.154745
0.4600,  0.159344
0.4605,  0.161292
0.4610,  0.160415
0.4615,  0.158138
0.4620,  0.162220
0.4625,  0.168220
0.4630,  0.156963
0.4635,  0.150434
0.4640,  0.145338
0.4645,  0.138321
0.4650,  0.157395
0.4655,  0.177597
0.4660,  0.160337
0.4665,  0.140471
0.4670,  0.158901
0.4675,  0.175824
0.4680,  0.171617
0.4685,  0.168544
0.4690,  0.167745
0.4695,  0.171925
0.4700,  0.152984
0.4705,  0.131754
0.4710,  0.156506
0.4715,  0.182991
0.4720,  0.183106
0.4725,  0.183768
0.4730,  0.175095
0.4735,  0.163082
0.4740,  0.169252
0.4745,  0.178247
0.4750,  0.173410
0.4755,  0.169171
0.4760,  0.158524
0.4765,  0.146650
0.4770,  0.166451
0.4775,  0.184462
0.4780,  0.169750
0.4785,  0.156144
0.4790,  0.166951
0.4795,  0.176244
0.4800,  0.166452
0.4805,  0.159212
0.4810,  0.168007
0.4815,  0.176905
0.4820,  0.166217
0.4825,  0.158139
0.4830,  0.158553
0.4835,  0.161955
0.4840,  0.161288
0.4845,  0.165609
0.4850,  0.155232
0.4855,  0.146243
0.4860,  0.119647
0.4865,  0.081893
0.4870,  0.125737
0.4875,  0.163050
0.4880,  0.171090
0.4885,  0.177154
0.4890,  0.175628
0.4895,  0.175415
0.4900,  0.177355
0.4905,  0.182668
0.4910,  0.162718
0.4915,  0.145072
0.4920,  0.146326
0.4925,  0.144807
0.4930,  0.140541
0.4935,  0.133664
0.4940,  0.159568
0.4945,  0.185448
0.4950,  0.157210
0.4955,  0.130480
0.4960,  0.146550
0.4965,  0.164101
0.4970,  0.166356
0.4975,  0.170886
0.4980,  0.146229
0.4985,  0.119160
0.4990,  0.141743
0.4995,  0.163918
0.5000,  0.147483
0.5005,  0.129681
0.5010,  0.124353
0.5015,  0.117231
0.5020,  0.133542
0.5025,  0.148741
0.5030,  0.154695
0.5035,  0.161216
0.5040,  0.148968
0.5045,  0.132063
0.5050,  0.148895
0.5055,  0.165621
0.5060,  0.156244
0.5065,  0.150875
0.5070,  0.143437
0.5075,  0.135973
0.5080,  0.139760
0.5085,  0.141729
0.5090,  0.140127
0.5095,  0.137516
0.5100,  0.140500
0.5105,  0.143901
0.5110,  0.152468
0.5115,  0.160977
0.5120,  0.138850
0.5125,  0.118812
0.5130,  0.122745
0.5135,  0.124894
0.5140,  0.131408
0.5145,  0.134968
0.5150,  0.142658
0.5155,  0.155487
0.5160,  0.124814
0.5165,  0.091634
0.5170,  0.115253
0.5175,  0.134033
0.5180,  0.118784
0.5185,  0.096619
0.5190,  0.125406
0.5195,  0.152433
0.5200,  0.143502
0.5205,  0.136049
0.5210,  0.144426
0.5215,  0.154733
0.5220,  0.137501
0.5225,  0.119915
0.5230,  0.129908
0.5235,  0.136983
0.5240,  0.144554
0.5245,  0.154549
0.5250,  0.151980
0.5255,  0.153165
0.5260,  0.113385
0.5265,  0.069049
0.5270,  0.104298
0.5275,  0.131115
0.5280,  0.136586
0.5285,  0.141073
0.5290,  0.138795
0.5295,  0.135793
0.5300,  0.137054
0.5305,  0.138955
0.5310,  0.140524
0.5315,  0.147419
0.5320,  0.117148
0.5325,  0.083840
0.5330,  0.117471
0.5335,  0.147888
0.5340,  0.132056
0.5345,  0.114725
0.5350,  0.135396
0.5355,  0.157562
0.5360,  0.136580
0.5365,  0.116478
0.5370,  0.119805
0.5375,  0.122910
0.5380,  0.129950
0.5385,  0.138064
0.5390,  0.128983
0.5395,  0.121319
0.5400,  0.112554
0.5405,  0.101596
0.5410,  0.123411
0.5415,  0.143606
0.5420,  0.130674
0.5425,  0.118083
0.5430,  0.126771
0.5435,  0.134273
0.5440,  0.131963
0.5445,  0.131565
0.5450,  0.136626
0.5455,  0.140900
0.5460,  0.137793
0.5465,  0.135646
0.5470,  0.129164
0.5475,  0.120217
0.5480,  0.124922
0.5485,  0.129473
0.5490,  0.135617
0.5495,  0.141982
0.5500,  0.135557
0.5505,  0.129972
0.5510,  0.131937
0.5515,  0.133680
0.5520,  0.128369
0.5525,  0.122809
0.5530,  0.128832
0.5535,  0.135982
0.5540,  0.136883
0.5545,  0.137672
0.5550,  0.139057
0.5555,  0.142716
0.5560,  0.133095
0.5565,  0.123972
0.5570,  0.133148
0.5575,  0.141757
0.5580,  0.133769
0.5585,  0.125047
0.5590,  0.129826
0.5595,  0.132791
0.5600,  0.136109
0.5605,  0.139076
0.5610,  0.135051
0.5615,  0.130070
0.5620,  0.132304
0.5625,  0.137141
0.5630,  0.140518
0.5635,  0.144658
0.5640,  0.146694
0.5645,  0.148575
0.5650,  0.140863
0.5655,  0.131318
0.5660,  0.136414
0.5665,  0.140349
0.5670,  0.149827
0.5675,  0.159577
0.5680,  0.146081
0.5685,  0.133826
0.5690,  0.146514
0.5695,  0.159245
0.5700,  0.143723
0.5705,  0.125315
0.5710,  0.132764
0.5715,  0.137747
0.5720,  0.146249
0.5725,  0.155030
0.5730,  0.149756
0.5735,  0.147295
0.5740,  0.146931
0.5745,  0.147001
0.5750,  0.141143
0.5755,  0.133739
0.5760,  0.136452
0.5765,  0.140678
0.5770,  0.144685
0.5775,  0.148195
0.5780,  0.134633
0.5785,  0.119458
0.5790,  0.126967
0.5795,  0.133061
0.5800,  0.132106
0.5805,  0.131676
0.5810,  0.131850
0.5815,  0.134652
0.5820,  0.138142
0.5825,  0.139951
0.5830,  0.136375
0.5835,  0.134283
0.5840,  0.136566
0.5845,  0.141919
0.5850,  0.132085
0.5855,  0.120434
0.5860,  0.132857
0.5865,  0.144948
0.5870,  0.153869
0.5875,  0.168574
0.5880,  0.163145
0.5885,  0.156395
0.5890,  0.135056
0.5895,  0.105529
0.5900,  0.146707
0.5905,  0.184394
0.5910,  0.174900
0.5915,  0.164532
0.5920,  0.162618
0.5925,  0.161811
0.5930,  0.157046
0.5935,  0.157652
0.5940,  0.156443
0.5945,  0.154645
0.5950,  0.158595
0.5955,  0.158647
0.5960,  0.159638
0.5965,  0.162035
0.5970,  0.155056
0.5975,  0.148612
0.5980,  0.141981
0.5985,  0.138359
0.5990,  0.146020
0.5995,  0.152777
0.6000,  0.149694
0.6005,  0.145582
0.6010,  0.146885
0.6015,  0.144823
0.6020,  0.133946
0.6025,  0.124160
0.6030,  0.136350
0.6035,  0.149731
0.6040,  0.148567
0.6045,  0.149196
0.6050,  0.147614
0.6055,  0.145065
0.6060,  0.144124
0.6065,  0.144479
0.6070,  0.144002
0.6075,  0.144879
0.6080,  0.146296
0.6085,  0.147496
0.6090,  0.153421
0.6095,  0.155455
0.6100,  0.147037
0.6105,  0.136483
0.6110,  0.144513
0.6115,  0.154613
0.6120,  0.149816
0.6125,  0.144877
0.6130,  0.144310
0.6135,  0.143324
0.6140,  0.151205
0.6145,  0.158444
0.6150,  0.161351
0.6155,  0.163736
0.6160,  0.141666
0.6165,  0.115878
0.6170,  0.133339
0.6175,  0.152530
0.6180,  0.157885
0.6185,  0.162932
0.6190,  0.162567
0.6195,  0.157421
0.6200,  0.161006
0.6205,  0.165823
0.6210,  0.157567
0.6215,  0.150895
0.6220,  0.158435
0.6225,  0.165595
0.6230,  0.159025
0.6235,  0.156339
0.6240,  0.162318
0.6245,  0.163916
0.6250,  0.160873
0.6255,  0.154006
0.6260,  0.164017
0.6265,  0.176193
0.6270,  0.176194
0.6275,  0.176980
0.6280,  0.179525
0.6285,  0.184822
0.6290,  0.186822
0.6295,  0.185871
0.6300,  0.181397
0.6305,  0.174266
0.6310,  0.167220
0.6315,  0.165506
0.6320,  0.163009
0.6325,  0.162660
0.6330,  0.165113
0.6335,  0.166803
0.6340,  0.168127
0.6345,  0.172270
0.6350,  0.176368
0.6355,  0.176565
0.6360,  0.173682
0.6365,  0.168547
0.6370,  0.164540
0.6375,  0.161351
0.6380,  0.160709
0.6385,  0.163759
0.6390,  0.167007
0.6395,  0.166244
0.6400,  0.167690
0.6405,  0.165790
0.6410,  0.162386
0.6415,  0.162146
0.6420,  0.160736
0.6425,  0.159579
0.6430,  0.157385
0.6435,  0.158024
0.6440,  0.160314
0.6445,  0.165746
0.6450,  0.172138
0.6455,  0.176063
0.6460,  0.178266
0.6465,  0.178016
0.6470,  0.178145
0.6475,  0.178137
0.6480,  0.175747
0.6485,  0.171721
0.6490,  0.167400
0.6495,  0.171925
0.6500,  0.175128
0.6505,  0.178860
0.6510,  0.184598
0.6515,  0.184340
0.6520,  0.181335
0.6525,  0.179799
0.6530,  0.177819
0.6535,  0.171330
0.6540,  0.172317
0.6545,  0.180921
0.6550,  0.192514
0.6555,  0.191737
0.6560,  0.178757
0.6565,  0.154621
0.6570,  0.122402
0.6575,  0.128926
0.6580,  0.139982
0.6585,  0.153060
0.6590,  0.166310
0.6595,  0.162022
0.6600,  0.156908
0.6605,  0.155676
0.6610,  0.157018
0.6615,  0.155314
0.6620,  0.155173
0.6625,  0.154276
0.6630,  0.154572
0.6635,  0.153710
0.6640,  0.152474
0.6645,  0.152746
0.6650,  0.152767
0.6655,  0.150822
0.6660,  0.148866
0.6665,  0.148535
0.6670,  0.144670
0.6675,  0.148044
0.6680,  0.149842
0.6685,  0.152585
0.6690,  0.152486
0.6695,  0.149178
0.6700,  0.147811
0.6705,  0.149091
0.6710,  0.150128
0.6715,  0.154505
0.6720,  0.156639
0.6725,  0.156259
0.6730,  0.153633
0.6735,  0.151107
0.6740,  0.150885
0.6745,  0.151046
0.6750,  0.149730
0.6755,  0.150128
0.6760,  0.151941
0.6765,  0.155311
0.6770,  0.157529
0.6775,  0.154576
0.6780,  0.152855
0.6785,  0.151778
0.6790,  0.150894
0.6795,  0.152434
0.6800,  0.156261
0.6805,  0.162278
0.6810,  0.164177
0.6815,  0.163184
0.6820,  0.162452
0.6825,  0.164907
0.6830,  0.169729
0.6835,  0.171295
0.6840,  0.168739
0.6845,  0.168272
0.6850,  0.174502
0.6855,  0.196660
0.6860,  0.225738
0.6865,  0.254566
0.6870,  0.273650
0.6875,  0.277802
0.6880,  0.274870
0.6885,  0.271162
0.6890,  0.266822
0.6895,  0.262456
0.6900,  0.257127
0.6905,  0.250506
0.6910,  0.246518
0.6915,  0.241049
0.6920,  0.240672
0.6925,  0.239895
0.6930,  0.241164
0.6935,  0.238313
0.6940,  0.236010
0.6945,  0.232046
0.6950,  0.230334
0.6955,  0.221893
0.6960,  0.214497
0.6965,  0.208353
0.6970,  0.202935
0.6975,  0.206201
0.6980,  0.218415
0.6985,  0.225669
0.6990,  0.228660
0.6995,  0.228353
0.7000,  0.227210
0.7005,  0.225960
0.7010,  0.221636
0.7015,  0.225136
0.7020,  0.227005
0.7025,  0.225315
0.7030,  0.221264
0.7035,  0.222172
0.7040,  0.221368
0.7045,  0.220836
0.7050,  0.222726
0.7055,  0.220763
0.7060,  0.219764
0.7065,  0.214730
0.7070,  0.209855
0.7075,  0.208959
0.7080,  0.211753
0.7085,  0.212616
0.7090,  0.214038
0.7095,  0.212987
0.7100,  0.209918
0.7105,  0.207704
0.7110,  0.210189
0.7115,  0.209457
0.7120,  0.209371
0.7125,  0.209943
0.7130,  0.208485
0.7135,  0.209971
0.7140,  0.212761
0.7145,  0.218820
0.7150,  0.230884
0.7155,  0.250113
0.7160,  0.284930
0.7165,  0.323834
0.7170,  0.360734
0.7175,  0.387477
0.7180,  0.409044
0.7185,  0.421582
0.7190,  0.422383
0.7195,  0.419849
0.7200,  0.400961
0.7205,  0.373160
0.7210,  0.345995
0.7215,  0.325343
0.7220,  0.327727
0.7225,  0.341497
0.7230,  0.359227
0.7235,  0.373338
0.7240,  0.380528
0.7245,  0.386042
0.7250,  0.387151
0.7255,  0.387974
0.7260,  0.390825
0.7265,  0.395593
0.7270,  0.394575
0.7275,  0.391228
0.7280,  0.388891
0.7285,  0.389775
0.7290,  0.385139
0.7295,  0.380036
0.7300,  0.375932
0.7305,  0.364830
0.7310,  0.355008
0.7315,  0.341247
0.7320,  0.325908
0.7325,  0.306684
0.7330,  0.288784
0.7335,  0.277750
0.7340,  0.273669
0.7345,  0.271092
0.7350,  0.269032
0.7355,  0.268691
0.7360,  0.265837
0.7365,  0.264111
0.7370,  0.257605
0.7375,  0.249878
0.7380,  0.248645
0.7385,  0.245789
0.7390,  0.239300
0.7395,  0.234744
0.7400,  0.229015
0.7405,  0.221848
0.7410,  0.220357
0.7415,  0.222454
0.7420,  0.223116
0.7425,  0.223830
0.7430,  0.225622
0.7435,  0.222786
0.7440,  0.222280
0.7445,  0.220969
0.7450,  0.217415
0.7455,  0.219443
0.7460,  0.217115
0.7465,  0.217182
0.7470,  0.217737
0.7475,  0.214414
0.7480,  0.219064
0.7485,  0.220021
0.7490,  0.216684
0.7495,  0.216683
0.7500,  0.219297
0.7505,  0.222631
0.7510,  0.225622
0.7515,  0.228088
0.7520,  0.227990
0.7525,  0.227808
0.7530,  0.225586
0.7535,  0.223970
0.7540,  0.222314
0.7545,  0.220901
0.7550,  0.222536
0.7555,  0.220381
0.7560,  0.217900
0.7565,  0.219125
0.7570,  0.225876
0.7575,  0.237124
0.7580,  0.272796
0.7585,  0.345466
0.7590,  0.460502
0.7595,  0.605675
0.7600,  0.746965
0.7605,  0.822461
0.7610,  0.824432
0.7615,  0.794361
0.7620,  0.773722
0.7625,  0.756403
0.7630,  0.751024
0.7635,  0.727626
0.7640,  0.679022
0.7645,  0.617808
0.7650,  0.556874
0.7655,  0.495621
0.7660,  0.433962
0.7665,  0.373685
0.7670,  0.326711
0.7675,  0.294750
0.7680,  0.281942
0.7685,  0.276495
0.7690,  0.274135
0.7695,  0.263959
0.7700,  0.255833
0.7705,  0.248213
0.7710,  0.242973
0.7715,  0.241516
0.7720,  0.238332
0.7725,  0.236174
0.7730,  0.238965
0.7735,  0.239558
0.7740,  0.238715
0.7745,  0.235746
0.7750,  0.233032
0.7755,  0.233189
0.7760,  0.231166
0.7765,  0.230608
0.7770,  0.235525
0.7775,  0.237238
0.7780,  0.238475
0.7785,  0.239764
0.7790,  0.232309
0.7795,  0.235243
0.7800,  0.239214
0.7805,  0.243475
0.7810,  0.248646
0.7815,  0.243507
0.7820,  0.240002
0.7825,  0.240195
0.7830,  0.239087
0.7835,  0.240302
0.7840,  0.237368
0.7845,  0.236336
0.7850,  0.244768
0.7855,  0.255519
0.7860,  0.268274
0.7865,  0.277867
0.7870,  0.274102
0.7875,  0.264797
0.7880,  0.254317
0.7885,  0.263944
0.7890,  0.271511
0.7895,  0.279752
0.7900,  0.277632
0.7905,  0.276178
0.7910,  0.279967
0.7915,  0.282856
0.7920,  0.287580
0.7925,  0.289503
0.7930,  0.288237
0.7935,  0.284765
0.7940,  0.279459
0.7945,  0.275871
0.7950,  0.282539
0.7955,  0.283859
0.7960,  0.281913
0.7965,  0.276592
0.7970,  0.270443
0.7975,  0.272055
0.7980,  0.273583
0.7985,  0.283671
0.7990,  0.294678
0.7995,  0.299149
0.8000,  0.302773
0.8005,  0.299929
0.8010,  0.294035
0.8015,  0.288893
0.8020,  0.298138
0.8025,  0.308748
0.8030,  0.315398
0.8035,  0.315882
0.8040,  0.307947
0.8045,  0.294924
0.8050,  0.281780
0.8055,  0.277381
0.8060,  0.273089
0.8065,  0.274044
0.8070,  0.279532
0.8075,  0.282385
0.8080,  0.283928
0.8085,  0.295958
0.8090,  0.304784
0.8095,  0.315226
0.8100,  0.319113
0.8105,  0.331431
0.8110,  0.347991
0.8115,  0.357032
0.8120,  0.367575
0.8125,  0.381532
0.8130,  0.402256
0.8135,  0.431851
0.8140,  0.460931
0.8145,  0.488635
0.8150,  0.516759
0.8155,  0.538436
0.8160,  0.564300
0.8165,  0.581363
0.8170,  0.582418
0.8175,  0.556779
0.8180,  0.526144
0.8185,  0.507825
0.8190,  0.497532
0.8195,  0.487520
0.8200,  0.477019
0.8205,  0.457612
0.8210,  0.458685
0.8215,  0.477816
0.8220,  0.510190
0.8225,  0.537081
0.8230,  0.528930
0.8235,  0.496656
0.8240,  0.462185
0.8245,  0.437240
0.8250,  0.426390
0.8255,  0.418138
0.8260,  0.423869
0.8265,  0.429683
0.8270,  0.444424
0.8275,  0.461619
0.8280,  0.471170
0.8285,  0.462377
0.8290,  0.462542
0.8295,  0.448919
0.8300,  0.437792
0.8305,  0.428820
0.8310,  0.433134
0.8315,  0.427501
0.8320,  0.425683
0.8325,  0.438791
0.8330,  0.445720
0.8335,  0.432396
0.8340,  0.406895
0.8345,  0.395799
0.8350,  0.377314
0.8355,  0.372023
0.8360,  0.380086
0.8365,  0.381301
0.8370,  0.377813
0.8375,  0.369591
0.8380,  0.364452
0.8385,  0.358854
0.8390,  0.350226
0.8395,  0.338400
0.8400,  0.329817
0.8405,  0.328584
0.8410,  0.335396
0.8415,  0.342841
0.8420,  0.334085
0.8425,  0.333146
0.8430,  0.343276
0.8435,  0.336750
0.8440,  0.325298
0.8445,  0.324045
0.8450,  0.322855
0.8455,  0.326192
0.8460,  0.331471
0.8465,  0.332313
0.8470,  0.326995
0.8475,  0.326366
0.8480,  0.325607
0.8485,  0.333586
0.8490,  0.332813
0.8495,  0.328628
0.8500,  0.327032
0.8505,  0.348033
0.8510,  0.344189
0.8515,  0.350433
0.8520,  0.367700
0.8525,  0.373138
0.8530,  0.383040
0.8535,  0.382542
0.8540,  0.369497
0.8545,  0.374142
0.8550,  0.351475
0.8555,  0.339348
0.8560,  0.324338
0.8565,  0.311245
0.8570,  0.317051
0.8575,  0.335505
0.8580,  0.346961
0.8585,  0.350586
0.8590,  0.351170
0.8595,  0.354453
0.8600,  0.351997
0.8605,  0.356051
0.8610,  0.354979
0.8615,  0.359042
0.8620,  0.357237
0.8625,  0.348168
0.8630,  0.347840
0.8635,  0.356361
0.8640,  0.372832
0.8645,  0.364172
0.8650,  0.371100
0.8655,  0.382670
0.8660,  0.372355
0.8665,  0.370478
0.8670,  0.371457
0.8675,  0.375609
0.8680,  0.393368
0.8685,  0.405110
0.8690,  0.415665
0.8695,  0.434266
0.8700,  0.429803
0.8705,  0.415367
0.8710,  0.389287
0.8715,  0.363344
0.8720,  0.360311
0.8725,  0.367427
0.8730,  0.374984
0.8735,  0.377214
0.8740,  0.401149
0.8745,  0.412992
0.8750,  0.424313
0.8755,  0.420452
0.8760,  0.414242
0.8765,  0.415127
0.8770,  0.411406
0.8775,  0.420877
0.8780,  0.428921
0.8785,  0.420929
0.8790,  0.422408
0.8795,  0.427870
0.8800,  0.429455
0.8805,  0.425390
0.8810,  0.415578
0.8815,  0.426143
0.8820,  0.418407
0.8825,  0.421902
0.8830,  0.433101
0.8835,  0.436294
0.8840,  0.446106
0.8845,  0.481036
0.8850,  0.484330
0.8855,  0.501906
0.8860,  0.504496
0.8865,  0.484468
0.8870,  0.452909
0.8875,  0.447436
0.8880,  0.432537
0.8885,  0.426172
0.8890,  0.424084
0.8895,  0.438918
0.8900,  0.435011
