0.3500,  0.197009
0.3505,  0.265202
0.3510,  0.240776
0.3515,  0.206097
0.3520,  0.163398
0.3525,  0.117180
0.3530,  0.164171
0.3535,  0.200187
0.3540,  0.223318
0.3545,  0.253509
0.3550,  0.224164
0.3555,  0.203977
0.3560,  0.164467
0.3565,  0.132732
0.3570,  0.097650
0.3575,  0.051457
0.3580,  0.001610
0.3585,  -0.058424
0.3590,  0.114317
0.3595,  0.256625
0.3600,  0.242085
0.3605,  0.228780
0.3610,  0.176147
0.3615,  0.117148
0.3620,  0.165744
0.3625,  0.212262
0.3630,  0.196666
0.3635,  0.177758
0.3640,  0.167215
0.3645,  0.155547
0.3650,  0.194395
0.3655,  0.232228
0.3660,  0.249953
0.3665,  0.267680
0.3670,  0.239499
0.3675,  0.214308
0.3680,  0.180312
0.3685,  0.144029
0.3690,  0.187296
0.3695,  0.228046
0.3700,  0.193398
0.3705,  0.158916
0.3710,  0.178782
0.3715,  0.206587
0.3720,  0.179271
0.3725,  0.150625
0.3730,  0.116056
0.3735,  0.075452
0.3740,  0.083532
0.3745,  0.082316
0.3750,  0.159267
0.3755,  0.221977
0.3760,  0.209841
0.3765,  0.186353
0.3770,  0.227463
0.3775,  0.273124
0.3780,  0.272404
0.3785,  0.278588
0.3790,  0.184369
0.3795,  0.082617
0.3800,  0.145212
0.3805,  0.211190
0.3810,  0.187701
0.3815,  0.174493
0.3820,  0.093746
0.3825,  -0.009562
0.3830,  -0.038091
0.3835,  -0.089390
0.3840,  0.072892
0.3845,  0.196314
0.3850,  0.200118
0.3855,  0.208164
0.3860,  0.191434
0.3865,  0.178975
0.3870,  0.175272
0.3875,  0.171363
0.3880,  0.155735
0.3885,  0.132259
0.3890,  0.192707
0.3895,  0.238869
0.3900,  0.235570
0.3905,  0.234932
0.3910,  0.252587
0.3915,  0.288759
0.3920,  0.196927
0.3925,  0.100910
0.3930,  -0.077688
0.3935,  -0.338935
0.3940,  -0.046437
0.3945,  0.160592
0.3950,  0.267080
0.3955,  0.372581
0.3960,  0.209899
0.3965,  -0.001613
0.3970,  0.016209
0.3975,  0.006432
0.3980,  0.191613
0.3985,  0.318886
0.3990,  0.299665
0.3995,  0.293182
0.4000,  0.260719
0.4005,  0.233263
0.4010,  0.225823
0.4015,  0.223613
0.4020,  0.211735
0.4025,  0.206434
0.4030,  0.183845
0.4035,  0.163950
0.4040,  0.161823
0.4045,  0.162195
0.4050,  0.162180
0.4055,  0.161649
0.4060,  0.145190
0.4065,  0.127206
0.4070,  0.136920
0.4075,  0.142924
0.4080,  0.168843
0.4085,  0.196751
0.4090,  0.193900
0.4095,  0.194921
0.4100,  0.152120
0.4105,  0.095795
0.4110,  0.162815
0.4115,  0.222554
0.4120,  0.204109
0.4125,  0.185706
0.4130,  0.168324
0.4135,  0.154882
0.4140,  0.148525
0.4145,  0.140837
0.4150,  0.135375
0.4155,  0.130732
0.4160,  0.154856
0.4165,  0.184796
0.4170,  0.147723
0.4175,  0.104218
0.4180,  0.109880
0.4185,  0.118204
0.4190,  0.126582
0.4195,  0.129979
0.4200,  0.144755
0.4205,  0.154803
0.4210,  0.159515
0.4215,  0.169271
0.4220,  0.120542
0.4225,  0.069500
0.4230,  0.109740
0.4235,  0.147828
0.4240,  0.160865
0.4245,  0.175583
0.4250,  0.155844
0.4255,  0.136844
0.4260,  0.143383
0.4265,  0.154399
0.4270,  0.123513
0.4275,  0.090353
0.4280,  0.104598
0.4285,  0.120852
0.4290,  0.111973
0.4295,  0.107876
0.4300,  0.025556
0.4305,  -0.091034
0.4310,  0.099253
0.4315,  0.242075
0.4320,  0.205570
0.4325,  0.170726
0.4330,  0.177878
0.4335,  0.184494
0.4340,  0.156749
0.4345,  0.129915
0.4350,  0.128609
0.4355,  0.126406
0.4360,  0.165381
0.4365,  0.207271
0.4370,  0.176590
0.4375,  0.154239
0.4380,  0.105950
0.4385,  0.046520
0.4390,  0.116115
0.4395,  0.175825
0.4400,  0.140855
0.4405,  0.103425
0.4410,  0.146685
0.4415,  0.182555
0.4420,  0.180615
0.4425,  0.180831
0.4430,  0.155473
0.4435,  0.136328
0.4440,  0.152375
0.4445,  0.168398
0.4450,  0.134991
0.4455,  0.097733
0.4460,  0.114125
0.4465,  0.125780
0.4470,  0.160792
0.4475,  0.193496
0.4480,  0.164523
0.4485,  0.132788
0.4490,  0.137669
0.4495,  0.139465
0.4500,  0.155711
0.4505,  0.173515
0.4510,  0.165894
0.4515,  0.161143
0.4520,  0.133159
0.4525,  0.104508
0.4530,  0.113550
0.4535,  0.123363
0.4540,  0.131129
0.4545,  0.135136
0.4550,  0.143397
0.4555,  0.148876
0.4560,  0.148427
0.4565,  0.151713
0.4570,  0.153503
0.4575,  0.160292
0.4580,  0.136201
0.4585,  0.114083
0.4590,  0.125767
0.4595,  0.132361
0.4600,  0.136403
0.4605,  0.140575
0.4610,  0.140156
0.4615,  0.137982
0.4620,  0.144896
0.4625,  0.153716
0.4630,  0.139501
0.4635,  0.129804
0.4640,  0.122969
0.4645,  0.116548
0.4650,  0.138675
0.4655,  0.159135
0.4660,  0.135987
0.4665,  0.112482
0.4670,  0.136837
0.4675,  0.155696
0.4680,  0.149696
0.4685,  0.148437
0.4690,  0.151810
0.4695,  0.157161
0.4700,  0.135000
0.4705,  0.107154
0.4710,  0.135987
0.4715,  0.165218
0.4720,  0.164427
0.4725,  0.168313
0.4730,  0.160337
0.4735,  0.149016
0.4740,  0.158262
0.4745,  0.170446
0.4750,  0.165030
0.4755,  0.158686
0.4760,  0.143455
0.4765,  0.127630
0.4770,  0.152114
0.4775,  0.174384
0.4780,  0.154542
0.4785,  0.138199
0.4790,  0.154637
0.4795,  0.169536
0.4800,  0.159174
0.4805,  0.150007
0.4810,  0.162729
0.4815,  0.172062
0.4820,  0.157263
0.4825,  0.148098
0.4830,  0.153726
0.4835,  0.159064
0.4840,  0.157775
0.4845,  0.162957
0.4850,  0.151824
0.4855,  0.140108
0.4860,  0.105712
0.4865,  0.056742
0.4870,  0.110081
0.4875,  0.154163
0.4880,  0.164260
0.4885,  0.172573
0.4890,  0.172407
0.4895,  0.172941
0.4900,  0.174578
0.4905,  0.183141
0.4910,  0.161195
0.4915,  0.139610
0.4920,  0.141367
0.4925,  0.140152
0.4930,  0.134692
0.4935,  0.125979
0.4940,  0.157898
0.4945,  0.190844
0.4950,  0.159900
0.4955,  0.129413
0.4960,  0.150067
0.4965,  0.171680
0.4970,  0.175914
0.4975,  0.181281
0.4980,  0.148551
0.4985,  0.113324
0.4990,  0.141712
0.4995,  0.171313
0.5000,  0.152483
0.5005,  0.132452
0.5010,  0.126864
0.5015,  0.115042
0.5020,  0.133031
0.5025,  0.150791
0.5030,  0.159014
0.5035,  0.164995
0.5040,  0.147317
0.5045,  0.125799
0.5050,  0.147126
0.5055,  0.171063
0.5060,  0.162676
0.5065,  0.155797
0.5070,  0.146406
0.5075,  0.136711
0.5080,  0.139723
0.5085,  0.140239
0.5090,  0.137930
0.5095,  0.135756
0.5100,  0.141327
0.5105,  0.147115
0.5110,  0.158671
0.5115,  0.171507
0.5120,  0.145603
0.5125,  0.120981
0.5130,  0.125474
0.5135,  0.128080
0.5140,  0.134281
0.5145,  0.140081
0.5150,  0.150438
0.5155,  0.169785
0.5160,  0.132981
0.5165,  0.090703
0.5170,  0.117662
0.5175,  0.137317
0.5180,  0.115027
0.5185,  0.085976
0.5190,  0.119808
0.5195,  0.152533
0.5200,  0.142843
0.5205,  0.134648
0.5210,  0.146741
0.5215,  0.161568
0.5220,  0.139670
0.5225,  0.116807
0.5230,  0.130028
0.5235,  0.140532
0.5240,  0.150825
0.5245,  0.164900
0.5250,  0.163574
0.5255,  0.166417
0.5260,  0.116627
0.5265,  0.058679
0.5270,  0.099630
0.5275,  0.131030
0.5280,  0.136831
0.5285,  0.142922
0.5290,  0.140125
0.5295,  0.139096
0.5300,  0.142882
0.5305,  0.147400
0.5310,  0.149761
0.5315,  0.159088
0.5320,  0.121399
0.5325,  0.078394
0.5330,  0.118070
0.5335,  0.153496
0.5340,  0.134163
0.5345,  0.113057
0.5350,  0.139460
0.5355,  0.168432
0.5360,  0.143549
0.5365,  0.118769
0.5370,  0.123781
0.5375,  0.127513
0.5380,  0.135574
0.5385,  0.145600
0.5390,  0.135250
0.5395,  0.124417
0.5400,  0.112384
0.5405,  0.097955
0.5410,  0.123358
0.5415,  0.146237
0.5420,  0.130421
0.5425,  0.116409
0.5430,  0.128991
0.5435,  0.139321
0.5440,  0.136990
0.5445,  0.136011
0.5450,  0.141810
0.5455,  0.146619
0.5460,  0.144085
0.5465,  0.141269
0.5470,  0.132256
0.5475,  0.120399
0.5480,  0.126281
0.5485,  0.130635
0.5490,  0.136441
0.5495,  0.143654
0.5500,  0.136107
0.5505,  0.128844
0.5510,  0.131411
0.5515,  0.135187
0.5520,  0.132003
0.5525,  0.126090
0.5530,  0.133217
0.5535,  0.140009
0.5540,  0.142306
0.5545,  0.145670
0.5550,  0.148702
0.5555,  0.152639
0.5560,  0.138022
0.5565,  0.123817
0.5570,  0.133855
0.5575,  0.144517
0.5580,  0.135229
0.5585,  0.123296
0.5590,  0.128892
0.5595,  0.132750
0.5600,  0.138135
0.5605,  0.142901
0.5610,  0.136556
0.5615,  0.129932
0.5620,  0.134676
0.5625,  0.141313
0.5630,  0.146418
0.5635,  0.152429
0.5640,  0.154430
0.5645,  0.156898
0.5650,  0.147350
0.5655,  0.133523
0.5660,  0.139369
0.5665,  0.143979
0.5670,  0.155212
0.5675,  0.170464
0.5680,  0.154420
0.5685,  0.137861
0.5690,  0.153630
0.5695,  0.169376
0.5700,  0.149431
0.5705,  0.126189
0.5710,  0.135785
0.5715,  0.140827
0.5720,  0.149193
0.5725,  0.159955
0.5730,  0.154130
0.5735,  0.151294
0.5740,  0.151467
0.5745,  0.151318
0.5750,  0.144459
0.5755,  0.135710
0.5760,  0.138236
0.5765,  0.141838
0.5770,  0.146652
0.5775,  0.151720
0.5780,  0.134386
0.5785,  0.115585
0.5790,  0.124871
0.5795,  0.133254
0.5800,  0.133493
0.5805,  0.134855
0.5810,  0.135839
0.5815,  0.135995
0.5820,  0.137294
0.5825,  0.139902
0.5830,  0.135877
0.5835,  0.134352
0.5840,  0.137478
0.5845,  0.142065
0.5850,  0.128441
0.5855,  0.113098
0.5860,  0.128699
0.5865,  0.144938
0.5870,  0.157249
0.5875,  0.175534
0.5880,  0.167944
0.5885,  0.155270
0.5890,  0.123656
0.5895,  0.084441
0.5900,  0.136052
0.5905,  0.182857
0.5910,  0.170954
0.5915,  0.158371
0.5920,  0.156867
0.5925,  0.158356
0.5930,  0.154089
0.5935,  0.155167
0.5940,  0.151626
0.5945,  0.147987
0.5950,  0.151164
0.5955,  0.152537
0.5960,  0.156753
0.5965,  0.162660
0.5970,  0.156392
0.5975,  0.149085
0.5980,  0.140525
0.5985,  0.133650
0.5990,  0.141059
0.5995,  0.150849
0.6000,  0.149113
0.6005,  0.146791
0.6010,  0.149099
0.6015,  0.146767
0.6020,  0.131662
0.6025,  0.116669
0.6030,  0.128674
0.6035,  0.144103
0.6040,  0.143387
0.6045,  0.144113
0.6050,  0.144401
0.6055,  0.141710
0.6060,  0.140842
0.6065,  0.139839
0.6070,  0.138290
0.6075,  0.137600
0.6080,  0.136875
0.6085,  0.138469
0.6090,  0.145419
0.6095,  0.148846
0.6100,  0.139929
0.6105,  0.128444
0.6110,  0.138627
0.6115,  0.149612
0.6120,  0.140082
0.6125,  0.130359
0.6130,  0.127240
0.6135,  0.124564
0.6140,  0.135643
0.6145,  0.150622
0.6150,  0.156725
0.6155,  0.158923
0.6160,  0.129933
0.6165,  0.096357
0.6170,  0.118293
0.6175,  0.142187
0.6180,  0.148204
0.6185,  0.155565
0.6190,  0.153651
0.6195,  0.149390
0.6200,  0.156318
0.6205,  0.164887
0.6210,  0.155185
0.6215,  0.143620
0.6220,  0.150990
0.6225,  0.159902
0.6230,  0.149065
0.6235,  0.142698
0.6240,  0.147297
0.6245,  0.146386
0.6250,  0.140462
0.6255,  0.133507
0.6260,  0.152514
0.6265,  0.171602
0.6270,  0.173616
0.6275,  0.172108
0.6280,  0.171588
0.6285,  0.175435
0.6290,  0.175623
0.6295,  0.175382
0.6300,  0.172551
0.6305,  0.165862
0.6310,  0.156972
0.6315,  0.152723
0.6320,  0.146608
0.6325,  0.144267
0.6330,  0.145788
0.6335,  0.148320
0.6340,  0.151487
0.6345,  0.155155
0.6350,  0.157415
0.6355,  0.155900
0.6360,  0.155797
0.6365,  0.152664
0.6370,  0.145831
0.6375,  0.139883
0.6380,  0.139436
0.6385,  0.143162
0.6390,  0.146345
0.6395,  0.148494
0.6400,  0.149605
0.6405,  0.148075
0.6410,  0.142460
0.6415,  0.141313
0.6420,  0.137978
0.6425,  0.133187
0.6430,  0.129551
0.6435,  0.130189
0.6440,  0.135794
0.6445,  0.144036
0.6450,  0.152979
0.6455,  0.156337
0.6460,  0.159297
0.6465,  0.160320
0.6470,  0.158214
0.6475,  0.151903
0.6480,  0.147514
0.6485,  0.144181
0.6490,  0.138464
0.6495,  0.141927
0.6500,  0.146878
0.6505,  0.155262
0.6510,  0.163452
0.6515,  0.163348
0.6520,  0.160687
0.6525,  0.155196
0.6530,  0.153706
0.6535,  0.147446
0.6540,  0.147837
0.6545,  0.155923
0.6550,  0.167628
0.6555,  0.163194
0.6560,  0.144372
0.6565,  0.108334
0.6570,  0.068142
0.6575,  0.080468
0.6580,  0.097732
0.6585,  0.116571
0.6590,  0.135805
0.6595,  0.131259
0.6600,  0.126482
0.6605,  0.121970
0.6610,  0.118716
0.6615,  0.114864
0.6620,  0.113905
0.6625,  0.114714
0.6630,  0.116097
0.6635,  0.122097
0.6640,  0.124888
0.6645,  0.126172
0.6650,  0.126020
0.6655,  0.120972
0.6660,  0.113984
0.6665,  0.109914
0.6670,  0.104974
0.6675,  0.107213
0.6680,  0.107028
0.6685,  0.108834
0.6690,  0.111490
0.6695,  0.112040
0.6700,  0.115187
0.6705,  0.116040
0.6710,  0.114641
0.6715,  0.115868
0.6720,  0.114549
0.6725,  0.112148
0.6730,  0.108605
0.6735,  0.103438
0.6740,  0.102078
0.6745,  0.099567
0.6750,  0.099564
0.6755,  0.102843
0.6760,  0.109106
0.6765,  0.114101
0.6770,  0.115754
0.6775,  0.117245
0.6780,  0.119849
0.6785,  0.119954
0.6790,  0.117621
0.6795,  0.115004
0.6800,  0.111655
0.6805,  0.106987
0.6810,  0.105688
0.6815,  0.104650
0.6820,  0.106685
0.6825,  0.111466
0.6830,  0.116739
0.6835,  0.119039
0.6840,  0.122949
0.6845,  0.124393
0.6850,  0.129914
0.6855,  0.157765
0.6860,  0.193500
0.6865,  0.226461
0.6870,  0.243418
0.6875,  0.244519
0.6880,  0.245884
0.6885,  0.241265
0.6890,  0.235800
0.6895,  0.227230
0.6900,  0.216080
0.6905,  0.204177
0.6910,  0.196854
0.6915,  0.193148
0.6920,  0.189292
0.6925,  0.188494
0.6930,  0.190248
0.6935,  0.188411
0.6940,  0.184019
0.6945,  0.178729
0.6950,  0.172716
0.6955,  0.163036
0.6960,  0.153313
0.6965,  0.148422
0.6970,  0.149139
0.6975,  0.158265
0.6980,  0.165003
0.6985,  0.171769
0.6990,  0.178068
0.6995,  0.173581
0.7000,  0.162454
0.7005,  0.156716
0.7010,  0.156464
0.7015,  0.158959
0.7020,  0.161376
0.7025,  0.159390
0.7030,  0.156501
0.7035,  0.156669
0.7040,  0.154873
0.7045,  0.157654
0.7050,  0.161801
0.7055,  0.158540
0.7060,  0.154787
0.7065,  0.146335
0.7070,  0.142582
0.7075,  0.139790
0.7080,  0.139169
0.7085,  0.136120
0.7090,  0.130889
0.7095,  0.132842
0.7100,  0.137546
0.7105,  0.138368
0.7110,  0.140488
0.7115,  0.141074
0.7120,  0.141254
0.7125,  0.144466
0.7130,  0.141123
0.7135,  0.141711
0.7140,  0.148158
0.7145,  0.154251
0.7150,  0.165037
0.7155,  0.187147
0.7160,  0.220904
0.7165,  0.256423
0.7170,  0.291982
0.7175,  0.318781
0.7180,  0.338853
0.7185,  0.349297
0.7190,  0.351882
0.7195,  0.340407
0.7200,  0.314306
0.7205,  0.283441
0.7210,  0.258764
0.7215,  0.244824
0.7220,  0.249871
0.7225,  0.265716
0.7230,  0.286958
0.7235,  0.303223
0.7240,  0.313772
0.7245,  0.318305
0.7250,  0.320844
0.7255,  0.317902
0.7260,  0.315551
0.7265,  0.313396
0.7270,  0.311938
0.7275,  0.310096
0.7280,  0.305515
0.7285,  0.300466
0.7290,  0.294496
0.7295,  0.292360
0.7300,  0.289004
0.7305,  0.279865
0.7310,  0.270512
0.7315,  0.256612
0.7320,  0.238169
0.7325,  0.216473
0.7330,  0.197084
0.7335,  0.181462
0.7340,  0.173615
0.7345,  0.173927
0.7350,  0.179763
0.7355,  0.183530
0.7360,  0.184632
0.7365,  0.180047
0.7370,  0.175768
0.7375,  0.168454
0.7380,  0.160233
0.7385,  0.154114
0.7390,  0.145676
0.7395,  0.142766
0.7400,  0.137905
0.7405,  0.134697
0.7410,  0.129190
0.7415,  0.133194
0.7420,  0.133675
0.7425,  0.133197
0.7430,  0.132812
0.7435,  0.128052
0.7440,  0.129740
0.7445,  0.128073
0.7450,  0.125200
0.7455,  0.122976
0.7460,  0.119992
0.7465,  0.121962
0.7470,  0.122823
0.7475,  0.119597
0.7480,  0.123035
0.7485,  0.123314
0.7490,  0.123422
0.7495,  0.125886
0.7500,  0.127408
0.7505,  0.127712
0.7510,  0.128454
0.7515,  0.125028
0.7520,  0.125435
0.7525,  0.125407
0.7530,  0.124682
0.7535,  0.127180
0.7540,  0.128199
0.7545,  0.130450
0.7550,  0.128401
0.7555,  0.122582
0.7560,  0.120003
0.7565,  0.116468
0.7570,  0.116325
0.7575,  0.133325
0.7580,  0.181571
0.7585,  0.268992
0.7590,  0.408559
0.7595,  0.574218
0.7600,  0.704026
0.7605,  0.754978
0.7610,  0.740871
0.7615,  0.715966
0.7620,  0.695356
0.7625,  0.687873
0.7630,  0.669810
0.7635,  0.627817
0.7640,  0.568367
0.7645,  0.500878
0.7650,  0.432100
0.7655,  0.374575
0.7660,  0.316510
0.7665,  0.260266
0.7670,  0.213176
0.7675,  0.181626
0.7680,  0.163343
0.7685,  0.152098
0.7690,  0.147470
0.7695,  0.141152
0.7700,  0.135240
0.7705,  0.131186
0.7710,  0.127580
0.7715,  0.127913
0.7720,  0.130242
0.7725,  0.125391
0.7730,  0.123978
0.7735,  0.117806
0.7740,  0.117282
0.7745,  0.107546
0.7750,  0.103595
0.7755,  0.107047
0.7760,  0.114191
0.7765,  0.121548
0.7770,  0.123897
0.7775,  0.117244
0.7780,  0.112576
0.7785,  0.113333
0.7790,  0.109502
0.7795,  0.111367
0.7800,  0.110867
0.7805,  0.110725
0.7810,  0.113395
0.7815,  0.115505
0.7820,  0.108315
0.7825,  0.103173
0.7830,  0.103135
0.7835,  0.105797
0.7840,  0.102403
0.7845,  0.101741
0.7850,  0.105145
0.7855,  0.109569
0.7860,  0.111680
0.7865,  0.116862
0.7870,  0.118491
0.7875,  0.121094
0.7880,  0.128337
0.7885,  0.137813
0.7890,  0.144384
0.7895,  0.146274
0.7900,  0.146261
0.7905,  0.148604
0.7910,  0.144320
0.7915,  0.141954
0.7920,  0.134840
0.7925,  0.128395
0.7930,  0.130469
0.7935,  0.129456
0.7940,  0.128469
0.7945,  0.133312
0.7950,  0.131791
0.7955,  0.134587
0.7960,  0.138589
0.7965,  0.142481
0.7970,  0.147144
0.7975,  0.140917
0.7980,  0.132801
0.7985,  0.131679
0.7990,  0.130183
0.7995,  0.130337
0.8000,  0.135765
0.8005,  0.138201
0.8010,  0.143476
0.8015,  0.145528
0.8020,  0.146268
0.8025,  0.141820
0.8030,  0.137564
0.8035,  0.135423
0.8040,  0.140942
0.8045,  0.135216
0.8050,  0.121825
0.8055,  0.112954
0.8060,  0.109120
0.8065,  0.113867
0.8070,  0.123810
0.8075,  0.126502
0.8080,  0.132103
0.8085,  0.137080
0.8090,  0.135234
0.8095,  0.139460
0.8100,  0.145514
0.8105,  0.156078
0.8110,  0.165898
0.8115,  0.178655
0.8120,  0.196411
0.8125,  0.217834
0.8130,  0.241213
0.8135,  0.260542
0.8140,  0.277320
0.8145,  0.297304
0.8150,  0.318841
0.8155,  0.329581
0.8160,  0.340717
0.8165,  0.351942
0.8170,  0.355670
0.8175,  0.340264
0.8180,  0.322516
0.8185,  0.306260
0.8190,  0.276205
0.8195,  0.256768
0.8200,  0.240004
0.8205,  0.228749
0.8210,  0.242007
0.8215,  0.271613
0.8220,  0.301305
0.8225,  0.317181
0.8230,  0.303282
0.8235,  0.277517
0.8240,  0.248013
0.8245,  0.227191
0.8250,  0.219540
0.8255,  0.212817
0.8260,  0.216229
0.8265,  0.219915
0.8270,  0.232646
0.8275,  0.245001
0.8280,  0.247332
0.8285,  0.243235
0.8290,  0.236534
0.8295,  0.228890
0.8300,  0.216920
0.8305,  0.212713
0.8310,  0.213323
0.8315,  0.212572
0.8320,  0.207815
0.8325,  0.203281
0.8330,  0.195934
0.8335,  0.181064
0.8340,  0.163747
0.8345,  0.158136
0.8350,  0.154841
0.8355,  0.155413
0.8360,  0.149134
0.8365,  0.146415
0.8370,  0.141348
0.8375,  0.138248
0.8380,  0.136696
0.8385,  0.129331
0.8390,  0.122574
0.8395,  0.119218
0.8400,  0.116934
0.8405,  0.109695
0.8410,  0.106478
0.8415,  0.109277
0.8420,  0.113124
0.8425,  0.114957
0.8430,  0.115458
0.8435,  0.105772
0.8440,  0.105786
0.8445,  0.100919
0.8450,  0.091886
0.8455,  0.088709
0.8460,  0.094141
0.8465,  0.094068
0.8470,  0.097571
0.8475,  0.101859
0.8480,  0.105368
0.8485,  0.102668
0.8490,  0.100610
0.8495,  0.089724
0.8500,  0.072508
0.8505,  0.070646
0.8510,  0.069357
0.8515,  0.070556
0.8520,  0.079263
0.8525,  0.072148
0.8530,  0.073127
0.8535,  0.080255
0.8540,  0.062511
0.8545,  0.080426
0.8550,  0.080340
0.8555,  0.080759
0.8560,  0.081361
0.8565,  0.074445
0.8570,  0.069959
0.8575,  0.080106
0.8580,  0.088982
0.8585,  0.088965
0.8590,  0.088749
0.8595,  0.090974
0.8600,  0.090269
0.8605,  0.088854
0.8610,  0.077091
0.8615,  0.073434
0.8620,  0.074484
0.8625,  0.075402
0.8630,  0.078081
0.8635,  0.086070
0.8640,  0.097021
0.8645,  0.081211
0.8650,  0.074064
0.8655,  0.066092
0.8660,  0.051626
0.8665,  0.060106
0.8670,  0.049394
0.8675,  0.045568
0.8680,  0.046886
0.8685,  0.064411
0.8690,  0.069001
0.8695,  0.073605
0.8700,  0.080865
0.8705,  0.081190
0.8710,  0.082907
0.8715,  0.085423
0.8720,  0.088219
0.8725,  0.089712
0.8730,  0.083237
0.8735,  0.075759
0.8740,  0.075421
0.8745,  0.082902
0.8750,  0.084196
0.8755,  0.091061
0.8760,  0.094208
0.8765,  0.086615
0.8770,  0.090169
0.8775,  0.094664
0.8780,  0.091731
0.8785,  0.091324
0.8790,  0.082220
0.8795,  0.073851
0.8800,  0.075507
0.8805,  0.077156
0.8810,  0.076699
0.8815,  0.068194
0.8820,  0.061339
0.8825,  0.061139
0.8830,  0.066020
0.8835,  0.071508
0.8840,  0.079197
0.8845,  0.084019
0.8850,  0.089608
0.8855,  0.091912
0.8860,  0.092575
0.8865,  0.091206
0.8870,  0.076985
0.8875,  0.066099
0.8880,  0.066803
0.8885,  0.068060
0.8890,  0.071995
0.8895,  0.083652
0.8900,  0.087318
