0.3500,  1.385614
0.3505,  1.447617
0.3510,  1.392220
0.3515,  1.321440
0.3520,  1.237550
0.3525,  1.144906
0.3530,  1.171097
0.3535,  1.166452
0.3540,  1.163327
0.3545,  1.174215
0.3550,  1.170225
0.3555,  1.178003
0.3560,  1.162082
0.3565,  1.167663
0.3570,  1.188199
0.3575,  1.197299
0.3580,  1.189452
0.3585,  1.108780
0.3590,  1.239797
0.3595,  1.371152
0.3600,  1.327952
0.3605,  1.312767
0.3610,  1.239730
0.3615,  1.149311
0.3620,  1.175376
0.3625,  1.203530
0.3630,  1.157467
0.3635,  1.116439
0.3640,  1.095168
0.3645,  1.060505
0.3650,  1.086719
0.3655,  1.101967
0.3660,  1.089035
0.3665,  1.075828
0.3670,  1.021900
0.3675,  0.975382
0.3680,  0.913383
0.3685,  0.859046
0.3690,  0.898019
0.3695,  0.940507
0.3700,  0.916299
0.3705,  0.901540
0.3710,  0.940251
0.3715,  0.969510
0.3720,  0.949549
0.3725,  0.929932
0.3730,  0.904627
0.3735,  0.875831
0.3740,  0.885513
0.3745,  0.886890
0.3750,  0.970354
0.3755,  1.034597
0.3760,  1.016392
0.3765,  0.985287
0.3770,  1.017476
0.3775,  1.043280
0.3780,  1.023480
0.3785,  1.018936
0.3790,  0.918206
0.3795,  0.812619
0.3800,  0.866638
0.3805,  0.915115
0.3810,  0.876397
0.3815,  0.868639
0.3820,  0.812043
0.3825,  0.740886
0.3830,  0.743496
0.3835,  0.715534
0.3840,  0.908182
0.3845,  1.062444
0.3850,  1.077780
0.3855,  1.086605
0.3860,  1.067281
0.3865,  1.043829
0.3870,  1.013822
0.3875,  0.985254
0.3880,  0.952016
0.3885,  0.899197
0.3890,  0.932097
0.3895,  0.954890
0.3900,  0.926555
0.3905,  0.906624
0.3910,  0.907151
0.3915,  0.930240
0.3920,  0.833959
0.3925,  0.743766
0.3930,  0.592861
0.3935,  0.369801
0.3940,  0.700595
0.3945,  0.926951
0.3950,  1.028455
0.3955,  1.119184
0.3960,  0.940675
0.3965,  0.719148
0.3970,  0.734067
0.3975,  0.720429
0.3980,  0.900698
0.3985,  1.008588
0.3990,  0.959019
0.3995,  0.926177
0.4000,  0.872557
0.4005,  0.821577
0.4010,  0.788507
0.4015,  0.765807
0.4020,  0.733932
0.4025,  0.706363
0.4030,  0.664474
0.4035,  0.634277
0.4040,  0.625033
0.4045,  0.620267
0.4050,  0.621515
0.4055,  0.627030
0.4060,  0.618586
0.4065,  0.610244
0.4070,  0.628940
0.4075,  0.639389
0.4080,  0.665394
0.4085,  0.689663
0.4090,  0.679247
0.4095,  0.668965
0.4100,  0.614552
0.4105,  0.552732
0.4110,  0.616790
0.4115,  0.673884
0.4120,  0.651425
0.4125,  0.629102
0.4130,  0.613496
0.4135,  0.607399
0.4140,  0.605663
0.4145,  0.599215
0.4150,  0.594349
0.4155,  0.590859
0.4160,  0.613002
0.4165,  0.640480
0.4170,  0.599358
0.4175,  0.550532
0.4180,  0.558958
0.4185,  0.566267
0.4190,  0.570472
0.4195,  0.573272
0.4200,  0.588917
0.4205,  0.605458
0.4210,  0.613227
0.4215,  0.627482
0.4220,  0.580225
0.4225,  0.525731
0.4230,  0.561880
0.4235,  0.594319
0.4240,  0.603543
0.4245,  0.612159
0.4250,  0.596538
0.4255,  0.580355
0.4260,  0.584190
0.4265,  0.591205
0.4270,  0.566790
0.4275,  0.538608
0.4280,  0.553713
0.4285,  0.574814
0.4290,  0.558195
0.4295,  0.551777
0.4300,  0.466452
0.4305,  0.358379
0.4310,  0.568437
0.4315,  0.713153
0.4320,  0.674967
0.4325,  0.633651
0.4330,  0.627728
0.4335,  0.627621
0.4340,  0.594922
0.4345,  0.565075
0.4350,  0.565076
0.4355,  0.564168
0.4360,  0.601572
0.4365,  0.639473
0.4370,  0.604094
0.4375,  0.577864
0.4380,  0.523848
0.4385,  0.458683
0.4390,  0.529851
0.4395,  0.593567
0.4400,  0.563977
0.4405,  0.527889
0.4410,  0.570620
0.4415,  0.608820
0.4420,  0.605050
0.4425,  0.599290
0.4430,  0.566199
0.4435,  0.539393
0.4440,  0.546724
0.4445,  0.554849
0.4450,  0.518415
0.4455,  0.478982
0.4460,  0.493029
0.4465,  0.504023
0.4470,  0.542132
0.4475,  0.580400
0.4480,  0.552371
0.4485,  0.517252
0.4490,  0.519565
0.4495,  0.520728
0.4500,  0.530177
0.4505,  0.548265
0.4510,  0.540446
0.4515,  0.533540
0.4520,  0.500434
0.4525,  0.469662
0.4530,  0.478028
0.4535,  0.488841
0.4540,  0.493788
0.4545,  0.496299
0.4550,  0.505729
0.4555,  0.516027
0.4560,  0.521535
0.4565,  0.524738
0.4570,  0.525374
0.4575,  0.531876
0.4580,  0.503996
0.4585,  0.474767
0.4590,  0.482249
0.4595,  0.490161
0.4600,  0.496020
0.4605,  0.499173
0.4610,  0.497399
0.4615,  0.495426
0.4620,  0.501168
0.4625,  0.510496
0.4630,  0.494671
0.4635,  0.486239
0.4640,  0.478791
0.4645,  0.468352
0.4650,  0.486873
0.4655,  0.507951
0.4660,  0.482248
0.4665,  0.458317
0.4670,  0.483667
0.4675,  0.505886
0.4680,  0.500494
0.4685,  0.500014
0.4690,  0.503605
0.4695,  0.506646
0.4700,  0.483057
0.4705,  0.456959
0.4710,  0.487994
0.4715,  0.519189
0.4720,  0.517036
0.4725,  0.513664
0.4730,  0.497576
0.4735,  0.482365
0.4740,  0.489232
0.4745,  0.496257
0.4750,  0.485051
0.4755,  0.474063
0.4760,  0.458441
0.4765,  0.443356
0.4770,  0.468624
0.4775,  0.491436
0.4780,  0.470398
0.4785,  0.452608
0.4790,  0.468703
0.4795,  0.480945
0.4800,  0.466909
0.4805,  0.455854
0.4810,  0.465026
0.4815,  0.473426
0.4820,  0.455736
0.4825,  0.443231
0.4830,  0.445903
0.4835,  0.450789
0.4840,  0.449774
0.4845,  0.451746
0.4850,  0.436110
0.4855,  0.422159
0.4860,  0.389150
0.4865,  0.344718
0.4870,  0.400217
0.4875,  0.447198
0.4880,  0.458436
0.4885,  0.465442
0.4890,  0.461160
0.4895,  0.459030
0.4900,  0.459552
0.4905,  0.463232
0.4910,  0.433896
0.4915,  0.406456
0.4920,  0.408487
0.4925,  0.408237
0.4930,  0.401370
0.4935,  0.392436
0.4940,  0.425951
0.4945,  0.458184
0.4950,  0.422056
0.4955,  0.386293
0.4960,  0.404014
0.4965,  0.421442
0.4970,  0.422713
0.4975,  0.427295
0.4980,  0.395847
0.4985,  0.362131
0.4990,  0.389845
0.4995,  0.417422
0.5000,  0.395544
0.5005,  0.371669
0.5010,  0.365100
0.5015,  0.356352
0.5020,  0.376781
0.5025,  0.396317
0.5030,  0.406183
0.5035,  0.413453
0.5040,  0.397734
0.5045,  0.378557
0.5050,  0.401126
0.5055,  0.422994
0.5060,  0.410024
0.5065,  0.398842
0.5070,  0.386158
0.5075,  0.373719
0.5080,  0.376341
0.5085,  0.376382
0.5090,  0.371689
0.5095,  0.367018
0.5100,  0.369424
0.5105,  0.373679
0.5110,  0.384809
0.5115,  0.395710
0.5120,  0.368103
0.5125,  0.343262
0.5130,  0.348307
0.5135,  0.350824
0.5140,  0.358950
0.5145,  0.364504
0.5150,  0.373372
0.5155,  0.387832
0.5160,  0.347932
0.5165,  0.304608
0.5170,  0.334322
0.5175,  0.359629
0.5180,  0.343827
0.5185,  0.320651
0.5190,  0.359855
0.5195,  0.395586
0.5200,  0.385830
0.5205,  0.375984
0.5210,  0.385861
0.5215,  0.396416
0.5220,  0.369766
0.5225,  0.342375
0.5230,  0.353947
0.5235,  0.363715
0.5240,  0.374333
0.5245,  0.387395
0.5250,  0.382634
0.5255,  0.382949
0.5260,  0.331876
0.5265,  0.274944
0.5270,  0.320319
0.5275,  0.355724
0.5280,  0.362873
0.5285,  0.368563
0.5290,  0.364098
0.5295,  0.360124
0.5300,  0.362473
0.5305,  0.364586
0.5310,  0.365856
0.5315,  0.372314
0.5320,  0.332433
0.5325,  0.288581
0.5330,  0.331556
0.5335,  0.370164
0.5340,  0.352537
0.5345,  0.333249
0.5350,  0.360103
0.5355,  0.385589
0.5360,  0.355377
0.5365,  0.328104
0.5370,  0.332080
0.5375,  0.337104
0.5380,  0.345512
0.5385,  0.356106
0.5390,  0.343855
0.5395,  0.332782
0.5400,  0.322848
0.5405,  0.313387
0.5410,  0.342953
0.5415,  0.368133
0.5420,  0.349552
0.5425,  0.331291
0.5430,  0.341010
0.5435,  0.351128
0.5440,  0.348543
0.5445,  0.347439
0.5450,  0.353707
0.5455,  0.359699
0.5460,  0.356330
0.5465,  0.352275
0.5470,  0.343213
0.5475,  0.330641
0.5480,  0.336151
0.5485,  0.339729
0.5490,  0.344565
0.5495,  0.351048
0.5500,  0.342707
0.5505,  0.334428
0.5510,  0.337941
0.5515,  0.342506
0.5520,  0.340636
0.5525,  0.334897
0.5530,  0.342541
0.5535,  0.350754
0.5540,  0.353824
0.5545,  0.356393
0.5550,  0.356328
0.5555,  0.358213
0.5560,  0.342609
0.5565,  0.328021
0.5570,  0.337801
0.5575,  0.348952
0.5580,  0.338561
0.5585,  0.329031
0.5590,  0.337137
0.5595,  0.344967
0.5600,  0.354766
0.5605,  0.360516
0.5610,  0.354522
0.5615,  0.346094
0.5620,  0.349567
0.5625,  0.354822
0.5630,  0.356766
0.5635,  0.359528
0.5640,  0.358614
0.5645,  0.360923
0.5650,  0.350999
0.5655,  0.339707
0.5660,  0.346264
0.5665,  0.353590
0.5670,  0.368004
0.5675,  0.382196
0.5680,  0.362530
0.5685,  0.343382
0.5690,  0.357039
0.5695,  0.371278
0.5700,  0.351821
0.5705,  0.331606
0.5710,  0.343034
0.5715,  0.350937
0.5720,  0.362619
0.5725,  0.372629
0.5730,  0.366919
0.5735,  0.362583
0.5740,  0.361653
0.5745,  0.359330
0.5750,  0.350035
0.5755,  0.341709
0.5760,  0.346625
0.5765,  0.351279
0.5770,  0.355503
0.5775,  0.359967
0.5780,  0.340163
0.5785,  0.322275
0.5790,  0.332201
0.5795,  0.341744
0.5800,  0.341507
0.5805,  0.342141
0.5810,  0.345387
0.5815,  0.347646
0.5820,  0.350152
0.5825,  0.349990
0.5830,  0.342503
0.5835,  0.339397
0.5840,  0.341752
0.5845,  0.347800
0.5850,  0.336402
0.5855,  0.323758
0.5860,  0.338583
0.5865,  0.352604
0.5870,  0.360053
0.5875,  0.372623
0.5880,  0.362587
0.5885,  0.353730
0.5890,  0.331469
0.5895,  0.301186
0.5900,  0.356546
0.5905,  0.404964
0.5910,  0.394702
0.5915,  0.381895
0.5920,  0.378690
0.5925,  0.376812
0.5930,  0.369265
0.5935,  0.369425
0.5940,  0.364309
0.5945,  0.360175
0.5950,  0.367331
0.5955,  0.369105
0.5960,  0.370016
0.5965,  0.371932
0.5970,  0.362199
0.5975,  0.353694
0.5980,  0.349193
0.5985,  0.345918
0.5990,  0.357416
0.5995,  0.366978
0.6000,  0.362294
0.6005,  0.359258
0.6010,  0.362848
0.6015,  0.361613
0.6020,  0.346602
0.6025,  0.331733
0.6030,  0.343829
0.6035,  0.359055
0.6040,  0.354447
0.6045,  0.355702
0.6050,  0.357041
0.6055,  0.355253
0.6060,  0.353588
0.6065,  0.351670
0.6070,  0.351030
0.6075,  0.352080
0.6080,  0.352127
0.6085,  0.351491
0.6090,  0.356835
0.6095,  0.362722
0.6100,  0.356377
0.6105,  0.345311
0.6110,  0.356095
0.6115,  0.367428
0.6120,  0.357628
0.6125,  0.349257
0.6130,  0.348939
0.6135,  0.346511
0.6140,  0.357612
0.6145,  0.368650
0.6150,  0.372731
0.6155,  0.376296
0.6160,  0.347389
0.6165,  0.314936
0.6170,  0.340395
0.6175,  0.366557
0.6180,  0.372258
0.6185,  0.377937
0.6190,  0.375216
0.6195,  0.370176
0.6200,  0.376329
0.6205,  0.381619
0.6210,  0.368744
0.6215,  0.357916
0.6220,  0.367548
0.6225,  0.377503
0.6230,  0.369432
0.6235,  0.364251
0.6240,  0.368808
0.6245,  0.373231
0.6250,  0.370851
0.6255,  0.364341
0.6260,  0.379366
0.6265,  0.394009
0.6270,  0.394193
0.6275,  0.397017
0.6280,  0.402824
0.6285,  0.406777
0.6290,  0.406573
0.6295,  0.406626
0.6300,  0.402998
0.6305,  0.395169
0.6310,  0.385758
0.6315,  0.383018
0.6320,  0.376150
0.6325,  0.376616
0.6330,  0.376222
0.6335,  0.375968
0.6340,  0.380670
0.6345,  0.387000
0.6350,  0.389705
0.6355,  0.387513
0.6360,  0.385583
0.6365,  0.380202
0.6370,  0.372162
0.6375,  0.369291
0.6380,  0.371220
0.6385,  0.373971
0.6390,  0.379731
0.6395,  0.381268
0.6400,  0.378636
0.6405,  0.378920
0.6410,  0.375006
0.6415,  0.374404
0.6420,  0.372552
0.6425,  0.370312
0.6430,  0.369262
0.6435,  0.369113
0.6440,  0.369497
0.6445,  0.378098
0.6450,  0.388895
0.6455,  0.396759
0.6460,  0.403367
0.6465,  0.408104
0.6470,  0.407698
0.6475,  0.403942
0.6480,  0.397685
0.6485,  0.393767
0.6490,  0.390248
0.6495,  0.395785
0.6500,  0.399577
0.6505,  0.403821
0.6510,  0.408282
0.6515,  0.405992
0.6520,  0.405614
0.6525,  0.403893
0.6530,  0.400187
0.6535,  0.388896
0.6540,  0.383833
0.6545,  0.387556
0.6550,  0.400571
0.6555,  0.406564
0.6560,  0.403886
0.6565,  0.382873
0.6570,  0.347187
0.6575,  0.355204
0.6580,  0.365166
0.6585,  0.376354
0.6590,  0.389848
0.6595,  0.385362
0.6600,  0.380710
0.6605,  0.372409
0.6610,  0.366396
0.6615,  0.359687
0.6620,  0.357910
0.6625,  0.357206
0.6630,  0.360437
0.6635,  0.366265
0.6640,  0.370346
0.6645,  0.372843
0.6650,  0.371116
0.6655,  0.363011
0.6660,  0.358445
0.6665,  0.357101
0.6670,  0.353546
0.6675,  0.359152
0.6680,  0.356083
0.6685,  0.360615
0.6690,  0.367136
0.6695,  0.367552
0.6700,  0.370542
0.6705,  0.371338
0.6710,  0.372542
0.6715,  0.377717
0.6720,  0.377669
0.6725,  0.375737
0.6730,  0.373384
0.6735,  0.369975
0.6740,  0.370639
0.6745,  0.368296
0.6750,  0.367023
0.6755,  0.370610
0.6760,  0.376657
0.6765,  0.382528
0.6770,  0.383165
0.6775,  0.384793
0.6780,  0.385477
0.6785,  0.382823
0.6790,  0.376835
0.6795,  0.373515
0.6800,  0.373943
0.6805,  0.373917
0.6810,  0.373006
0.6815,  0.375171
0.6820,  0.379043
0.6825,  0.382887
0.6830,  0.390337
0.6835,  0.392525
0.6840,  0.392227
0.6845,  0.390541
0.6850,  0.397160
0.6855,  0.418254
0.6860,  0.453858
0.6865,  0.495295
0.6870,  0.535447
0.6875,  0.554809
0.6880,  0.557543
0.6885,  0.551754
0.6890,  0.550540
0.6895,  0.545678
0.6900,  0.538955
0.6905,  0.526529
0.6910,  0.509228
0.6915,  0.499803
0.6920,  0.488401
0.6925,  0.484224
0.6930,  0.488848
0.6935,  0.488558
0.6940,  0.493216
0.6945,  0.491599
0.6950,  0.491029
0.6955,  0.485361
0.6960,  0.476924
0.6965,  0.466699
0.6970,  0.460363
0.6975,  0.464387
0.6980,  0.474350
0.6985,  0.480601
0.6990,  0.485914
0.6995,  0.484159
0.7000,  0.479477
0.7005,  0.482120
0.7010,  0.482033
0.7015,  0.485307
0.7020,  0.486397
0.7025,  0.484231
0.7030,  0.481342
0.7035,  0.482350
0.7040,  0.486605
0.7045,  0.491423
0.7050,  0.491278
0.7055,  0.490497
0.7060,  0.485964
0.7065,  0.481477
0.7070,  0.474377
0.7075,  0.467622
0.7080,  0.464776
0.7085,  0.462355
0.7090,  0.457544
0.7095,  0.459255
0.7100,  0.462832
0.7105,  0.463641
0.7110,  0.466648
0.7115,  0.467992
0.7120,  0.467425
0.7125,  0.466406
0.7130,  0.465431
0.7135,  0.466079
0.7140,  0.477859
0.7145,  0.492989
0.7150,  0.507163
0.7155,  0.524289
0.7160,  0.564932
0.7165,  0.604174
0.7170,  0.647362
0.7175,  0.690016
0.7180,  0.731928
0.7185,  0.764566
0.7190,  0.779867
0.7195,  0.788715
0.7200,  0.778272
0.7205,  0.746105
0.7210,  0.706991
0.7215,  0.672234
0.7220,  0.656047
0.7225,  0.662077
0.7230,  0.687120
0.7235,  0.708783
0.7240,  0.733870
0.7245,  0.752316
0.7250,  0.755330
0.7255,  0.756361
0.7260,  0.756880
0.7265,  0.758927
0.7270,  0.756046
0.7275,  0.745977
0.7280,  0.740283
0.7285,  0.733320
0.7290,  0.721818
0.7295,  0.715073
0.7300,  0.709069
0.7305,  0.700086
0.7310,  0.692988
0.7315,  0.680387
0.7320,  0.661182
0.7325,  0.647236
0.7330,  0.624400
0.7335,  0.602845
0.7340,  0.591453
0.7345,  0.582521
0.7350,  0.579589
0.7355,  0.578326
0.7360,  0.578997
0.7365,  0.570186
0.7370,  0.560243
0.7375,  0.552489
0.7380,  0.553460
0.7385,  0.556111
0.7390,  0.550404
0.7395,  0.549218
0.7400,  0.542215
0.7405,  0.534432
0.7410,  0.525293
0.7415,  0.531573
0.7420,  0.529751
0.7425,  0.528090
0.7430,  0.531251
0.7435,  0.527276
0.7440,  0.524221
0.7445,  0.522217
0.7450,  0.525126
0.7455,  0.524821
0.7460,  0.512889
0.7465,  0.512255
0.7470,  0.511225
0.7475,  0.507344
0.7480,  0.509926
0.7485,  0.514026
0.7490,  0.520905
0.7495,  0.519407
0.7500,  0.518272
0.7505,  0.523619
0.7510,  0.526739
0.7515,  0.530384
0.7520,  0.533509
0.7525,  0.532637
0.7530,  0.530909
0.7535,  0.529635
0.7540,  0.525241
0.7545,  0.519197
0.7550,  0.518609
0.7555,  0.522247
0.7560,  0.531204
0.7565,  0.543687
0.7570,  0.552227
0.7575,  0.566922
0.7580,  0.604208
0.7585,  0.677404
0.7590,  0.820826
0.7595,  1.044475
0.7600,  1.342084
0.7605,  1.619736
0.7610,  1.745905
0.7615,  1.719530
0.7620,  1.623907
0.7625,  1.584955
0.7630,  1.570188
0.7635,  1.520733
0.7640,  1.438171
0.7645,  1.308072
0.7650,  1.181280
0.7655,  1.063787
0.7660,  0.958621
0.7665,  0.862056
0.7670,  0.783646
0.7675,  0.741895
0.7680,  0.707571
0.7685,  0.683286
0.7690,  0.662865
0.7695,  0.638640
0.7700,  0.617820
0.7705,  0.606174
0.7710,  0.597383
0.7715,  0.596025
0.7720,  0.596043
0.7725,  0.592510
0.7730,  0.586757
0.7735,  0.582943
0.7740,  0.574284
0.7745,  0.571772
0.7750,  0.570979
0.7755,  0.572363
0.7760,  0.579955
0.7765,  0.589481
0.7770,  0.596120
0.7775,  0.594308
0.7780,  0.587076
0.7785,  0.589744
0.7790,  0.589242
0.7795,  0.598103
0.7800,  0.612098
0.7805,  0.622786
0.7810,  0.623198
0.7815,  0.627606
0.7820,  0.630733
0.7825,  0.621723
0.7830,  0.622764
0.7835,  0.622655
0.7840,  0.628828
0.7845,  0.634276
0.7850,  0.642952
0.7855,  0.644219
0.7860,  0.641129
0.7865,  0.645880
0.7870,  0.653074
0.7875,  0.656973
0.7880,  0.669761
0.7885,  0.677863
0.7890,  0.690468
0.7895,  0.705849
0.7900,  0.707046
0.7905,  0.713841
0.7910,  0.707813
0.7915,  0.701170
0.7920,  0.700511
0.7925,  0.720490
0.7930,  0.717500
0.7935,  0.720306
0.7940,  0.724124
0.7945,  0.714522
0.7950,  0.712137
0.7955,  0.715323
0.7960,  0.723925
0.7965,  0.732127
0.7970,  0.724966
0.7975,  0.721666
0.7980,  0.724524
0.7985,  0.724768
0.7990,  0.722930
0.7995,  0.725554
0.8000,  0.735312
0.8005,  0.742246
0.8010,  0.752457
0.8015,  0.753540
0.8020,  0.761134
0.8025,  0.761337
0.8030,  0.758244
0.8035,  0.753063
0.8040,  0.737802
0.8045,  0.747233
0.8050,  0.748544
0.8055,  0.739207
0.8060,  0.753338
0.8065,  0.754555
0.8070,  0.749103
0.8075,  0.741791
0.8080,  0.733911
0.8085,  0.728339
0.8090,  0.739650
0.8095,  0.767526
0.8100,  0.794839
0.8105,  0.820292
0.8110,  0.841454
0.8115,  0.862270
0.8120,  0.880200
0.8125,  0.921632
0.8130,  0.976744
0.8135,  1.032372
0.8140,  1.074535
0.8145,  1.130630
0.8150,  1.193057
0.8155,  1.251694
0.8160,  1.309785
0.8165,  1.309315
0.8170,  1.297864
0.8175,  1.292541
0.8180,  1.281995
0.8185,  1.267661
0.8190,  1.242902
0.8195,  1.205641
0.8200,  1.137195
0.8205,  1.082764
0.8210,  1.061864
0.8215,  1.111502
0.8220,  1.192408
0.8225,  1.272276
0.8230,  1.301466
0.8235,  1.249720
0.8240,  1.174088
0.8245,  1.107022
0.8250,  1.040545
0.8255,  1.019091
0.8260,  1.022555
0.8265,  1.011086
0.8270,  1.042147
0.8275,  1.086375
0.8280,  1.130433
0.8285,  1.156777
0.8290,  1.170127
0.8295,  1.151100
0.8300,  1.134060
0.8305,  1.126552
0.8310,  1.123351
0.8315,  1.121669
0.8320,  1.114878
0.8325,  1.110853
0.8330,  1.091082
0.8335,  1.066974
0.8340,  1.041351
0.8345,  1.013756
0.8350,  1.017064
0.8355,  1.026099
0.8360,  1.029542
0.8365,  1.019725
0.8370,  1.006684
0.8375,  0.996922
0.8380,  0.979201
0.8385,  0.976967
0.8390,  0.980035
0.8395,  0.973362
0.8400,  0.964916
0.8405,  0.947220
0.8410,  0.952456
0.8415,  0.953641
0.8420,  0.969836
0.8425,  0.989689
0.8430,  0.992120
0.8435,  0.995378
0.8440,  0.994809
0.8445,  0.983687
0.8450,  0.976587
0.8455,  0.970720
0.8460,  0.985015
0.8465,  1.000946
0.8470,  1.012191
0.8475,  1.009983
0.8480,  1.006361
0.8485,  1.005204
0.8490,  1.004653
0.8495,  1.021459
0.8500,  1.039026
0.8505,  1.072579
0.8510,  1.062283
0.8515,  1.075992
0.8520,  1.085574
0.8525,  1.111190
0.8530,  1.152885
0.8535,  1.167360
0.8540,  1.170131
0.8545,  1.195357
0.8550,  1.188471
0.8555,  1.146169
0.8560,  1.127465
0.8565,  1.096288
0.8570,  1.089114
0.8575,  1.081693
0.8580,  1.066424
0.8585,  1.048766
0.8590,  1.087745
0.8595,  1.128398
0.8600,  1.151310
0.8605,  1.172403
0.8610,  1.164366
0.8615,  1.159270
0.8620,  1.157069
0.8625,  1.203209
0.8630,  1.219307
0.8635,  1.185516
0.8640,  1.169058
0.8645,  1.182028
0.8650,  1.210262
0.8655,  1.266438
0.8660,  1.301127
0.8665,  1.318257
0.8670,  1.344817
0.8675,  1.343490
0.8680,  1.361674
0.8685,  1.375907
0.8690,  1.327077
0.8695,  1.285685
0.8700,  1.292176
0.8705,  1.268000
0.8710,  1.262327
0.8715,  1.281859
0.8720,  1.281830
0.8725,  1.309175
0.8730,  1.307525
0.8735,  1.372504
0.8740,  1.446750
0.8745,  1.497055
0.8750,  1.505518
0.8755,  1.521835
0.8760,  1.503695
0.8765,  1.462045
0.8770,  1.479970
0.8775,  1.504528
0.8780,  1.556086
0.8785,  1.526188
0.8790,  1.538924
0.8795,  1.568553
0.8800,  1.558847
0.8805,  1.556147
0.8810,  1.601687
0.8815,  1.623155
0.8820,  1.641411
0.8825,  1.692477
0.8830,  1.725144
0.8835,  1.705353
0.8840,  1.696761
0.8845,  1.709468
0.8850,  1.802157
0.8855,  1.850068
0.8860,  1.831443
0.8865,  1.799501
0.8870,  1.749254
0.8875,  1.748331
0.8880,  1.716663
0.8885,  1.667318
0.8890,  1.621432
0.8895,  1.657248
0.8900,  1.741889
