0.3500,  -0.029630
0.3505,  0.014275
0.3510,  -0.007413
0.3515,  -0.031580
0.3520,  -0.057420
0.3525,  -0.084673
0.3530,  -0.053594
0.3535,  -0.023204
0.3540,  -0.005120
0.3545,  0.014230
0.3550,  0.001697
0.3555,  -0.008232
0.3560,  -0.033565
0.3565,  -0.055427
0.3570,  -0.081192
0.3575,  -0.108553
0.3580,  -0.137615
0.3585,  -0.180628
0.3590,  -0.071314
0.3595,  0.020122
0.3600,  0.010854
0.3605,  0.003331
0.3610,  -0.029039
0.3615,  -0.064419
0.3620,  -0.034930
0.3625,  -0.007459
0.3630,  -0.015093
0.3635,  -0.023436
0.3640,  -0.029058
0.3645,  -0.038325
0.3650,  -0.014856
0.3655,  0.006559
0.3660,  0.016635
0.3665,  0.026763
0.3670,  0.008617
0.3675,  -0.007101
0.3680,  -0.026880
0.3685,  -0.045593
0.3690,  -0.012489
0.3695,  0.018328
0.3700,  0.000006
0.3705,  -0.020588
0.3710,  -0.008755
0.3715,  0.005964
0.3720,  -0.014100
0.3725,  -0.035318
0.3730,  -0.057622
0.3735,  -0.079543
0.3740,  -0.071142
0.3745,  -0.068351
0.3750,  -0.016931
0.3755,  0.024273
0.3760,  0.018888
0.3765,  0.007930
0.3770,  0.039328
0.3775,  0.069722
0.3780,  0.067571
0.3785,  0.070619
0.3790,  0.009175
0.3795,  -0.058731
0.3800,  -0.022822
0.3805,  0.015712
0.3810,  -0.001696
0.3815,  -0.012842
0.3820,  -0.067306
0.3825,  -0.132392
0.3830,  -0.144446
0.3835,  -0.170656
0.3840,  -0.065079
0.3845,  0.016166
0.3850,  0.024204
0.3855,  0.032438
0.3860,  0.022219
0.3865,  0.015531
0.3870,  0.011570
0.3875,  0.004170
0.3880,  -0.010263
0.3885,  -0.026870
0.3890,  0.010828
0.3895,  0.041936
0.3900,  0.043442
0.3905,  0.045889
0.3910,  0.058664
0.3915,  0.082764
0.3920,  0.026105
0.3925,  -0.034190
0.3930,  -0.145856
0.3935,  -0.310678
0.3940,  -0.126464
0.3945,  0.003957
0.3950,  0.071660
0.3955,  0.135916
0.3960,  0.031467
0.3965,  -0.102223
0.3970,  -0.089911
0.3975,  -0.089377
0.3980,  0.036340
0.3985,  0.123150
0.3990,  0.113543
0.3995,  0.109055
0.4000,  0.088027
0.4005,  0.069281
0.4010,  0.062660
0.4015,  0.059102
0.4020,  0.050732
0.4025,  0.047181
0.4030,  0.033059
0.4035,  0.018744
0.4040,  0.015041
0.4045,  0.013844
0.4050,  0.014018
0.4055,  0.016754
0.4060,  0.008415
0.4065,  -0.002007
0.4070,  0.005345
0.4075,  0.011256
0.4080,  0.028694
0.4085,  0.046435
0.4090,  0.043151
0.4095,  0.040682
0.4100,  0.011980
0.4105,  -0.023040
0.4110,  0.021307
0.4115,  0.062474
0.4120,  0.052991
0.4125,  0.042090
0.4130,  0.033093
0.4135,  0.026785
0.4140,  0.023331
0.4145,  0.020420
0.4150,  0.018999
0.4155,  0.016727
0.4160,  0.033199
0.4165,  0.051749
0.4170,  0.026044
0.4175,  -0.001486
0.4180,  0.001980
0.4185,  0.007585
0.4190,  0.012209
0.4195,  0.013527
0.4200,  0.023188
0.4205,  0.032178
0.4210,  0.037621
0.4215,  0.042950
0.4220,  0.011267
0.4225,  -0.022360
0.4230,  0.002232
0.4235,  0.025757
0.4240,  0.032840
0.4245,  0.042257
0.4250,  0.032539
0.4255,  0.020018
0.4260,  0.022484
0.4265,  0.028958
0.4270,  0.010919
0.4275,  -0.006631
0.4280,  0.002689
0.4285,  0.014867
0.4290,  0.008065
0.4295,  0.002690
0.4300,  -0.051078
0.4305,  -0.123416
0.4310,  -0.003224
0.4315,  0.087590
0.4320,  0.067097
0.4325,  0.046247
0.4330,  0.050075
0.4335,  0.054629
0.4340,  0.037114
0.4345,  0.020926
0.4350,  0.022950
0.4355,  0.023471
0.4360,  0.049464
0.4365,  0.077286
0.4370,  0.058799
0.4375,  0.041034
0.4380,  0.007337
0.4385,  -0.031879
0.4390,  0.013090
0.4395,  0.053385
0.4400,  0.035382
0.4405,  0.014401
0.4410,  0.043867
0.4415,  0.068586
0.4420,  0.068068
0.4425,  0.067094
0.4430,  0.050707
0.4435,  0.037005
0.4440,  0.044139
0.4445,  0.052641
0.4450,  0.032389
0.4455,  0.010159
0.4460,  0.020087
0.4465,  0.028036
0.4470,  0.049693
0.4475,  0.070462
0.4480,  0.053368
0.4485,  0.033888
0.4490,  0.037332
0.4495,  0.039679
0.4500,  0.051279
0.4505,  0.062636
0.4510,  0.057112
0.4515,  0.051687
0.4520,  0.029757
0.4525,  0.010801
0.4530,  0.018756
0.4535,  0.026378
0.4540,  0.033113
0.4545,  0.034881
0.4550,  0.040146
0.4555,  0.045416
0.4560,  0.047001
0.4565,  0.048836
0.4570,  0.049914
0.4575,  0.054608
0.4580,  0.039336
0.4585,  0.022884
0.4590,  0.028630
0.4595,  0.033668
0.4600,  0.037724
0.4605,  0.042438
0.4610,  0.045175
0.4615,  0.046771
0.4620,  0.052487
0.4625,  0.058519
0.4630,  0.049171
0.4635,  0.041589
0.4640,  0.034646
0.4645,  0.027519
0.4650,  0.041247
0.4655,  0.056384
0.4660,  0.041614
0.4665,  0.027294
0.4670,  0.044070
0.4675,  0.056747
0.4680,  0.054094
0.4685,  0.052934
0.4690,  0.055115
0.4695,  0.058510
0.4700,  0.045699
0.4705,  0.028409
0.4710,  0.048134
0.4715,  0.065964
0.4720,  0.065049
0.4725,  0.066394
0.4730,  0.061313
0.4735,  0.053769
0.4740,  0.061092
0.4745,  0.070308
0.4750,  0.066865
0.4755,  0.063161
0.4760,  0.054988
0.4765,  0.045941
0.4770,  0.061546
0.4775,  0.075970
0.4780,  0.064705
0.4785,  0.054253
0.4790,  0.063025
0.4795,  0.071948
0.4800,  0.064773
0.4805,  0.060455
0.4810,  0.068378
0.4815,  0.076499
0.4820,  0.067813
0.4825,  0.061800
0.4830,  0.062811
0.4835,  0.065848
0.4840,  0.065107
0.4845,  0.067557
0.4850,  0.059890
0.4855,  0.052510
0.4860,  0.031552
0.4865,  0.001689
0.4870,  0.035541
0.4875,  0.064289
0.4880,  0.071622
0.4885,  0.077175
0.4890,  0.076763
0.4895,  0.076826
0.4900,  0.079611
0.4905,  0.085465
0.4910,  0.071445
0.4915,  0.057415
0.4920,  0.058511
0.4925,  0.057963
0.4930,  0.054056
0.4935,  0.048719
0.4940,  0.069491
0.4945,  0.090716
0.4950,  0.070299
0.4955,  0.050128
0.4960,  0.062833
0.4965,  0.075708
0.4970,  0.077652
0.4975,  0.080585
0.4980,  0.060461
0.4985,  0.038482
0.4990,  0.056018
0.4995,  0.074743
0.5000,  0.062496
0.5005,  0.048662
0.5010,  0.044989
0.5015,  0.039565
0.5020,  0.052856
0.5025,  0.065340
0.5030,  0.071607
0.5035,  0.076271
0.5040,  0.065516
0.5045,  0.052639
0.5050,  0.066190
0.5055,  0.080662
0.5060,  0.073402
0.5065,  0.067479
0.5070,  0.060585
0.5075,  0.054469
0.5080,  0.057621
0.5085,  0.060212
0.5090,  0.059419
0.5095,  0.057948
0.5100,  0.060932
0.5105,  0.063919
0.5110,  0.070617
0.5115,  0.077184
0.5120,  0.060677
0.5125,  0.045693
0.5130,  0.050597
0.5135,  0.052750
0.5140,  0.057108
0.5145,  0.058961
0.5150,  0.064095
0.5155,  0.074717
0.5160,  0.050427
0.5165,  0.023514
0.5170,  0.041382
0.5175,  0.055208
0.5180,  0.043358
0.5185,  0.026882
0.5190,  0.049002
0.5195,  0.069356
0.5200,  0.063218
0.5205,  0.057647
0.5210,  0.064491
0.5215,  0.073210
0.5220,  0.059445
0.5225,  0.045404
0.5230,  0.054081
0.5235,  0.060286
0.5240,  0.066435
0.5245,  0.074326
0.5250,  0.072048
0.5255,  0.073694
0.5260,  0.042830
0.5265,  0.007044
0.5270,  0.033322
0.5275,  0.053944
0.5280,  0.058873
0.5285,  0.063338
0.5290,  0.062481
0.5295,  0.061641
0.5300,  0.063008
0.5305,  0.065458
0.5310,  0.067045
0.5315,  0.072264
0.5320,  0.047971
0.5325,  0.020738
0.5330,  0.046780
0.5335,  0.070857
0.5340,  0.059706
0.5345,  0.046744
0.5350,  0.063076
0.5355,  0.080274
0.5360,  0.063462
0.5365,  0.047745
0.5370,  0.050586
0.5375,  0.053177
0.5380,  0.057779
0.5385,  0.063845
0.5390,  0.056258
0.5395,  0.048183
0.5400,  0.041275
0.5405,  0.033958
0.5410,  0.051663
0.5415,  0.067622
0.5420,  0.058584
0.5425,  0.049419
0.5430,  0.056429
0.5435,  0.062496
0.5440,  0.060839
0.5445,  0.060176
0.5450,  0.064627
0.5455,  0.067495
0.5460,  0.065196
0.5465,  0.063373
0.5470,  0.057144
0.5475,  0.049877
0.5480,  0.053371
0.5485,  0.056585
0.5490,  0.060520
0.5495,  0.065192
0.5500,  0.060448
0.5505,  0.056365
0.5510,  0.058845
0.5515,  0.061159
0.5520,  0.058564
0.5525,  0.054754
0.5530,  0.058857
0.5535,  0.063321
0.5540,  0.065486
0.5545,  0.067640
0.5550,  0.069174
0.5555,  0.071080
0.5560,  0.061692
0.5565,  0.052816
0.5570,  0.058263
0.5575,  0.065140
0.5580,  0.060494
0.5585,  0.054086
0.5590,  0.057484
0.5595,  0.060400
0.5600,  0.063588
0.5605,  0.065499
0.5610,  0.061596
0.5615,  0.058342
0.5620,  0.062294
0.5625,  0.066921
0.5630,  0.069445
0.5635,  0.071509
0.5640,  0.071787
0.5645,  0.072898
0.5650,  0.066388
0.5655,  0.058161
0.5660,  0.061488
0.5665,  0.064779
0.5670,  0.074318
0.5675,  0.084509
0.5680,  0.074279
0.5685,  0.063303
0.5690,  0.072918
0.5695,  0.083567
0.5700,  0.071969
0.5705,  0.057417
0.5710,  0.062817
0.5715,  0.066695
0.5720,  0.073190
0.5725,  0.079935
0.5730,  0.075609
0.5735,  0.073849
0.5740,  0.073629
0.5745,  0.073817
0.5750,  0.069119
0.5755,  0.062765
0.5760,  0.064408
0.5765,  0.067554
0.5770,  0.070829
0.5775,  0.073567
0.5780,  0.063036
0.5785,  0.050464
0.5790,  0.056118
0.5795,  0.061200
0.5800,  0.061358
0.5805,  0.061411
0.5810,  0.061991
0.5815,  0.063454
0.5820,  0.065991
0.5825,  0.067629
0.5830,  0.064542
0.5835,  0.061927
0.5840,  0.063922
0.5845,  0.068055
0.5850,  0.059675
0.5855,  0.049553
0.5860,  0.058114
0.5865,  0.067479
0.5870,  0.074658
0.5875,  0.085768
0.5880,  0.083285
0.5885,  0.078396
0.5890,  0.061624
0.5895,  0.038564
0.5900,  0.069966
0.5905,  0.098455
0.5910,  0.090635
0.5915,  0.082600
0.5920,  0.081798
0.5925,  0.081685
0.5930,  0.078480
0.5935,  0.079022
0.5940,  0.076977
0.5945,  0.074232
0.5950,  0.076453
0.5955,  0.077482
0.5960,  0.080509
0.5965,  0.084741
0.5970,  0.080155
0.5975,  0.074825
0.5980,  0.070002
0.5985,  0.067263
0.5990,  0.071916
0.5995,  0.075418
0.6000,  0.072272
0.6005,  0.069498
0.6010,  0.070820
0.6015,  0.069510
0.6020,  0.061448
0.6025,  0.052811
0.6030,  0.060893
0.6035,  0.070481
0.6040,  0.069991
0.6045,  0.070958
0.6050,  0.071401
0.6055,  0.069535
0.6060,  0.068061
0.6065,  0.066295
0.6070,  0.066022
0.6075,  0.066835
0.6080,  0.066929
0.6085,  0.067992
0.6090,  0.070654
0.6095,  0.072475
0.6100,  0.066085
0.6105,  0.058537
0.6110,  0.065918
0.6115,  0.073636
0.6120,  0.067704
0.6125,  0.062374
0.6130,  0.060703
0.6135,  0.059528
0.6140,  0.066035
0.6145,  0.073925
0.6150,  0.077461
0.6155,  0.079618
0.6160,  0.062114
0.6165,  0.041881
0.6170,  0.056928
0.6175,  0.071877
0.6180,  0.074885
0.6185,  0.077836
0.6190,  0.075454
0.6195,  0.071463
0.6200,  0.076807
0.6205,  0.082360
0.6210,  0.075275
0.6215,  0.067407
0.6220,  0.071728
0.6225,  0.078055
0.6230,  0.073505
0.6235,  0.070265
0.6240,  0.073727
0.6245,  0.075801
0.6250,  0.072360
0.6255,  0.066483
0.6260,  0.076534
0.6265,  0.088234
0.6270,  0.089616
0.6275,  0.091358
0.6280,  0.092656
0.6285,  0.095347
0.6290,  0.095879
0.6295,  0.095551
0.6300,  0.093400
0.6305,  0.088108
0.6310,  0.081516
0.6315,  0.078299
0.6320,  0.076006
0.6325,  0.075645
0.6330,  0.076842
0.6335,  0.078598
0.6340,  0.080088
0.6345,  0.082205
0.6350,  0.084327
0.6355,  0.084864
0.6360,  0.083424
0.6365,  0.079844
0.6370,  0.075356
0.6375,  0.072753
0.6380,  0.072665
0.6385,  0.073634
0.6390,  0.075136
0.6395,  0.076344
0.6400,  0.074387
0.6405,  0.072982
0.6410,  0.070443
0.6415,  0.070987
0.6420,  0.070368
0.6425,  0.068194
0.6430,  0.066697
0.6435,  0.067775
0.6440,  0.070318
0.6445,  0.074207
0.6450,  0.080910
0.6455,  0.085019
0.6460,  0.087157
0.6465,  0.089225
0.6470,  0.088752
0.6475,  0.086505
0.6480,  0.083394
0.6485,  0.080022
0.6490,  0.076154
0.6495,  0.078088
0.6500,  0.080139
0.6505,  0.084142
0.6510,  0.088668
0.6515,  0.088102
0.6520,  0.086150
0.6525,  0.083741
0.6530,  0.082484
0.6535,  0.078004
0.6540,  0.078328
0.6545,  0.082955
0.6550,  0.089411
0.6555,  0.088865
0.6560,  0.077466
0.6565,  0.057018
0.6570,  0.031780
0.6575,  0.039416
0.6580,  0.048037
0.6585,  0.056823
0.6590,  0.066557
0.6595,  0.063537
0.6600,  0.060107
0.6605,  0.058636
0.6610,  0.058696
0.6615,  0.057699
0.6620,  0.057907
0.6625,  0.057890
0.6630,  0.058548
0.6635,  0.060624
0.6640,  0.060985
0.6645,  0.061572
0.6650,  0.062430
0.6655,  0.060021
0.6660,  0.057016
0.6665,  0.055356
0.6670,  0.052333
0.6675,  0.053119
0.6680,  0.053903
0.6685,  0.055135
0.6690,  0.057041
0.6695,  0.055685
0.6700,  0.054048
0.6705,  0.053205
0.6710,  0.053585
0.6715,  0.056415
0.6720,  0.057004
0.6725,  0.054897
0.6730,  0.052258
0.6735,  0.049276
0.6740,  0.048509
0.6745,  0.047921
0.6750,  0.047874
0.6755,  0.048943
0.6760,  0.050787
0.6765,  0.053735
0.6770,  0.055229
0.6775,  0.056620
0.6780,  0.057510
0.6785,  0.057755
0.6790,  0.056796
0.6795,  0.054873
0.6800,  0.053645
0.6805,  0.053699
0.6810,  0.054446
0.6815,  0.054484
0.6820,  0.055869
0.6825,  0.057824
0.6830,  0.060499
0.6835,  0.061525
0.6840,  0.061134
0.6845,  0.061836
0.6850,  0.065238
0.6855,  0.081971
0.6860,  0.105030
0.6865,  0.128101
0.6870,  0.143689
0.6875,  0.145316
0.6880,  0.141828
0.6885,  0.138300
0.6890,  0.135820
0.6895,  0.130183
0.6900,  0.124364
0.6905,  0.118255
0.6910,  0.112711
0.6915,  0.112503
0.6920,  0.112242
0.6925,  0.113926
0.6930,  0.116091
0.6935,  0.115554
0.6940,  0.113322
0.6945,  0.111037
0.6950,  0.107754
0.6955,  0.101392
0.6960,  0.093407
0.6965,  0.088239
0.6970,  0.086403
0.6975,  0.089512
0.6980,  0.094799
0.6985,  0.099074
0.6990,  0.103629
0.6995,  0.103270
0.7000,  0.099360
0.7005,  0.097052
0.7010,  0.092868
0.7015,  0.094123
0.7020,  0.093791
0.7025,  0.093090
0.7030,  0.092022
0.7035,  0.092711
0.7040,  0.094703
0.7045,  0.097625
0.7050,  0.098025
0.7055,  0.094072
0.7060,  0.092095
0.7065,  0.087167
0.7070,  0.082258
0.7075,  0.079407
0.7080,  0.078139
0.7085,  0.076916
0.7090,  0.075587
0.7095,  0.075635
0.7100,  0.075427
0.7105,  0.075366
0.7110,  0.077455
0.7115,  0.078890
0.7120,  0.080025
0.7125,  0.079610
0.7130,  0.081115
0.7135,  0.083407
0.7140,  0.085346
0.7145,  0.089782
0.7150,  0.097266
0.7155,  0.111047
0.7160,  0.135034
0.7165,  0.162278
0.7170,  0.190349
0.7175,  0.212507
0.7180,  0.229750
0.7185,  0.241903
0.7190,  0.243459
0.7195,  0.236239
0.7200,  0.220816
0.7205,  0.197866
0.7210,  0.176208
0.7215,  0.163868
0.7220,  0.165906
0.7225,  0.174372
0.7230,  0.187558
0.7235,  0.197878
0.7240,  0.205129
0.7245,  0.208568
0.7250,  0.209194
0.7255,  0.208921
0.7260,  0.209123
0.7265,  0.209398
0.7270,  0.208349
0.7275,  0.204665
0.7280,  0.200743
0.7285,  0.195712
0.7290,  0.192746
0.7295,  0.190694
0.7300,  0.185726
0.7305,  0.183055
0.7310,  0.175571
0.7315,  0.163215
0.7320,  0.149736
0.7325,  0.135747
0.7330,  0.123664
0.7335,  0.114898
0.7340,  0.109559
0.7345,  0.107251
0.7350,  0.107767
0.7355,  0.109008
0.7360,  0.107108
0.7365,  0.105514
0.7370,  0.101235
0.7375,  0.096820
0.7380,  0.095253
0.7385,  0.094800
0.7390,  0.091115
0.7395,  0.089260
0.7400,  0.086041
0.7405,  0.083092
0.7410,  0.081767
0.7415,  0.082787
0.7420,  0.082903
0.7425,  0.083741
0.7430,  0.083576
0.7435,  0.078967
0.7440,  0.075094
0.7445,  0.072053
0.7450,  0.070376
0.7455,  0.072089
0.7460,  0.071953
0.7465,  0.073013
0.7470,  0.071953
0.7475,  0.070593
0.7480,  0.069935
0.7485,  0.068676
0.7490,  0.067522
0.7495,  0.068447
0.7500,  0.066648
0.7505,  0.065607
0.7510,  0.064727
0.7515,  0.064515
0.7520,  0.063977
0.7525,  0.063222
0.7530,  0.062683
0.7535,  0.062956
0.7540,  0.062251
0.7545,  0.057811
0.7550,  0.057646
0.7555,  0.057575
0.7560,  0.056261
0.7565,  0.055486
0.7570,  0.057631
0.7575,  0.067360
0.7580,  0.090584
0.7585,  0.140689
0.7590,  0.226187
0.7595,  0.334689
0.7600,  0.427130
0.7605,  0.475191
0.7610,  0.476047
0.7615,  0.458879
0.7620,  0.444719
0.7625,  0.435452
0.7630,  0.425108
0.7635,  0.400480
0.7640,  0.368308
0.7645,  0.329081
0.7650,  0.287395
0.7655,  0.243318
0.7660,  0.202448
0.7665,  0.164523
0.7670,  0.136295
0.7675,  0.119882
0.7680,  0.106904
0.7685,  0.097273
0.7690,  0.092416
0.7695,  0.087852
0.7700,  0.084890
0.7705,  0.079554
0.7710,  0.074386
0.7715,  0.073004
0.7720,  0.070752
0.7725,  0.068365
0.7730,  0.067877
0.7735,  0.066958
0.7740,  0.066421
0.7745,  0.062467
0.7750,  0.059059
0.7755,  0.058470
0.7760,  0.059720
0.7765,  0.059648
0.7770,  0.060923
0.7775,  0.060095
0.7780,  0.059384
0.7785,  0.055367
0.7790,  0.053174
0.7795,  0.054532
0.7800,  0.054368
0.7805,  0.054030
0.7810,  0.055555
0.7815,  0.055782
0.7820,  0.055653
0.7825,  0.057563
0.7830,  0.059849
0.7835,  0.059371
0.7840,  0.058317
0.7845,  0.057159
0.7850,  0.057787
0.7855,  0.059101
0.7860,  0.062188
0.7865,  0.066599
0.7870,  0.070634
0.7875,  0.075853
0.7880,  0.083192
0.7885,  0.088039
0.7890,  0.092976
0.7895,  0.093545
0.7900,  0.090100
0.7905,  0.085689
0.7910,  0.080714
0.7915,  0.077991
0.7920,  0.078587
0.7925,  0.076673
0.7930,  0.079247
0.7935,  0.080161
0.7940,  0.079730
0.7945,  0.076639
0.7950,  0.073364
0.7955,  0.079949
0.7960,  0.082468
0.7965,  0.081905
0.7970,  0.080201
0.7975,  0.076935
0.7980,  0.075278
0.7985,  0.072966
0.7990,  0.072238
0.7995,  0.077676
0.8000,  0.082441
0.8005,  0.085483
0.8010,  0.087082
0.8015,  0.084649
0.8020,  0.084048
0.8025,  0.083159
0.8030,  0.081646
0.8035,  0.078444
0.8040,  0.073154
0.8045,  0.071272
0.8050,  0.069833
0.8055,  0.068758
0.8060,  0.070435
0.8065,  0.071493
0.8070,  0.069940
0.8075,  0.066771
0.8080,  0.066212
0.8085,  0.062883
0.8090,  0.062633
0.8095,  0.071957
0.8100,  0.081228
0.8105,  0.090155
0.8110,  0.100092
0.8115,  0.111740
0.8120,  0.124815
0.8125,  0.143074
0.8130,  0.155377
0.8135,  0.164133
0.8140,  0.176139
0.8145,  0.190788
0.8150,  0.211804
0.8155,  0.226457
0.8160,  0.231890
0.8165,  0.236917
0.8170,  0.235160
0.8175,  0.228356
0.8180,  0.218463
0.8185,  0.206419
0.8190,  0.188456
0.8195,  0.174686
0.8200,  0.158040
0.8205,  0.148676
0.8210,  0.160430
0.8215,  0.185934
0.8220,  0.215568
0.8225,  0.234389
0.8230,  0.229372
0.8235,  0.207242
0.8240,  0.178220
0.8245,  0.154218
0.8250,  0.141341
0.8255,  0.135531
0.8260,  0.137900
0.8265,  0.140314
0.8270,  0.151355
0.8275,  0.161636
0.8280,  0.172078
0.8285,  0.171925
0.8290,  0.163550
0.8295,  0.151745
0.8300,  0.141586
0.8305,  0.140865
0.8310,  0.139724
0.8315,  0.136441
0.8320,  0.136801
0.8325,  0.134820
0.8330,  0.125896
0.8335,  0.116736
0.8340,  0.108950
0.8345,  0.102567
0.8350,  0.104199
0.8355,  0.101191
0.8360,  0.097235
0.8365,  0.092657
0.8370,  0.086951
0.8375,  0.080464
0.8380,  0.074388
0.8385,  0.071579
0.8390,  0.070217
0.8395,  0.072364
0.8400,  0.074476
0.8405,  0.074216
0.8410,  0.070737
0.8415,  0.067822
0.8420,  0.068489
0.8425,  0.064726
0.8430,  0.061566
0.8435,  0.058666
0.8440,  0.058020
0.8445,  0.057739
0.8450,  0.058304
0.8455,  0.059988
0.8460,  0.058204
0.8465,  0.057010
0.8470,  0.057840
0.8475,  0.054426
0.8480,  0.055277
0.8485,  0.054645
0.8490,  0.050115
0.8495,  0.043776
0.8500,  0.037157
0.8505,  0.038542
0.8510,  0.041042
0.8515,  0.043371
0.8520,  0.049846
0.8525,  0.044527
0.8530,  0.044653
0.8535,  0.041182
0.8540,  0.026628
0.8545,  0.039739
0.8550,  0.044855
0.8555,  0.043371
0.8560,  0.049355
0.8565,  0.046752
0.8570,  0.048013
0.8575,  0.051973
0.8580,  0.051556
0.8585,  0.043385
0.8590,  0.036700
0.8595,  0.032222
0.8600,  0.033505
0.8605,  0.038831
0.8610,  0.040851
0.8615,  0.036652
0.8620,  0.037915
0.8625,  0.036563
0.8630,  0.037986
0.8635,  0.040500
0.8640,  0.046845
0.8645,  0.039022
0.8650,  0.034374
0.8655,  0.033607
0.8660,  0.026267
0.8665,  0.028267
0.8670,  0.027759
0.8675,  0.027607
0.8680,  0.024765
0.8685,  0.026998
0.8690,  0.035845
0.8695,  0.042406
0.8700,  0.044459
0.8705,  0.042935
0.8710,  0.038641
0.8715,  0.039875
0.8720,  0.044996
0.8725,  0.044424
0.8730,  0.046014
0.8735,  0.042851
0.8740,  0.038430
0.8745,  0.040101
0.8750,  0.035434
0.8755,  0.034583
0.8760,  0.034517
0.8765,  0.038086
0.8770,  0.042083
0.8775,  0.046615
0.8780,  0.053551
0.8785,  0.051619
0.8790,  0.050427
0.8795,  0.047079
0.8800,  0.044571
0.8805,  0.035823
0.8810,  0.033148
0.8815,  0.030693
0.8820,  0.027906
0.8825,  0.029750
0.8830,  0.033800
0.8835,  0.039017
0.8840,  0.041976
0.8845,  0.038959
0.8850,  0.040996
0.8855,  0.036253
0.8860,  0.035046
0.8865,  0.038751
0.8870,  0.036544
0.8875,  0.029316
0.8880,  0.025978
0.8885,  0.033960
0.8890,  0.043316
0.8895,  0.051453
0.8900,  0.050666
