0.3500,  1.544211
0.3505,  1.543285
0.3510,  1.477736
0.3515,  1.410242
0.3520,  1.360037
0.3525,  1.291856
0.3530,  1.318285
0.3535,  1.308737
0.3540,  1.306002
0.3545,  1.323169
0.3550,  1.314225
0.3555,  1.324667
0.3560,  1.283448
0.3565,  1.276263
0.3570,  1.317953
0.3575,  1.325250
0.3580,  1.288442
0.3585,  1.235623
0.3590,  1.392295
0.3595,  1.513359
0.3600,  1.477559
0.3605,  1.444296
0.3610,  1.396319
0.3615,  1.321498
0.3620,  1.335568
0.3625,  1.323309
0.3630,  1.270526
0.3635,  1.223526
0.3640,  1.179416
0.3645,  1.142557
0.3650,  1.122424
0.3655,  1.104711
0.3660,  1.069479
0.3665,  1.060912
0.3670,  1.012241
0.3675,  0.966288
0.3680,  0.923636
0.3685,  0.883308
0.3690,  0.905748
0.3695,  0.943134
0.3700,  0.911426
0.3705,  0.881229
0.3710,  0.905119
0.3715,  0.930697
0.3720,  0.909647
0.3725,  0.906360
0.3730,  0.896932
0.3735,  0.885165
0.3740,  0.923099
0.3745,  0.933035
0.3750,  0.990819
0.3755,  1.025690
0.3760,  1.001389
0.3765,  0.972436
0.3770,  0.993229
0.3775,  1.000336
0.3780,  0.964546
0.3785,  0.951575
0.3790,  0.850388
0.3795,  0.743373
0.3800,  0.799398
0.3805,  0.865044
0.3810,  0.857878
0.3815,  0.877077
0.3820,  0.833726
0.3825,  0.771597
0.3830,  0.791731
0.3835,  0.781731
0.3840,  0.943249
0.3845,  1.059341
0.3850,  1.067918
0.3855,  1.070111
0.3860,  1.035353
0.3865,  1.003728
0.3870,  0.982217
0.3875,  0.966326
0.3880,  0.938755
0.3885,  0.892156
0.3890,  0.923824
0.3895,  0.947148
0.3900,  0.909565
0.3905,  0.875555
0.3910,  0.877470
0.3915,  0.913163
0.3920,  0.838902
0.3925,  0.782469
0.3930,  0.660783
0.3935,  0.451953
0.3940,  0.738120
0.3945,  0.914016
0.3950,  0.994488
0.3955,  1.090588
0.3960,  0.937049
0.3965,  0.735245
0.3970,  0.737732
0.3975,  0.702475
0.3980,  0.844709
0.3985,  0.925453
0.3990,  0.866958
0.3995,  0.828536
0.4000,  0.770127
0.4005,  0.712658
0.4010,  0.677268
0.4015,  0.658288
0.4020,  0.635684
0.4025,  0.620232
0.4030,  0.590068
0.4035,  0.562069
0.4040,  0.551235
0.4045,  0.549207
0.4050,  0.551475
0.4055,  0.555359
0.4060,  0.544473
0.4065,  0.533335
0.4070,  0.548342
0.4075,  0.557768
0.4080,  0.581109
0.4085,  0.604928
0.4090,  0.598071
0.4095,  0.589221
0.4100,  0.537686
0.4105,  0.479215
0.4110,  0.536463
0.4115,  0.589236
0.4120,  0.571273
0.4125,  0.557048
0.4130,  0.546348
0.4135,  0.535436
0.4140,  0.527302
0.4145,  0.516761
0.4150,  0.508478
0.4155,  0.504877
0.4160,  0.526421
0.4165,  0.548769
0.4170,  0.507892
0.4175,  0.463770
0.4180,  0.469911
0.4185,  0.481338
0.4190,  0.494784
0.4195,  0.498348
0.4200,  0.512076
0.4205,  0.522015
0.4210,  0.528032
0.4215,  0.535029
0.4220,  0.489783
0.4225,  0.439922
0.4230,  0.471751
0.4235,  0.507749
0.4240,  0.519357
0.4245,  0.537593
0.4250,  0.520361
0.4255,  0.507421
0.4260,  0.506665
0.4265,  0.512040
0.4270,  0.483845
0.4275,  0.459630
0.4280,  0.476478
0.4285,  0.501955
0.4290,  0.497023
0.4295,  0.491093
0.4300,  0.410013
0.4305,  0.308725
0.4310,  0.494188
0.4315,  0.628465
0.4320,  0.594355
0.4325,  0.552390
0.4330,  0.547821
0.4335,  0.550515
0.4340,  0.524255
0.4345,  0.497250
0.4350,  0.493565
0.4355,  0.484931
0.4360,  0.516396
0.4365,  0.548280
0.4370,  0.513821
0.4375,  0.486551
0.4380,  0.436097
0.4385,  0.376670
0.4390,  0.441504
0.4395,  0.503867
0.4400,  0.477135
0.4405,  0.442728
0.4410,  0.479259
0.4415,  0.508073
0.4420,  0.500412
0.4425,  0.493883
0.4430,  0.464010
0.4435,  0.440730
0.4440,  0.452748
0.4445,  0.466280
0.4450,  0.435944
0.4455,  0.403628
0.4460,  0.420128
0.4465,  0.434915
0.4470,  0.465543
0.4475,  0.492018
0.4480,  0.461846
0.4485,  0.429343
0.4490,  0.428718
0.4495,  0.427138
0.4500,  0.440062
0.4505,  0.455066
0.4510,  0.444279
0.4515,  0.429729
0.4520,  0.398362
0.4525,  0.370729
0.4530,  0.386694
0.4535,  0.402350
0.4540,  0.414566
0.4545,  0.420435
0.4550,  0.429199
0.4555,  0.438215
0.4560,  0.437053
0.4565,  0.440588
0.4570,  0.437668
0.4575,  0.438071
0.4580,  0.411693
0.4585,  0.381867
0.4590,  0.390041
0.4595,  0.400177
0.4600,  0.406994
0.4605,  0.411893
0.4610,  0.412802
0.4615,  0.412137
0.4620,  0.418323
0.4625,  0.424881
0.4630,  0.408953
0.4635,  0.398308
0.4640,  0.389393
0.4645,  0.379822
0.4650,  0.401214
0.4655,  0.423407
0.4660,  0.402683
0.4665,  0.377866
0.4670,  0.398472
0.4675,  0.418608
0.4680,  0.411672
0.4685,  0.405926
0.4690,  0.404244
0.4695,  0.406080
0.4700,  0.385896
0.4705,  0.362065
0.4710,  0.389555
0.4715,  0.418267
0.4720,  0.417801
0.4725,  0.414496
0.4730,  0.400171
0.4735,  0.385785
0.4740,  0.392446
0.4745,  0.401525
0.4750,  0.393982
0.4755,  0.386044
0.4760,  0.371023
0.4765,  0.355325
0.4770,  0.378025
0.4775,  0.398608
0.4780,  0.379016
0.4785,  0.360067
0.4790,  0.368748
0.4795,  0.375652
0.4800,  0.363774
0.4805,  0.355387
0.4810,  0.363232
0.4815,  0.370790
0.4820,  0.356160
0.4825,  0.346708
0.4830,  0.347409
0.4835,  0.349843
0.4840,  0.347881
0.4845,  0.351097
0.4850,  0.337725
0.4855,  0.326936
0.4860,  0.297021
0.4865,  0.254787
0.4870,  0.305271
0.4875,  0.348867
0.4880,  0.359461
0.4885,  0.365812
0.4890,  0.360159
0.4895,  0.356602
0.4900,  0.356492
0.4905,  0.360695
0.4910,  0.335753
0.4915,  0.313542
0.4920,  0.316055
0.4925,  0.315229
0.4930,  0.308676
0.4935,  0.300117
0.4940,  0.328081
0.4945,  0.354517
0.4950,  0.321107
0.4955,  0.289842
0.4960,  0.307428
0.4965,  0.324650
0.4970,  0.325388
0.4975,  0.330265
0.4980,  0.301409
0.4985,  0.269074
0.4990,  0.293989
0.4995,  0.318818
0.5000,  0.300079
0.5005,  0.280499
0.5010,  0.275272
0.5015,  0.267845
0.5020,  0.286336
0.5025,  0.304417
0.5030,  0.311621
0.5035,  0.316893
0.5040,  0.299974
0.5045,  0.278714
0.5050,  0.297022
0.5055,  0.317843
0.5060,  0.307305
0.5065,  0.299317
0.5070,  0.288880
0.5075,  0.279905
0.5080,  0.285166
0.5085,  0.286999
0.5090,  0.284734
0.5095,  0.281071
0.5100,  0.283237
0.5105,  0.284672
0.5110,  0.292540
0.5115,  0.302528
0.5120,  0.276951
0.5125,  0.253413
0.5130,  0.257748
0.5135,  0.259826
0.5140,  0.266568
0.5145,  0.270642
0.5150,  0.281022
0.5155,  0.296707
0.5160,  0.261137
0.5165,  0.222767
0.5170,  0.250829
0.5175,  0.274432
0.5180,  0.256888
0.5185,  0.230801
0.5190,  0.263370
0.5195,  0.294136
0.5200,  0.284444
0.5205,  0.275754
0.5210,  0.285699
0.5215,  0.296190
0.5220,  0.274201
0.5225,  0.252922
0.5230,  0.265963
0.5235,  0.273312
0.5240,  0.280088
0.5245,  0.288777
0.5250,  0.284626
0.5255,  0.284755
0.5260,  0.237271
0.5265,  0.185059
0.5270,  0.226920
0.5275,  0.259605
0.5280,  0.266801
0.5285,  0.272720
0.5290,  0.269113
0.5295,  0.265146
0.5300,  0.264776
0.5305,  0.268199
0.5310,  0.269296
0.5315,  0.276236
0.5320,  0.240590
0.5325,  0.203026
0.5330,  0.242110
0.5335,  0.276694
0.5340,  0.258299
0.5345,  0.238694
0.5350,  0.262886
0.5355,  0.286959
0.5360,  0.261019
0.5365,  0.237619
0.5370,  0.243209
0.5375,  0.248239
0.5380,  0.255783
0.5385,  0.264715
0.5390,  0.252188
0.5395,  0.240071
0.5400,  0.230107
0.5405,  0.219727
0.5410,  0.246784
0.5415,  0.270392
0.5420,  0.256364
0.5425,  0.243149
0.5430,  0.253999
0.5435,  0.262967
0.5440,  0.259930
0.5445,  0.257189
0.5450,  0.258943
0.5455,  0.262222
0.5460,  0.258061
0.5465,  0.254363
0.5470,  0.247612
0.5475,  0.238697
0.5480,  0.245558
0.5485,  0.251239
0.5490,  0.257314
0.5495,  0.262701
0.5500,  0.254248
0.5505,  0.248290
0.5510,  0.250233
0.5515,  0.251822
0.5520,  0.246455
0.5525,  0.240770
0.5530,  0.249748
0.5535,  0.257809
0.5540,  0.259545
0.5545,  0.261201
0.5550,  0.262289
0.5555,  0.264214
0.5560,  0.251112
0.5565,  0.239081
0.5570,  0.248766
0.5575,  0.257859
0.5580,  0.249359
0.5585,  0.241166
0.5590,  0.247575
0.5595,  0.252948
0.5600,  0.255353
0.5605,  0.259540
0.5610,  0.254366
0.5615,  0.249525
0.5620,  0.254097
0.5625,  0.260399
0.5630,  0.262845
0.5635,  0.265426
0.5640,  0.265708
0.5645,  0.267412
0.5650,  0.258067
0.5655,  0.246031
0.5660,  0.251550
0.5665,  0.256729
0.5670,  0.268974
0.5675,  0.282862
0.5680,  0.268052
0.5685,  0.252954
0.5690,  0.267004
0.5695,  0.282197
0.5700,  0.265512
0.5705,  0.244741
0.5710,  0.255511
0.5715,  0.260651
0.5720,  0.268935
0.5725,  0.278122
0.5730,  0.270707
0.5735,  0.266922
0.5740,  0.267001
0.5745,  0.266449
0.5750,  0.259342
0.5755,  0.251099
0.5760,  0.256097
0.5765,  0.260518
0.5770,  0.266114
0.5775,  0.270933
0.5780,  0.253807
0.5785,  0.235486
0.5790,  0.242712
0.5795,  0.249614
0.5800,  0.249257
0.5805,  0.249366
0.5810,  0.250616
0.5815,  0.253588
0.5820,  0.256637
0.5825,  0.258014
0.5830,  0.254191
0.5835,  0.252763
0.5840,  0.255423
0.5845,  0.261831
0.5850,  0.250232
0.5855,  0.237592
0.5860,  0.253228
0.5865,  0.267110
0.5870,  0.276189
0.5875,  0.293357
0.5880,  0.290694
0.5885,  0.286435
0.5890,  0.266277
0.5895,  0.234405
0.5900,  0.283239
0.5905,  0.327082
0.5910,  0.315300
0.5915,  0.302684
0.5920,  0.300535
0.5925,  0.300207
0.5930,  0.293857
0.5935,  0.293145
0.5940,  0.291184
0.5945,  0.288602
0.5950,  0.292990
0.5955,  0.292802
0.5960,  0.294486
0.5965,  0.296228
0.5970,  0.287516
0.5975,  0.279658
0.5980,  0.272460
0.5985,  0.268242
0.5990,  0.275775
0.5995,  0.281375
0.6000,  0.275174
0.6005,  0.268974
0.6010,  0.270835
0.6015,  0.269737
0.6020,  0.258629
0.6025,  0.247318
0.6030,  0.260049
0.6035,  0.273351
0.6040,  0.270396
0.6045,  0.269392
0.6050,  0.267107
0.6055,  0.264012
0.6060,  0.263055
0.6065,  0.265372
0.6070,  0.266058
0.6075,  0.267769
0.6080,  0.268075
0.6085,  0.267941
0.6090,  0.272833
0.6095,  0.275590
0.6100,  0.266911
0.6105,  0.255938
0.6110,  0.264896
0.6115,  0.275579
0.6120,  0.269420
0.6125,  0.264056
0.6130,  0.263020
0.6135,  0.262423
0.6140,  0.272806
0.6145,  0.281533
0.6150,  0.285465
0.6155,  0.288493
0.6160,  0.263555
0.6165,  0.234039
0.6170,  0.255936
0.6175,  0.278555
0.6180,  0.284294
0.6185,  0.287353
0.6190,  0.285831
0.6195,  0.280941
0.6200,  0.288139
0.6205,  0.294965
0.6210,  0.283809
0.6215,  0.274645
0.6220,  0.282891
0.6225,  0.291566
0.6230,  0.286682
0.6235,  0.283715
0.6240,  0.289372
0.6245,  0.288599
0.6250,  0.281959
0.6255,  0.275907
0.6260,  0.292264
0.6265,  0.307277
0.6270,  0.308325
0.6275,  0.313090
0.6280,  0.318039
0.6285,  0.322695
0.6290,  0.322489
0.6295,  0.321389
0.6300,  0.316495
0.6305,  0.309191
0.6310,  0.301112
0.6315,  0.299190
0.6320,  0.296162
0.6325,  0.295944
0.6330,  0.298119
0.6335,  0.302042
0.6340,  0.305252
0.6345,  0.308389
0.6350,  0.309916
0.6355,  0.309428
0.6360,  0.308134
0.6365,  0.303473
0.6370,  0.297405
0.6375,  0.293782
0.6380,  0.293331
0.6385,  0.295336
0.6390,  0.300056
0.6395,  0.301832
0.6400,  0.304601
0.6405,  0.303315
0.6410,  0.297447
0.6415,  0.296889
0.6420,  0.293824
0.6425,  0.291021
0.6430,  0.287914
0.6435,  0.289887
0.6440,  0.294511
0.6445,  0.306211
0.6450,  0.318793
0.6455,  0.325066
0.6460,  0.330163
0.6465,  0.332063
0.6470,  0.333766
0.6475,  0.332855
0.6480,  0.330265
0.6485,  0.327455
0.6490,  0.324587
0.6495,  0.330106
0.6500,  0.334315
0.6505,  0.337756
0.6510,  0.344192
0.6515,  0.341622
0.6520,  0.336513
0.6525,  0.331715
0.6530,  0.328433
0.6535,  0.319135
0.6540,  0.317697
0.6545,  0.326066
0.6550,  0.341408
0.6555,  0.349426
0.6560,  0.340857
0.6565,  0.316568
0.6570,  0.280868
0.6575,  0.287229
0.6580,  0.296341
0.6585,  0.306607
0.6590,  0.319493
0.6595,  0.314393
0.6600,  0.306332
0.6605,  0.301277
0.6610,  0.297609
0.6615,  0.294770
0.6620,  0.295246
0.6625,  0.294057
0.6630,  0.295617
0.6635,  0.298768
0.6640,  0.298487
0.6645,  0.299964
0.6650,  0.300100
0.6655,  0.297278
0.6660,  0.293940
0.6665,  0.293877
0.6670,  0.294175
0.6675,  0.297570
0.6680,  0.297092
0.6685,  0.297349
0.6690,  0.296983
0.6695,  0.294468
0.6700,  0.295688
0.6705,  0.297174
0.6710,  0.299845
0.6715,  0.304286
0.6720,  0.307781
0.6725,  0.310078
0.6730,  0.309392
0.6735,  0.307450
0.6740,  0.308918
0.6745,  0.309523
0.6750,  0.308065
0.6755,  0.307623
0.6760,  0.310736
0.6765,  0.314178
0.6770,  0.316324
0.6775,  0.314578
0.6780,  0.311531
0.6785,  0.311168
0.6790,  0.305711
0.6795,  0.304817
0.6800,  0.308100
0.6805,  0.312504
0.6810,  0.315616
0.6815,  0.314759
0.6820,  0.315482
0.6825,  0.319082
0.6830,  0.325730
0.6835,  0.330123
0.6840,  0.330691
0.6845,  0.333284
0.6850,  0.338853
0.6855,  0.363214
0.6860,  0.403251
0.6865,  0.447541
0.6870,  0.478697
0.6875,  0.487954
0.6880,  0.488249
0.6885,  0.481242
0.6890,  0.477638
0.6895,  0.472085
0.6900,  0.464701
0.6905,  0.455405
0.6910,  0.446757
0.6915,  0.440589
0.6920,  0.446789
0.6925,  0.453077
0.6930,  0.462173
0.6935,  0.466995
0.6940,  0.472414
0.6945,  0.468481
0.6950,  0.460317
0.6955,  0.448680
0.6960,  0.437103
0.6965,  0.421481
0.6970,  0.405625
0.6975,  0.407843
0.6980,  0.419015
0.6985,  0.430521
0.6990,  0.444364
0.6995,  0.449264
0.7000,  0.451808
0.7005,  0.452485
0.7010,  0.452186
0.7015,  0.454613
0.7020,  0.453727
0.7025,  0.451460
0.7030,  0.447634
0.7035,  0.450789
0.7040,  0.446366
0.7045,  0.444011
0.7050,  0.446192
0.7055,  0.439771
0.7060,  0.434840
0.7065,  0.428647
0.7070,  0.422329
0.7075,  0.419234
0.7080,  0.416240
0.7085,  0.413921
0.7090,  0.416431
0.7095,  0.420836
0.7100,  0.422670
0.7105,  0.424964
0.7110,  0.428305
0.7115,  0.428475
0.7120,  0.427404
0.7125,  0.429910
0.7130,  0.429722
0.7135,  0.438129
0.7140,  0.445767
0.7145,  0.455066
0.7150,  0.471195
0.7155,  0.495798
0.7160,  0.542760
0.7165,  0.611166
0.7170,  0.682901
0.7175,  0.742099
0.7180,  0.789135
0.7185,  0.825163
0.7190,  0.839188
0.7195,  0.848770
0.7200,  0.821600
0.7205,  0.770577
0.7210,  0.705354
0.7215,  0.657447
0.7220,  0.651650
0.7225,  0.672366
0.7230,  0.704867
0.7235,  0.736969
0.7240,  0.758567
0.7245,  0.773267
0.7250,  0.787773
0.7255,  0.792134
0.7260,  0.802520
0.7265,  0.809805
0.7270,  0.811739
0.7275,  0.805969
0.7280,  0.806060
0.7285,  0.799434
0.7290,  0.784119
0.7295,  0.775893
0.7300,  0.767702
0.7305,  0.755128
0.7310,  0.741317
0.7315,  0.709215
0.7320,  0.680695
0.7325,  0.651615
0.7330,  0.615664
0.7335,  0.594769
0.7340,  0.579805
0.7345,  0.571345
0.7350,  0.566569
0.7355,  0.561522
0.7360,  0.555132
0.7365,  0.552569
0.7370,  0.543469
0.7375,  0.532955
0.7380,  0.532905
0.7385,  0.526584
0.7390,  0.519927
0.7395,  0.516152
0.7400,  0.508962
0.7405,  0.498487
0.7410,  0.493354
0.7415,  0.499067
0.7420,  0.502303
0.7425,  0.496873
0.7430,  0.491426
0.7435,  0.483180
0.7440,  0.484245
0.7445,  0.486699
0.7450,  0.483143
0.7455,  0.485969
0.7460,  0.486962
0.7465,  0.489693
0.7470,  0.487224
0.7475,  0.481311
0.7480,  0.476931
0.7485,  0.478299
0.7490,  0.481951
0.7495,  0.488825
0.7500,  0.493266
0.7505,  0.498560
0.7510,  0.502405
0.7515,  0.503629
0.7520,  0.503691
0.7525,  0.502020
0.7530,  0.495286
0.7535,  0.496151
0.7540,  0.501661
0.7545,  0.502473
0.7550,  0.499623
0.7555,  0.501887
0.7560,  0.509887
0.7565,  0.516091
0.7570,  0.528317
0.7575,  0.533245
0.7580,  0.569072
0.7585,  0.664379
0.7590,  0.846333
0.7595,  1.096376
0.7600,  1.426953
0.7605,  1.713554
0.7610,  1.807026
0.7615,  1.779935
0.7620,  1.702695
0.7625,  1.656406
0.7630,  1.637966
0.7635,  1.572042
0.7640,  1.452691
0.7645,  1.322086
0.7650,  1.179066
0.7655,  1.060639
0.7660,  0.934093
0.7665,  0.829754
0.7670,  0.758122
0.7675,  0.709715
0.7680,  0.683380
0.7685,  0.655955
0.7690,  0.625181
0.7695,  0.610301
0.7700,  0.597921
0.7705,  0.588393
0.7710,  0.582335
0.7715,  0.576126
0.7720,  0.576238
0.7725,  0.575910
0.7730,  0.580299
0.7735,  0.587357
0.7740,  0.595048
0.7745,  0.590341
0.7750,  0.581216
0.7755,  0.574188
0.7760,  0.568154
0.7765,  0.566555
0.7770,  0.583347
0.7775,  0.594702
0.7780,  0.599355
0.7785,  0.602452
0.7790,  0.604323
0.7795,  0.613140
0.7800,  0.614963
0.7805,  0.614349
0.7810,  0.620763
0.7815,  0.617976
0.7820,  0.616739
0.7825,  0.617971
0.7830,  0.624944
0.7835,  0.628093
0.7840,  0.625896
0.7845,  0.628341
0.7850,  0.643224
0.7855,  0.651720
0.7860,  0.661541
0.7865,  0.675112
0.7870,  0.674195
0.7875,  0.675322
0.7880,  0.672327
0.7885,  0.693674
0.7890,  0.715834
0.7895,  0.729283
0.7900,  0.727786
0.7905,  0.727007
0.7910,  0.734046
0.7915,  0.739496
0.7920,  0.746858
0.7925,  0.739909
0.7930,  0.727164
0.7935,  0.728416
0.7940,  0.729339
0.7945,  0.731761
0.7950,  0.743572
0.7955,  0.751776
0.7960,  0.760014
0.7965,  0.768790
0.7970,  0.756719
0.7975,  0.749007
0.7980,  0.732599
0.7985,  0.734261
0.7990,  0.753420
0.7995,  0.760239
0.8000,  0.781713
0.8005,  0.803237
0.8010,  0.799692
0.8015,  0.785048
0.8020,  0.781157
0.8025,  0.782763
0.8030,  0.789985
0.8035,  0.798022
0.8040,  0.807221
0.8045,  0.803084
0.8050,  0.786252
0.8055,  0.778242
0.8060,  0.773334
0.8065,  0.783462
0.8070,  0.796611
0.8075,  0.808527
0.8080,  0.813411
0.8085,  0.835796
0.8090,  0.850913
0.8095,  0.879679
0.8100,  0.904966
0.8105,  0.954729
0.8110,  0.991783
0.8115,  1.024308
0.8120,  1.076483
0.8125,  1.105127
0.8130,  1.170356
0.8135,  1.243851
0.8140,  1.287635
0.8145,  1.399910
0.8150,  1.487813
0.8155,  1.585248
0.8160,  1.701692
0.8165,  1.786711
0.8170,  1.846780
0.8175,  1.836595
0.8180,  1.780945
0.8185,  1.674397
0.8190,  1.580816
0.8195,  1.483995
0.8200,  1.388505
0.8205,  1.321826
0.8210,  1.324105
0.8215,  1.400363
0.8220,  1.566774
0.8225,  1.738047
0.8230,  1.774723
0.8235,  1.679056
0.8240,  1.530846
0.8245,  1.387883
0.8250,  1.303223
0.8255,  1.257642
0.8260,  1.254607
0.8265,  1.295727
0.8270,  1.360120
0.8275,  1.442922
0.8280,  1.539738
0.8285,  1.543064
0.8290,  1.535974
0.8295,  1.524847
0.8300,  1.512361
0.8305,  1.463518
0.8310,  1.430990
0.8315,  1.434369
0.8320,  1.432755
0.8325,  1.462275
0.8330,  1.458240
0.8335,  1.443299
0.8340,  1.382977
0.8345,  1.337446
0.8350,  1.287437
0.8355,  1.232941
0.8360,  1.204539
0.8365,  1.202203
0.8370,  1.184357
0.8375,  1.174766
0.8380,  1.189638
0.8385,  1.211509
0.8390,  1.208985
0.8395,  1.179855
0.8400,  1.153833
0.8405,  1.127830
0.8410,  1.133610
0.8415,  1.157765
0.8420,  1.144355
0.8425,  1.130920
0.8430,  1.144840
0.8435,  1.165091
0.8440,  1.193944
0.8445,  1.214508
0.8450,  1.203033
0.8455,  1.197092
0.8460,  1.199778
0.8465,  1.167573
0.8470,  1.151606
0.8475,  1.154502
0.8480,  1.121431
0.8485,  1.152452
0.8490,  1.169771
0.8495,  1.233771
0.8500,  1.286422
0.8505,  1.360304
0.8510,  1.385224
0.8515,  1.386123
0.8520,  1.413808
0.8525,  1.425680
0.8530,  1.460683
0.8535,  1.555141
0.8540,  1.621550
0.8545,  1.630903
0.8550,  1.513659
0.8555,  1.424899
0.8560,  1.366344
0.8565,  1.343055
0.8570,  1.350087
0.8575,  1.349488
0.8580,  1.352234
0.8585,  1.353751
0.8590,  1.399493
0.8595,  1.397737
0.8600,  1.400567
0.8605,  1.432735
0.8610,  1.517282
0.8615,  1.536788
0.8620,  1.519328
0.8625,  1.448319
0.8630,  1.432984
0.8635,  1.443910
0.8640,  1.500686
0.8645,  1.500197
0.8650,  1.626299
0.8655,  1.891622
0.8660,  2.141812
0.8665,  2.159303
0.8670,  2.175930
0.8675,  2.192127
0.8680,  2.126879
0.8685,  1.996724
0.8690,  1.844806
0.8695,  1.870410
0.8700,  1.881387
0.8705,  1.867410
0.8710,  1.843740
0.8715,  1.785127
0.8720,  1.794875
0.8725,  1.865122
0.8730,  1.973664
0.8735,  2.010817
0.8740,  2.176959
0.8745,  2.259258
0.8750,  2.282498
0.8755,  2.300296
0.8760,  2.329240
0.8765,  2.586133
0.8770,  2.754127
0.8775,  2.770274
0.8780,  2.750630
0.8785,  2.823495
0.8790,  2.850169
0.8795,  2.939055
0.8800,  2.855773
0.8805,  2.774019
0.8810,  2.610007
0.8815,  2.771700
0.8820,  2.894617
0.8825,  3.198666
0.8830,  5.780311
0.8835,  Infinity
0.8840,  6.289955
0.8845,  7.279796
0.8850,  4.123438
0.8855,  4.055897
0.8860,  5.093390
0.8865,  Infinity
0.8870,  Infinity
0.8875,  Infinity
0.8880,  Infinity
0.8885,  Infinity
0.8890,  Infinity
0.8895,  Infinity
0.8900,  Infinity
