0.3500,  2.131111
0.3505,  2.015875
0.3510,  1.941856
0.3515,  1.849390
0.3520,  1.762629
0.3525,  1.660787
0.3530,  1.641176
0.3535,  1.596225
0.3540,  1.585481
0.3545,  1.600310
0.3550,  1.579834
0.3555,  1.572894
0.3560,  1.555902
0.3565,  1.570591
0.3570,  1.635345
0.3575,  1.710282
0.3580,  1.773931
0.3585,  1.754744
0.3590,  1.968435
0.3595,  2.081024
0.3600,  2.011496
0.3605,  1.879213
0.3610,  1.775837
0.3615,  1.618753
0.3620,  1.585778
0.3625,  1.555677
0.3630,  1.513304
0.3635,  1.482461
0.3640,  1.414957
0.3645,  1.341774
0.3650,  1.301014
0.3655,  1.281821
0.3660,  1.242384
0.3665,  1.216372
0.3670,  1.168954
0.3675,  1.121369
0.3680,  1.059200
0.3685,  0.998851
0.3690,  1.027402
0.3695,  1.062355
0.3700,  1.023889
0.3705,  0.980957
0.3710,  0.996201
0.3715,  1.016275
0.3720,  0.994312
0.3725,  0.990106
0.3730,  0.988293
0.3735,  0.986122
0.3740,  1.038501
0.3745,  1.070126
0.3750,  1.154034
0.3755,  1.209611
0.3760,  1.177464
0.3765,  1.109868
0.3770,  1.100637
0.3775,  1.108186
0.3780,  1.076921
0.3785,  1.062231
0.3790,  0.960286
0.3795,  0.843419
0.3800,  0.884720
0.3805,  0.946054
0.3810,  0.938957
0.3815,  0.959105
0.3820,  0.920132
0.3825,  0.869224
0.3830,  0.901804
0.3835,  0.907686
0.3840,  1.107231
0.3845,  1.252551
0.3850,  1.273873
0.3855,  1.267724
0.3860,  1.219072
0.3865,  1.186170
0.3870,  1.158292
0.3875,  1.129117
0.3880,  1.089743
0.3885,  1.039722
0.3890,  1.072057
0.3895,  1.079421
0.3900,  1.020995
0.3905,  0.968792
0.3910,  0.947944
0.3915,  0.956649
0.3920,  0.853732
0.3925,  0.772578
0.3930,  0.642312
0.3935,  0.455507
0.3940,  0.806127
0.3945,  1.028762
0.3950,  1.123072
0.3955,  1.208865
0.3960,  1.034641
0.3965,  0.827513
0.3970,  0.850025
0.3975,  0.813675
0.3980,  0.949233
0.3985,  1.031022
0.3990,  0.964499
0.3995,  0.908702
0.4000,  0.832271
0.4005,  0.764246
0.4010,  0.722453
0.4015,  0.694450
0.4020,  0.660225
0.4025,  0.637543
0.4030,  0.601759
0.4035,  0.567590
0.4040,  0.554184
0.4045,  0.545704
0.4050,  0.539698
0.4055,  0.544412
0.4060,  0.533931
0.4065,  0.520350
0.4070,  0.536342
0.4075,  0.548877
0.4080,  0.576858
0.4085,  0.602997
0.4090,  0.591890
0.4095,  0.579684
0.4100,  0.523016
0.4105,  0.462349
0.4110,  0.528750
0.4115,  0.586894
0.4120,  0.566692
0.4125,  0.542812
0.4130,  0.524559
0.4135,  0.510585
0.4140,  0.502841
0.4145,  0.492253
0.4150,  0.488353
0.4155,  0.488173
0.4160,  0.510916
0.4165,  0.537400
0.4170,  0.496745
0.4175,  0.453043
0.4180,  0.457867
0.4185,  0.469421
0.4190,  0.478214
0.4195,  0.479184
0.4200,  0.491383
0.4205,  0.503520
0.4210,  0.508796
0.4215,  0.517678
0.4220,  0.468735
0.4225,  0.417449
0.4230,  0.457476
0.4235,  0.496396
0.4240,  0.512003
0.4245,  0.530151
0.4250,  0.515606
0.4255,  0.500010
0.4260,  0.498318
0.4265,  0.508065
0.4270,  0.476446
0.4275,  0.447113
0.4280,  0.455556
0.4285,  0.477571
0.4290,  0.465876
0.4295,  0.459733
0.4300,  0.381443
0.4305,  0.280528
0.4310,  0.486782
0.4315,  0.641601
0.4320,  0.609989
0.4325,  0.567486
0.4330,  0.561629
0.4335,  0.555509
0.4340,  0.518217
0.4345,  0.484994
0.4350,  0.479254
0.4355,  0.471632
0.4360,  0.506651
0.4365,  0.540490
0.4370,  0.500366
0.4375,  0.471594
0.4380,  0.420218
0.4385,  0.361136
0.4390,  0.432708
0.4395,  0.495001
0.4400,  0.464663
0.4405,  0.424875
0.4410,  0.460644
0.4415,  0.493749
0.4420,  0.489894
0.4425,  0.485519
0.4430,  0.455382
0.4435,  0.430560
0.4440,  0.438333
0.4445,  0.448822
0.4450,  0.413682
0.4455,  0.374752
0.4460,  0.392210
0.4465,  0.405722
0.4470,  0.440758
0.4475,  0.472620
0.4480,  0.443721
0.4485,  0.408589
0.4490,  0.407774
0.4495,  0.406234
0.4500,  0.419223
0.4505,  0.431547
0.4510,  0.422132
0.4515,  0.410554
0.4520,  0.378893
0.4525,  0.352025
0.4530,  0.366489
0.4535,  0.379109
0.4540,  0.388462
0.4545,  0.391105
0.4550,  0.399812
0.4555,  0.408518
0.4560,  0.412446
0.4565,  0.416287
0.4570,  0.415783
0.4575,  0.416438
0.4580,  0.386641
0.4585,  0.358487
0.4590,  0.368009
0.4595,  0.374654
0.4600,  0.378291
0.4605,  0.380848
0.4610,  0.378263
0.4615,  0.375460
0.4620,  0.381904
0.4625,  0.391536
0.4630,  0.375369
0.4635,  0.363534
0.4640,  0.353675
0.4645,  0.344792
0.4650,  0.369334
0.4655,  0.390869
0.4660,  0.368591
0.4665,  0.348550
0.4670,  0.375671
0.4675,  0.398602
0.4680,  0.396259
0.4685,  0.391689
0.4690,  0.387937
0.4695,  0.388927
0.4700,  0.364770
0.4705,  0.336513
0.4710,  0.367033
0.4715,  0.395260
0.4720,  0.394689
0.4725,  0.391141
0.4730,  0.377364
0.4735,  0.361431
0.4740,  0.368916
0.4745,  0.378253
0.4750,  0.368248
0.4755,  0.357276
0.4760,  0.340308
0.4765,  0.324469
0.4770,  0.349910
0.4775,  0.372860
0.4780,  0.354619
0.4785,  0.337138
0.4790,  0.349544
0.4795,  0.358674
0.4800,  0.345036
0.4805,  0.331739
0.4810,  0.340009
0.4815,  0.348299
0.4820,  0.330910
0.4825,  0.317425
0.4830,  0.313861
0.4835,  0.316371
0.4840,  0.312857
0.4845,  0.314102
0.4850,  0.297139
0.4855,  0.282597
0.4860,  0.250452
0.4865,  0.207658
0.4870,  0.266853
0.4875,  0.316211
0.4880,  0.330210
0.4885,  0.339194
0.4890,  0.334125
0.4895,  0.329387
0.4900,  0.327098
0.4905,  0.330329
0.4910,  0.301506
0.4915,  0.274013
0.4920,  0.274152
0.4925,  0.271479
0.4930,  0.267006
0.4935,  0.258601
0.4940,  0.290423
0.4945,  0.322549
0.4950,  0.286878
0.4955,  0.250728
0.4960,  0.269107
0.4965,  0.287687
0.4970,  0.289111
0.4975,  0.293215
0.4980,  0.260203
0.4985,  0.224180
0.4990,  0.249393
0.4995,  0.276111
0.5000,  0.254338
0.5005,  0.232413
0.5010,  0.227489
0.5015,  0.218505
0.5020,  0.238092
0.5025,  0.256712
0.5030,  0.265449
0.5035,  0.273863
0.5040,  0.257576
0.5045,  0.236677
0.5050,  0.258904
0.5055,  0.279903
0.5060,  0.268387
0.5065,  0.258369
0.5070,  0.247731
0.5075,  0.236915
0.5080,  0.240434
0.5085,  0.241969
0.5090,  0.239991
0.5095,  0.236707
0.5100,  0.240697
0.5105,  0.245744
0.5110,  0.255281
0.5115,  0.264751
0.5120,  0.237344
0.5125,  0.210655
0.5130,  0.213320
0.5135,  0.213964
0.5140,  0.221431
0.5145,  0.228244
0.5150,  0.237707
0.5155,  0.252228
0.5160,  0.211126
0.5165,  0.169955
0.5170,  0.200543
0.5175,  0.227172
0.5180,  0.212914
0.5185,  0.191593
0.5190,  0.229620
0.5195,  0.262769
0.5200,  0.250383
0.5205,  0.239284
0.5210,  0.248519
0.5215,  0.258081
0.5220,  0.234406
0.5225,  0.210601
0.5230,  0.224812
0.5235,  0.234225
0.5240,  0.242127
0.5245,  0.252474
0.5250,  0.245644
0.5255,  0.244111
0.5260,  0.193115
0.5265,  0.138581
0.5270,  0.184936
0.5275,  0.222364
0.5280,  0.232013
0.5285,  0.239252
0.5290,  0.236746
0.5295,  0.232443
0.5300,  0.233960
0.5305,  0.235694
0.5310,  0.234864
0.5315,  0.239237
0.5320,  0.199111
0.5325,  0.157245
0.5330,  0.200244
0.5335,  0.238330
0.5340,  0.220440
0.5345,  0.200822
0.5350,  0.226742
0.5355,  0.253238
0.5360,  0.226468
0.5365,  0.201973
0.5370,  0.207932
0.5375,  0.213332
0.5380,  0.219513
0.5385,  0.227488
0.5390,  0.214605
0.5395,  0.201759
0.5400,  0.190543
0.5405,  0.178890
0.5410,  0.208587
0.5415,  0.237084
0.5420,  0.223309
0.5425,  0.208687
0.5430,  0.218775
0.5435,  0.227339
0.5440,  0.224523
0.5445,  0.222705
0.5450,  0.228297
0.5455,  0.231960
0.5460,  0.227554
0.5465,  0.224314
0.5470,  0.214361
0.5475,  0.203425
0.5480,  0.211017
0.5485,  0.218480
0.5490,  0.224743
0.5495,  0.231225
0.5500,  0.224325
0.5505,  0.217608
0.5510,  0.219964
0.5515,  0.222597
0.5520,  0.220174
0.5525,  0.214399
0.5530,  0.222857
0.5535,  0.230387
0.5540,  0.231709
0.5545,  0.232603
0.5550,  0.233964
0.5555,  0.236379
0.5560,  0.222472
0.5565,  0.209910
0.5570,  0.219998
0.5575,  0.231204
0.5580,  0.223158
0.5585,  0.213900
0.5590,  0.221369
0.5595,  0.227138
0.5600,  0.233919
0.5605,  0.238786
0.5610,  0.232303
0.5615,  0.226017
0.5620,  0.230528
0.5625,  0.236789
0.5630,  0.239968
0.5635,  0.243427
0.5640,  0.245282
0.5645,  0.247652
0.5650,  0.238249
0.5655,  0.225813
0.5660,  0.232641
0.5665,  0.239624
0.5670,  0.251406
0.5675,  0.264782
0.5680,  0.248806
0.5685,  0.233391
0.5690,  0.249328
0.5695,  0.266210
0.5700,  0.249493
0.5705,  0.228516
0.5710,  0.239849
0.5715,  0.243598
0.5720,  0.252467
0.5725,  0.262677
0.5730,  0.253877
0.5735,  0.247787
0.5740,  0.245279
0.5745,  0.244967
0.5750,  0.237899
0.5755,  0.229817
0.5760,  0.236358
0.5765,  0.242244
0.5770,  0.247913
0.5775,  0.253870
0.5780,  0.238155
0.5785,  0.219544
0.5790,  0.230545
0.5795,  0.240182
0.5800,  0.240822
0.5805,  0.240291
0.5810,  0.242477
0.5815,  0.246365
0.5820,  0.249727
0.5825,  0.253067
0.5830,  0.247573
0.5835,  0.243414
0.5840,  0.244678
0.5845,  0.249286
0.5850,  0.235680
0.5855,  0.222062
0.5860,  0.237363
0.5865,  0.251654
0.5870,  0.259575
0.5875,  0.272324
0.5880,  0.263197
0.5885,  0.259747
0.5890,  0.240669
0.5895,  0.212885
0.5900,  0.270596
0.5905,  0.318412
0.5910,  0.306006
0.5915,  0.291037
0.5920,  0.288653
0.5925,  0.287449
0.5930,  0.279164
0.5935,  0.277171
0.5940,  0.275378
0.5945,  0.274709
0.5950,  0.282432
0.5955,  0.284623
0.5960,  0.286089
0.5965,  0.286399
0.5970,  0.275483
0.5975,  0.268320
0.5980,  0.262451
0.5985,  0.259115
0.5990,  0.268606
0.5995,  0.276421
0.6000,  0.271400
0.6005,  0.267074
0.6010,  0.268955
0.6015,  0.270373
0.6020,  0.261297
0.6025,  0.250537
0.6030,  0.265307
0.6035,  0.280663
0.6040,  0.276903
0.6045,  0.274655
0.6050,  0.271893
0.6055,  0.267903
0.6060,  0.265054
0.6065,  0.261454
0.6070,  0.261312
0.6075,  0.264804
0.6080,  0.268224
0.6085,  0.270373
0.6090,  0.278338
0.6095,  0.284413
0.6100,  0.276546
0.6105,  0.264000
0.6110,  0.272544
0.6115,  0.282046
0.6120,  0.273538
0.6125,  0.267251
0.6130,  0.266833
0.6135,  0.267040
0.6140,  0.280423
0.6145,  0.292246
0.6150,  0.296372
0.6155,  0.299548
0.6160,  0.275381
0.6165,  0.247673
0.6170,  0.271172
0.6175,  0.293180
0.6180,  0.299110
0.6185,  0.302608
0.6190,  0.300713
0.6195,  0.297431
0.6200,  0.304600
0.6205,  0.311780
0.6210,  0.300452
0.6215,  0.290750
0.6220,  0.298134
0.6225,  0.307909
0.6230,  0.299465
0.6235,  0.296114
0.6240,  0.303035
0.6245,  0.306275
0.6250,  0.302714
0.6255,  0.295080
0.6260,  0.308316
0.6265,  0.320156
0.6270,  0.320588
0.6275,  0.323261
0.6280,  0.331711
0.6285,  0.338716
0.6290,  0.339460
0.6295,  0.339356
0.6300,  0.336697
0.6305,  0.330972
0.6310,  0.324852
0.6315,  0.324937
0.6320,  0.322710
0.6325,  0.320924
0.6330,  0.319829
0.6335,  0.320250
0.6340,  0.323562
0.6345,  0.326367
0.6350,  0.332173
0.6355,  0.335941
0.6360,  0.337219
0.6365,  0.332899
0.6370,  0.325952
0.6375,  0.319684
0.6380,  0.318008
0.6385,  0.319886
0.6390,  0.323129
0.6395,  0.327501
0.6400,  0.330380
0.6405,  0.331538
0.6410,  0.326928
0.6415,  0.327268
0.6420,  0.325606
0.6425,  0.323519
0.6430,  0.321528
0.6435,  0.321476
0.6440,  0.321684
0.6445,  0.327852
0.6450,  0.337719
0.6455,  0.344869
0.6460,  0.351786
0.6465,  0.357059
0.6470,  0.361042
0.6475,  0.361121
0.6480,  0.362679
0.6485,  0.359147
0.6490,  0.353262
0.6495,  0.358134
0.6500,  0.359637
0.6505,  0.364559
0.6510,  0.374593
0.6515,  0.377022
0.6520,  0.378710
0.6525,  0.374226
0.6530,  0.369351
0.6535,  0.359737
0.6540,  0.354208
0.6545,  0.355579
0.6550,  0.366113
0.6555,  0.374405
0.6560,  0.371310
0.6565,  0.356819
0.6570,  0.328036
0.6575,  0.342126
0.6580,  0.352501
0.6585,  0.361323
0.6590,  0.372536
0.6595,  0.364911
0.6600,  0.356451
0.6605,  0.347838
0.6610,  0.341323
0.6615,  0.333722
0.6620,  0.330892
0.6625,  0.331443
0.6630,  0.336840
0.6635,  0.342847
0.6640,  0.347284
0.6645,  0.349928
0.6650,  0.349868
0.6655,  0.345471
0.6660,  0.342189
0.6665,  0.337093
0.6670,  0.331793
0.6675,  0.332412
0.6680,  0.331370
0.6685,  0.335016
0.6690,  0.337812
0.6695,  0.339620
0.6700,  0.343330
0.6705,  0.349276
0.6710,  0.357440
0.6715,  0.364726
0.6720,  0.368816
0.6725,  0.368656
0.6730,  0.364088
0.6735,  0.356808
0.6740,  0.354350
0.6745,  0.352743
0.6750,  0.355507
0.6755,  0.362705
0.6760,  0.370952
0.6765,  0.376736
0.6770,  0.380204
0.6775,  0.378901
0.6780,  0.378057
0.6785,  0.375984
0.6790,  0.373321
0.6795,  0.372215
0.6800,  0.371314
0.6805,  0.373628
0.6810,  0.375242
0.6815,  0.376522
0.6820,  0.380161
0.6825,  0.385111
0.6830,  0.392281
0.6835,  0.396276
0.6840,  0.398059
0.6845,  0.400613
0.6850,  0.405454
0.6855,  0.421270
0.6860,  0.456116
0.6865,  0.506359
0.6870,  0.553964
0.6875,  0.578999
0.6880,  0.588408
0.6885,  0.586500
0.6890,  0.585468
0.6895,  0.581814
0.6900,  0.570669
0.6905,  0.557439
0.6910,  0.543368
0.6915,  0.535634
0.6920,  0.534483
0.6925,  0.534856
0.6930,  0.539593
0.6935,  0.543134
0.6940,  0.549338
0.6945,  0.551350
0.6950,  0.538400
0.6955,  0.524962
0.6960,  0.515622
0.6965,  0.502628
0.6970,  0.496427
0.6975,  0.503676
0.6980,  0.514574
0.6985,  0.523796
0.6990,  0.533621
0.6995,  0.535432
0.7000,  0.534444
0.7005,  0.530402
0.7010,  0.524849
0.7015,  0.530547
0.7020,  0.535671
0.7025,  0.535841
0.7030,  0.530835
0.7035,  0.531727
0.7040,  0.539936
0.7045,  0.547575
0.7050,  0.552747
0.7055,  0.552083
0.7060,  0.553363
0.7065,  0.541192
0.7070,  0.536034
0.7075,  0.529252
0.7080,  0.524079
0.7085,  0.517673
0.7090,  0.514770
0.7095,  0.514033
0.7100,  0.521673
0.7105,  0.529492
0.7110,  0.541538
0.7115,  0.546525
0.7120,  0.550030
0.7125,  0.549356
0.7130,  0.547469
0.7135,  0.548662
0.7140,  0.547611
0.7145,  0.549183
0.7150,  0.554806
0.7155,  0.571694
0.7160,  0.611390
0.7165,  0.664070
0.7170,  0.727627
0.7175,  0.793987
0.7180,  0.863555
0.7185,  0.922901
0.7190,  0.974261
0.7195,  0.995347
0.7200,  0.985425
0.7205,  0.947744
0.7210,  0.889818
0.7215,  0.827530
0.7220,  0.800437
0.7225,  0.802975
0.7230,  0.827486
0.7235,  0.863767
0.7240,  0.903740
0.7245,  0.931166
0.7250,  0.943152
0.7255,  0.945057
0.7260,  0.939684
0.7265,  0.929791
0.7270,  0.919676
0.7275,  0.914527
0.7280,  0.927893
0.7285,  0.930541
0.7290,  0.929735
0.7295,  0.927677
0.7300,  0.924513
0.7305,  0.914263
0.7310,  0.891351
0.7315,  0.864531
0.7320,  0.832446
0.7325,  0.796950
0.7330,  0.764463
0.7335,  0.734569
0.7340,  0.709988
0.7345,  0.703774
0.7350,  0.703964
0.7355,  0.707666
0.7360,  0.718832
0.7365,  0.717300
0.7370,  0.712738
0.7375,  0.701209
0.7380,  0.688490
0.7385,  0.689994
0.7390,  0.687163
0.7395,  0.683750
0.7400,  0.678861
0.7405,  0.673538
0.7410,  0.663580
0.7415,  0.668765
0.7420,  0.672111
0.7425,  0.676337
0.7430,  0.678303
0.7435,  0.679947
0.7440,  0.684084
0.7445,  0.686391
0.7450,  0.687600
0.7455,  0.686465
0.7460,  0.688731
0.7465,  0.687836
0.7470,  0.681601
0.7475,  0.673067
0.7480,  0.672889
0.7485,  0.679364
0.7490,  0.692039
0.7495,  0.706437
0.7500,  0.714156
0.7505,  0.720864
0.7510,  0.725368
0.7515,  0.715104
0.7520,  0.716725
0.7525,  0.713391
0.7530,  0.713499
0.7535,  0.717568
0.7540,  0.715747
0.7545,  0.710267
0.7550,  0.722362
0.7555,  0.729977
0.7560,  0.735496
0.7565,  0.740403
0.7570,  0.736699
0.7575,  0.744773
0.7580,  0.779339
0.7585,  0.870833
0.7590,  1.046240
0.7595,  1.375920
0.7600,  1.924805
0.7605,  2.771478
0.7610,  3.803519
0.7615,  4.359345
0.7620,  4.009573
0.7625,  4.076806
0.7630,  3.765909
0.7635,  3.139322
0.7640,  2.593269
0.7645,  2.172506
0.7650,  1.863355
0.7655,  1.645379
0.7660,  1.460695
0.7665,  1.303082
0.7670,  1.196589
0.7675,  1.116010
0.7680,  1.045903
0.7685,  1.003652
0.7690,  0.976013
0.7695,  0.947201
0.7700,  0.919986
0.7705,  0.905931
0.7710,  0.891354
0.7715,  0.891412
0.7720,  0.897584
0.7725,  0.889679
0.7730,  0.891226
0.7735,  0.886873
0.7740,  0.889774
0.7745,  0.885279
0.7750,  0.876698
0.7755,  0.875845
0.7760,  0.880171
0.7765,  0.894998
0.7770,  0.908687
0.7775,  0.914689
0.7780,  0.913990
0.7785,  0.922201
0.7790,  0.910328
0.7795,  0.920853
0.7800,  0.925439
0.7805,  0.928939
0.7810,  0.929200
0.7815,  0.926302
0.7820,  0.916741
0.7825,  0.892779
0.7830,  0.886549
0.7835,  0.916182
0.7840,  0.925056
0.7845,  0.945207
0.7850,  0.953446
0.7855,  0.976943
0.7860,  0.981469
0.7865,  0.996294
0.7870,  1.009023
0.7875,  1.023187
0.7880,  1.046213
0.7885,  1.052308
0.7890,  1.057480
0.7895,  1.067641
0.7900,  1.080212
0.7905,  1.079691
0.7910,  1.088080
0.7915,  1.092233
0.7920,  1.088208
0.7925,  1.100592
0.7930,  1.103547
0.7935,  1.122355
0.7940,  1.133318
0.7945,  1.141205
0.7950,  1.172787
0.7955,  1.214035
0.7960,  1.236463
0.7965,  1.250806
0.7970,  1.225719
0.7975,  1.215164
0.7980,  1.190753
0.7985,  1.208075
0.7990,  1.222010
0.7995,  1.237090
0.8000,  1.244873
0.8005,  1.232807
0.8010,  1.250305
0.8015,  1.236255
0.8020,  1.243435
0.8025,  1.287383
0.8030,  1.332606
0.8035,  1.346835
0.8040,  1.354929
0.8045,  1.336162
0.8050,  1.328746
0.8055,  1.319523
0.8060,  1.303533
0.8065,  1.281261
0.8070,  1.251004
0.8075,  1.258442
0.8080,  1.291444
0.8085,  1.313621
0.8090,  1.348297
0.8095,  1.385147
0.8100,  1.416969
0.8105,  1.430482
0.8110,  1.474560
0.8115,  1.572510
0.8120,  1.664419
0.8125,  1.788964
0.8130,  1.901844
0.8135,  1.995256
0.8140,  2.106992
0.8145,  2.237006
0.8150,  2.486456
0.8155,  2.823322
0.8160,  3.364683
0.8165,  4.635371
0.8170,  5.932943
0.8175,  Infinity
0.8180,  Infinity
0.8185,  Infinity
0.8190,  8.681737
0.8195,  4.672895
0.8200,  3.414520
0.8205,  2.772785
0.8210,  2.586893
0.8215,  2.687511
0.8220,  3.338941
0.8225,  Infinity
0.8230,  Infinity
0.8235,  Infinity
0.8240,  5.927177
0.8245,  3.369802
0.8250,  2.824778
0.8255,  2.647006
0.8260,  2.469118
0.8265,  2.510444
0.8270,  2.718710
0.8275,  3.031020
0.8280,  3.423169
0.8285,  4.079341
0.8290,  6.263347
0.8295,  7.023303
0.8300,  4.364568
0.8305,  3.702258
0.8310,  3.622050
0.8315,  3.438836
0.8320,  3.458825
0.8325,  3.422715
0.8330,  3.465820
0.8335,  3.590561
0.8340,  3.595011
0.8345,  3.349379
0.8350,  3.402749
0.8355,  3.237120
0.8360,  2.994492
0.8365,  2.698419
0.8370,  2.558756
0.8375,  2.511805
0.8380,  2.481800
0.8385,  2.552133
0.8390,  2.640541
0.8395,  2.664240
0.8400,  2.655570
0.8405,  2.599299
0.8410,  2.546356
0.8415,  2.470982
0.8420,  2.472631
0.8425,  2.412533
0.8430,  2.427436
0.8435,  2.469239
0.8440,  2.558832
0.8445,  2.699175
0.8450,  2.796149
0.8455,  2.879762
0.8460,  2.744279
0.8465,  2.675889
0.8470,  2.825460
0.8475,  3.117395
0.8480,  3.919759
0.8485,  4.968081
0.8490,  4.886311
0.8495,  8.392963
0.8500,  Infinity
0.8505,  Infinity
0.8510,  Infinity
0.8515,  Infinity
0.8520,  Infinity
0.8525,  Infinity
0.8530,  Infinity
0.8535,  Infinity
0.8540,  Infinity
0.8545,  4.308920
0.8550,  4.497247
0.8555,  4.643374
0.8560,  8.148445
0.8565,  Infinity
0.8570,  Infinity
0.8575,  Infinity
0.8580,  Infinity
0.8585,  Infinity
0.8590,  Infinity
0.8595,  Infinity
0.8600,  Infinity
0.8605,  Infinity
0.8610,  5.508829
0.8615,  4.558922
0.8620,  6.276259
0.8625,  6.092746
0.8630,  Infinity
0.8635,  Infinity
0.8640,  Infinity
0.8645,  Infinity
0.8650,  Infinity
0.8655,  Infinity
0.8660,  Infinity
0.8665,  Infinity
0.8670,  5.739229
0.8675,  5.042591
0.8680,  6.106176
0.8685,  Infinity
0.8690,  Infinity
0.8695,  Infinity
0.8700,  Infinity
0.8705,  Infinity
0.8710,  Infinity
0.8715,  4.306136
0.8720,  3.542280
0.8725,  3.554757
0.8730,  4.663241
0.8735,  7.784650
0.8740,  Infinity
0.8745,  Infinity
0.8750,  Infinity
0.8755,  Infinity
0.8760,  Infinity
0.8765,  Infinity
0.8770,  Infinity
0.8775,  Infinity
0.8780,  Infinity
0.8785,  3.968735
0.8790,  3.386908
0.8795,  3.516622
0.8800,  3.961718
0.8805,  4.772581
0.8810,  Infinity
0.8815,  Infinity
0.8820,  Infinity
0.8825,  Infinity
0.8830,  Infinity
0.8835,  6.216879
0.8840,  4.677043
0.8845,  4.652201
0.8850,  5.608278
0.8855,  5.426571
0.8860,  Infinity
0.8865,  Infinity
0.8870,  Infinity
0.8875,  Infinity
0.8880,  Infinity
0.8885,  4.621611
0.8890,  3.627861
0.8895,  3.805958
0.8900,  4.616540
