0.3500,  -1.144491
0.3505,  -1.081531
0.3510,  -1.118406
0.3515,  -1.156168
0.3520,  -1.195214
0.3525,  -1.239891
0.3530,  -1.193398
0.3535,  -1.147780
0.3540,  -1.121809
0.3545,  -1.094382
0.3550,  -1.116945
0.3555,  -1.134051
0.3560,  -1.174689
0.3565,  -1.211486
0.3570,  -1.241050
0.3575,  -1.279724
0.3580,  -1.322112
0.3585,  -1.376206
0.3590,  -1.209517
0.3595,  -1.077326
0.3600,  -1.096677
0.3605,  -1.114139
0.3610,  -1.168090
0.3615,  -1.224024
0.3620,  -1.176388
0.3625,  -1.132407
0.3630,  -1.145573
0.3635,  -1.159301
0.3640,  -1.168273
0.3645,  -1.182296
0.3650,  -1.149263
0.3655,  -1.121302
0.3660,  -1.113343
0.3665,  -1.099155
0.3670,  -1.126307
0.3675,  -1.148541
0.3680,  -1.177928
0.3685,  -1.208761
0.3690,  -1.161704
0.3695,  -1.117881
0.3700,  -1.149335
0.3705,  -1.179327
0.3710,  -1.158550
0.3715,  -1.132779
0.3720,  -1.162253
0.3725,  -1.191616
0.3730,  -1.225398
0.3735,  -1.260701
0.3740,  -1.248655
0.3745,  -1.244887
0.3750,  -1.164760
0.3755,  -1.103036
0.3760,  -1.114384
0.3765,  -1.134570
0.3770,  -1.090445
0.3775,  -1.050525
0.3780,  -1.059000
0.3785,  -1.058140
0.3790,  -1.153500
0.3795,  -1.251187
0.3800,  -1.188572
0.3805,  -1.124918
0.3810,  -1.148777
0.3815,  -1.164286
0.3820,  -1.252046
0.3825,  -1.356192
0.3830,  -1.374271
0.3835,  -1.413104
0.3840,  -1.246174
0.3845,  -1.116983
0.3850,  -1.110472
0.3855,  -1.108903
0.3860,  -1.124476
0.3865,  -1.134786
0.3870,  -1.144679
0.3875,  -1.155436
0.3880,  -1.176080
0.3885,  -1.201194
0.3890,  -1.141689
0.3895,  -1.093630
0.3900,  -1.095317
0.3905,  -1.096816
0.3910,  -1.083479
0.3915,  -1.056276
0.3920,  -1.153572
0.3925,  -1.248389
0.3930,  -1.414434
0.3935,  -1.652033
0.3940,  -1.347060
0.3945,  -1.134667
0.3950,  -1.035305
0.3955,  -0.949502
0.3960,  -1.127352
0.3965,  -1.342008
0.3970,  -1.316019
0.3975,  -1.307247
0.3980,  -1.112471
0.3985,  -0.983973
0.3990,  -1.006362
0.3995,  -1.025121
0.4000,  -1.068081
0.4005,  -1.099429
0.4010,  -1.109455
0.4015,  -1.112949
0.4020,  -1.122030
0.4025,  -1.125307
0.4030,  -1.148016
0.4035,  -1.168518
0.4040,  -1.170651
0.4045,  -1.172081
0.4050,  -1.170331
0.4055,  -1.166757
0.4060,  -1.182578
0.4065,  -1.199250
0.4070,  -1.185463
0.4075,  -1.175145
0.4080,  -1.150771
0.4085,  -1.127040
0.4090,  -1.133750
0.4095,  -1.139525
0.4100,  -1.188962
0.4105,  -1.242620
0.4110,  -1.170313
0.4115,  -1.108530
0.4120,  -1.125895
0.4125,  -1.141384
0.4130,  -1.154550
0.4135,  -1.167608
0.4140,  -1.175432
0.4145,  -1.182779
0.4150,  -1.186618
0.4155,  -1.190529
0.4160,  -1.163618
0.4165,  -1.136636
0.4170,  -1.177791
0.4175,  -1.219307
0.4180,  -1.208991
0.4185,  -1.200385
0.4190,  -1.192205
0.4195,  -1.185822
0.4200,  -1.173361
0.4205,  -1.162906
0.4210,  -1.154789
0.4215,  -1.145133
0.4220,  -1.196863
0.4225,  -1.249420
0.4230,  -1.209477
0.4235,  -1.173821
0.4240,  -1.158221
0.4245,  -1.143019
0.4250,  -1.159182
0.4255,  -1.176333
0.4260,  -1.171490
0.4265,  -1.167138
0.4270,  -1.194407
0.4275,  -1.224812
0.4280,  -1.213045
0.4285,  -1.195136
0.4290,  -1.207995
0.4295,  -1.219521
0.4300,  -1.303674
0.4305,  -1.408353
0.4310,  -1.213589
0.4315,  -1.071265
0.4320,  -1.106160
0.4325,  -1.143910
0.4330,  -1.145685
0.4335,  -1.142487
0.4340,  -1.167439
0.4345,  -1.192584
0.4350,  -1.188884
0.4355,  -1.186318
0.4360,  -1.147747
0.4365,  -1.110085
0.4370,  -1.141093
0.4375,  -1.165947
0.4380,  -1.218813
0.4385,  -1.275392
0.4390,  -1.201368
0.4395,  -1.137781
0.4400,  -1.171439
0.4405,  -1.209549
0.4410,  -1.167448
0.4415,  -1.129800
0.4420,  -1.131869
0.4425,  -1.131854
0.4430,  -1.156160
0.4435,  -1.178265
0.4440,  -1.164666
0.4445,  -1.149298
0.4450,  -1.183189
0.4455,  -1.217110
0.4460,  -1.200511
0.4465,  -1.189770
0.4470,  -1.154653
0.4475,  -1.120938
0.4480,  -1.151602
0.4485,  -1.181565
0.4490,  -1.175853
0.4495,  -1.172436
0.4500,  -1.156496
0.4505,  -1.140986
0.4510,  -1.153197
0.4515,  -1.159659
0.4520,  -1.189949
0.4525,  -1.219677
0.4530,  -1.203228
0.4535,  -1.188179
0.4540,  -1.182831
0.4545,  -1.179475
0.4550,  -1.168419
0.4555,  -1.161106
0.4560,  -1.159204
0.4565,  -1.157188
0.4570,  -1.156668
0.4575,  -1.153803
0.4580,  -1.180533
0.4585,  -1.206018
0.4590,  -1.194441
0.4595,  -1.184401
0.4600,  -1.177839
0.4605,  -1.172897
0.4610,  -1.172241
0.4615,  -1.172076
0.4620,  -1.165445
0.4625,  -1.158126
0.4630,  -1.171272
0.4635,  -1.182667
0.4640,  -1.192193
0.4645,  -1.199717
0.4650,  -1.178470
0.4655,  -1.159572
0.4660,  -1.180036
0.4665,  -1.203934
0.4670,  -1.181692
0.4675,  -1.160024
0.4680,  -1.164691
0.4685,  -1.169748
0.4690,  -1.167708
0.4695,  -1.164065
0.4700,  -1.186532
0.4705,  -1.209474
0.4710,  -1.177590
0.4715,  -1.151726
0.4720,  -1.151384
0.4725,  -1.149328
0.4730,  -1.164519
0.4735,  -1.177181
0.4740,  -1.164222
0.4745,  -1.152930
0.4750,  -1.161228
0.4755,  -1.167371
0.4760,  -1.179539
0.4765,  -1.192396
0.4770,  -1.166829
0.4775,  -1.143444
0.4780,  -1.160348
0.4785,  -1.176924
0.4790,  -1.164482
0.4795,  -1.150865
0.4800,  -1.158127
0.4805,  -1.166717
0.4810,  -1.155556
0.4815,  -1.142936
0.4820,  -1.153853
0.4825,  -1.166474
0.4830,  -1.163160
0.4835,  -1.156443
0.4840,  -1.157193
0.4845,  -1.154320
0.4850,  -1.165927
0.4855,  -1.176886
0.4860,  -1.208780
0.4865,  -1.251235
0.4870,  -1.195591
0.4875,  -1.151296
0.4880,  -1.142424
0.4885,  -1.134736
0.4890,  -1.134492
0.4895,  -1.133243
0.4900,  -1.129157
0.4905,  -1.120960
0.4910,  -1.145114
0.4915,  -1.168036
0.4920,  -1.163531
0.4925,  -1.160831
0.4930,  -1.165419
0.4935,  -1.171982
0.4940,  -1.138251
0.4945,  -1.107437
0.4950,  -1.140250
0.4955,  -1.171525
0.4960,  -1.152652
0.4965,  -1.132267
0.4970,  -1.128674
0.4975,  -1.125277
0.4980,  -1.154698
0.4985,  -1.184563
0.4990,  -1.156764
0.4995,  -1.129881
0.5000,  -1.150464
0.5005,  -1.170666
0.5010,  -1.175919
0.5015,  -1.183446
0.5020,  -1.163415
0.5025,  -1.145765
0.5030,  -1.139288
0.5035,  -1.132068
0.5040,  -1.149713
0.5045,  -1.168330
0.5050,  -1.143467
0.5055,  -1.121975
0.5060,  -1.133768
0.5065,  -1.141115
0.5070,  -1.151772
0.5075,  -1.161360
0.5080,  -1.155230
0.5085,  -1.151195
0.5090,  -1.152436
0.5095,  -1.155699
0.5100,  -1.151556
0.5105,  -1.146375
0.5110,  -1.137012
0.5115,  -1.126365
0.5120,  -1.151990
0.5125,  -1.177328
0.5130,  -1.173378
0.5135,  -1.167910
0.5140,  -1.160251
0.5145,  -1.154554
0.5150,  -1.143414
0.5155,  -1.127625
0.5160,  -1.169743
0.5165,  -1.212288
0.5170,  -1.181324
0.5175,  -1.157218
0.5180,  -1.174951
0.5185,  -1.200103
0.5190,  -1.166394
0.5195,  -1.137268
0.5200,  -1.149804
0.5205,  -1.159464
0.5210,  -1.149262
0.5215,  -1.135692
0.5220,  -1.155704
0.5225,  -1.175392
0.5230,  -1.160725
0.5235,  -1.148122
0.5240,  -1.139121
0.5245,  -1.129507
0.5250,  -1.135432
0.5255,  -1.134711
0.5260,  -1.183552
0.5265,  -1.237260
0.5270,  -1.191812
0.5275,  -1.156140
0.5280,  -1.148914
0.5285,  -1.145425
0.5290,  -1.152122
0.5295,  -1.155225
0.5300,  -1.152527
0.5305,  -1.147852
0.5310,  -1.143818
0.5315,  -1.137026
0.5320,  -1.174993
0.5325,  -1.213748
0.5330,  -1.170778
0.5335,  -1.133885
0.5340,  -1.151675
0.5345,  -1.173237
0.5350,  -1.148539
0.5355,  -1.122038
0.5360,  -1.148971
0.5365,  -1.173571
0.5370,  -1.167186
0.5375,  -1.161760
0.5380,  -1.154794
0.5385,  -1.146888
0.5390,  -1.159255
0.5395,  -1.169945
0.5400,  -1.179372
0.5405,  -1.191154
0.5410,  -1.163669
0.5415,  -1.139337
0.5420,  -1.155457
0.5425,  -1.172041
0.5430,  -1.162096
0.5435,  -1.151223
0.5440,  -1.153128
0.5445,  -1.155301
0.5450,  -1.150985
0.5455,  -1.145603
0.5460,  -1.149656
0.5465,  -1.153190
0.5470,  -1.161936
0.5475,  -1.171668
0.5480,  -1.165128
0.5485,  -1.159697
0.5490,  -1.153449
0.5495,  -1.146888
0.5500,  -1.154527
0.5505,  -1.161833
0.5510,  -1.158257
0.5515,  -1.154887
0.5520,  -1.159702
0.5525,  -1.163732
0.5530,  -1.153692
0.5535,  -1.146913
0.5540,  -1.144876
0.5545,  -1.143080
0.5550,  -1.143934
0.5555,  -1.141888
0.5560,  -1.154869
0.5565,  -1.167743
0.5570,  -1.156207
0.5575,  -1.144269
0.5580,  -1.154124
0.5585,  -1.165393
0.5590,  -1.158304
0.5595,  -1.153976
0.5600,  -1.148026
0.5605,  -1.142502
0.5610,  -1.149854
0.5615,  -1.155623
0.5620,  -1.150307
0.5625,  -1.144595
0.5630,  -1.141963
0.5635,  -1.138901
0.5640,  -1.138969
0.5645,  -1.137571
0.5650,  -1.147492
0.5655,  -1.159425
0.5660,  -1.151566
0.5665,  -1.145673
0.5670,  -1.133802
0.5675,  -1.120937
0.5680,  -1.137544
0.5685,  -1.153633
0.5690,  -1.139034
0.5695,  -1.124088
0.5700,  -1.143285
0.5705,  -1.165343
0.5710,  -1.153984
0.5715,  -1.144633
0.5720,  -1.135236
0.5725,  -1.124732
0.5730,  -1.131540
0.5735,  -1.135551
0.5740,  -1.135477
0.5745,  -1.134372
0.5750,  -1.140369
0.5755,  -1.147193
0.5760,  -1.143016
0.5765,  -1.138168
0.5770,  -1.133567
0.5775,  -1.128148
0.5780,  -1.143632
0.5785,  -1.159932
0.5790,  -1.150032
0.5795,  -1.141663
0.5800,  -1.142854
0.5805,  -1.143316
0.5810,  -1.141438
0.5815,  -1.140238
0.5820,  -1.137333
0.5825,  -1.133236
0.5830,  -1.138141
0.5835,  -1.142096
0.5840,  -1.137998
0.5845,  -1.133148
0.5850,  -1.146848
0.5855,  -1.160405
0.5860,  -1.145128
0.5865,  -1.131006
0.5870,  -1.122360
0.5875,  -1.109258
0.5880,  -1.120557
0.5885,  -1.129932
0.5890,  -1.153266
0.5895,  -1.185854
0.5900,  -1.135761
0.5905,  -1.093468
0.5910,  -1.107348
0.5915,  -1.119661
0.5920,  -1.119338
0.5925,  -1.117063
0.5930,  -1.121328
0.5935,  -1.125328
0.5940,  -1.128967
0.5945,  -1.130909
0.5950,  -1.126931
0.5955,  -1.124433
0.5960,  -1.119260
0.5965,  -1.116307
0.5970,  -1.124052
0.5975,  -1.131276
0.5980,  -1.137232
0.5985,  -1.140249
0.5990,  -1.132144
0.5995,  -1.123342
0.6000,  -1.125270
0.6005,  -1.128744
0.6010,  -1.125838
0.6015,  -1.126081
0.6020,  -1.137797
0.6025,  -1.151340
0.6030,  -1.139734
0.6035,  -1.126086
0.6040,  -1.128192
0.6045,  -1.128403
0.6050,  -1.128368
0.6055,  -1.129780
0.6060,  -1.130010
0.6065,  -1.131138
0.6070,  -1.131267
0.6075,  -1.129828
0.6080,  -1.130620
0.6085,  -1.128994
0.6090,  -1.124226
0.6095,  -1.119374
0.6100,  -1.127123
0.6105,  -1.136910
0.6110,  -1.126045
0.6115,  -1.115425
0.6120,  -1.124982
0.6125,  -1.132869
0.6130,  -1.136214
0.6135,  -1.138130
0.6140,  -1.127243
0.6145,  -1.115417
0.6150,  -1.109926
0.6155,  -1.105572
0.6160,  -1.130700
0.6165,  -1.159188
0.6170,  -1.136238
0.6175,  -1.115979
0.6180,  -1.114009
0.6185,  -1.108973
0.6190,  -1.112011
0.6195,  -1.115720
0.6200,  -1.107920
0.6205,  -1.101681
0.6210,  -1.113208
0.6215,  -1.124056
0.6220,  -1.116105
0.6225,  -1.106996
0.6230,  -1.114025
0.6235,  -1.120196
0.6240,  -1.115565
0.6245,  -1.113194
0.6250,  -1.117057
0.6255,  -1.123800
0.6260,  -1.108843
0.6265,  -1.093578
0.6270,  -1.094877
0.6275,  -1.093862
0.6280,  -1.091671
0.6285,  -1.087279
0.6290,  -1.087022
0.6295,  -1.087627
0.6300,  -1.090394
0.6305,  -1.094081
0.6310,  -1.102628
0.6315,  -1.105133
0.6320,  -1.107521
0.6325,  -1.111109
0.6330,  -1.112836
0.6335,  -1.112036
0.6340,  -1.109911
0.6345,  -1.106241
0.6350,  -1.102463
0.6355,  -1.099833
0.6360,  -1.101068
0.6365,  -1.103308
0.6370,  -1.107563
0.6375,  -1.111783
0.6380,  -1.113430
0.6385,  -1.111635
0.6390,  -1.106538
0.6395,  -1.105800
0.6400,  -1.105588
0.6405,  -1.106910
0.6410,  -1.110440
0.6415,  -1.110186
0.6420,  -1.112083
0.6425,  -1.116441
0.6430,  -1.119465
0.6435,  -1.120538
0.6440,  -1.119095
0.6445,  -1.112620
0.6450,  -1.103275
0.6455,  -1.099563
0.6460,  -1.095845
0.6465,  -1.094168
0.6470,  -1.094688
0.6475,  -1.098989
0.6480,  -1.102386
0.6485,  -1.105974
0.6490,  -1.111897
0.6495,  -1.106637
0.6500,  -1.103537
0.6505,  -1.101234
0.6510,  -1.096630
0.6515,  -1.098716
0.6520,  -1.097963
0.6525,  -1.098504
0.6530,  -1.099998
0.6535,  -1.107855
0.6540,  -1.112183
0.6545,  -1.109162
0.6550,  -1.096624
0.6555,  -1.095453
0.6560,  -1.100735
0.6565,  -1.120502
0.6570,  -1.156030
0.6575,  -1.149206
0.6580,  -1.141722
0.6585,  -1.129129
0.6590,  -1.111411
0.6595,  -1.113456
0.6600,  -1.115686
0.6605,  -1.118294
0.6610,  -1.121245
0.6615,  -1.125803
0.6620,  -1.127707
0.6625,  -1.127292
0.6630,  -1.123334
0.6635,  -1.119877
0.6640,  -1.115438
0.6645,  -1.112410
0.6650,  -1.111093
0.6655,  -1.113962
0.6660,  -1.117531
0.6665,  -1.122880
0.6670,  -1.128906
0.6675,  -1.130917
0.6680,  -1.130967
0.6685,  -1.129847
0.6690,  -1.126728
0.6695,  -1.125728
0.6700,  -1.122965
0.6705,  -1.120437
0.6710,  -1.119713
0.6715,  -1.116176
0.6720,  -1.116817
0.6725,  -1.120224
0.6730,  -1.122469
0.6735,  -1.126076
0.6740,  -1.128888
0.6745,  -1.128627
0.6750,  -1.128159
0.6755,  -1.125061
0.6760,  -1.120413
0.6765,  -1.117461
0.6770,  -1.114004
0.6775,  -1.113498
0.6780,  -1.115907
0.6785,  -1.118088
0.6790,  -1.120253
0.6795,  -1.122080
0.6800,  -1.122271
0.6805,  -1.123088
0.6810,  -1.123167
0.6815,  -1.123058
0.6820,  -1.122419
0.6825,  -1.119396
0.6830,  -1.116869
0.6835,  -1.114665
0.6840,  -1.112891
0.6845,  -1.114898
0.6850,  -1.110043
0.6855,  -1.089263
0.6860,  -1.060138
0.6865,  -1.024849
0.6870,  -0.994641
0.6875,  -0.982910
0.6880,  -0.987590
0.6885,  -0.996552
0.6890,  -1.006588
0.6895,  -1.014023
0.6900,  -1.021851
0.6905,  -1.030595
0.6910,  -1.039906
0.6915,  -1.047999
0.6920,  -1.052512
0.6925,  -1.053483
0.6930,  -1.054980
0.6935,  -1.055320
0.6940,  -1.054779
0.6945,  -1.056103
0.6950,  -1.061450
0.6955,  -1.069120
0.6960,  -1.077684
0.6965,  -1.085723
0.6970,  -1.088762
0.6975,  -1.083430
0.6980,  -1.075035
0.6985,  -1.069094
0.6990,  -1.062207
0.6995,  -1.065337
0.7000,  -1.070082
0.7005,  -1.074202
0.7010,  -1.077805
0.7015,  -1.076674
0.7020,  -1.074766
0.7025,  -1.073633
0.7030,  -1.074910
0.7035,  -1.074291
0.7040,  -1.072611
0.7045,  -1.072792
0.7050,  -1.069052
0.7055,  -1.070060
0.7060,  -1.074216
0.7065,  -1.077277
0.7070,  -1.080403
0.7075,  -1.085937
0.7080,  -1.089326
0.7085,  -1.091339
0.7090,  -1.094099
0.7095,  -1.093939
0.7100,  -1.092042
0.7105,  -1.088779
0.7110,  -1.085054
0.7115,  -1.083195
0.7120,  -1.081662
0.7125,  -1.082644
0.7130,  -1.082775
0.7135,  -1.081012
0.7140,  -1.078420
0.7145,  -1.074265
0.7150,  -1.066872
0.7155,  -1.055650
0.7160,  -1.035789
0.7165,  -1.005863
0.7170,  -0.972328
0.7175,  -0.940343
0.7180,  -0.915976
0.7185,  -0.900639
0.7190,  -0.895518
0.7195,  -0.899140
0.7200,  -0.914076
0.7205,  -0.940372
0.7210,  -0.969464
0.7215,  -0.992121
0.7220,  -0.999601
0.7225,  -0.991781
0.7230,  -0.973954
0.7235,  -0.954388
0.7240,  -0.938426
0.7245,  -0.930915
0.7250,  -0.926342
0.7255,  -0.929121
0.7260,  -0.934051
0.7265,  -0.937005
0.7270,  -0.940238
0.7275,  -0.943843
0.7280,  -0.942976
0.7285,  -0.946525
0.7290,  -0.951678
0.7295,  -0.955970
0.7300,  -0.962805
0.7305,  -0.967115
0.7310,  -0.974438
0.7315,  -0.985789
0.7320,  -0.998817
0.7325,  -1.014145
0.7330,  -1.032229
0.7335,  -1.045023
0.7340,  -1.054688
0.7345,  -1.060713
0.7350,  -1.060286
0.7355,  -1.056418
0.7360,  -1.055152
0.7365,  -1.055277
0.7370,  -1.056796
0.7375,  -1.062830
0.7380,  -1.064395
0.7385,  -1.066986
0.7390,  -1.068715
0.7395,  -1.072328
0.7400,  -1.078411
0.7405,  -1.084592
0.7410,  -1.088850
0.7415,  -1.086716
0.7420,  -1.083982
0.7425,  -1.082650
0.7430,  -1.082829
0.7435,  -1.086981
0.7440,  -1.090956
0.7445,  -1.092831
0.7450,  -1.094833
0.7455,  -1.094241
0.7460,  -1.091429
0.7465,  -1.090837
0.7470,  -1.091168
0.7475,  -1.092959
0.7480,  -1.095280
0.7485,  -1.096034
0.7490,  -1.092706
0.7495,  -1.090182
0.7500,  -1.089601
0.7505,  -1.089534
0.7510,  -1.091977
0.7515,  -1.093977
0.7520,  -1.094703
0.7525,  -1.096383
0.7530,  -1.098611
0.7535,  -1.099934
0.7540,  -1.101615
0.7545,  -1.098839
0.7550,  -1.094582
0.7555,  -1.092127
0.7560,  -1.089316
0.7565,  -1.089311
0.7570,  -1.088228
0.7575,  -1.081091
0.7580,  -1.056643
0.7585,  -0.998062
0.7590,  -0.897845
0.7595,  -0.744250
0.7600,  -0.575159
0.7605,  -0.458935
0.7610,  -0.427315
0.7615,  -0.473472
0.7620,  -0.539080
0.7625,  -0.573846
0.7630,  -0.590566
0.7635,  -0.612348
0.7640,  -0.650303
0.7645,  -0.706876
0.7650,  -0.771908
0.7655,  -0.835686
0.7660,  -0.893507
0.7665,  -0.945440
0.7670,  -0.992557
0.7675,  -1.021543
0.7680,  -1.043204
0.7685,  -1.057197
0.7690,  -1.062765
0.7695,  -1.070640
0.7700,  -1.075184
0.7705,  -1.080562
0.7710,  -1.085725
0.7715,  -1.087704
0.7720,  -1.091940
0.7725,  -1.092569
0.7730,  -1.092202
0.7735,  -1.095464
0.7740,  -1.095370
0.7745,  -1.097928
0.7750,  -1.100744
0.7755,  -1.101743
0.7760,  -1.101319
0.7765,  -1.097723
0.7770,  -1.096017
0.7775,  -1.094553
0.7780,  -1.094335
0.7785,  -1.097136
0.7790,  -1.097839
0.7795,  -1.097263
0.7800,  -1.096843
0.7805,  -1.096786
0.7810,  -1.096303
0.7815,  -1.099373
0.7820,  -1.100838
0.7825,  -1.099842
0.7830,  -1.098638
0.7835,  -1.094450
0.7840,  -1.092449
0.7845,  -1.093390
0.7850,  -1.096243
0.7855,  -1.097147
0.7860,  -1.097107
0.7865,  -1.095286
0.7870,  -1.090829
0.7875,  -1.085569
0.7880,  -1.079811
0.7885,  -1.072360
0.7890,  -1.066757
0.7895,  -1.067372
0.7900,  -1.068414
0.7905,  -1.074115
0.7910,  -1.075605
0.7915,  -1.074229
0.7920,  -1.075917
0.7925,  -1.075128
0.7930,  -1.074809
0.7935,  -1.078192
0.7940,  -1.080389
0.7945,  -1.082115
0.7950,  -1.086923
0.7955,  -1.085759
0.7960,  -1.080997
0.7965,  -1.077358
0.7970,  -1.075879
0.7975,  -1.076727
0.7980,  -1.079167
0.7985,  -1.082351
0.7990,  -1.082729
0.7995,  -1.082060
0.8000,  -1.081344
0.8005,  -1.079722
0.8010,  -1.076727
0.8015,  -1.076761
0.8020,  -1.075099
0.8025,  -1.074049
0.8030,  -1.075207
0.8035,  -1.074226
0.8040,  -1.075998
0.8045,  -1.077293
0.8050,  -1.080678
0.8055,  -1.086427
0.8060,  -1.089932
0.8065,  -1.090559
0.8070,  -1.088325
0.8075,  -1.088426
0.8080,  -1.087491
0.8085,  -1.088149
0.8090,  -1.089862
0.8095,  -1.079697
0.8100,  -1.071798
0.8105,  -1.062706
0.8110,  -1.054870
0.8115,  -1.046347
0.8120,  -1.031116
0.8125,  -1.015077
0.8130,  -0.992087
0.8135,  -0.971605
0.8140,  -0.954714
0.8145,  -0.936942
0.8150,  -0.919821
0.8155,  -0.905391
0.8160,  -0.891911
0.8165,  -0.884724
0.8170,  -0.880784
0.8175,  -0.890144
0.8180,  -0.903513
0.8185,  -0.918411
0.8190,  -0.939286
0.8195,  -0.951567
0.8200,  -0.970164
0.8205,  -0.985109
0.8210,  -0.983735
0.8215,  -0.968811
0.8220,  -0.936762
0.8225,  -0.901516
0.8230,  -0.895744
0.8235,  -0.912512
0.8240,  -0.946624
0.8245,  -0.983325
0.8250,  -1.003056
0.8255,  -1.010371
0.8260,  -1.006702
0.8265,  -0.997355
0.8270,  -0.986553
0.8275,  -0.972755
0.8280,  -0.963196
0.8285,  -0.967154
0.8290,  -0.973200
0.8295,  -0.983604
0.8300,  -0.991676
0.8305,  -0.996994
0.8310,  -0.999047
0.8315,  -1.000352
0.8320,  -1.005297
0.8325,  -1.007455
0.8330,  -1.012988
0.8335,  -1.019894
0.8340,  -1.030644
0.8345,  -1.035703
0.8350,  -1.042480
0.8355,  -1.049594
0.8360,  -1.049092
0.8365,  -1.055240
0.8370,  -1.061001
0.8375,  -1.064471
0.8380,  -1.073384
0.8385,  -1.080138
0.8390,  -1.083824
0.8395,  -1.088397
0.8400,  -1.088252
0.8405,  -1.091129
0.8410,  -1.092879
0.8415,  -1.092636
0.8420,  -1.094771
0.8425,  -1.092998
0.8430,  -1.093143
0.8435,  -1.095377
0.8440,  -1.098364
0.8445,  -1.099755
0.8450,  -1.103926
0.8455,  -1.108373
0.8460,  -1.107456
0.8465,  -1.106198
0.8470,  -1.104145
0.8475,  -1.098389
0.8480,  -1.091985
0.8485,  -1.095011
0.8490,  -1.094744
0.8495,  -1.101322
0.8500,  -1.116012
0.8505,  -1.113250
0.8510,  -1.115746
0.8515,  -1.112004
0.8520,  -1.101327
0.8525,  -1.116815
0.8530,  -1.119628
0.8535,  -1.124251
0.8540,  -1.135589
0.8545,  -1.115426
0.8550,  -1.110706
0.8555,  -1.111642
0.8560,  -1.111600
0.8565,  -1.115550
0.8570,  -1.117735
0.8575,  -1.113219
0.8580,  -1.106933
0.8585,  -1.109775
0.8590,  -1.108031
0.8595,  -1.110104
0.8600,  -1.110777
0.8605,  -1.109745
0.8610,  -1.111681
0.8615,  -1.110833
0.8620,  -1.112301
0.8625,  -1.111917
0.8630,  -1.110573
0.8635,  -1.110009
0.8640,  -1.104784
0.8645,  -1.116791
0.8650,  -1.122261
0.8655,  -1.122598
0.8660,  -1.132853
0.8665,  -1.119338
0.8670,  -1.118850
0.8675,  -1.126190
0.8680,  -1.125972
0.8685,  -1.125966
0.8690,  -1.122253
0.8695,  -1.115636
0.8700,  -1.111403
0.8705,  -1.110309
0.8710,  -1.109722
0.8715,  -1.107363
0.8720,  -1.101367
0.8725,  -1.099039
0.8730,  -1.094560
0.8735,  -1.097376
0.8740,  -1.099769
0.8745,  -1.102861
0.8750,  -1.105039
0.8755,  -1.103334
0.8760,  -1.109510
0.8765,  -1.104087
0.8770,  -1.104195
0.8775,  -1.103175
0.8780,  -1.097993
0.8785,  -1.107745
0.8790,  -1.107368
0.8795,  -1.109420
0.8800,  -1.105703
0.8805,  -1.102799
0.8810,  -1.106317
0.8815,  -1.104615
0.8820,  -1.114823
0.8825,  -1.115356
0.8830,  -1.116829
0.8835,  -1.117999
0.8840,  -1.110101
0.8845,  -1.113040
0.8850,  -1.114017
0.8855,  -1.115195
0.8860,  -1.116876
0.8865,  -1.117379
0.8870,  -1.119051
0.8875,  -1.120090
0.8880,  -1.120448
0.8885,  -1.113394
0.8890,  -1.105082
0.8895,  -1.097558
0.8900,  -1.091947
