0.3500,  1.258146
0.3505,  1.312839
0.3510,  1.246014
0.3515,  1.184838
0.3520,  1.110424
0.3525,  1.038911
0.3530,  1.060249
0.3535,  1.086097
0.3540,  1.091537
0.3545,  1.099754
0.3550,  1.075589
0.3555,  1.059588
0.3560,  1.020339
0.3565,  1.005233
0.3570,  1.020575
0.3575,  1.024598
0.3580,  1.010828
0.3585,  0.967014
0.3590,  1.130255
0.3595,  1.257711
0.3600,  1.223720
0.3605,  1.203185
0.3610,  1.149359
0.3615,  1.069130
0.3620,  1.082566
0.3625,  1.094337
0.3630,  1.060213
0.3635,  1.025646
0.3640,  0.990511
0.3645,  0.941875
0.3650,  0.939745
0.3655,  0.934228
0.3660,  0.908892
0.3665,  0.894176
0.3670,  0.843873
0.3675,  0.799727
0.3680,  0.752089
0.3685,  0.704083
0.3690,  0.742029
0.3695,  0.785488
0.3700,  0.751031
0.3705,  0.715217
0.3710,  0.739303
0.3715,  0.768703
0.3720,  0.742036
0.3725,  0.718665
0.3730,  0.694917
0.3735,  0.680160
0.3740,  0.718840
0.3745,  0.746192
0.3750,  0.841451
0.3755,  0.905352
0.3760,  0.882650
0.3765,  0.842623
0.3770,  0.861562
0.3775,  0.873440
0.3780,  0.841373
0.3785,  0.826366
0.3790,  0.714714
0.3795,  0.598768
0.3800,  0.651994
0.3805,  0.714031
0.3810,  0.693301
0.3815,  0.694122
0.3820,  0.636090
0.3825,  0.567070
0.3830,  0.581325
0.3835,  0.575410
0.3840,  0.777778
0.3845,  0.920808
0.3850,  0.930206
0.3855,  0.929932
0.3860,  0.897515
0.3865,  0.866575
0.3870,  0.843884
0.3875,  0.820068
0.3880,  0.785354
0.3885,  0.742567
0.3890,  0.781191
0.3895,  0.810588
0.3900,  0.788479
0.3905,  0.765656
0.3910,  0.762273
0.3915,  0.777250
0.3920,  0.669065
0.3925,  0.569587
0.3930,  0.410925
0.3935,  0.189069
0.3940,  0.529758
0.3945,  0.768830
0.3950,  0.875824
0.3955,  0.967314
0.3960,  0.788351
0.3965,  0.565898
0.3970,  0.580339
0.3975,  0.569505
0.3980,  0.742937
0.3985,  0.838044
0.3990,  0.777905
0.3995,  0.732509
0.4000,  0.665047
0.4005,  0.604639
0.4010,  0.569611
0.4015,  0.548681
0.4020,  0.524558
0.4025,  0.507368
0.4030,  0.473928
0.4035,  0.443967
0.4040,  0.433282
0.4045,  0.430208
0.4050,  0.430042
0.4055,  0.431290
0.4060,  0.414603
0.4065,  0.395641
0.4070,  0.409217
0.4075,  0.419641
0.4080,  0.446730
0.4085,  0.471252
0.4090,  0.462158
0.4095,  0.455368
0.4100,  0.404475
0.4105,  0.345498
0.4110,  0.414089
0.4115,  0.475907
0.4120,  0.456034
0.4125,  0.435429
0.4130,  0.419628
0.4135,  0.406717
0.4140,  0.398526
0.4145,  0.389294
0.4150,  0.385159
0.4155,  0.382100
0.4160,  0.408470
0.4165,  0.435423
0.4170,  0.393987
0.4175,  0.350231
0.4180,  0.355826
0.4185,  0.366019
0.4190,  0.376355
0.4195,  0.380996
0.4200,  0.394188
0.4205,  0.407047
0.4210,  0.413692
0.4215,  0.421876
0.4220,  0.368722
0.4225,  0.312226
0.4230,  0.350670
0.4235,  0.388992
0.4240,  0.403098
0.4245,  0.417404
0.4250,  0.404323
0.4255,  0.386395
0.4260,  0.389729
0.4265,  0.398022
0.4270,  0.365448
0.4275,  0.333958
0.4280,  0.347456
0.4285,  0.366435
0.4290,  0.358338
0.4295,  0.354642
0.4300,  0.273805
0.4305,  0.169643
0.4310,  0.372372
0.4315,  0.525549
0.4320,  0.492905
0.4325,  0.453815
0.4330,  0.447480
0.4335,  0.441745
0.4340,  0.407303
0.4345,  0.376694
0.4350,  0.374761
0.4355,  0.370338
0.4360,  0.404642
0.4365,  0.438858
0.4370,  0.400755
0.4375,  0.370137
0.4380,  0.314631
0.4385,  0.252766
0.4390,  0.324519
0.4395,  0.387207
0.4400,  0.355471
0.4405,  0.320580
0.4410,  0.365519
0.4415,  0.403297
0.4420,  0.399389
0.4425,  0.393759
0.4430,  0.362353
0.4435,  0.336818
0.4440,  0.346819
0.4445,  0.360751
0.4450,  0.326596
0.4455,  0.286324
0.4460,  0.298798
0.4465,  0.309388
0.4470,  0.342977
0.4475,  0.374621
0.4480,  0.346489
0.4485,  0.314647
0.4490,  0.318379
0.4495,  0.320547
0.4500,  0.334115
0.4505,  0.348747
0.4510,  0.335822
0.4515,  0.321366
0.4520,  0.285710
0.4525,  0.254826
0.4530,  0.266497
0.4535,  0.280002
0.4540,  0.291150
0.4545,  0.297666
0.4550,  0.308333
0.4555,  0.317940
0.4560,  0.324360
0.4565,  0.327788
0.4570,  0.326782
0.4575,  0.329387
0.4580,  0.301297
0.4585,  0.274137
0.4590,  0.284200
0.4595,  0.291150
0.4600,  0.293930
0.4605,  0.296509
0.4610,  0.296645
0.4615,  0.295772
0.4620,  0.303717
0.4625,  0.310468
0.4630,  0.292007
0.4635,  0.279644
0.4640,  0.270607
0.4645,  0.262294
0.4650,  0.284776
0.4655,  0.307301
0.4660,  0.280451
0.4665,  0.256076
0.4670,  0.280535
0.4675,  0.298469
0.4680,  0.291518
0.4685,  0.289502
0.4690,  0.290691
0.4695,  0.293383
0.4700,  0.272676
0.4705,  0.245555
0.4710,  0.279325
0.4715,  0.307557
0.4720,  0.304233
0.4725,  0.299890
0.4730,  0.283353
0.4735,  0.266644
0.4740,  0.272908
0.4745,  0.282723
0.4750,  0.274310
0.4755,  0.266433
0.4760,  0.252154
0.4765,  0.236326
0.4770,  0.259857
0.4775,  0.281955
0.4780,  0.261755
0.4785,  0.244214
0.4790,  0.257760
0.4795,  0.268235
0.4800,  0.254243
0.4805,  0.244141
0.4810,  0.254619
0.4815,  0.265515
0.4820,  0.249246
0.4825,  0.237459
0.4830,  0.238956
0.4835,  0.242039
0.4840,  0.239935
0.4845,  0.241004
0.4850,  0.224035
0.4855,  0.208620
0.4860,  0.177911
0.4865,  0.137651
0.4870,  0.197635
0.4875,  0.247674
0.4880,  0.261213
0.4885,  0.269528
0.4890,  0.266472
0.4895,  0.263292
0.4900,  0.261408
0.4905,  0.264735
0.4910,  0.237399
0.4915,  0.211757
0.4920,  0.212143
0.4925,  0.211576
0.4930,  0.206916
0.4935,  0.199507
0.4940,  0.231403
0.4945,  0.261702
0.4950,  0.226456
0.4955,  0.193495
0.4960,  0.212074
0.4965,  0.230113
0.4970,  0.229197
0.4975,  0.230236
0.4980,  0.196978
0.4985,  0.162898
0.4990,  0.191239
0.4995,  0.219419
0.5000,  0.197654
0.5005,  0.174843
0.5010,  0.168730
0.5015,  0.160283
0.5020,  0.181582
0.5025,  0.201151
0.5030,  0.210598
0.5035,  0.217309
0.5040,  0.201282
0.5045,  0.180957
0.5050,  0.202358
0.5055,  0.223325
0.5060,  0.208721
0.5065,  0.197200
0.5070,  0.184592
0.5075,  0.173306
0.5080,  0.177605
0.5085,  0.180797
0.5090,  0.180360
0.5095,  0.177872
0.5100,  0.182343
0.5105,  0.187528
0.5110,  0.197697
0.5115,  0.206779
0.5120,  0.177619
0.5125,  0.151229
0.5130,  0.155983
0.5135,  0.159260
0.5140,  0.167226
0.5145,  0.174094
0.5150,  0.183035
0.5155,  0.196816
0.5160,  0.155381
0.5165,  0.113221
0.5170,  0.144544
0.5175,  0.172368
0.5180,  0.159763
0.5185,  0.138576
0.5190,  0.176800
0.5195,  0.209762
0.5200,  0.198172
0.5205,  0.187217
0.5210,  0.195665
0.5215,  0.205680
0.5220,  0.182222
0.5225,  0.159306
0.5230,  0.174518
0.5235,  0.185282
0.5240,  0.194005
0.5245,  0.203816
0.5250,  0.195962
0.5255,  0.193137
0.5260,  0.140672
0.5265,  0.085050
0.5270,  0.133018
0.5275,  0.172635
0.5280,  0.183823
0.5285,  0.190823
0.5290,  0.186152
0.5295,  0.182237
0.5300,  0.183354
0.5305,  0.185276
0.5310,  0.184191
0.5315,  0.188706
0.5320,  0.148925
0.5325,  0.107296
0.5330,  0.150554
0.5335,  0.188719
0.5340,  0.171730
0.5345,  0.152675
0.5350,  0.179771
0.5355,  0.207218
0.5360,  0.179707
0.5365,  0.152066
0.5370,  0.156175
0.5375,  0.161671
0.5380,  0.169192
0.5385,  0.176886
0.5390,  0.162740
0.5395,  0.151291
0.5400,  0.142193
0.5405,  0.131871
0.5410,  0.161784
0.5415,  0.188732
0.5420,  0.173319
0.5425,  0.157910
0.5430,  0.168948
0.5435,  0.178924
0.5440,  0.177470
0.5445,  0.177163
0.5450,  0.182660
0.5455,  0.186514
0.5460,  0.180638
0.5465,  0.175671
0.5470,  0.166671
0.5475,  0.156258
0.5480,  0.163909
0.5485,  0.170560
0.5490,  0.177097
0.5495,  0.183639
0.5500,  0.175447
0.5505,  0.168626
0.5510,  0.171674
0.5515,  0.173445
0.5520,  0.168202
0.5525,  0.162449
0.5530,  0.170869
0.5535,  0.180074
0.5540,  0.183567
0.5545,  0.185576
0.5550,  0.186141
0.5555,  0.187640
0.5560,  0.172064
0.5565,  0.158740
0.5570,  0.168892
0.5575,  0.179425
0.5580,  0.169655
0.5585,  0.161318
0.5590,  0.170314
0.5595,  0.177907
0.5600,  0.185895
0.5605,  0.192324
0.5610,  0.186797
0.5615,  0.180904
0.5620,  0.186518
0.5625,  0.193185
0.5630,  0.196168
0.5635,  0.198733
0.5640,  0.197477
0.5645,  0.197317
0.5650,  0.187611
0.5655,  0.176670
0.5660,  0.184650
0.5665,  0.192426
0.5670,  0.205679
0.5675,  0.218852
0.5680,  0.200562
0.5685,  0.183260
0.5690,  0.197739
0.5695,  0.212747
0.5700,  0.193351
0.5705,  0.172673
0.5710,  0.185432
0.5715,  0.194170
0.5720,  0.206112
0.5725,  0.217157
0.5730,  0.209517
0.5735,  0.205277
0.5740,  0.204753
0.5745,  0.205592
0.5750,  0.199833
0.5755,  0.193718
0.5760,  0.199448
0.5765,  0.204473
0.5770,  0.209370
0.5775,  0.215788
0.5780,  0.199788
0.5785,  0.183280
0.5790,  0.193966
0.5795,  0.202430
0.5800,  0.203441
0.5805,  0.205601
0.5810,  0.208769
0.5815,  0.211855
0.5820,  0.215793
0.5825,  0.216611
0.5830,  0.210742
0.5835,  0.205273
0.5840,  0.205916
0.5845,  0.211284
0.5850,  0.198665
0.5855,  0.186171
0.5860,  0.203546
0.5865,  0.218830
0.5870,  0.225271
0.5875,  0.236079
0.5880,  0.226173
0.5885,  0.218459
0.5890,  0.199467
0.5895,  0.173127
0.5900,  0.230596
0.5905,  0.277957
0.5910,  0.264922
0.5915,  0.250476
0.5920,  0.246970
0.5925,  0.244252
0.5930,  0.235019
0.5935,  0.234275
0.5940,  0.232570
0.5945,  0.230771
0.5950,  0.236813
0.5955,  0.240210
0.5960,  0.243457
0.5965,  0.246528
0.5970,  0.236846
0.5975,  0.229095
0.5980,  0.222611
0.5985,  0.219359
0.5990,  0.229203
0.5995,  0.237512
0.6000,  0.233692
0.6005,  0.230473
0.6010,  0.233388
0.6015,  0.233779
0.6020,  0.223123
0.6025,  0.212030
0.6030,  0.227560
0.6035,  0.243929
0.6040,  0.241143
0.6045,  0.241434
0.6050,  0.240183
0.6055,  0.235384
0.6060,  0.233031
0.6065,  0.231633
0.6070,  0.232070
0.6075,  0.234126
0.6080,  0.234135
0.6085,  0.235183
0.6090,  0.242894
0.6095,  0.247798
0.6100,  0.239155
0.6105,  0.228709
0.6110,  0.239094
0.6115,  0.250845
0.6120,  0.241822
0.6125,  0.235324
0.6130,  0.236382
0.6135,  0.235684
0.6140,  0.246964
0.6145,  0.257025
0.6150,  0.260319
0.6155,  0.264168
0.6160,  0.239676
0.6165,  0.212822
0.6170,  0.239926
0.6175,  0.265146
0.6180,  0.269590
0.6185,  0.273934
0.6190,  0.271158
0.6195,  0.266406
0.6200,  0.272070
0.6205,  0.277587
0.6210,  0.265084
0.6215,  0.253676
0.6220,  0.264030
0.6225,  0.275696
0.6230,  0.268620
0.6235,  0.260684
0.6240,  0.263495
0.6245,  0.266248
0.6250,  0.264383
0.6255,  0.259493
0.6260,  0.276654
0.6265,  0.291858
0.6270,  0.291234
0.6275,  0.293998
0.6280,  0.299286
0.6285,  0.304684
0.6290,  0.305357
0.6295,  0.304382
0.6300,  0.299544
0.6305,  0.293401
0.6310,  0.286375
0.6315,  0.284968
0.6320,  0.282910
0.6325,  0.282177
0.6330,  0.284150
0.6335,  0.286232
0.6340,  0.288561
0.6345,  0.291551
0.6350,  0.295373
0.6355,  0.297504
0.6360,  0.297234
0.6365,  0.292417
0.6370,  0.287789
0.6375,  0.283536
0.6380,  0.281255
0.6385,  0.282645
0.6390,  0.287644
0.6395,  0.290248
0.6400,  0.293220
0.6405,  0.293612
0.6410,  0.292486
0.6415,  0.292607
0.6420,  0.288779
0.6425,  0.283727
0.6430,  0.280786
0.6435,  0.281942
0.6440,  0.285338
0.6445,  0.293923
0.6450,  0.302403
0.6455,  0.307633
0.6460,  0.310006
0.6465,  0.310762
0.6470,  0.310829
0.6475,  0.307318
0.6480,  0.305251
0.6485,  0.303333
0.6490,  0.300774
0.6495,  0.309172
0.6500,  0.314876
0.6505,  0.320605
0.6510,  0.327426
0.6515,  0.326938
0.6520,  0.325042
0.6525,  0.320607
0.6530,  0.315141
0.6535,  0.305089
0.6540,  0.300426
0.6545,  0.302564
0.6550,  0.313260
0.6555,  0.320662
0.6560,  0.326043
0.6565,  0.317578
0.6570,  0.287336
0.6575,  0.298513
0.6580,  0.309195
0.6585,  0.319868
0.6590,  0.332330
0.6595,  0.324755
0.6600,  0.317068
0.6605,  0.311414
0.6610,  0.307676
0.6615,  0.303234
0.6620,  0.301848
0.6625,  0.302735
0.6630,  0.307509
0.6635,  0.316540
0.6640,  0.320257
0.6645,  0.320845
0.6650,  0.319287
0.6655,  0.313570
0.6660,  0.308288
0.6665,  0.305837
0.6670,  0.304352
0.6675,  0.309405
0.6680,  0.312314
0.6685,  0.316478
0.6690,  0.317588
0.6695,  0.316302
0.6700,  0.316822
0.6705,  0.318321
0.6710,  0.321360
0.6715,  0.326547
0.6720,  0.328651
0.6725,  0.326829
0.6730,  0.323656
0.6735,  0.318931
0.6740,  0.319158
0.6745,  0.319936
0.6750,  0.322865
0.6755,  0.325843
0.6760,  0.330823
0.6765,  0.337362
0.6770,  0.343128
0.6775,  0.343798
0.6780,  0.340671
0.6785,  0.337659
0.6790,  0.334656
0.6795,  0.333207
0.6800,  0.333565
0.6805,  0.334802
0.6810,  0.337103
0.6815,  0.336018
0.6820,  0.339030
0.6825,  0.344128
0.6830,  0.349663
0.6835,  0.353865
0.6840,  0.355236
0.6845,  0.355059
0.6850,  0.354989
0.6855,  0.369485
0.6860,  0.400034
0.6865,  0.443707
0.6870,  0.487247
0.6875,  0.518673
0.6880,  0.529040
0.6885,  0.527848
0.6890,  0.522992
0.6895,  0.516387
0.6900,  0.510353
0.6905,  0.503707
0.6910,  0.491550
0.6915,  0.481565
0.6920,  0.472359
0.6925,  0.466344
0.6930,  0.468148
0.6935,  0.472325
0.6940,  0.479301
0.6945,  0.479488
0.6950,  0.475067
0.6955,  0.465760
0.6960,  0.451561
0.6965,  0.438928
0.6970,  0.431604
0.6975,  0.432569
0.6980,  0.441219
0.6985,  0.447986
0.6990,  0.453892
0.6995,  0.454792
0.7000,  0.452989
0.7005,  0.453884
0.7010,  0.456086
0.7015,  0.466562
0.7020,  0.472084
0.7025,  0.475055
0.7030,  0.475881
0.7035,  0.475489
0.7040,  0.472731
0.7045,  0.473278
0.7050,  0.474249
0.7055,  0.469448
0.7060,  0.466846
0.7065,  0.463490
0.7070,  0.463621
0.7075,  0.462733
0.7080,  0.460961
0.7085,  0.460573
0.7090,  0.458289
0.7095,  0.458899
0.7100,  0.458511
0.7105,  0.460903
0.7110,  0.464258
0.7115,  0.465410
0.7120,  0.466779
0.7125,  0.471524
0.7130,  0.472006
0.7135,  0.473336
0.7140,  0.475054
0.7145,  0.479705
0.7150,  0.484427
0.7155,  0.499464
0.7160,  0.524719
0.7165,  0.562824
0.7170,  0.611625
0.7175,  0.663594
0.7180,  0.714882
0.7185,  0.755020
0.7190,  0.780543
0.7195,  0.803099
0.7200,  0.803806
0.7205,  0.779531
0.7210,  0.737114
0.7215,  0.694707
0.7220,  0.666256
0.7225,  0.662686
0.7230,  0.679256
0.7235,  0.703101
0.7240,  0.727729
0.7245,  0.747219
0.7250,  0.761925
0.7255,  0.767274
0.7260,  0.765154
0.7265,  0.761654
0.7270,  0.761303
0.7275,  0.757453
0.7280,  0.756333
0.7285,  0.752557
0.7290,  0.747085
0.7295,  0.748935
0.7300,  0.752358
0.7305,  0.747401
0.7310,  0.737113
0.7315,  0.715313
0.7320,  0.688627
0.7325,  0.665709
0.7330,  0.641763
0.7335,  0.625365
0.7340,  0.612335
0.7345,  0.603006
0.7350,  0.596726
0.7355,  0.594556
0.7360,  0.598306
0.7365,  0.601114
0.7370,  0.596222
0.7375,  0.588439
0.7380,  0.588785
0.7385,  0.585435
0.7390,  0.576699
0.7395,  0.570979
0.7400,  0.565564
0.7405,  0.561564
0.7410,  0.558556
0.7415,  0.569057
0.7420,  0.573939
0.7425,  0.569752
0.7430,  0.562547
0.7435,  0.557445
0.7440,  0.553713
0.7445,  0.553233
0.7450,  0.555375
0.7455,  0.561198
0.7460,  0.559884
0.7465,  0.560802
0.7470,  0.562598
0.7475,  0.561320
0.7480,  0.560289
0.7485,  0.561330
0.7490,  0.564422
0.7495,  0.569111
0.7500,  0.573424
0.7505,  0.574705
0.7510,  0.576135
0.7515,  0.579346
0.7520,  0.581384
0.7525,  0.578760
0.7530,  0.578134
0.7535,  0.581791
0.7540,  0.587046
0.7545,  0.592383
0.7550,  0.595806
0.7555,  0.598975
0.7560,  0.605873
0.7565,  0.608044
0.7570,  0.613222
0.7575,  0.620264
0.7580,  0.643757
0.7585,  0.710220
0.7590,  0.842216
0.7595,  1.079342
0.7600,  1.450602
0.7605,  1.907265
0.7610,  2.262092
0.7615,  2.323685
0.7620,  2.194889
0.7625,  2.089635
0.7630,  2.056397
0.7635,  1.996987
0.7640,  1.874213
0.7645,  1.705441
0.7650,  1.525720
0.7655,  1.349534
0.7660,  1.204259
0.7665,  1.074756
0.7670,  0.971210
0.7675,  0.895201
0.7680,  0.835135
0.7685,  0.791303
0.7690,  0.767123
0.7695,  0.745134
0.7700,  0.730012
0.7705,  0.714566
0.7710,  0.705895
0.7715,  0.704831
0.7720,  0.704896
0.7725,  0.707578
0.7730,  0.705493
0.7735,  0.712077
0.7740,  0.709380
0.7745,  0.707509
0.7750,  0.709894
0.7755,  0.711632
0.7760,  0.723733
0.7765,  0.716108
0.7770,  0.723718
0.7775,  0.721885
0.7780,  0.722528
0.7785,  0.728454
0.7790,  0.732372
0.7795,  0.738634
0.7800,  0.748641
0.7805,  0.757077
0.7810,  0.766023
0.7815,  0.770576
0.7820,  0.763831
0.7825,  0.762125
0.7830,  0.755562
0.7835,  0.758602
0.7840,  0.764025
0.7845,  0.772250
0.7850,  0.774655
0.7855,  0.769929
0.7860,  0.779444
0.7865,  0.790569
0.7870,  0.797969
0.7875,  0.805063
0.7880,  0.813880
0.7885,  0.822208
0.7890,  0.833198
0.7895,  0.838090
0.7900,  0.846631
0.7905,  0.856517
0.7910,  0.863637
0.7915,  0.867959
0.7920,  0.872287
0.7925,  0.874139
0.7930,  0.874641
0.7935,  0.872830
0.7940,  0.869806
0.7945,  0.869263
0.7950,  0.876458
0.7955,  0.889282
0.7960,  0.898703
0.7965,  0.917722
0.7970,  0.923124
0.7975,  0.934862
0.7980,  0.932717
0.7985,  0.922060
0.7990,  0.919068
0.7995,  0.921513
0.8000,  0.939494
0.8005,  0.957187
0.8010,  0.961972
0.8015,  0.959246
0.8020,  0.965031
0.8025,  0.957145
0.8030,  0.968652
0.8035,  0.982384
0.8040,  0.979513
0.8045,  0.978873
0.8050,  0.980961
0.8055,  0.970180
0.8060,  0.966540
0.8065,  0.972351
0.8070,  0.981310
0.8075,  0.986782
0.8080,  1.004543
0.8085,  1.019541
0.8090,  1.031087
0.8095,  1.054349
0.8100,  1.063024
0.8105,  1.077724
0.8110,  1.103910
0.8115,  1.132299
0.8120,  1.169021
0.8125,  1.217856
0.8130,  1.298653
0.8135,  1.393352
0.8140,  1.486164
0.8145,  1.565602
0.8150,  1.662923
0.8155,  1.763317
0.8160,  1.841784
0.8165,  1.892076
0.8170,  1.923704
0.8175,  1.908810
0.8180,  1.908839
0.8185,  1.863544
0.8190,  1.805924
0.8195,  1.755816
0.8200,  1.697985
0.8205,  1.602633
0.8210,  1.548407
0.8215,  1.566199
0.8220,  1.674894
0.8225,  1.851235
0.8230,  1.970716
0.8235,  1.969916
0.8240,  1.830967
0.8245,  1.691866
0.8250,  1.624890
0.8255,  1.576457
0.8260,  1.543716
0.8265,  1.529223
0.8270,  1.553123
0.8275,  1.613075
0.8280,  1.679634
0.8285,  1.721045
0.8290,  1.746875
0.8295,  1.769757
0.8300,  1.771765
0.8305,  1.765440
0.8310,  1.737459
0.8315,  1.732963
0.8320,  1.724663
0.8325,  1.681077
0.8330,  1.717325
0.8335,  1.732373
0.8340,  1.714545
0.8345,  1.678306
0.8350,  1.636716
0.8355,  1.632352
0.8360,  1.622780
0.8365,  1.584013
0.8370,  1.568820
0.8375,  1.560660
0.8380,  1.557386
0.8385,  1.555743
0.8390,  1.547845
0.8395,  1.543578
0.8400,  1.569964
0.8405,  1.585940
0.8410,  1.567629
0.8415,  1.574631
0.8420,  1.573171
0.8425,  1.548795
0.8430,  1.557691
0.8435,  1.581064
0.8440,  1.561298
0.8445,  1.550625
0.8450,  1.559012
0.8455,  1.567304
0.8460,  1.605747
0.8465,  1.626630
0.8470,  1.639417
0.8475,  1.668116
0.8480,  1.672011
0.8485,  1.667840
0.8490,  1.706998
0.8495,  1.815435
0.8500,  1.887556
0.8505,  1.980973
0.8510,  2.021814
0.8515,  1.971120
0.8520,  2.002733
0.8525,  2.028018
0.8530,  2.155526
0.8535,  2.379264
0.8540,  2.620268
0.8545,  2.727425
0.8550,  2.683745
0.8555,  2.526241
0.8560,  2.423711
0.8565,  2.288344
0.8570,  2.161743
0.8575,  2.115609
0.8580,  2.121608
0.8585,  2.125733
0.8590,  2.191248
0.8595,  2.206503
0.8600,  2.185812
0.8605,  2.221356
0.8610,  2.298015
0.8615,  2.425027
0.8620,  2.482891
0.8625,  2.517830
0.8630,  2.521987
0.8635,  2.576185
0.8640,  2.666256
0.8645,  2.870388
0.8650,  3.387828
0.8655,  4.090621
0.8660,  5.596914
0.8665,  5.520516
0.8670,  5.528188
0.8675,  5.625217
0.8680,  5.184181
0.8685,  4.940745
0.8690,  4.892047
0.8695,  4.569103
0.8700,  4.858826
0.8705,  4.855649
0.8710,  4.700572
0.8715,  4.752690
0.8720,  5.310973
0.8725,  6.121990
0.8730,  6.359979
0.8735,  Infinity
0.8740,  Infinity
0.8745,  Infinity
0.8750,  Infinity
0.8755,  Infinity
0.8760,  Infinity
0.8765,  Infinity
0.8770,  Infinity
0.8775,  Infinity
0.8780,  Infinity
0.8785,  Infinity
0.8790,  Infinity
0.8795,  Infinity
0.8800,  Infinity
0.8805,  Infinity
0.8810,  Infinity
0.8815,  Infinity
0.8820,  Infinity
0.8825,  Infinity
0.8830,  Infinity
0.8835,  Infinity
0.8840,  Infinity
0.8845,  Infinity
0.8850,  Infinity
0.8855,  Infinity
0.8860,  Infinity
0.8865,  Infinity
0.8870,  Infinity
0.8875,  Infinity
0.8880,  Infinity
0.8885,  Infinity
0.8890,  Infinity
0.8895,  Infinity
0.8900,  Infinity
