0.3500,  0.251754
0.3505,  0.307289
0.3510,  0.285154
0.3515,  0.247613
0.3520,  0.208666
0.3525,  0.157890
0.3530,  0.197727
0.3535,  0.232909
0.3540,  0.248057
0.3545,  0.278985
0.3550,  0.254907
0.3555,  0.236567
0.3560,  0.203542
0.3565,  0.175383
0.3570,  0.141640
0.3575,  0.108873
0.3580,  0.069444
0.3585,  0.018099
0.3590,  0.178127
0.3595,  0.310785
0.3600,  0.310438
0.3605,  0.286636
0.3610,  0.223135
0.3615,  0.158793
0.3620,  0.192743
0.3625,  0.226880
0.3630,  0.215110
0.3635,  0.204795
0.3640,  0.197530
0.3645,  0.184031
0.3650,  0.211322
0.3655,  0.239680
0.3660,  0.247458
0.3665,  0.256465
0.3670,  0.233500
0.3675,  0.218246
0.3680,  0.185807
0.3685,  0.156094
0.3690,  0.199268
0.3695,  0.241545
0.3700,  0.214285
0.3705,  0.183427
0.3710,  0.204008
0.3715,  0.230330
0.3720,  0.206683
0.3725,  0.186189
0.3730,  0.158860
0.3735,  0.121135
0.3740,  0.123299
0.3745,  0.119305
0.3750,  0.182589
0.3755,  0.235557
0.3760,  0.228364
0.3765,  0.209517
0.3770,  0.249072
0.3775,  0.292555
0.3780,  0.290866
0.3785,  0.295773
0.3790,  0.210575
0.3795,  0.115794
0.3800,  0.169173
0.3805,  0.231344
0.3810,  0.217099
0.3815,  0.208535
0.3820,  0.136156
0.3825,  0.038689
0.3830,  0.004828
0.3835,  -0.045231
0.3840,  0.093838
0.3845,  0.201148
0.3850,  0.208478
0.3855,  0.217211
0.3860,  0.203504
0.3865,  0.195682
0.3870,  0.190551
0.3875,  0.181139
0.3880,  0.161044
0.3885,  0.135185
0.3890,  0.181690
0.3895,  0.217276
0.3900,  0.215406
0.3905,  0.218578
0.3910,  0.237097
0.3915,  0.275732
0.3920,  0.207269
0.3925,  0.130132
0.3930,  -0.026986
0.3935,  -0.260097
0.3940,  -0.005578
0.3945,  0.174411
0.3950,  0.268276
0.3955,  0.359739
0.3960,  0.211739
0.3965,  0.020164
0.3970,  0.028380
0.3975,  0.014909
0.3980,  0.180568
0.3985,  0.293060
0.3990,  0.273812
0.3995,  0.265987
0.4000,  0.238750
0.4005,  0.214364
0.4010,  0.205494
0.4015,  0.204275
0.4020,  0.197902
0.4025,  0.197615
0.4030,  0.182385
0.4035,  0.168921
0.4040,  0.167926
0.4045,  0.167451
0.4050,  0.167866
0.4055,  0.166291
0.4060,  0.147557
0.4065,  0.130333
0.4070,  0.138675
0.4075,  0.143907
0.4080,  0.165167
0.4085,  0.187871
0.4090,  0.183444
0.4095,  0.179962
0.4100,  0.138684
0.4105,  0.088467
0.4110,  0.146386
0.4115,  0.200992
0.4120,  0.185806
0.4125,  0.169930
0.4130,  0.156752
0.4135,  0.148925
0.4140,  0.144295
0.4145,  0.135327
0.4150,  0.133565
0.4155,  0.130986
0.4160,  0.152384
0.4165,  0.178601
0.4170,  0.145892
0.4175,  0.108653
0.4180,  0.114265
0.4185,  0.122140
0.4190,  0.128801
0.4195,  0.134037
0.4200,  0.145213
0.4205,  0.153431
0.4210,  0.158103
0.4215,  0.167874
0.4220,  0.125058
0.4225,  0.077129
0.4230,  0.108688
0.4235,  0.136876
0.4240,  0.149999
0.4245,  0.166710
0.4250,  0.155115
0.4255,  0.140849
0.4260,  0.144898
0.4265,  0.151486
0.4270,  0.122928
0.4275,  0.095013
0.4280,  0.108123
0.4285,  0.122282
0.4290,  0.114900
0.4295,  0.113479
0.4300,  0.039019
0.4305,  -0.066649
0.4310,  0.094049
0.4315,  0.211874
0.4320,  0.175309
0.4325,  0.144689
0.4330,  0.153911
0.4335,  0.163799
0.4340,  0.142483
0.4345,  0.120091
0.4350,  0.121419
0.4355,  0.119712
0.4360,  0.155044
0.4365,  0.193697
0.4370,  0.167102
0.4375,  0.145260
0.4380,  0.100455
0.4385,  0.046465
0.4390,  0.107513
0.4395,  0.160394
0.4400,  0.129675
0.4405,  0.095398
0.4410,  0.132148
0.4415,  0.165427
0.4420,  0.166229
0.4425,  0.167721
0.4430,  0.146440
0.4435,  0.128002
0.4440,  0.138417
0.4445,  0.152384
0.4450,  0.123875
0.4455,  0.092749
0.4460,  0.106362
0.4465,  0.116301
0.4470,  0.146132
0.4475,  0.174131
0.4480,  0.148655
0.4485,  0.122579
0.4490,  0.126026
0.4495,  0.126604
0.4500,  0.140321
0.4505,  0.156039
0.4510,  0.149741
0.4515,  0.145708
0.4520,  0.119417
0.4525,  0.092720
0.4530,  0.102173
0.4535,  0.110531
0.4540,  0.115464
0.4545,  0.116025
0.4550,  0.125180
0.4555,  0.132710
0.4560,  0.137621
0.4565,  0.142774
0.4570,  0.146629
0.4575,  0.150950
0.4580,  0.127008
0.4585,  0.102756
0.4590,  0.111430
0.4595,  0.117962
0.4600,  0.121724
0.4605,  0.125415
0.4610,  0.125138
0.4615,  0.124273
0.4620,  0.131959
0.4625,  0.141977
0.4630,  0.129762
0.4635,  0.120987
0.4640,  0.113162
0.4645,  0.104613
0.4650,  0.123788
0.4655,  0.144857
0.4660,  0.125011
0.4665,  0.104499
0.4670,  0.125079
0.4675,  0.142128
0.4680,  0.138146
0.4685,  0.139621
0.4690,  0.145430
0.4695,  0.150654
0.4700,  0.128509
0.4705,  0.099675
0.4710,  0.125045
0.4715,  0.150630
0.4720,  0.149339
0.4725,  0.150378
0.4730,  0.138563
0.4735,  0.125853
0.4740,  0.133973
0.4745,  0.146660
0.4750,  0.144032
0.4755,  0.139429
0.4760,  0.129006
0.4765,  0.117558
0.4770,  0.139926
0.4775,  0.161008
0.4780,  0.145092
0.4785,  0.127981
0.4790,  0.138135
0.4795,  0.148856
0.4800,  0.138449
0.4805,  0.131402
0.4810,  0.144136
0.4815,  0.155088
0.4820,  0.142294
0.4825,  0.133279
0.4830,  0.137355
0.4835,  0.140978
0.4840,  0.142047
0.4845,  0.148021
0.4850,  0.139929
0.4855,  0.129602
0.4860,  0.094182
0.4865,  0.046962
0.4870,  0.090722
0.4875,  0.129215
0.4880,  0.137892
0.4885,  0.145794
0.4890,  0.146195
0.4895,  0.148862
0.4900,  0.154664
0.4905,  0.164501
0.4910,  0.145354
0.4915,  0.124288
0.4920,  0.122823
0.4925,  0.120270
0.4930,  0.115631
0.4935,  0.107282
0.4940,  0.136222
0.4945,  0.165985
0.4950,  0.138073
0.4955,  0.108945
0.4960,  0.125920
0.4965,  0.144698
0.4970,  0.148319
0.4975,  0.153896
0.4980,  0.126820
0.4985,  0.097171
0.4990,  0.122570
0.4995,  0.149734
0.5000,  0.132608
0.5005,  0.113304
0.5010,  0.107705
0.5015,  0.098824
0.5020,  0.115788
0.5025,  0.132853
0.5030,  0.140400
0.5035,  0.147014
0.5040,  0.131994
0.5045,  0.114041
0.5050,  0.132128
0.5055,  0.151898
0.5060,  0.142282
0.5065,  0.136674
0.5070,  0.129308
0.5075,  0.120257
0.5080,  0.123506
0.5085,  0.125683
0.5090,  0.124666
0.5095,  0.122944
0.5100,  0.126365
0.5105,  0.130454
0.5110,  0.140549
0.5115,  0.151391
0.5120,  0.128252
0.5125,  0.107106
0.5130,  0.111172
0.5135,  0.113239
0.5140,  0.119183
0.5145,  0.123809
0.5150,  0.135071
0.5155,  0.152785
0.5160,  0.119869
0.5165,  0.082184
0.5170,  0.105197
0.5175,  0.121998
0.5180,  0.101577
0.5185,  0.074962
0.5190,  0.104681
0.5195,  0.134554
0.5200,  0.127952
0.5205,  0.122532
0.5210,  0.134594
0.5215,  0.149308
0.5220,  0.130421
0.5225,  0.108154
0.5230,  0.118376
0.5235,  0.126816
0.5240,  0.135349
0.5245,  0.148001
0.5250,  0.148140
0.5255,  0.152485
0.5260,  0.108281
0.5265,  0.056112
0.5270,  0.090436
0.5275,  0.117756
0.5280,  0.123334
0.5285,  0.128406
0.5290,  0.125556
0.5295,  0.124592
0.5300,  0.128031
0.5305,  0.133151
0.5310,  0.137617
0.5315,  0.145412
0.5320,  0.113617
0.5325,  0.078544
0.5330,  0.113880
0.5335,  0.144276
0.5340,  0.125089
0.5345,  0.104792
0.5350,  0.128593
0.5355,  0.155023
0.5360,  0.132998
0.5365,  0.109705
0.5370,  0.112096
0.5375,  0.115916
0.5380,  0.123192
0.5385,  0.133110
0.5390,  0.123487
0.5395,  0.113425
0.5400,  0.102595
0.5405,  0.089841
0.5410,  0.113471
0.5415,  0.136357
0.5420,  0.122885
0.5425,  0.109004
0.5430,  0.120210
0.5435,  0.129442
0.5440,  0.127079
0.5445,  0.126810
0.5450,  0.131233
0.5455,  0.134934
0.5460,  0.132608
0.5465,  0.130086
0.5470,  0.120331
0.5475,  0.109585
0.5480,  0.115090
0.5485,  0.119793
0.5490,  0.125680
0.5495,  0.133297
0.5500,  0.126783
0.5505,  0.120697
0.5510,  0.123586
0.5515,  0.126992
0.5520,  0.124096
0.5525,  0.118034
0.5530,  0.123817
0.5535,  0.129475
0.5540,  0.130994
0.5545,  0.133708
0.5550,  0.137461
0.5555,  0.142446
0.5560,  0.131728
0.5565,  0.119653
0.5570,  0.127477
0.5575,  0.136094
0.5580,  0.126722
0.5585,  0.114954
0.5590,  0.116509
0.5595,  0.119170
0.5600,  0.124449
0.5605,  0.130337
0.5610,  0.127657
0.5615,  0.124194
0.5620,  0.128440
0.5625,  0.133935
0.5630,  0.136892
0.5635,  0.140545
0.5640,  0.143236
0.5645,  0.146535
0.5650,  0.138029
0.5655,  0.124291
0.5660,  0.126445
0.5665,  0.129861
0.5670,  0.142537
0.5675,  0.157900
0.5680,  0.144916
0.5685,  0.131836
0.5690,  0.146601
0.5695,  0.160935
0.5700,  0.143325
0.5705,  0.120099
0.5710,  0.126629
0.5715,  0.130786
0.5720,  0.139282
0.5725,  0.151786
0.5730,  0.147718
0.5735,  0.146132
0.5740,  0.147476
0.5745,  0.149881
0.5750,  0.144255
0.5755,  0.135497
0.5760,  0.137834
0.5765,  0.142325
0.5770,  0.147199
0.5775,  0.150600
0.5780,  0.132206
0.5785,  0.112150
0.5790,  0.119356
0.5795,  0.126683
0.5800,  0.126588
0.5805,  0.125839
0.5810,  0.126516
0.5815,  0.127419
0.5820,  0.130066
0.5825,  0.132525
0.5830,  0.129386
0.5835,  0.130907
0.5840,  0.135072
0.5845,  0.139481
0.5850,  0.125160
0.5855,  0.109795
0.5860,  0.123288
0.5865,  0.138000
0.5870,  0.150670
0.5875,  0.169706
0.5880,  0.165360
0.5885,  0.153596
0.5890,  0.124358
0.5895,  0.087429
0.5900,  0.131105
0.5905,  0.171984
0.5910,  0.162773
0.5915,  0.154268
0.5920,  0.154481
0.5925,  0.155838
0.5930,  0.151751
0.5935,  0.151689
0.5940,  0.148094
0.5945,  0.143320
0.5950,  0.146234
0.5955,  0.147269
0.5960,  0.150199
0.5965,  0.154546
0.5970,  0.148306
0.5975,  0.140830
0.5980,  0.133830
0.5985,  0.129904
0.5990,  0.135767
0.5995,  0.143299
0.6000,  0.140142
0.6005,  0.137897
0.6010,  0.141255
0.6015,  0.140843
0.6020,  0.128810
0.6025,  0.115183
0.6030,  0.126647
0.6035,  0.140682
0.6040,  0.137918
0.6045,  0.139013
0.6050,  0.138769
0.6055,  0.135468
0.6060,  0.132515
0.6065,  0.130282
0.6070,  0.129810
0.6075,  0.131600
0.6080,  0.131636
0.6085,  0.135041
0.6090,  0.140024
0.6095,  0.142777
0.6100,  0.133427
0.6105,  0.124191
0.6110,  0.135443
0.6115,  0.146147
0.6120,  0.137949
0.6125,  0.130680
0.6130,  0.126171
0.6135,  0.121384
0.6140,  0.130895
0.6145,  0.143005
0.6150,  0.149348
0.6155,  0.152856
0.6160,  0.127527
0.6165,  0.097811
0.6170,  0.116434
0.6175,  0.137532
0.6180,  0.140321
0.6185,  0.145119
0.6190,  0.141765
0.6195,  0.138822
0.6200,  0.146998
0.6205,  0.152769
0.6210,  0.140480
0.6215,  0.129354
0.6220,  0.138550
0.6225,  0.149028
0.6230,  0.142042
0.6235,  0.137619
0.6240,  0.142425
0.6245,  0.144604
0.6250,  0.139717
0.6255,  0.133512
0.6260,  0.149410
0.6265,  0.164877
0.6270,  0.167552
0.6275,  0.168055
0.6280,  0.171895
0.6285,  0.176851
0.6290,  0.175780
0.6295,  0.173587
0.6300,  0.167623
0.6305,  0.159258
0.6310,  0.151631
0.6315,  0.149244
0.6320,  0.144824
0.6325,  0.142164
0.6330,  0.141870
0.6335,  0.141879
0.6340,  0.143855
0.6345,  0.147680
0.6350,  0.150044
0.6355,  0.148570
0.6360,  0.147671
0.6365,  0.144230
0.6370,  0.139163
0.6375,  0.136706
0.6380,  0.135259
0.6385,  0.136136
0.6390,  0.137707
0.6395,  0.137587
0.6400,  0.138100
0.6405,  0.134895
0.6410,  0.129878
0.6415,  0.130258
0.6420,  0.128349
0.6425,  0.126639
0.6430,  0.125821
0.6435,  0.129114
0.6440,  0.133048
0.6445,  0.142178
0.6450,  0.149708
0.6455,  0.154413
0.6460,  0.157400
0.6465,  0.158827
0.6470,  0.158206
0.6475,  0.154501
0.6480,  0.153832
0.6485,  0.148253
0.6490,  0.140494
0.6495,  0.141221
0.6500,  0.145304
0.6505,  0.152570
0.6510,  0.159859
0.6515,  0.156822
0.6520,  0.153198
0.6525,  0.151489
0.6530,  0.151686
0.6535,  0.146574
0.6540,  0.148316
0.6545,  0.156428
0.6550,  0.167244
0.6555,  0.162759
0.6560,  0.143156
0.6565,  0.112268
0.6570,  0.073788
0.6575,  0.079941
0.6580,  0.091292
0.6585,  0.104669
0.6590,  0.119109
0.6595,  0.114229
0.6600,  0.112230
0.6605,  0.111387
0.6610,  0.113094
0.6615,  0.112032
0.6620,  0.112179
0.6625,  0.114058
0.6630,  0.115562
0.6635,  0.117882
0.6640,  0.119817
0.6645,  0.120717
0.6650,  0.121681
0.6655,  0.117852
0.6660,  0.111755
0.6665,  0.105656
0.6670,  0.101347
0.6675,  0.100854
0.6680,  0.100874
0.6685,  0.104467
0.6690,  0.109474
0.6695,  0.110062
0.6700,  0.110849
0.6705,  0.114382
0.6710,  0.113215
0.6715,  0.112614
0.6720,  0.112276
0.6725,  0.112006
0.6730,  0.109516
0.6735,  0.103719
0.6740,  0.101497
0.6745,  0.100309
0.6750,  0.100156
0.6755,  0.105810
0.6760,  0.112165
0.6765,  0.116717
0.6770,  0.117837
0.6775,  0.117109
0.6780,  0.114588
0.6785,  0.114319
0.6790,  0.111727
0.6795,  0.107223
0.6800,  0.105761
0.6805,  0.104553
0.6810,  0.102424
0.6815,  0.105024
0.6820,  0.108374
0.6825,  0.111752
0.6830,  0.117045
0.6835,  0.118874
0.6840,  0.118811
0.6845,  0.121694
0.6850,  0.134498
0.6855,  0.165872
0.6860,  0.202866
0.6865,  0.232780
0.6870,  0.246170
0.6875,  0.243924
0.6880,  0.239589
0.6885,  0.230539
0.6890,  0.224357
0.6895,  0.218812
0.6900,  0.212587
0.6905,  0.205685
0.6910,  0.197594
0.6915,  0.191108
0.6920,  0.187977
0.6925,  0.186283
0.6930,  0.185042
0.6935,  0.180141
0.6940,  0.179047
0.6945,  0.179668
0.6950,  0.173941
0.6955,  0.161299
0.6960,  0.152262
0.6965,  0.148416
0.6970,  0.146965
0.6975,  0.150449
0.6980,  0.156433
0.6985,  0.163181
0.6990,  0.169443
0.6995,  0.172261
0.7000,  0.170124
0.7005,  0.166590
0.7010,  0.164921
0.7015,  0.163331
0.7020,  0.159478
0.7025,  0.156323
0.7030,  0.153109
0.7035,  0.150501
0.7040,  0.149403
0.7045,  0.153316
0.7050,  0.156916
0.7055,  0.155057
0.7060,  0.155629
0.7065,  0.152355
0.7070,  0.149004
0.7075,  0.142861
0.7080,  0.139511
0.7085,  0.137986
0.7090,  0.133745
0.7095,  0.134281
0.7100,  0.135915
0.7105,  0.137398
0.7110,  0.140870
0.7115,  0.140126
0.7120,  0.138937
0.7125,  0.144643
0.7130,  0.148086
0.7135,  0.150623
0.7140,  0.157649
0.7145,  0.164447
0.7150,  0.177472
0.7155,  0.198007
0.7160,  0.231406
0.7165,  0.262832
0.7170,  0.291605
0.7175,  0.317864
0.7180,  0.341506
0.7185,  0.354842
0.7190,  0.353462
0.7195,  0.344227
0.7200,  0.319837
0.7205,  0.289709
0.7210,  0.263476
0.7215,  0.254499
0.7220,  0.258543
0.7225,  0.269385
0.7230,  0.282070
0.7235,  0.292135
0.7240,  0.303189
0.7245,  0.309366
0.7250,  0.310008
0.7255,  0.311748
0.7260,  0.314075
0.7265,  0.314399
0.7270,  0.318551
0.7275,  0.313533
0.7280,  0.307696
0.7285,  0.298983
0.7290,  0.290381
0.7295,  0.282049
0.7300,  0.275355
0.7305,  0.262383
0.7310,  0.249146
0.7315,  0.234401
0.7320,  0.223646
0.7325,  0.209976
0.7330,  0.198345
0.7335,  0.188845
0.7340,  0.184907
0.7345,  0.182720
0.7350,  0.177708
0.7355,  0.176016
0.7360,  0.168006
0.7365,  0.167639
0.7370,  0.164283
0.7375,  0.160821
0.7380,  0.160596
0.7385,  0.160651
0.7390,  0.155352
0.7395,  0.155018
0.7400,  0.152430
0.7405,  0.144111
0.7410,  0.133216
0.7415,  0.131707
0.7420,  0.130871
0.7425,  0.129968
0.7430,  0.131099
0.7435,  0.130872
0.7440,  0.126909
0.7445,  0.127144
0.7450,  0.133242
0.7455,  0.138107
0.7460,  0.134947
0.7465,  0.131726
0.7470,  0.128136
0.7475,  0.125965
0.7480,  0.121386
0.7485,  0.122308
0.7490,  0.122766
0.7495,  0.121123
0.7500,  0.117613
0.7505,  0.121727
0.7510,  0.123988
0.7515,  0.127128
0.7520,  0.127437
0.7525,  0.127272
0.7530,  0.121519
0.7535,  0.118376
0.7540,  0.114150
0.7545,  0.112190
0.7550,  0.112794
0.7555,  0.115657
0.7560,  0.116419
0.7565,  0.116790
0.7570,  0.122924
0.7575,  0.151227
0.7580,  0.217297
0.7585,  0.322364
0.7590,  0.470838
0.7595,  0.628601
0.7600,  0.726806
0.7605,  0.751363
0.7610,  0.728319
0.7615,  0.701581
0.7620,  0.699465
0.7625,  0.700352
0.7630,  0.680989
0.7635,  0.637445
0.7640,  0.578145
0.7645,  0.513075
0.7650,  0.451432
0.7655,  0.386496
0.7660,  0.322857
0.7665,  0.264767
0.7670,  0.223686
0.7675,  0.195341
0.7680,  0.181003
0.7685,  0.171977
0.7690,  0.165565
0.7695,  0.159187
0.7700,  0.158012
0.7705,  0.156152
0.7710,  0.149768
0.7715,  0.137891
0.7720,  0.129219
0.7725,  0.123047
0.7730,  0.125337
0.7735,  0.120839
0.7740,  0.115596
0.7745,  0.117393
0.7750,  0.120166
0.7755,  0.121571
0.7760,  0.119082
0.7765,  0.119242
0.7770,  0.121692
0.7775,  0.118215
0.7780,  0.117674
0.7785,  0.118720
0.7790,  0.114491
0.7795,  0.116526
0.7800,  0.116382
0.7805,  0.115289
0.7810,  0.114435
0.7815,  0.112234
0.7820,  0.111152
0.7825,  0.113170
0.7830,  0.114117
0.7835,  0.118483
0.7840,  0.126013
0.7845,  0.126953
0.7850,  0.126460
0.7855,  0.122745
0.7860,  0.125398
0.7865,  0.136091
0.7870,  0.142253
0.7875,  0.149039
0.7880,  0.157228
0.7885,  0.165061
0.7890,  0.166574
0.7895,  0.161061
0.7900,  0.157651
0.7905,  0.156195
0.7910,  0.151214
0.7915,  0.148703
0.7920,  0.146078
0.7925,  0.142179
0.7930,  0.141129
0.7935,  0.148280
0.7940,  0.153414
0.7945,  0.156153
0.7950,  0.155248
0.7955,  0.156679
0.7960,  0.150812
0.7965,  0.145520
0.7970,  0.141106
0.7975,  0.143199
0.7980,  0.141188
0.7985,  0.147659
0.7990,  0.152514
0.7995,  0.152840
0.8000,  0.154421
0.8005,  0.156918
0.8010,  0.161255
0.8015,  0.160423
0.8020,  0.155640
0.8025,  0.154640
0.8030,  0.147208
0.8035,  0.146677
0.8040,  0.144002
0.8045,  0.136823
0.8050,  0.130758
0.8055,  0.136054
0.8060,  0.143606
0.8065,  0.147920
0.8070,  0.148294
0.8075,  0.150340
0.8080,  0.150385
0.8085,  0.146896
0.8090,  0.144718
0.8095,  0.157762
0.8100,  0.170079
0.8105,  0.178317
0.8110,  0.190817
0.8115,  0.207725
0.8120,  0.228290
0.8125,  0.246919
0.8130,  0.272956
0.8135,  0.288440
0.8140,  0.297035
0.8145,  0.304486
0.8150,  0.323514
0.8155,  0.335752
0.8160,  0.350014
0.8165,  0.359602
0.8170,  0.360023
0.8175,  0.349947
0.8180,  0.339227
0.8185,  0.325121
0.8190,  0.299558
0.8195,  0.277955
0.8200,  0.262786
0.8205,  0.257386
0.8210,  0.271200
0.8215,  0.295718
0.8220,  0.326760
0.8225,  0.346360
0.8230,  0.327615
0.8235,  0.297335
0.8240,  0.276986
0.8245,  0.267686
0.8250,  0.264994
0.8255,  0.263571
0.8260,  0.260398
0.8265,  0.258392
0.8270,  0.255674
0.8275,  0.262880
0.8280,  0.271251
0.8285,  0.269422
0.8290,  0.267188
0.8295,  0.266940
0.8300,  0.257088
0.8305,  0.243397
0.8310,  0.237562
0.8315,  0.230269
0.8320,  0.222051
0.8325,  0.209780
0.8330,  0.199451
0.8335,  0.187303
0.8340,  0.182859
0.8345,  0.185753
0.8350,  0.190473
0.8355,  0.191161
0.8360,  0.186084
0.8365,  0.177495
0.8370,  0.179011
0.8375,  0.168281
0.8380,  0.154753
0.8385,  0.144319
0.8390,  0.134791
0.8395,  0.134993
0.8400,  0.140197
0.8405,  0.143500
0.8410,  0.145659
0.8415,  0.148714
0.8420,  0.155997
0.8425,  0.154749
0.8430,  0.147304
0.8435,  0.141288
0.8440,  0.129929
0.8445,  0.124497
0.8450,  0.123335
0.8455,  0.128573
0.8460,  0.124340
0.8465,  0.124643
0.8470,  0.131134
0.8475,  0.136975
0.8480,  0.146870
0.8485,  0.137975
0.8490,  0.127305
0.8495,  0.115041
0.8500,  0.092471
0.8505,  0.091122
0.8510,  0.094798
0.8515,  0.108493
0.8520,  0.131717
0.8525,  0.141138
0.8530,  0.144261
0.8535,  0.130085
0.8540,  0.094331
0.8545,  0.104039
0.8550,  0.100122
0.8555,  0.097379
0.8560,  0.099961
0.8565,  0.094815
0.8570,  0.092365
0.8575,  0.099262
0.8580,  0.104264
0.8585,  0.113286
0.8590,  0.129350
0.8595,  0.134089
0.8600,  0.123472
0.8605,  0.110564
0.8610,  0.093023
0.8615,  0.093712
0.8620,  0.085753
0.8625,  0.081547
0.8630,  0.085099
0.8635,  0.100771
0.8640,  0.124129
0.8645,  0.113687
0.8650,  0.115447
0.8655,  0.106063
0.8660,  0.073215
0.8665,  0.072269
0.8670,  0.068703
0.8675,  0.068417
0.8680,  0.077231
0.8685,  0.087193
0.8690,  0.095340
0.8695,  0.101975
0.8700,  0.105318
0.8705,  0.116100
0.8710,  0.121316
0.8715,  0.118448
0.8720,  0.124873
0.8725,  0.120631
0.8730,  0.108735
0.8735,  0.102874
0.8740,  0.105339
0.8745,  0.112640
0.8750,  0.114366
0.8755,  0.121070
0.8760,  0.123422
0.8765,  0.116770
0.8770,  0.103179
0.8775,  0.094782
0.8780,  0.101534
0.8785,  0.108004
0.8790,  0.109842
0.8795,  0.098992
0.8800,  0.091377
0.8805,  0.092387
0.8810,  0.102411
0.8815,  0.113018
0.8820,  0.112606
0.8825,  0.102881
0.8830,  0.104993
0.8835,  0.100166
0.8840,  0.098178
0.8845,  0.081857
0.8850,  0.087646
0.8855,  0.089261
0.8860,  0.091185
0.8865,  0.105083
0.8870,  0.115792
0.8875,  0.116603
0.8880,  0.114042
0.8885,  0.109885
0.8890,  0.116281
0.8895,  0.123283
0.8900,  0.128399
