0.3500,  Infinity
0.3505,  Infinity
0.3510,  Infinity
0.3515,  Infinity
0.3520,  Infinity
0.3525,  Infinity
0.3530,  Infinity
0.3535,  Infinity
0.3540,  Infinity
0.3545,  Infinity
0.3550,  Infinity
0.3555,  Infinity
0.3560,  Infinity
0.3565,  Infinity
0.3570,  Infinity
0.3575,  Infinity
0.3580,  Infinity
0.3585,  Infinity
0.3590,  Infinity
0.3595,  Infinity
0.3600,  Infinity
0.3605,  Infinity
0.3610,  Infinity
0.3615,  Infinity
0.3620,  Infinity
0.3625,  Infinity
0.3630,  5.829360
0.3635,  4.805831
0.3640,  4.087031
0.3645,  3.341441
0.3650,  2.937380
0.3655,  2.636826
0.3660,  2.407735
0.3665,  2.247411
0.3670,  2.049756
0.3675,  1.901645
0.3680,  1.765074
0.3685,  1.658008
0.3690,  1.658595
0.3695,  1.671235
0.3700,  1.636026
0.3705,  1.612212
0.3710,  1.645410
0.3715,  1.694678
0.3720,  1.687963
0.3725,  1.693362
0.3730,  1.738078
0.3735,  1.785183
0.3740,  1.862570
0.3745,  1.972333
0.3750,  2.129759
0.3755,  2.183342
0.3760,  2.107108
0.3765,  1.992053
0.3770,  1.917331
0.3775,  1.824671
0.3780,  1.698650
0.3785,  1.636836
0.3790,  1.511456
0.3795,  1.377784
0.3800,  1.419259
0.3805,  1.476268
0.3810,  1.474085
0.3815,  1.521337
0.3820,  1.540792
0.3825,  1.618629
0.3830,  1.806289
0.3835,  1.931236
0.3840,  2.244450
0.3845,  2.437331
0.3850,  2.425851
0.3855,  2.400504
0.3860,  2.328186
0.3865,  2.278252
0.3870,  2.224292
0.3875,  2.104765
0.3880,  1.954247
0.3885,  1.797297
0.3890,  1.743763
0.3895,  1.693930
0.3900,  1.601280
0.3905,  1.530793
0.3910,  1.490829
0.3915,  1.483414
0.3920,  1.378379
0.3925,  1.313881
0.3930,  1.214909
0.3935,  1.069727
0.3940,  1.471157
0.3945,  1.709691
0.3950,  1.797261
0.3955,  1.858792
0.3960,  1.662560
0.3965,  1.447712
0.3970,  1.451295
0.3975,  1.385725
0.3980,  1.492159
0.3985,  1.532740
0.3990,  1.416127
0.3995,  1.314686
0.4000,  1.201735
0.4005,  1.101529
0.4010,  1.026336
0.4015,  0.970565
0.4020,  0.922056
0.4025,  0.892711
0.4030,  0.850013
0.4035,  0.808147
0.4040,  0.790578
0.4045,  0.785583
0.4050,  0.782086
0.4055,  0.779189
0.4060,  0.763356
0.4065,  0.753665
0.4070,  0.771273
0.4075,  0.782425
0.4080,  0.805445
0.4085,  0.824104
0.4090,  0.813241
0.4095,  0.804170
0.4100,  0.747104
0.4105,  0.683009
0.4110,  0.747518
0.4115,  0.800689
0.4120,  0.776479
0.4125,  0.760929
0.4130,  0.743793
0.4135,  0.730588
0.4140,  0.724444
0.4145,  0.712442
0.4150,  0.705895
0.4155,  0.697590
0.4160,  0.711574
0.4165,  0.726960
0.4170,  0.682455
0.4175,  0.638827
0.4180,  0.645292
0.4185,  0.656436
0.4190,  0.675641
0.4195,  0.676629
0.4200,  0.691705
0.4205,  0.712807
0.4210,  0.718725
0.4215,  0.727744
0.4220,  0.680073
0.4225,  0.624089
0.4230,  0.657776
0.4235,  0.695688
0.4240,  0.708538
0.4245,  0.730075
0.4250,  0.719926
0.4255,  0.708937
0.4260,  0.712094
0.4265,  0.713965
0.4270,  0.681413
0.4275,  0.648096
0.4280,  0.659190
0.4285,  0.675359
0.4290,  0.661002
0.4295,  0.656154
0.4300,  0.586983
0.4305,  0.487611
0.4310,  0.702685
0.4315,  0.862386
0.4320,  0.832736
0.4325,  0.795183
0.4330,  0.787915
0.4335,  0.776692
0.4340,  0.734467
0.4345,  0.693956
0.4350,  0.681918
0.4355,  0.670227
0.4360,  0.701212
0.4365,  0.734846
0.4370,  0.694932
0.4375,  0.656097
0.4380,  0.593666
0.4385,  0.531015
0.4390,  0.602755
0.4395,  0.665955
0.4400,  0.632557
0.4405,  0.594916
0.4410,  0.634627
0.4415,  0.667667
0.4420,  0.659099
0.4425,  0.651404
0.4430,  0.621299
0.4435,  0.593913
0.4440,  0.599265
0.4445,  0.610770
0.4450,  0.572057
0.4455,  0.531103
0.4460,  0.546193
0.4465,  0.559936
0.4470,  0.592291
0.4475,  0.623196
0.4480,  0.589870
0.4485,  0.552175
0.4490,  0.551193
0.4495,  0.550893
0.4500,  0.568286
0.4505,  0.577710
0.4510,  0.563121
0.4515,  0.550928
0.4520,  0.518562
0.4525,  0.484309
0.4530,  0.493570
0.4535,  0.507505
0.4540,  0.522755
0.4545,  0.531446
0.4550,  0.542680
0.4555,  0.553887
0.4560,  0.556819
0.4565,  0.558618
0.4570,  0.559591
0.4575,  0.562300
0.4580,  0.531512
0.4585,  0.498650
0.4590,  0.504717
0.4595,  0.511174
0.4600,  0.516291
0.4605,  0.522451
0.4610,  0.524097
0.4615,  0.522197
0.4620,  0.526559
0.4625,  0.532218
0.4630,  0.514038
0.4635,  0.499898
0.4640,  0.491004
0.4645,  0.480067
0.4650,  0.501534
0.4655,  0.526018
0.4660,  0.500912
0.4665,  0.474938
0.4670,  0.496871
0.4675,  0.516169
0.4680,  0.509888
0.4685,  0.504420
0.4690,  0.501736
0.4695,  0.502903
0.4700,  0.483195
0.4705,  0.454096
0.4710,  0.485820
0.4715,  0.518405
0.4720,  0.519223
0.4725,  0.519416
0.4730,  0.507793
0.4735,  0.489615
0.4740,  0.492859
0.4745,  0.497136
0.4750,  0.483541
0.4755,  0.471455
0.4760,  0.452669
0.4765,  0.435804
0.4770,  0.461153
0.4775,  0.483460
0.4780,  0.462760
0.4785,  0.444050
0.4790,  0.454664
0.4795,  0.461089
0.4800,  0.445341
0.4805,  0.433751
0.4810,  0.441943
0.4815,  0.449910
0.4820,  0.429001
0.4825,  0.412079
0.4830,  0.412107
0.4835,  0.412222
0.4840,  0.405032
0.4845,  0.404601
0.4850,  0.386452
0.4855,  0.371145
0.4860,  0.338914
0.4865,  0.296824
0.4870,  0.358698
0.4875,  0.409510
0.4880,  0.424589
0.4885,  0.434640
0.4890,  0.430450
0.4895,  0.425368
0.4900,  0.419521
0.4905,  0.418698
0.4910,  0.388245
0.4915,  0.358560
0.4920,  0.356656
0.4925,  0.357088
0.4930,  0.354128
0.4935,  0.346788
0.4940,  0.378577
0.4945,  0.410526
0.4950,  0.371962
0.4955,  0.333153
0.4960,  0.346498
0.4965,  0.360571
0.4970,  0.360429
0.4975,  0.363774
0.4980,  0.329961
0.4985,  0.293937
0.4990,  0.321057
0.4995,  0.347997
0.5000,  0.324940
0.5005,  0.301116
0.5010,  0.294001
0.5015,  0.286184
0.5020,  0.309187
0.5025,  0.330752
0.5030,  0.341117
0.5035,  0.348482
0.5040,  0.331100
0.5045,  0.310338
0.5050,  0.330999
0.5055,  0.350098
0.5060,  0.335148
0.5065,  0.321472
0.5070,  0.308117
0.5075,  0.295603
0.5080,  0.299327
0.5085,  0.302646
0.5090,  0.302475
0.5095,  0.301044
0.5100,  0.306649
0.5105,  0.311132
0.5110,  0.319891
0.5115,  0.328595
0.5120,  0.299546
0.5125,  0.272192
0.5130,  0.276612
0.5135,  0.280116
0.5140,  0.289794
0.5145,  0.296231
0.5150,  0.304933
0.5155,  0.316558
0.5160,  0.270942
0.5165,  0.225259
0.5170,  0.257077
0.5175,  0.286871
0.5180,  0.275684
0.5185,  0.256119
0.5190,  0.298187
0.5195,  0.334697
0.5200,  0.323654
0.5205,  0.311331
0.5210,  0.317827
0.5215,  0.326611
0.5220,  0.301387
0.5225,  0.278846
0.5230,  0.292024
0.5235,  0.302536
0.5240,  0.309960
0.5245,  0.319293
0.5250,  0.311498
0.5255,  0.308139
0.5260,  0.253584
0.5265,  0.195978
0.5270,  0.243661
0.5275,  0.283488
0.5280,  0.294564
0.5285,  0.302244
0.5290,  0.299253
0.5295,  0.294092
0.5300,  0.293379
0.5305,  0.295044
0.5310,  0.292245
0.5315,  0.295278
0.5320,  0.252952
0.5325,  0.210381
0.5330,  0.255242
0.5335,  0.296670
0.5340,  0.282909
0.5345,  0.265068
0.5350,  0.291443
0.5355,  0.316707
0.5360,  0.286219
0.5365,  0.257116
0.5370,  0.260192
0.5375,  0.263785
0.5380,  0.272796
0.5385,  0.283975
0.5390,  0.270537
0.5395,  0.257916
0.5400,  0.248322
0.5405,  0.237910
0.5410,  0.269694
0.5415,  0.297837
0.5420,  0.284688
0.5425,  0.270093
0.5430,  0.280600
0.5435,  0.290388
0.5440,  0.287764
0.5445,  0.285227
0.5450,  0.290912
0.5455,  0.295271
0.5460,  0.290347
0.5465,  0.284555
0.5470,  0.271492
0.5475,  0.260720
0.5480,  0.268210
0.5485,  0.273517
0.5490,  0.281374
0.5495,  0.290376
0.5500,  0.283074
0.5505,  0.276353
0.5510,  0.278281
0.5515,  0.280887
0.5520,  0.275643
0.5525,  0.271118
0.5530,  0.280828
0.5535,  0.289542
0.5540,  0.292908
0.5545,  0.294212
0.5550,  0.293777
0.5555,  0.294175
0.5560,  0.277885
0.5565,  0.263803
0.5570,  0.273196
0.5575,  0.284319
0.5580,  0.274899
0.5585,  0.266353
0.5590,  0.275688
0.5595,  0.282580
0.5600,  0.289431
0.5605,  0.295786
0.5610,  0.291225
0.5615,  0.285787
0.5620,  0.290471
0.5625,  0.295270
0.5630,  0.297199
0.5635,  0.301747
0.5640,  0.303125
0.5645,  0.307000
0.5650,  0.297266
0.5655,  0.284820
0.5660,  0.292714
0.5665,  0.299365
0.5670,  0.312991
0.5675,  0.328037
0.5680,  0.310260
0.5685,  0.292323
0.5690,  0.306229
0.5695,  0.321934
0.5700,  0.305753
0.5705,  0.285508
0.5710,  0.297844
0.5715,  0.304056
0.5720,  0.313741
0.5725,  0.321551
0.5730,  0.313498
0.5735,  0.309285
0.5740,  0.308451
0.5745,  0.308693
0.5750,  0.301439
0.5755,  0.293633
0.5760,  0.298739
0.5765,  0.302667
0.5770,  0.307284
0.5775,  0.314228
0.5780,  0.297177
0.5785,  0.281235
0.5790,  0.293490
0.5795,  0.301935
0.5800,  0.299187
0.5805,  0.298369
0.5810,  0.300564
0.5815,  0.300367
0.5820,  0.302162
0.5825,  0.302270
0.5830,  0.297562
0.5835,  0.292763
0.5840,  0.296258
0.5845,  0.302584
0.5850,  0.288912
0.5855,  0.274862
0.5860,  0.292557
0.5865,  0.308411
0.5870,  0.315640
0.5875,  0.326632
0.5880,  0.317501
0.5885,  0.313346
0.5890,  0.295916
0.5895,  0.270111
0.5900,  0.331959
0.5905,  0.385110
0.5910,  0.374092
0.5915,  0.360008
0.5920,  0.355760
0.5925,  0.351916
0.5930,  0.344752
0.5935,  0.343922
0.5940,  0.340365
0.5945,  0.338266
0.5950,  0.344300
0.5955,  0.346006
0.5960,  0.348451
0.5965,  0.351616
0.5970,  0.342384
0.5975,  0.334514
0.5980,  0.328184
0.5985,  0.323704
0.5990,  0.332703
0.5995,  0.340707
0.6000,  0.336210
0.6005,  0.330810
0.6010,  0.333996
0.6015,  0.333014
0.6020,  0.319636
0.6025,  0.306869
0.6030,  0.321566
0.6035,  0.337077
0.6040,  0.336038
0.6045,  0.335897
0.6050,  0.332441
0.6055,  0.326677
0.6060,  0.325203
0.6065,  0.324300
0.6070,  0.323833
0.6075,  0.326069
0.6080,  0.326263
0.6085,  0.327864
0.6090,  0.333573
0.6095,  0.339648
0.6100,  0.331017
0.6105,  0.318546
0.6110,  0.329172
0.6115,  0.340746
0.6120,  0.331017
0.6125,  0.324607
0.6130,  0.326178
0.6135,  0.329225
0.6140,  0.344739
0.6145,  0.355374
0.6150,  0.356092
0.6155,  0.359241
0.6160,  0.336751
0.6165,  0.309974
0.6170,  0.338390
0.6175,  0.364255
0.6180,  0.368805
0.6185,  0.374033
0.6190,  0.371130
0.6195,  0.363731
0.6200,  0.368223
0.6205,  0.373175
0.6210,  0.362504
0.6215,  0.350462
0.6220,  0.359616
0.6225,  0.367686
0.6230,  0.361425
0.6235,  0.356450
0.6240,  0.363629
0.6245,  0.369181
0.6250,  0.367185
0.6255,  0.363234
0.6260,  0.381433
0.6265,  0.397469
0.6270,  0.395194
0.6275,  0.398170
0.6280,  0.404004
0.6285,  0.407374
0.6290,  0.405675
0.6295,  0.405721
0.6300,  0.401617
0.6305,  0.394701
0.6310,  0.386037
0.6315,  0.387444
0.6320,  0.388448
0.6325,  0.389868
0.6330,  0.394604
0.6335,  0.395797
0.6340,  0.397587
0.6345,  0.401789
0.6350,  0.405411
0.6355,  0.407729
0.6360,  0.407452
0.6365,  0.403597
0.6370,  0.395816
0.6375,  0.390684
0.6380,  0.388536
0.6385,  0.390184
0.6390,  0.392308
0.6395,  0.391201
0.6400,  0.395464
0.6405,  0.396120
0.6410,  0.395506
0.6415,  0.398543
0.6420,  0.397050
0.6425,  0.394350
0.6430,  0.389859
0.6435,  0.390942
0.6440,  0.398878
0.6445,  0.408300
0.6450,  0.416440
0.6455,  0.424254
0.6460,  0.431599
0.6465,  0.432834
0.6470,  0.434029
0.6475,  0.431121
0.6480,  0.430794
0.6485,  0.431161
0.6490,  0.432235
0.6495,  0.441462
0.6500,  0.445988
0.6505,  0.449732
0.6510,  0.457007
0.6515,  0.457441
0.6520,  0.455937
0.6525,  0.448430
0.6530,  0.443637
0.6535,  0.428876
0.6540,  0.420032
0.6545,  0.419370
0.6550,  0.427397
0.6555,  0.435379
0.6560,  0.442200
0.6565,  0.438181
0.6570,  0.413806
0.6575,  0.429619
0.6580,  0.438572
0.6585,  0.444139
0.6590,  0.451717
0.6595,  0.437421
0.6600,  0.426611
0.6605,  0.419820
0.6610,  0.416907
0.6615,  0.410423
0.6620,  0.406112
0.6625,  0.405243
0.6630,  0.408714
0.6635,  0.416005
0.6640,  0.420130
0.6645,  0.423963
0.6650,  0.424564
0.6655,  0.417336
0.6660,  0.410378
0.6665,  0.405903
0.6670,  0.403982
0.6675,  0.412911
0.6680,  0.418442
0.6685,  0.424557
0.6690,  0.430791
0.6695,  0.431518
0.6700,  0.429308
0.6705,  0.430560
0.6710,  0.436323
0.6715,  0.440644
0.6720,  0.442508
0.6725,  0.443138
0.6730,  0.443895
0.6735,  0.444467
0.6740,  0.446779
0.6745,  0.444908
0.6750,  0.441773
0.6755,  0.445869
0.6760,  0.450497
0.6765,  0.453230
0.6770,  0.454811
0.6775,  0.456467
0.6780,  0.454472
0.6785,  0.456445
0.6790,  0.458786
0.6795,  0.460855
0.6800,  0.466249
0.6805,  0.468051
0.6810,  0.472963
0.6815,  0.473305
0.6820,  0.477716
0.6825,  0.484656
0.6830,  0.491563
0.6835,  0.492836
0.6840,  0.492303
0.6845,  0.485506
0.6850,  0.488556
0.6855,  0.509704
0.6860,  0.550887
0.6865,  0.607183
0.6870,  0.660738
0.6875,  0.696647
0.6880,  0.708202
0.6885,  0.709541
0.6890,  0.711895
0.6895,  0.705593
0.6900,  0.693014
0.6905,  0.678155
0.6910,  0.660715
0.6915,  0.653653
0.6920,  0.644915
0.6925,  0.638986
0.6930,  0.642522
0.6935,  0.652854
0.6940,  0.661898
0.6945,  0.662004
0.6950,  0.670097
0.6955,  0.665475
0.6960,  0.656207
0.6965,  0.644480
0.6970,  0.629644
0.6975,  0.620489
0.6980,  0.619889
0.6985,  0.629305
0.6990,  0.641614
0.6995,  0.653872
0.7000,  0.660285
0.7005,  0.668091
0.7010,  0.661013
0.7015,  0.668506
0.7020,  0.674959
0.7025,  0.681452
0.7030,  0.684024
0.7035,  0.681383
0.7040,  0.678072
0.7045,  0.671815
0.7050,  0.670144
0.7055,  0.671996
0.7060,  0.670017
0.7065,  0.663813
0.7070,  0.658610
0.7075,  0.649773
0.7080,  0.650859
0.7085,  0.658129
0.7090,  0.663815
0.7095,  0.665995
0.7100,  0.664094
0.7105,  0.665110
0.7110,  0.666800
0.7115,  0.658409
0.7120,  0.657291
0.7125,  0.662791
0.7130,  0.668953
0.7135,  0.676686
0.7140,  0.687163
0.7145,  0.698247
0.7150,  0.708283
0.7155,  0.725701
0.7160,  0.758517
0.7165,  0.812509
0.7170,  0.886072
0.7175,  0.971155
0.7180,  1.060625
0.7185,  1.139414
0.7190,  1.197770
0.7195,  1.245409
0.7200,  1.248663
0.7205,  1.217392
0.7210,  1.153978
0.7215,  1.073552
0.7220,  1.022425
0.7225,  1.009821
0.7230,  1.025132
0.7235,  1.063702
0.7240,  1.115985
0.7245,  1.157119
0.7250,  1.183868
0.7255,  1.195888
0.7260,  1.204316
0.7265,  1.202374
0.7270,  1.200838
0.7275,  1.199315
0.7280,  1.200526
0.7285,  1.193779
0.7290,  1.183009
0.7295,  1.182928
0.7300,  1.185488
0.7305,  1.173775
0.7310,  1.158839
0.7315,  1.132559
0.7320,  1.113081
0.7325,  1.078731
0.7330,  1.035239
0.7335,  0.984653
0.7340,  0.957607
0.7345,  0.933131
0.7350,  0.917425
0.7355,  0.910400
0.7360,  0.905969
0.7365,  0.911335
0.7370,  0.916594
0.7375,  0.916328
0.7380,  0.907094
0.7385,  0.899956
0.7390,  0.886546
0.7395,  0.877945
0.7400,  0.875077
0.7405,  0.871991
0.7410,  0.871796
0.7415,  0.872742
0.7420,  0.857474
0.7425,  0.857367
0.7430,  0.858481
0.7435,  0.843834
0.7440,  0.839222
0.7445,  0.841800
0.7450,  0.849886
0.7455,  0.851964
0.7460,  0.859507
0.7465,  0.869277
0.7470,  0.860476
0.7475,  0.852026
0.7480,  0.852449
0.7485,  0.865908
0.7490,  0.884275
0.7495,  0.898322
0.7500,  0.900857
0.7505,  0.906981
0.7510,  0.909161
0.7515,  0.907358
0.7520,  0.900135
0.7525,  0.898529
0.7530,  0.896369
0.7535,  0.904954
0.7540,  0.913613
0.7545,  0.931854
0.7550,  0.953893
0.7555,  0.963877
0.7560,  0.969482
0.7565,  0.980549
0.7570,  0.981935
0.7575,  0.988757
0.7580,  1.026070
0.7585,  1.095376
0.7590,  1.277162
0.7595,  1.680998
0.7600,  2.613860
0.7605,  5.600417
0.7610,  Infinity
0.7615,  Infinity
0.7620,  Infinity
0.7625,  Infinity
0.7630,  Infinity
0.7635,  Infinity
0.7640,  Infinity
0.7645,  Infinity
0.7650,  4.902461
0.7655,  3.140891
0.7660,  2.382467
0.7665,  1.960551
0.7670,  1.692154
0.7675,  1.537380
0.7680,  1.434627
0.7685,  1.347411
0.7690,  1.270015
0.7695,  1.237009
0.7700,  1.218308
0.7705,  1.195987
0.7710,  1.182482
0.7715,  1.187744
0.7720,  1.188946
0.7725,  1.182530
0.7730,  1.181475
0.7735,  1.189165
0.7740,  1.199896
0.7745,  1.222312
0.7750,  1.220404
0.7755,  1.215942
0.7760,  1.211977
0.7765,  1.213933
0.7770,  1.227138
0.7775,  1.243810
0.7780,  1.247293
0.7785,  1.235033
0.7790,  1.231515
0.7795,  1.258269
0.7800,  1.277308
0.7805,  1.282860
0.7810,  1.301840
0.7815,  1.317896
0.7820,  1.316214
0.7825,  1.328584
0.7830,  1.364919
0.7835,  1.355036
0.7840,  1.366106
0.7845,  1.371638
0.7850,  1.376492
0.7855,  1.380829
0.7860,  1.400729
0.7865,  1.418182
0.7870,  1.423457
0.7875,  1.463528
0.7880,  1.499397
0.7885,  1.513690
0.7890,  1.536475
0.7895,  1.546359
0.7900,  1.573952
0.7905,  1.605491
0.7910,  1.619011
0.7915,  1.627436
0.7920,  1.631418
0.7925,  1.629600
0.7930,  1.642623
0.7935,  1.635025
0.7940,  1.631150
0.7945,  1.624199
0.7950,  1.611883
0.7955,  1.639861
0.7960,  1.673128
0.7965,  1.692639
0.7970,  1.687596
0.7975,  1.697796
0.7980,  1.688491
0.7985,  1.726324
0.7990,  1.788926
0.7995,  1.831251
0.8000,  1.867784
0.8005,  1.929576
0.8010,  1.944716
0.8015,  1.933304
0.8020,  1.937317
0.8025,  1.963592
0.8030,  2.013183
0.8035,  2.108265
0.8040,  2.149354
0.8045,  2.186080
0.8050,  2.186724
0.8055,  2.171052
0.8060,  2.131814
0.8065,  2.068767
0.8070,  2.053251
0.8075,  2.055820
0.8080,  2.083528
0.8085,  2.161366
0.8090,  2.298612
0.8095,  2.433141
0.8100,  2.546479
0.8105,  2.562736
0.8110,  2.693104
0.8115,  2.925428
0.8120,  3.175396
0.8125,  3.701011
0.8130,  4.751461
0.8135,  8.760231
0.8140,  Infinity
0.8145,  Infinity
0.8150,  Infinity
0.8155,  Infinity
0.8160,  Infinity
0.8165,  Infinity
0.8170,  Infinity
0.8175,  Infinity
0.8180,  Infinity
0.8185,  Infinity
0.8190,  Infinity
0.8195,  Infinity
0.8200,  Infinity
0.8205,  Infinity
0.8210,  Infinity
0.8215,  Infinity
0.8220,  Infinity
0.8225,  Infinity
0.8230,  Infinity
0.8235,  Infinity
0.8240,  Infinity
0.8245,  Infinity
0.8250,  Infinity
0.8255,  Infinity
0.8260,  Infinity
0.8265,  Infinity
0.8270,  Infinity
0.8275,  Infinity
0.8280,  Infinity
0.8285,  Infinity
0.8290,  Infinity
0.8295,  Infinity
0.8300,  Infinity
0.8305,  Infinity
0.8310,  Infinity
0.8315,  Infinity
0.8320,  Infinity
0.8325,  Infinity
0.8330,  Infinity
0.8335,  Infinity
0.8340,  Infinity
0.8345,  Infinity
0.8350,  Infinity
0.8355,  Infinity
0.8360,  Infinity
0.8365,  Infinity
0.8370,  Infinity
0.8375,  Infinity
0.8380,  Infinity
0.8385,  Infinity
0.8390,  Infinity
0.8395,  Infinity
0.8400,  Infinity
0.8405,  Infinity
0.8410,  Infinity
0.8415,  Infinity
0.8420,  Infinity
0.8425,  Infinity
0.8430,  Infinity
0.8435,  Infinity
0.8440,  Infinity
0.8445,  Infinity
0.8450,  Infinity
0.8455,  Infinity
0.8460,  Infinity
0.8465,  Infinity
0.8470,  Infinity
0.8475,  Infinity
0.8480,  Infinity
0.8485,  Infinity
0.8490,  Infinity
0.8495,  Infinity
0.8500,  Infinity
0.8505,  Infinity
0.8510,  Infinity
0.8515,  Infinity
0.8520,  Infinity
0.8525,  Infinity
0.8530,  Infinity
0.8535,  Infinity
0.8540,  Infinity
0.8545,  Infinity
0.8550,  Infinity
0.8555,  Infinity
0.8560,  Infinity
0.8565,  Infinity
0.8570,  Infinity
0.8575,  Infinity
0.8580,  Infinity
0.8585,  Infinity
0.8590,  Infinity
0.8595,  Infinity
0.8600,  Infinity
0.8605,  Infinity
0.8610,  Infinity
0.8615,  Infinity
0.8620,  Infinity
0.8625,  Infinity
0.8630,  Infinity
0.8635,  Infinity
0.8640,  Infinity
0.8645,  Infinity
0.8650,  Infinity
0.8655,  7.347072
0.8660,  Infinity
0.8665,  Infinity
0.8670,  Infinity
0.8675,  Infinity
0.8680,  Infinity
0.8685,  Infinity
0.8690,  Infinity
0.8695,  Infinity
0.8700,  Infinity
0.8705,  Infinity
0.8710,  Infinity
0.8715,  Infinity
0.8720,  Infinity
0.8725,  Infinity
0.8730,  Infinity
0.8735,  Infinity
0.8740,  Infinity
0.8745,  Infinity
0.8750,  Infinity
0.8755,  Infinity
0.8760,  Infinity
0.8765,  Infinity
0.8770,  Infinity
0.8775,  Infinity
0.8780,  Infinity
0.8785,  Infinity
0.8790,  Infinity
0.8795,  Infinity
0.8800,  Infinity
0.8805,  Infinity
0.8810,  Infinity
0.8815,  Infinity
0.8820,  Infinity
0.8825,  Infinity
0.8830,  Infinity
0.8835,  Infinity
0.8840,  Infinity
0.8845,  Infinity
0.8850,  Infinity
0.8855,  Infinity
0.8860,  Infinity
0.8865,  Infinity
0.8870,  Infinity
0.8875,  Infinity
0.8880,  Infinity
0.8885,  Infinity
0.8890,  Infinity
0.8895,  Infinity
0.8900,  Infinity
