0.3500,  0.343621
0.3505,  0.403432
0.3510,  0.375056
0.3515,  0.347462
0.3520,  0.297490
0.3525,  0.241300
0.3530,  0.265673
0.3535,  0.293648
0.3540,  0.314744
0.3545,  0.346115
0.3550,  0.327810
0.3555,  0.318413
0.3560,  0.289730
0.3565,  0.262441
0.3570,  0.245620
0.3575,  0.216323
0.3580,  0.184436
0.3585,  0.133401
0.3590,  0.277771
0.3595,  0.398710
0.3600,  0.376681
0.3605,  0.359468
0.3610,  0.306505
0.3615,  0.243430
0.3620,  0.277165
0.3625,  0.316216
0.3630,  0.304554
0.3635,  0.295187
0.3640,  0.286296
0.3645,  0.273061
0.3650,  0.304055
0.3655,  0.336477
0.3660,  0.342148
0.3665,  0.345221
0.3670,  0.312112
0.3675,  0.280902
0.3680,  0.242602
0.3685,  0.205649
0.3690,  0.245464
0.3695,  0.283973
0.3700,  0.251602
0.3705,  0.220790
0.3710,  0.245995
0.3715,  0.274344
0.3720,  0.248348
0.3725,  0.227521
0.3730,  0.201711
0.3735,  0.171117
0.3740,  0.184837
0.3745,  0.183112
0.3750,  0.246343
0.3755,  0.300857
0.3760,  0.293317
0.3765,  0.275214
0.3770,  0.315824
0.3775,  0.353609
0.3780,  0.346032
0.3785,  0.349903
0.3790,  0.263510
0.3795,  0.165477
0.3800,  0.212715
0.3805,  0.266279
0.3810,  0.241323
0.3815,  0.226562
0.3820,  0.151410
0.3825,  0.060344
0.3830,  0.045829
0.3835,  0.014059
0.3840,  0.174480
0.3845,  0.296225
0.3850,  0.302100
0.3855,  0.307835
0.3860,  0.296129
0.3865,  0.289481
0.3870,  0.286541
0.3875,  0.279698
0.3880,  0.260868
0.3885,  0.232543
0.3890,  0.280104
0.3895,  0.315459
0.3900,  0.303970
0.3905,  0.298303
0.3910,  0.308614
0.3915,  0.332483
0.3920,  0.240186
0.3925,  0.146553
0.3930,  -0.008097
0.3935,  -0.220739
0.3940,  0.060443
0.3945,  0.253454
0.3950,  0.347326
0.3955,  0.435281
0.3960,  0.284603
0.3965,  0.092687
0.3970,  0.107416
0.3975,  0.097554
0.3980,  0.265165
0.3985,  0.378381
0.3990,  0.357704
0.3995,  0.348852
0.4000,  0.317002
0.4005,  0.287007
0.4010,  0.271911
0.4015,  0.261672
0.4020,  0.242856
0.4025,  0.232288
0.4030,  0.206398
0.4035,  0.179612
0.4040,  0.172201
0.4045,  0.171334
0.4050,  0.172556
0.4055,  0.175761
0.4060,  0.163033
0.4065,  0.149092
0.4070,  0.160092
0.4075,  0.166749
0.4080,  0.190225
0.4085,  0.214117
0.4090,  0.208441
0.4095,  0.204054
0.4100,  0.161071
0.4105,  0.112093
0.4110,  0.176268
0.4115,  0.232056
0.4120,  0.212785
0.4125,  0.193158
0.4130,  0.177968
0.4135,  0.165946
0.4140,  0.160425
0.4145,  0.155548
0.4150,  0.153420
0.4155,  0.154367
0.4160,  0.178594
0.4165,  0.202199
0.4170,  0.167378
0.4175,  0.130107
0.4180,  0.135830
0.4185,  0.142348
0.4190,  0.147687
0.4195,  0.151012
0.4200,  0.165006
0.4205,  0.179736
0.4210,  0.184992
0.4215,  0.194428
0.4220,  0.151087
0.4225,  0.102387
0.4230,  0.137127
0.4235,  0.165582
0.4240,  0.177502
0.4245,  0.192702
0.4250,  0.180195
0.4255,  0.162427
0.4260,  0.166027
0.4265,  0.172692
0.4270,  0.142704
0.4275,  0.114285
0.4280,  0.124821
0.4285,  0.137563
0.4290,  0.124431
0.4295,  0.113999
0.4300,  0.038121
0.4305,  -0.054474
0.4310,  0.123739
0.4315,  0.260699
0.4320,  0.232719
0.4325,  0.203868
0.4330,  0.203844
0.4335,  0.203230
0.4340,  0.172492
0.4345,  0.145936
0.4350,  0.145157
0.4355,  0.142319
0.4360,  0.176563
0.4365,  0.213554
0.4370,  0.185146
0.4375,  0.159358
0.4380,  0.114866
0.4385,  0.063710
0.4390,  0.128460
0.4395,  0.184358
0.4400,  0.155840
0.4405,  0.124962
0.4410,  0.164881
0.4415,  0.199762
0.4420,  0.195938
0.4425,  0.191340
0.4430,  0.166777
0.4435,  0.147639
0.4440,  0.158361
0.4445,  0.169916
0.4450,  0.140346
0.4455,  0.108789
0.4460,  0.124172
0.4465,  0.137202
0.4470,  0.170098
0.4475,  0.200398
0.4480,  0.173706
0.4485,  0.143433
0.4490,  0.141821
0.4495,  0.139968
0.4500,  0.151624
0.4505,  0.167938
0.4510,  0.158577
0.4515,  0.153455
0.4520,  0.125989
0.4525,  0.099737
0.4530,  0.109266
0.4535,  0.117491
0.4540,  0.124264
0.4545,  0.125569
0.4550,  0.135232
0.4555,  0.145887
0.4560,  0.150578
0.4565,  0.152959
0.4570,  0.153437
0.4575,  0.157439
0.4580,  0.132744
0.4585,  0.109838
0.4590,  0.120377
0.4595,  0.127801
0.4600,  0.133263
0.4605,  0.138585
0.4610,  0.141393
0.4615,  0.141975
0.4620,  0.149066
0.4625,  0.156545
0.4630,  0.140924
0.4635,  0.129674
0.4640,  0.120112
0.4645,  0.109192
0.4650,  0.128173
0.4655,  0.150925
0.4660,  0.132263
0.4665,  0.113128
0.4670,  0.136500
0.4675,  0.154629
0.4680,  0.151935
0.4685,  0.148779
0.4690,  0.149936
0.4695,  0.149705
0.4700,  0.130311
0.4705,  0.105086
0.4710,  0.132267
0.4715,  0.159344
0.4720,  0.156136
0.4725,  0.155944
0.4730,  0.145383
0.4735,  0.135376
0.4740,  0.146235
0.4745,  0.157348
0.4750,  0.151419
0.4755,  0.144941
0.4760,  0.133335
0.4765,  0.121239
0.4770,  0.143620
0.4775,  0.162455
0.4780,  0.144466
0.4785,  0.128099
0.4790,  0.141482
0.4795,  0.152145
0.4800,  0.140427
0.4805,  0.132587
0.4810,  0.144331
0.4815,  0.154631
0.4820,  0.143789
0.4825,  0.136420
0.4830,  0.138617
0.4835,  0.142199
0.4840,  0.138831
0.4845,  0.138679
0.4850,  0.124152
0.4855,  0.112084
0.4860,  0.080773
0.4865,  0.038026
0.4870,  0.086785
0.4875,  0.129259
0.4880,  0.142188
0.4885,  0.152971
0.4890,  0.152726
0.4895,  0.151450
0.4900,  0.151833
0.4905,  0.156827
0.4910,  0.134726
0.4915,  0.113128
0.4920,  0.114951
0.4925,  0.113791
0.4930,  0.109291
0.4935,  0.101552
0.4940,  0.130840
0.4945,  0.160755
0.4950,  0.130609
0.4955,  0.101360
0.4960,  0.117950
0.4965,  0.135694
0.4970,  0.138722
0.4975,  0.142872
0.4980,  0.114126
0.4985,  0.082906
0.4990,  0.106946
0.4995,  0.131577
0.5000,  0.111235
0.5005,  0.091266
0.5010,  0.086753
0.5015,  0.079133
0.5020,  0.096120
0.5025,  0.112656
0.5030,  0.120722
0.5035,  0.128762
0.5040,  0.115141
0.5045,  0.097590
0.5050,  0.117914
0.5055,  0.136640
0.5060,  0.124852
0.5065,  0.116110
0.5070,  0.106753
0.5075,  0.096771
0.5080,  0.099714
0.5085,  0.102359
0.5090,  0.102849
0.5095,  0.102238
0.5100,  0.107089
0.5105,  0.110861
0.5110,  0.119355
0.5115,  0.128068
0.5120,  0.103096
0.5125,  0.079512
0.5130,  0.082049
0.5135,  0.083670
0.5140,  0.091395
0.5145,  0.096149
0.5150,  0.104327
0.5155,  0.118247
0.5160,  0.082655
0.5165,  0.045968
0.5170,  0.072836
0.5175,  0.094618
0.5180,  0.078717
0.5185,  0.054278
0.5190,  0.085600
0.5195,  0.115466
0.5200,  0.105536
0.5205,  0.096305
0.5210,  0.106087
0.5215,  0.118703
0.5220,  0.099441
0.5225,  0.078502
0.5230,  0.091268
0.5235,  0.100986
0.5240,  0.109227
0.5245,  0.120071
0.5250,  0.116659
0.5255,  0.117570
0.5260,  0.072672
0.5265,  0.022283
0.5270,  0.062347
0.5275,  0.093418
0.5280,  0.099375
0.5285,  0.104650
0.5290,  0.100308
0.5295,  0.096832
0.5300,  0.098026
0.5305,  0.101324
0.5310,  0.102115
0.5315,  0.108552
0.5320,  0.074607
0.5325,  0.038099
0.5330,  0.076288
0.5335,  0.109754
0.5340,  0.091531
0.5345,  0.071085
0.5350,  0.093496
0.5355,  0.117704
0.5360,  0.094476
0.5365,  0.071978
0.5370,  0.076693
0.5375,  0.081127
0.5380,  0.086904
0.5385,  0.095503
0.5390,  0.085882
0.5395,  0.076110
0.5400,  0.067230
0.5405,  0.056029
0.5410,  0.080074
0.5415,  0.102165
0.5420,  0.087406
0.5425,  0.073719
0.5430,  0.084755
0.5435,  0.093536
0.5440,  0.090866
0.5445,  0.090054
0.5450,  0.094294
0.5455,  0.099066
0.5460,  0.094577
0.5465,  0.090845
0.5470,  0.080761
0.5475,  0.071113
0.5480,  0.078172
0.5485,  0.083612
0.5490,  0.088597
0.5495,  0.094252
0.5500,  0.087833
0.5505,  0.082881
0.5510,  0.085444
0.5515,  0.087111
0.5520,  0.082088
0.5525,  0.076473
0.5530,  0.083086
0.5535,  0.089960
0.5540,  0.092778
0.5545,  0.094918
0.5550,  0.095096
0.5555,  0.097156
0.5560,  0.085265
0.5565,  0.073618
0.5570,  0.082960
0.5575,  0.093808
0.5580,  0.085395
0.5585,  0.076333
0.5590,  0.081456
0.5595,  0.084951
0.5600,  0.089304
0.5605,  0.093004
0.5610,  0.087950
0.5615,  0.082650
0.5620,  0.086889
0.5625,  0.092833
0.5630,  0.096492
0.5635,  0.100653
0.5640,  0.101698
0.5645,  0.102066
0.5650,  0.090934
0.5655,  0.080294
0.5660,  0.087929
0.5665,  0.093630
0.5670,  0.106809
0.5675,  0.120076
0.5680,  0.104702
0.5685,  0.089947
0.5690,  0.103499
0.5695,  0.117539
0.5700,  0.100200
0.5705,  0.080317
0.5710,  0.088466
0.5715,  0.092252
0.5720,  0.099948
0.5725,  0.111170
0.5730,  0.106967
0.5735,  0.105038
0.5740,  0.103657
0.5745,  0.102216
0.5750,  0.094286
0.5755,  0.084212
0.5760,  0.086844
0.5765,  0.091577
0.5770,  0.095207
0.5775,  0.099668
0.5780,  0.084702
0.5785,  0.068004
0.5790,  0.076398
0.5795,  0.083338
0.5800,  0.084990
0.5805,  0.086337
0.5810,  0.087557
0.5815,  0.088715
0.5820,  0.090676
0.5825,  0.092295
0.5830,  0.086526
0.5835,  0.082875
0.5840,  0.083510
0.5845,  0.088681
0.5850,  0.077986
0.5855,  0.066586
0.5860,  0.082602
0.5865,  0.098289
0.5870,  0.108212
0.5875,  0.123311
0.5880,  0.119350
0.5885,  0.111941
0.5890,  0.090245
0.5895,  0.059750
0.5900,  0.105143
0.5905,  0.145640
0.5910,  0.133897
0.5915,  0.122809
0.5920,  0.121814
0.5925,  0.122236
0.5930,  0.116344
0.5935,  0.115575
0.5940,  0.114072
0.5945,  0.110670
0.5950,  0.114185
0.5955,  0.114054
0.5960,  0.115098
0.5965,  0.116712
0.5970,  0.109595
0.5975,  0.103947
0.5980,  0.096808
0.5985,  0.090505
0.5990,  0.095444
0.5995,  0.101406
0.6000,  0.098430
0.6005,  0.098316
0.6010,  0.101209
0.6015,  0.099419
0.6020,  0.087273
0.6025,  0.074627
0.6030,  0.085543
0.6035,  0.098754
0.6040,  0.096365
0.6045,  0.095398
0.6050,  0.094656
0.6055,  0.092645
0.6060,  0.091943
0.6065,  0.091470
0.6070,  0.092375
0.6075,  0.094491
0.6080,  0.095007
0.6085,  0.096690
0.6090,  0.103334
0.6095,  0.106721
0.6100,  0.096269
0.6105,  0.085100
0.6110,  0.093728
0.6115,  0.103989
0.6120,  0.096116
0.6125,  0.089131
0.6130,  0.087287
0.6135,  0.086906
0.6140,  0.097486
0.6145,  0.108315
0.6150,  0.111876
0.6155,  0.113942
0.6160,  0.088764
0.6165,  0.059847
0.6170,  0.081751
0.6175,  0.104751
0.6180,  0.109677
0.6185,  0.113208
0.6190,  0.109474
0.6195,  0.103868
0.6200,  0.109294
0.6205,  0.116324
0.6210,  0.107747
0.6215,  0.099819
0.6220,  0.106556
0.6225,  0.114943
0.6230,  0.105959
0.6235,  0.101254
0.6240,  0.104932
0.6245,  0.106180
0.6250,  0.103264
0.6255,  0.095926
0.6260,  0.109078
0.6265,  0.124568
0.6270,  0.128381
0.6275,  0.131281
0.6280,  0.135495
0.6285,  0.139730
0.6290,  0.139401
0.6295,  0.137866
0.6300,  0.132241
0.6305,  0.124412
0.6310,  0.116414
0.6315,  0.113675
0.6320,  0.110956
0.6325,  0.109743
0.6330,  0.111627
0.6335,  0.112406
0.6340,  0.113743
0.6345,  0.117936
0.6350,  0.121020
0.6355,  0.121881
0.6360,  0.119185
0.6365,  0.113090
0.6370,  0.106549
0.6375,  0.102375
0.6380,  0.101872
0.6385,  0.105403
0.6390,  0.110738
0.6395,  0.112004
0.6400,  0.113659
0.6405,  0.113809
0.6410,  0.111430
0.6415,  0.111010
0.6420,  0.107140
0.6425,  0.103112
0.6430,  0.100476
0.6435,  0.099707
0.6440,  0.102837
0.6445,  0.110025
0.6450,  0.120415
0.6455,  0.127319
0.6460,  0.133617
0.6465,  0.137265
0.6470,  0.138327
0.6475,  0.137331
0.6480,  0.134599
0.6485,  0.130907
0.6490,  0.126115
0.6495,  0.127700
0.6500,  0.128349
0.6505,  0.132239
0.6510,  0.136806
0.6515,  0.134115
0.6520,  0.130066
0.6525,  0.127386
0.6530,  0.125806
0.6535,  0.120227
0.6540,  0.118608
0.6545,  0.124103
0.6550,  0.135525
0.6555,  0.135169
0.6560,  0.126109
0.6565,  0.099292
0.6570,  0.063656
0.6575,  0.072618
0.6580,  0.082771
0.6585,  0.096304
0.6590,  0.110310
0.6595,  0.103201
0.6600,  0.099651
0.6605,  0.097465
0.6610,  0.098844
0.6615,  0.094513
0.6620,  0.091571
0.6625,  0.091657
0.6630,  0.090791
0.6635,  0.095638
0.6640,  0.097311
0.6645,  0.097709
0.6650,  0.098680
0.6655,  0.098700
0.6660,  0.097114
0.6665,  0.095198
0.6670,  0.089614
0.6675,  0.090616
0.6680,  0.090530
0.6685,  0.092806
0.6690,  0.093674
0.6695,  0.091860
0.6700,  0.092152
0.6705,  0.090177
0.6710,  0.090839
0.6715,  0.092601
0.6720,  0.093518
0.6725,  0.094890
0.6730,  0.094444
0.6735,  0.090839
0.6740,  0.090015
0.6745,  0.090940
0.6750,  0.089723
0.6755,  0.089774
0.6760,  0.091124
0.6765,  0.093846
0.6770,  0.094028
0.6775,  0.091897
0.6780,  0.092376
0.6785,  0.093577
0.6790,  0.092353
0.6795,  0.093242
0.6800,  0.094529
0.6805,  0.095678
0.6810,  0.097162
0.6815,  0.099629
0.6820,  0.102381
0.6825,  0.103339
0.6830,  0.104504
0.6835,  0.105047
0.6840,  0.103897
0.6845,  0.102671
0.6850,  0.106906
0.6855,  0.129533
0.6860,  0.161870
0.6865,  0.198454
0.6870,  0.226761
0.6875,  0.234854
0.6880,  0.233902
0.6885,  0.228895
0.6890,  0.222254
0.6895,  0.211644
0.6900,  0.201513
0.6905,  0.195127
0.6910,  0.187774
0.6915,  0.184540
0.6920,  0.184041
0.6925,  0.186953
0.6930,  0.191783
0.6935,  0.193814
0.6940,  0.193856
0.6945,  0.191743
0.6950,  0.185031
0.6955,  0.174795
0.6960,  0.163795
0.6965,  0.155989
0.6970,  0.152729
0.6975,  0.157770
0.6980,  0.164102
0.6985,  0.171977
0.6990,  0.179674
0.6995,  0.182912
0.7000,  0.178672
0.7005,  0.177180
0.7010,  0.172862
0.7015,  0.174966
0.7020,  0.171389
0.7025,  0.168835
0.7030,  0.164906
0.7035,  0.164245
0.7040,  0.164048
0.7045,  0.165065
0.7050,  0.165320
0.7055,  0.163276
0.7060,  0.162510
0.7065,  0.162573
0.7070,  0.164765
0.7075,  0.164536
0.7080,  0.160107
0.7085,  0.152418
0.7090,  0.144534
0.7095,  0.139838
0.7100,  0.139038
0.7105,  0.139574
0.7110,  0.144749
0.7115,  0.147227
0.7120,  0.147754
0.7125,  0.149193
0.7130,  0.148814
0.7135,  0.155285
0.7140,  0.160895
0.7145,  0.166479
0.7150,  0.177083
0.7155,  0.192912
0.7160,  0.223940
0.7165,  0.257190
0.7170,  0.299779
0.7175,  0.334313
0.7180,  0.368704
0.7185,  0.394696
0.7190,  0.408462
0.7195,  0.410452
0.7200,  0.390650
0.7205,  0.353057
0.7210,  0.315441
0.7215,  0.291754
0.7220,  0.284326
0.7225,  0.292518
0.7230,  0.309271
0.7235,  0.330653
0.7240,  0.352983
0.7245,  0.365294
0.7250,  0.366759
0.7255,  0.369486
0.7260,  0.373040
0.7265,  0.376327
0.7270,  0.374033
0.7275,  0.362228
0.7280,  0.353381
0.7285,  0.343911
0.7290,  0.334269
0.7295,  0.327113
0.7300,  0.321812
0.7305,  0.318452
0.7310,  0.313508
0.7315,  0.302658
0.7320,  0.285394
0.7325,  0.267413
0.7330,  0.247846
0.7335,  0.232923
0.7340,  0.221490
0.7345,  0.214905
0.7350,  0.216087
0.7355,  0.217577
0.7360,  0.213898
0.7365,  0.212353
0.7370,  0.207932
0.7375,  0.200738
0.7380,  0.198126
0.7385,  0.201516
0.7390,  0.193809
0.7395,  0.185714
0.7400,  0.175105
0.7405,  0.164883
0.7410,  0.157441
0.7415,  0.160047
0.7420,  0.161896
0.7425,  0.163688
0.7430,  0.165357
0.7435,  0.160684
0.7440,  0.159486
0.7445,  0.161175
0.7450,  0.161767
0.7455,  0.160350
0.7460,  0.157807
0.7465,  0.156632
0.7470,  0.153637
0.7475,  0.147966
0.7480,  0.148296
0.7485,  0.151375
0.7490,  0.152052
0.7495,  0.160421
0.7500,  0.163660
0.7505,  0.166591
0.7510,  0.166724
0.7515,  0.159054
0.7520,  0.153412
0.7525,  0.147681
0.7530,  0.138786
0.7535,  0.136267
0.7540,  0.135793
0.7545,  0.140244
0.7550,  0.138759
0.7555,  0.141630
0.7560,  0.148527
0.7565,  0.153141
0.7570,  0.160785
0.7575,  0.168079
0.7580,  0.193718
0.7585,  0.253051
0.7590,  0.356268
0.7595,  0.507477
0.7600,  0.663507
0.7605,  0.766873
0.7610,  0.793591
0.7615,  0.779492
0.7620,  0.771087
0.7625,  0.762909
0.7630,  0.748693
0.7635,  0.716285
0.7640,  0.657231
0.7645,  0.590076
0.7650,  0.522797
0.7655,  0.447543
0.7660,  0.383189
0.7665,  0.329953
0.7670,  0.282887
0.7675,  0.251469
0.7680,  0.228798
0.7685,  0.214598
0.7690,  0.205507
0.7695,  0.197412
0.7700,  0.187294
0.7705,  0.179171
0.7710,  0.172456
0.7715,  0.171671
0.7720,  0.171980
0.7725,  0.165685
0.7730,  0.169706
0.7735,  0.172358
0.7740,  0.176260
0.7745,  0.171716
0.7750,  0.168225
0.7755,  0.170411
0.7760,  0.168407
0.7765,  0.165198
0.7770,  0.169013
0.7775,  0.165725
0.7780,  0.164263
0.7785,  0.162093
0.7790,  0.155888
0.7795,  0.155494
0.7800,  0.163769
0.7805,  0.168974
0.7810,  0.174060
0.7815,  0.177043
0.7820,  0.178955
0.7825,  0.175249
0.7830,  0.175292
0.7835,  0.176733
0.7840,  0.172705
0.7845,  0.173853
0.7850,  0.178724
0.7855,  0.183577
0.7860,  0.191251
0.7865,  0.208538
0.7870,  0.212680
0.7875,  0.212601
0.7880,  0.213338
0.7885,  0.217391
0.7890,  0.222140
0.7895,  0.217916
0.7900,  0.213082
0.7905,  0.213561
0.7910,  0.216572
0.7915,  0.222159
0.7920,  0.223865
0.7925,  0.223081
0.7930,  0.226872
0.7935,  0.224572
0.7940,  0.217207
0.7945,  0.218383
0.7950,  0.214471
0.7955,  0.221363
0.7960,  0.224633
0.7965,  0.224269
0.7970,  0.223263
0.7975,  0.213420
0.7980,  0.210828
0.7985,  0.208187
0.7990,  0.210966
0.7995,  0.223397
0.8000,  0.239582
0.8005,  0.247090
0.8010,  0.244618
0.8015,  0.241222
0.8020,  0.239692
0.8025,  0.235928
0.8030,  0.233080
0.8035,  0.236342
0.8040,  0.237487
0.8045,  0.240141
0.8050,  0.233380
0.8055,  0.223568
0.8060,  0.225440
0.8065,  0.236526
0.8070,  0.238891
0.8075,  0.233652
0.8080,  0.223572
0.8085,  0.220446
0.8090,  0.220869
0.8095,  0.230054
0.8100,  0.244430
0.8105,  0.260149
0.8110,  0.281999
0.8115,  0.307881
0.8120,  0.326492
0.8125,  0.352697
0.8130,  0.373843
0.8135,  0.389851
0.8140,  0.415072
0.8145,  0.449553
0.8150,  0.474616
0.8155,  0.505288
0.8160,  0.525357
0.8165,  0.540407
0.8170,  0.535923
0.8175,  0.535473
0.8180,  0.528333
0.8185,  0.511384
0.8190,  0.466488
0.8195,  0.427655
0.8200,  0.388713
0.8205,  0.366559
0.8210,  0.369070
0.8215,  0.401764
0.8220,  0.462252
0.8225,  0.515781
0.8230,  0.513287
0.8235,  0.484999
0.8240,  0.443155
0.8245,  0.412333
0.8250,  0.383414
0.8255,  0.365058
0.8260,  0.359069
0.8265,  0.360849
0.8270,  0.371724
0.8275,  0.392715
0.8280,  0.426362
0.8285,  0.433819
0.8290,  0.437255
0.8295,  0.425059
0.8300,  0.410555
0.8305,  0.398239
0.8310,  0.387812
0.8315,  0.384370
0.8320,  0.375947
0.8325,  0.360965
0.8330,  0.342056
0.8335,  0.337913
0.8340,  0.331213
0.8345,  0.326918
0.8350,  0.330086
0.8355,  0.330653
0.8360,  0.323043
0.8365,  0.317338
0.8370,  0.305659
0.8375,  0.291634
0.8380,  0.275509
0.8385,  0.266813
0.8390,  0.264873
0.8395,  0.267025
0.8400,  0.277332
0.8405,  0.284542
0.8410,  0.288775
0.8415,  0.287449
0.8420,  0.272369
0.8425,  0.260232
0.8430,  0.254992
0.8435,  0.252245
0.8440,  0.247816
0.8445,  0.242530
0.8450,  0.242470
0.8455,  0.247509
0.8460,  0.255404
0.8465,  0.252271
0.8470,  0.253664
0.8475,  0.262861
0.8480,  0.278799
0.8485,  0.273420
0.8490,  0.263060
0.8495,  0.265662
0.8500,  0.258049
0.8505,  0.249432
0.8510,  0.250030
0.8515,  0.271671
0.8520,  0.294119
0.8525,  0.304015
0.8530,  0.315605
0.8535,  0.316839
0.8540,  0.300702
0.8545,  0.315785
0.8550,  0.314644
0.8555,  0.296784
0.8560,  0.283751
0.8565,  0.269950
0.8570,  0.265171
0.8575,  0.263723
0.8580,  0.273346
0.8585,  0.266727
0.8590,  0.274650
0.8595,  0.274308
0.8600,  0.272888
0.8605,  0.274605
0.8610,  0.273627
0.8615,  0.271538
0.8620,  0.268200
0.8625,  0.264678
0.8630,  0.268777
0.8635,  0.280322
0.8640,  0.300342
0.8645,  0.295657
0.8650,  0.299095
0.8655,  0.309534
0.8660,  0.297724
0.8665,  0.293226
0.8670,  0.275853
0.8675,  0.258777
0.8680,  0.262253
0.8685,  0.270835
0.8690,  0.289294
0.8695,  0.310595
0.8700,  0.322622
0.8705,  0.318898
0.8710,  0.320919
0.8715,  0.321336
0.8720,  0.320300
0.8725,  0.322624
0.8730,  0.320498
0.8735,  0.305311
0.8740,  0.297371
0.8745,  0.300338
0.8750,  0.321070
0.8755,  0.328447
0.8760,  0.330730
0.8765,  0.341434
0.8770,  0.336873
0.8775,  0.333314
0.8780,  0.327685
0.8785,  0.329865
0.8790,  0.333107
0.8795,  0.333292
0.8800,  0.320509
0.8805,  0.324143
0.8810,  0.329766
0.8815,  0.347738
0.8820,  0.355158
0.8825,  0.358830
0.8830,  0.349605
0.8835,  0.345319
0.8840,  0.332578
0.8845,  0.333679
0.8850,  0.336772
0.8855,  0.347699
0.8860,  0.365970
0.8865,  0.377056
0.8870,  0.390783
0.8875,  0.411411
0.8880,  0.404646
0.8885,  0.405905
0.8890,  0.401426
0.8895,  0.384279
0.8900,  0.385173
