0.3500,  0.246135
0.3505,  0.308479
0.3510,  0.270096
0.3515,  0.238273
0.3520,  0.198047
0.3525,  0.152552
0.3530,  0.202986
0.3535,  0.248054
0.3540,  0.265316
0.3545,  0.289365
0.3550,  0.264645
0.3555,  0.248317
0.3560,  0.209164
0.3565,  0.165945
0.3570,  0.128478
0.3575,  0.084308
0.3580,  0.041278
0.3585,  -0.016163
0.3590,  0.161545
0.3595,  0.308419
0.3600,  0.295238
0.3605,  0.281693
0.3610,  0.231948
0.3615,  0.174342
0.3620,  0.223115
0.3625,  0.267492
0.3630,  0.250771
0.3635,  0.235863
0.3640,  0.230146
0.3645,  0.212148
0.3650,  0.242094
0.3655,  0.272770
0.3660,  0.284019
0.3665,  0.298740
0.3670,  0.266887
0.3675,  0.240747
0.3680,  0.205382
0.3685,  0.168633
0.3690,  0.215746
0.3695,  0.259210
0.3700,  0.224456
0.3705,  0.189917
0.3710,  0.208426
0.3715,  0.231872
0.3720,  0.200203
0.3725,  0.171684
0.3730,  0.138541
0.3735,  0.099647
0.3740,  0.111172
0.3745,  0.117182
0.3750,  0.199040
0.3755,  0.264077
0.3760,  0.253652
0.3765,  0.233700
0.3770,  0.280115
0.3775,  0.321337
0.3780,  0.311242
0.3785,  0.313192
0.3790,  0.214186
0.3795,  0.105202
0.3800,  0.161256
0.3805,  0.224497
0.3810,  0.200385
0.3815,  0.184819
0.3820,  0.100560
0.3825,  -0.003078
0.3830,  -0.022757
0.3835,  -0.060881
0.3840,  0.114425
0.3845,  0.247507
0.3850,  0.257294
0.3855,  0.266425
0.3860,  0.249675
0.3865,  0.232392
0.3870,  0.217627
0.3875,  0.207298
0.3880,  0.190490
0.3885,  0.171617
0.3890,  0.236599
0.3895,  0.284119
0.3900,  0.282572
0.3905,  0.282363
0.3910,  0.295257
0.3915,  0.320286
0.3920,  0.216307
0.3925,  0.111934
0.3930,  -0.065932
0.3935,  -0.319104
0.3940,  -0.013397
0.3945,  0.203667
0.3950,  0.312938
0.3955,  0.418024
0.3960,  0.253335
0.3965,  0.042020
0.3970,  0.065532
0.3975,  0.063354
0.3980,  0.259626
0.3985,  0.394341
0.3990,  0.375918
0.3995,  0.364475
0.4000,  0.326654
0.4005,  0.291798
0.4010,  0.275191
0.4015,  0.265700
0.4020,  0.248527
0.4025,  0.240549
0.4030,  0.215872
0.4035,  0.191134
0.4040,  0.185563
0.4045,  0.183731
0.4050,  0.183105
0.4055,  0.185186
0.4060,  0.167288
0.4065,  0.150603
0.4070,  0.165753
0.4075,  0.176631
0.4080,  0.203330
0.4085,  0.226615
0.4090,  0.217272
0.4095,  0.211724
0.4100,  0.164522
0.4105,  0.111312
0.4110,  0.185423
0.4115,  0.248588
0.4120,  0.230606
0.4125,  0.211137
0.4130,  0.193232
0.4135,  0.178235
0.4140,  0.167812
0.4145,  0.160405
0.4150,  0.158974
0.4155,  0.154866
0.4160,  0.179479
0.4165,  0.207451
0.4170,  0.166777
0.4175,  0.124063
0.4180,  0.133775
0.4185,  0.144276
0.4190,  0.150354
0.4195,  0.151385
0.4200,  0.165563
0.4205,  0.179867
0.4210,  0.188713
0.4215,  0.198692
0.4220,  0.151271
0.4225,  0.096631
0.4230,  0.133952
0.4235,  0.171765
0.4240,  0.184866
0.4245,  0.199438
0.4250,  0.183978
0.4255,  0.168488
0.4260,  0.172964
0.4265,  0.182164
0.4270,  0.149662
0.4275,  0.115110
0.4280,  0.129594
0.4285,  0.142860
0.4290,  0.131405
0.4295,  0.123051
0.4300,  0.036648
0.4305,  -0.072688
0.4310,  0.129232
0.4315,  0.281651
0.4320,  0.249452
0.4325,  0.212894
0.4330,  0.211763
0.4335,  0.215335
0.4340,  0.184402
0.4345,  0.157577
0.4350,  0.157791
0.4355,  0.156676
0.4360,  0.196052
0.4365,  0.238126
0.4370,  0.205785
0.4375,  0.180549
0.4380,  0.128264
0.4385,  0.067206
0.4390,  0.138738
0.4395,  0.202669
0.4400,  0.170667
0.4405,  0.133533
0.4410,  0.176287
0.4415,  0.214258
0.4420,  0.211379
0.4425,  0.207462
0.4430,  0.179218
0.4435,  0.157293
0.4440,  0.171700
0.4445,  0.189916
0.4450,  0.158418
0.4455,  0.122071
0.4460,  0.137759
0.4465,  0.151932
0.4470,  0.188561
0.4475,  0.220985
0.4480,  0.192449
0.4485,  0.161844
0.4490,  0.165597
0.4495,  0.168014
0.4500,  0.183857
0.4505,  0.202939
0.4510,  0.193810
0.4515,  0.185799
0.4520,  0.152275
0.4525,  0.123733
0.4530,  0.133797
0.4535,  0.143326
0.4540,  0.150056
0.4545,  0.152775
0.4550,  0.161455
0.4555,  0.170269
0.4560,  0.176363
0.4565,  0.182587
0.4570,  0.185292
0.4575,  0.190177
0.4580,  0.162122
0.4585,  0.135354
0.4590,  0.147128
0.4595,  0.156615
0.4600,  0.163008
0.4605,  0.168222
0.4610,  0.169169
0.4615,  0.166918
0.4620,  0.173633
0.4625,  0.182264
0.4630,  0.166441
0.4635,  0.155240
0.4640,  0.148486
0.4645,  0.140188
0.4650,  0.162004
0.4655,  0.184029
0.4660,  0.162849
0.4665,  0.137293
0.4670,  0.163131
0.4675,  0.182172
0.4680,  0.176391
0.4685,  0.173646
0.4690,  0.174687
0.4695,  0.180275
0.4700,  0.158282
0.4705,  0.132477
0.4710,  0.165765
0.4715,  0.196039
0.4720,  0.193430
0.4725,  0.192179
0.4730,  0.180026
0.4735,  0.169524
0.4740,  0.180272
0.4745,  0.191790
0.4750,  0.184697
0.4755,  0.178973
0.4760,  0.166531
0.4765,  0.152923
0.4770,  0.178469
0.4775,  0.201666
0.4780,  0.182925
0.4785,  0.164982
0.4790,  0.179122
0.4795,  0.193089
0.4800,  0.182090
0.4805,  0.174069
0.4810,  0.186117
0.4815,  0.195538
0.4820,  0.180419
0.4825,  0.169454
0.4830,  0.172638
0.4835,  0.177315
0.4840,  0.174596
0.4845,  0.177925
0.4850,  0.163761
0.4855,  0.150894
0.4860,  0.119056
0.4865,  0.074586
0.4870,  0.131573
0.4875,  0.179418
0.4880,  0.192129
0.4885,  0.201635
0.4890,  0.200271
0.4895,  0.199030
0.4900,  0.199943
0.4905,  0.207001
0.4910,  0.182098
0.4915,  0.158472
0.4920,  0.160609
0.4925,  0.160036
0.4930,  0.155194
0.4935,  0.146372
0.4940,  0.179418
0.4945,  0.212056
0.4950,  0.177836
0.4955,  0.145594
0.4960,  0.166850
0.4965,  0.186153
0.4970,  0.187387
0.4975,  0.192107
0.4980,  0.160779
0.4985,  0.126449
0.4990,  0.154291
0.4995,  0.182218
0.5000,  0.159757
0.5005,  0.137000
0.5010,  0.131562
0.5015,  0.123597
0.5020,  0.144442
0.5025,  0.163189
0.5030,  0.171407
0.5035,  0.179462
0.5040,  0.163329
0.5045,  0.142704
0.5050,  0.163850
0.5055,  0.186889
0.5060,  0.175049
0.5065,  0.166626
0.5070,  0.156220
0.5075,  0.146502
0.5080,  0.149402
0.5085,  0.150827
0.5090,  0.148336
0.5095,  0.146513
0.5100,  0.152448
0.5105,  0.158144
0.5110,  0.168234
0.5115,  0.178511
0.5120,  0.150691
0.5125,  0.125019
0.5130,  0.130829
0.5135,  0.134339
0.5140,  0.142699
0.5145,  0.148231
0.5150,  0.157293
0.5155,  0.172583
0.5160,  0.131541
0.5165,  0.088300
0.5170,  0.117421
0.5175,  0.141755
0.5180,  0.125156
0.5185,  0.099737
0.5190,  0.136258
0.5195,  0.169361
0.5200,  0.157932
0.5205,  0.148622
0.5210,  0.160144
0.5215,  0.173322
0.5220,  0.150147
0.5225,  0.127949
0.5230,  0.141999
0.5235,  0.152140
0.5240,  0.159255
0.5245,  0.170384
0.5250,  0.165698
0.5255,  0.166110
0.5260,  0.114602
0.5265,  0.057813
0.5270,  0.103261
0.5275,  0.139366
0.5280,  0.148095
0.5285,  0.154738
0.5290,  0.151954
0.5295,  0.149152
0.5300,  0.149965
0.5305,  0.152136
0.5310,  0.153749
0.5315,  0.159902
0.5320,  0.120624
0.5325,  0.078633
0.5330,  0.122512
0.5335,  0.161186
0.5340,  0.142400
0.5345,  0.121156
0.5350,  0.147481
0.5355,  0.175400
0.5360,  0.148135
0.5365,  0.121935
0.5370,  0.125195
0.5375,  0.128576
0.5380,  0.135619
0.5385,  0.145995
0.5390,  0.135188
0.5395,  0.125990
0.5400,  0.116068
0.5405,  0.102609
0.5410,  0.130258
0.5415,  0.154740
0.5420,  0.138206
0.5425,  0.122198
0.5430,  0.133663
0.5435,  0.142138
0.5440,  0.138610
0.5445,  0.136454
0.5450,  0.140117
0.5455,  0.144655
0.5460,  0.141820
0.5465,  0.139930
0.5470,  0.130743
0.5475,  0.121876
0.5480,  0.130418
0.5485,  0.136820
0.5490,  0.144361
0.5495,  0.151124
0.5500,  0.141420
0.5505,  0.132977
0.5510,  0.135116
0.5515,  0.136024
0.5520,  0.130860
0.5525,  0.125203
0.5530,  0.134279
0.5535,  0.142755
0.5540,  0.146489
0.5545,  0.149627
0.5550,  0.151594
0.5555,  0.154083
0.5560,  0.138977
0.5565,  0.125000
0.5570,  0.134941
0.5575,  0.145576
0.5580,  0.136045
0.5585,  0.125369
0.5590,  0.132084
0.5595,  0.137307
0.5600,  0.142207
0.5605,  0.147936
0.5610,  0.142566
0.5615,  0.136911
0.5620,  0.141429
0.5625,  0.147151
0.5630,  0.149562
0.5635,  0.152490
0.5640,  0.153251
0.5645,  0.154476
0.5650,  0.143942
0.5655,  0.130758
0.5660,  0.137071
0.5665,  0.143387
0.5670,  0.155864
0.5675,  0.169829
0.5680,  0.153405
0.5685,  0.137316
0.5690,  0.152778
0.5695,  0.168211
0.5700,  0.149240
0.5705,  0.126147
0.5710,  0.135920
0.5715,  0.142479
0.5720,  0.152567
0.5725,  0.163954
0.5730,  0.157995
0.5735,  0.153769
0.5740,  0.152582
0.5745,  0.152815
0.5750,  0.146526
0.5755,  0.138267
0.5760,  0.141725
0.5765,  0.146076
0.5770,  0.149576
0.5775,  0.154045
0.5780,  0.136131
0.5785,  0.117062
0.5790,  0.127160
0.5795,  0.136018
0.5800,  0.136707
0.5805,  0.136855
0.5810,  0.137719
0.5815,  0.139604
0.5820,  0.143656
0.5825,  0.146788
0.5830,  0.142141
0.5835,  0.139328
0.5840,  0.142108
0.5845,  0.146237
0.5850,  0.130798
0.5855,  0.114642
0.5860,  0.129433
0.5865,  0.143494
0.5870,  0.153807
0.5875,  0.169478
0.5880,  0.162994
0.5885,  0.153987
0.5890,  0.127063
0.5895,  0.090822
0.5900,  0.141306
0.5905,  0.186808
0.5910,  0.175450
0.5915,  0.164616
0.5920,  0.163198
0.5925,  0.162606
0.5930,  0.156552
0.5935,  0.156433
0.5940,  0.153789
0.5945,  0.151993
0.5950,  0.157026
0.5955,  0.159150
0.5960,  0.162456
0.5965,  0.166674
0.5970,  0.158389
0.5975,  0.149799
0.5980,  0.141750
0.5985,  0.137000
0.5990,  0.146904
0.5995,  0.155333
0.6000,  0.151082
0.6005,  0.147237
0.6010,  0.150449
0.6015,  0.150263
0.6020,  0.138561
0.6025,  0.125786
0.6030,  0.138072
0.6035,  0.152980
0.6040,  0.151000
0.6045,  0.151952
0.6050,  0.151591
0.6055,  0.148468
0.6060,  0.146715
0.6065,  0.145833
0.6070,  0.145131
0.6075,  0.145770
0.6080,  0.146198
0.6085,  0.147305
0.6090,  0.151854
0.6095,  0.154170
0.6100,  0.144204
0.6105,  0.132319
0.6110,  0.142675
0.6115,  0.154591
0.6120,  0.145778
0.6125,  0.138618
0.6130,  0.136992
0.6135,  0.135692
0.6140,  0.146156
0.6145,  0.157735
0.6150,  0.162464
0.6155,  0.167217
0.6160,  0.139237
0.6165,  0.106514
0.6170,  0.129885
0.6175,  0.153035
0.6180,  0.155801
0.6185,  0.161869
0.6190,  0.161332
0.6195,  0.157512
0.6200,  0.164022
0.6205,  0.170115
0.6210,  0.157256
0.6215,  0.145497
0.6220,  0.153221
0.6225,  0.162436
0.6230,  0.153786
0.6235,  0.147577
0.6240,  0.151962
0.6245,  0.152822
0.6250,  0.147191
0.6255,  0.140371
0.6260,  0.157376
0.6265,  0.175032
0.6270,  0.175642
0.6275,  0.178392
0.6280,  0.181723
0.6285,  0.187946
0.6290,  0.187759
0.6295,  0.185017
0.6300,  0.180069
0.6305,  0.173598
0.6310,  0.166564
0.6315,  0.162145
0.6320,  0.158630
0.6325,  0.156503
0.6330,  0.158322
0.6335,  0.160827
0.6340,  0.164629
0.6345,  0.169309
0.6350,  0.172407
0.6355,  0.173100
0.6360,  0.168868
0.6365,  0.162071
0.6370,  0.155749
0.6375,  0.152379
0.6380,  0.152278
0.6385,  0.156946
0.6390,  0.162286
0.6395,  0.163553
0.6400,  0.162871
0.6405,  0.159471
0.6410,  0.153716
0.6415,  0.154637
0.6420,  0.153235
0.6425,  0.150106
0.6430,  0.147283
0.6435,  0.146413
0.6440,  0.147551
0.6445,  0.152712
0.6450,  0.160211
0.6455,  0.165103
0.6460,  0.171608
0.6465,  0.174921
0.6470,  0.175870
0.6475,  0.173011
0.6480,  0.172083
0.6485,  0.168029
0.6490,  0.160976
0.6495,  0.163034
0.6500,  0.162825
0.6505,  0.167885
0.6510,  0.175579
0.6515,  0.173691
0.6520,  0.172323
0.6525,  0.169468
0.6530,  0.170255
0.6535,  0.163454
0.6540,  0.159634
0.6545,  0.161965
0.6550,  0.169921
0.6555,  0.168132
0.6560,  0.154552
0.6565,  0.126977
0.6570,  0.089253
0.6575,  0.101085
0.6580,  0.117355
0.6585,  0.135433
0.6590,  0.153116
0.6595,  0.149504
0.6600,  0.144379
0.6605,  0.138943
0.6610,  0.137946
0.6615,  0.135183
0.6620,  0.133216
0.6625,  0.132046
0.6630,  0.132406
0.6635,  0.134294
0.6640,  0.133838
0.6645,  0.135138
0.6650,  0.137391
0.6655,  0.136231
0.6660,  0.133884
0.6665,  0.130788
0.6670,  0.127897
0.6675,  0.127300
0.6680,  0.126046
0.6685,  0.128897
0.6690,  0.131747
0.6695,  0.128423
0.6700,  0.128101
0.6705,  0.128506
0.6710,  0.131979
0.6715,  0.136977
0.6720,  0.137847
0.6725,  0.135940
0.6730,  0.131427
0.6735,  0.124930
0.6740,  0.121632
0.6745,  0.119220
0.6750,  0.118876
0.6755,  0.122630
0.6760,  0.127670
0.6765,  0.133794
0.6770,  0.137841
0.6775,  0.141844
0.6780,  0.138788
0.6785,  0.136719
0.6790,  0.133359
0.6795,  0.131212
0.6800,  0.130199
0.6805,  0.128497
0.6810,  0.127851
0.6815,  0.128786
0.6820,  0.131702
0.6825,  0.135023
0.6830,  0.139988
0.6835,  0.142220
0.6840,  0.143694
0.6845,  0.143063
0.6850,  0.144630
0.6855,  0.167336
0.6860,  0.202317
0.6865,  0.240017
0.6870,  0.265778
0.6875,  0.271325
0.6880,  0.267370
0.6885,  0.259683
0.6890,  0.253459
0.6895,  0.245739
0.6900,  0.238051
0.6905,  0.230301
0.6910,  0.224135
0.6915,  0.220539
0.6920,  0.215504
0.6925,  0.210498
0.6930,  0.209331
0.6935,  0.208405
0.6940,  0.208583
0.6945,  0.202130
0.6950,  0.197047
0.6955,  0.189780
0.6960,  0.182021
0.6965,  0.175272
0.6970,  0.169522
0.6975,  0.171318
0.6980,  0.177857
0.6985,  0.183499
0.6990,  0.191518
0.6995,  0.191241
0.7000,  0.186863
0.7005,  0.183632
0.7010,  0.182597
0.7015,  0.186554
0.7020,  0.190004
0.7025,  0.192770
0.7030,  0.191463
0.7035,  0.193369
0.7040,  0.195262
0.7045,  0.198515
0.7050,  0.199263
0.7055,  0.192682
0.7060,  0.187219
0.7065,  0.178549
0.7070,  0.175125
0.7075,  0.171365
0.7080,  0.171136
0.7085,  0.173276
0.7090,  0.173474
0.7095,  0.175439
0.7100,  0.176811
0.7105,  0.175022
0.7110,  0.176726
0.7115,  0.174255
0.7120,  0.169399
0.7125,  0.167855
0.7130,  0.166903
0.7135,  0.167540
0.7140,  0.170744
0.7145,  0.175601
0.7150,  0.187198
0.7155,  0.207404
0.7160,  0.237708
0.7165,  0.272885
0.7170,  0.313723
0.7175,  0.345052
0.7180,  0.366842
0.7185,  0.379477
0.7190,  0.388391
0.7195,  0.388996
0.7200,  0.373394
0.7205,  0.350023
0.7210,  0.318699
0.7215,  0.298357
0.7220,  0.292770
0.7225,  0.302089
0.7230,  0.321299
0.7235,  0.336755
0.7240,  0.348004
0.7245,  0.350157
0.7250,  0.351499
0.7255,  0.353921
0.7260,  0.353111
0.7265,  0.354435
0.7270,  0.356541
0.7275,  0.353858
0.7280,  0.350440
0.7285,  0.345362
0.7290,  0.337766
0.7295,  0.330383
0.7300,  0.320754
0.7305,  0.315935
0.7310,  0.308619
0.7315,  0.295084
0.7320,  0.277427
0.7325,  0.260037
0.7330,  0.244954
0.7335,  0.234413
0.7340,  0.226291
0.7345,  0.218505
0.7350,  0.213309
0.7355,  0.213548
0.7360,  0.214404
0.7365,  0.211137
0.7370,  0.208782
0.7375,  0.201175
0.7380,  0.195679
0.7385,  0.193937
0.7390,  0.188178
0.7395,  0.186434
0.7400,  0.182077
0.7405,  0.175072
0.7410,  0.170853
0.7415,  0.175156
0.7420,  0.177435
0.7425,  0.171018
0.7430,  0.168164
0.7435,  0.163484
0.7440,  0.162863
0.7445,  0.167031
0.7450,  0.169562
0.7455,  0.172624
0.7460,  0.173052
0.7465,  0.172058
0.7470,  0.169451
0.7475,  0.162973
0.7480,  0.156689
0.7485,  0.151580
0.7490,  0.153916
0.7495,  0.158794
0.7500,  0.163540
0.7505,  0.167007
0.7510,  0.168738
0.7515,  0.172810
0.7520,  0.169920
0.7525,  0.166944
0.7530,  0.165242
0.7535,  0.163820
0.7540,  0.161968
0.7545,  0.159402
0.7550,  0.159564
0.7555,  0.157655
0.7560,  0.160328
0.7565,  0.163117
0.7570,  0.163598
0.7575,  0.170640
0.7580,  0.198622
0.7585,  0.264587
0.7590,  0.376825
0.7595,  0.532663
0.7600,  0.684305
0.7605,  0.784610
0.7610,  0.809420
0.7615,  0.783724
0.7620,  0.758887
0.7625,  0.746010
0.7630,  0.736074
0.7635,  0.703992
0.7640,  0.653949
0.7645,  0.589745
0.7650,  0.520882
0.7655,  0.445972
0.7660,  0.374545
0.7665,  0.316255
0.7670,  0.263472
0.7675,  0.239379
0.7680,  0.222244
0.7685,  0.208448
0.7690,  0.202119
0.7695,  0.197331
0.7700,  0.187349
0.7705,  0.182016
0.7710,  0.171646
0.7715,  0.170995
0.7720,  0.170933
0.7725,  0.168595
0.7730,  0.170377
0.7735,  0.170256
0.7740,  0.167282
0.7745,  0.162970
0.7750,  0.157853
0.7755,  0.162354
0.7760,  0.169705
0.7765,  0.169879
0.7770,  0.170964
0.7775,  0.166577
0.7780,  0.165440
0.7785,  0.164513
0.7790,  0.159473
0.7795,  0.163800
0.7800,  0.167319
0.7805,  0.169989
0.7810,  0.173370
0.7815,  0.173599
0.7820,  0.172942
0.7825,  0.166549
0.7830,  0.159860
0.7835,  0.160513
0.7840,  0.161234
0.7845,  0.161672
0.7850,  0.163998
0.7855,  0.161746
0.7860,  0.162540
0.7865,  0.168404
0.7870,  0.173099
0.7875,  0.179263
0.7880,  0.184916
0.7885,  0.189191
0.7890,  0.192996
0.7895,  0.195667
0.7900,  0.193004
0.7905,  0.187390
0.7910,  0.186083
0.7915,  0.187119
0.7920,  0.189547
0.7925,  0.197148
0.7930,  0.192176
0.7935,  0.190961
0.7940,  0.191572
0.7945,  0.189936
0.7950,  0.184683
0.7955,  0.187481
0.7960,  0.187003
0.7965,  0.184910
0.7970,  0.189151
0.7975,  0.193623
0.7980,  0.192361
0.7985,  0.194973
0.7990,  0.197055
0.7995,  0.200229
0.8000,  0.198050
0.8005,  0.196566
0.8010,  0.190638
0.8015,  0.184146
0.8020,  0.188399
0.8025,  0.191379
0.8030,  0.194165
0.8035,  0.195094
0.8040,  0.189221
0.8045,  0.190315
0.8050,  0.192669
0.8055,  0.196895
0.8060,  0.190255
0.8065,  0.185892
0.8070,  0.184657
0.8075,  0.179011
0.8080,  0.181907
0.8085,  0.182961
0.8090,  0.186064
0.8095,  0.193073
0.8100,  0.205158
0.8105,  0.216576
0.8110,  0.226406
0.8115,  0.228515
0.8120,  0.240291
0.8125,  0.266051
0.8130,  0.292016
0.8135,  0.315194
0.8140,  0.340292
0.8145,  0.365446
0.8150,  0.396067
0.8155,  0.413322
0.8160,  0.423311
0.8165,  0.429286
0.8170,  0.424092
0.8175,  0.409012
0.8180,  0.397603
0.8185,  0.379069
0.8190,  0.350334
0.8195,  0.338177
0.8200,  0.325127
0.8205,  0.315518
0.8210,  0.323261
0.8215,  0.341684
0.8220,  0.380220
0.8225,  0.412807
0.8230,  0.413066
0.8235,  0.378874
0.8240,  0.340420
0.8245,  0.308679
0.8250,  0.286576
0.8255,  0.276077
0.8260,  0.276897
0.8265,  0.294867
0.8270,  0.310183
0.8275,  0.327491
0.8280,  0.342491
0.8285,  0.338049
0.8290,  0.333850
0.8295,  0.317789
0.8300,  0.301288
0.8305,  0.296610
0.8310,  0.299206
0.8315,  0.304153
0.8320,  0.304882
0.8325,  0.304735
0.8330,  0.296686
0.8335,  0.292846
0.8340,  0.275786
0.8345,  0.257123
0.8350,  0.245346
0.8355,  0.236177
0.8360,  0.232493
0.8365,  0.228942
0.8370,  0.224493
0.8375,  0.227445
0.8380,  0.222410
0.8385,  0.223265
0.8390,  0.216562
0.8395,  0.206412
0.8400,  0.193930
0.8405,  0.195009
0.8410,  0.192580
0.8415,  0.190881
0.8420,  0.187651
0.8425,  0.188442
0.8430,  0.191365
0.8435,  0.194729
0.8440,  0.194871
0.8445,  0.191473
0.8450,  0.190800
0.8455,  0.187314
0.8460,  0.183394
0.8465,  0.180490
0.8470,  0.179696
0.8475,  0.174554
0.8480,  0.176143
0.8485,  0.179360
0.8490,  0.190210
0.8495,  0.196733
0.8500,  0.194898
0.8505,  0.195099
0.8510,  0.184639
0.8515,  0.170872
0.8520,  0.174002
0.8525,  0.153332
0.8530,  0.151762
0.8535,  0.157323
0.8540,  0.140245
0.8545,  0.173062
0.8550,  0.186843
0.8555,  0.195341
0.8560,  0.203085
0.8565,  0.188498
0.8570,  0.173189
0.8575,  0.167484
0.8580,  0.169253
0.8585,  0.162719
0.8590,  0.162233
0.8595,  0.172461
0.8600,  0.176599
0.8605,  0.190008
0.8610,  0.188707
0.8615,  0.189163
0.8620,  0.189868
0.8625,  0.183933
0.8630,  0.172035
0.8635,  0.166915
0.8640,  0.170608
0.8645,  0.167389
0.8650,  0.174608
0.8655,  0.175847
0.8660,  0.166434
0.8665,  0.182808
0.8670,  0.187806
0.8675,  0.186704
0.8680,  0.187841
0.8685,  0.179607
0.8690,  0.167376
0.8695,  0.166313
0.8700,  0.171554
0.8705,  0.168330
0.8710,  0.172009
0.8715,  0.188080
0.8720,  0.206335
0.8725,  0.212164
0.8730,  0.217311
0.8735,  0.195803
0.8740,  0.192959
0.8745,  0.201670
0.8750,  0.198027
0.8755,  0.202863
0.8760,  0.207209
0.8765,  0.202296
0.8770,  0.203291
0.8775,  0.202713
0.8780,  0.213012
0.8785,  0.208824
0.8790,  0.203527
0.8795,  0.200231
0.8800,  0.195023
0.8805,  0.191710
0.8810,  0.197476
0.8815,  0.216275
0.8820,  0.214427
0.8825,  0.206771
0.8830,  0.202901
0.8835,  0.201183
0.8840,  0.213313
0.8845,  0.202465
0.8850,  0.187765
0.8855,  0.177076
0.8860,  0.170761
0.8865,  0.181572
0.8870,  0.186092
0.8875,  0.199373
0.8880,  0.200603
0.8885,  0.217573
0.8890,  0.219401
0.8895,  0.219236
0.8900,  0.215206
