0.3500,  0.301322
0.3505,  0.346948
0.3510,  0.315131
0.3515,  0.284876
0.3520,  0.251784
0.3525,  0.208309
0.3530,  0.243100
0.3535,  0.273419
0.3540,  0.279927
0.3545,  0.304909
0.3550,  0.290718
0.3555,  0.275036
0.3560,  0.242982
0.3565,  0.219341
0.3570,  0.191435
0.3575,  0.165330
0.3580,  0.125074
0.3585,  0.075122
0.3590,  0.220596
0.3595,  0.327959
0.3600,  0.320057
0.3605,  0.301080
0.3610,  0.247128
0.3615,  0.192257
0.3620,  0.222403
0.3625,  0.250168
0.3630,  0.238187
0.3635,  0.222025
0.3640,  0.210812
0.3645,  0.199233
0.3650,  0.225898
0.3655,  0.258154
0.3660,  0.271370
0.3665,  0.283120
0.3670,  0.263380
0.3675,  0.248018
0.3680,  0.217975
0.3685,  0.185213
0.3690,  0.219271
0.3695,  0.254731
0.3700,  0.229649
0.3705,  0.207670
0.3710,  0.232572
0.3715,  0.261862
0.3720,  0.246405
0.3725,  0.228324
0.3730,  0.200237
0.3735,  0.162145
0.3740,  0.160601
0.3745,  0.152960
0.3750,  0.205781
0.3755,  0.249747
0.3760,  0.238280
0.3765,  0.219073
0.3770,  0.256333
0.3775,  0.294783
0.3780,  0.292143
0.3785,  0.299006
0.3790,  0.223996
0.3795,  0.140992
0.3800,  0.193687
0.3805,  0.253628
0.3810,  0.242410
0.3815,  0.234369
0.3820,  0.168992
0.3825,  0.082694
0.3830,  0.052389
0.3835,  0.003044
0.3840,  0.125683
0.3845,  0.221882
0.3850,  0.228451
0.3855,  0.234004
0.3860,  0.219303
0.3865,  0.212363
0.3870,  0.210395
0.3875,  0.204275
0.3880,  0.184372
0.3885,  0.158815
0.3890,  0.199102
0.3895,  0.231251
0.3900,  0.229073
0.3905,  0.227668
0.3910,  0.244823
0.3915,  0.284387
0.3920,  0.224777
0.3925,  0.160046
0.3930,  0.022510
0.3935,  -0.190237
0.3940,  0.034166
0.3945,  0.193134
0.3950,  0.278603
0.3955,  0.360039
0.3960,  0.227159
0.3965,  0.050988
0.3970,  0.050834
0.3975,  0.034590
0.3980,  0.183573
0.3985,  0.288017
0.3990,  0.275098
0.3995,  0.269481
0.4000,  0.244608
0.4005,  0.222222
0.4010,  0.215484
0.4015,  0.217729
0.4020,  0.215917
0.4025,  0.218346
0.4030,  0.204686
0.4035,  0.188747
0.4040,  0.182843
0.4045,  0.179646
0.4050,  0.179200
0.4055,  0.179624
0.4060,  0.165927
0.4065,  0.151027
0.4070,  0.156599
0.4075,  0.160488
0.4080,  0.180528
0.4085,  0.203401
0.4090,  0.202481
0.4095,  0.201745
0.4100,  0.161612
0.4105,  0.110193
0.4110,  0.160503
0.4115,  0.210145
0.4120,  0.197885
0.4125,  0.183310
0.4130,  0.171146
0.4135,  0.163112
0.4140,  0.159346
0.4145,  0.152049
0.4150,  0.151192
0.4155,  0.150234
0.4160,  0.169733
0.4165,  0.194500
0.4170,  0.164832
0.4175,  0.131864
0.4180,  0.135544
0.4185,  0.142318
0.4190,  0.145658
0.4195,  0.145680
0.4200,  0.150793
0.4205,  0.160981
0.4210,  0.165262
0.4215,  0.174916
0.4220,  0.136802
0.4225,  0.093670
0.4230,  0.124396
0.4235,  0.153271
0.4240,  0.164864
0.4245,  0.178437
0.4250,  0.164064
0.4255,  0.151569
0.4260,  0.155225
0.4265,  0.162240
0.4270,  0.136010
0.4275,  0.112177
0.4280,  0.125836
0.4285,  0.140850
0.4290,  0.135067
0.4295,  0.134628
0.4300,  0.067121
0.4305,  -0.030406
0.4310,  0.111660
0.4315,  0.216327
0.4320,  0.185199
0.4325,  0.158150
0.4330,  0.164217
0.4335,  0.169984
0.4340,  0.149661
0.4345,  0.128101
0.4350,  0.127527
0.4355,  0.125103
0.4360,  0.155031
0.4365,  0.190899
0.4370,  0.170884
0.4375,  0.155234
0.4380,  0.116509
0.4385,  0.068856
0.4390,  0.122949
0.4395,  0.167660
0.4400,  0.137652
0.4405,  0.105358
0.4410,  0.136658
0.4415,  0.166187
0.4420,  0.166446
0.4425,  0.168100
0.4430,  0.150260
0.4435,  0.133970
0.4440,  0.144865
0.4445,  0.158595
0.4450,  0.135444
0.4455,  0.106869
0.4460,  0.117428
0.4465,  0.125964
0.4470,  0.152878
0.4475,  0.177066
0.4480,  0.153727
0.4485,  0.129965
0.4490,  0.132101
0.4495,  0.133611
0.4500,  0.146480
0.4505,  0.160695
0.4510,  0.155265
0.4515,  0.152303
0.4520,  0.128213
0.4525,  0.106654
0.4530,  0.114084
0.4535,  0.121356
0.4540,  0.124714
0.4545,  0.126633
0.4550,  0.130425
0.4555,  0.135382
0.4560,  0.139206
0.4565,  0.144258
0.4570,  0.148358
0.4575,  0.153308
0.4580,  0.134170
0.4585,  0.114259
0.4590,  0.122046
0.4595,  0.127958
0.4600,  0.132103
0.4605,  0.135363
0.4610,  0.135269
0.4615,  0.133868
0.4620,  0.140162
0.4625,  0.148240
0.4630,  0.136345
0.4635,  0.128478
0.4640,  0.119986
0.4645,  0.110403
0.4650,  0.126201
0.4655,  0.143317
0.4660,  0.126790
0.4665,  0.109850
0.4670,  0.131079
0.4675,  0.147152
0.4680,  0.143237
0.4685,  0.143049
0.4690,  0.146756
0.4695,  0.148703
0.4700,  0.128926
0.4705,  0.105613
0.4710,  0.127803
0.4715,  0.150713
0.4720,  0.151261
0.4725,  0.153770
0.4730,  0.144900
0.4735,  0.134196
0.4740,  0.141478
0.4745,  0.151070
0.4750,  0.146737
0.4755,  0.141837
0.4760,  0.132024
0.4765,  0.121248
0.4770,  0.141409
0.4775,  0.159475
0.4780,  0.145073
0.4785,  0.132577
0.4790,  0.144000
0.4795,  0.154615
0.4800,  0.144150
0.4805,  0.137831
0.4810,  0.147946
0.4815,  0.155546
0.4820,  0.144144
0.4825,  0.136660
0.4830,  0.138853
0.4835,  0.139821
0.4840,  0.141722
0.4845,  0.148797
0.4850,  0.141740
0.4855,  0.131143
0.4860,  0.098938
0.4865,  0.054900
0.4870,  0.093799
0.4875,  0.128454
0.4880,  0.136238
0.4885,  0.144070
0.4890,  0.144752
0.4895,  0.146697
0.4900,  0.151708
0.4905,  0.160112
0.4910,  0.142708
0.4915,  0.123580
0.4920,  0.123159
0.4925,  0.121252
0.4930,  0.114995
0.4935,  0.107593
0.4940,  0.135873
0.4945,  0.164786
0.4950,  0.140150
0.4955,  0.113344
0.4960,  0.129493
0.4965,  0.146751
0.4970,  0.149587
0.4975,  0.152762
0.4980,  0.127127
0.4985,  0.100224
0.4990,  0.124257
0.4995,  0.149641
0.5000,  0.135032
0.5005,  0.118228
0.5010,  0.113790
0.5015,  0.104935
0.5020,  0.119923
0.5025,  0.135480
0.5030,  0.143188
0.5035,  0.149272
0.5040,  0.135108
0.5045,  0.117118
0.5050,  0.133351
0.5055,  0.152416
0.5060,  0.145884
0.5065,  0.141247
0.5070,  0.132849
0.5075,  0.123528
0.5080,  0.126637
0.5085,  0.128404
0.5090,  0.127667
0.5095,  0.126985
0.5100,  0.131340
0.5105,  0.135821
0.5110,  0.145059
0.5115,  0.154952
0.5120,  0.133500
0.5125,  0.112459
0.5130,  0.116138
0.5135,  0.117934
0.5140,  0.121891
0.5145,  0.127810
0.5150,  0.140131
0.5155,  0.156689
0.5160,  0.127330
0.5165,  0.092693
0.5170,  0.112441
0.5175,  0.125893
0.5180,  0.105764
0.5185,  0.080932
0.5190,  0.107584
0.5195,  0.134329
0.5200,  0.128728
0.5205,  0.123827
0.5210,  0.134448
0.5215,  0.147734
0.5220,  0.129745
0.5225,  0.110512
0.5230,  0.120384
0.5235,  0.129413
0.5240,  0.138234
0.5245,  0.150931
0.5250,  0.150680
0.5255,  0.153991
0.5260,  0.113929
0.5265,  0.065422
0.5270,  0.094272
0.5275,  0.117258
0.5280,  0.121992
0.5285,  0.128615
0.5290,  0.127587
0.5295,  0.127171
0.5300,  0.130475
0.5305,  0.135944
0.5310,  0.139662
0.5315,  0.146882
0.5320,  0.117568
0.5325,  0.084627
0.5330,  0.116044
0.5335,  0.143972
0.5340,  0.127080
0.5345,  0.109739
0.5350,  0.131446
0.5355,  0.155166
0.5360,  0.135923
0.5365,  0.115840
0.5370,  0.118845
0.5375,  0.124391
0.5380,  0.131548
0.5385,  0.139947
0.5390,  0.130950
0.5395,  0.121600
0.5400,  0.111573
0.5405,  0.100403
0.5410,  0.121985
0.5415,  0.141893
0.5420,  0.128645
0.5425,  0.116068
0.5430,  0.125636
0.5435,  0.133574
0.5440,  0.131485
0.5445,  0.130764
0.5450,  0.133704
0.5455,  0.137382
0.5460,  0.134659
0.5465,  0.131968
0.5470,  0.122926
0.5475,  0.112688
0.5480,  0.117082
0.5485,  0.122027
0.5490,  0.127635
0.5495,  0.134540
0.5500,  0.128829
0.5505,  0.123139
0.5510,  0.125918
0.5515,  0.128260
0.5520,  0.123718
0.5525,  0.118711
0.5530,  0.124577
0.5535,  0.130648
0.5540,  0.133340
0.5545,  0.137096
0.5550,  0.140644
0.5555,  0.144915
0.5560,  0.134176
0.5565,  0.123208
0.5570,  0.131113
0.5575,  0.139547
0.5580,  0.132454
0.5585,  0.123125
0.5590,  0.125282
0.5595,  0.127478
0.5600,  0.131539
0.5605,  0.133375
0.5610,  0.128922
0.5615,  0.124833
0.5620,  0.128997
0.5625,  0.134546
0.5630,  0.138249
0.5635,  0.142881
0.5640,  0.145522
0.5645,  0.148900
0.5650,  0.140979
0.5655,  0.130330
0.5660,  0.134091
0.5665,  0.138585
0.5670,  0.150828
0.5675,  0.164507
0.5680,  0.151422
0.5685,  0.137749
0.5690,  0.150505
0.5695,  0.164655
0.5700,  0.150069
0.5705,  0.128795
0.5710,  0.134038
0.5715,  0.136901
0.5720,  0.145235
0.5725,  0.154995
0.5730,  0.150973
0.5735,  0.150972
0.5740,  0.152371
0.5745,  0.154493
0.5750,  0.148875
0.5755,  0.140481
0.5760,  0.142582
0.5765,  0.148029
0.5770,  0.152883
0.5775,  0.155743
0.5780,  0.138277
0.5785,  0.120253
0.5790,  0.126825
0.5795,  0.132480
0.5800,  0.131798
0.5805,  0.131530
0.5810,  0.132350
0.5815,  0.133165
0.5820,  0.135798
0.5825,  0.137134
0.5830,  0.133192
0.5835,  0.132221
0.5840,  0.135252
0.5845,  0.140654
0.5850,  0.129906
0.5855,  0.116031
0.5860,  0.128434
0.5865,  0.143464
0.5870,  0.156922
0.5875,  0.175531
0.5880,  0.172054
0.5885,  0.160600
0.5890,  0.131605
0.5895,  0.096546
0.5900,  0.136221
0.5905,  0.173702
0.5910,  0.165596
0.5915,  0.156326
0.5920,  0.155441
0.5925,  0.157047
0.5930,  0.153539
0.5935,  0.153290
0.5940,  0.149409
0.5945,  0.145048
0.5950,  0.147617
0.5955,  0.149279
0.5960,  0.152792
0.5965,  0.157743
0.5970,  0.152808
0.5975,  0.146036
0.5980,  0.139138
0.5985,  0.134454
0.5990,  0.139454
0.5995,  0.146352
0.6000,  0.142690
0.6005,  0.139477
0.6010,  0.141461
0.6015,  0.140950
0.6020,  0.131059
0.6025,  0.120059
0.6030,  0.131194
0.6035,  0.143515
0.6040,  0.140624
0.6045,  0.140505
0.6050,  0.139586
0.6055,  0.137265
0.6060,  0.134104
0.6065,  0.131062
0.6070,  0.130758
0.6075,  0.133062
0.6080,  0.133580
0.6085,  0.135728
0.6090,  0.141283
0.6095,  0.143918
0.6100,  0.136076
0.6105,  0.127037
0.6110,  0.136381
0.6115,  0.146296
0.6120,  0.138447
0.6125,  0.130668
0.6130,  0.129288
0.6135,  0.125712
0.6140,  0.133675
0.6145,  0.145674
0.6150,  0.150627
0.6155,  0.152748
0.6160,  0.127496
0.6165,  0.100341
0.6170,  0.118454
0.6175,  0.137730
0.6180,  0.141734
0.6185,  0.144805
0.6190,  0.142476
0.6195,  0.138871
0.6200,  0.145601
0.6205,  0.153019
0.6210,  0.145218
0.6215,  0.136206
0.6220,  0.142597
0.6225,  0.149942
0.6230,  0.142383
0.6235,  0.137259
0.6240,  0.140027
0.6245,  0.142407
0.6250,  0.139251
0.6255,  0.135051
0.6260,  0.150084
0.6265,  0.164011
0.6270,  0.166517
0.6275,  0.168791
0.6280,  0.169812
0.6285,  0.172095
0.6290,  0.170009
0.6295,  0.168204
0.6300,  0.164200
0.6305,  0.157660
0.6310,  0.149814
0.6315,  0.146858
0.6320,  0.143392
0.6325,  0.141138
0.6330,  0.141435
0.6335,  0.141029
0.6340,  0.142982
0.6345,  0.146179
0.6350,  0.147604
0.6355,  0.147497
0.6360,  0.146501
0.6365,  0.142614
0.6370,  0.137752
0.6375,  0.134792
0.6380,  0.133121
0.6385,  0.134652
0.6390,  0.136480
0.6395,  0.135885
0.6400,  0.135460
0.6405,  0.132885
0.6410,  0.128100
0.6415,  0.128447
0.6420,  0.127615
0.6425,  0.125672
0.6430,  0.125143
0.6435,  0.126082
0.6440,  0.129484
0.6445,  0.136735
0.6450,  0.144761
0.6455,  0.150868
0.6460,  0.154560
0.6465,  0.156081
0.6470,  0.156256
0.6475,  0.151651
0.6480,  0.148493
0.6485,  0.139929
0.6490,  0.133001
0.6495,  0.137455
0.6500,  0.143584
0.6505,  0.150027
0.6510,  0.154528
0.6515,  0.150830
0.6520,  0.145382
0.6525,  0.145104
0.6530,  0.146710
0.6535,  0.142750
0.6540,  0.146015
0.6545,  0.155436
0.6550,  0.164080
0.6555,  0.156114
0.6560,  0.133227
0.6565,  0.100551
0.6570,  0.067729
0.6575,  0.076916
0.6580,  0.090890
0.6585,  0.105329
0.6590,  0.119635
0.6595,  0.116979
0.6600,  0.112217
0.6605,  0.108862
0.6610,  0.109759
0.6615,  0.110525
0.6620,  0.110646
0.6625,  0.110825
0.6630,  0.111539
0.6635,  0.114392
0.6640,  0.117131
0.6645,  0.116947
0.6650,  0.116586
0.6655,  0.114068
0.6660,  0.109456
0.6665,  0.103298
0.6670,  0.100152
0.6675,  0.099626
0.6680,  0.100222
0.6685,  0.102641
0.6690,  0.107307
0.6695,  0.108038
0.6700,  0.106741
0.6705,  0.106743
0.6710,  0.106864
0.6715,  0.108426
0.6720,  0.108540
0.6725,  0.107448
0.6730,  0.103844
0.6735,  0.098311
0.6740,  0.095645
0.6745,  0.096066
0.6750,  0.096309
0.6755,  0.099539
0.6760,  0.102364
0.6765,  0.106349
0.6770,  0.107869
0.6775,  0.107284
0.6780,  0.107303
0.6785,  0.107445
0.6790,  0.105456
0.6795,  0.104070
0.6800,  0.103108
0.6805,  0.100683
0.6810,  0.099531
0.6815,  0.100195
0.6820,  0.104765
0.6825,  0.108890
0.6830,  0.114173
0.6835,  0.116543
0.6840,  0.116042
0.6845,  0.119837
0.6850,  0.135039
0.6855,  0.167129
0.6860,  0.201915
0.6865,  0.230129
0.6870,  0.241346
0.6875,  0.237177
0.6880,  0.233231
0.6885,  0.227166
0.6890,  0.220893
0.6895,  0.212391
0.6900,  0.204261
0.6905,  0.197343
0.6910,  0.189757
0.6915,  0.184955
0.6920,  0.182201
0.6925,  0.183982
0.6930,  0.184578
0.6935,  0.180265
0.6940,  0.175269
0.6945,  0.171735
0.6950,  0.166280
0.6955,  0.155825
0.6960,  0.146457
0.6965,  0.141755
0.6970,  0.141875
0.6975,  0.147576
0.6980,  0.154597
0.6985,  0.160290
0.6990,  0.165526
0.6995,  0.164495
0.7000,  0.161153
0.7005,  0.159445
0.7010,  0.155337
0.7015,  0.154997
0.7020,  0.152639
0.7025,  0.149113
0.7030,  0.146227
0.7035,  0.146658
0.7040,  0.143680
0.7045,  0.145067
0.7050,  0.148271
0.7055,  0.144769
0.7060,  0.144170
0.7065,  0.141064
0.7070,  0.136945
0.7075,  0.133505
0.7080,  0.131270
0.7085,  0.129164
0.7090,  0.128194
0.7095,  0.130579
0.7100,  0.131079
0.7105,  0.131842
0.7110,  0.133349
0.7115,  0.132422
0.7120,  0.132102
0.7125,  0.135185
0.7130,  0.134731
0.7135,  0.137880
0.7140,  0.144653
0.7145,  0.154601
0.7150,  0.171414
0.7155,  0.198764
0.7160,  0.234080
0.7165,  0.268835
0.7170,  0.298191
0.7175,  0.321402
0.7180,  0.335256
0.7185,  0.343513
0.7190,  0.335265
0.7195,  0.320738
0.7200,  0.297197
0.7205,  0.269604
0.7210,  0.250819
0.7215,  0.243357
0.7220,  0.250124
0.7225,  0.263469
0.7230,  0.277333
0.7235,  0.288603
0.7240,  0.297358
0.7245,  0.301565
0.7250,  0.306311
0.7255,  0.306903
0.7260,  0.305338
0.7265,  0.303976
0.7270,  0.305321
0.7275,  0.297225
0.7280,  0.293192
0.7285,  0.285325
0.7290,  0.274981
0.7295,  0.269397
0.7300,  0.262268
0.7305,  0.250742
0.7310,  0.235975
0.7315,  0.219097
0.7320,  0.206187
0.7325,  0.192648
0.7330,  0.180717
0.7335,  0.173095
0.7340,  0.172153
0.7345,  0.172378
0.7350,  0.170615
0.7355,  0.165670
0.7360,  0.158407
0.7365,  0.157512
0.7370,  0.154289
0.7375,  0.151488
0.7380,  0.150678
0.7385,  0.149133
0.7390,  0.146512
0.7395,  0.141571
0.7400,  0.137061
0.7405,  0.130048
0.7410,  0.122677
0.7415,  0.124441
0.7420,  0.122140
0.7425,  0.121552
0.7430,  0.124556
0.7435,  0.123436
0.7440,  0.123673
0.7445,  0.122623
0.7450,  0.122071
0.7455,  0.123497
0.7460,  0.121203
0.7465,  0.119917
0.7470,  0.117997
0.7475,  0.115113
0.7480,  0.113924
0.7485,  0.116284
0.7490,  0.115874
0.7495,  0.114101
0.7500,  0.112327
0.7505,  0.115260
0.7510,  0.115769
0.7515,  0.118989
0.7520,  0.116420
0.7525,  0.116278
0.7530,  0.112690
0.7535,  0.112403
0.7540,  0.112475
0.7545,  0.115683
0.7550,  0.115490
0.7555,  0.116911
0.7560,  0.117881
0.7565,  0.116140
0.7570,  0.123201
0.7575,  0.155151
0.7580,  0.227723
0.7585,  0.342791
0.7590,  0.494330
0.7595,  0.638410
0.7600,  0.709741
0.7605,  0.717314
0.7610,  0.699926
0.7615,  0.684787
0.7620,  0.684437
0.7625,  0.686194
0.7630,  0.656988
0.7635,  0.604551
0.7640,  0.541349
0.7645,  0.471566
0.7650,  0.413259
0.7655,  0.352410
0.7660,  0.294121
0.7665,  0.238824
0.7670,  0.201482
0.7675,  0.180662
0.7680,  0.165744
0.7685,  0.154063
0.7690,  0.141668
0.7695,  0.137648
0.7700,  0.136148
0.7705,  0.132228
0.7710,  0.124064
0.7715,  0.116648
0.7720,  0.115494
0.7725,  0.115077
0.7730,  0.118766
0.7735,  0.111833
0.7740,  0.108614
0.7745,  0.102503
0.7750,  0.100864
0.7755,  0.103246
0.7760,  0.107218
0.7765,  0.114546
0.7770,  0.119433
0.7775,  0.113743
0.7780,  0.110064
0.7785,  0.109328
0.7790,  0.100598
0.7795,  0.099093
0.7800,  0.100544
0.7805,  0.104357
0.7810,  0.107553
0.7815,  0.104389
0.7820,  0.103417
0.7825,  0.104764
0.7830,  0.108329
0.7835,  0.113455
0.7840,  0.114215
0.7845,  0.115319
0.7850,  0.117837
0.7855,  0.119752
0.7860,  0.125535
0.7865,  0.127096
0.7870,  0.131049
0.7875,  0.132009
0.7880,  0.135940
0.7885,  0.143122
0.7890,  0.148103
0.7895,  0.152802
0.7900,  0.155301
0.7905,  0.157330
0.7910,  0.155305
0.7915,  0.153049
0.7920,  0.150121
0.7925,  0.144806
0.7930,  0.140049
0.7935,  0.143249
0.7940,  0.144713
0.7945,  0.144216
0.7950,  0.139320
0.7955,  0.138272
0.7960,  0.134961
0.7965,  0.135611
0.7970,  0.132693
0.7975,  0.129959
0.7980,  0.129647
0.7985,  0.135264
0.7990,  0.135307
0.7995,  0.140632
0.8000,  0.140069
0.8005,  0.145323
0.8010,  0.148654
0.8015,  0.150422
0.8020,  0.145702
0.8025,  0.142764
0.8030,  0.138866
0.8035,  0.134120
0.8040,  0.133991
0.8045,  0.129274
0.8050,  0.124248
0.8055,  0.127887
0.8060,  0.129517
0.8065,  0.130222
0.8070,  0.132278
0.8075,  0.134259
0.8080,  0.132957
0.8085,  0.135124
0.8090,  0.134246
0.8095,  0.139186
0.8100,  0.145692
0.8105,  0.156689
0.8110,  0.173035
0.8115,  0.190608
0.8120,  0.213214
0.8125,  0.236634
0.8130,  0.261065
0.8135,  0.281022
0.8140,  0.292151
0.8145,  0.306936
0.8150,  0.317662
0.8155,  0.317053
0.8160,  0.321186
0.8165,  0.331884
0.8170,  0.329628
0.8175,  0.320922
0.8180,  0.312277
0.8185,  0.300177
0.8190,  0.273298
0.8195,  0.249939
0.8200,  0.234366
0.8205,  0.236437
0.8210,  0.260705
0.8215,  0.294249
0.8220,  0.326606
0.8225,  0.330175
0.8230,  0.297057
0.8235,  0.258680
0.8240,  0.233788
0.8245,  0.225555
0.8250,  0.224697
0.8255,  0.223505
0.8260,  0.228620
0.8265,  0.240850
0.8270,  0.249062
0.8275,  0.262081
0.8280,  0.262074
0.8285,  0.248729
0.8290,  0.240557
0.8295,  0.237757
0.8300,  0.236686
0.8305,  0.233874
0.8310,  0.234745
0.8315,  0.234038
0.8320,  0.228142
0.8325,  0.211703
0.8330,  0.190736
0.8335,  0.175468
0.8340,  0.168414
0.8345,  0.167445
0.8350,  0.169332
0.8355,  0.169945
0.8360,  0.164549
0.8365,  0.153194
0.8370,  0.153667
0.8375,  0.151207
0.8380,  0.144641
0.8385,  0.140591
0.8390,  0.126090
0.8395,  0.120137
0.8400,  0.123742
0.8405,  0.125912
0.8410,  0.122635
0.8415,  0.122746
0.8420,  0.121273
0.8425,  0.123271
0.8430,  0.128938
0.8435,  0.129526
0.8440,  0.122084
0.8445,  0.110452
0.8450,  0.105459
0.8455,  0.109290
0.8460,  0.103443
0.8465,  0.106928
0.8470,  0.104372
0.8475,  0.108665
0.8480,  0.126414
0.8485,  0.133691
0.8490,  0.129223
0.8495,  0.114910
0.8500,  0.094650
0.8505,  0.091394
0.8510,  0.090942
0.8515,  0.096333
0.8520,  0.115632
0.8525,  0.118032
0.8530,  0.122780
0.8535,  0.108837
0.8540,  0.080199
0.8545,  0.083338
0.8550,  0.085994
0.8555,  0.084764
0.8560,  0.084310
0.8565,  0.079921
0.8570,  0.085549
0.8575,  0.088609
0.8580,  0.088414
0.8585,  0.086420
0.8590,  0.094586
0.8595,  0.093211
0.8600,  0.089878
0.8605,  0.086058
0.8610,  0.076513
0.8615,  0.081531
0.8620,  0.077058
0.8625,  0.076805
0.8630,  0.076486
0.8635,  0.085602
0.8640,  0.110426
0.8645,  0.112733
0.8650,  0.112833
0.8655,  0.101717
0.8660,  0.059920
0.8665,  0.046247
0.8670,  0.038212
0.8675,  0.039801
0.8680,  0.055254
0.8685,  0.066909
0.8690,  0.074213
0.8695,  0.085694
0.8700,  0.095688
0.8705,  0.104888
0.8710,  0.110838
0.8715,  0.097156
0.8720,  0.098355
0.8725,  0.092831
0.8730,  0.088729
0.8735,  0.087003
0.8740,  0.091675
0.8745,  0.096643
0.8750,  0.096087
0.8755,  0.096041
0.8760,  0.088169
0.8765,  0.084800
0.8770,  0.093437
0.8775,  0.093931
0.8780,  0.100032
0.8785,  0.105186
0.8790,  0.108828
0.8795,  0.098436
0.8800,  0.079972
0.8805,  0.084989
0.8810,  0.090719
0.8815,  0.108294
0.8820,  0.119681
0.8825,  0.119586
0.8830,  0.116703
0.8835,  0.107860
0.8840,  0.103437
0.8845,  0.083008
0.8850,  0.080882
0.8855,  0.077477
0.8860,  0.080554
0.8865,  0.091043
0.8870,  0.095642
0.8875,  0.102698
0.8880,  0.105626
0.8885,  0.109332
0.8890,  0.120788
0.8895,  0.121438
0.8900,  0.127407
