0.3500,  1.138040
0.3505,  1.160456
0.3510,  1.113666
0.3515,  1.038808
0.3520,  0.982212
0.3525,  0.933099
0.3530,  0.966619
0.3535,  0.993594
0.3540,  1.012319
0.3545,  1.051911
0.3550,  1.039051
0.3555,  1.018852
0.3560,  0.966744
0.3565,  0.942290
0.3570,  0.941513
0.3575,  0.894746
0.3580,  0.852422
0.3585,  0.785744
0.3590,  0.944424
0.3595,  1.083546
0.3600,  1.075138
0.3605,  1.060566
0.3610,  1.023508
0.3615,  0.957302
0.3620,  0.990543
0.3625,  1.009208
0.3630,  0.974290
0.3635,  0.955045
0.3640,  0.934322
0.3645,  0.915478
0.3650,  0.928144
0.3655,  0.933333
0.3660,  0.907641
0.3665,  0.902226
0.3670,  0.861550
0.3675,  0.829000
0.3680,  0.791244
0.3685,  0.759234
0.3690,  0.796676
0.3695,  0.839256
0.3700,  0.805604
0.3705,  0.770045
0.3710,  0.783110
0.3715,  0.795446
0.3720,  0.761163
0.3725,  0.741572
0.3730,  0.719759
0.3735,  0.696120
0.3740,  0.718398
0.3745,  0.729759
0.3750,  0.804952
0.3755,  0.861232
0.3760,  0.851297
0.3765,  0.828678
0.3770,  0.863654
0.3775,  0.889187
0.3780,  0.865495
0.3785,  0.856110
0.3790,  0.753710
0.3795,  0.647619
0.3800,  0.699313
0.3805,  0.754624
0.3810,  0.731438
0.3815,  0.723346
0.3820,  0.650604
0.3825,  0.563126
0.3830,  0.566894
0.3835,  0.544037
0.3840,  0.705335
0.3845,  0.829999
0.3850,  0.841315
0.3855,  0.851712
0.3860,  0.833175
0.3865,  0.821838
0.3870,  0.814560
0.3875,  0.801971
0.3880,  0.773989
0.3885,  0.735127
0.3890,  0.775636
0.3895,  0.810411
0.3900,  0.798321
0.3905,  0.783996
0.3910,  0.786710
0.3915,  0.808893
0.3920,  0.706932
0.3925,  0.609862
0.3930,  0.455907
0.3935,  0.232221
0.3940,  0.531515
0.3945,  0.729764
0.3950,  0.824700
0.3955,  0.924471
0.3960,  0.768590
0.3965,  0.562907
0.3970,  0.579045
0.3975,  0.574030
0.3980,  0.747966
0.3985,  0.853809
0.3990,  0.815875
0.3995,  0.791554
0.4000,  0.737184
0.4005,  0.684502
0.4010,  0.657093
0.4015,  0.641305
0.4020,  0.618137
0.4025,  0.606724
0.4030,  0.582253
0.4035,  0.552808
0.4040,  0.539794
0.4045,  0.535449
0.4050,  0.531039
0.4055,  0.529874
0.4060,  0.515569
0.4065,  0.500823
0.4070,  0.518104
0.4075,  0.536016
0.4080,  0.569583
0.4085,  0.597060
0.4090,  0.588021
0.4095,  0.577934
0.4100,  0.523772
0.4105,  0.465480
0.4110,  0.526301
0.4115,  0.581254
0.4120,  0.564683
0.4125,  0.548290
0.4130,  0.531748
0.4135,  0.515721
0.4140,  0.506477
0.4145,  0.496824
0.4150,  0.493206
0.4155,  0.491624
0.4160,  0.516015
0.4165,  0.541230
0.4170,  0.499985
0.4175,  0.455888
0.4180,  0.461041
0.4185,  0.470256
0.4190,  0.479496
0.4195,  0.480851
0.4200,  0.492799
0.4205,  0.505792
0.4210,  0.509877
0.4215,  0.516530
0.4220,  0.468614
0.4225,  0.414008
0.4230,  0.447647
0.4235,  0.484096
0.4240,  0.499552
0.4245,  0.517139
0.4250,  0.503718
0.4255,  0.488020
0.4260,  0.489841
0.4265,  0.495009
0.4270,  0.462786
0.4275,  0.434290
0.4280,  0.449503
0.4285,  0.468796
0.4290,  0.461665
0.4295,  0.450991
0.4300,  0.371857
0.4305,  0.264579
0.4310,  0.455824
0.4315,  0.596696
0.4320,  0.565326
0.4325,  0.527804
0.4330,  0.525346
0.4335,  0.526493
0.4340,  0.496776
0.4345,  0.470797
0.4350,  0.470304
0.4355,  0.467794
0.4360,  0.503535
0.4365,  0.541991
0.4370,  0.510843
0.4375,  0.485227
0.4380,  0.432926
0.4385,  0.368274
0.4390,  0.432229
0.4395,  0.491732
0.4400,  0.462802
0.4405,  0.427527
0.4410,  0.467742
0.4415,  0.503677
0.4420,  0.501395
0.4425,  0.501146
0.4430,  0.476626
0.4435,  0.456346
0.4440,  0.467873
0.4445,  0.476500
0.4450,  0.440913
0.4455,  0.403166
0.4460,  0.417918
0.4465,  0.428883
0.4470,  0.459838
0.4475,  0.490973
0.4480,  0.463239
0.4485,  0.432614
0.4490,  0.434503
0.4495,  0.436548
0.4500,  0.453201
0.4505,  0.470353
0.4510,  0.459405
0.4515,  0.446405
0.4520,  0.407224
0.4525,  0.372930
0.4530,  0.381802
0.4535,  0.394554
0.4540,  0.401366
0.4545,  0.408742
0.4550,  0.421139
0.4555,  0.430986
0.4560,  0.431830
0.4565,  0.439115
0.4570,  0.440166
0.4575,  0.442671
0.4580,  0.415730
0.4585,  0.384814
0.4590,  0.391014
0.4595,  0.399159
0.4600,  0.405647
0.4605,  0.411117
0.4610,  0.413694
0.4615,  0.412469
0.4620,  0.417089
0.4625,  0.424855
0.4630,  0.409739
0.4635,  0.399776
0.4640,  0.391050
0.4645,  0.381043
0.4650,  0.402554
0.4655,  0.422273
0.4660,  0.402084
0.4665,  0.378651
0.4670,  0.402668
0.4675,  0.421363
0.4680,  0.414768
0.4685,  0.411020
0.4690,  0.410485
0.4695,  0.411893
0.4700,  0.392379
0.4705,  0.370247
0.4710,  0.396246
0.4715,  0.425872
0.4720,  0.425594
0.4725,  0.422769
0.4730,  0.408208
0.4735,  0.394015
0.4740,  0.403334
0.4745,  0.415721
0.4750,  0.411642
0.4755,  0.405981
0.4760,  0.393886
0.4765,  0.380776
0.4770,  0.404799
0.4775,  0.426251
0.4780,  0.404816
0.4785,  0.383573
0.4790,  0.392844
0.4795,  0.400764
0.4800,  0.388129
0.4805,  0.378385
0.4810,  0.388699
0.4815,  0.397560
0.4820,  0.384107
0.4825,  0.376881
0.4830,  0.378917
0.4835,  0.380711
0.4840,  0.377547
0.4845,  0.377997
0.4850,  0.357532
0.4855,  0.342107
0.4860,  0.310872
0.4865,  0.269180
0.4870,  0.325833
0.4875,  0.373876
0.4880,  0.386392
0.4885,  0.396581
0.4890,  0.395674
0.4895,  0.394482
0.4900,  0.394768
0.4905,  0.397924
0.4910,  0.371189
0.4915,  0.346682
0.4920,  0.346622
0.4925,  0.345397
0.4930,  0.339548
0.4935,  0.330685
0.4940,  0.360390
0.4945,  0.390999
0.4950,  0.357915
0.4955,  0.325037
0.4960,  0.342758
0.4965,  0.360109
0.4970,  0.360375
0.4975,  0.366340
0.4980,  0.338357
0.4985,  0.306276
0.4990,  0.331767
0.4995,  0.356388
0.5000,  0.334493
0.5005,  0.312519
0.5010,  0.307044
0.5015,  0.299589
0.5020,  0.320406
0.5025,  0.340070
0.5030,  0.349633
0.5035,  0.356986
0.5040,  0.342567
0.5045,  0.322390
0.5050,  0.342284
0.5055,  0.361695
0.5060,  0.348534
0.5065,  0.338727
0.5070,  0.327845
0.5075,  0.317966
0.5080,  0.321982
0.5085,  0.324497
0.5090,  0.322331
0.5095,  0.320169
0.5100,  0.324904
0.5105,  0.329150
0.5110,  0.338274
0.5115,  0.346726
0.5120,  0.317180
0.5125,  0.289818
0.5130,  0.291937
0.5135,  0.292048
0.5140,  0.299645
0.5145,  0.305221
0.5150,  0.315085
0.5155,  0.328783
0.5160,  0.290065
0.5165,  0.249387
0.5170,  0.277367
0.5175,  0.301430
0.5180,  0.286172
0.5185,  0.263214
0.5190,  0.299062
0.5195,  0.331701
0.5200,  0.321008
0.5205,  0.311790
0.5210,  0.321854
0.5215,  0.333606
0.5220,  0.310362
0.5225,  0.287809
0.5230,  0.301244
0.5235,  0.310067
0.5240,  0.318090
0.5245,  0.326611
0.5250,  0.319608
0.5255,  0.317634
0.5260,  0.268149
0.5265,  0.214649
0.5270,  0.258927
0.5275,  0.295397
0.5280,  0.305378
0.5285,  0.312508
0.5290,  0.308938
0.5295,  0.304231
0.5300,  0.305765
0.5305,  0.308344
0.5310,  0.305787
0.5315,  0.309407
0.5320,  0.270863
0.5325,  0.232272
0.5330,  0.273564
0.5335,  0.309802
0.5340,  0.292425
0.5345,  0.273766
0.5350,  0.298225
0.5355,  0.322520
0.5360,  0.296339
0.5365,  0.271249
0.5370,  0.276965
0.5375,  0.281207
0.5380,  0.289420
0.5385,  0.295613
0.5390,  0.282291
0.5395,  0.271570
0.5400,  0.261199
0.5405,  0.248890
0.5410,  0.276247
0.5415,  0.302268
0.5420,  0.288473
0.5425,  0.275537
0.5430,  0.287764
0.5435,  0.297709
0.5440,  0.295457
0.5445,  0.292544
0.5450,  0.294656
0.5455,  0.297785
0.5460,  0.292502
0.5465,  0.288150
0.5470,  0.282086
0.5475,  0.272931
0.5480,  0.279627
0.5485,  0.285971
0.5490,  0.292272
0.5495,  0.297479
0.5500,  0.287458
0.5505,  0.279922
0.5510,  0.282993
0.5515,  0.284513
0.5520,  0.279017
0.5525,  0.272234
0.5530,  0.279654
0.5535,  0.287363
0.5540,  0.289731
0.5545,  0.291357
0.5550,  0.293291
0.5555,  0.296181
0.5560,  0.282150
0.5565,  0.269619
0.5570,  0.278497
0.5575,  0.289059
0.5580,  0.280648
0.5585,  0.271512
0.5590,  0.279297
0.5595,  0.285391
0.5600,  0.290446
0.5605,  0.294057
0.5610,  0.288725
0.5615,  0.283821
0.5620,  0.288357
0.5625,  0.294569
0.5630,  0.297350
0.5635,  0.299377
0.5640,  0.299708
0.5645,  0.300039
0.5650,  0.290200
0.5655,  0.280621
0.5660,  0.288073
0.5665,  0.294708
0.5670,  0.307997
0.5675,  0.320926
0.5680,  0.303604
0.5685,  0.287565
0.5690,  0.302671
0.5695,  0.318008
0.5700,  0.300086
0.5705,  0.278861
0.5710,  0.289561
0.5715,  0.295165
0.5720,  0.304642
0.5725,  0.316477
0.5730,  0.309260
0.5735,  0.303667
0.5740,  0.302696
0.5745,  0.303870
0.5750,  0.297824
0.5755,  0.290284
0.5760,  0.293343
0.5765,  0.296980
0.5770,  0.300930
0.5775,  0.304650
0.5780,  0.288018
0.5785,  0.269764
0.5790,  0.278658
0.5795,  0.286164
0.5800,  0.285100
0.5805,  0.285048
0.5810,  0.285505
0.5815,  0.287928
0.5820,  0.290983
0.5825,  0.291984
0.5830,  0.285378
0.5835,  0.282448
0.5840,  0.283326
0.5845,  0.287462
0.5850,  0.273975
0.5855,  0.260419
0.5860,  0.277585
0.5865,  0.294494
0.5870,  0.305975
0.5875,  0.324468
0.5880,  0.322373
0.5885,  0.318555
0.5890,  0.300616
0.5895,  0.273870
0.5900,  0.326477
0.5905,  0.370932
0.5910,  0.358713
0.5915,  0.345287
0.5920,  0.343261
0.5925,  0.343485
0.5930,  0.336750
0.5935,  0.335858
0.5940,  0.330892
0.5945,  0.326287
0.5950,  0.330205
0.5955,  0.329443
0.5960,  0.331966
0.5965,  0.335409
0.5970,  0.324976
0.5975,  0.313672
0.5980,  0.302847
0.5985,  0.296014
0.5990,  0.300470
0.5995,  0.305985
0.6000,  0.301500
0.6005,  0.298806
0.6010,  0.302194
0.6015,  0.303169
0.6020,  0.291311
0.6025,  0.275787
0.6030,  0.284427
0.6035,  0.296368
0.6040,  0.294238
0.6045,  0.296495
0.6050,  0.296224
0.6055,  0.296409
0.6060,  0.296874
0.6065,  0.297646
0.6070,  0.295686
0.6075,  0.293806
0.6080,  0.288989
0.6085,  0.287442
0.6090,  0.291350
0.6095,  0.297974
0.6100,  0.290977
0.6105,  0.281830
0.6110,  0.292259
0.6115,  0.303097
0.6120,  0.293850
0.6125,  0.284950
0.6130,  0.282315
0.6135,  0.279731
0.6140,  0.290843
0.6145,  0.299459
0.6150,  0.304073
0.6155,  0.310938
0.6160,  0.288895
0.6165,  0.260576
0.6170,  0.282310
0.6175,  0.304027
0.6180,  0.307460
0.6185,  0.311033
0.6190,  0.307697
0.6195,  0.304817
0.6200,  0.314161
0.6205,  0.321373
0.6210,  0.309954
0.6215,  0.298552
0.6220,  0.305511
0.6225,  0.313707
0.6230,  0.301468
0.6235,  0.295213
0.6240,  0.302001
0.6245,  0.301947
0.6250,  0.299220
0.6255,  0.296298
0.6260,  0.315463
0.6265,  0.332334
0.6270,  0.331450
0.6275,  0.331387
0.6280,  0.334030
0.6285,  0.337753
0.6290,  0.336167
0.6295,  0.334147
0.6300,  0.330315
0.6305,  0.324255
0.6310,  0.320317
0.6315,  0.323562
0.6320,  0.323708
0.6325,  0.323102
0.6330,  0.321586
0.6335,  0.319667
0.6340,  0.319160
0.6345,  0.320887
0.6350,  0.322615
0.6355,  0.322523
0.6360,  0.320942
0.6365,  0.320437
0.6370,  0.318281
0.6375,  0.316823
0.6380,  0.315202
0.6385,  0.313255
0.6390,  0.312623
0.6395,  0.305509
0.6400,  0.301479
0.6405,  0.297492
0.6410,  0.295858
0.6415,  0.301230
0.6420,  0.304550
0.6425,  0.307458
0.6430,  0.306883
0.6435,  0.305681
0.6440,  0.304566
0.6445,  0.307413
0.6450,  0.314831
0.6455,  0.320601
0.6460,  0.329260
0.6465,  0.338077
0.6470,  0.343784
0.6475,  0.346688
0.6480,  0.346916
0.6485,  0.346975
0.6490,  0.341319
0.6495,  0.343838
0.6500,  0.344194
0.6505,  0.346539
0.6510,  0.352807
0.6515,  0.353132
0.6520,  0.350815
0.6525,  0.347491
0.6530,  0.347151
0.6535,  0.340614
0.6540,  0.337053
0.6545,  0.337618
0.6550,  0.341849
0.6555,  0.340132
0.6560,  0.335353
0.6565,  0.315224
0.6570,  0.281768
0.6575,  0.288686
0.6580,  0.296740
0.6585,  0.305542
0.6590,  0.317379
0.6595,  0.313230
0.6600,  0.308060
0.6605,  0.303620
0.6610,  0.299741
0.6615,  0.295244
0.6620,  0.291419
0.6625,  0.287843
0.6630,  0.285267
0.6635,  0.288352
0.6640,  0.292367
0.6645,  0.297071
0.6650,  0.300942
0.6655,  0.300774
0.6660,  0.298638
0.6665,  0.296064
0.6670,  0.295272
0.6675,  0.292841
0.6680,  0.289240
0.6685,  0.289127
0.6690,  0.289944
0.6695,  0.288607
0.6700,  0.290835
0.6705,  0.296957
0.6710,  0.301417
0.6715,  0.307103
0.6720,  0.309646
0.6725,  0.311681
0.6730,  0.308654
0.6735,  0.300702
0.6740,  0.299947
0.6745,  0.295963
0.6750,  0.293284
0.6755,  0.291235
0.6760,  0.292078
0.6765,  0.295551
0.6770,  0.299624
0.6775,  0.298847
0.6780,  0.301388
0.6785,  0.302051
0.6790,  0.300108
0.6795,  0.298018
0.6800,  0.298818
0.6805,  0.300104
0.6810,  0.300891
0.6815,  0.296205
0.6820,  0.292034
0.6825,  0.291972
0.6830,  0.297976
0.6835,  0.303270
0.6840,  0.308711
0.6845,  0.316722
0.6850,  0.322614
0.6855,  0.342350
0.6860,  0.373556
0.6865,  0.412054
0.6870,  0.445658
0.6875,  0.466360
0.6880,  0.469434
0.6885,  0.463078
0.6890,  0.456206
0.6895,  0.449043
0.6900,  0.440174
0.6905,  0.433325
0.6910,  0.429173
0.6915,  0.430989
0.6920,  0.436243
0.6925,  0.440856
0.6930,  0.450294
0.6935,  0.450922
0.6940,  0.449374
0.6945,  0.446923
0.6950,  0.444718
0.6955,  0.431823
0.6960,  0.415985
0.6965,  0.401698
0.6970,  0.390878
0.6975,  0.389717
0.6980,  0.400926
0.6985,  0.413359
0.6990,  0.428864
0.6995,  0.434302
0.7000,  0.437701
0.7005,  0.435341
0.7010,  0.431245
0.7015,  0.431654
0.7020,  0.428163
0.7025,  0.420379
0.7030,  0.412823
0.7035,  0.412079
0.7040,  0.413804
0.7045,  0.414263
0.7050,  0.421489
0.7055,  0.422810
0.7060,  0.421009
0.7065,  0.413706
0.7070,  0.405063
0.7075,  0.393735
0.7080,  0.389647
0.7085,  0.386430
0.7090,  0.382905
0.7095,  0.385775
0.7100,  0.385882
0.7105,  0.385285
0.7110,  0.386366
0.7115,  0.385713
0.7120,  0.390725
0.7125,  0.396179
0.7130,  0.396396
0.7135,  0.403864
0.7140,  0.410038
0.7145,  0.419512
0.7150,  0.431863
0.7155,  0.447676
0.7160,  0.481837
0.7165,  0.530111
0.7170,  0.590168
0.7175,  0.646483
0.7180,  0.697904
0.7185,  0.738760
0.7190,  0.766716
0.7195,  0.787714
0.7200,  0.780016
0.7205,  0.745063
0.7210,  0.687866
0.7215,  0.635481
0.7220,  0.617888
0.7225,  0.620286
0.7230,  0.642919
0.7235,  0.668632
0.7240,  0.690808
0.7245,  0.707321
0.7250,  0.720811
0.7255,  0.729081
0.7260,  0.730617
0.7265,  0.731743
0.7270,  0.734683
0.7275,  0.732218
0.7280,  0.731123
0.7285,  0.732127
0.7290,  0.722937
0.7295,  0.715755
0.7300,  0.701932
0.7305,  0.693986
0.7310,  0.682865
0.7315,  0.659676
0.7320,  0.625740
0.7325,  0.587145
0.7330,  0.547864
0.7335,  0.523676
0.7340,  0.505002
0.7345,  0.493573
0.7350,  0.491955
0.7355,  0.494942
0.7360,  0.492664
0.7365,  0.488902
0.7370,  0.479227
0.7375,  0.464019
0.7380,  0.459041
0.7385,  0.454483
0.7390,  0.451159
0.7395,  0.452907
0.7400,  0.449619
0.7405,  0.438651
0.7410,  0.432712
0.7415,  0.433572
0.7420,  0.435069
0.7425,  0.432492
0.7430,  0.427792
0.7435,  0.413407
0.7440,  0.409120
0.7445,  0.409979
0.7450,  0.405831
0.7455,  0.407232
0.7460,  0.413163
0.7465,  0.419102
0.7470,  0.427685
0.7475,  0.426309
0.7480,  0.428132
0.7485,  0.429742
0.7490,  0.420176
0.7495,  0.416867
0.7500,  0.413198
0.7505,  0.415542
0.7510,  0.414111
0.7515,  0.408394
0.7520,  0.403777
0.7525,  0.404125
0.7530,  0.403382
0.7535,  0.403479
0.7540,  0.407002
0.7545,  0.407184
0.7550,  0.404736
0.7555,  0.404320
0.7560,  0.403727
0.7565,  0.405756
0.7570,  0.409751
0.7575,  0.414611
0.7580,  0.442927
0.7585,  0.511799
0.7590,  0.639803
0.7595,  0.833992
0.7600,  1.077602
0.7605,  1.279747
0.7610,  1.366600
0.7615,  1.352664
0.7620,  1.311128
0.7625,  1.281208
0.7630,  1.267655
0.7635,  1.248407
0.7640,  1.194384
0.7645,  1.108516
0.7650,  1.008727
0.7655,  0.917243
0.7660,  0.819214
0.7665,  0.728008
0.7670,  0.653758
0.7675,  0.603310
0.7680,  0.563642
0.7685,  0.539994
0.7690,  0.523195
0.7695,  0.507721
0.7700,  0.495519
0.7705,  0.486661
0.7710,  0.478031
0.7715,  0.479638
0.7720,  0.472239
0.7725,  0.463686
0.7730,  0.457709
0.7735,  0.457325
0.7740,  0.457196
0.7745,  0.452721
0.7750,  0.447005
0.7755,  0.451639
0.7760,  0.450195
0.7765,  0.453066
0.7770,  0.460845
0.7775,  0.453940
0.7780,  0.442780
0.7785,  0.440617
0.7790,  0.435605
0.7795,  0.442176
0.7800,  0.451828
0.7805,  0.462358
0.7810,  0.473391
0.7815,  0.467698
0.7820,  0.460580
0.7825,  0.457202
0.7830,  0.462144
0.7835,  0.468850
0.7840,  0.471627
0.7845,  0.471517
0.7850,  0.478189
0.7855,  0.478966
0.7860,  0.479825
0.7865,  0.490215
0.7870,  0.497537
0.7875,  0.506813
0.7880,  0.505221
0.7885,  0.519556
0.7890,  0.534383
0.7895,  0.550831
0.7900,  0.557132
0.7905,  0.565768
0.7910,  0.567759
0.7915,  0.569280
0.7920,  0.576438
0.7925,  0.580050
0.7930,  0.572167
0.7935,  0.560923
0.7940,  0.551221
0.7945,  0.551125
0.7950,  0.552841
0.7955,  0.565066
0.7960,  0.570760
0.7965,  0.566514
0.7970,  0.560080
0.7975,  0.561863
0.7980,  0.563387
0.7985,  0.572469
0.7990,  0.586818
0.7995,  0.585727
0.8000,  0.592046
0.8005,  0.596269
0.8010,  0.590701
0.8015,  0.588831
0.8020,  0.594909
0.8025,  0.598839
0.8030,  0.598037
0.8035,  0.595329
0.8040,  0.594793
0.8045,  0.586588
0.8050,  0.584080
0.8055,  0.581745
0.8060,  0.572023
0.8065,  0.572390
0.8070,  0.575555
0.8075,  0.578232
0.8080,  0.578421
0.8085,  0.583425
0.8090,  0.591793
0.8095,  0.620722
0.8100,  0.642721
0.8105,  0.672621
0.8110,  0.683826
0.8115,  0.695802
0.8120,  0.723408
0.8125,  0.754282
0.8130,  0.809879
0.8135,  0.875493
0.8140,  0.930966
0.8145,  0.996833
0.8150,  1.068919
0.8155,  1.119072
0.8160,  1.173820
0.8165,  1.239330
0.8170,  1.252940
0.8175,  1.231092
0.8180,  1.176930
0.8185,  1.116692
0.8190,  1.071358
0.8195,  1.049028
0.8200,  1.001474
0.8205,  0.932669
0.8210,  0.919263
0.8215,  0.955455
0.8220,  1.017933
0.8225,  1.092459
0.8230,  1.137584
0.8235,  1.120606
0.8240,  1.059735
0.8245,  0.985986
0.8250,  0.946387
0.8255,  0.919707
0.8260,  0.919017
0.8265,  0.917056
0.8270,  0.941414
0.8275,  0.965359
0.8280,  0.983317
0.8285,  0.976908
0.8290,  0.983885
0.8295,  0.979806
0.8300,  0.965348
0.8305,  0.960891
0.8310,  0.949236
0.8315,  0.936087
0.8320,  0.923341
0.8325,  0.940945
0.8330,  0.935969
0.8335,  0.915744
0.8340,  0.885027
0.8345,  0.865625
0.8350,  0.834713
0.8355,  0.800571
0.8360,  0.777299
0.8365,  0.773261
0.8370,  0.767009
0.8375,  0.755425
0.8380,  0.751426
0.8385,  0.760870
0.8390,  0.740325
0.8395,  0.707610
0.8400,  0.685185
0.8405,  0.679083
0.8410,  0.681257
0.8415,  0.691189
0.8420,  0.690399
0.8425,  0.697127
0.8430,  0.718358
0.8435,  0.719019
0.8440,  0.706052
0.8445,  0.708780
0.8450,  0.698849
0.8455,  0.682418
0.8460,  0.680685
0.8465,  0.689864
0.8470,  0.694360
0.8475,  0.714246
0.8480,  0.712912
0.8485,  0.716758
0.8490,  0.714381
0.8495,  0.716983
0.8500,  0.732791
0.8505,  0.783061
0.8510,  0.792768
0.8515,  0.784631
0.8520,  0.780513
0.8525,  0.761674
0.8530,  0.758027
0.8535,  0.771170
0.8540,  0.774267
0.8545,  0.802093
0.8550,  0.782619
0.8555,  0.774366
0.8560,  0.766736
0.8565,  0.771165
0.8570,  0.761820
0.8575,  0.754041
0.8580,  0.749838
0.8585,  0.755276
0.8590,  0.774357
0.8595,  0.776556
0.8600,  0.754679
0.8605,  0.755030
0.8610,  0.745689
0.8615,  0.744865
0.8620,  0.744624
0.8625,  0.741689
0.8630,  0.743020
0.8635,  0.728404
0.8640,  0.736153
0.8645,  0.718811
0.8650,  0.729805
0.8655,  0.793946
0.8660,  0.825193
0.8665,  0.857299
0.8670,  0.864187
0.8675,  0.865975
0.8680,  0.869882
0.8685,  0.860464
0.8690,  0.846937
0.8695,  0.853043
0.8700,  0.869873
0.8705,  0.863610
0.8710,  0.853104
0.8715,  0.813234
0.8720,  0.817003
0.8725,  0.829177
0.8730,  0.858037
0.8735,  0.865674
0.8740,  0.914471
0.8745,  0.959890
0.8750,  1.008992
0.8755,  1.012312
0.8760,  0.978325
0.8765,  0.946723
0.8770,  0.917686
0.8775,  0.941798
0.8780,  0.950624
0.8785,  0.952648
0.8790,  0.988839
0.8795,  1.024346
0.8800,  1.030945
0.8805,  0.993358
0.8810,  0.968179
0.8815,  0.971933
0.8820,  0.968071
0.8825,  0.994637
0.8830,  1.022787
0.8835,  1.011680
0.8840,  1.020006
0.8845,  1.059211
0.8850,  1.045975
0.8855,  1.051581
0.8860,  1.070139
0.8865,  1.077782
0.8870,  1.064157
0.8875,  1.073097
0.8880,  1.065944
0.8885,  1.077784
0.8890,  1.094508
0.8895,  1.097262
0.8900,  1.122344
