0.3500,  -0.029887
0.3505,  0.018748
0.3510,  -0.000362
0.3515,  -0.016479
0.3520,  -0.036702
0.3525,  -0.059543
0.3530,  -0.028677
0.3535,  -0.006157
0.3540,  0.008939
0.3545,  0.028709
0.3550,  0.010068
0.3555,  -0.002854
0.3560,  -0.033138
0.3565,  -0.054380
0.3570,  -0.079980
0.3575,  -0.109522
0.3580,  -0.140247
0.3585,  -0.181271
0.3590,  -0.058262
0.3595,  0.040664
0.3600,  0.027564
0.3605,  0.015437
0.3610,  -0.017177
0.3615,  -0.053755
0.3620,  -0.022442
0.3625,  0.009534
0.3630,  0.001960
0.3635,  -0.007275
0.3640,  -0.014604
0.3645,  -0.025043
0.3650,  -0.003577
0.3655,  0.019041
0.3660,  0.027965
0.3665,  0.038839
0.3670,  0.020166
0.3675,  0.002244
0.3680,  -0.020791
0.3685,  -0.047181
0.3690,  -0.015142
0.3695,  0.019598
0.3700,  -0.000746
0.3705,  -0.023752
0.3710,  -0.008316
0.3715,  0.010001
0.3720,  -0.007359
0.3725,  -0.024264
0.3730,  -0.045581
0.3735,  -0.070573
0.3740,  -0.064383
0.3745,  -0.063377
0.3750,  -0.005979
0.3755,  0.041343
0.3760,  0.034427
0.3765,  0.020598
0.3770,  0.053334
0.3775,  0.083728
0.3780,  0.079556
0.3785,  0.082451
0.3790,  0.014608
0.3795,  -0.059148
0.3800,  -0.017865
0.3805,  0.024348
0.3810,  0.002176
0.3815,  -0.011648
0.3820,  -0.071864
0.3825,  -0.147822
0.3830,  -0.164475
0.3835,  -0.190497
0.3840,  -0.066995
0.3845,  0.027386
0.3850,  0.034385
0.3855,  0.040727
0.3860,  0.029640
0.3865,  0.021352
0.3870,  0.017750
0.3875,  0.014198
0.3880,  0.001318
0.3885,  -0.014821
0.3890,  0.029808
0.3895,  0.064157
0.3900,  0.063304
0.3905,  0.063462
0.3910,  0.074037
0.3915,  0.092977
0.3920,  0.021554
0.3925,  -0.046824
0.3930,  -0.167781
0.3935,  -0.342086
0.3940,  -0.129147
0.3945,  0.022299
0.3950,  0.098436
0.3955,  0.168498
0.3960,  0.052603
0.3965,  -0.094163
0.3970,  -0.079786
0.3975,  -0.081243
0.3980,  0.056297
0.3985,  0.151776
0.3990,  0.139470
0.3995,  0.132100
0.4000,  0.108460
0.4005,  0.087675
0.4010,  0.078538
0.4015,  0.073416
0.4020,  0.061568
0.4025,  0.054089
0.4030,  0.035842
0.4035,  0.017567
0.4040,  0.013519
0.4045,  0.015568
0.4050,  0.019794
0.4055,  0.022775
0.4060,  0.011126
0.4065,  -0.000933
0.4070,  0.007289
0.4075,  0.013227
0.4080,  0.031527
0.4085,  0.048781
0.4090,  0.042835
0.4095,  0.038112
0.4100,  0.004079
0.4105,  -0.034294
0.4110,  0.015596
0.4115,  0.059099
0.4120,  0.048270
0.4125,  0.037529
0.4130,  0.028056
0.4135,  0.021581
0.4140,  0.016584
0.4145,  0.012385
0.4150,  0.012795
0.4155,  0.013143
0.4160,  0.031296
0.4165,  0.052254
0.4170,  0.025904
0.4175,  -0.005244
0.4180,  -0.000849
0.4185,  0.005869
0.4190,  0.009853
0.4195,  0.011055
0.4200,  0.021266
0.4205,  0.030653
0.4210,  0.036950
0.4215,  0.045541
0.4220,  0.013633
0.4225,  -0.022193
0.4230,  0.005676
0.4235,  0.033206
0.4240,  0.039767
0.4245,  0.045165
0.4250,  0.032920
0.4255,  0.020161
0.4260,  0.021986
0.4265,  0.029925
0.4270,  0.009254
0.4275,  -0.011085
0.4280,  -0.000686
0.4285,  0.009710
0.4290,  0.000659
0.4295,  -0.004795
0.4300,  -0.065334
0.4305,  -0.141796
0.4310,  -0.006147
0.4315,  0.095131
0.4320,  0.072363
0.4325,  0.048849
0.4330,  0.052344
0.4335,  0.057734
0.4340,  0.038223
0.4345,  0.022230
0.4350,  0.024672
0.4355,  0.026380
0.4360,  0.056797
0.4365,  0.085639
0.4370,  0.063783
0.4375,  0.046577
0.4380,  0.010144
0.4385,  -0.033663
0.4390,  0.015053
0.4395,  0.057520
0.4400,  0.034521
0.4405,  0.010013
0.4410,  0.041135
0.4415,  0.068224
0.4420,  0.067973
0.4425,  0.069287
0.4430,  0.052950
0.4435,  0.037915
0.4440,  0.046900
0.4445,  0.057633
0.4450,  0.033228
0.4455,  0.005144
0.4460,  0.013936
0.4465,  0.022584
0.4470,  0.049645
0.4475,  0.074256
0.4480,  0.055876
0.4485,  0.034494
0.4490,  0.036302
0.4495,  0.039146
0.4500,  0.050683
0.4505,  0.061882
0.4510,  0.052909
0.4515,  0.048381
0.4520,  0.026116
0.4525,  0.005977
0.4530,  0.014694
0.4535,  0.023059
0.4540,  0.029622
0.4545,  0.032797
0.4550,  0.040802
0.4555,  0.047929
0.4560,  0.050376
0.4565,  0.053452
0.4570,  0.055831
0.4575,  0.060674
0.4580,  0.043690
0.4585,  0.024763
0.4590,  0.031569
0.4595,  0.036303
0.4600,  0.039579
0.4605,  0.042591
0.4610,  0.043272
0.4615,  0.042206
0.4620,  0.047813
0.4625,  0.054804
0.4630,  0.043662
0.4635,  0.036105
0.4640,  0.031694
0.4645,  0.028271
0.4650,  0.044610
0.4655,  0.060256
0.4660,  0.044972
0.4665,  0.029875
0.4670,  0.046960
0.4675,  0.059694
0.4680,  0.055692
0.4685,  0.052431
0.4690,  0.055146
0.4695,  0.059300
0.4700,  0.045762
0.4705,  0.026478
0.4710,  0.050439
0.4715,  0.073051
0.4720,  0.072309
0.4725,  0.073379
0.4730,  0.065645
0.4735,  0.056356
0.4740,  0.062731
0.4745,  0.071830
0.4750,  0.067673
0.4755,  0.063189
0.4760,  0.055145
0.4765,  0.046444
0.4770,  0.065091
0.4775,  0.081517
0.4780,  0.068828
0.4785,  0.055763
0.4790,  0.065272
0.4795,  0.075532
0.4800,  0.069554
0.4805,  0.064215
0.4810,  0.072386
0.4815,  0.078212
0.4820,  0.067388
0.4825,  0.060127
0.4830,  0.062873
0.4835,  0.067287
0.4840,  0.065517
0.4845,  0.067458
0.4850,  0.057555
0.4855,  0.049699
0.4860,  0.027268
0.4865,  -0.004906
0.4870,  0.032796
0.4875,  0.064815
0.4880,  0.073016
0.4885,  0.079058
0.4890,  0.077826
0.4895,  0.078790
0.4900,  0.081323
0.4905,  0.086245
0.4910,  0.069412
0.4915,  0.053959
0.4920,  0.056318
0.4925,  0.056925
0.4930,  0.053324
0.4935,  0.047904
0.4940,  0.072433
0.4945,  0.095356
0.4950,  0.071333
0.4955,  0.048660
0.4960,  0.063403
0.4965,  0.077813
0.4970,  0.080361
0.4975,  0.083419
0.4980,  0.061201
0.4985,  0.037841
0.4990,  0.057993
0.4995,  0.077973
0.5000,  0.063321
0.5005,  0.048168
0.5010,  0.043942
0.5015,  0.037079
0.5020,  0.050613
0.5025,  0.063418
0.5030,  0.070642
0.5035,  0.076764
0.5040,  0.065603
0.5045,  0.053091
0.5050,  0.068374
0.5055,  0.083522
0.5060,  0.075121
0.5065,  0.068793
0.5070,  0.061394
0.5075,  0.053184
0.5080,  0.055681
0.5085,  0.057214
0.5090,  0.056177
0.5095,  0.055232
0.5100,  0.059650
0.5105,  0.063118
0.5110,  0.069851
0.5115,  0.077251
0.5120,  0.057849
0.5125,  0.039814
0.5130,  0.042831
0.5135,  0.045409
0.5140,  0.051428
0.5145,  0.055753
0.5150,  0.062375
0.5155,  0.073760
0.5160,  0.046276
0.5165,  0.016901
0.5170,  0.037031
0.5175,  0.053786
0.5180,  0.041656
0.5185,  0.024245
0.5190,  0.050550
0.5195,  0.074432
0.5200,  0.066624
0.5205,  0.059550
0.5210,  0.067144
0.5215,  0.076476
0.5220,  0.060396
0.5225,  0.045028
0.5230,  0.054769
0.5235,  0.060661
0.5240,  0.066471
0.5245,  0.075545
0.5250,  0.073243
0.5255,  0.074073
0.5260,  0.038828
0.5265,  -0.000336
0.5270,  0.029696
0.5275,  0.054024
0.5280,  0.059855
0.5285,  0.064224
0.5290,  0.062872
0.5295,  0.061810
0.5300,  0.063320
0.5305,  0.065864
0.5310,  0.066542
0.5315,  0.070676
0.5320,  0.044456
0.5325,  0.016062
0.5330,  0.046480
0.5335,  0.072334
0.5340,  0.059769
0.5345,  0.045250
0.5350,  0.063645
0.5355,  0.082467
0.5360,  0.063049
0.5365,  0.044307
0.5370,  0.047209
0.5375,  0.049447
0.5380,  0.054823
0.5385,  0.062258
0.5390,  0.055714
0.5395,  0.047900
0.5400,  0.040219
0.5405,  0.031462
0.5410,  0.051595
0.5415,  0.069961
0.5420,  0.059616
0.5425,  0.048366
0.5430,  0.055160
0.5435,  0.061121
0.5440,  0.059089
0.5445,  0.059146
0.5450,  0.063217
0.5455,  0.065673
0.5460,  0.062932
0.5465,  0.059993
0.5470,  0.053613
0.5475,  0.046827
0.5480,  0.051860
0.5485,  0.055435
0.5490,  0.059706
0.5495,  0.063847
0.5500,  0.058291
0.5505,  0.054240
0.5510,  0.056486
0.5515,  0.058509
0.5520,  0.056276
0.5525,  0.052292
0.5530,  0.056991
0.5535,  0.062867
0.5540,  0.063709
0.5545,  0.064896
0.5550,  0.066030
0.5555,  0.068705
0.5560,  0.059001
0.5565,  0.050023
0.5570,  0.057634
0.5575,  0.066173
0.5580,  0.060061
0.5585,  0.053305
0.5590,  0.058497
0.5595,  0.062257
0.5600,  0.066724
0.5605,  0.070115
0.5610,  0.065603
0.5615,  0.061077
0.5620,  0.064311
0.5625,  0.069532
0.5630,  0.072507
0.5635,  0.074176
0.5640,  0.073482
0.5645,  0.073414
0.5650,  0.066883
0.5655,  0.059763
0.5660,  0.064229
0.5665,  0.068561
0.5670,  0.077603
0.5675,  0.087350
0.5680,  0.075408
0.5685,  0.063782
0.5690,  0.074680
0.5695,  0.085877
0.5700,  0.072569
0.5705,  0.057064
0.5710,  0.064109
0.5715,  0.068270
0.5720,  0.074968
0.5725,  0.081759
0.5730,  0.077702
0.5735,  0.074784
0.5740,  0.073824
0.5745,  0.073700
0.5750,  0.068401
0.5755,  0.062419
0.5760,  0.064991
0.5765,  0.067818
0.5770,  0.071248
0.5775,  0.074986
0.5780,  0.063315
0.5785,  0.050763
0.5790,  0.058149
0.5795,  0.063666
0.5800,  0.062435
0.5805,  0.062114
0.5810,  0.063521
0.5815,  0.065620
0.5820,  0.067461
0.5825,  0.067682
0.5830,  0.063220
0.5835,  0.062600
0.5840,  0.063493
0.5845,  0.067997
0.5850,  0.059827
0.5855,  0.050173
0.5860,  0.060853
0.5865,  0.070146
0.5870,  0.076284
0.5875,  0.086512
0.5880,  0.080753
0.5885,  0.073785
0.5890,  0.055811
0.5895,  0.032058
0.5900,  0.068956
0.5905,  0.101459
0.5910,  0.092781
0.5915,  0.084055
0.5920,  0.082841
0.5925,  0.083200
0.5930,  0.080027
0.5935,  0.078718
0.5940,  0.076114
0.5945,  0.073394
0.5950,  0.076548
0.5955,  0.077589
0.5960,  0.079477
0.5965,  0.081941
0.5970,  0.076818
0.5975,  0.072575
0.5980,  0.067701
0.5985,  0.065118
0.5990,  0.071160
0.5995,  0.076374
0.6000,  0.072696
0.6005,  0.069421
0.6010,  0.071363
0.6015,  0.070864
0.6020,  0.061750
0.6025,  0.051967
0.6030,  0.060616
0.6035,  0.071073
0.6040,  0.071293
0.6045,  0.073736
0.6050,  0.075069
0.6055,  0.073617
0.6060,  0.071113
0.6065,  0.069023
0.6070,  0.069291
0.6075,  0.070744
0.6080,  0.070010
0.6085,  0.070921
0.6090,  0.076299
0.6095,  0.077621
0.6100,  0.070702
0.6105,  0.062842
0.6110,  0.069840
0.6115,  0.078084
0.6120,  0.071063
0.6125,  0.064741
0.6130,  0.063811
0.6135,  0.061185
0.6140,  0.067180
0.6145,  0.074576
0.6150,  0.077121
0.6155,  0.079298
0.6160,  0.060593
0.6165,  0.038588
0.6170,  0.055247
0.6175,  0.074456
0.6180,  0.079272
0.6185,  0.083557
0.6190,  0.082402
0.6195,  0.078306
0.6200,  0.080762
0.6205,  0.084063
0.6210,  0.075726
0.6215,  0.067379
0.6220,  0.073264
0.6225,  0.082089
0.6230,  0.077349
0.6235,  0.073993
0.6240,  0.076710
0.6245,  0.076740
0.6250,  0.071445
0.6255,  0.065540
0.6260,  0.076115
0.6265,  0.088373
0.6270,  0.089709
0.6275,  0.092638
0.6280,  0.094368
0.6285,  0.096684
0.6290,  0.096864
0.6295,  0.096012
0.6300,  0.092276
0.6305,  0.087409
0.6310,  0.081868
0.6315,  0.079759
0.6320,  0.076551
0.6325,  0.077378
0.6330,  0.079171
0.6335,  0.081026
0.6340,  0.082980
0.6345,  0.084839
0.6350,  0.085969
0.6355,  0.085363
0.6360,  0.083640
0.6365,  0.082066
0.6370,  0.079482
0.6375,  0.078835
0.6380,  0.080410
0.6385,  0.083007
0.6390,  0.084593
0.6395,  0.082653
0.6400,  0.080843
0.6405,  0.075970
0.6410,  0.071129
0.6415,  0.070797
0.6420,  0.070563
0.6425,  0.070378
0.6430,  0.070001
0.6435,  0.071124
0.6440,  0.072780
0.6445,  0.078623
0.6450,  0.084656
0.6455,  0.086252
0.6460,  0.086815
0.6465,  0.086632
0.6470,  0.085545
0.6475,  0.082387
0.6480,  0.079802
0.6485,  0.079007
0.6490,  0.076525
0.6495,  0.079568
0.6500,  0.082580
0.6505,  0.086606
0.6510,  0.092459
0.6515,  0.090661
0.6520,  0.087711
0.6525,  0.085869
0.6530,  0.083879
0.6535,  0.077919
0.6540,  0.076352
0.6545,  0.080305
0.6550,  0.088491
0.6555,  0.089065
0.6560,  0.080847
0.6565,  0.061513
0.6570,  0.036417
0.6575,  0.043560
0.6580,  0.051257
0.6585,  0.060910
0.6590,  0.070744
0.6595,  0.065514
0.6600,  0.062628
0.6605,  0.058743
0.6610,  0.057572
0.6615,  0.056592
0.6620,  0.056970
0.6625,  0.058767
0.6630,  0.059349
0.6635,  0.062100
0.6640,  0.062047
0.6645,  0.062880
0.6650,  0.062090
0.6655,  0.058235
0.6660,  0.055351
0.6665,  0.054319
0.6670,  0.052592
0.6675,  0.053454
0.6680,  0.053286
0.6685,  0.054831
0.6690,  0.056669
0.6695,  0.054735
0.6700,  0.054117
0.6705,  0.052939
0.6710,  0.053092
0.6715,  0.054378
0.6720,  0.053081
0.6725,  0.053026
0.6730,  0.052527
0.6735,  0.051219
0.6740,  0.050057
0.6745,  0.049338
0.6750,  0.049905
0.6755,  0.053051
0.6760,  0.055712
0.6765,  0.058336
0.6770,  0.059459
0.6775,  0.058038
0.6780,  0.055311
0.6785,  0.051538
0.6790,  0.050616
0.6795,  0.049812
0.6800,  0.049406
0.6805,  0.050391
0.6810,  0.052131
0.6815,  0.053799
0.6820,  0.056237
0.6825,  0.058286
0.6830,  0.059274
0.6835,  0.060383
0.6840,  0.059434
0.6845,  0.060343
0.6850,  0.063351
0.6855,  0.079536
0.6860,  0.103810
0.6865,  0.130508
0.6870,  0.150528
0.6875,  0.155090
0.6880,  0.152103
0.6885,  0.146090
0.6890,  0.142246
0.6895,  0.136435
0.6900,  0.131002
0.6905,  0.123391
0.6910,  0.118242
0.6915,  0.111455
0.6920,  0.106538
0.6925,  0.105466
0.6930,  0.108892
0.6935,  0.110072
0.6940,  0.111998
0.6945,  0.111482
0.6950,  0.107325
0.6955,  0.099882
0.6960,  0.091307
0.6965,  0.085717
0.6970,  0.081074
0.6975,  0.083003
0.6980,  0.086149
0.6985,  0.091079
0.6990,  0.096761
0.6995,  0.097689
0.7000,  0.097947
0.7005,  0.100498
0.7010,  0.099146
0.7015,  0.101326
0.7020,  0.100259
0.7025,  0.097350
0.7030,  0.092512
0.7035,  0.090361
0.7040,  0.092468
0.7045,  0.093265
0.7050,  0.095742
0.7055,  0.094403
0.7060,  0.092890
0.7065,  0.089629
0.7070,  0.088219
0.7075,  0.084841
0.7080,  0.082077
0.7085,  0.079925
0.7090,  0.075537
0.7095,  0.075137
0.7100,  0.075683
0.7105,  0.077003
0.7110,  0.079330
0.7115,  0.079631
0.7120,  0.078753
0.7125,  0.078266
0.7130,  0.081217
0.7135,  0.084140
0.7140,  0.088056
0.7145,  0.091601
0.7150,  0.097503
0.7155,  0.108939
0.7160,  0.128091
0.7165,  0.152132
0.7170,  0.175918
0.7175,  0.198459
0.7180,  0.218743
0.7185,  0.230851
0.7190,  0.237304
0.7195,  0.236980
0.7200,  0.225736
0.7205,  0.206517
0.7210,  0.185051
0.7215,  0.167534
0.7220,  0.164480
0.7225,  0.169544
0.7230,  0.181412
0.7235,  0.192079
0.7240,  0.203980
0.7245,  0.210942
0.7250,  0.213402
0.7255,  0.212712
0.7260,  0.210066
0.7265,  0.208131
0.7270,  0.206670
0.7275,  0.205002
0.7280,  0.204994
0.7285,  0.201190
0.7290,  0.195785
0.7295,  0.192984
0.7300,  0.188344
0.7305,  0.184605
0.7310,  0.180292
0.7315,  0.170590
0.7320,  0.157206
0.7325,  0.146138
0.7330,  0.135584
0.7335,  0.122412
0.7340,  0.114440
0.7345,  0.109368
0.7350,  0.106466
0.7355,  0.104223
0.7360,  0.103513
0.7365,  0.102559
0.7370,  0.102888
0.7375,  0.099603
0.7380,  0.097706
0.7385,  0.095486
0.7390,  0.090854
0.7395,  0.086764
0.7400,  0.080721
0.7405,  0.074866
0.7410,  0.071307
0.7415,  0.075284
0.7420,  0.077071
0.7425,  0.078544
0.7430,  0.080962
0.7435,  0.076304
0.7440,  0.075405
0.7445,  0.072426
0.7450,  0.068746
0.7455,  0.068544
0.7460,  0.067108
0.7465,  0.065794
0.7470,  0.069941
0.7475,  0.068308
0.7480,  0.067378
0.7485,  0.071480
0.7490,  0.074610
0.7495,  0.079234
0.7500,  0.081228
0.7505,  0.078912
0.7510,  0.077262
0.7515,  0.075690
0.7520,  0.073638
0.7525,  0.071351
0.7530,  0.070867
0.7535,  0.066013
0.7540,  0.065227
0.7545,  0.068084
0.7550,  0.071620
0.7555,  0.073232
0.7560,  0.074912
0.7565,  0.074166
0.7570,  0.073540
0.7575,  0.080370
0.7580,  0.101959
0.7585,  0.147190
0.7590,  0.228632
0.7595,  0.339785
0.7600,  0.453203
0.7605,  0.517607
0.7610,  0.529203
0.7615,  0.507557
0.7620,  0.495969
0.7625,  0.484989
0.7630,  0.464886
0.7635,  0.436181
0.7640,  0.398037
0.7645,  0.356263
0.7650,  0.308723
0.7655,  0.263072
0.7660,  0.221776
0.7665,  0.180997
0.7670,  0.150032
0.7675,  0.126546
0.7680,  0.111085
0.7685,  0.098926
0.7690,  0.093658
0.7695,  0.089467
0.7700,  0.083522
0.7705,  0.081140
0.7710,  0.076107
0.7715,  0.073808
0.7720,  0.077624
0.7725,  0.077657
0.7730,  0.079254
0.7735,  0.073830
0.7740,  0.078099
0.7745,  0.075659
0.7750,  0.074500
0.7755,  0.072066
0.7760,  0.070349
0.7765,  0.071235
0.7770,  0.071974
0.7775,  0.071410
0.7780,  0.072278
0.7785,  0.075063
0.7790,  0.071340
0.7795,  0.068669
0.7800,  0.065439
0.7805,  0.063022
0.7810,  0.062704
0.7815,  0.064245
0.7820,  0.066049
0.7825,  0.065858
0.7830,  0.067696
0.7835,  0.065022
0.7840,  0.064765
0.7845,  0.063583
0.7850,  0.063939
0.7855,  0.061053
0.7860,  0.061854
0.7865,  0.064786
0.7870,  0.067361
0.7875,  0.067444
0.7880,  0.073102
0.7885,  0.078113
0.7890,  0.083776
0.7895,  0.086803
0.7900,  0.086334
0.7905,  0.087454
0.7910,  0.085903
0.7915,  0.083254
0.7920,  0.083373
0.7925,  0.081973
0.7930,  0.080460
0.7935,  0.079112
0.7940,  0.076426
0.7945,  0.076370
0.7950,  0.074251
0.7955,  0.076502
0.7960,  0.083022
0.7965,  0.090136
0.7970,  0.090479
0.7975,  0.087459
0.7980,  0.084149
0.7985,  0.081000
0.7990,  0.076649
0.7995,  0.080567
0.8000,  0.088286
0.8005,  0.093796
0.8010,  0.100442
0.8015,  0.096177
0.8020,  0.089575
0.8025,  0.088374
0.8030,  0.093620
0.8035,  0.093006
0.8040,  0.090879
0.8045,  0.088188
0.8050,  0.088723
0.8055,  0.084745
0.8060,  0.081461
0.8065,  0.080501
0.8070,  0.084475
0.8075,  0.083633
0.8080,  0.079712
0.8085,  0.074690
0.8090,  0.073949
0.8095,  0.077286
0.8100,  0.085535
0.8105,  0.094136
0.8110,  0.104324
0.8115,  0.114339
0.8120,  0.124087
0.8125,  0.135275
0.8130,  0.147532
0.8135,  0.160880
0.8140,  0.174733
0.8145,  0.190636
0.8150,  0.205176
0.8155,  0.218569
0.8160,  0.230777
0.8165,  0.240657
0.8170,  0.242251
0.8175,  0.238153
0.8180,  0.228553
0.8185,  0.219915
0.8190,  0.202155
0.8195,  0.186377
0.8200,  0.167479
0.8205,  0.153575
0.8210,  0.151956
0.8215,  0.167738
0.8220,  0.193584
0.8225,  0.220186
0.8230,  0.224099
0.8235,  0.210553
0.8240,  0.189546
0.8245,  0.167003
0.8250,  0.156763
0.8255,  0.152187
0.8260,  0.157143
0.8265,  0.155886
0.8270,  0.158393
0.8275,  0.166877
0.8280,  0.180920
0.8285,  0.182381
0.8290,  0.179024
0.8295,  0.172977
0.8300,  0.166105
0.8305,  0.162064
0.8310,  0.153541
0.8315,  0.149796
0.8320,  0.148586
0.8325,  0.152644
0.8330,  0.147565
0.8335,  0.139722
0.8340,  0.135202
0.8345,  0.129516
0.8350,  0.124541
0.8355,  0.120415
0.8360,  0.110536
0.8365,  0.101765
0.8370,  0.098739
0.8375,  0.097774
0.8380,  0.088601
0.8385,  0.087635
0.8390,  0.084158
0.8395,  0.083405
0.8400,  0.080662
0.8405,  0.074807
0.8410,  0.072959
0.8415,  0.074551
0.8420,  0.069657
0.8425,  0.071318
0.8430,  0.070082
0.8435,  0.068669
0.8440,  0.062007
0.8445,  0.060003
0.8450,  0.063767
0.8455,  0.063557
0.8460,  0.063089
0.8465,  0.068158
0.8470,  0.070256
0.8475,  0.067235
0.8480,  0.068325
0.8485,  0.062607
0.8490,  0.053988
0.8495,  0.049879
0.8500,  0.039571
0.8505,  0.045407
0.8510,  0.047161
0.8515,  0.052802
0.8520,  0.062044
0.8525,  0.057123
0.8530,  0.052326
0.8535,  0.044764
0.8540,  0.028589
0.8545,  0.044444
0.8550,  0.046308
0.8555,  0.054900
0.8560,  0.062166
0.8565,  0.058829
0.8570,  0.066419
0.8575,  0.066142
0.8580,  0.066979
0.8585,  0.063500
0.8590,  0.052661
0.8595,  0.042860
0.8600,  0.039588
0.8605,  0.045006
0.8610,  0.045898
0.8615,  0.041612
0.8620,  0.034913
0.8625,  0.046193
0.8630,  0.050803
0.8635,  0.053557
0.8640,  0.062912
0.8645,  0.059723
0.8650,  0.048454
0.8655,  0.040749
0.8660,  0.029773
0.8665,  0.035670
0.8670,  0.039511
0.8675,  0.043733
0.8680,  0.045042
0.8685,  0.051397
0.8690,  0.061768
0.8695,  0.067477
0.8700,  0.069376
0.8705,  0.058270
0.8710,  0.057873
0.8715,  0.058679
0.8720,  0.062141
0.8725,  0.067226
0.8730,  0.073000
0.8735,  0.067170
0.8740,  0.072166
0.8745,  0.070727
0.8750,  0.068545
0.8755,  0.064102
0.8760,  0.062324
0.8765,  0.060507
0.8770,  0.058624
0.8775,  0.058909
0.8780,  0.064577
0.8785,  0.065175
0.8790,  0.065954
0.8795,  0.074515
0.8800,  0.076009
0.8805,  0.067303
0.8810,  0.052459
0.8815,  0.046077
0.8820,  0.044510
0.8825,  0.039496
0.8830,  0.033128
0.8835,  0.026515
0.8840,  0.032190
0.8845,  0.042789
0.8850,  0.060293
0.8855,  0.064645
0.8860,  0.071044
0.8865,  0.068360
0.8870,  0.053505
0.8875,  0.047644
0.8880,  0.038764
0.8885,  0.032947
0.8890,  0.046940
0.8895,  0.064076
0.8900,  0.077229
