0.3500,  0.377387
0.3505,  0.421993
0.3510,  0.384058
0.3515,  0.336871
0.3520,  0.293316
0.3525,  0.251175
0.3530,  0.282810
0.3535,  0.314402
0.3540,  0.333095
0.3545,  0.358131
0.3550,  0.340659
0.3555,  0.334958
0.3560,  0.307309
0.3565,  0.288807
0.3570,  0.272280
0.3575,  0.241106
0.3580,  0.200254
0.3585,  0.145491
0.3590,  0.288144
0.3595,  0.402925
0.3600,  0.382296
0.3605,  0.367895
0.3610,  0.328425
0.3615,  0.278741
0.3620,  0.314104
0.3625,  0.335745
0.3630,  0.320772
0.3635,  0.305849
0.3640,  0.290701
0.3645,  0.277380
0.3650,  0.297038
0.3655,  0.313741
0.3660,  0.311941
0.3665,  0.319383
0.3670,  0.295346
0.3675,  0.279427
0.3680,  0.255715
0.3685,  0.228706
0.3690,  0.265199
0.3695,  0.306291
0.3700,  0.282403
0.3705,  0.255265
0.3710,  0.272542
0.3715,  0.292289
0.3720,  0.263573
0.3725,  0.240805
0.3730,  0.214176
0.3735,  0.180379
0.3740,  0.188553
0.3745,  0.189952
0.3750,  0.255928
0.3755,  0.311481
0.3760,  0.307150
0.3765,  0.293431
0.3770,  0.334668
0.3775,  0.368494
0.3780,  0.354589
0.3785,  0.352540
0.3790,  0.267989
0.3795,  0.178644
0.3800,  0.229548
0.3805,  0.279826
0.3810,  0.262106
0.3815,  0.258543
0.3820,  0.191212
0.3825,  0.106936
0.3830,  0.095454
0.3835,  0.065925
0.3840,  0.205069
0.3845,  0.312880
0.3850,  0.321354
0.3855,  0.326337
0.3860,  0.310805
0.3865,  0.298782
0.3870,  0.295070
0.3875,  0.289354
0.3880,  0.267746
0.3885,  0.238002
0.3890,  0.281663
0.3895,  0.318544
0.3900,  0.310869
0.3905,  0.303143
0.3910,  0.314171
0.3915,  0.346691
0.3920,  0.273414
0.3925,  0.199006
0.3930,  0.059893
0.3935,  -0.147958
0.3940,  0.102296
0.3945,  0.270275
0.3950,  0.355096
0.3955,  0.441630
0.3960,  0.303685
0.3965,  0.125558
0.3970,  0.140741
0.3975,  0.136650
0.3980,  0.292119
0.3985,  0.390342
0.3990,  0.362867
0.3995,  0.348051
0.4000,  0.312934
0.4005,  0.280474
0.4010,  0.265893
0.4015,  0.259568
0.4020,  0.245889
0.4025,  0.240451
0.4030,  0.221934
0.4035,  0.201380
0.4040,  0.195194
0.4045,  0.194598
0.4050,  0.195335
0.4055,  0.195169
0.4060,  0.180744
0.4065,  0.167757
0.4070,  0.178606
0.4075,  0.185749
0.4080,  0.207505
0.4085,  0.228923
0.4090,  0.223824
0.4095,  0.220797
0.4100,  0.181204
0.4105,  0.136419
0.4110,  0.193794
0.4115,  0.244623
0.4120,  0.230231
0.4125,  0.216380
0.4130,  0.204312
0.4135,  0.194140
0.4140,  0.190357
0.4145,  0.183353
0.4150,  0.178890
0.4155,  0.174850
0.4160,  0.193468
0.4165,  0.215521
0.4170,  0.181822
0.4175,  0.144117
0.4180,  0.151434
0.4185,  0.161850
0.4190,  0.173717
0.4195,  0.179718
0.4200,  0.192478
0.4205,  0.202392
0.4210,  0.203327
0.4215,  0.208909
0.4220,  0.170117
0.4225,  0.127548
0.4230,  0.158058
0.4235,  0.188921
0.4240,  0.199193
0.4245,  0.215059
0.4250,  0.200458
0.4255,  0.186558
0.4260,  0.189079
0.4265,  0.194800
0.4270,  0.166420
0.4275,  0.139671
0.4280,  0.151098
0.4285,  0.166474
0.4290,  0.161279
0.4295,  0.156540
0.4300,  0.087827
0.4305,  -0.003423
0.4310,  0.159865
0.4315,  0.278859
0.4320,  0.248953
0.4325,  0.217110
0.4330,  0.218933
0.4335,  0.223744
0.4340,  0.199615
0.4345,  0.179593
0.4350,  0.179535
0.4355,  0.177016
0.4360,  0.208897
0.4365,  0.240761
0.4370,  0.213808
0.4375,  0.193508
0.4380,  0.149849
0.4385,  0.099783
0.4390,  0.159223
0.4395,  0.210368
0.4400,  0.182950
0.4405,  0.152832
0.4410,  0.187958
0.4415,  0.216767
0.4420,  0.213244
0.4425,  0.210846
0.4430,  0.186907
0.4435,  0.166452
0.4440,  0.177580
0.4445,  0.190631
0.4450,  0.164648
0.4455,  0.136915
0.4460,  0.151294
0.4465,  0.161023
0.4470,  0.187408
0.4475,  0.214086
0.4480,  0.189006
0.4485,  0.163302
0.4490,  0.165083
0.4495,  0.167801
0.4500,  0.181971
0.4505,  0.198459
0.4510,  0.190734
0.4515,  0.183588
0.4520,  0.156242
0.4525,  0.131942
0.4530,  0.142819
0.4535,  0.152471
0.4540,  0.161374
0.4545,  0.166777
0.4550,  0.175113
0.4555,  0.181789
0.4560,  0.182245
0.4565,  0.184772
0.4570,  0.183001
0.4575,  0.187744
0.4580,  0.169036
0.4585,  0.146720
0.4590,  0.155914
0.4595,  0.164666
0.4600,  0.168561
0.4605,  0.170591
0.4610,  0.168939
0.4615,  0.166704
0.4620,  0.171454
0.4625,  0.179147
0.4630,  0.168592
0.4635,  0.160945
0.4640,  0.154958
0.4645,  0.149676
0.4650,  0.168321
0.4655,  0.186740
0.4660,  0.169624
0.4665,  0.151394
0.4670,  0.171074
0.4675,  0.186221
0.4680,  0.179613
0.4685,  0.177004
0.4690,  0.177773
0.4695,  0.180429
0.4700,  0.160390
0.4705,  0.141518
0.4710,  0.167362
0.4715,  0.193991
0.4720,  0.193544
0.4725,  0.193422
0.4730,  0.183114
0.4735,  0.172263
0.4740,  0.181033
0.4745,  0.191737
0.4750,  0.185802
0.4755,  0.179567
0.4760,  0.167277
0.4765,  0.153477
0.4770,  0.173258
0.4775,  0.192460
0.4780,  0.177251
0.4785,  0.162105
0.4790,  0.173000
0.4795,  0.182156
0.4800,  0.171073
0.4805,  0.162035
0.4810,  0.172960
0.4815,  0.184103
0.4820,  0.172520
0.4825,  0.163803
0.4830,  0.165681
0.4835,  0.167919
0.4840,  0.166275
0.4845,  0.169501
0.4850,  0.158142
0.4855,  0.148815
0.4860,  0.121966
0.4865,  0.082316
0.4870,  0.127672
0.4875,  0.166344
0.4880,  0.174564
0.4885,  0.179931
0.4890,  0.177422
0.4895,  0.176959
0.4900,  0.179379
0.4905,  0.186707
0.4910,  0.167042
0.4915,  0.146891
0.4920,  0.147982
0.4925,  0.147192
0.4930,  0.141500
0.4935,  0.135355
0.4940,  0.163784
0.4945,  0.190736
0.4950,  0.161752
0.4955,  0.132909
0.4960,  0.149128
0.4965,  0.166169
0.4970,  0.168995
0.4975,  0.174164
0.4980,  0.148817
0.4985,  0.120620
0.4990,  0.143338
0.4995,  0.165802
0.5000,  0.147755
0.5005,  0.129898
0.5010,  0.124877
0.5015,  0.117893
0.5020,  0.135117
0.5025,  0.150832
0.5030,  0.158902
0.5035,  0.165812
0.5040,  0.152492
0.5045,  0.132713
0.5050,  0.149520
0.5055,  0.165990
0.5060,  0.156377
0.5065,  0.150414
0.5070,  0.142485
0.5075,  0.134121
0.5080,  0.138959
0.5085,  0.141875
0.5090,  0.140439
0.5095,  0.138080
0.5100,  0.142195
0.5105,  0.146330
0.5110,  0.154624
0.5115,  0.163372
0.5120,  0.139756
0.5125,  0.119308
0.5130,  0.122455
0.5135,  0.123762
0.5140,  0.129426
0.5145,  0.134448
0.5150,  0.143169
0.5155,  0.156647
0.5160,  0.125172
0.5165,  0.091411
0.5170,  0.115305
0.5175,  0.134204
0.5180,  0.118045
0.5185,  0.095278
0.5190,  0.125571
0.5195,  0.154514
0.5200,  0.146698
0.5205,  0.139540
0.5210,  0.148260
0.5215,  0.159324
0.5220,  0.140130
0.5225,  0.119470
0.5230,  0.130392
0.5235,  0.138531
0.5240,  0.145213
0.5245,  0.155021
0.5250,  0.152236
0.5255,  0.153648
0.5260,  0.111388
0.5265,  0.064027
0.5270,  0.099943
0.5275,  0.127554
0.5280,  0.134148
0.5285,  0.140395
0.5290,  0.138162
0.5295,  0.135689
0.5300,  0.137620
0.5305,  0.140481
0.5310,  0.141557
0.5315,  0.148056
0.5320,  0.115958
0.5325,  0.081213
0.5330,  0.116097
0.5335,  0.147038
0.5340,  0.130582
0.5345,  0.112137
0.5350,  0.133691
0.5355,  0.157207
0.5360,  0.135809
0.5365,  0.114697
0.5370,  0.118358
0.5375,  0.122459
0.5380,  0.130640
0.5385,  0.139542
0.5390,  0.130460
0.5395,  0.120676
0.5400,  0.111020
0.5405,  0.100478
0.5410,  0.123101
0.5415,  0.143762
0.5420,  0.130814
0.5425,  0.119007
0.5430,  0.129378
0.5435,  0.136988
0.5440,  0.133184
0.5445,  0.131474
0.5450,  0.134991
0.5455,  0.138820
0.5460,  0.136002
0.5465,  0.132544
0.5470,  0.125119
0.5475,  0.116682
0.5480,  0.122886
0.5485,  0.128425
0.5490,  0.134036
0.5495,  0.139091
0.5500,  0.131495
0.5505,  0.124982
0.5510,  0.127185
0.5515,  0.129384
0.5520,  0.127086
0.5525,  0.123473
0.5530,  0.131655
0.5535,  0.137136
0.5540,  0.137477
0.5545,  0.138706
0.5550,  0.139287
0.5555,  0.140980
0.5560,  0.129354
0.5565,  0.118775
0.5570,  0.127345
0.5575,  0.137028
0.5580,  0.129706
0.5585,  0.121410
0.5590,  0.127235
0.5595,  0.131599
0.5600,  0.135272
0.5605,  0.138525
0.5610,  0.133588
0.5615,  0.128519
0.5620,  0.131953
0.5625,  0.137893
0.5630,  0.142010
0.5635,  0.145217
0.5640,  0.145583
0.5645,  0.147657
0.5650,  0.139504
0.5655,  0.128435
0.5660,  0.134557
0.5665,  0.139711
0.5670,  0.150689
0.5675,  0.161998
0.5680,  0.147793
0.5685,  0.134005
0.5690,  0.146156
0.5695,  0.159376
0.5700,  0.142925
0.5705,  0.123213
0.5710,  0.130564
0.5715,  0.135442
0.5720,  0.143644
0.5725,  0.154768
0.5730,  0.150466
0.5735,  0.147830
0.5740,  0.146250
0.5745,  0.145561
0.5750,  0.139203
0.5755,  0.130808
0.5760,  0.133748
0.5765,  0.137456
0.5770,  0.141706
0.5775,  0.147415
0.5780,  0.132920
0.5785,  0.116706
0.5790,  0.124604
0.5795,  0.130880
0.5800,  0.130311
0.5805,  0.130223
0.5810,  0.130271
0.5815,  0.131752
0.5820,  0.134838
0.5825,  0.136533
0.5830,  0.132096
0.5835,  0.129288
0.5840,  0.132508
0.5845,  0.138770
0.5850,  0.128926
0.5855,  0.116882
0.5860,  0.129438
0.5865,  0.142101
0.5870,  0.150962
0.5875,  0.167532
0.5880,  0.163179
0.5885,  0.156195
0.5890,  0.133719
0.5895,  0.103836
0.5900,  0.147507
0.5905,  0.186821
0.5910,  0.176609
0.5915,  0.165143
0.5920,  0.163867
0.5925,  0.164540
0.5930,  0.160348
0.5935,  0.160887
0.5940,  0.158588
0.5945,  0.154674
0.5950,  0.156988
0.5955,  0.156711
0.5960,  0.159432
0.5965,  0.163588
0.5970,  0.156853
0.5975,  0.150667
0.5980,  0.144522
0.5985,  0.140323
0.5990,  0.146860
0.5995,  0.154093
0.6000,  0.148670
0.6005,  0.142361
0.6010,  0.142304
0.6015,  0.141198
0.6020,  0.132307
0.6025,  0.123534
0.6030,  0.136372
0.6035,  0.150550
0.6040,  0.147815
0.6045,  0.148715
0.6050,  0.146815
0.6055,  0.144150
0.6060,  0.143223
0.6065,  0.144093
0.6070,  0.144114
0.6075,  0.144832
0.6080,  0.145548
0.6085,  0.145388
0.6090,  0.147463
0.6095,  0.149305
0.6100,  0.142233
0.6105,  0.133563
0.6110,  0.142297
0.6115,  0.152093
0.6120,  0.146792
0.6125,  0.141578
0.6130,  0.139718
0.6135,  0.135203
0.6140,  0.143559
0.6145,  0.152340
0.6150,  0.154943
0.6155,  0.158945
0.6160,  0.138542
0.6165,  0.113823
0.6170,  0.135093
0.6175,  0.155709
0.6180,  0.159093
0.6185,  0.161615
0.6190,  0.159307
0.6195,  0.153003
0.6200,  0.157673
0.6205,  0.163724
0.6210,  0.154739
0.6215,  0.147133
0.6220,  0.154337
0.6225,  0.162784
0.6230,  0.155997
0.6235,  0.151961
0.6240,  0.157790
0.6245,  0.159567
0.6250,  0.155661
0.6255,  0.149717
0.6260,  0.162586
0.6265,  0.174988
0.6270,  0.175729
0.6275,  0.176843
0.6280,  0.179768
0.6285,  0.184836
0.6290,  0.185119
0.6295,  0.184195
0.6300,  0.180273
0.6305,  0.174068
0.6310,  0.166360
0.6315,  0.164042
0.6320,  0.161052
0.6325,  0.158773
0.6330,  0.158810
0.6335,  0.159983
0.6340,  0.163278
0.6345,  0.168843
0.6350,  0.172920
0.6355,  0.172861
0.6360,  0.170846
0.6365,  0.167014
0.6370,  0.163014
0.6375,  0.161407
0.6380,  0.163542
0.6385,  0.167629
0.6390,  0.170226
0.6395,  0.166995
0.6400,  0.164120
0.6405,  0.160894
0.6410,  0.155114
0.6415,  0.155515
0.6420,  0.154341
0.6425,  0.153297
0.6430,  0.153699
0.6435,  0.156181
0.6440,  0.160369
0.6445,  0.165778
0.6450,  0.173133
0.6455,  0.177983
0.6460,  0.180875
0.6465,  0.182026
0.6470,  0.182001
0.6475,  0.181021
0.6480,  0.180759
0.6485,  0.177883
0.6490,  0.172703
0.6495,  0.175821
0.6500,  0.176722
0.6505,  0.179704
0.6510,  0.185479
0.6515,  0.183226
0.6520,  0.180975
0.6525,  0.178334
0.6530,  0.178113
0.6535,  0.174482
0.6540,  0.176432
0.6545,  0.183916
0.6550,  0.194419
0.6555,  0.196844
0.6560,  0.183707
0.6565,  0.158150
0.6570,  0.124511
0.6575,  0.129894
0.6580,  0.137574
0.6585,  0.147501
0.6590,  0.159255
0.6595,  0.156300
0.6600,  0.151377
0.6605,  0.150547
0.6610,  0.151902
0.6615,  0.151467
0.6620,  0.151803
0.6625,  0.150656
0.6630,  0.148859
0.6635,  0.147857
0.6640,  0.148721
0.6645,  0.151646
0.6650,  0.153155
0.6655,  0.152278
0.6660,  0.151134
0.6665,  0.149722
0.6670,  0.148105
0.6675,  0.150820
0.6680,  0.150079
0.6685,  0.151161
0.6690,  0.151266
0.6695,  0.148202
0.6700,  0.147658
0.6705,  0.148016
0.6710,  0.149299
0.6715,  0.152155
0.6720,  0.155281
0.6725,  0.157284
0.6730,  0.157427
0.6735,  0.154532
0.6740,  0.151705
0.6745,  0.148878
0.6750,  0.146909
0.6755,  0.145993
0.6760,  0.147845
0.6765,  0.150962
0.6770,  0.154293
0.6775,  0.152371
0.6780,  0.153913
0.6785,  0.152719
0.6790,  0.149656
0.6795,  0.151228
0.6800,  0.155357
0.6805,  0.158424
0.6810,  0.158190
0.6815,  0.156666
0.6820,  0.156696
0.6825,  0.159105
0.6830,  0.165307
0.6835,  0.169004
0.6840,  0.169114
0.6845,  0.170064
0.6850,  0.178383
0.6855,  0.202572
0.6860,  0.233175
0.6865,  0.262293
0.6870,  0.280351
0.6875,  0.280724
0.6880,  0.273908
0.6885,  0.267969
0.6890,  0.265173
0.6895,  0.263345
0.6900,  0.260071
0.6905,  0.254776
0.6910,  0.251671
0.6915,  0.248113
0.6920,  0.249003
0.6925,  0.248969
0.6930,  0.250487
0.6935,  0.250222
0.6940,  0.253159
0.6945,  0.248317
0.6950,  0.242250
0.6955,  0.229457
0.6960,  0.219379
0.6965,  0.212764
0.6970,  0.208986
0.6975,  0.211629
0.6980,  0.219398
0.6985,  0.226874
0.6990,  0.233317
0.6995,  0.233516
0.7000,  0.234695
0.7005,  0.235270
0.7010,  0.232610
0.7015,  0.236752
0.7020,  0.237338
0.7025,  0.235406
0.7030,  0.232053
0.7035,  0.232749
0.7040,  0.228368
0.7045,  0.227301
0.7050,  0.231256
0.7055,  0.227771
0.7060,  0.223944
0.7065,  0.217849
0.7070,  0.212264
0.7075,  0.211406
0.7080,  0.212761
0.7085,  0.214093
0.7090,  0.216075
0.7095,  0.217107
0.7100,  0.215865
0.7105,  0.216131
0.7110,  0.218140
0.7115,  0.216674
0.7120,  0.217297
0.7125,  0.218606
0.7130,  0.214143
0.7135,  0.214000
0.7140,  0.217796
0.7145,  0.225454
0.7150,  0.236912
0.7155,  0.256309
0.7160,  0.290073
0.7165,  0.330811
0.7170,  0.373502
0.7175,  0.404072
0.7180,  0.426486
0.7185,  0.444152
0.7190,  0.451762
0.7195,  0.454894
0.7200,  0.438342
0.7205,  0.407425
0.7210,  0.374793
0.7215,  0.351357
0.7220,  0.348888
0.7225,  0.356729
0.7230,  0.372827
0.7235,  0.388731
0.7240,  0.400653
0.7245,  0.408301
0.7250,  0.417342
0.7255,  0.418270
0.7260,  0.423251
0.7265,  0.427064
0.7270,  0.427704
0.7275,  0.424099
0.7280,  0.420645
0.7285,  0.414768
0.7290,  0.405290
0.7295,  0.400487
0.7300,  0.397611
0.7305,  0.389318
0.7310,  0.378849
0.7315,  0.361959
0.7320,  0.346138
0.7325,  0.324187
0.7330,  0.302215
0.7335,  0.288827
0.7340,  0.280501
0.7345,  0.278759
0.7350,  0.278842
0.7355,  0.277708
0.7360,  0.276379
0.7365,  0.279015
0.7370,  0.274160
0.7375,  0.264464
0.7380,  0.265277
0.7385,  0.264288
0.7390,  0.256353
0.7395,  0.246889
0.7400,  0.236435
0.7405,  0.225515
0.7410,  0.218595
0.7415,  0.223522
0.7420,  0.225260
0.7425,  0.227946
0.7430,  0.230944
0.7435,  0.226034
0.7440,  0.225906
0.7445,  0.224243
0.7450,  0.223571
0.7455,  0.227201
0.7460,  0.228892
0.7465,  0.228914
0.7470,  0.224269
0.7475,  0.218472
0.7480,  0.217402
0.7485,  0.219077
0.7490,  0.219559
0.7495,  0.221694
0.7500,  0.223338
0.7505,  0.228001
0.7510,  0.230948
0.7515,  0.227945
0.7520,  0.222454
0.7525,  0.222334
0.7530,  0.222806
0.7535,  0.224858
0.7540,  0.230147
0.7545,  0.232515
0.7550,  0.236591
0.7555,  0.236420
0.7560,  0.236854
0.7565,  0.235267
0.7570,  0.236220
0.7575,  0.240476
0.7580,  0.275928
0.7585,  0.349924
0.7590,  0.472753
0.7595,  0.630937
0.7600,  0.791827
0.7605,  0.884500
0.7610,  0.890871
0.7615,  0.857679
0.7620,  0.833212
0.7625,  0.816103
0.7630,  0.805231
0.7635,  0.773917
0.7640,  0.718298
0.7645,  0.651845
0.7650,  0.589680
0.7655,  0.524047
0.7660,  0.463031
0.7665,  0.402231
0.7670,  0.351795
0.7675,  0.314424
0.7680,  0.295910
0.7685,  0.285953
0.7690,  0.277057
0.7695,  0.264587
0.7700,  0.256134
0.7705,  0.248951
0.7710,  0.241970
0.7715,  0.239953
0.7720,  0.238885
0.7725,  0.241267
0.7730,  0.245321
0.7735,  0.249668
0.7740,  0.250320
0.7745,  0.244376
0.7750,  0.237488
0.7755,  0.236884
0.7760,  0.234476
0.7765,  0.237393
0.7770,  0.247805
0.7775,  0.252071
0.7780,  0.254171
0.7785,  0.250370
0.7790,  0.243794
0.7795,  0.247815
0.7800,  0.252885
0.7805,  0.255956
0.7810,  0.262353
0.7815,  0.263365
0.7820,  0.255561
0.7825,  0.248565
0.7830,  0.243648
0.7835,  0.248508
0.7840,  0.244231
0.7845,  0.244963
0.7850,  0.255672
0.7855,  0.261277
0.7860,  0.263912
0.7865,  0.267797
0.7870,  0.271386
0.7875,  0.274154
0.7880,  0.273204
0.7885,  0.284836
0.7890,  0.294356
0.7895,  0.304224
0.7900,  0.309140
0.7905,  0.307472
0.7910,  0.307142
0.7915,  0.304927
0.7920,  0.303970
0.7925,  0.297458
0.7930,  0.294340
0.7935,  0.293007
0.7940,  0.290042
0.7945,  0.293574
0.7950,  0.303829
0.7955,  0.303577
0.7960,  0.303369
0.7965,  0.300215
0.7970,  0.299023
0.7975,  0.299472
0.7980,  0.294055
0.7985,  0.299232
0.7990,  0.306898
0.7995,  0.310511
0.8000,  0.313705
0.8005,  0.314207
0.8010,  0.316630
0.8015,  0.317630
0.8020,  0.322076
0.8025,  0.322909
0.8030,  0.323009
0.8035,  0.319915
0.8040,  0.310616
0.8045,  0.302098
0.8050,  0.292315
0.8055,  0.292542
0.8060,  0.294486
0.8065,  0.302304
0.8070,  0.311337
0.8075,  0.321459
0.8080,  0.313618
0.8085,  0.307674
0.8090,  0.305937
0.8095,  0.311984
0.8100,  0.319923
0.8105,  0.340575
0.8110,  0.363686
0.8115,  0.382357
0.8120,  0.409383
0.8125,  0.429748
0.8130,  0.453261
0.8135,  0.482527
0.8140,  0.504026
0.8145,  0.529452
0.8150,  0.555202
0.8155,  0.579442
0.8160,  0.598624
0.8165,  0.618596
0.8170,  0.625926
0.8175,  0.613180
0.8180,  0.582887
0.8185,  0.572129
0.8190,  0.557507
0.8195,  0.532773
0.8200,  0.502440
0.8205,  0.474028
0.8210,  0.469934
0.8215,  0.503328
0.8220,  0.562798
0.8225,  0.614427
0.8230,  0.616855
0.8235,  0.592036
0.8240,  0.549043
0.8245,  0.502359
0.8250,  0.465414
0.8255,  0.441099
0.8260,  0.442414
0.8265,  0.452774
0.8270,  0.483338
0.8275,  0.505347
0.8280,  0.519829
0.8285,  0.513161
0.8290,  0.515585
0.8295,  0.498737
0.8300,  0.490532
0.8305,  0.488234
0.8310,  0.481922
0.8315,  0.479684
0.8320,  0.474236
0.8325,  0.478334
0.8330,  0.482100
0.8335,  0.473678
0.8340,  0.444459
0.8345,  0.437545
0.8350,  0.436013
0.8355,  0.425613
0.8360,  0.405220
0.8365,  0.393955
0.8370,  0.389058
0.8375,  0.383908
0.8380,  0.379694
0.8385,  0.381500
0.8390,  0.382718
0.8395,  0.388005
0.8400,  0.392091
0.8405,  0.387714
0.8410,  0.381776
0.8415,  0.374134
0.8420,  0.347926
0.8425,  0.333416
0.8430,  0.347559
0.8435,  0.359447
0.8440,  0.367125
0.8445,  0.371150
0.8450,  0.363521
0.8455,  0.358258
0.8460,  0.359103
0.8465,  0.362483
0.8470,  0.355513
0.8475,  0.349724
0.8480,  0.338327
0.8485,  0.338783
0.8490,  0.337838
0.8495,  0.344195
0.8500,  0.348077
0.8505,  0.374718
0.8510,  0.381196
0.8515,  0.390687
0.8520,  0.405470
0.8525,  0.385431
0.8530,  0.370660
0.8535,  0.367999
0.8540,  0.365433
0.8545,  0.385624
0.8550,  0.374299
0.8555,  0.375622
0.8560,  0.378669
0.8565,  0.369692
0.8570,  0.378396
0.8575,  0.377666
0.8580,  0.372911
0.8585,  0.361544
0.8590,  0.364705
0.8595,  0.370134
0.8600,  0.368442
0.8605,  0.380385
0.8610,  0.392225
0.8615,  0.396228
0.8620,  0.399592
0.8625,  0.400895
0.8630,  0.393084
0.8635,  0.384736
0.8640,  0.387165
0.8645,  0.372793
0.8650,  0.380038
0.8655,  0.398629
0.8660,  0.390934
0.8665,  0.399225
0.8670,  0.414434
0.8675,  0.431491
0.8680,  0.442818
0.8685,  0.438689
0.8690,  0.425004
0.8695,  0.433986
0.8700,  0.432272
0.8705,  0.432423
0.8710,  0.442178
0.8715,  0.446211
0.8720,  0.435756
0.8725,  0.432366
0.8730,  0.436573
0.8735,  0.429630
0.8740,  0.434796
0.8745,  0.437383
0.8750,  0.435890
0.8755,  0.435227
0.8760,  0.440465
0.8765,  0.454736
0.8770,  0.457113
0.8775,  0.470447
0.8780,  0.477578
0.8785,  0.479571
0.8790,  0.488743
0.8795,  0.486645
0.8800,  0.471031
0.8805,  0.459432
0.8810,  0.437077
0.8815,  0.441643
0.8820,  0.441925
0.8825,  0.454520
0.8830,  0.467667
0.8835,  0.487881
0.8840,  0.500024
0.8845,  0.511547
0.8850,  0.495241
0.8855,  0.496951
0.8860,  0.505646
0.8865,  0.523807
0.8870,  0.517904
0.8875,  0.519607
0.8880,  0.519419
0.8885,  0.532626
0.8890,  0.522131
0.8895,  0.509485
0.8900,  0.492911
