0.3500,  0.398237
0.3505,  0.459693
0.3510,  0.418913
0.3515,  0.380532
0.3520,  0.340285
0.3525,  0.298546
0.3530,  0.350245
0.3535,  0.392744
0.3540,  0.419701
0.3545,  0.445152
0.3550,  0.419584
0.3555,  0.397580
0.3560,  0.352300
0.3565,  0.305184
0.3570,  0.267218
0.3575,  0.223086
0.3580,  0.177983
0.3585,  0.119291
0.3590,  0.301585
0.3595,  0.450287
0.3600,  0.435691
0.3605,  0.424044
0.3610,  0.373776
0.3615,  0.314842
0.3620,  0.357356
0.3625,  0.390866
0.3630,  0.363922
0.3635,  0.339218
0.3640,  0.330831
0.3645,  0.316772
0.3650,  0.354720
0.3655,  0.393429
0.3660,  0.408400
0.3665,  0.428612
0.3670,  0.400580
0.3675,  0.372835
0.3680,  0.337387
0.3685,  0.297220
0.3690,  0.339835
0.3695,  0.383675
0.3700,  0.349002
0.3705,  0.310141
0.3710,  0.328344
0.3715,  0.357618
0.3720,  0.325731
0.3725,  0.287113
0.3730,  0.248926
0.3735,  0.207033
0.3740,  0.215350
0.3745,  0.224914
0.3750,  0.315110
0.3755,  0.391225
0.3760,  0.392125
0.3765,  0.374847
0.3770,  0.419687
0.3775,  0.458301
0.3780,  0.443273
0.3785,  0.435843
0.3790,  0.326583
0.3795,  0.213020
0.3800,  0.268074
0.3805,  0.328514
0.3810,  0.299937
0.3815,  0.281902
0.3820,  0.199764
0.3825,  0.102868
0.3830,  0.081727
0.3835,  0.037147
0.3840,  0.207468
0.3845,  0.340157
0.3850,  0.356651
0.3855,  0.368558
0.3860,  0.356475
0.3865,  0.348849
0.3870,  0.340740
0.3875,  0.331674
0.3880,  0.308247
0.3885,  0.283490
0.3890,  0.344545
0.3895,  0.392921
0.3900,  0.391229
0.3905,  0.386544
0.3910,  0.399116
0.3915,  0.429164
0.3920,  0.334032
0.3925,  0.232441
0.3930,  0.048695
0.3935,  -0.212826
0.3940,  0.087272
0.3945,  0.303480
0.3950,  0.415153
0.3955,  0.520898
0.3960,  0.353942
0.3965,  0.139293
0.3970,  0.160283
0.3975,  0.164971
0.3980,  0.363592
0.3985,  0.492452
0.3990,  0.465612
0.3995,  0.449238
0.4000,  0.408066
0.4005,  0.371217
0.4010,  0.357326
0.4015,  0.351630
0.4020,  0.335703
0.4025,  0.328171
0.4030,  0.304127
0.4035,  0.282892
0.4040,  0.278611
0.4045,  0.275262
0.4050,  0.272264
0.4055,  0.269021
0.4060,  0.250078
0.4065,  0.232577
0.4070,  0.244891
0.4075,  0.255029
0.4080,  0.280280
0.4085,  0.305038
0.4090,  0.298229
0.4095,  0.292499
0.4100,  0.246103
0.4105,  0.191627
0.4110,  0.265046
0.4115,  0.329992
0.4120,  0.313674
0.4125,  0.297562
0.4130,  0.284350
0.4135,  0.271387
0.4140,  0.261766
0.4145,  0.250401
0.4150,  0.246337
0.4155,  0.243639
0.4160,  0.266006
0.4165,  0.288741
0.4170,  0.247061
0.4175,  0.204188
0.4180,  0.213741
0.4185,  0.225866
0.4190,  0.233453
0.4195,  0.234949
0.4200,  0.249681
0.4205,  0.263549
0.4210,  0.271646
0.4215,  0.280908
0.4220,  0.227314
0.4225,  0.167722
0.4230,  0.207527
0.4235,  0.246838
0.4240,  0.260116
0.4245,  0.276564
0.4250,  0.260523
0.4255,  0.240988
0.4260,  0.245942
0.4265,  0.254018
0.4270,  0.222181
0.4275,  0.188990
0.4280,  0.205475
0.4285,  0.220187
0.4290,  0.205629
0.4295,  0.194194
0.4300,  0.107510
0.4305,  -0.001464
0.4310,  0.201676
0.4315,  0.353045
0.4320,  0.323612
0.4325,  0.294321
0.4330,  0.300870
0.4335,  0.304414
0.4340,  0.273946
0.4345,  0.242060
0.4350,  0.241166
0.4355,  0.237603
0.4360,  0.274659
0.4365,  0.316200
0.4370,  0.285637
0.4375,  0.257501
0.4380,  0.202495
0.4385,  0.141687
0.4390,  0.213142
0.4395,  0.275226
0.4400,  0.245592
0.4405,  0.210739
0.4410,  0.254261
0.4415,  0.294047
0.4420,  0.295726
0.4425,  0.292090
0.4430,  0.260520
0.4435,  0.236008
0.4440,  0.248139
0.4445,  0.262228
0.4450,  0.229298
0.4455,  0.191351
0.4460,  0.208029
0.4465,  0.219397
0.4470,  0.253765
0.4475,  0.286651
0.4480,  0.261138
0.4485,  0.232865
0.4490,  0.237272
0.4495,  0.237190
0.4500,  0.252139
0.4505,  0.270712
0.4510,  0.259948
0.4515,  0.251206
0.4520,  0.218056
0.4525,  0.185216
0.4530,  0.198822
0.4535,  0.211816
0.4540,  0.221600
0.4545,  0.228837
0.4550,  0.240462
0.4555,  0.250783
0.4560,  0.252970
0.4565,  0.254835
0.4570,  0.254883
0.4575,  0.257811
0.4580,  0.228612
0.4585,  0.201597
0.4590,  0.210442
0.4595,  0.216563
0.4600,  0.222008
0.4605,  0.228258
0.4610,  0.228685
0.4615,  0.228247
0.4620,  0.236881
0.4625,  0.243819
0.4630,  0.227318
0.4635,  0.218119
0.4640,  0.211313
0.4645,  0.202219
0.4650,  0.221629
0.4655,  0.243598
0.4660,  0.220907
0.4665,  0.200281
0.4670,  0.224626
0.4675,  0.244218
0.4680,  0.241153
0.4685,  0.234872
0.4690,  0.238361
0.4695,  0.241565
0.4700,  0.225042
0.4705,  0.202736
0.4710,  0.232209
0.4715,  0.262547
0.4720,  0.259374
0.4725,  0.258252
0.4730,  0.246109
0.4735,  0.233831
0.4740,  0.246156
0.4745,  0.261072
0.4750,  0.254453
0.4755,  0.245860
0.4760,  0.232493
0.4765,  0.219361
0.4770,  0.244428
0.4775,  0.267552
0.4780,  0.248180
0.4785,  0.229542
0.4790,  0.243479
0.4795,  0.254744
0.4800,  0.243114
0.4805,  0.235665
0.4810,  0.247443
0.4815,  0.257569
0.4820,  0.241676
0.4825,  0.231075
0.4830,  0.233625
0.4835,  0.236613
0.4840,  0.233657
0.4845,  0.236979
0.4850,  0.222322
0.4855,  0.208541
0.4860,  0.175326
0.4865,  0.129500
0.4870,  0.186128
0.4875,  0.233532
0.4880,  0.244710
0.4885,  0.252946
0.4890,  0.250832
0.4895,  0.250349
0.4900,  0.253129
0.4905,  0.260544
0.4910,  0.236511
0.4915,  0.213362
0.4920,  0.214553
0.4925,  0.213396
0.4930,  0.208364
0.4935,  0.200367
0.4940,  0.234051
0.4945,  0.268611
0.4950,  0.235526
0.4955,  0.201826
0.4960,  0.221436
0.4965,  0.239229
0.4970,  0.241044
0.4975,  0.245905
0.4980,  0.214865
0.4985,  0.180598
0.4990,  0.207920
0.4995,  0.236015
0.5000,  0.214825
0.5005,  0.192011
0.5010,  0.184744
0.5015,  0.174661
0.5020,  0.194804
0.5025,  0.213998
0.5030,  0.223289
0.5035,  0.230603
0.5040,  0.215785
0.5045,  0.196166
0.5050,  0.217421
0.5055,  0.240866
0.5060,  0.229481
0.5065,  0.220023
0.5070,  0.208456
0.5075,  0.196286
0.5080,  0.198986
0.5085,  0.201606
0.5090,  0.200391
0.5095,  0.198688
0.5100,  0.204125
0.5105,  0.210082
0.5110,  0.220966
0.5115,  0.231499
0.5120,  0.203665
0.5125,  0.177391
0.5130,  0.182099
0.5135,  0.183806
0.5140,  0.191321
0.5145,  0.197635
0.5150,  0.206133
0.5155,  0.219808
0.5160,  0.178386
0.5165,  0.134086
0.5170,  0.162455
0.5175,  0.187021
0.5180,  0.170852
0.5185,  0.147742
0.5190,  0.186178
0.5195,  0.220800
0.5200,  0.210889
0.5205,  0.200202
0.5210,  0.210078
0.5215,  0.222092
0.5220,  0.199767
0.5225,  0.175239
0.5230,  0.188576
0.5235,  0.198608
0.5240,  0.206677
0.5245,  0.218127
0.5250,  0.212511
0.5255,  0.211886
0.5260,  0.160870
0.5265,  0.105343
0.5270,  0.151395
0.5275,  0.187246
0.5280,  0.194326
0.5285,  0.200449
0.5290,  0.198212
0.5295,  0.195195
0.5300,  0.196816
0.5305,  0.199717
0.5310,  0.200174
0.5315,  0.204916
0.5320,  0.167396
0.5325,  0.127320
0.5330,  0.171639
0.5335,  0.209687
0.5340,  0.190871
0.5345,  0.169625
0.5350,  0.195614
0.5355,  0.223269
0.5360,  0.196153
0.5365,  0.169663
0.5370,  0.172846
0.5375,  0.177034
0.5380,  0.184246
0.5385,  0.194076
0.5390,  0.181823
0.5395,  0.170081
0.5400,  0.159591
0.5405,  0.147217
0.5410,  0.175763
0.5415,  0.201521
0.5420,  0.185594
0.5425,  0.169470
0.5430,  0.180131
0.5435,  0.189449
0.5440,  0.187089
0.5445,  0.185687
0.5450,  0.191588
0.5455,  0.195898
0.5460,  0.191503
0.5465,  0.188232
0.5470,  0.178371
0.5475,  0.167487
0.5480,  0.174592
0.5485,  0.180347
0.5490,  0.186325
0.5495,  0.192715
0.5500,  0.183706
0.5505,  0.176487
0.5510,  0.179808
0.5515,  0.182788
0.5520,  0.179647
0.5525,  0.174707
0.5530,  0.182371
0.5535,  0.189953
0.5540,  0.191884
0.5545,  0.193469
0.5550,  0.194508
0.5555,  0.196896
0.5560,  0.182021
0.5565,  0.168683
0.5570,  0.180173
0.5575,  0.192819
0.5580,  0.184294
0.5585,  0.173752
0.5590,  0.179162
0.5595,  0.184959
0.5600,  0.190088
0.5605,  0.195122
0.5610,  0.189247
0.5615,  0.182386
0.5620,  0.185870
0.5625,  0.189525
0.5630,  0.191620
0.5635,  0.194254
0.5640,  0.194841
0.5645,  0.195840
0.5650,  0.185026
0.5655,  0.173526
0.5660,  0.181160
0.5665,  0.188384
0.5670,  0.202053
0.5675,  0.217360
0.5680,  0.199759
0.5685,  0.182181
0.5690,  0.196447
0.5695,  0.211449
0.5700,  0.191425
0.5705,  0.168935
0.5710,  0.179066
0.5715,  0.185023
0.5720,  0.194567
0.5725,  0.206159
0.5730,  0.200320
0.5735,  0.197772
0.5740,  0.197100
0.5745,  0.196289
0.5750,  0.188533
0.5755,  0.179264
0.5760,  0.184155
0.5765,  0.189775
0.5770,  0.193688
0.5775,  0.197321
0.5780,  0.181692
0.5785,  0.162286
0.5790,  0.172041
0.5795,  0.179898
0.5800,  0.179467
0.5805,  0.179756
0.5810,  0.180396
0.5815,  0.182370
0.5820,  0.185744
0.5825,  0.186635
0.5830,  0.180642
0.5835,  0.176358
0.5840,  0.179329
0.5845,  0.184167
0.5850,  0.170699
0.5855,  0.154974
0.5860,  0.170408
0.5865,  0.185025
0.5870,  0.193233
0.5875,  0.206632
0.5880,  0.195919
0.5885,  0.185442
0.5890,  0.160944
0.5895,  0.126982
0.5900,  0.179707
0.5905,  0.227444
0.5910,  0.216483
0.5915,  0.204580
0.5920,  0.203062
0.5925,  0.201497
0.5930,  0.194639
0.5935,  0.193874
0.5940,  0.190676
0.5945,  0.188982
0.5950,  0.194512
0.5955,  0.197517
0.5960,  0.201521
0.5965,  0.205004
0.5970,  0.195139
0.5975,  0.187395
0.5980,  0.181990
0.5985,  0.179606
0.5990,  0.187611
0.5995,  0.194347
0.6000,  0.188415
0.6005,  0.183321
0.6010,  0.187501
0.6015,  0.189498
0.6020,  0.177280
0.6025,  0.162840
0.6030,  0.177868
0.6035,  0.192495
0.6040,  0.189098
0.6045,  0.190060
0.6050,  0.188637
0.6055,  0.185183
0.6060,  0.182844
0.6065,  0.182590
0.6070,  0.183613
0.6075,  0.185684
0.6080,  0.185304
0.6085,  0.183936
0.6090,  0.187292
0.6095,  0.191151
0.6100,  0.182327
0.6105,  0.170881
0.6110,  0.181829
0.6115,  0.194618
0.6120,  0.187851
0.6125,  0.180044
0.6130,  0.178549
0.6135,  0.176387
0.6140,  0.186027
0.6145,  0.195383
0.6150,  0.199629
0.6155,  0.203166
0.6160,  0.175338
0.6165,  0.143941
0.6170,  0.167653
0.6175,  0.191671
0.6180,  0.199016
0.6185,  0.204611
0.6190,  0.202303
0.6195,  0.197151
0.6200,  0.202646
0.6205,  0.207569
0.6210,  0.193356
0.6215,  0.181082
0.6220,  0.188026
0.6225,  0.198964
0.6230,  0.189939
0.6235,  0.183445
0.6240,  0.187503
0.6245,  0.190491
0.6250,  0.184925
0.6255,  0.175545
0.6260,  0.190054
0.6265,  0.207018
0.6270,  0.211687
0.6275,  0.213863
0.6280,  0.215672
0.6285,  0.220085
0.6290,  0.218663
0.6295,  0.217526
0.6300,  0.211919
0.6305,  0.203319
0.6310,  0.196918
0.6315,  0.193275
0.6320,  0.191221
0.6325,  0.192512
0.6330,  0.193356
0.6335,  0.195839
0.6340,  0.199067
0.6345,  0.201929
0.6350,  0.204271
0.6355,  0.203868
0.6360,  0.201300
0.6365,  0.195476
0.6370,  0.190424
0.6375,  0.188197
0.6380,  0.189794
0.6385,  0.193536
0.6390,  0.196628
0.6395,  0.196341
0.6400,  0.194626
0.6405,  0.192354
0.6410,  0.189159
0.6415,  0.189539
0.6420,  0.185050
0.6425,  0.180891
0.6430,  0.177574
0.6435,  0.176497
0.6440,  0.178223
0.6445,  0.185506
0.6450,  0.193057
0.6455,  0.196416
0.6460,  0.199431
0.6465,  0.202400
0.6470,  0.203246
0.6475,  0.198354
0.6480,  0.195888
0.6485,  0.189445
0.6490,  0.183110
0.6495,  0.187487
0.6500,  0.190899
0.6505,  0.197399
0.6510,  0.208147
0.6515,  0.209541
0.6520,  0.208468
0.6525,  0.205314
0.6530,  0.203932
0.6535,  0.193500
0.6540,  0.187429
0.6545,  0.189585
0.6550,  0.199179
0.6555,  0.198092
0.6560,  0.187464
0.6565,  0.164752
0.6570,  0.129585
0.6575,  0.142194
0.6580,  0.157278
0.6585,  0.172561
0.6590,  0.187976
0.6595,  0.181716
0.6600,  0.175241
0.6605,  0.170660
0.6610,  0.168836
0.6615,  0.161204
0.6620,  0.158956
0.6625,  0.158943
0.6630,  0.160131
0.6635,  0.168150
0.6640,  0.171887
0.6645,  0.175328
0.6650,  0.176107
0.6655,  0.172390
0.6660,  0.164861
0.6665,  0.160283
0.6670,  0.154935
0.6675,  0.153139
0.6680,  0.152853
0.6685,  0.157377
0.6690,  0.162057
0.6695,  0.160147
0.6700,  0.161114
0.6705,  0.162003
0.6710,  0.163208
0.6715,  0.166158
0.6720,  0.165865
0.6725,  0.165805
0.6730,  0.162361
0.6735,  0.157711
0.6740,  0.156198
0.6745,  0.151705
0.6750,  0.150187
0.6755,  0.152606
0.6760,  0.156106
0.6765,  0.161164
0.6770,  0.162842
0.6775,  0.163947
0.6780,  0.163191
0.6785,  0.161424
0.6790,  0.155785
0.6795,  0.151690
0.6800,  0.149908
0.6805,  0.150655
0.6810,  0.154339
0.6815,  0.156751
0.6820,  0.160978
0.6825,  0.163981
0.6830,  0.166690
0.6835,  0.170762
0.6840,  0.174159
0.6845,  0.173071
0.6850,  0.172946
0.6855,  0.191823
0.6860,  0.223115
0.6865,  0.258477
0.6870,  0.285083
0.6875,  0.294825
0.6880,  0.299388
0.6885,  0.298559
0.6890,  0.294868
0.6895,  0.287947
0.6900,  0.277076
0.6905,  0.264576
0.6910,  0.252053
0.6915,  0.244218
0.6920,  0.239506
0.6925,  0.235342
0.6930,  0.234318
0.6935,  0.230298
0.6940,  0.228703
0.6945,  0.229708
0.6950,  0.227150
0.6955,  0.220383
0.6960,  0.209239
0.6965,  0.203866
0.6970,  0.199426
0.6975,  0.201818
0.6980,  0.206693
0.6985,  0.211922
0.6990,  0.216645
0.6995,  0.214456
0.7000,  0.212153
0.7005,  0.206932
0.7010,  0.200096
0.7015,  0.204278
0.7020,  0.209354
0.7025,  0.211804
0.7030,  0.210201
0.7035,  0.212127
0.7040,  0.213776
0.7045,  0.215326
0.7050,  0.220610
0.7055,  0.213961
0.7060,  0.206203
0.7065,  0.199931
0.7070,  0.197273
0.7075,  0.195135
0.7080,  0.194021
0.7085,  0.192644
0.7090,  0.194027
0.7095,  0.196630
0.7100,  0.199499
0.7105,  0.197580
0.7110,  0.195839
0.7115,  0.193282
0.7120,  0.192366
0.7125,  0.193185
0.7130,  0.197152
0.7135,  0.199512
0.7140,  0.204887
0.7145,  0.207549
0.7150,  0.213352
0.7155,  0.227272
0.7160,  0.249023
0.7165,  0.278194
0.7170,  0.311332
0.7175,  0.342454
0.7180,  0.368633
0.7185,  0.390401
0.7190,  0.398304
0.7195,  0.400963
0.7200,  0.386567
0.7205,  0.367330
0.7210,  0.341121
0.7215,  0.318711
0.7220,  0.308692
0.7225,  0.315270
0.7230,  0.326399
0.7235,  0.341296
0.7240,  0.357300
0.7245,  0.368138
0.7250,  0.375510
0.7255,  0.372884
0.7260,  0.370510
0.7265,  0.364641
0.7270,  0.358983
0.7275,  0.357500
0.7280,  0.357623
0.7285,  0.353611
0.7290,  0.347836
0.7295,  0.342829
0.7300,  0.338404
0.7305,  0.334956
0.7310,  0.329353
0.7315,  0.318152
0.7320,  0.302904
0.7325,  0.281741
0.7330,  0.265891
0.7335,  0.253907
0.7340,  0.245764
0.7345,  0.241236
0.7350,  0.239268
0.7355,  0.239933
0.7360,  0.237762
0.7365,  0.236177
0.7370,  0.229174
0.7375,  0.221727
0.7380,  0.217925
0.7385,  0.215500
0.7390,  0.210828
0.7395,  0.207353
0.7400,  0.201966
0.7405,  0.199662
0.7410,  0.191832
0.7415,  0.192963
0.7420,  0.195161
0.7425,  0.199998
0.7430,  0.203741
0.7435,  0.200764
0.7440,  0.202668
0.7445,  0.203095
0.7450,  0.199845
0.7455,  0.199754
0.7460,  0.198467
0.7465,  0.199778
0.7470,  0.196920
0.7475,  0.191289
0.7480,  0.188449
0.7485,  0.188199
0.7490,  0.183326
0.7495,  0.185856
0.7500,  0.191449
0.7505,  0.194854
0.7510,  0.193609
0.7515,  0.196029
0.7520,  0.195988
0.7525,  0.189726
0.7530,  0.185510
0.7535,  0.182827
0.7540,  0.182086
0.7545,  0.179807
0.7550,  0.182574
0.7555,  0.185818
0.7560,  0.191172
0.7565,  0.187570
0.7570,  0.185206
0.7575,  0.193820
0.7580,  0.219690
0.7585,  0.280212
0.7590,  0.384473
0.7595,  0.540328
0.7600,  0.706087
0.7605,  0.824719
0.7610,  0.862886
0.7615,  0.845412
0.7620,  0.820936
0.7625,  0.820079
0.7630,  0.808048
0.7635,  0.769109
0.7640,  0.718756
0.7645,  0.652056
0.7650,  0.575490
0.7655,  0.502568
0.7660,  0.434242
0.7665,  0.367450
0.7670,  0.314199
0.7675,  0.281984
0.7680,  0.255730
0.7685,  0.240951
0.7690,  0.232930
0.7695,  0.223468
0.7700,  0.212620
0.7705,  0.207204
0.7710,  0.203861
0.7715,  0.195914
0.7720,  0.194804
0.7725,  0.198046
0.7730,  0.201986
0.7735,  0.203687
0.7740,  0.199116
0.7745,  0.193785
0.7750,  0.187054
0.7755,  0.189088
0.7760,  0.189981
0.7765,  0.187861
0.7770,  0.191800
0.7775,  0.190084
0.7780,  0.190184
0.7785,  0.185142
0.7790,  0.186765
0.7795,  0.186965
0.7800,  0.191044
0.7805,  0.191409
0.7810,  0.202343
0.7815,  0.202858
0.7820,  0.201596
0.7825,  0.194533
0.7830,  0.186075
0.7835,  0.189017
0.7840,  0.195075
0.7845,  0.203899
0.7850,  0.203646
0.7855,  0.203636
0.7860,  0.200335
0.7865,  0.196799
0.7870,  0.203038
0.7875,  0.206774
0.7880,  0.213980
0.7885,  0.218630
0.7890,  0.223414
0.7895,  0.227540
0.7900,  0.226009
0.7905,  0.219848
0.7910,  0.220833
0.7915,  0.226649
0.7920,  0.232112
0.7925,  0.230563
0.7930,  0.224629
0.7935,  0.219691
0.7940,  0.211717
0.7945,  0.208801
0.7950,  0.207649
0.7955,  0.220571
0.7960,  0.228642
0.7965,  0.223580
0.7970,  0.223182
0.7975,  0.217269
0.7980,  0.213311
0.7985,  0.213189
0.7990,  0.215269
0.7995,  0.227152
0.8000,  0.230731
0.8005,  0.235360
0.8010,  0.243465
0.8015,  0.240900
0.8020,  0.244335
0.8025,  0.246242
0.8030,  0.239949
0.8035,  0.229232
0.8040,  0.220308
0.8045,  0.213227
0.8050,  0.213485
0.8055,  0.215736
0.8060,  0.213821
0.8065,  0.212097
0.8070,  0.216508
0.8075,  0.228054
0.8080,  0.223986
0.8085,  0.219019
0.8090,  0.213329
0.8095,  0.221312
0.8100,  0.227653
0.8105,  0.235119
0.8110,  0.242728
0.8115,  0.249173
0.8120,  0.265338
0.8125,  0.279936
0.8130,  0.298275
0.8135,  0.324057
0.8140,  0.347716
0.8145,  0.365050
0.8150,  0.387885
0.8155,  0.404047
0.8160,  0.418949
0.8165,  0.426063
0.8170,  0.429794
0.8175,  0.423780
0.8180,  0.423221
0.8185,  0.423103
0.8190,  0.407824
0.8195,  0.389831
0.8200,  0.372772
0.8205,  0.356268
0.8210,  0.349752
0.8215,  0.358112
0.8220,  0.384104
0.8225,  0.419391
0.8230,  0.429354
0.8235,  0.411503
0.8240,  0.373149
0.8245,  0.341613
0.8250,  0.327258
0.8255,  0.319696
0.8260,  0.321423
0.8265,  0.332443
0.8270,  0.344211
0.8275,  0.351286
0.8280,  0.362385
0.8285,  0.354166
0.8290,  0.355737
0.8295,  0.353521
0.8300,  0.339703
0.8305,  0.333487
0.8310,  0.322847
0.8315,  0.313240
0.8320,  0.311589
0.8325,  0.308535
0.8330,  0.300572
0.8335,  0.292970
0.8340,  0.284782
0.8345,  0.280196
0.8350,  0.281083
0.8355,  0.284518
0.8360,  0.284082
0.8365,  0.277667
0.8370,  0.266160
0.8375,  0.258290
0.8380,  0.244130
0.8385,  0.240246
0.8390,  0.223066
0.8395,  0.216401
0.8400,  0.214461
0.8405,  0.223914
0.8410,  0.228369
0.8415,  0.229933
0.8420,  0.220193
0.8425,  0.222189
0.8430,  0.222831
0.8435,  0.224199
0.8440,  0.230326
0.8445,  0.220234
0.8450,  0.214406
0.8455,  0.211239
0.8460,  0.219260
0.8465,  0.232042
0.8470,  0.237580
0.8475,  0.235941
0.8480,  0.230473
0.8485,  0.223624
0.8490,  0.209373
0.8495,  0.201436
0.8500,  0.190556
0.8505,  0.196188
0.8510,  0.200899
0.8515,  0.214583
0.8520,  0.223180
0.8525,  0.208787
0.8530,  0.210011
0.8535,  0.195734
0.8540,  0.174599
0.8545,  0.196891
0.8550,  0.207030
0.8555,  0.211739
0.8560,  0.211200
0.8565,  0.202532
0.8570,  0.210159
0.8575,  0.213394
0.8580,  0.210224
0.8585,  0.213649
0.8590,  0.228813
0.8595,  0.234832
0.8600,  0.236024
0.8605,  0.223357
0.8610,  0.215167
0.8615,  0.216603
0.8620,  0.216298
0.8625,  0.213770
0.8630,  0.208963
0.8635,  0.204682
0.8640,  0.221984
0.8645,  0.216513
0.8650,  0.215278
0.8655,  0.214873
0.8660,  0.205241
0.8665,  0.224395
0.8670,  0.222368
0.8675,  0.206272
0.8680,  0.193812
0.8685,  0.192010
0.8690,  0.204504
0.8695,  0.229029
0.8700,  0.234838
0.8705,  0.228373
0.8710,  0.228910
0.8715,  0.222726
0.8720,  0.225394
0.8725,  0.229513
0.8730,  0.233551
0.8735,  0.231507
0.8740,  0.242672
0.8745,  0.244324
0.8750,  0.234660
0.8755,  0.244886
0.8760,  0.248117
0.8765,  0.244455
0.8770,  0.245968
0.8775,  0.256368
0.8780,  0.248632
0.8785,  0.225046
0.8790,  0.210803
0.8795,  0.208668
0.8800,  0.223024
0.8805,  0.237161
0.8810,  0.226194
0.8815,  0.226044
0.8820,  0.232138
0.8825,  0.230910
0.8830,  0.230904
0.8835,  0.223240
0.8840,  0.226403
0.8845,  0.222273
0.8850,  0.229302
0.8855,  0.231315
0.8860,  0.241140
0.8865,  0.243186
0.8870,  0.255624
0.8875,  0.257993
0.8880,  0.239689
0.8885,  0.226691
0.8890,  0.237795
0.8895,  0.257887
0.8900,  0.272605
