0.3500,  0.350701
0.3505,  0.421968
0.3510,  0.385158
0.3515,  0.346501
0.3520,  0.307619
0.3525,  0.260774
0.3530,  0.293382
0.3535,  0.323974
0.3540,  0.331976
0.3545,  0.356788
0.3550,  0.349147
0.3555,  0.350633
0.3560,  0.324867
0.3565,  0.304794
0.3570,  0.280458
0.3575,  0.250242
0.3580,  0.205343
0.3585,  0.137156
0.3590,  0.281093
0.3595,  0.403041
0.3600,  0.380806
0.3605,  0.357225
0.3610,  0.303648
0.3615,  0.240880
0.3620,  0.285158
0.3625,  0.330271
0.3630,  0.323439
0.3635,  0.313934
0.3640,  0.309860
0.3645,  0.296852
0.3650,  0.335897
0.3655,  0.369544
0.3660,  0.378220
0.3665,  0.389814
0.3670,  0.358597
0.3675,  0.325436
0.3680,  0.282720
0.3685,  0.246724
0.3690,  0.294648
0.3695,  0.341637
0.3700,  0.318727
0.3705,  0.299683
0.3710,  0.322883
0.3715,  0.349690
0.3720,  0.328170
0.3725,  0.304279
0.3730,  0.264370
0.3735,  0.218965
0.3740,  0.222421
0.3745,  0.221695
0.3750,  0.292251
0.3755,  0.349135
0.3760,  0.339454
0.3765,  0.322159
0.3770,  0.369745
0.3775,  0.416185
0.3780,  0.413997
0.3785,  0.419630
0.3790,  0.335633
0.3795,  0.244309
0.3800,  0.297738
0.3805,  0.347446
0.3810,  0.314883
0.3815,  0.295650
0.3820,  0.212487
0.3825,  0.107678
0.3830,  0.076249
0.3835,  0.026018
0.3840,  0.180842
0.3845,  0.307326
0.3850,  0.324236
0.3855,  0.341360
0.3860,  0.332637
0.3865,  0.325032
0.3870,  0.314927
0.3875,  0.301199
0.3880,  0.279391
0.3885,  0.253814
0.3890,  0.307350
0.3895,  0.351590
0.3900,  0.347008
0.3905,  0.341011
0.3910,  0.357560
0.3915,  0.396374
0.3920,  0.315493
0.3925,  0.228993
0.3930,  0.066575
0.3935,  -0.172916
0.3940,  0.103403
0.3945,  0.295717
0.3950,  0.392201
0.3955,  0.484074
0.3960,  0.323246
0.3965,  0.117715
0.3970,  0.127384
0.3975,  0.117168
0.3980,  0.296902
0.3985,  0.426069
0.3990,  0.417093
0.3995,  0.418037
0.4000,  0.394675
0.4005,  0.370801
0.4010,  0.359753
0.4015,  0.351019
0.4020,  0.331185
0.4025,  0.318511
0.4030,  0.291030
0.4035,  0.266855
0.4040,  0.261290
0.4045,  0.259058
0.4050,  0.260008
0.4055,  0.260122
0.4060,  0.243751
0.4065,  0.230236
0.4070,  0.244431
0.4075,  0.253551
0.4080,  0.280194
0.4085,  0.309067
0.4090,  0.306761
0.4095,  0.301698
0.4100,  0.254788
0.4105,  0.199976
0.4110,  0.259671
0.4115,  0.311239
0.4120,  0.292870
0.4125,  0.275908
0.4130,  0.262689
0.4135,  0.256948
0.4140,  0.255035
0.4145,  0.252740
0.4150,  0.252765
0.4155,  0.249824
0.4160,  0.270181
0.4165,  0.295665
0.4170,  0.259174
0.4175,  0.215947
0.4180,  0.220743
0.4185,  0.227378
0.4190,  0.229576
0.4195,  0.230158
0.4200,  0.244236
0.4205,  0.260680
0.4210,  0.270134
0.4215,  0.282955
0.4220,  0.241261
0.4225,  0.191131
0.4230,  0.223394
0.4235,  0.253258
0.4240,  0.259345
0.4245,  0.267891
0.4250,  0.250574
0.4255,  0.234890
0.4260,  0.239224
0.4265,  0.245212
0.4270,  0.223611
0.4275,  0.195565
0.4280,  0.205059
0.4285,  0.220373
0.4290,  0.212485
0.4295,  0.207735
0.4300,  0.128183
0.4305,  0.022811
0.4310,  0.200494
0.4315,  0.327177
0.4320,  0.290441
0.4325,  0.255304
0.4330,  0.260289
0.4335,  0.269768
0.4340,  0.247007
0.4345,  0.227048
0.4350,  0.231301
0.4355,  0.232128
0.4360,  0.267863
0.4365,  0.306237
0.4370,  0.276252
0.4375,  0.252859
0.4380,  0.203900
0.4385,  0.144849
0.4390,  0.207942
0.4395,  0.263776
0.4400,  0.232892
0.4405,  0.198617
0.4410,  0.241670
0.4415,  0.281038
0.4420,  0.282366
0.4425,  0.284255
0.4430,  0.263435
0.4435,  0.244545
0.4440,  0.255083
0.4445,  0.266288
0.4450,  0.231937
0.4455,  0.191380
0.4460,  0.201472
0.4465,  0.210784
0.4470,  0.243165
0.4475,  0.275680
0.4480,  0.251323
0.4485,  0.225164
0.4490,  0.228567
0.4495,  0.232938
0.4500,  0.248771
0.4505,  0.267439
0.4510,  0.259779
0.4515,  0.254502
0.4520,  0.224794
0.4525,  0.194670
0.4530,  0.200839
0.4535,  0.208627
0.4540,  0.212640
0.4545,  0.213025
0.4550,  0.221357
0.4555,  0.230412
0.4560,  0.238454
0.4565,  0.246407
0.4570,  0.250124
0.4575,  0.255171
0.4580,  0.230578
0.4585,  0.206428
0.4590,  0.214772
0.4595,  0.220834
0.4600,  0.223399
0.4605,  0.224299
0.4610,  0.221022
0.4615,  0.217933
0.4620,  0.225755
0.4625,  0.237179
0.4630,  0.225644
0.4635,  0.220548
0.4640,  0.216779
0.4645,  0.209280
0.4650,  0.226136
0.4655,  0.245686
0.4660,  0.221721
0.4665,  0.196548
0.4670,  0.218951
0.4675,  0.238238
0.4680,  0.234909
0.4685,  0.233341
0.4690,  0.236058
0.4695,  0.238926
0.4700,  0.219638
0.4705,  0.197028
0.4710,  0.226475
0.4715,  0.253173
0.4720,  0.255108
0.4725,  0.255751
0.4730,  0.244956
0.4735,  0.232616
0.4740,  0.240905
0.4745,  0.251700
0.4750,  0.243861
0.4755,  0.235823
0.4760,  0.222670
0.4765,  0.212050
0.4770,  0.238573
0.4775,  0.260939
0.4780,  0.243997
0.4785,  0.228655
0.4790,  0.242591
0.4795,  0.254575
0.4800,  0.242532
0.4805,  0.231990
0.4810,  0.242151
0.4815,  0.249922
0.4820,  0.236498
0.4825,  0.227406
0.4830,  0.231145
0.4835,  0.237382
0.4840,  0.238299
0.4845,  0.245690
0.4850,  0.236510
0.4855,  0.224315
0.4860,  0.189886
0.4865,  0.142438
0.4870,  0.188810
0.4875,  0.228734
0.4880,  0.238028
0.4885,  0.246809
0.4890,  0.245973
0.4895,  0.246882
0.4900,  0.250324
0.4905,  0.259405
0.4910,  0.238112
0.4915,  0.216639
0.4920,  0.220015
0.4925,  0.220484
0.4930,  0.213450
0.4935,  0.203447
0.4940,  0.232878
0.4945,  0.263709
0.4950,  0.232863
0.4955,  0.203295
0.4960,  0.222677
0.4965,  0.241613
0.4970,  0.245022
0.4975,  0.249810
0.4980,  0.220481
0.4985,  0.188564
0.4990,  0.214647
0.4995,  0.242063
0.5000,  0.224741
0.5005,  0.204703
0.5010,  0.199042
0.5015,  0.189590
0.5020,  0.206438
0.5025,  0.223937
0.5030,  0.232805
0.5035,  0.240106
0.5040,  0.223983
0.5045,  0.205810
0.5050,  0.226873
0.5055,  0.248841
0.5060,  0.239611
0.5065,  0.232316
0.5070,  0.222451
0.5075,  0.211733
0.5080,  0.214042
0.5085,  0.214092
0.5090,  0.210449
0.5095,  0.206685
0.5100,  0.211632
0.5105,  0.218024
0.5110,  0.229692
0.5115,  0.239880
0.5120,  0.214093
0.5125,  0.191689
0.5130,  0.199356
0.5135,  0.202344
0.5140,  0.208452
0.5145,  0.213243
0.5150,  0.221476
0.5155,  0.236862
0.5160,  0.199662
0.5165,  0.159210
0.5170,  0.184878
0.5175,  0.205399
0.5180,  0.187171
0.5185,  0.161421
0.5190,  0.194645
0.5195,  0.226254
0.5200,  0.217542
0.5205,  0.210160
0.5210,  0.220365
0.5215,  0.232707
0.5220,  0.212482
0.5225,  0.189857
0.5230,  0.201090
0.5235,  0.210296
0.5240,  0.219015
0.5245,  0.230478
0.5250,  0.228860
0.5255,  0.232902
0.5260,  0.187268
0.5265,  0.133788
0.5270,  0.171828
0.5275,  0.201049
0.5280,  0.206099
0.5285,  0.211139
0.5290,  0.207607
0.5295,  0.205058
0.5300,  0.207857
0.5305,  0.212011
0.5310,  0.215950
0.5315,  0.224865
0.5320,  0.190971
0.5325,  0.150497
0.5330,  0.187802
0.5335,  0.220597
0.5340,  0.203047
0.5345,  0.184076
0.5350,  0.208900
0.5355,  0.234200
0.5360,  0.208551
0.5365,  0.184391
0.5370,  0.187651
0.5375,  0.191036
0.5380,  0.198428
0.5385,  0.209160
0.5390,  0.199317
0.5395,  0.190410
0.5400,  0.182390
0.5405,  0.170658
0.5410,  0.196835
0.5415,  0.220869
0.5420,  0.204743
0.5425,  0.187306
0.5430,  0.195326
0.5435,  0.202995
0.5440,  0.200657
0.5445,  0.200762
0.5450,  0.208008
0.5455,  0.214171
0.5460,  0.210929
0.5465,  0.207992
0.5470,  0.199091
0.5475,  0.187604
0.5480,  0.191435
0.5485,  0.195486
0.5490,  0.200270
0.5495,  0.206572
0.5500,  0.199670
0.5505,  0.192672
0.5510,  0.194839
0.5515,  0.198377
0.5520,  0.196971
0.5525,  0.192769
0.5530,  0.198810
0.5535,  0.205567
0.5540,  0.205925
0.5545,  0.208174
0.5550,  0.210317
0.5555,  0.214106
0.5560,  0.200431
0.5565,  0.187475
0.5570,  0.196274
0.5575,  0.207246
0.5580,  0.198696
0.5585,  0.189748
0.5590,  0.194056
0.5595,  0.198875
0.5600,  0.203188
0.5605,  0.207079
0.5610,  0.200650
0.5615,  0.193542
0.5620,  0.198084
0.5625,  0.205038
0.5630,  0.209363
0.5635,  0.212819
0.5640,  0.213611
0.5645,  0.215542
0.5650,  0.207577
0.5655,  0.196604
0.5660,  0.200886
0.5665,  0.205988
0.5670,  0.219495
0.5675,  0.233801
0.5680,  0.216548
0.5685,  0.200136
0.5690,  0.213497
0.5695,  0.228525
0.5700,  0.211571
0.5705,  0.188518
0.5710,  0.196387
0.5715,  0.202163
0.5720,  0.212465
0.5725,  0.225214
0.5730,  0.220755
0.5735,  0.217467
0.5740,  0.216261
0.5745,  0.214919
0.5750,  0.208892
0.5755,  0.201264
0.5760,  0.203159
0.5765,  0.206359
0.5770,  0.209335
0.5775,  0.213359
0.5780,  0.194712
0.5785,  0.174936
0.5790,  0.183314
0.5795,  0.191765
0.5800,  0.193295
0.5805,  0.195122
0.5810,  0.198081
0.5815,  0.199663
0.5820,  0.201909
0.5825,  0.203429
0.5830,  0.197844
0.5835,  0.194239
0.5840,  0.196719
0.5845,  0.201915
0.5850,  0.188908
0.5855,  0.174895
0.5860,  0.188297
0.5865,  0.203404
0.5870,  0.216312
0.5875,  0.234612
0.5880,  0.230710
0.5885,  0.220052
0.5890,  0.191273
0.5895,  0.154607
0.5900,  0.200903
0.5905,  0.245423
0.5910,  0.236979
0.5915,  0.226425
0.5920,  0.224082
0.5925,  0.223610
0.5930,  0.219971
0.5935,  0.221835
0.5940,  0.218117
0.5945,  0.213819
0.5950,  0.217142
0.5955,  0.218472
0.5960,  0.219804
0.5965,  0.222072
0.5970,  0.214379
0.5975,  0.207122
0.5980,  0.200706
0.5985,  0.196076
0.5990,  0.204014
0.5995,  0.211812
0.6000,  0.208333
0.6005,  0.203696
0.6010,  0.204156
0.6015,  0.201683
0.6020,  0.188501
0.6025,  0.175421
0.6030,  0.187048
0.6035,  0.201115
0.6040,  0.200145
0.6045,  0.202851
0.6050,  0.203421
0.6055,  0.201629
0.6060,  0.199411
0.6065,  0.196859
0.6070,  0.196733
0.6075,  0.199165
0.6080,  0.199410
0.6085,  0.199044
0.6090,  0.202700
0.6095,  0.205683
0.6100,  0.196528
0.6105,  0.184570
0.6110,  0.192978
0.6115,  0.202756
0.6120,  0.194748
0.6125,  0.188676
0.6130,  0.188800
0.6135,  0.188023
0.6140,  0.200806
0.6145,  0.211666
0.6150,  0.214597
0.6155,  0.215709
0.6160,  0.188994
0.6165,  0.158309
0.6170,  0.178735
0.6175,  0.199768
0.6180,  0.203928
0.6185,  0.210765
0.6190,  0.210428
0.6195,  0.208969
0.6200,  0.214174
0.6205,  0.218550
0.6210,  0.206772
0.6215,  0.194719
0.6220,  0.200246
0.6225,  0.209479
0.6230,  0.202255
0.6235,  0.196786
0.6240,  0.202863
0.6245,  0.205579
0.6250,  0.201164
0.6255,  0.194772
0.6260,  0.209925
0.6265,  0.227190
0.6270,  0.229522
0.6275,  0.233731
0.6280,  0.237381
0.6285,  0.240755
0.6290,  0.239765
0.6295,  0.237445
0.6300,  0.230829
0.6305,  0.220868
0.6310,  0.211599
0.6315,  0.208311
0.6320,  0.204763
0.6325,  0.204958
0.6330,  0.204938
0.6335,  0.206385
0.6340,  0.209694
0.6345,  0.213729
0.6350,  0.216189
0.6355,  0.213083
0.6360,  0.209630
0.6365,  0.203771
0.6370,  0.195134
0.6375,  0.191414
0.6380,  0.193025
0.6385,  0.198731
0.6390,  0.205261
0.6395,  0.207299
0.6400,  0.207048
0.6405,  0.204027
0.6410,  0.199824
0.6415,  0.198289
0.6420,  0.194678
0.6425,  0.190308
0.6430,  0.186680
0.6435,  0.187826
0.6440,  0.191101
0.6445,  0.201110
0.6450,  0.212599
0.6455,  0.217480
0.6460,  0.220201
0.6465,  0.222503
0.6470,  0.221388
0.6475,  0.216009
0.6480,  0.212083
0.6485,  0.206097
0.6490,  0.197754
0.6495,  0.201446
0.6500,  0.204950
0.6505,  0.211434
0.6510,  0.218612
0.6515,  0.216435
0.6520,  0.214334
0.6525,  0.211202
0.6530,  0.210282
0.6535,  0.203877
0.6540,  0.203776
0.6545,  0.210711
0.6550,  0.221734
0.6555,  0.217482
0.6560,  0.197158
0.6565,  0.164378
0.6570,  0.126864
0.6575,  0.137690
0.6580,  0.154616
0.6585,  0.172576
0.6590,  0.189351
0.6595,  0.186277
0.6600,  0.181346
0.6605,  0.176253
0.6610,  0.174159
0.6615,  0.169366
0.6620,  0.166358
0.6625,  0.165340
0.6630,  0.166966
0.6635,  0.174032
0.6640,  0.177515
0.6645,  0.179844
0.6650,  0.181449
0.6655,  0.176981
0.6660,  0.172792
0.6665,  0.169023
0.6670,  0.163146
0.6675,  0.164782
0.6680,  0.159514
0.6685,  0.157929
0.6690,  0.160699
0.6695,  0.161192
0.6700,  0.164146
0.6705,  0.165669
0.6710,  0.167282
0.6715,  0.170448
0.6720,  0.170234
0.6725,  0.168774
0.6730,  0.164548
0.6735,  0.159520
0.6740,  0.160229
0.6745,  0.157449
0.6750,  0.156047
0.6755,  0.160332
0.6760,  0.165154
0.6765,  0.166911
0.6770,  0.168745
0.6775,  0.172135
0.6780,  0.172870
0.6785,  0.171374
0.6790,  0.168986
0.6795,  0.165750
0.6800,  0.163112
0.6805,  0.163640
0.6810,  0.162174
0.6815,  0.161568
0.6820,  0.165564
0.6825,  0.172374
0.6830,  0.180408
0.6835,  0.183377
0.6840,  0.184218
0.6845,  0.184912
0.6850,  0.194998
0.6855,  0.218680
0.6860,  0.250857
0.6865,  0.281037
0.6870,  0.301113
0.6875,  0.302843
0.6880,  0.301452
0.6885,  0.295464
0.6890,  0.291762
0.6895,  0.284206
0.6900,  0.275171
0.6905,  0.266538
0.6910,  0.256784
0.6915,  0.250097
0.6920,  0.244126
0.6925,  0.241727
0.6930,  0.244006
0.6935,  0.241287
0.6940,  0.240821
0.6945,  0.235093
0.6950,  0.228885
0.6955,  0.218731
0.6960,  0.213935
0.6965,  0.211014
0.6970,  0.210295
0.6975,  0.214200
0.6980,  0.221834
0.6985,  0.228593
0.6990,  0.231278
0.6995,  0.228221
0.7000,  0.221607
0.7005,  0.219441
0.7010,  0.216718
0.7015,  0.217534
0.7020,  0.217396
0.7025,  0.216289
0.7030,  0.214478
0.7035,  0.213773
0.7040,  0.218006
0.7045,  0.221135
0.7050,  0.222581
0.7055,  0.217134
0.7060,  0.211282
0.7065,  0.203389
0.7070,  0.197078
0.7075,  0.193718
0.7080,  0.191655
0.7085,  0.192277
0.7090,  0.193476
0.7095,  0.192743
0.7100,  0.192913
0.7105,  0.190784
0.7110,  0.193483
0.7115,  0.197266
0.7120,  0.198346
0.7125,  0.198518
0.7130,  0.198440
0.7135,  0.198711
0.7140,  0.207067
0.7145,  0.216243
0.7150,  0.226896
0.7155,  0.248368
0.7160,  0.282055
0.7165,  0.313437
0.7170,  0.348189
0.7175,  0.379121
0.7180,  0.403572
0.7185,  0.422615
0.7190,  0.422257
0.7195,  0.411358
0.7200,  0.386821
0.7205,  0.357604
0.7210,  0.333108
0.7215,  0.317409
0.7220,  0.324143
0.7225,  0.340532
0.7230,  0.359120
0.7235,  0.375061
0.7240,  0.388506
0.7245,  0.392478
0.7250,  0.389893
0.7255,  0.384225
0.7260,  0.381134
0.7265,  0.379371
0.7270,  0.377797
0.7275,  0.368895
0.7280,  0.359833
0.7285,  0.355058
0.7290,  0.351980
0.7295,  0.352341
0.7300,  0.348176
0.7305,  0.336654
0.7310,  0.323766
0.7315,  0.304545
0.7320,  0.285310
0.7325,  0.273017
0.7330,  0.262503
0.7335,  0.249512
0.7340,  0.244950
0.7345,  0.240963
0.7350,  0.241958
0.7355,  0.246044
0.7360,  0.244620
0.7365,  0.236952
0.7370,  0.231119
0.7375,  0.225233
0.7380,  0.219998
0.7385,  0.213928
0.7390,  0.209029
0.7395,  0.206838
0.7400,  0.203158
0.7405,  0.199432
0.7410,  0.195721
0.7415,  0.201693
0.7420,  0.200252
0.7425,  0.194572
0.7430,  0.191623
0.7435,  0.183619
0.7440,  0.179951
0.7445,  0.180405
0.7450,  0.182042
0.7455,  0.182538
0.7460,  0.181705
0.7465,  0.184207
0.7470,  0.187715
0.7475,  0.183118
0.7480,  0.182558
0.7485,  0.184022
0.7490,  0.184240
0.7495,  0.179071
0.7500,  0.174667
0.7505,  0.171673
0.7510,  0.169175
0.7515,  0.170648
0.7520,  0.174436
0.7525,  0.177341
0.7530,  0.174819
0.7535,  0.175843
0.7540,  0.170694
0.7545,  0.166306
0.7550,  0.165414
0.7555,  0.164297
0.7560,  0.161203
0.7565,  0.164263
0.7570,  0.166539
0.7575,  0.182373
0.7580,  0.226533
0.7585,  0.316171
0.7590,  0.458674
0.7595,  0.629590
0.7600,  0.764008
0.7605,  0.823588
0.7610,  0.811464
0.7615,  0.776435
0.7620,  0.742293
0.7625,  0.738406
0.7630,  0.732665
0.7635,  0.703416
0.7640,  0.654758
0.7645,  0.587627
0.7650,  0.518120
0.7655,  0.450192
0.7660,  0.388894
0.7665,  0.333745
0.7670,  0.284354
0.7675,  0.257462
0.7680,  0.236628
0.7685,  0.224786
0.7690,  0.209308
0.7695,  0.202181
0.7700,  0.194846
0.7705,  0.191149
0.7710,  0.188859
0.7715,  0.187673
0.7720,  0.188570
0.7725,  0.184852
0.7730,  0.182275
0.7735,  0.177804
0.7740,  0.168642
0.7745,  0.158755
0.7750,  0.156892
0.7755,  0.159704
0.7760,  0.164014
0.7765,  0.170943
0.7770,  0.172162
0.7775,  0.171175
0.7780,  0.168338
0.7785,  0.165281
0.7790,  0.160887
0.7795,  0.161931
0.7800,  0.159858
0.7805,  0.158955
0.7810,  0.157672
0.7815,  0.158095
0.7820,  0.162093
0.7825,  0.164593
0.7830,  0.166226
0.7835,  0.167707
0.7840,  0.169336
0.7845,  0.170217
0.7850,  0.172123
0.7855,  0.165966
0.7860,  0.165940
0.7865,  0.168735
0.7870,  0.175949
0.7875,  0.184399
0.7880,  0.197777
0.7885,  0.203855
0.7890,  0.207780
0.7895,  0.208123
0.7900,  0.205337
0.7905,  0.214582
0.7910,  0.210579
0.7915,  0.204378
0.7920,  0.205385
0.7925,  0.211369
0.7930,  0.206575
0.7935,  0.206091
0.7940,  0.203664
0.7945,  0.203502
0.7950,  0.202632
0.7955,  0.201126
0.7960,  0.203985
0.7965,  0.206059
0.7970,  0.200627
0.7975,  0.190939
0.7980,  0.186648
0.7985,  0.182716
0.7990,  0.181488
0.7995,  0.189094
0.8000,  0.195513
0.8005,  0.197324
0.8010,  0.200355
0.8015,  0.197570
0.8020,  0.202662
0.8025,  0.199054
0.8030,  0.193983
0.8035,  0.193431
0.8040,  0.189299
0.8045,  0.186202
0.8050,  0.182266
0.8055,  0.179654
0.8060,  0.181962
0.8065,  0.184519
0.8070,  0.183867
0.8075,  0.180000
0.8080,  0.182765
0.8085,  0.179751
0.8090,  0.179830
0.8095,  0.191549
0.8100,  0.203166
0.8105,  0.215237
0.8110,  0.228287
0.8115,  0.246194
0.8120,  0.266217
0.8125,  0.294378
0.8130,  0.316850
0.8135,  0.335246
0.8140,  0.345669
0.8145,  0.359296
0.8150,  0.373223
0.8155,  0.391202
0.8160,  0.406377
0.8165,  0.414429
0.8170,  0.408251
0.8175,  0.399316
0.8180,  0.389384
0.8185,  0.382999
0.8190,  0.353916
0.8195,  0.334444
0.8200,  0.313075
0.8205,  0.298681
0.8210,  0.308094
0.8215,  0.340413
0.8220,  0.378673
0.8225,  0.398352
0.8230,  0.404157
0.8235,  0.371861
0.8240,  0.333177
0.8245,  0.306007
0.8250,  0.288851
0.8255,  0.285636
0.8260,  0.283045
0.8265,  0.274818
0.8270,  0.288514
0.8275,  0.305395
0.8280,  0.320882
0.8285,  0.324330
0.8290,  0.314367
0.8295,  0.298617
0.8300,  0.283567
0.8305,  0.283457
0.8310,  0.280252
0.8315,  0.277954
0.8320,  0.271052
0.8325,  0.265518
0.8330,  0.249677
0.8335,  0.244672
0.8340,  0.228683
0.8345,  0.217742
0.8350,  0.209971
0.8355,  0.204806
0.8360,  0.208733
0.8365,  0.208687
0.8370,  0.205562
0.8375,  0.200253
0.8380,  0.190194
0.8385,  0.187571
0.8390,  0.185407
0.8395,  0.182103
0.8400,  0.178744
0.8405,  0.172103
0.8410,  0.170416
0.8415,  0.166396
0.8420,  0.164659
0.8425,  0.177135
0.8430,  0.182392
0.8435,  0.182902
0.8440,  0.178145
0.8445,  0.171330
0.8450,  0.164689
0.8455,  0.159996
0.8460,  0.160259
0.8465,  0.171418
0.8470,  0.176370
0.8475,  0.175354
0.8480,  0.178442
0.8485,  0.166264
0.8490,  0.156784
0.8495,  0.147796
0.8500,  0.129497
0.8505,  0.133627
0.8510,  0.129813
0.8515,  0.141694
0.8520,  0.162988
0.8525,  0.164764
0.8530,  0.165056
0.8535,  0.150560
0.8540,  0.135750
0.8545,  0.156165
0.8550,  0.162369
0.8555,  0.147188
0.8560,  0.148781
0.8565,  0.150870
0.8570,  0.157353
0.8575,  0.152907
0.8580,  0.153010
0.8585,  0.140785
0.8590,  0.146796
0.8595,  0.152174
0.8600,  0.155740
0.8605,  0.149568
0.8610,  0.139867
0.8615,  0.138993
0.8620,  0.130114
0.8625,  0.143805
0.8630,  0.151381
0.8635,  0.150006
0.8640,  0.154763
0.8645,  0.152060
0.8650,  0.153328
0.8655,  0.155056
0.8660,  0.132807
0.8665,  0.122653
0.8670,  0.117504
0.8675,  0.108417
0.8680,  0.112920
0.8685,  0.119161
0.8690,  0.118257
0.8695,  0.134432
0.8700,  0.142305
0.8705,  0.135150
0.8710,  0.128014
0.8715,  0.128363
0.8720,  0.138925
0.8725,  0.146119
0.8730,  0.144604
0.8735,  0.145781
0.8740,  0.152544
0.8745,  0.158519
0.8750,  0.151143
0.8755,  0.150100
0.8760,  0.147342
0.8765,  0.150709
0.8770,  0.149289
0.8775,  0.144329
0.8780,  0.155484
0.8785,  0.145592
0.8790,  0.146271
0.8795,  0.160446
0.8800,  0.172584
0.8805,  0.165752
0.8810,  0.160739
0.8815,  0.147012
0.8820,  0.128614
0.8825,  0.126790
0.8830,  0.126252
0.8835,  0.116934
0.8840,  0.125866
0.8845,  0.130140
0.8850,  0.143171
0.8855,  0.157085
0.8860,  0.153892
0.8865,  0.156716
0.8870,  0.160763
0.8875,  0.165988
0.8880,  0.159702
0.8885,  0.151325
0.8890,  0.134060
0.8895,  0.145657
0.8900,  0.142946
