0.3500,  0.346501
0.3505,  0.405200
0.3510,  0.370271
0.3515,  0.330908
0.3520,  0.273320
0.3525,  0.225542
0.3530,  0.264633
0.3535,  0.312987
0.3540,  0.341624
0.3545,  0.371377
0.3550,  0.351784
0.3555,  0.341417
0.3560,  0.301033
0.3565,  0.254311
0.3570,  0.220243
0.3575,  0.188416
0.3580,  0.144251
0.3585,  0.079335
0.3590,  0.247860
0.3595,  0.384565
0.3600,  0.368586
0.3605,  0.350504
0.3610,  0.299319
0.3615,  0.242916
0.3620,  0.283408
0.3625,  0.332475
0.3630,  0.328996
0.3635,  0.318972
0.3640,  0.310103
0.3645,  0.293492
0.3650,  0.326532
0.3655,  0.355018
0.3660,  0.362567
0.3665,  0.366910
0.3670,  0.332492
0.3675,  0.304461
0.3680,  0.266495
0.3685,  0.228760
0.3690,  0.277363
0.3695,  0.324213
0.3700,  0.290855
0.3705,  0.257504
0.3710,  0.280378
0.3715,  0.307833
0.3720,  0.276632
0.3725,  0.241226
0.3730,  0.201582
0.3735,  0.160576
0.3740,  0.174399
0.3745,  0.177425
0.3750,  0.257023
0.3755,  0.321815
0.3760,  0.310432
0.3765,  0.290454
0.3770,  0.340342
0.3775,  0.384806
0.3780,  0.378929
0.3785,  0.387093
0.3790,  0.293027
0.3795,  0.185596
0.3800,  0.239034
0.3805,  0.296954
0.3810,  0.267613
0.3815,  0.248257
0.3820,  0.160168
0.3825,  0.055509
0.3830,  0.032537
0.3835,  -0.008964
0.3840,  0.165754
0.3845,  0.302803
0.3850,  0.317284
0.3855,  0.330892
0.3860,  0.318917
0.3865,  0.308696
0.3870,  0.302457
0.3875,  0.290765
0.3880,  0.270120
0.3885,  0.243154
0.3890,  0.301819
0.3895,  0.347697
0.3900,  0.343786
0.3905,  0.343831
0.3910,  0.357166
0.3915,  0.383510
0.3920,  0.276521
0.3925,  0.164300
0.3930,  -0.018996
0.3935,  -0.271301
0.3940,  0.033267
0.3945,  0.246392
0.3950,  0.359030
0.3955,  0.465109
0.3960,  0.299344
0.3965,  0.090082
0.3970,  0.115211
0.3975,  0.110502
0.3980,  0.301195
0.3985,  0.432953
0.3990,  0.413187
0.3995,  0.403093
0.4000,  0.367387
0.4005,  0.334156
0.4010,  0.321528
0.4015,  0.318515
0.4020,  0.302168
0.4025,  0.289732
0.4030,  0.262390
0.4035,  0.234573
0.4040,  0.228228
0.4045,  0.227364
0.4050,  0.224619
0.4055,  0.224514
0.4060,  0.209069
0.4065,  0.193178
0.4070,  0.205800
0.4075,  0.213690
0.4080,  0.237798
0.4085,  0.263032
0.4090,  0.255015
0.4095,  0.250178
0.4100,  0.204451
0.4105,  0.150296
0.4110,  0.222425
0.4115,  0.287207
0.4120,  0.269076
0.4125,  0.251471
0.4130,  0.237462
0.4135,  0.224777
0.4140,  0.219441
0.4145,  0.211716
0.4150,  0.207891
0.4155,  0.204285
0.4160,  0.228026
0.4165,  0.256451
0.4170,  0.218327
0.4175,  0.175337
0.4180,  0.181187
0.4185,  0.188561
0.4190,  0.196843
0.4195,  0.199495
0.4200,  0.213450
0.4205,  0.229811
0.4210,  0.234805
0.4215,  0.244491
0.4220,  0.194476
0.4225,  0.144182
0.4230,  0.183151
0.4235,  0.216015
0.4240,  0.223227
0.4245,  0.242463
0.4250,  0.232415
0.4255,  0.214641
0.4260,  0.216985
0.4265,  0.224201
0.4270,  0.189074
0.4275,  0.159476
0.4280,  0.166932
0.4285,  0.181953
0.4290,  0.163095
0.4295,  0.149352
0.4300,  0.058528
0.4305,  -0.050444
0.4310,  0.155316
0.4315,  0.311553
0.4320,  0.282639
0.4325,  0.249455
0.4330,  0.254861
0.4335,  0.257357
0.4340,  0.226089
0.4345,  0.197765
0.4350,  0.195029
0.4355,  0.191390
0.4360,  0.230707
0.4365,  0.272322
0.4370,  0.240418
0.4375,  0.214800
0.4380,  0.166365
0.4385,  0.108366
0.4390,  0.180688
0.4395,  0.243312
0.4400,  0.212294
0.4405,  0.178101
0.4410,  0.220199
0.4415,  0.256130
0.4420,  0.254987
0.4425,  0.252213
0.4430,  0.223633
0.4435,  0.199643
0.4440,  0.211735
0.4445,  0.226640
0.4450,  0.194253
0.4455,  0.160418
0.4460,  0.179241
0.4465,  0.191009
0.4470,  0.224490
0.4475,  0.258017
0.4480,  0.229129
0.4485,  0.198122
0.4490,  0.198807
0.4495,  0.199284
0.4500,  0.212756
0.4505,  0.230849
0.4510,  0.220525
0.4515,  0.216748
0.4520,  0.188115
0.4525,  0.159067
0.4530,  0.171886
0.4535,  0.183660
0.4540,  0.190098
0.4545,  0.192061
0.4550,  0.200360
0.4555,  0.206056
0.4560,  0.208366
0.4565,  0.210224
0.4570,  0.209079
0.4575,  0.212164
0.4580,  0.184375
0.4585,  0.158698
0.4590,  0.172613
0.4595,  0.183273
0.4600,  0.190167
0.4605,  0.195289
0.4610,  0.197259
0.4615,  0.198310
0.4620,  0.206299
0.4625,  0.214245
0.4630,  0.197878
0.4635,  0.186639
0.4640,  0.176716
0.4645,  0.166576
0.4650,  0.187663
0.4655,  0.209741
0.4660,  0.189266
0.4665,  0.170217
0.4670,  0.199284
0.4675,  0.221401
0.4680,  0.217797
0.4685,  0.212065
0.4690,  0.213078
0.4695,  0.212639
0.4700,  0.189296
0.4705,  0.161900
0.4710,  0.191525
0.4715,  0.221350
0.4720,  0.217153
0.4725,  0.216209
0.4730,  0.205027
0.4735,  0.196318
0.4740,  0.210879
0.4745,  0.225807
0.4750,  0.218728
0.4755,  0.211724
0.4760,  0.198055
0.4765,  0.183756
0.4770,  0.209079
0.4775,  0.232007
0.4780,  0.211892
0.4785,  0.192415
0.4790,  0.207019
0.4795,  0.218969
0.4800,  0.208330
0.4805,  0.202953
0.4810,  0.218043
0.4815,  0.230559
0.4820,  0.217296
0.4825,  0.206911
0.4830,  0.208351
0.4835,  0.210489
0.4840,  0.205405
0.4845,  0.206583
0.4850,  0.191368
0.4855,  0.178945
0.4860,  0.144343
0.4865,  0.097312
0.4870,  0.154166
0.4875,  0.202662
0.4880,  0.216619
0.4885,  0.227944
0.4890,  0.228111
0.4895,  0.226624
0.4900,  0.227421
0.4905,  0.233759
0.4910,  0.208491
0.4915,  0.184271
0.4920,  0.186303
0.4925,  0.184343
0.4930,  0.178920
0.4935,  0.169360
0.4940,  0.204494
0.4945,  0.240062
0.4950,  0.207495
0.4955,  0.173397
0.4960,  0.191416
0.4965,  0.209789
0.4970,  0.211783
0.4975,  0.215632
0.4980,  0.184463
0.4985,  0.151224
0.4990,  0.179332
0.4995,  0.207826
0.5000,  0.186078
0.5005,  0.163214
0.5010,  0.156950
0.5015,  0.148303
0.5020,  0.169092
0.5025,  0.189508
0.5030,  0.199839
0.5035,  0.208515
0.5040,  0.192663
0.5045,  0.171629
0.5050,  0.192913
0.5055,  0.214104
0.5060,  0.201387
0.5065,  0.191029
0.5070,  0.180565
0.5075,  0.169100
0.5080,  0.172382
0.5085,  0.175244
0.5090,  0.175079
0.5095,  0.174232
0.5100,  0.179887
0.5105,  0.184079
0.5110,  0.193746
0.5115,  0.204082
0.5120,  0.175034
0.5125,  0.148952
0.5130,  0.154791
0.5135,  0.157382
0.5140,  0.165357
0.5145,  0.170369
0.5150,  0.178841
0.5155,  0.194646
0.5160,  0.153457
0.5165,  0.111328
0.5170,  0.140125
0.5175,  0.163281
0.5180,  0.145809
0.5185,  0.120383
0.5190,  0.157659
0.5195,  0.194073
0.5200,  0.185748
0.5205,  0.175006
0.5210,  0.183905
0.5215,  0.197114
0.5220,  0.173625
0.5225,  0.150050
0.5230,  0.163898
0.5235,  0.174778
0.5240,  0.184287
0.5245,  0.195803
0.5250,  0.190832
0.5255,  0.191019
0.5260,  0.140212
0.5265,  0.083572
0.5270,  0.127766
0.5275,  0.162020
0.5280,  0.168999
0.5285,  0.175448
0.5290,  0.171075
0.5295,  0.168302
0.5300,  0.171777
0.5305,  0.176281
0.5310,  0.178245
0.5315,  0.184206
0.5320,  0.144205
0.5325,  0.101080
0.5330,  0.144301
0.5335,  0.182237
0.5340,  0.163746
0.5345,  0.142813
0.5350,  0.170112
0.5355,  0.198535
0.5360,  0.171929
0.5365,  0.145582
0.5370,  0.149035
0.5375,  0.152348
0.5380,  0.159144
0.5385,  0.167894
0.5390,  0.157599
0.5395,  0.145673
0.5400,  0.134278
0.5405,  0.121438
0.5410,  0.149329
0.5415,  0.174819
0.5420,  0.159328
0.5425,  0.143368
0.5430,  0.154481
0.5435,  0.164211
0.5440,  0.162651
0.5445,  0.163348
0.5450,  0.169261
0.5455,  0.174745
0.5460,  0.170126
0.5465,  0.167471
0.5470,  0.157558
0.5475,  0.146840
0.5480,  0.153115
0.5485,  0.157872
0.5490,  0.162797
0.5495,  0.168855
0.5500,  0.160450
0.5505,  0.153264
0.5510,  0.156772
0.5515,  0.161335
0.5520,  0.156929
0.5525,  0.151555
0.5530,  0.159147
0.5535,  0.166328
0.5540,  0.168391
0.5545,  0.170508
0.5550,  0.170670
0.5555,  0.172280
0.5560,  0.158133
0.5565,  0.144288
0.5570,  0.152676
0.5575,  0.162762
0.5580,  0.153213
0.5585,  0.142369
0.5590,  0.150032
0.5595,  0.156788
0.5600,  0.163540
0.5605,  0.169915
0.5610,  0.163863
0.5615,  0.156783
0.5620,  0.159836
0.5625,  0.165388
0.5630,  0.169047
0.5635,  0.173166
0.5640,  0.174377
0.5645,  0.175727
0.5650,  0.166169
0.5655,  0.153505
0.5660,  0.159755
0.5665,  0.165472
0.5670,  0.179205
0.5675,  0.195274
0.5680,  0.179692
0.5685,  0.164946
0.5690,  0.180790
0.5695,  0.194703
0.5700,  0.173212
0.5705,  0.149353
0.5710,  0.160007
0.5715,  0.167699
0.5720,  0.176353
0.5725,  0.188755
0.5730,  0.183474
0.5735,  0.181164
0.5740,  0.180932
0.5745,  0.181566
0.5750,  0.173702
0.5755,  0.162212
0.5760,  0.165108
0.5765,  0.168852
0.5770,  0.172089
0.5775,  0.176383
0.5780,  0.159784
0.5785,  0.140346
0.5790,  0.151041
0.5795,  0.160467
0.5800,  0.161494
0.5805,  0.161965
0.5810,  0.163135
0.5815,  0.165218
0.5820,  0.167849
0.5825,  0.168371
0.5830,  0.162084
0.5835,  0.159036
0.5840,  0.160218
0.5845,  0.167213
0.5850,  0.154527
0.5855,  0.141078
0.5860,  0.157374
0.5865,  0.173269
0.5870,  0.183878
0.5875,  0.198654
0.5880,  0.193122
0.5885,  0.185531
0.5890,  0.159801
0.5895,  0.122419
0.5900,  0.174606
0.5905,  0.221022
0.5910,  0.208791
0.5915,  0.196060
0.5920,  0.194191
0.5925,  0.194215
0.5930,  0.189508
0.5935,  0.191845
0.5940,  0.192605
0.5945,  0.189929
0.5950,  0.193089
0.5955,  0.192809
0.5960,  0.193355
0.5965,  0.193552
0.5970,  0.182400
0.5975,  0.174244
0.5980,  0.167518
0.5985,  0.162876
0.5990,  0.171737
0.5995,  0.179974
0.6000,  0.177196
0.6005,  0.173455
0.6010,  0.174547
0.6015,  0.171815
0.6020,  0.157710
0.6025,  0.144459
0.6030,  0.158228
0.6035,  0.174258
0.6040,  0.172161
0.6045,  0.173878
0.6050,  0.172008
0.6055,  0.168756
0.6060,  0.166917
0.6065,  0.165147
0.6070,  0.166489
0.6075,  0.170652
0.6080,  0.173608
0.6085,  0.174574
0.6090,  0.178817
0.6095,  0.181742
0.6100,  0.169297
0.6105,  0.154130
0.6110,  0.161651
0.6115,  0.172437
0.6120,  0.164375
0.6125,  0.160030
0.6130,  0.161321
0.6135,  0.161917
0.6140,  0.173201
0.6145,  0.182853
0.6150,  0.183979
0.6155,  0.184033
0.6160,  0.155695
0.6165,  0.123908
0.6170,  0.149901
0.6175,  0.177945
0.6180,  0.183846
0.6185,  0.188872
0.6190,  0.187308
0.6195,  0.181227
0.6200,  0.187697
0.6205,  0.194098
0.6210,  0.181730
0.6215,  0.168931
0.6220,  0.174824
0.6225,  0.184085
0.6230,  0.175191
0.6235,  0.170088
0.6240,  0.175000
0.6245,  0.177333
0.6250,  0.172689
0.6255,  0.163831
0.6260,  0.177343
0.6265,  0.194007
0.6270,  0.201397
0.6275,  0.205315
0.6280,  0.211463
0.6285,  0.215273
0.6290,  0.214867
0.6295,  0.212957
0.6300,  0.205979
0.6305,  0.196172
0.6310,  0.187214
0.6315,  0.186140
0.6320,  0.185590
0.6325,  0.186446
0.6330,  0.188925
0.6335,  0.190295
0.6340,  0.191000
0.6345,  0.192370
0.6350,  0.195296
0.6355,  0.193264
0.6360,  0.190202
0.6365,  0.185094
0.6370,  0.179575
0.6375,  0.174967
0.6380,  0.174361
0.6385,  0.177900
0.6390,  0.181746
0.6395,  0.181600
0.6400,  0.182784
0.6405,  0.179577
0.6410,  0.177982
0.6415,  0.180162
0.6420,  0.176981
0.6425,  0.172122
0.6430,  0.170310
0.6435,  0.170273
0.6440,  0.171779
0.6445,  0.178297
0.6450,  0.187603
0.6455,  0.193638
0.6460,  0.201585
0.6465,  0.208037
0.6470,  0.210148
0.6475,  0.210236
0.6480,  0.208202
0.6485,  0.202364
0.6490,  0.195617
0.6495,  0.199346
0.6500,  0.201168
0.6505,  0.206285
0.6510,  0.214846
0.6515,  0.211441
0.6520,  0.207271
0.6525,  0.202188
0.6530,  0.197201
0.6535,  0.185447
0.6540,  0.180243
0.6545,  0.184950
0.6550,  0.197330
0.6555,  0.195855
0.6560,  0.185735
0.6565,  0.160222
0.6570,  0.122241
0.6575,  0.131814
0.6580,  0.143220
0.6585,  0.156538
0.6590,  0.170787
0.6595,  0.165679
0.6600,  0.163800
0.6605,  0.160655
0.6610,  0.158735
0.6615,  0.154925
0.6620,  0.156319
0.6625,  0.158545
0.6630,  0.157929
0.6635,  0.159916
0.6640,  0.163939
0.6645,  0.167064
0.6650,  0.168527
0.6655,  0.164649
0.6660,  0.158792
0.6665,  0.155867
0.6670,  0.152172
0.6675,  0.151436
0.6680,  0.150479
0.6685,  0.152225
0.6690,  0.154645
0.6695,  0.154670
0.6700,  0.155908
0.6705,  0.155469
0.6710,  0.155332
0.6715,  0.157581
0.6720,  0.157145
0.6725,  0.156634
0.6730,  0.154217
0.6735,  0.150951
0.6740,  0.148140
0.6745,  0.147456
0.6750,  0.147608
0.6755,  0.149949
0.6760,  0.153064
0.6765,  0.155729
0.6770,  0.156553
0.6775,  0.154559
0.6780,  0.154025
0.6785,  0.153335
0.6790,  0.151179
0.6795,  0.152786
0.6800,  0.155562
0.6805,  0.155699
0.6810,  0.154671
0.6815,  0.156311
0.6820,  0.158742
0.6825,  0.161819
0.6830,  0.166265
0.6835,  0.168504
0.6840,  0.166922
0.6845,  0.167574
0.6850,  0.168150
0.6855,  0.186411
0.6860,  0.218452
0.6865,  0.255841
0.6870,  0.285098
0.6875,  0.299079
0.6880,  0.307958
0.6885,  0.303645
0.6890,  0.299289
0.6895,  0.289314
0.6900,  0.274724
0.6905,  0.263164
0.6910,  0.251071
0.6915,  0.243580
0.6920,  0.240612
0.6925,  0.239930
0.6930,  0.244691
0.6935,  0.248309
0.6940,  0.254632
0.6945,  0.254643
0.6950,  0.247415
0.6955,  0.233658
0.6960,  0.220711
0.6965,  0.213385
0.6970,  0.208399
0.6975,  0.212539
0.6980,  0.221040
0.6985,  0.230915
0.6990,  0.238199
0.6995,  0.241277
0.7000,  0.236563
0.7005,  0.231171
0.7010,  0.224119
0.7015,  0.226881
0.7020,  0.224700
0.7025,  0.224676
0.7030,  0.222236
0.7035,  0.221020
0.7040,  0.220526
0.7045,  0.222062
0.7050,  0.224464
0.7055,  0.225419
0.7060,  0.227442
0.7065,  0.228589
0.7070,  0.227514
0.7075,  0.221734
0.7080,  0.210316
0.7085,  0.201330
0.7090,  0.193077
0.7095,  0.188842
0.7100,  0.188069
0.7105,  0.188928
0.7110,  0.194286
0.7115,  0.200254
0.7120,  0.207082
0.7125,  0.213722
0.7130,  0.213982
0.7135,  0.217130
0.7140,  0.219124
0.7145,  0.216709
0.7150,  0.220151
0.7155,  0.234463
0.7160,  0.264037
0.7165,  0.305494
0.7170,  0.350044
0.7175,  0.387897
0.7180,  0.424307
0.7185,  0.453650
0.7190,  0.470162
0.7195,  0.476145
0.7200,  0.458259
0.7205,  0.424831
0.7210,  0.389199
0.7215,  0.354119
0.7220,  0.340492
0.7225,  0.347059
0.7230,  0.364229
0.7235,  0.384428
0.7240,  0.408101
0.7245,  0.424144
0.7250,  0.433594
0.7255,  0.435833
0.7260,  0.433326
0.7265,  0.430233
0.7270,  0.426444
0.7275,  0.413251
0.7280,  0.403327
0.7285,  0.390166
0.7290,  0.379632
0.7295,  0.374481
0.7300,  0.373435
0.7305,  0.375915
0.7310,  0.373871
0.7315,  0.359607
0.7320,  0.338333
0.7325,  0.317593
0.7330,  0.292960
0.7335,  0.270695
0.7340,  0.253705
0.7345,  0.245540
0.7350,  0.247682
0.7355,  0.251758
0.7360,  0.250023
0.7365,  0.251723
0.7370,  0.246512
0.7375,  0.238522
0.7380,  0.237692
0.7385,  0.241356
0.7390,  0.231824
0.7395,  0.224477
0.7400,  0.212555
0.7405,  0.199778
0.7410,  0.193849
0.7415,  0.199097
0.7420,  0.205419
0.7425,  0.215080
0.7430,  0.223089
0.7435,  0.218268
0.7440,  0.217070
0.7445,  0.215013
0.7450,  0.211326
0.7455,  0.207423
0.7460,  0.201080
0.7465,  0.194914
0.7470,  0.194382
0.7475,  0.190544
0.7480,  0.189238
0.7485,  0.189714
0.7490,  0.191755
0.7495,  0.194713
0.7500,  0.195922
0.7505,  0.196451
0.7510,  0.198367
0.7515,  0.197984
0.7520,  0.194210
0.7525,  0.188959
0.7530,  0.183415
0.7535,  0.177804
0.7540,  0.175425
0.7545,  0.175221
0.7550,  0.177008
0.7555,  0.182088
0.7560,  0.186521
0.7565,  0.184259
0.7570,  0.185535
0.7575,  0.190491
0.7580,  0.213461
0.7585,  0.270215
0.7590,  0.376369
0.7595,  0.541959
0.7600,  0.711761
0.7605,  0.826774
0.7610,  0.868457
0.7615,  0.851904
0.7620,  0.829355
0.7625,  0.818059
0.7630,  0.805941
0.7635,  0.765771
0.7640,  0.703965
0.7645,  0.647166
0.7650,  0.583888
0.7655,  0.510797
0.7660,  0.440023
0.7665,  0.384424
0.7670,  0.334355
0.7675,  0.307034
0.7680,  0.283085
0.7685,  0.259461
0.7690,  0.249212
0.7695,  0.237621
0.7700,  0.226286
0.7705,  0.213196
0.7710,  0.201762
0.7715,  0.196640
0.7720,  0.195891
0.7725,  0.190965
0.7730,  0.197859
0.7735,  0.200203
0.7740,  0.204486
0.7745,  0.197669
0.7750,  0.191344
0.7755,  0.187947
0.7760,  0.182605
0.7765,  0.179757
0.7770,  0.186507
0.7775,  0.186955
0.7780,  0.191489
0.7785,  0.189900
0.7790,  0.176812
0.7795,  0.172986
0.7800,  0.178546
0.7805,  0.181725
0.7810,  0.182206
0.7815,  0.185946
0.7820,  0.188980
0.7825,  0.191585
0.7830,  0.190684
0.7835,  0.194350
0.7840,  0.191150
0.7845,  0.191965
0.7850,  0.189123
0.7855,  0.189105
0.7860,  0.196191
0.7865,  0.213955
0.7870,  0.227191
0.7875,  0.235009
0.7880,  0.236041
0.7885,  0.239078
0.7890,  0.247653
0.7895,  0.245973
0.7900,  0.240370
0.7905,  0.242165
0.7910,  0.242764
0.7915,  0.240219
0.7920,  0.234081
0.7925,  0.232356
0.7930,  0.236406
0.7935,  0.232886
0.7940,  0.225015
0.7945,  0.229331
0.7950,  0.230187
0.7955,  0.243863
0.7960,  0.243428
0.7965,  0.235119
0.7970,  0.224704
0.7975,  0.214378
0.7980,  0.210242
0.7985,  0.213776
0.7990,  0.213737
0.7995,  0.223208
0.8000,  0.240960
0.8005,  0.255797
0.8010,  0.261917
0.8015,  0.259500
0.8020,  0.257579
0.8025,  0.252779
0.8030,  0.237685
0.8035,  0.234024
0.8040,  0.238241
0.8045,  0.242426
0.8050,  0.241104
0.8055,  0.232823
0.8060,  0.230439
0.8065,  0.236332
0.8070,  0.236705
0.8075,  0.232224
0.8080,  0.226428
0.8085,  0.229802
0.8090,  0.227905
0.8095,  0.232186
0.8100,  0.242826
0.8105,  0.254902
0.8110,  0.273436
0.8115,  0.299919
0.8120,  0.341089
0.8125,  0.369820
0.8130,  0.386446
0.8135,  0.404130
0.8140,  0.422737
0.8145,  0.436280
0.8150,  0.447544
0.8155,  0.471066
0.8160,  0.489832
0.8165,  0.516984
0.8170,  0.533874
0.8175,  0.531731
0.8180,  0.518177
0.8185,  0.500729
0.8190,  0.465892
0.8195,  0.427060
0.8200,  0.392081
0.8205,  0.369221
0.8210,  0.373014
0.8215,  0.405201
0.8220,  0.460245
0.8225,  0.500914
0.8230,  0.500993
0.8235,  0.484891
0.8240,  0.442233
0.8245,  0.410557
0.8250,  0.381171
0.8255,  0.366042
0.8260,  0.359284
0.8265,  0.354425
0.8270,  0.359610
0.8275,  0.376714
0.8280,  0.398826
0.8285,  0.410862
0.8290,  0.415277
0.8295,  0.417679
0.8300,  0.401724
0.8305,  0.385033
0.8310,  0.375134
0.8315,  0.357671
0.8320,  0.331387
0.8325,  0.313829
0.8330,  0.304932
0.8335,  0.303891
0.8340,  0.304229
0.8345,  0.309953
0.8350,  0.315903
0.8355,  0.312527
0.8360,  0.303921
0.8365,  0.295296
0.8370,  0.279810
0.8375,  0.262225
0.8380,  0.246048
0.8385,  0.231329
0.8390,  0.233489
0.8395,  0.244424
0.8400,  0.262572
0.8405,  0.260615
0.8410,  0.265116
0.8415,  0.265476
0.8420,  0.259914
0.8425,  0.247862
0.8430,  0.233169
0.8435,  0.222661
0.8440,  0.218632
0.8445,  0.214572
0.8450,  0.225044
0.8455,  0.232412
0.8460,  0.231321
0.8465,  0.233325
0.8470,  0.241001
0.8475,  0.235707
0.8480,  0.227567
0.8485,  0.209083
0.8490,  0.196296
0.8495,  0.193051
0.8500,  0.199308
0.8505,  0.206478
0.8510,  0.221687
0.8515,  0.242360
0.8520,  0.261584
0.8525,  0.250777
0.8530,  0.254996
0.8535,  0.259591
0.8540,  0.228600
0.8545,  0.232081
0.8550,  0.229662
0.8555,  0.220484
0.8560,  0.220320
0.8565,  0.212617
0.8570,  0.219188
0.8575,  0.226112
0.8580,  0.241917
0.8585,  0.241405
0.8590,  0.242317
0.8595,  0.229578
0.8600,  0.215791
0.8605,  0.215304
0.8610,  0.211265
0.8615,  0.219400
0.8620,  0.221361
0.8625,  0.212981
0.8630,  0.226040
0.8635,  0.237526
0.8640,  0.246581
0.8645,  0.231718
0.8650,  0.220266
0.8655,  0.211786
0.8660,  0.192790
0.8665,  0.204346
0.8670,  0.198423
0.8675,  0.191390
0.8680,  0.196028
0.8685,  0.201895
0.8690,  0.213416
0.8695,  0.229015
0.8700,  0.235755
0.8705,  0.237535
0.8710,  0.245499
0.8715,  0.238432
0.8720,  0.233787
0.8725,  0.226508
0.8730,  0.246197
0.8735,  0.248032
0.8740,  0.244601
0.8745,  0.240393
0.8750,  0.252603
0.8755,  0.258123
0.8760,  0.253865
0.8765,  0.249756
0.8770,  0.245380
0.8775,  0.251665
0.8780,  0.262619
0.8785,  0.272090
0.8790,  0.279906
0.8795,  0.287231
0.8800,  0.266785
0.8805,  0.243031
0.8810,  0.227162
0.8815,  0.228910
0.8820,  0.239500
0.8825,  0.247861
0.8830,  0.251388
0.8835,  0.244807
0.8840,  0.249593
0.8845,  0.247985
0.8850,  0.231354
0.8855,  0.231459
0.8860,  0.240012
0.8865,  0.258647
0.8870,  0.275955
0.8875,  0.287606
0.8880,  0.287413
0.8885,  0.290417
0.8890,  0.289101
0.8895,  0.288437
0.8900,  0.291971
