0.3500,  0.828267
0.3505,  0.881206
0.3510,  0.829665
0.3515,  0.781458
0.3520,  0.753104
0.3525,  0.704584
0.3530,  0.745278
0.3535,  0.771092
0.3540,  0.783503
0.3545,  0.796700
0.3550,  0.755371
0.3555,  0.730239
0.3560,  0.697899
0.3565,  0.677773
0.3570,  0.672395
0.3575,  0.642348
0.3580,  0.612288
0.3585,  0.546330
0.3590,  0.692917
0.3595,  0.819963
0.3600,  0.800419
0.3605,  0.772444
0.3610,  0.713547
0.3615,  0.665222
0.3620,  0.694723
0.3625,  0.727605
0.3630,  0.704197
0.3635,  0.690355
0.3640,  0.672707
0.3645,  0.646569
0.3650,  0.660342
0.3655,  0.680089
0.3660,  0.677857
0.3665,  0.675075
0.3670,  0.630770
0.3675,  0.594229
0.3680,  0.553025
0.3685,  0.512486
0.3690,  0.555129
0.3695,  0.600199
0.3700,  0.569655
0.3705,  0.538407
0.3710,  0.554824
0.3715,  0.571992
0.3720,  0.537786
0.3725,  0.506649
0.3730,  0.480214
0.3735,  0.456250
0.3740,  0.479598
0.3745,  0.497255
0.3750,  0.577704
0.3755,  0.634723
0.3760,  0.621423
0.3765,  0.595680
0.3770,  0.625829
0.3775,  0.652748
0.3780,  0.630705
0.3785,  0.620239
0.3790,  0.524362
0.3795,  0.422713
0.3800,  0.473420
0.3805,  0.529272
0.3810,  0.509516
0.3815,  0.500073
0.3820,  0.425182
0.3825,  0.339255
0.3830,  0.331741
0.3835,  0.308791
0.3840,  0.483449
0.3845,  0.616263
0.3850,  0.627848
0.3855,  0.632424
0.3860,  0.615670
0.3865,  0.595371
0.3870,  0.574505
0.3875,  0.556942
0.3880,  0.533649
0.3885,  0.507983
0.3890,  0.555955
0.3895,  0.587304
0.3900,  0.571833
0.3905,  0.555633
0.3910,  0.555731
0.3915,  0.576397
0.3920,  0.481621
0.3925,  0.390954
0.3930,  0.231364
0.3935,  0.006563
0.3940,  0.305338
0.3945,  0.517428
0.3950,  0.620957
0.3955,  0.709096
0.3960,  0.545924
0.3965,  0.345658
0.3970,  0.365503
0.3975,  0.360676
0.3980,  0.534536
0.3985,  0.646490
0.3990,  0.608399
0.3995,  0.578477
0.4000,  0.528969
0.4005,  0.483740
0.4010,  0.460858
0.4015,  0.446800
0.4020,  0.423622
0.4025,  0.409313
0.4030,  0.382328
0.4035,  0.357786
0.4040,  0.349464
0.4045,  0.345925
0.4050,  0.348074
0.4055,  0.351161
0.4060,  0.337198
0.4065,  0.324220
0.4070,  0.336508
0.4075,  0.343635
0.4080,  0.364071
0.4085,  0.384389
0.4090,  0.373762
0.4095,  0.366270
0.4100,  0.319631
0.4105,  0.266067
0.4110,  0.331127
0.4115,  0.388814
0.4120,  0.373725
0.4125,  0.357100
0.4130,  0.338506
0.4135,  0.322485
0.4140,  0.314769
0.4145,  0.309304
0.4150,  0.307555
0.4155,  0.305669
0.4160,  0.331038
0.4165,  0.355606
0.4170,  0.315510
0.4175,  0.272472
0.4180,  0.279430
0.4185,  0.290368
0.4190,  0.298738
0.4195,  0.300733
0.4200,  0.317267
0.4205,  0.331447
0.4210,  0.339370
0.4215,  0.349595
0.4220,  0.303218
0.4225,  0.249324
0.4230,  0.282484
0.4235,  0.313655
0.4240,  0.324858
0.4245,  0.339048
0.4250,  0.321497
0.4255,  0.305565
0.4260,  0.309646
0.4265,  0.318541
0.4270,  0.287951
0.4275,  0.257496
0.4280,  0.270153
0.4285,  0.283346
0.4290,  0.272064
0.4295,  0.259183
0.4300,  0.181099
0.4305,  0.081422
0.4310,  0.269149
0.4315,  0.412684
0.4320,  0.385050
0.4325,  0.353926
0.4330,  0.354065
0.4335,  0.350766
0.4340,  0.319491
0.4345,  0.292159
0.4350,  0.293387
0.4355,  0.292043
0.4360,  0.326395
0.4365,  0.361631
0.4370,  0.328034
0.4375,  0.299843
0.4380,  0.247850
0.4385,  0.189222
0.4390,  0.255356
0.4395,  0.315241
0.4400,  0.287749
0.4405,  0.256306
0.4410,  0.298529
0.4415,  0.333777
0.4420,  0.331625
0.4425,  0.328175
0.4430,  0.299962
0.4435,  0.274695
0.4440,  0.282259
0.4445,  0.292749
0.4450,  0.260666
0.4455,  0.226588
0.4460,  0.241054
0.4465,  0.253777
0.4470,  0.285864
0.4475,  0.316525
0.4480,  0.289188
0.4485,  0.258801
0.4490,  0.260532
0.4495,  0.260211
0.4500,  0.273336
0.4505,  0.289151
0.4510,  0.276702
0.4515,  0.265478
0.4520,  0.232166
0.4525,  0.204396
0.4530,  0.214851
0.4535,  0.225051
0.4540,  0.232987
0.4545,  0.238716
0.4550,  0.251050
0.4555,  0.263078
0.4560,  0.268587
0.4565,  0.270503
0.4570,  0.268763
0.4575,  0.270523
0.4580,  0.243966
0.4585,  0.216497
0.4590,  0.225386
0.4595,  0.233623
0.4600,  0.240555
0.4605,  0.246049
0.4610,  0.247159
0.4615,  0.245704
0.4620,  0.250649
0.4625,  0.257976
0.4630,  0.243031
0.4635,  0.233361
0.4640,  0.226458
0.4645,  0.217601
0.4650,  0.237860
0.4655,  0.259445
0.4660,  0.235317
0.4665,  0.211130
0.4670,  0.232705
0.4675,  0.251490
0.4680,  0.246292
0.4685,  0.244097
0.4690,  0.244667
0.4695,  0.248058
0.4700,  0.226665
0.4705,  0.200335
0.4710,  0.228262
0.4715,  0.254965
0.4720,  0.252182
0.4725,  0.250229
0.4730,  0.236652
0.4735,  0.224082
0.4740,  0.233653
0.4745,  0.245691
0.4750,  0.239194
0.4755,  0.231871
0.4760,  0.220066
0.4765,  0.208347
0.4770,  0.232584
0.4775,  0.254504
0.4780,  0.236325
0.4785,  0.217215
0.4790,  0.227189
0.4795,  0.237839
0.4800,  0.227385
0.4805,  0.221275
0.4810,  0.233181
0.4815,  0.241848
0.4820,  0.227515
0.4825,  0.218661
0.4830,  0.221196
0.4835,  0.224078
0.4840,  0.219070
0.4845,  0.216908
0.4850,  0.200518
0.4855,  0.188549
0.4860,  0.160171
0.4865,  0.121254
0.4870,  0.176394
0.4875,  0.221681
0.4880,  0.233461
0.4885,  0.242789
0.4890,  0.241512
0.4895,  0.240849
0.4900,  0.241892
0.4905,  0.246385
0.4910,  0.221096
0.4915,  0.196238
0.4920,  0.196086
0.4925,  0.196073
0.4930,  0.191410
0.4935,  0.185054
0.4940,  0.217098
0.4945,  0.247285
0.4950,  0.214580
0.4955,  0.182257
0.4960,  0.198770
0.4965,  0.215248
0.4970,  0.216061
0.4975,  0.219508
0.4980,  0.189430
0.4985,  0.156549
0.4990,  0.181685
0.4995,  0.206939
0.5000,  0.187510
0.5005,  0.167645
0.5010,  0.161681
0.5015,  0.152769
0.5020,  0.173055
0.5025,  0.191986
0.5030,  0.200985
0.5035,  0.208543
0.5040,  0.194224
0.5045,  0.176170
0.5050,  0.196296
0.5055,  0.216024
0.5060,  0.203132
0.5065,  0.193028
0.5070,  0.180839
0.5075,  0.169714
0.5080,  0.173626
0.5085,  0.176229
0.5090,  0.174820
0.5095,  0.173152
0.5100,  0.178889
0.5105,  0.184714
0.5110,  0.194531
0.5115,  0.202546
0.5120,  0.174820
0.5125,  0.149228
0.5130,  0.152949
0.5135,  0.155653
0.5140,  0.162771
0.5145,  0.169239
0.5150,  0.178204
0.5155,  0.191828
0.5160,  0.153710
0.5165,  0.114438
0.5170,  0.142673
0.5175,  0.167001
0.5180,  0.152958
0.5185,  0.130756
0.5190,  0.165602
0.5195,  0.197821
0.5200,  0.189251
0.5205,  0.179738
0.5210,  0.188376
0.5215,  0.199478
0.5220,  0.176742
0.5225,  0.155716
0.5230,  0.168706
0.5235,  0.178224
0.5240,  0.186755
0.5245,  0.197848
0.5250,  0.192671
0.5255,  0.191632
0.5260,  0.143055
0.5265,  0.091383
0.5270,  0.135494
0.5275,  0.171502
0.5280,  0.180467
0.5285,  0.186081
0.5290,  0.181459
0.5295,  0.177494
0.5300,  0.178241
0.5305,  0.180190
0.5310,  0.178953
0.5315,  0.182826
0.5320,  0.146721
0.5325,  0.109426
0.5330,  0.150646
0.5335,  0.186881
0.5340,  0.170528
0.5345,  0.152160
0.5350,  0.176167
0.5355,  0.199788
0.5360,  0.173965
0.5365,  0.149409
0.5370,  0.152707
0.5375,  0.157313
0.5380,  0.164917
0.5385,  0.174457
0.5390,  0.163253
0.5395,  0.154127
0.5400,  0.145988
0.5405,  0.136302
0.5410,  0.163017
0.5415,  0.187322
0.5420,  0.173708
0.5425,  0.159325
0.5430,  0.168829
0.5435,  0.176375
0.5440,  0.174060
0.5445,  0.172962
0.5450,  0.177769
0.5455,  0.180454
0.5460,  0.175265
0.5465,  0.170554
0.5470,  0.160989
0.5475,  0.151613
0.5480,  0.159943
0.5485,  0.166632
0.5490,  0.173142
0.5495,  0.180163
0.5500,  0.173461
0.5505,  0.167425
0.5510,  0.170098
0.5515,  0.171814
0.5520,  0.166094
0.5525,  0.160843
0.5530,  0.168478
0.5535,  0.175720
0.5540,  0.177774
0.5545,  0.179503
0.5550,  0.180436
0.5555,  0.181433
0.5560,  0.167608
0.5565,  0.156111
0.5570,  0.166323
0.5575,  0.177674
0.5580,  0.169756
0.5585,  0.160737
0.5590,  0.167672
0.5595,  0.173536
0.5600,  0.177765
0.5605,  0.181714
0.5610,  0.176595
0.5615,  0.171325
0.5620,  0.175644
0.5625,  0.181531
0.5630,  0.185030
0.5635,  0.187684
0.5640,  0.188282
0.5645,  0.190240
0.5650,  0.182091
0.5655,  0.172459
0.5660,  0.180866
0.5665,  0.187642
0.5670,  0.199029
0.5675,  0.212887
0.5680,  0.197764
0.5685,  0.181889
0.5690,  0.196236
0.5695,  0.211885
0.5700,  0.194962
0.5705,  0.175043
0.5710,  0.187804
0.5715,  0.194758
0.5720,  0.205806
0.5725,  0.218093
0.5730,  0.211830
0.5735,  0.206729
0.5740,  0.204869
0.5745,  0.204106
0.5750,  0.196503
0.5755,  0.189923
0.5760,  0.195156
0.5765,  0.200311
0.5770,  0.206482
0.5775,  0.213120
0.5780,  0.198660
0.5785,  0.182142
0.5790,  0.191863
0.5795,  0.200995
0.5800,  0.201523
0.5805,  0.202354
0.5810,  0.204513
0.5815,  0.205617
0.5820,  0.206864
0.5825,  0.206615
0.5830,  0.200903
0.5835,  0.197174
0.5840,  0.197849
0.5845,  0.202972
0.5850,  0.191428
0.5855,  0.178827
0.5860,  0.195367
0.5865,  0.208753
0.5870,  0.215498
0.5875,  0.226429
0.5880,  0.217996
0.5885,  0.212009
0.5890,  0.194045
0.5895,  0.169298
0.5900,  0.223620
0.5905,  0.268874
0.5910,  0.258023
0.5915,  0.246240
0.5920,  0.243373
0.5925,  0.240484
0.5930,  0.233172
0.5935,  0.231923
0.5940,  0.229473
0.5945,  0.228178
0.5950,  0.232761
0.5955,  0.234624
0.5960,  0.236631
0.5965,  0.239170
0.5970,  0.230829
0.5975,  0.224585
0.5980,  0.218981
0.5985,  0.214924
0.5990,  0.222303
0.5995,  0.228288
0.6000,  0.222791
0.6005,  0.217986
0.6010,  0.221764
0.6015,  0.222479
0.6020,  0.211605
0.6025,  0.199914
0.6030,  0.212328
0.6035,  0.226225
0.6040,  0.225435
0.6045,  0.225121
0.6050,  0.224401
0.6055,  0.220915
0.6060,  0.217704
0.6065,  0.214636
0.6070,  0.213691
0.6075,  0.214456
0.6080,  0.213799
0.6085,  0.214516
0.6090,  0.222320
0.6095,  0.227383
0.6100,  0.220646
0.6105,  0.209563
0.6110,  0.217811
0.6115,  0.226773
0.6120,  0.216456
0.6125,  0.209093
0.6130,  0.207519
0.6135,  0.206702
0.6140,  0.219786
0.6145,  0.228983
0.6150,  0.231821
0.6155,  0.234811
0.6160,  0.212796
0.6165,  0.187736
0.6170,  0.212254
0.6175,  0.235970
0.6180,  0.240398
0.6185,  0.244301
0.6190,  0.243028
0.6195,  0.238707
0.6200,  0.243121
0.6205,  0.247474
0.6210,  0.234603
0.6215,  0.223099
0.6220,  0.231464
0.6225,  0.240302
0.6230,  0.232815
0.6235,  0.228677
0.6240,  0.234331
0.6245,  0.237604
0.6250,  0.233405
0.6255,  0.227083
0.6260,  0.239994
0.6265,  0.253486
0.6270,  0.255069
0.6275,  0.257024
0.6280,  0.263142
0.6285,  0.269528
0.6290,  0.269728
0.6295,  0.269550
0.6300,  0.266045
0.6305,  0.259284
0.6310,  0.252627
0.6315,  0.252124
0.6320,  0.250037
0.6325,  0.245787
0.6330,  0.244559
0.6335,  0.246931
0.6340,  0.250656
0.6345,  0.256202
0.6350,  0.262382
0.6355,  0.265115
0.6360,  0.265717
0.6365,  0.261672
0.6370,  0.251767
0.6375,  0.242221
0.6380,  0.238082
0.6385,  0.237870
0.6390,  0.240917
0.6395,  0.243161
0.6400,  0.245057
0.6405,  0.247040
0.6410,  0.244161
0.6415,  0.244006
0.6420,  0.240972
0.6425,  0.236829
0.6430,  0.234512
0.6435,  0.235068
0.6440,  0.237645
0.6445,  0.240901
0.6450,  0.249460
0.6455,  0.254606
0.6460,  0.261757
0.6465,  0.269020
0.6470,  0.272511
0.6475,  0.270100
0.6480,  0.265988
0.6485,  0.262076
0.6490,  0.257326
0.6495,  0.263106
0.6500,  0.267404
0.6505,  0.272601
0.6510,  0.279898
0.6515,  0.279685
0.6520,  0.279871
0.6525,  0.275838
0.6530,  0.271026
0.6535,  0.260460
0.6540,  0.255249
0.6545,  0.255621
0.6550,  0.264378
0.6555,  0.268133
0.6560,  0.268698
0.6565,  0.255633
0.6570,  0.227566
0.6575,  0.237880
0.6580,  0.247427
0.6585,  0.258097
0.6590,  0.269385
0.6595,  0.264250
0.6600,  0.257752
0.6605,  0.251893
0.6610,  0.247598
0.6615,  0.243260
0.6620,  0.241409
0.6625,  0.240097
0.6630,  0.237923
0.6635,  0.239975
0.6640,  0.244530
0.6645,  0.249101
0.6650,  0.252899
0.6655,  0.252835
0.6660,  0.249752
0.6665,  0.244676
0.6670,  0.238722
0.6675,  0.237599
0.6680,  0.235934
0.6685,  0.238970
0.6690,  0.242633
0.6695,  0.242476
0.6700,  0.244061
0.6705,  0.248860
0.6710,  0.255438
0.6715,  0.262209
0.6720,  0.262530
0.6725,  0.259748
0.6730,  0.254549
0.6735,  0.249363
0.6740,  0.246680
0.6745,  0.244800
0.6750,  0.242998
0.6755,  0.245903
0.6760,  0.250033
0.6765,  0.255491
0.6770,  0.257951
0.6775,  0.257422
0.6780,  0.257466
0.6785,  0.257920
0.6790,  0.256565
0.6795,  0.257084
0.6800,  0.255627
0.6805,  0.253257
0.6810,  0.253269
0.6815,  0.253203
0.6820,  0.255781
0.6825,  0.259125
0.6830,  0.264703
0.6835,  0.269491
0.6840,  0.271668
0.6845,  0.273343
0.6850,  0.270760
0.6855,  0.280309
0.6860,  0.306052
0.6865,  0.344838
0.6870,  0.385689
0.6875,  0.413257
0.6880,  0.423208
0.6885,  0.420531
0.6890,  0.417012
0.6895,  0.413899
0.6900,  0.407107
0.6905,  0.398688
0.6910,  0.388578
0.6915,  0.378895
0.6920,  0.374862
0.6925,  0.371122
0.6930,  0.370626
0.6935,  0.369103
0.6940,  0.366092
0.6945,  0.364969
0.6950,  0.361875
0.6955,  0.353511
0.6960,  0.345078
0.6965,  0.335022
0.6970,  0.322737
0.6975,  0.323695
0.6980,  0.330690
0.6985,  0.339848
0.6990,  0.348875
0.6995,  0.350939
0.7000,  0.348695
0.7005,  0.346280
0.7010,  0.345232
0.7015,  0.348683
0.7020,  0.350534
0.7025,  0.349997
0.7030,  0.347325
0.7035,  0.350984
0.7040,  0.353623
0.7045,  0.356784
0.7050,  0.360034
0.7055,  0.354806
0.7060,  0.350526
0.7065,  0.344067
0.7070,  0.338992
0.7075,  0.331670
0.7080,  0.325257
0.7085,  0.319987
0.7090,  0.317081
0.7095,  0.320155
0.7100,  0.322971
0.7105,  0.325041
0.7110,  0.329268
0.7115,  0.329317
0.7120,  0.328708
0.7125,  0.331110
0.7130,  0.330472
0.7135,  0.332757
0.7140,  0.335954
0.7145,  0.338787
0.7150,  0.345920
0.7155,  0.357015
0.7160,  0.381671
0.7165,  0.418038
0.7170,  0.463146
0.7175,  0.505000
0.7180,  0.547693
0.7185,  0.585545
0.7190,  0.619125
0.7195,  0.643007
0.7200,  0.641201
0.7205,  0.612891
0.7210,  0.570871
0.7215,  0.529319
0.7220,  0.501927
0.7225,  0.493892
0.7230,  0.508798
0.7235,  0.535832
0.7240,  0.562088
0.7245,  0.581814
0.7250,  0.593184
0.7255,  0.596353
0.7260,  0.597825
0.7265,  0.600133
0.7270,  0.597827
0.7275,  0.590271
0.7280,  0.579142
0.7285,  0.571304
0.7290,  0.566061
0.7295,  0.567591
0.7300,  0.560451
0.7305,  0.559564
0.7310,  0.553432
0.7315,  0.534852
0.7320,  0.508419
0.7325,  0.479397
0.7330,  0.455717
0.7335,  0.436247
0.7340,  0.423450
0.7345,  0.415926
0.7350,  0.412642
0.7355,  0.411563
0.7360,  0.412106
0.7365,  0.408828
0.7370,  0.406172
0.7375,  0.396332
0.7380,  0.389093
0.7385,  0.389135
0.7390,  0.382113
0.7395,  0.378966
0.7400,  0.374240
0.7405,  0.368124
0.7410,  0.366197
0.7415,  0.372768
0.7420,  0.376206
0.7425,  0.380214
0.7430,  0.381323
0.7435,  0.377010
0.7440,  0.372068
0.7445,  0.373512
0.7450,  0.375607
0.7455,  0.378022
0.7460,  0.376606
0.7465,  0.377006
0.7470,  0.373254
0.7475,  0.368255
0.7480,  0.365140
0.7485,  0.366983
0.7490,  0.372921
0.7495,  0.378960
0.7500,  0.380617
0.7505,  0.380875
0.7510,  0.385952
0.7515,  0.386579
0.7520,  0.383920
0.7525,  0.377325
0.7530,  0.373293
0.7535,  0.368505
0.7540,  0.366952
0.7545,  0.369275
0.7550,  0.367862
0.7555,  0.368044
0.7560,  0.368879
0.7565,  0.370882
0.7570,  0.373675
0.7575,  0.378484
0.7580,  0.394414
0.7585,  0.438446
0.7590,  0.540937
0.7595,  0.720848
0.7600,  0.970322
0.7605,  1.227865
0.7610,  1.389741
0.7615,  1.400349
0.7620,  1.341565
0.7625,  1.317966
0.7630,  1.304443
0.7635,  1.260680
0.7640,  1.195255
0.7645,  1.112632
0.7650,  1.003208
0.7655,  0.890287
0.7660,  0.787423
0.7665,  0.700327
0.7670,  0.625115
0.7675,  0.578278
0.7680,  0.543560
0.7685,  0.519028
0.7690,  0.497783
0.7695,  0.474998
0.7700,  0.462905
0.7705,  0.453078
0.7710,  0.447469
0.7715,  0.447092
0.7720,  0.447521
0.7725,  0.442458
0.7730,  0.439747
0.7735,  0.432301
0.7740,  0.424504
0.7745,  0.420805
0.7750,  0.424152
0.7755,  0.424195
0.7760,  0.421027
0.7765,  0.417711
0.7770,  0.420928
0.7775,  0.419757
0.7780,  0.422538
0.7785,  0.425848
0.7790,  0.423467
0.7795,  0.425678
0.7800,  0.428993
0.7805,  0.428951
0.7810,  0.435112
0.7815,  0.433290
0.7820,  0.429140
0.7825,  0.423965
0.7830,  0.420731
0.7835,  0.426179
0.7840,  0.426295
0.7845,  0.427966
0.7850,  0.429587
0.7855,  0.424388
0.7860,  0.422552
0.7865,  0.430034
0.7870,  0.436068
0.7875,  0.447826
0.7880,  0.467827
0.7885,  0.475639
0.7890,  0.486297
0.7895,  0.490059
0.7900,  0.491849
0.7905,  0.493129
0.7910,  0.486071
0.7915,  0.484081
0.7920,  0.486259
0.7925,  0.486935
0.7930,  0.489575
0.7935,  0.491089
0.7940,  0.490539
0.7945,  0.493468
0.7950,  0.499436
0.7955,  0.514323
0.7960,  0.519956
0.7965,  0.526871
0.7970,  0.536587
0.7975,  0.531287
0.7980,  0.531080
0.7985,  0.527769
0.7990,  0.529132
0.7995,  0.535129
0.8000,  0.544632
0.8005,  0.548630
0.8010,  0.544437
0.8015,  0.545380
0.8020,  0.536044
0.8025,  0.536024
0.8030,  0.537926
0.8035,  0.537785
0.8040,  0.542109
0.8045,  0.533583
0.8050,  0.534419
0.8055,  0.533398
0.8060,  0.540244
0.8065,  0.531832
0.8070,  0.527343
0.8075,  0.523306
0.8080,  0.519867
0.8085,  0.514856
0.8090,  0.511425
0.8095,  0.521679
0.8100,  0.543544
0.8105,  0.557933
0.8110,  0.580766
0.8115,  0.604167
0.8120,  0.635268
0.8125,  0.666477
0.8130,  0.690708
0.8135,  0.730360
0.8140,  0.773696
0.8145,  0.810967
0.8150,  0.858250
0.8155,  0.896562
0.8160,  0.924219
0.8165,  0.951809
0.8170,  0.966896
0.8175,  0.957830
0.8180,  0.948263
0.8185,  0.940395
0.8190,  0.913563
0.8195,  0.877039
0.8200,  0.835261
0.8205,  0.805876
0.8210,  0.804174
0.8215,  0.835815
0.8220,  0.895369
0.8225,  0.959800
0.8230,  0.999449
0.8235,  0.978173
0.8240,  0.918273
0.8245,  0.868580
0.8250,  0.820208
0.8255,  0.799446
0.8260,  0.785259
0.8265,  0.792229
0.8270,  0.804516
0.8275,  0.831971
0.8280,  0.856468
0.8285,  0.865151
0.8290,  0.862398
0.8295,  0.857232
0.8300,  0.841136
0.8305,  0.845645
0.8310,  0.854135
0.8315,  0.849734
0.8320,  0.836887
0.8325,  0.822693
0.8330,  0.822873
0.8335,  0.811242
0.8340,  0.798946
0.8345,  0.776988
0.8350,  0.752299
0.8355,  0.735138
0.8360,  0.721306
0.8365,  0.699250
0.8370,  0.688576
0.8375,  0.677503
0.8380,  0.666385
0.8385,  0.672471
0.8390,  0.676063
0.8395,  0.676914
0.8400,  0.680422
0.8405,  0.664193
0.8410,  0.651494
0.8415,  0.648028
0.8420,  0.633916
0.8425,  0.632290
0.8430,  0.641332
0.8435,  0.644958
0.8440,  0.638031
0.8445,  0.640495
0.8450,  0.644853
0.8455,  0.643852
0.8460,  0.655542
0.8465,  0.657854
0.8470,  0.658968
0.8475,  0.657759
0.8480,  0.667383
0.8485,  0.667488
0.8490,  0.681685
0.8495,  0.685666
0.8500,  0.685612
0.8505,  0.704513
0.8510,  0.710536
0.8515,  0.719137
0.8520,  0.726430
0.8525,  0.713122
0.8530,  0.703900
0.8535,  0.715759
0.8540,  0.726301
0.8545,  0.784757
0.8550,  0.802558
0.8555,  0.800807
0.8560,  0.798328
0.8565,  0.790725
0.8570,  0.775696
0.8575,  0.758721
0.8580,  0.755449
0.8585,  0.740401
0.8590,  0.740089
0.8595,  0.751832
0.8600,  0.750129
0.8605,  0.755503
0.8610,  0.757064
0.8615,  0.751087
0.8620,  0.731888
0.8625,  0.717609
0.8630,  0.721306
0.8635,  0.743822
0.8640,  0.786942
0.8645,  0.799795
0.8650,  0.830538
0.8655,  0.865705
0.8660,  0.881225
0.8665,  0.910605
0.8670,  0.906192
0.8675,  0.877344
0.8680,  0.846470
0.8685,  0.827829
0.8690,  0.821206
0.8695,  0.807457
0.8700,  0.804141
0.8705,  0.805765
0.8710,  0.826414
0.8715,  0.861676
0.8720,  0.900548
0.8725,  0.933834
0.8730,  0.934846
0.8735,  0.908217
0.8740,  0.904019
0.8745,  0.921142
0.8750,  0.923785
0.8755,  0.948830
0.8760,  0.957216
0.8765,  0.965680
0.8770,  0.974181
0.8775,  0.987797
0.8780,  1.001171
0.8785,  0.989384
0.8790,  0.979579
0.8795,  0.975878
0.8800,  0.967701
0.8805,  0.979671
0.8810,  1.020147
0.8815,  1.046086
0.8820,  1.044536
0.8825,  1.052142
0.8830,  1.043780
0.8835,  1.052451
0.8840,  1.055238
0.8845,  1.056536
0.8850,  1.040421
0.8855,  1.042959
0.8860,  1.060087
0.8865,  1.085389
0.8870,  1.114815
0.8875,  1.169381
0.8880,  1.201559
0.8885,  1.184819
0.8890,  1.156641
0.8895,  1.160664
0.8900,  1.151930
