0.3500,  -0.014785
0.3505,  0.037608
0.3510,  0.014134
0.3515,  -0.010301
0.3520,  -0.040928
0.3525,  -0.078466
0.3530,  -0.043749
0.3535,  -0.013866
0.3540,  -0.000401
0.3545,  0.014058
0.3550,  -0.003942
0.3555,  -0.013517
0.3560,  -0.044457
0.3565,  -0.066122
0.3570,  -0.088199
0.3575,  -0.115391
0.3580,  -0.147406
0.3585,  -0.193152
0.3590,  -0.061116
0.3595,  0.044223
0.3600,  0.031816
0.3605,  0.017473
0.3610,  -0.020161
0.3615,  -0.059224
0.3620,  -0.024915
0.3625,  0.008943
0.3630,  -0.003128
0.3635,  -0.012947
0.3640,  -0.015877
0.3645,  -0.024907
0.3650,  0.000530
0.3655,  0.026781
0.3660,  0.037193
0.3665,  0.047345
0.3670,  0.024237
0.3675,  0.003796
0.3680,  -0.022106
0.3685,  -0.046578
0.3690,  -0.010638
0.3695,  0.024940
0.3700,  0.000213
0.3705,  -0.025135
0.3710,  -0.007634
0.3715,  0.014378
0.3720,  -0.003947
0.3725,  -0.021819
0.3730,  -0.048742
0.3735,  -0.082801
0.3740,  -0.080293
0.3745,  -0.084117
0.3750,  -0.026139
0.3755,  0.025821
0.3760,  0.023273
0.3765,  0.016151
0.3770,  0.059347
0.3775,  0.096015
0.3780,  0.093226
0.3785,  0.096045
0.3790,  0.021874
0.3795,  -0.058142
0.3800,  -0.017309
0.3805,  0.025477
0.3810,  0.002926
0.3815,  -0.011581
0.3820,  -0.077040
0.3825,  -0.158191
0.3830,  -0.177306
0.3835,  -0.208025
0.3840,  -0.077603
0.3845,  0.024140
0.3850,  0.036031
0.3855,  0.047250
0.3860,  0.036337
0.3865,  0.027118
0.3870,  0.022843
0.3875,  0.016459
0.3880,  -0.000372
0.3885,  -0.020903
0.3890,  0.024721
0.3895,  0.063711
0.3900,  0.065793
0.3905,  0.065608
0.3910,  0.077064
0.3915,  0.101790
0.3920,  0.028850
0.3925,  -0.045154
0.3930,  -0.177397
0.3935,  -0.367905
0.3940,  -0.142146
0.3945,  0.020393
0.3950,  0.101574
0.3955,  0.175765
0.3960,  0.050762
0.3965,  -0.106661
0.3970,  -0.090484
0.3975,  -0.090030
0.3980,  0.058540
0.3985,  0.160334
0.3990,  0.147429
0.3995,  0.139202
0.4000,  0.111541
0.4005,  0.085841
0.4010,  0.074704
0.4015,  0.069415
0.4020,  0.058590
0.4025,  0.053370
0.4030,  0.034508
0.4035,  0.015124
0.4040,  0.009943
0.4045,  0.009293
0.4050,  0.009684
0.4055,  0.010911
0.4060,  -0.000752
0.4065,  -0.010151
0.4070,  0.002479
0.4075,  0.010298
0.4080,  0.030444
0.4085,  0.049084
0.4090,  0.043995
0.4095,  0.039619
0.4100,  0.002584
0.4105,  -0.038764
0.4110,  0.015283
0.4115,  0.062750
0.4120,  0.050368
0.4125,  0.037148
0.4130,  0.026345
0.4135,  0.018417
0.4140,  0.012952
0.4145,  0.007801
0.4150,  0.006635
0.4155,  0.004782
0.4160,  0.022885
0.4165,  0.044396
0.4170,  0.014680
0.4175,  -0.017941
0.4180,  -0.013112
0.4185,  -0.006229
0.4190,  -0.000581
0.4195,  0.002907
0.4200,  0.013945
0.4205,  0.025575
0.4210,  0.033263
0.4215,  0.041618
0.4220,  0.004299
0.4225,  -0.034346
0.4230,  -0.006400
0.4235,  0.021778
0.4240,  0.031180
0.4245,  0.041613
0.4250,  0.029924
0.4255,  0.016056
0.4260,  0.018548
0.4265,  0.025336
0.4270,  0.001710
0.4275,  -0.019905
0.4280,  -0.005726
0.4285,  0.008029
0.4290,  -0.001349
0.4295,  -0.009424
0.4300,  -0.073358
0.4305,  -0.156216
0.4310,  -0.007498
0.4315,  0.102566
0.4320,  0.078217
0.4325,  0.051247
0.4330,  0.054784
0.4335,  0.059550
0.4340,  0.039476
0.4345,  0.020429
0.4350,  0.020498
0.4355,  0.021503
0.4360,  0.053183
0.4365,  0.084000
0.4370,  0.059827
0.4375,  0.040364
0.4380,  0.000690
0.4385,  -0.044466
0.4390,  0.009369
0.4395,  0.055763
0.4400,  0.030890
0.4405,  0.004265
0.4410,  0.038162
0.4415,  0.067899
0.4420,  0.067150
0.4425,  0.066396
0.4430,  0.047575
0.4435,  0.032524
0.4440,  0.042179
0.4445,  0.054009
0.4450,  0.027474
0.4455,  -0.001947
0.4460,  0.009516
0.4465,  0.019484
0.4470,  0.047359
0.4475,  0.074006
0.4480,  0.055785
0.4485,  0.034354
0.4490,  0.034620
0.4495,  0.035555
0.4500,  0.044958
0.4505,  0.054996
0.4510,  0.047909
0.4515,  0.042901
0.4520,  0.021436
0.4525,  0.000709
0.4530,  0.012600
0.4535,  0.022018
0.4540,  0.030574
0.4545,  0.034895
0.4550,  0.041497
0.4555,  0.047842
0.4560,  0.049952
0.4565,  0.051064
0.4570,  0.052108
0.4575,  0.054697
0.4580,  0.035141
0.4585,  0.015297
0.4590,  0.023408
0.4595,  0.029372
0.4600,  0.034552
0.4605,  0.039646
0.4610,  0.041453
0.4615,  0.042341
0.4620,  0.049082
0.4625,  0.055833
0.4630,  0.045029
0.4635,  0.036831
0.4640,  0.029238
0.4645,  0.020904
0.4650,  0.037163
0.4655,  0.053852
0.4660,  0.036662
0.4665,  0.020815
0.4670,  0.041302
0.4675,  0.055934
0.4680,  0.052421
0.4685,  0.051943
0.4690,  0.054675
0.4695,  0.058013
0.4700,  0.043628
0.4705,  0.023487
0.4710,  0.046828
0.4715,  0.069245
0.4720,  0.067928
0.4725,  0.067862
0.4730,  0.059884
0.4735,  0.051852
0.4740,  0.059779
0.4745,  0.068977
0.4750,  0.063964
0.4755,  0.058659
0.4760,  0.049715
0.4765,  0.041153
0.4770,  0.061903
0.4775,  0.080464
0.4780,  0.068111
0.4785,  0.055832
0.4790,  0.065007
0.4795,  0.074729
0.4800,  0.067849
0.4805,  0.061113
0.4810,  0.070426
0.4815,  0.078478
0.4820,  0.067619
0.4825,  0.062257
0.4830,  0.064805
0.4835,  0.068570
0.4840,  0.066251
0.4845,  0.066379
0.4850,  0.055129
0.4855,  0.046436
0.4860,  0.021799
0.4865,  -0.012597
0.4870,  0.027771
0.4875,  0.062250
0.4880,  0.071501
0.4885,  0.079093
0.4890,  0.078779
0.4895,  0.079639
0.4900,  0.082397
0.4905,  0.089487
0.4910,  0.071983
0.4915,  0.053737
0.4920,  0.054841
0.4925,  0.054110
0.4930,  0.050679
0.4935,  0.044706
0.4940,  0.070628
0.4945,  0.095376
0.4950,  0.071176
0.4955,  0.046681
0.4960,  0.062220
0.4965,  0.076924
0.4970,  0.078703
0.4975,  0.082932
0.4980,  0.059561
0.4985,  0.033618
0.4990,  0.054154
0.4995,  0.075169
0.5000,  0.059717
0.5005,  0.043878
0.5010,  0.040114
0.5015,  0.033053
0.5020,  0.048146
0.5025,  0.062566
0.5030,  0.069039
0.5035,  0.074950
0.5040,  0.061698
0.5045,  0.045971
0.5050,  0.062602
0.5055,  0.079785
0.5060,  0.071665
0.5065,  0.065651
0.5070,  0.058128
0.5075,  0.049661
0.5080,  0.051827
0.5085,  0.053367
0.5090,  0.053243
0.5095,  0.052596
0.5100,  0.056945
0.5105,  0.061390
0.5110,  0.069514
0.5115,  0.077720
0.5120,  0.057710
0.5125,  0.038795
0.5130,  0.042830
0.5135,  0.044779
0.5140,  0.050696
0.5145,  0.054247
0.5150,  0.061272
0.5155,  0.073147
0.5160,  0.043072
0.5165,  0.011595
0.5170,  0.033338
0.5175,  0.050246
0.5180,  0.036670
0.5185,  0.017100
0.5190,  0.043613
0.5195,  0.069002
0.5200,  0.061307
0.5205,  0.053532
0.5210,  0.062100
0.5215,  0.073047
0.5220,  0.056666
0.5225,  0.040246
0.5230,  0.051499
0.5235,  0.059415
0.5240,  0.066293
0.5245,  0.075697
0.5250,  0.072828
0.5255,  0.073672
0.5260,  0.036259
0.5265,  -0.006447
0.5270,  0.025890
0.5275,  0.051433
0.5280,  0.057655
0.5285,  0.062434
0.5290,  0.059381
0.5295,  0.057452
0.5300,  0.060542
0.5305,  0.064980
0.5310,  0.066952
0.5315,  0.071920
0.5320,  0.043587
0.5325,  0.011056
0.5330,  0.042111
0.5335,  0.069431
0.5340,  0.054677
0.5345,  0.038769
0.5350,  0.059403
0.5355,  0.081238
0.5360,  0.061970
0.5365,  0.043357
0.5370,  0.047818
0.5375,  0.050793
0.5380,  0.055300
0.5385,  0.061785
0.5390,  0.052390
0.5395,  0.044124
0.5400,  0.036125
0.5405,  0.026332
0.5410,  0.047699
0.5415,  0.067248
0.5420,  0.055686
0.5425,  0.044070
0.5430,  0.052617
0.5435,  0.060555
0.5440,  0.058957
0.5445,  0.057457
0.5450,  0.061562
0.5455,  0.064295
0.5460,  0.060947
0.5465,  0.058506
0.5470,  0.052131
0.5475,  0.044161
0.5480,  0.050240
0.5485,  0.054550
0.5490,  0.058573
0.5495,  0.063805
0.5500,  0.058664
0.5505,  0.053765
0.5510,  0.056142
0.5515,  0.059075
0.5520,  0.056676
0.5525,  0.051821
0.5530,  0.055843
0.5535,  0.060508
0.5540,  0.061708
0.5545,  0.063639
0.5550,  0.065644
0.5555,  0.068905
0.5560,  0.059220
0.5565,  0.049414
0.5570,  0.056323
0.5575,  0.064151
0.5580,  0.056356
0.5585,  0.050111
0.5590,  0.055821
0.5595,  0.060216
0.5600,  0.064163
0.5605,  0.066891
0.5610,  0.061783
0.5615,  0.056662
0.5620,  0.059627
0.5625,  0.064487
0.5630,  0.067823
0.5635,  0.071909
0.5640,  0.073217
0.5645,  0.073724
0.5650,  0.066460
0.5655,  0.057569
0.5660,  0.061742
0.5665,  0.065634
0.5670,  0.075002
0.5675,  0.085579
0.5680,  0.073352
0.5685,  0.060646
0.5690,  0.072314
0.5695,  0.084438
0.5700,  0.070392
0.5705,  0.054174
0.5710,  0.061860
0.5715,  0.066223
0.5720,  0.073210
0.5725,  0.080809
0.5730,  0.075913
0.5735,  0.073147
0.5740,  0.072882
0.5745,  0.073500
0.5750,  0.067272
0.5755,  0.059950
0.5760,  0.062511
0.5765,  0.066038
0.5770,  0.069111
0.5775,  0.072786
0.5780,  0.060284
0.5785,  0.046475
0.5790,  0.053738
0.5795,  0.059596
0.5800,  0.058698
0.5805,  0.058662
0.5810,  0.059630
0.5815,  0.060455
0.5820,  0.063186
0.5825,  0.064347
0.5830,  0.061909
0.5835,  0.060234
0.5840,  0.062085
0.5845,  0.066967
0.5850,  0.056575
0.5855,  0.044646
0.5860,  0.055565
0.5865,  0.065862
0.5870,  0.071285
0.5875,  0.081779
0.5880,  0.075402
0.5885,  0.067697
0.5890,  0.048270
0.5895,  0.023216
0.5900,  0.061760
0.5905,  0.096594
0.5910,  0.087976
0.5915,  0.079833
0.5920,  0.079602
0.5925,  0.078563
0.5930,  0.073936
0.5935,  0.074796
0.5940,  0.073015
0.5945,  0.070395
0.5950,  0.073829
0.5955,  0.074751
0.5960,  0.076329
0.5965,  0.078658
0.5970,  0.072645
0.5975,  0.067937
0.5980,  0.063576
0.5985,  0.060045
0.5990,  0.066298
0.5995,  0.073174
0.6000,  0.069239
0.6005,  0.065438
0.6010,  0.066615
0.6015,  0.067067
0.6020,  0.058124
0.6025,  0.046747
0.6030,  0.056374
0.6035,  0.068083
0.6040,  0.068740
0.6045,  0.071357
0.6050,  0.071839
0.6055,  0.069053
0.6060,  0.066015
0.6065,  0.064416
0.6070,  0.065635
0.6075,  0.067720
0.6080,  0.066452
0.6085,  0.066237
0.6090,  0.069449
0.6095,  0.072187
0.6100,  0.064404
0.6105,  0.055829
0.6110,  0.064219
0.6115,  0.073719
0.6120,  0.068070
0.6125,  0.062626
0.6130,  0.061759
0.6135,  0.060040
0.6140,  0.067340
0.6145,  0.075432
0.6150,  0.078362
0.6155,  0.080056
0.6160,  0.059129
0.6165,  0.035604
0.6170,  0.053293
0.6175,  0.072579
0.6180,  0.077304
0.6185,  0.080479
0.6190,  0.079238
0.6195,  0.076147
0.6200,  0.082039
0.6205,  0.087178
0.6210,  0.077585
0.6215,  0.066944
0.6220,  0.072230
0.6225,  0.080214
0.6230,  0.076048
0.6235,  0.072041
0.6240,  0.075878
0.6245,  0.075971
0.6250,  0.071162
0.6255,  0.064737
0.6260,  0.075383
0.6265,  0.087200
0.6270,  0.087686
0.6275,  0.090760
0.6280,  0.093131
0.6285,  0.096739
0.6290,  0.096288
0.6295,  0.094330
0.6300,  0.091226
0.6305,  0.086206
0.6310,  0.080009
0.6315,  0.077644
0.6320,  0.075349
0.6325,  0.076027
0.6330,  0.078441
0.6335,  0.079783
0.6340,  0.080819
0.6345,  0.082880
0.6350,  0.085561
0.6355,  0.085527
0.6360,  0.083693
0.6365,  0.080738
0.6370,  0.076677
0.6375,  0.075373
0.6380,  0.076557
0.6385,  0.078354
0.6390,  0.080925
0.6395,  0.079829
0.6400,  0.078205
0.6405,  0.074386
0.6410,  0.070648
0.6415,  0.071482
0.6420,  0.070103
0.6425,  0.068782
0.6430,  0.066805
0.6435,  0.065802
0.6440,  0.068105
0.6445,  0.074713
0.6450,  0.082513
0.6455,  0.084664
0.6460,  0.084159
0.6465,  0.083544
0.6470,  0.081819
0.6475,  0.078398
0.6480,  0.077800
0.6485,  0.076341
0.6490,  0.074167
0.6495,  0.078787
0.6500,  0.083315
0.6505,  0.087687
0.6510,  0.092074
0.6515,  0.091060
0.6520,  0.087446
0.6525,  0.084056
0.6530,  0.083307
0.6535,  0.077953
0.6540,  0.074862
0.6545,  0.077836
0.6550,  0.085886
0.6555,  0.086292
0.6560,  0.077380
0.6565,  0.055112
0.6570,  0.027488
0.6575,  0.035788
0.6580,  0.045181
0.6585,  0.055310
0.6590,  0.066314
0.6595,  0.062627
0.6600,  0.058677
0.6605,  0.055645
0.6610,  0.055823
0.6615,  0.054652
0.6620,  0.053427
0.6625,  0.053534
0.6630,  0.053694
0.6635,  0.056177
0.6640,  0.056798
0.6645,  0.057626
0.6650,  0.056953
0.6655,  0.054180
0.6660,  0.051035
0.6665,  0.049016
0.6670,  0.047503
0.6675,  0.050601
0.6680,  0.051520
0.6685,  0.053527
0.6690,  0.055221
0.6695,  0.053540
0.6700,  0.052420
0.6705,  0.052067
0.6710,  0.052815
0.6715,  0.056452
0.6720,  0.056388
0.6725,  0.055374
0.6730,  0.054732
0.6735,  0.051011
0.6740,  0.049129
0.6745,  0.047507
0.6750,  0.046879
0.6755,  0.049142
0.6760,  0.052046
0.6765,  0.055070
0.6770,  0.055554
0.6775,  0.054987
0.6780,  0.053037
0.6785,  0.050399
0.6790,  0.047129
0.6795,  0.044472
0.6800,  0.043973
0.6805,  0.043834
0.6810,  0.045487
0.6815,  0.048108
0.6820,  0.053211
0.6825,  0.057183
0.6830,  0.059236
0.6835,  0.058903
0.6840,  0.058021
0.6845,  0.056255
0.6850,  0.058602
0.6855,  0.076849
0.6860,  0.103512
0.6865,  0.131702
0.6870,  0.151702
0.6875,  0.156042
0.6880,  0.154710
0.6885,  0.151237
0.6890,  0.148903
0.6895,  0.143706
0.6900,  0.137597
0.6905,  0.128871
0.6910,  0.121009
0.6915,  0.114595
0.6920,  0.111226
0.6925,  0.109364
0.6930,  0.111261
0.6935,  0.109734
0.6940,  0.106773
0.6945,  0.105719
0.6950,  0.103767
0.6955,  0.097906
0.6960,  0.089880
0.6965,  0.083819
0.6970,  0.077539
0.6975,  0.078598
0.6980,  0.082387
0.6985,  0.086477
0.6990,  0.092167
0.6995,  0.094646
0.7000,  0.097226
0.7005,  0.096808
0.7010,  0.097726
0.7015,  0.102169
0.7020,  0.100732
0.7025,  0.095706
0.7030,  0.089818
0.7035,  0.087664
0.7040,  0.088446
0.7045,  0.090884
0.7050,  0.096578
0.7055,  0.097401
0.7060,  0.095233
0.7065,  0.090913
0.7070,  0.086243
0.7075,  0.079986
0.7080,  0.077096
0.7085,  0.077853
0.7090,  0.079861
0.7095,  0.082699
0.7100,  0.081133
0.7105,  0.079033
0.7110,  0.079958
0.7115,  0.077585
0.7120,  0.077223
0.7125,  0.078883
0.7130,  0.079059
0.7135,  0.082667
0.7140,  0.084913
0.7145,  0.087292
0.7150,  0.091333
0.7155,  0.104771
0.7160,  0.124057
0.7165,  0.146060
0.7170,  0.171514
0.7175,  0.193320
0.7180,  0.215332
0.7185,  0.229050
0.7190,  0.231944
0.7195,  0.232494
0.7200,  0.218838
0.7205,  0.196302
0.7210,  0.173819
0.7215,  0.157765
0.7220,  0.158275
0.7225,  0.166307
0.7230,  0.181268
0.7235,  0.196029
0.7240,  0.207473
0.7245,  0.213139
0.7250,  0.214614
0.7255,  0.211593
0.7260,  0.209581
0.7265,  0.208771
0.7270,  0.206316
0.7275,  0.204578
0.7280,  0.203299
0.7285,  0.198439
0.7290,  0.190679
0.7295,  0.187279
0.7300,  0.183546
0.7305,  0.180576
0.7310,  0.176937
0.7315,  0.167471
0.7320,  0.156164
0.7325,  0.145020
0.7330,  0.132242
0.7335,  0.115812
0.7340,  0.109135
0.7345,  0.104501
0.7350,  0.101234
0.7355,  0.099772
0.7360,  0.100945
0.7365,  0.099290
0.7370,  0.100592
0.7375,  0.096610
0.7380,  0.094153
0.7385,  0.089807
0.7390,  0.083321
0.7395,  0.078972
0.7400,  0.073853
0.7405,  0.070825
0.7410,  0.070210
0.7415,  0.071466
0.7420,  0.074170
0.7425,  0.076285
0.7430,  0.078384
0.7435,  0.076470
0.7440,  0.078157
0.7445,  0.075037
0.7450,  0.072805
0.7455,  0.074414
0.7460,  0.075519
0.7465,  0.075929
0.7470,  0.073253
0.7475,  0.069490
0.7480,  0.067856
0.7485,  0.067909
0.7490,  0.070612
0.7495,  0.072794
0.7500,  0.073588
0.7505,  0.076169
0.7510,  0.076136
0.7515,  0.074014
0.7520,  0.068972
0.7525,  0.069023
0.7530,  0.070028
0.7535,  0.065631
0.7540,  0.065166
0.7545,  0.065398
0.7550,  0.070210
0.7555,  0.073247
0.7560,  0.076434
0.7565,  0.079710
0.7570,  0.081312
0.7575,  0.085608
0.7580,  0.104731
0.7585,  0.152979
0.7590,  0.238973
0.7595,  0.355651
0.7600,  0.470334
0.7605,  0.531855
0.7610,  0.543408
0.7615,  0.522228
0.7620,  0.506186
0.7625,  0.495166
0.7630,  0.483746
0.7635,  0.459261
0.7640,  0.422045
0.7645,  0.372501
0.7650,  0.319814
0.7655,  0.271613
0.7660,  0.223837
0.7665,  0.181118
0.7670,  0.146374
0.7675,  0.123433
0.7680,  0.109414
0.7685,  0.105192
0.7690,  0.103333
0.7695,  0.095193
0.7700,  0.087577
0.7705,  0.083779
0.7710,  0.078024
0.7715,  0.073564
0.7720,  0.073983
0.7725,  0.074736
0.7730,  0.079562
0.7735,  0.079944
0.7740,  0.079430
0.7745,  0.076734
0.7750,  0.073459
0.7755,  0.070984
0.7760,  0.069830
0.7765,  0.070550
0.7770,  0.073477
0.7775,  0.071804
0.7780,  0.069594
0.7785,  0.072388
0.7790,  0.070323
0.7795,  0.071340
0.7800,  0.071394
0.7805,  0.068425
0.7810,  0.070158
0.7815,  0.071442
0.7820,  0.071928
0.7825,  0.071704
0.7830,  0.070781
0.7835,  0.068534
0.7840,  0.067881
0.7845,  0.067082
0.7850,  0.068099
0.7855,  0.068975
0.7860,  0.069859
0.7865,  0.073186
0.7870,  0.072666
0.7875,  0.071521
0.7880,  0.074154
0.7885,  0.076875
0.7890,  0.081738
0.7895,  0.081926
0.7900,  0.081545
0.7905,  0.082301
0.7910,  0.083266
0.7915,  0.081637
0.7920,  0.081287
0.7925,  0.080272
0.7930,  0.080141
0.7935,  0.079775
0.7940,  0.078884
0.7945,  0.076689
0.7950,  0.077910
0.7955,  0.079472
0.7960,  0.080489
0.7965,  0.084691
0.7970,  0.083361
0.7975,  0.085548
0.7980,  0.087672
0.7985,  0.086451
0.7990,  0.081952
0.7995,  0.081136
0.8000,  0.084331
0.8005,  0.086058
0.8010,  0.088428
0.8015,  0.091494
0.8020,  0.090944
0.8025,  0.088761
0.8030,  0.091244
0.8035,  0.094464
0.8040,  0.090488
0.8045,  0.083405
0.8050,  0.079378
0.8055,  0.079882
0.8060,  0.077541
0.8065,  0.073174
0.8070,  0.071417
0.8075,  0.067871
0.8080,  0.072143
0.8085,  0.075858
0.8090,  0.077624
0.8095,  0.083055
0.8100,  0.088136
0.8105,  0.095770
0.8110,  0.101258
0.8115,  0.108881
0.8120,  0.118389
0.8125,  0.130243
0.8130,  0.140681
0.8135,  0.154565
0.8140,  0.173338
0.8145,  0.192744
0.8150,  0.213143
0.8155,  0.226432
0.8160,  0.232422
0.8165,  0.234483
0.8170,  0.233306
0.8175,  0.224169
0.8180,  0.212612
0.8185,  0.200776
0.8190,  0.187118
0.8195,  0.179948
0.8200,  0.169515
0.8205,  0.156436
0.8210,  0.160669
0.8215,  0.176914
0.8220,  0.202034
0.8225,  0.230126
0.8230,  0.234705
0.8235,  0.216904
0.8240,  0.185265
0.8245,  0.162126
0.8250,  0.148905
0.8255,  0.142846
0.8260,  0.147225
0.8265,  0.150817
0.8270,  0.157849
0.8275,  0.169259
0.8280,  0.180618
0.8285,  0.184211
0.8290,  0.186340
0.8295,  0.181290
0.8300,  0.169831
0.8305,  0.164489
0.8310,  0.154331
0.8315,  0.155589
0.8320,  0.154506
0.8325,  0.156050
0.8330,  0.153961
0.8335,  0.144112
0.8340,  0.127703
0.8345,  0.123482
0.8350,  0.113987
0.8355,  0.111239
0.8360,  0.109385
0.8365,  0.103600
0.8370,  0.096586
0.8375,  0.090133
0.8380,  0.078818
0.8385,  0.077646
0.8390,  0.075416
0.8395,  0.072115
0.8400,  0.070207
0.8405,  0.069873
0.8410,  0.071421
0.8415,  0.072822
0.8420,  0.066648
0.8425,  0.067742
0.8430,  0.069926
0.8435,  0.074479
0.8440,  0.069514
0.8445,  0.072032
0.8450,  0.072440
0.8455,  0.068659
0.8460,  0.062782
0.8465,  0.058318
0.8470,  0.056398
0.8475,  0.056138
0.8480,  0.062380
0.8485,  0.060758
0.8490,  0.067062
0.8495,  0.066608
0.8500,  0.052241
0.8505,  0.056256
0.8510,  0.053651
0.8515,  0.046777
0.8520,  0.052463
0.8525,  0.045473
0.8530,  0.049398
0.8535,  0.042964
0.8540,  0.025588
0.8545,  0.041501
0.8550,  0.053659
0.8555,  0.062696
0.8560,  0.066526
0.8565,  0.064807
0.8570,  0.069745
0.8575,  0.069615
0.8580,  0.067218
0.8585,  0.062913
0.8590,  0.055782
0.8595,  0.044944
0.8600,  0.040235
0.8605,  0.042439
0.8610,  0.044965
0.8615,  0.039711
0.8620,  0.041718
0.8625,  0.059204
0.8630,  0.053581
0.8635,  0.051543
0.8640,  0.050435
0.8645,  0.039100
0.8650,  0.026412
0.8655,  0.025900
0.8660,  0.020792
0.8665,  0.038413
0.8670,  0.051061
0.8675,  0.054261
0.8680,  0.047743
0.8685,  0.045087
0.8690,  0.046685
0.8695,  0.056417
0.8700,  0.060463
0.8705,  0.058090
0.8710,  0.060146
0.8715,  0.057715
0.8720,  0.064219
0.8725,  0.067873
0.8730,  0.066325
0.8735,  0.061506
0.8740,  0.062343
0.8745,  0.060733
0.8750,  0.055862
0.8755,  0.055182
0.8760,  0.050180
0.8765,  0.054047
0.8770,  0.053851
0.8775,  0.061757
0.8780,  0.067021
0.8785,  0.076494
0.8790,  0.078946
0.8795,  0.078521
0.8800,  0.068235
0.8805,  0.062639
0.8810,  0.054137
0.8815,  0.057112
0.8820,  0.058226
0.8825,  0.062292
0.8830,  0.058544
0.8835,  0.050615
0.8840,  0.049065
0.8845,  0.041332
0.8850,  0.042683
0.8855,  0.050595
0.8860,  0.052361
0.8865,  0.055911
0.8870,  0.058343
0.8875,  0.055940
0.8880,  0.048213
0.8885,  0.038927
0.8890,  0.046603
0.8895,  0.052493
0.8900,  0.059551
