0.3500,  0.258450
0.3505,  0.326635
0.3510,  0.294166
0.3515,  0.260517
0.3520,  0.226490
0.3525,  0.186208
0.3530,  0.231038
0.3535,  0.266886
0.3540,  0.282623
0.3545,  0.305220
0.3550,  0.275146
0.3555,  0.254105
0.3560,  0.219727
0.3565,  0.181962
0.3570,  0.159989
0.3575,  0.122071
0.3580,  0.091724
0.3585,  0.035601
0.3590,  0.191159
0.3595,  0.317305
0.3600,  0.304400
0.3605,  0.283304
0.3610,  0.233457
0.3615,  0.172952
0.3620,  0.208802
0.3625,  0.250574
0.3630,  0.241913
0.3635,  0.231111
0.3640,  0.225018
0.3645,  0.203671
0.3650,  0.229112
0.3655,  0.259371
0.3660,  0.271636
0.3665,  0.290666
0.3670,  0.269372
0.3675,  0.246132
0.3680,  0.214129
0.3685,  0.185808
0.3690,  0.235896
0.3695,  0.280914
0.3700,  0.252648
0.3705,  0.223535
0.3710,  0.243025
0.3715,  0.262958
0.3720,  0.234839
0.3725,  0.214246
0.3730,  0.185667
0.3735,  0.144625
0.3740,  0.147363
0.3745,  0.142405
0.3750,  0.209464
0.3755,  0.265804
0.3760,  0.256280
0.3765,  0.234748
0.3770,  0.274340
0.3775,  0.312997
0.3780,  0.304941
0.3785,  0.311024
0.3790,  0.225943
0.3795,  0.132464
0.3800,  0.194278
0.3805,  0.258079
0.3810,  0.236913
0.3815,  0.220820
0.3820,  0.138231
0.3825,  0.038923
0.3830,  0.009624
0.3835,  -0.039709
0.3840,  0.107994
0.3845,  0.220303
0.3850,  0.223873
0.3855,  0.226866
0.3860,  0.210187
0.3865,  0.203718
0.3870,  0.203175
0.3875,  0.200725
0.3880,  0.182395
0.3885,  0.157329
0.3890,  0.211810
0.3895,  0.255566
0.3900,  0.257403
0.3905,  0.261203
0.3910,  0.285656
0.3915,  0.324904
0.3920,  0.242314
0.3925,  0.153758
0.3930,  -0.013622
0.3935,  -0.258258
0.3940,  0.005556
0.3945,  0.190671
0.3950,  0.289144
0.3955,  0.391147
0.3960,  0.246039
0.3965,  0.050855
0.3970,  0.061934
0.3975,  0.047751
0.3980,  0.215747
0.3985,  0.329908
0.3990,  0.312258
0.3995,  0.306470
0.4000,  0.277864
0.4005,  0.252572
0.4010,  0.244911
0.4015,  0.243337
0.4020,  0.233063
0.4025,  0.228498
0.4030,  0.208082
0.4035,  0.188966
0.4040,  0.187163
0.4045,  0.190145
0.4050,  0.192583
0.4055,  0.192360
0.4060,  0.173125
0.4065,  0.153454
0.4070,  0.162759
0.4075,  0.169241
0.4080,  0.190546
0.4085,  0.214895
0.4090,  0.213192
0.4095,  0.212922
0.4100,  0.168755
0.4105,  0.114697
0.4110,  0.178594
0.4115,  0.236620
0.4120,  0.224412
0.4125,  0.208652
0.4130,  0.193942
0.4135,  0.183454
0.4140,  0.175989
0.4145,  0.165385
0.4150,  0.161083
0.4155,  0.157712
0.4160,  0.180161
0.4165,  0.209930
0.4170,  0.176533
0.4175,  0.138704
0.4180,  0.144243
0.4185,  0.149774
0.4190,  0.156123
0.4195,  0.158395
0.4200,  0.169793
0.4205,  0.181979
0.4210,  0.186583
0.4215,  0.200080
0.4220,  0.156637
0.4225,  0.106664
0.4230,  0.141177
0.4235,  0.171591
0.4240,  0.184264
0.4245,  0.198991
0.4250,  0.185147
0.4255,  0.170087
0.4260,  0.171852
0.4265,  0.177326
0.4270,  0.146479
0.4275,  0.115679
0.4280,  0.127408
0.4285,  0.143089
0.4290,  0.134162
0.4295,  0.127245
0.4300,  0.051783
0.4305,  -0.056036
0.4310,  0.118530
0.4315,  0.247838
0.4320,  0.210306
0.4325,  0.176714
0.4330,  0.185686
0.4335,  0.195099
0.4340,  0.172137
0.4345,  0.150185
0.4350,  0.153372
0.4355,  0.151977
0.4360,  0.188827
0.4365,  0.225330
0.4370,  0.195990
0.4375,  0.176462
0.4380,  0.129280
0.4385,  0.071224
0.4390,  0.135508
0.4395,  0.190968
0.4400,  0.159895
0.4405,  0.126130
0.4410,  0.166257
0.4415,  0.200361
0.4420,  0.198061
0.4425,  0.196074
0.4430,  0.171556
0.4435,  0.149935
0.4440,  0.161017
0.4445,  0.177457
0.4450,  0.149637
0.4455,  0.119362
0.4460,  0.134910
0.4465,  0.147118
0.4470,  0.182037
0.4475,  0.212042
0.4480,  0.187162
0.4485,  0.157313
0.4490,  0.156686
0.4495,  0.157366
0.4500,  0.169885
0.4505,  0.184842
0.4510,  0.175436
0.4515,  0.172037
0.4520,  0.143949
0.4525,  0.117732
0.4530,  0.128317
0.4535,  0.137814
0.4540,  0.143682
0.4545,  0.146504
0.4550,  0.154052
0.4555,  0.161734
0.4560,  0.164335
0.4565,  0.168002
0.4570,  0.172674
0.4575,  0.177516
0.4580,  0.153627
0.4585,  0.129037
0.4590,  0.138439
0.4595,  0.144282
0.4600,  0.147989
0.4605,  0.151502
0.4610,  0.152513
0.4615,  0.152954
0.4620,  0.159506
0.4625,  0.167471
0.4630,  0.155167
0.4635,  0.146124
0.4640,  0.137965
0.4645,  0.131145
0.4650,  0.152882
0.4655,  0.174393
0.4660,  0.153816
0.4665,  0.132284
0.4670,  0.154595
0.4675,  0.170352
0.4680,  0.165687
0.4685,  0.165106
0.4690,  0.166942
0.4695,  0.169503
0.4700,  0.147258
0.4705,  0.123889
0.4710,  0.151392
0.4715,  0.176068
0.4720,  0.173633
0.4725,  0.175916
0.4730,  0.168121
0.4735,  0.157822
0.4740,  0.167313
0.4745,  0.178550
0.4750,  0.172198
0.4755,  0.166295
0.4760,  0.154683
0.4765,  0.141670
0.4770,  0.165916
0.4775,  0.188997
0.4780,  0.172025
0.4785,  0.155677
0.4790,  0.168373
0.4795,  0.180974
0.4800,  0.169125
0.4805,  0.159311
0.4810,  0.170113
0.4815,  0.182383
0.4820,  0.171841
0.4825,  0.164089
0.4830,  0.167082
0.4835,  0.169391
0.4840,  0.168174
0.4845,  0.173447
0.4850,  0.163717
0.4855,  0.152185
0.4860,  0.118590
0.4865,  0.070574
0.4870,  0.116141
0.4875,  0.156642
0.4880,  0.167377
0.4885,  0.176319
0.4890,  0.175251
0.4895,  0.175719
0.4900,  0.180320
0.4905,  0.191334
0.4910,  0.171349
0.4915,  0.149406
0.4920,  0.149626
0.4925,  0.147003
0.4930,  0.141679
0.4935,  0.131915
0.4940,  0.161559
0.4945,  0.192730
0.4950,  0.163262
0.4955,  0.133891
0.4960,  0.154037
0.4965,  0.173929
0.4970,  0.178049
0.4975,  0.184068
0.4980,  0.155887
0.4985,  0.125306
0.4990,  0.150531
0.4995,  0.176869
0.5000,  0.158601
0.5005,  0.139128
0.5010,  0.133189
0.5015,  0.123765
0.5020,  0.141495
0.5025,  0.159273
0.5030,  0.167620
0.5035,  0.174203
0.5040,  0.157749
0.5045,  0.136731
0.5050,  0.156292
0.5055,  0.178260
0.5060,  0.168940
0.5065,  0.163062
0.5070,  0.154713
0.5075,  0.144513
0.5080,  0.146691
0.5085,  0.148673
0.5090,  0.147197
0.5095,  0.145848
0.5100,  0.150708
0.5105,  0.155468
0.5110,  0.165853
0.5115,  0.176662
0.5120,  0.153013
0.5125,  0.130562
0.5130,  0.135364
0.5135,  0.137042
0.5140,  0.142762
0.5145,  0.145374
0.5150,  0.154636
0.5155,  0.174060
0.5160,  0.142350
0.5165,  0.104267
0.5170,  0.127873
0.5175,  0.144143
0.5180,  0.123757
0.5185,  0.097001
0.5190,  0.129019
0.5195,  0.160354
0.5200,  0.151740
0.5205,  0.143005
0.5210,  0.154253
0.5215,  0.168057
0.5220,  0.149374
0.5225,  0.127881
0.5230,  0.138970
0.5235,  0.146993
0.5240,  0.156007
0.5245,  0.169804
0.5250,  0.170490
0.5255,  0.175760
0.5260,  0.131310
0.5265,  0.077680
0.5270,  0.113405
0.5275,  0.140706
0.5280,  0.145919
0.5285,  0.151172
0.5290,  0.148980
0.5295,  0.147739
0.5300,  0.150277
0.5305,  0.156297
0.5310,  0.160364
0.5315,  0.168802
0.5320,  0.135143
0.5325,  0.095622
0.5330,  0.132764
0.5335,  0.164708
0.5340,  0.144401
0.5345,  0.123901
0.5350,  0.148201
0.5355,  0.175531
0.5360,  0.152530
0.5365,  0.127594
0.5370,  0.129342
0.5375,  0.133987
0.5380,  0.142257
0.5385,  0.151120
0.5390,  0.142697
0.5395,  0.134523
0.5400,  0.125042
0.5405,  0.111094
0.5410,  0.134419
0.5415,  0.156601
0.5420,  0.141132
0.5425,  0.126042
0.5430,  0.135936
0.5435,  0.143157
0.5440,  0.140114
0.5445,  0.140238
0.5450,  0.147938
0.5455,  0.152445
0.5460,  0.151359
0.5465,  0.148480
0.5470,  0.138641
0.5475,  0.128612
0.5480,  0.134327
0.5485,  0.138099
0.5490,  0.142999
0.5495,  0.149241
0.5500,  0.143028
0.5505,  0.137633
0.5510,  0.141004
0.5515,  0.144616
0.5520,  0.141351
0.5525,  0.136584
0.5530,  0.142947
0.5535,  0.149056
0.5540,  0.150903
0.5545,  0.154012
0.5550,  0.158569
0.5555,  0.163027
0.5560,  0.150403
0.5565,  0.138378
0.5570,  0.148108
0.5575,  0.157379
0.5580,  0.148622
0.5585,  0.137337
0.5590,  0.141272
0.5595,  0.142863
0.5600,  0.145262
0.5605,  0.149820
0.5610,  0.144917
0.5615,  0.139684
0.5620,  0.144275
0.5625,  0.150242
0.5630,  0.153810
0.5635,  0.158173
0.5640,  0.159640
0.5645,  0.161300
0.5650,  0.153731
0.5655,  0.140669
0.5660,  0.145472
0.5665,  0.151899
0.5670,  0.165243
0.5675,  0.178884
0.5680,  0.162792
0.5685,  0.147151
0.5690,  0.161953
0.5695,  0.177303
0.5700,  0.159101
0.5705,  0.138524
0.5710,  0.147834
0.5715,  0.152977
0.5720,  0.162100
0.5725,  0.172278
0.5730,  0.166597
0.5735,  0.164208
0.5740,  0.165996
0.5745,  0.167424
0.5750,  0.158896
0.5755,  0.149485
0.5760,  0.152519
0.5765,  0.156830
0.5770,  0.160131
0.5775,  0.165152
0.5780,  0.148321
0.5785,  0.129053
0.5790,  0.135736
0.5795,  0.140848
0.5800,  0.138903
0.5805,  0.138096
0.5810,  0.139802
0.5815,  0.142880
0.5820,  0.146997
0.5825,  0.150431
0.5830,  0.147501
0.5835,  0.145336
0.5840,  0.147586
0.5845,  0.151103
0.5850,  0.136201
0.5855,  0.120693
0.5860,  0.134414
0.5865,  0.151184
0.5870,  0.165307
0.5875,  0.184752
0.5880,  0.179449
0.5885,  0.167781
0.5890,  0.136857
0.5895,  0.099178
0.5900,  0.144487
0.5905,  0.186818
0.5910,  0.176593
0.5915,  0.164885
0.5920,  0.164083
0.5925,  0.165302
0.5930,  0.161715
0.5935,  0.161135
0.5940,  0.158757
0.5945,  0.155341
0.5950,  0.160275
0.5955,  0.162035
0.5960,  0.163553
0.5965,  0.167132
0.5970,  0.160476
0.5975,  0.153530
0.5980,  0.147264
0.5985,  0.140278
0.5990,  0.147458
0.5995,  0.156142
0.6000,  0.155193
0.6005,  0.152738
0.6010,  0.155033
0.6015,  0.154137
0.6020,  0.142107
0.6025,  0.129214
0.6030,  0.140455
0.6035,  0.153470
0.6040,  0.150695
0.6045,  0.151594
0.6050,  0.150774
0.6055,  0.146938
0.6060,  0.144775
0.6065,  0.144362
0.6070,  0.146611
0.6075,  0.149308
0.6080,  0.148043
0.6085,  0.148983
0.6090,  0.153376
0.6095,  0.154530
0.6100,  0.144182
0.6105,  0.132938
0.6110,  0.141629
0.6115,  0.152921
0.6120,  0.144602
0.6125,  0.136486
0.6130,  0.135215
0.6135,  0.132321
0.6140,  0.140965
0.6145,  0.153804
0.6150,  0.159387
0.6155,  0.160954
0.6160,  0.133326
0.6165,  0.102043
0.6170,  0.123879
0.6175,  0.147508
0.6180,  0.152724
0.6185,  0.158630
0.6190,  0.154475
0.6195,  0.150428
0.6200,  0.157736
0.6205,  0.166270
0.6210,  0.157618
0.6215,  0.148055
0.6220,  0.155027
0.6225,  0.164113
0.6230,  0.156509
0.6235,  0.150343
0.6240,  0.154589
0.6245,  0.155003
0.6250,  0.149559
0.6255,  0.141804
0.6260,  0.155936
0.6265,  0.172743
0.6270,  0.177321
0.6275,  0.179042
0.6280,  0.181301
0.6285,  0.186058
0.6290,  0.185399
0.6295,  0.183574
0.6300,  0.179380
0.6305,  0.171243
0.6310,  0.159203
0.6315,  0.153025
0.6320,  0.148044
0.6325,  0.145355
0.6330,  0.145515
0.6335,  0.147960
0.6340,  0.150871
0.6345,  0.155447
0.6350,  0.159506
0.6355,  0.159491
0.6360,  0.158809
0.6365,  0.154072
0.6370,  0.148437
0.6375,  0.145533
0.6380,  0.145917
0.6385,  0.149200
0.6390,  0.152631
0.6395,  0.152330
0.6400,  0.150018
0.6405,  0.147940
0.6410,  0.142758
0.6415,  0.145555
0.6420,  0.146809
0.6425,  0.144045
0.6430,  0.140766
0.6435,  0.141489
0.6440,  0.143475
0.6445,  0.149334
0.6450,  0.155895
0.6455,  0.159823
0.6460,  0.165099
0.6465,  0.168092
0.6470,  0.168892
0.6475,  0.166480
0.6480,  0.163621
0.6485,  0.155204
0.6490,  0.144878
0.6495,  0.145452
0.6500,  0.146841
0.6505,  0.151881
0.6510,  0.160360
0.6515,  0.160903
0.6520,  0.159114
0.6525,  0.155208
0.6530,  0.154787
0.6535,  0.150996
0.6540,  0.154703
0.6545,  0.164610
0.6550,  0.174050
0.6555,  0.167896
0.6560,  0.145864
0.6565,  0.110401
0.6570,  0.071977
0.6575,  0.083099
0.6580,  0.098029
0.6585,  0.113634
0.6590,  0.130733
0.6595,  0.127215
0.6600,  0.123134
0.6605,  0.119292
0.6610,  0.118874
0.6615,  0.117758
0.6620,  0.117236
0.6625,  0.117845
0.6630,  0.119059
0.6635,  0.120529
0.6640,  0.121193
0.6645,  0.122595
0.6650,  0.123930
0.6655,  0.121946
0.6660,  0.119277
0.6665,  0.116999
0.6670,  0.111948
0.6675,  0.113632
0.6680,  0.115112
0.6685,  0.118877
0.6690,  0.121834
0.6695,  0.117465
0.6700,  0.114156
0.6705,  0.114609
0.6710,  0.115202
0.6715,  0.116896
0.6720,  0.116133
0.6725,  0.115712
0.6730,  0.114273
0.6735,  0.111134
0.6740,  0.109281
0.6745,  0.112994
0.6750,  0.113861
0.6755,  0.115556
0.6760,  0.116502
0.6765,  0.118135
0.6770,  0.119635
0.6775,  0.119141
0.6780,  0.118163
0.6785,  0.117735
0.6790,  0.113583
0.6795,  0.111434
0.6800,  0.111344
0.6805,  0.109804
0.6810,  0.108537
0.6815,  0.109179
0.6820,  0.112380
0.6825,  0.116860
0.6830,  0.123632
0.6835,  0.127378
0.6840,  0.126742
0.6845,  0.127889
0.6850,  0.139917
0.6855,  0.172582
0.6860,  0.212915
0.6865,  0.245187
0.6870,  0.257000
0.6875,  0.252552
0.6880,  0.248665
0.6885,  0.239384
0.6890,  0.230189
0.6895,  0.219444
0.6900,  0.210535
0.6905,  0.201205
0.6910,  0.193108
0.6915,  0.190255
0.6920,  0.187878
0.6925,  0.188993
0.6930,  0.190499
0.6935,  0.187799
0.6940,  0.182079
0.6945,  0.174685
0.6950,  0.171299
0.6955,  0.162793
0.6960,  0.154391
0.6965,  0.150455
0.6970,  0.150891
0.6975,  0.157403
0.6980,  0.166477
0.6985,  0.172368
0.6990,  0.175720
0.6995,  0.177219
0.7000,  0.176221
0.7005,  0.172360
0.7010,  0.165941
0.7015,  0.163041
0.7020,  0.160778
0.7025,  0.159693
0.7030,  0.156356
0.7035,  0.157298
0.7040,  0.160858
0.7045,  0.163472
0.7050,  0.164223
0.7055,  0.163584
0.7060,  0.164254
0.7065,  0.159059
0.7070,  0.151801
0.7075,  0.144116
0.7080,  0.139410
0.7085,  0.135913
0.7090,  0.134453
0.7095,  0.138953
0.7100,  0.142023
0.7105,  0.142113
0.7110,  0.142890
0.7115,  0.142485
0.7120,  0.144151
0.7125,  0.148222
0.7130,  0.148054
0.7135,  0.152145
0.7140,  0.156735
0.7145,  0.161521
0.7150,  0.174507
0.7155,  0.197094
0.7160,  0.230425
0.7165,  0.266702
0.7170,  0.299760
0.7175,  0.323036
0.7180,  0.340075
0.7185,  0.354138
0.7190,  0.356038
0.7195,  0.345155
0.7200,  0.316672
0.7205,  0.284839
0.7210,  0.257844
0.7215,  0.242640
0.7220,  0.247047
0.7225,  0.263764
0.7230,  0.282232
0.7235,  0.294626
0.7240,  0.305851
0.7245,  0.317761
0.7250,  0.326071
0.7255,  0.322896
0.7260,  0.319835
0.7265,  0.317999
0.7270,  0.314988
0.7275,  0.308808
0.7280,  0.299480
0.7285,  0.287793
0.7290,  0.278747
0.7295,  0.278568
0.7300,  0.275663
0.7305,  0.267972
0.7310,  0.256773
0.7315,  0.241823
0.7320,  0.224875
0.7325,  0.207987
0.7330,  0.193588
0.7335,  0.184127
0.7340,  0.180017
0.7345,  0.178391
0.7350,  0.176010
0.7355,  0.173499
0.7360,  0.168526
0.7365,  0.164587
0.7370,  0.161215
0.7375,  0.154959
0.7380,  0.153284
0.7385,  0.153921
0.7390,  0.150633
0.7395,  0.148612
0.7400,  0.143985
0.7405,  0.136526
0.7410,  0.128945
0.7415,  0.129682
0.7420,  0.126432
0.7425,  0.125804
0.7430,  0.130724
0.7435,  0.127820
0.7440,  0.131521
0.7445,  0.131921
0.7450,  0.128033
0.7455,  0.126418
0.7460,  0.123767
0.7465,  0.120410
0.7470,  0.121850
0.7475,  0.115682
0.7480,  0.116434
0.7485,  0.121440
0.7490,  0.125205
0.7495,  0.128927
0.7500,  0.128263
0.7505,  0.128982
0.7510,  0.126271
0.7515,  0.122269
0.7520,  0.121928
0.7525,  0.119559
0.7530,  0.117356
0.7535,  0.115395
0.7540,  0.117473
0.7545,  0.116399
0.7550,  0.116862
0.7555,  0.120244
0.7560,  0.120787
0.7565,  0.121904
0.7570,  0.130609
0.7575,  0.147871
0.7580,  0.193931
0.7585,  0.295576
0.7590,  0.446174
0.7595,  0.608112
0.7600,  0.717608
0.7605,  0.749810
0.7610,  0.733014
0.7615,  0.715914
0.7620,  0.708676
0.7625,  0.706553
0.7630,  0.683882
0.7635,  0.629259
0.7640,  0.565613
0.7645,  0.498905
0.7650,  0.431740
0.7655,  0.366966
0.7660,  0.308919
0.7665,  0.251266
0.7670,  0.211293
0.7675,  0.185606
0.7680,  0.173221
0.7685,  0.161988
0.7690,  0.152757
0.7695,  0.142304
0.7700,  0.136039
0.7705,  0.131955
0.7710,  0.130466
0.7715,  0.131396
0.7720,  0.129332
0.7725,  0.123366
0.7730,  0.120599
0.7735,  0.120433
0.7740,  0.116570
0.7745,  0.112396
0.7750,  0.107508
0.7755,  0.106420
0.7760,  0.109836
0.7765,  0.114183
0.7770,  0.121447
0.7775,  0.120408
0.7780,  0.120271
0.7785,  0.118476
0.7790,  0.116406
0.7795,  0.123164
0.7800,  0.124077
0.7805,  0.128752
0.7810,  0.128299
0.7815,  0.126097
0.7820,  0.123130
0.7825,  0.117268
0.7830,  0.113596
0.7835,  0.115121
0.7840,  0.114948
0.7845,  0.112227
0.7850,  0.115517
0.7855,  0.119771
0.7860,  0.117984
0.7865,  0.120736
0.7870,  0.123855
0.7875,  0.122025
0.7880,  0.129144
0.7885,  0.138610
0.7890,  0.144055
0.7895,  0.143870
0.7900,  0.145396
0.7905,  0.144373
0.7910,  0.138875
0.7915,  0.139413
0.7920,  0.142407
0.7925,  0.147257
0.7930,  0.143482
0.7935,  0.141274
0.7940,  0.138871
0.7945,  0.133756
0.7950,  0.127316
0.7955,  0.128832
0.7960,  0.133291
0.7965,  0.131818
0.7970,  0.133934
0.7975,  0.134056
0.7980,  0.130209
0.7985,  0.126711
0.7990,  0.131005
0.7995,  0.139090
0.8000,  0.141369
0.8005,  0.138971
0.8010,  0.141300
0.8015,  0.140974
0.8020,  0.139357
0.8025,  0.137085
0.8030,  0.134943
0.8035,  0.131413
0.8040,  0.132669
0.8045,  0.128652
0.8050,  0.124174
0.8055,  0.121323
0.8060,  0.120628
0.8065,  0.121113
0.8070,  0.127984
0.8075,  0.125425
0.8080,  0.125925
0.8085,  0.123451
0.8090,  0.123646
0.8095,  0.134411
0.8100,  0.142873
0.8105,  0.157047
0.8110,  0.169449
0.8115,  0.180015
0.8120,  0.191634
0.8125,  0.222485
0.8130,  0.245681
0.8135,  0.272691
0.8140,  0.289452
0.8145,  0.303528
0.8150,  0.319664
0.8155,  0.334349
0.8160,  0.336676
0.8165,  0.348639
0.8170,  0.346945
0.8175,  0.338446
0.8180,  0.321590
0.8185,  0.294569
0.8190,  0.272127
0.8195,  0.255247
0.8200,  0.235605
0.8205,  0.228717
0.8210,  0.245997
0.8215,  0.278292
0.8220,  0.309592
0.8225,  0.323917
0.8230,  0.306097
0.8235,  0.280260
0.8240,  0.249924
0.8245,  0.225967
0.8250,  0.206437
0.8255,  0.209907
0.8260,  0.217409
0.8265,  0.224058
0.8270,  0.238851
0.8275,  0.246700
0.8280,  0.260217
0.8285,  0.257886
0.8290,  0.253721
0.8295,  0.246724
0.8300,  0.237270
0.8305,  0.228397
0.8310,  0.224275
0.8315,  0.209162
0.8320,  0.200392
0.8325,  0.191661
0.8330,  0.183565
0.8335,  0.183407
0.8340,  0.182023
0.8345,  0.181324
0.8350,  0.171919
0.8355,  0.158895
0.8360,  0.154719
0.8365,  0.150272
0.8370,  0.141042
0.8375,  0.137957
0.8380,  0.139614
0.8385,  0.129901
0.8390,  0.124133
0.8395,  0.115291
0.8400,  0.108487
0.8405,  0.103468
0.8410,  0.100150
0.8415,  0.110830
0.8420,  0.115985
0.8425,  0.124478
0.8430,  0.126551
0.8435,  0.118305
0.8440,  0.114371
0.8445,  0.111370
0.8450,  0.104050
0.8455,  0.102112
0.8460,  0.102650
0.8465,  0.093395
0.8470,  0.085910
0.8475,  0.087871
0.8480,  0.099545
0.8485,  0.106136
0.8490,  0.098052
0.8495,  0.096122
0.8500,  0.085606
0.8505,  0.086354
0.8510,  0.084398
0.8515,  0.087564
0.8520,  0.106048
0.8525,  0.105199
0.8530,  0.105510
0.8535,  0.095437
0.8540,  0.066233
0.8545,  0.080632
0.8550,  0.087856
0.8555,  0.085147
0.8560,  0.101626
0.8565,  0.093444
0.8570,  0.081497
0.8575,  0.079926
0.8580,  0.079604
0.8585,  0.080641
0.8590,  0.084150
0.8595,  0.084326
0.8600,  0.084474
0.8605,  0.086426
0.8610,  0.088813
0.8615,  0.085789
0.8620,  0.078387
0.8625,  0.074223
0.8630,  0.073742
0.8635,  0.077500
0.8640,  0.092165
0.8645,  0.092286
0.8650,  0.096776
0.8655,  0.099845
0.8660,  0.079834
0.8665,  0.070309
0.8670,  0.061384
0.8675,  0.053450
0.8680,  0.060574
0.8685,  0.061512
0.8690,  0.069038
0.8695,  0.077266
0.8700,  0.088763
0.8705,  0.085233
0.8710,  0.084665
0.8715,  0.096778
0.8720,  0.106765
0.8725,  0.102500
0.8730,  0.099134
0.8735,  0.099857
0.8740,  0.096131
0.8745,  0.093897
0.8750,  0.081975
0.8755,  0.074815
0.8760,  0.071187
0.8765,  0.080585
0.8770,  0.087766
0.8775,  0.083597
0.8780,  0.087979
0.8785,  0.084798
0.8790,  0.080980
0.8795,  0.082832
0.8800,  0.078483
0.8805,  0.074619
0.8810,  0.074104
0.8815,  0.072419
0.8820,  0.074951
0.8825,  0.077061
0.8830,  0.077086
0.8835,  0.082904
0.8840,  0.094474
0.8845,  0.088778
0.8850,  0.081319
0.8855,  0.084958
0.8860,  0.083988
0.8865,  0.083680
0.8870,  0.086815
0.8875,  0.095368
0.8880,  0.088545
0.8885,  0.084883
0.8890,  0.089772
0.8895,  0.095190
0.8900,  0.093877
