0.3500,  0.227591
0.3505,  0.292925
0.3510,  0.265170
0.3515,  0.230369
0.3520,  0.192023
0.3525,  0.150486
0.3530,  0.197479
0.3535,  0.232355
0.3540,  0.251483
0.3545,  0.280278
0.3550,  0.253438
0.3555,  0.232474
0.3560,  0.190575
0.3565,  0.154373
0.3570,  0.121874
0.3575,  0.087273
0.3580,  0.046196
0.3585,  -0.011842
0.3590,  0.164173
0.3595,  0.309249
0.3600,  0.290786
0.3605,  0.273473
0.3610,  0.217137
0.3615,  0.158324
0.3620,  0.199816
0.3625,  0.238270
0.3630,  0.224974
0.3635,  0.212989
0.3640,  0.210233
0.3645,  0.196741
0.3650,  0.227885
0.3655,  0.255937
0.3660,  0.262772
0.3665,  0.275869
0.3670,  0.245497
0.3675,  0.216518
0.3680,  0.179935
0.3685,  0.142105
0.3690,  0.188516
0.3695,  0.235972
0.3700,  0.209172
0.3705,  0.178482
0.3710,  0.197580
0.3715,  0.220835
0.3720,  0.191295
0.3725,  0.164071
0.3730,  0.127159
0.3735,  0.082455
0.3740,  0.090178
0.3745,  0.094322
0.3750,  0.177411
0.3755,  0.245686
0.3760,  0.243867
0.3765,  0.230250
0.3770,  0.278361
0.3775,  0.321670
0.3780,  0.314195
0.3785,  0.317492
0.3790,  0.219618
0.3795,  0.113759
0.3800,  0.172638
0.3805,  0.231897
0.3810,  0.200499
0.3815,  0.180823
0.3820,  0.090182
0.3825,  -0.019041
0.3830,  -0.044102
0.3835,  -0.087286
0.3840,  0.087630
0.3845,  0.223211
0.3850,  0.233967
0.3855,  0.242631
0.3860,  0.230054
0.3865,  0.220926
0.3870,  0.215553
0.3875,  0.208025
0.3880,  0.187210
0.3885,  0.163656
0.3890,  0.222748
0.3895,  0.267349
0.3900,  0.264114
0.3905,  0.262501
0.3910,  0.276103
0.3915,  0.304419
0.3920,  0.204521
0.3925,  0.104880
0.3930,  -0.069985
0.3935,  -0.321505
0.3940,  -0.017235
0.3945,  0.195407
0.3950,  0.302452
0.3955,  0.401768
0.3960,  0.233932
0.3965,  0.025449
0.3970,  0.049852
0.3975,  0.049009
0.3980,  0.247739
0.3985,  0.381150
0.3990,  0.360084
0.3995,  0.349065
0.4000,  0.312311
0.4005,  0.277318
0.4010,  0.261538
0.4015,  0.255118
0.4020,  0.240074
0.4025,  0.232588
0.4030,  0.206892
0.4035,  0.181485
0.4040,  0.176279
0.4045,  0.174447
0.4050,  0.173423
0.4055,  0.174723
0.4060,  0.158202
0.4065,  0.141093
0.4070,  0.153349
0.4075,  0.160698
0.4080,  0.187424
0.4085,  0.213261
0.4090,  0.206265
0.4095,  0.201954
0.4100,  0.153752
0.4105,  0.097342
0.4110,  0.168362
0.4115,  0.232644
0.4120,  0.216265
0.4125,  0.196680
0.4130,  0.179287
0.4135,  0.168884
0.4140,  0.164843
0.4145,  0.158259
0.4150,  0.157103
0.4155,  0.152916
0.4160,  0.175583
0.4165,  0.200900
0.4170,  0.159871
0.4175,  0.116179
0.4180,  0.124442
0.4185,  0.137487
0.4190,  0.147858
0.4195,  0.151671
0.4200,  0.165129
0.4205,  0.178006
0.4210,  0.183934
0.4215,  0.194889
0.4220,  0.146212
0.4225,  0.093716
0.4230,  0.129774
0.4235,  0.163907
0.4240,  0.175608
0.4245,  0.190454
0.4250,  0.174627
0.4255,  0.158498
0.4260,  0.164464
0.4265,  0.175297
0.4270,  0.144487
0.4275,  0.110641
0.4280,  0.125092
0.4285,  0.139536
0.4290,  0.123563
0.4295,  0.113056
0.4300,  0.027898
0.4305,  -0.080125
0.4310,  0.121935
0.4315,  0.270646
0.4320,  0.237155
0.4325,  0.199344
0.4330,  0.201142
0.4335,  0.207677
0.4340,  0.182909
0.4345,  0.159099
0.4350,  0.161712
0.4355,  0.160185
0.4360,  0.198650
0.4365,  0.239356
0.4370,  0.205209
0.4375,  0.175529
0.4380,  0.120482
0.4385,  0.058661
0.4390,  0.131342
0.4395,  0.197102
0.4400,  0.165967
0.4405,  0.128646
0.4410,  0.171539
0.4415,  0.208786
0.4420,  0.206153
0.4425,  0.205538
0.4430,  0.180961
0.4435,  0.160162
0.4440,  0.173806
0.4445,  0.187885
0.4450,  0.152786
0.4455,  0.113312
0.4460,  0.127382
0.4465,  0.142408
0.4470,  0.181092
0.4475,  0.215700
0.4480,  0.187864
0.4485,  0.157597
0.4490,  0.163316
0.4495,  0.164350
0.4500,  0.178424
0.4505,  0.197402
0.4510,  0.187333
0.4515,  0.177625
0.4520,  0.143818
0.4525,  0.111823
0.4530,  0.122199
0.4535,  0.133780
0.4540,  0.141516
0.4545,  0.146890
0.4550,  0.157478
0.4555,  0.167696
0.4560,  0.171935
0.4565,  0.177970
0.4570,  0.180417
0.4575,  0.184214
0.4580,  0.157197
0.4585,  0.129885
0.4590,  0.140341
0.4595,  0.148527
0.4600,  0.153908
0.4605,  0.159146
0.4610,  0.160734
0.4615,  0.158340
0.4620,  0.164228
0.4625,  0.174153
0.4630,  0.162025
0.4635,  0.153165
0.4640,  0.146061
0.4645,  0.136665
0.4650,  0.157290
0.4655,  0.179550
0.4660,  0.153868
0.4665,  0.129271
0.4670,  0.154935
0.4675,  0.175724
0.4680,  0.170718
0.4685,  0.165825
0.4690,  0.166374
0.4695,  0.170868
0.4700,  0.150871
0.4705,  0.125282
0.4710,  0.157450
0.4715,  0.189198
0.4720,  0.188446
0.4725,  0.187509
0.4730,  0.175027
0.4735,  0.162137
0.4740,  0.171823
0.4745,  0.184512
0.4750,  0.178033
0.4755,  0.173048
0.4760,  0.162923
0.4765,  0.151506
0.4770,  0.178341
0.4775,  0.202277
0.4780,  0.182188
0.4785,  0.163650
0.4790,  0.175511
0.4795,  0.186679
0.4800,  0.174841
0.4805,  0.168148
0.4810,  0.182456
0.4815,  0.194808
0.4820,  0.180493
0.4825,  0.169666
0.4830,  0.173119
0.4835,  0.175845
0.4840,  0.173591
0.4845,  0.176905
0.4850,  0.163010
0.4855,  0.150062
0.4860,  0.115945
0.4865,  0.069090
0.4870,  0.123022
0.4875,  0.169432
0.4880,  0.183465
0.4885,  0.195227
0.4890,  0.194661
0.4895,  0.193216
0.4900,  0.194402
0.4905,  0.200589
0.4910,  0.175627
0.4915,  0.152893
0.4920,  0.155988
0.4925,  0.156597
0.4930,  0.152458
0.4935,  0.145099
0.4940,  0.177803
0.4945,  0.210238
0.4950,  0.175571
0.4955,  0.141743
0.4960,  0.161662
0.4965,  0.181234
0.4970,  0.183997
0.4975,  0.189236
0.4980,  0.157106
0.4985,  0.122246
0.4990,  0.150203
0.4995,  0.178242
0.5000,  0.157403
0.5005,  0.136147
0.5010,  0.130569
0.5015,  0.121022
0.5020,  0.140966
0.5025,  0.161085
0.5030,  0.170059
0.5035,  0.177292
0.5040,  0.161442
0.5045,  0.140971
0.5050,  0.163202
0.5055,  0.184033
0.5060,  0.170290
0.5065,  0.159964
0.5070,  0.150409
0.5075,  0.141806
0.5080,  0.146436
0.5085,  0.148995
0.5090,  0.148101
0.5095,  0.146279
0.5100,  0.150694
0.5105,  0.154944
0.5110,  0.165234
0.5115,  0.175709
0.5120,  0.147370
0.5125,  0.120504
0.5130,  0.124887
0.5135,  0.126837
0.5140,  0.133220
0.5145,  0.136863
0.5150,  0.145359
0.5155,  0.161949
0.5160,  0.123287
0.5165,  0.083070
0.5170,  0.113320
0.5175,  0.138834
0.5180,  0.122961
0.5185,  0.096414
0.5190,  0.131325
0.5195,  0.165599
0.5200,  0.156026
0.5205,  0.146673
0.5210,  0.157458
0.5215,  0.171456
0.5220,  0.148970
0.5225,  0.125038
0.5230,  0.137628
0.5235,  0.148262
0.5240,  0.157773
0.5245,  0.169428
0.5250,  0.164416
0.5255,  0.164554
0.5260,  0.112516
0.5265,  0.055187
0.5270,  0.099795
0.5275,  0.134957
0.5280,  0.142791
0.5285,  0.149229
0.5290,  0.146364
0.5295,  0.143548
0.5300,  0.144599
0.5305,  0.149099
0.5310,  0.149825
0.5315,  0.156665
0.5320,  0.119314
0.5325,  0.077915
0.5330,  0.120665
0.5335,  0.158473
0.5340,  0.139900
0.5345,  0.118421
0.5350,  0.144753
0.5355,  0.172543
0.5360,  0.145225
0.5365,  0.118964
0.5370,  0.123441
0.5375,  0.127270
0.5380,  0.135660
0.5385,  0.144287
0.5390,  0.132692
0.5395,  0.121512
0.5400,  0.111305
0.5405,  0.098697
0.5410,  0.125944
0.5415,  0.151155
0.5420,  0.135886
0.5425,  0.121199
0.5430,  0.132596
0.5435,  0.142179
0.5440,  0.140078
0.5445,  0.137402
0.5450,  0.140739
0.5455,  0.145210
0.5460,  0.140958
0.5465,  0.137968
0.5470,  0.128717
0.5475,  0.118552
0.5480,  0.126635
0.5485,  0.132522
0.5490,  0.139677
0.5495,  0.147282
0.5500,  0.139138
0.5505,  0.131667
0.5510,  0.133097
0.5515,  0.135167
0.5520,  0.129811
0.5525,  0.123061
0.5530,  0.130269
0.5535,  0.137910
0.5540,  0.140684
0.5545,  0.144404
0.5550,  0.146809
0.5555,  0.150314
0.5560,  0.136884
0.5565,  0.124791
0.5570,  0.136496
0.5575,  0.147926
0.5580,  0.139140
0.5585,  0.128149
0.5590,  0.134332
0.5595,  0.138021
0.5600,  0.142652
0.5605,  0.146599
0.5610,  0.140051
0.5615,  0.133811
0.5620,  0.138466
0.5625,  0.144646
0.5630,  0.147776
0.5635,  0.151356
0.5640,  0.151788
0.5645,  0.153533
0.5650,  0.144321
0.5655,  0.132464
0.5660,  0.139498
0.5665,  0.145082
0.5670,  0.157287
0.5675,  0.170721
0.5680,  0.152004
0.5685,  0.134405
0.5690,  0.150578
0.5695,  0.167191
0.5700,  0.148689
0.5705,  0.126670
0.5710,  0.137033
0.5715,  0.142791
0.5720,  0.151374
0.5725,  0.161018
0.5730,  0.153331
0.5735,  0.149689
0.5740,  0.149465
0.5745,  0.150918
0.5750,  0.144757
0.5755,  0.136369
0.5760,  0.138986
0.5765,  0.143530
0.5770,  0.148389
0.5775,  0.153570
0.5780,  0.135533
0.5785,  0.116795
0.5790,  0.125463
0.5795,  0.133418
0.5800,  0.133726
0.5805,  0.133305
0.5810,  0.134629
0.5815,  0.136009
0.5820,  0.138917
0.5825,  0.142568
0.5830,  0.138244
0.5835,  0.136383
0.5840,  0.138582
0.5845,  0.142187
0.5850,  0.127765
0.5855,  0.112637
0.5860,  0.127999
0.5865,  0.142765
0.5870,  0.152092
0.5875,  0.167671
0.5880,  0.160012
0.5885,  0.148908
0.5890,  0.122633
0.5895,  0.088889
0.5900,  0.141090
0.5905,  0.187812
0.5910,  0.175633
0.5915,  0.162766
0.5920,  0.161968
0.5925,  0.162789
0.5930,  0.155936
0.5935,  0.154947
0.5940,  0.151429
0.5945,  0.145868
0.5950,  0.149139
0.5955,  0.150263
0.5960,  0.154061
0.5965,  0.159094
0.5970,  0.151562
0.5975,  0.145983
0.5980,  0.139675
0.5985,  0.136258
0.5990,  0.145484
0.5995,  0.152156
0.6000,  0.147224
0.6005,  0.145058
0.6010,  0.148944
0.6015,  0.148490
0.6020,  0.135922
0.6025,  0.122561
0.6030,  0.135262
0.6035,  0.150838
0.6040,  0.149722
0.6045,  0.148733
0.6050,  0.146892
0.6055,  0.144772
0.6060,  0.142890
0.6065,  0.141608
0.6070,  0.141976
0.6075,  0.145827
0.6080,  0.147132
0.6085,  0.148990
0.6090,  0.152320
0.6095,  0.154568
0.6100,  0.144401
0.6105,  0.131159
0.6110,  0.141037
0.6115,  0.152473
0.6120,  0.143455
0.6125,  0.135879
0.6130,  0.133626
0.6135,  0.131279
0.6140,  0.141039
0.6145,  0.153494
0.6150,  0.157853
0.6155,  0.161464
0.6160,  0.135102
0.6165,  0.104429
0.6170,  0.129329
0.6175,  0.154831
0.6180,  0.160298
0.6185,  0.164910
0.6190,  0.161321
0.6195,  0.155000
0.6200,  0.161095
0.6205,  0.166982
0.6210,  0.154962
0.6215,  0.145284
0.6220,  0.154463
0.6225,  0.162286
0.6230,  0.152520
0.6235,  0.145463
0.6240,  0.149476
0.6245,  0.151536
0.6250,  0.147901
0.6255,  0.141511
0.6260,  0.157440
0.6265,  0.174662
0.6270,  0.175059
0.6275,  0.175954
0.6280,  0.179633
0.6285,  0.183899
0.6290,  0.181599
0.6295,  0.179131
0.6300,  0.172005
0.6305,  0.162865
0.6310,  0.154540
0.6315,  0.152565
0.6320,  0.149462
0.6325,  0.149149
0.6330,  0.151821
0.6335,  0.156096
0.6340,  0.159739
0.6345,  0.163965
0.6350,  0.167338
0.6355,  0.168243
0.6360,  0.167128
0.6365,  0.164504
0.6370,  0.159525
0.6375,  0.153582
0.6380,  0.151636
0.6385,  0.153594
0.6390,  0.156840
0.6395,  0.159077
0.6400,  0.161269
0.6405,  0.161798
0.6410,  0.158158
0.6415,  0.157254
0.6420,  0.152508
0.6425,  0.146865
0.6430,  0.143556
0.6435,  0.143408
0.6440,  0.144831
0.6445,  0.150553
0.6450,  0.159337
0.6455,  0.163197
0.6460,  0.165557
0.6465,  0.167051
0.6470,  0.166334
0.6475,  0.162253
0.6480,  0.159248
0.6485,  0.155687
0.6490,  0.151113
0.6495,  0.155910
0.6500,  0.158204
0.6505,  0.163866
0.6510,  0.170738
0.6515,  0.169300
0.6520,  0.169196
0.6525,  0.165830
0.6530,  0.162839
0.6535,  0.152474
0.6540,  0.148883
0.6545,  0.154614
0.6550,  0.165584
0.6555,  0.166230
0.6560,  0.157367
0.6565,  0.131470
0.6570,  0.092823
0.6575,  0.102345
0.6580,  0.115692
0.6585,  0.131962
0.6590,  0.150564
0.6595,  0.146749
0.6600,  0.143422
0.6605,  0.137485
0.6610,  0.134387
0.6615,  0.128946
0.6620,  0.126616
0.6625,  0.127615
0.6630,  0.128036
0.6635,  0.133716
0.6640,  0.134578
0.6645,  0.136684
0.6650,  0.138865
0.6655,  0.136386
0.6660,  0.133157
0.6665,  0.127564
0.6670,  0.119695
0.6675,  0.117882
0.6680,  0.117965
0.6685,  0.119716
0.6690,  0.123281
0.6695,  0.124987
0.6700,  0.126342
0.6705,  0.127924
0.6710,  0.130270
0.6715,  0.132188
0.6720,  0.132311
0.6725,  0.132882
0.6730,  0.131290
0.6735,  0.126797
0.6740,  0.125128
0.6745,  0.123085
0.6750,  0.121559
0.6755,  0.122570
0.6760,  0.125444
0.6765,  0.130200
0.6770,  0.133026
0.6775,  0.133602
0.6780,  0.134331
0.6785,  0.134154
0.6790,  0.129519
0.6795,  0.126626
0.6800,  0.125916
0.6805,  0.122792
0.6810,  0.120647
0.6815,  0.119458
0.6820,  0.122702
0.6825,  0.128855
0.6830,  0.133389
0.6835,  0.136273
0.6840,  0.136164
0.6845,  0.136908
0.6850,  0.140711
0.6855,  0.160836
0.6860,  0.191428
0.6865,  0.223803
0.6870,  0.250007
0.6875,  0.256946
0.6880,  0.261100
0.6885,  0.255052
0.6890,  0.249209
0.6895,  0.241256
0.6900,  0.230912
0.6905,  0.221233
0.6910,  0.211361
0.6915,  0.208919
0.6920,  0.205301
0.6925,  0.205071
0.6930,  0.207207
0.6935,  0.206110
0.6940,  0.206368
0.6945,  0.201450
0.6950,  0.196034
0.6955,  0.187936
0.6960,  0.179771
0.6965,  0.174945
0.6970,  0.171938
0.6975,  0.174817
0.6980,  0.180118
0.6985,  0.184425
0.6990,  0.188065
0.6995,  0.185484
0.7000,  0.179997
0.7005,  0.177169
0.7010,  0.174564
0.7015,  0.179344
0.7020,  0.183113
0.7025,  0.183796
0.7030,  0.180708
0.7035,  0.183497
0.7040,  0.183205
0.7045,  0.186813
0.7050,  0.188538
0.7055,  0.183273
0.7060,  0.179443
0.7065,  0.171666
0.7070,  0.166665
0.7075,  0.166509
0.7080,  0.167862
0.7085,  0.169141
0.7090,  0.167551
0.7095,  0.166211
0.7100,  0.164873
0.7105,  0.164793
0.7110,  0.166649
0.7115,  0.167307
0.7120,  0.167290
0.7125,  0.166424
0.7130,  0.164876
0.7135,  0.169683
0.7140,  0.175645
0.7145,  0.181487
0.7150,  0.188429
0.7155,  0.201518
0.7160,  0.226431
0.7165,  0.261352
0.7170,  0.299321
0.7175,  0.327827
0.7180,  0.353410
0.7185,  0.370558
0.7190,  0.380128
0.7195,  0.385543
0.7200,  0.371178
0.7205,  0.345798
0.7210,  0.315492
0.7215,  0.290283
0.7220,  0.283239
0.7225,  0.288723
0.7230,  0.304334
0.7235,  0.319076
0.7240,  0.331312
0.7245,  0.337163
0.7250,  0.343497
0.7255,  0.344547
0.7260,  0.346200
0.7265,  0.345581
0.7270,  0.340176
0.7275,  0.333340
0.7280,  0.327092
0.7285,  0.322457
0.7290,  0.321181
0.7295,  0.324176
0.7300,  0.320948
0.7305,  0.313441
0.7310,  0.301875
0.7315,  0.285566
0.7320,  0.267925
0.7325,  0.252679
0.7330,  0.237195
0.7335,  0.227461
0.7340,  0.215920
0.7345,  0.207939
0.7350,  0.202482
0.7355,  0.200123
0.7360,  0.197051
0.7365,  0.195261
0.7370,  0.197097
0.7375,  0.196887
0.7380,  0.196172
0.7385,  0.194713
0.7390,  0.187838
0.7395,  0.181615
0.7400,  0.174979
0.7405,  0.170012
0.7410,  0.165669
0.7415,  0.171800
0.7420,  0.171259
0.7425,  0.169005
0.7430,  0.166377
0.7435,  0.163594
0.7440,  0.159197
0.7445,  0.155973
0.7450,  0.151145
0.7455,  0.150860
0.7460,  0.150041
0.7465,  0.154208
0.7470,  0.157492
0.7475,  0.155356
0.7480,  0.154199
0.7485,  0.156182
0.7490,  0.158722
0.7495,  0.162303
0.7500,  0.162112
0.7505,  0.161304
0.7510,  0.162842
0.7515,  0.162080
0.7520,  0.162041
0.7525,  0.158824
0.7530,  0.155441
0.7535,  0.151299
0.7540,  0.148659
0.7545,  0.150088
0.7550,  0.153047
0.7555,  0.158320
0.7560,  0.166186
0.7565,  0.166339
0.7570,  0.169809
0.7575,  0.177076
0.7580,  0.201049
0.7585,  0.261517
0.7590,  0.374574
0.7595,  0.538841
0.7600,  0.695639
0.7605,  0.789258
0.7610,  0.810121
0.7615,  0.784406
0.7620,  0.762337
0.7625,  0.747726
0.7630,  0.734870
0.7635,  0.699404
0.7640,  0.643932
0.7645,  0.578194
0.7650,  0.511023
0.7655,  0.443751
0.7660,  0.377109
0.7665,  0.322087
0.7670,  0.268656
0.7675,  0.238745
0.7680,  0.218169
0.7685,  0.203007
0.7690,  0.197105
0.7695,  0.191053
0.7700,  0.182775
0.7705,  0.178599
0.7710,  0.172298
0.7715,  0.168384
0.7720,  0.165623
0.7725,  0.165585
0.7730,  0.167431
0.7735,  0.165762
0.7740,  0.165025
0.7745,  0.159995
0.7750,  0.156623
0.7755,  0.155388
0.7760,  0.157721
0.7765,  0.157397
0.7770,  0.164179
0.7775,  0.164228
0.7780,  0.164413
0.7785,  0.162809
0.7790,  0.160178
0.7795,  0.160307
0.7800,  0.159472
0.7805,  0.155228
0.7810,  0.159442
0.7815,  0.163938
0.7820,  0.162567
0.7825,  0.162263
0.7830,  0.160095
0.7835,  0.163546
0.7840,  0.167063
0.7845,  0.164898
0.7850,  0.166193
0.7855,  0.164093
0.7860,  0.163749
0.7865,  0.163375
0.7870,  0.165326
0.7875,  0.167912
0.7880,  0.168903
0.7885,  0.168982
0.7890,  0.180232
0.7895,  0.188950
0.7900,  0.189523
0.7905,  0.192043
0.7910,  0.194741
0.7915,  0.197754
0.7920,  0.197101
0.7925,  0.189990
0.7930,  0.188900
0.7935,  0.183333
0.7940,  0.176274
0.7945,  0.171758
0.7950,  0.171208
0.7955,  0.177512
0.7960,  0.183051
0.7965,  0.186566
0.7970,  0.194067
0.7975,  0.191418
0.7980,  0.190007
0.7985,  0.190889
0.7990,  0.185977
0.7995,  0.188331
0.8000,  0.191463
0.8005,  0.190809
0.8010,  0.189206
0.8015,  0.194204
0.8020,  0.197955
0.8025,  0.197211
0.8030,  0.196338
0.8035,  0.199329
0.8040,  0.202062
0.8045,  0.195203
0.8050,  0.184462
0.8055,  0.178180
0.8060,  0.173843
0.8065,  0.173859
0.8070,  0.179192
0.8075,  0.181066
0.8080,  0.187937
0.8085,  0.191948
0.8090,  0.192622
0.8095,  0.199923
0.8100,  0.206271
0.8105,  0.210855
0.8110,  0.215129
0.8115,  0.219891
0.8120,  0.234730
0.8125,  0.259068
0.8130,  0.289773
0.8135,  0.319743
0.8140,  0.344707
0.8145,  0.356841
0.8150,  0.373190
0.8155,  0.389621
0.8160,  0.398985
0.8165,  0.397751
0.8170,  0.401291
0.8175,  0.395761
0.8180,  0.389184
0.8185,  0.378977
0.8190,  0.364311
0.8195,  0.350211
0.8200,  0.329584
0.8205,  0.305508
0.8210,  0.307481
0.8215,  0.327410
0.8220,  0.358827
0.8225,  0.384409
0.8230,  0.386647
0.8235,  0.368177
0.8240,  0.338050
0.8245,  0.317453
0.8250,  0.304009
0.8255,  0.295010
0.8260,  0.293915
0.8265,  0.302745
0.8270,  0.310548
0.8275,  0.315618
0.8280,  0.319392
0.8285,  0.314593
0.8290,  0.311750
0.8295,  0.313585
0.8300,  0.306699
0.8305,  0.299048
0.8310,  0.295239
0.8315,  0.293765
0.8320,  0.290755
0.8325,  0.282519
0.8330,  0.276694
0.8335,  0.266865
0.8340,  0.252806
0.8345,  0.248426
0.8350,  0.244067
0.8355,  0.236084
0.8360,  0.227466
0.8365,  0.222066
0.8370,  0.224591
0.8375,  0.218671
0.8380,  0.215373
0.8385,  0.207497
0.8390,  0.198180
0.8395,  0.195754
0.8400,  0.189092
0.8405,  0.181882
0.8410,  0.191322
0.8415,  0.202488
0.8420,  0.204568
0.8425,  0.197590
0.8430,  0.193821
0.8435,  0.187231
0.8440,  0.176713
0.8445,  0.172421
0.8450,  0.165967
0.8455,  0.164926
0.8460,  0.162623
0.8465,  0.164951
0.8470,  0.170036
0.8475,  0.171891
0.8480,  0.173788
0.8485,  0.173580
0.8490,  0.171914
0.8495,  0.175902
0.8500,  0.173031
0.8505,  0.180311
0.8510,  0.175767
0.8515,  0.177583
0.8520,  0.175290
0.8525,  0.162474
0.8530,  0.163723
0.8535,  0.166578
0.8540,  0.150692
0.8545,  0.167156
0.8550,  0.171057
0.8555,  0.161661
0.8560,  0.167152
0.8565,  0.162743
0.8570,  0.163121
0.8575,  0.169545
0.8580,  0.180743
0.8585,  0.183246
0.8590,  0.191098
0.8595,  0.185465
0.8600,  0.171711
0.8605,  0.168090
0.8610,  0.151090
0.8615,  0.142596
0.8620,  0.146086
0.8625,  0.152306
0.8630,  0.156871
0.8635,  0.166492
0.8640,  0.181349
0.8645,  0.174237
0.8650,  0.171933
0.8655,  0.169302
0.8660,  0.163635
0.8665,  0.171678
0.8670,  0.171101
0.8675,  0.167112
0.8680,  0.162078
0.8685,  0.167922
0.8690,  0.164645
0.8695,  0.176236
0.8700,  0.189940
0.8705,  0.193918
0.8710,  0.194311
0.8715,  0.194715
0.8720,  0.185042
0.8725,  0.172592
0.8730,  0.164558
0.8735,  0.169077
0.8740,  0.185508
0.8745,  0.210040
0.8750,  0.220592
0.8755,  0.221557
0.8760,  0.209475
0.8765,  0.205371
0.8770,  0.195447
0.8775,  0.178305
0.8780,  0.174354
0.8785,  0.174436
0.8790,  0.179334
0.8795,  0.191033
0.8800,  0.191029
0.8805,  0.183825
0.8810,  0.178361
0.8815,  0.182029
0.8820,  0.174147
0.8825,  0.183692
0.8830,  0.195253
0.8835,  0.208608
0.8840,  0.213670
0.8845,  0.199534
0.8850,  0.198598
0.8855,  0.199058
0.8860,  0.200369
0.8865,  0.189593
0.8870,  0.173557
0.8875,  0.163411
0.8880,  0.165545
0.8885,  0.177608
0.8890,  0.183058
0.8895,  0.182041
0.8900,  0.185375
