0.3500,  1.458968
0.3505,  1.503445
0.3510,  1.448438
0.3515,  1.401789
0.3520,  1.333863
0.3525,  1.240452
0.3530,  1.240767
0.3535,  1.235703
0.3540,  1.233315
0.3545,  1.254484
0.3550,  1.237378
0.3555,  1.220619
0.3560,  1.173827
0.3565,  1.164200
0.3570,  1.185388
0.3575,  1.201784
0.3580,  1.204932
0.3585,  1.162929
0.3590,  1.355141
0.3595,  1.502001
0.3600,  1.480687
0.3605,  1.438375
0.3610,  1.350458
0.3615,  1.248239
0.3620,  1.232132
0.3625,  1.219205
0.3630,  1.165825
0.3635,  1.129108
0.3640,  1.099385
0.3645,  1.055226
0.3650,  1.052669
0.3655,  1.044784
0.3660,  1.016983
0.3665,  0.997061
0.3670,  0.940529
0.3675,  0.898223
0.3680,  0.847192
0.3685,  0.792107
0.3690,  0.827469
0.3695,  0.868893
0.3700,  0.834068
0.3705,  0.803900
0.3710,  0.827632
0.3715,  0.858205
0.3720,  0.838118
0.3725,  0.829735
0.3730,  0.819722
0.3735,  0.804175
0.3740,  0.833189
0.3745,  0.850586
0.3750,  0.944822
0.3755,  1.014644
0.3760,  0.992064
0.3765,  0.941432
0.3770,  0.949907
0.3775,  0.956245
0.3780,  0.920523
0.3785,  0.910105
0.3790,  0.802966
0.3795,  0.687889
0.3800,  0.743725
0.3805,  0.807567
0.3810,  0.787593
0.3815,  0.785427
0.3820,  0.722522
0.3825,  0.649612
0.3830,  0.667952
0.3835,  0.668596
0.3840,  0.880567
0.3845,  1.035001
0.3850,  1.042042
0.3855,  1.034552
0.3860,  0.997498
0.3865,  0.969045
0.3870,  0.949714
0.3875,  0.925443
0.3880,  0.884160
0.3885,  0.835971
0.3890,  0.878404
0.3895,  0.905491
0.3900,  0.874828
0.3905,  0.843041
0.3910,  0.832006
0.3915,  0.844251
0.3920,  0.739634
0.3925,  0.651601
0.3930,  0.501945
0.3935,  0.284883
0.3940,  0.627601
0.3945,  0.858751
0.3950,  0.966338
0.3955,  1.066780
0.3960,  0.887427
0.3965,  0.662054
0.3970,  0.672488
0.3975,  0.647672
0.3980,  0.813987
0.3985,  0.911858
0.3990,  0.852884
0.3995,  0.803949
0.4000,  0.732858
0.4005,  0.667444
0.4010,  0.626807
0.4015,  0.601294
0.4020,  0.569541
0.4025,  0.547364
0.4030,  0.512821
0.4035,  0.483253
0.4040,  0.471304
0.4045,  0.465602
0.4050,  0.466824
0.4055,  0.469730
0.4060,  0.456682
0.4065,  0.443326
0.4070,  0.459531
0.4075,  0.470519
0.4080,  0.496382
0.4085,  0.520554
0.4090,  0.508909
0.4095,  0.497532
0.4100,  0.444489
0.4105,  0.385107
0.4110,  0.456918
0.4115,  0.522200
0.4120,  0.503045
0.4125,  0.481270
0.4130,  0.461788
0.4135,  0.446389
0.4140,  0.437811
0.4145,  0.428798
0.4150,  0.422139
0.4155,  0.415741
0.4160,  0.436887
0.4165,  0.461258
0.4170,  0.419630
0.4175,  0.373882
0.4180,  0.381958
0.4185,  0.395874
0.4190,  0.408137
0.4195,  0.414567
0.4200,  0.431488
0.4205,  0.444344
0.4210,  0.447169
0.4215,  0.455164
0.4220,  0.398059
0.4225,  0.337145
0.4230,  0.375871
0.4235,  0.415585
0.4240,  0.429731
0.4245,  0.447190
0.4250,  0.434892
0.4255,  0.420063
0.4260,  0.427170
0.4265,  0.435841
0.4270,  0.405565
0.4275,  0.375475
0.4280,  0.388268
0.4285,  0.404505
0.4290,  0.392780
0.4295,  0.389709
0.4300,  0.307615
0.4305,  0.201486
0.4310,  0.411497
0.4315,  0.571629
0.4320,  0.533623
0.4325,  0.492566
0.4330,  0.491074
0.4335,  0.486962
0.4340,  0.448261
0.4345,  0.415253
0.4350,  0.411624
0.4355,  0.407201
0.4360,  0.441770
0.4365,  0.477591
0.4370,  0.438723
0.4375,  0.405418
0.4380,  0.346516
0.4385,  0.282545
0.4390,  0.357066
0.4395,  0.424083
0.4400,  0.394006
0.4405,  0.356704
0.4410,  0.399285
0.4415,  0.434633
0.4420,  0.427903
0.4425,  0.422151
0.4430,  0.391573
0.4435,  0.364306
0.4440,  0.372177
0.4445,  0.385315
0.4450,  0.351931
0.4455,  0.313783
0.4460,  0.329119
0.4465,  0.338349
0.4470,  0.372128
0.4475,  0.404682
0.4480,  0.375232
0.4485,  0.342483
0.4490,  0.346341
0.4495,  0.346931
0.4500,  0.361101
0.4505,  0.375538
0.4510,  0.363401
0.4515,  0.353231
0.4520,  0.316709
0.4525,  0.287636
0.4530,  0.301987
0.4535,  0.313272
0.4540,  0.321498
0.4545,  0.326660
0.4550,  0.338310
0.4555,  0.349024
0.4560,  0.350717
0.4565,  0.350892
0.4570,  0.350992
0.4575,  0.353743
0.4580,  0.324175
0.4585,  0.293769
0.4590,  0.302861
0.4595,  0.310803
0.4600,  0.317486
0.4605,  0.324922
0.4610,  0.325204
0.4615,  0.322166
0.4620,  0.327764
0.4625,  0.335434
0.4630,  0.318101
0.4635,  0.304465
0.4640,  0.293315
0.4645,  0.284107
0.4650,  0.306617
0.4655,  0.329007
0.4660,  0.304391
0.4665,  0.280726
0.4670,  0.304686
0.4675,  0.325250
0.4680,  0.320543
0.4685,  0.317038
0.4690,  0.313759
0.4695,  0.315467
0.4700,  0.290555
0.4705,  0.263706
0.4710,  0.293619
0.4715,  0.323646
0.4720,  0.320978
0.4725,  0.320673
0.4730,  0.305232
0.4735,  0.288334
0.4740,  0.295525
0.4745,  0.307007
0.4750,  0.298861
0.4755,  0.289015
0.4760,  0.273029
0.4765,  0.257074
0.4770,  0.282057
0.4775,  0.305331
0.4780,  0.285308
0.4785,  0.266672
0.4790,  0.279675
0.4795,  0.290335
0.4800,  0.277390
0.4805,  0.268171
0.4810,  0.277382
0.4815,  0.286372
0.4820,  0.270557
0.4825,  0.256273
0.4830,  0.256253
0.4835,  0.259195
0.4840,  0.256603
0.4845,  0.256209
0.4850,  0.238334
0.4855,  0.226205
0.4860,  0.195703
0.4865,  0.154431
0.4870,  0.215852
0.4875,  0.265329
0.4880,  0.278139
0.4885,  0.287839
0.4890,  0.285415
0.4895,  0.282375
0.4900,  0.280431
0.4905,  0.282424
0.4910,  0.252637
0.4915,  0.224833
0.4920,  0.225138
0.4925,  0.224541
0.4930,  0.219234
0.4935,  0.211114
0.4940,  0.243785
0.4945,  0.275043
0.4950,  0.238346
0.4955,  0.202493
0.4960,  0.221337
0.4965,  0.238561
0.4970,  0.239537
0.4975,  0.243585
0.4980,  0.210614
0.4985,  0.175735
0.4990,  0.204344
0.4995,  0.232429
0.5000,  0.209754
0.5005,  0.186882
0.5010,  0.180816
0.5015,  0.172431
0.5020,  0.194500
0.5025,  0.214209
0.5030,  0.223163
0.5035,  0.230701
0.5040,  0.213472
0.5045,  0.193510
0.5050,  0.214172
0.5055,  0.236408
0.5060,  0.222377
0.5065,  0.210306
0.5070,  0.196881
0.5075,  0.185095
0.5080,  0.189049
0.5085,  0.191939
0.5090,  0.190710
0.5095,  0.188711
0.5100,  0.194006
0.5105,  0.199127
0.5110,  0.208707
0.5115,  0.218285
0.5120,  0.189596
0.5125,  0.162230
0.5130,  0.166192
0.5135,  0.169476
0.5140,  0.180082
0.5145,  0.187312
0.5150,  0.196790
0.5155,  0.210961
0.5160,  0.167904
0.5165,  0.125515
0.5170,  0.157718
0.5175,  0.186024
0.5180,  0.172989
0.5185,  0.150595
0.5190,  0.188943
0.5195,  0.222597
0.5200,  0.211351
0.5205,  0.199496
0.5210,  0.206794
0.5215,  0.217233
0.5220,  0.192579
0.5225,  0.169554
0.5230,  0.185744
0.5235,  0.197509
0.5240,  0.205643
0.5245,  0.214905
0.5250,  0.206328
0.5255,  0.203594
0.5260,  0.150721
0.5265,  0.094226
0.5270,  0.144007
0.5275,  0.184594
0.5280,  0.194378
0.5285,  0.200958
0.5290,  0.197461
0.5295,  0.194024
0.5300,  0.195104
0.5305,  0.198098
0.5310,  0.198239
0.5315,  0.203051
0.5320,  0.161527
0.5325,  0.117153
0.5330,  0.160713
0.5335,  0.200850
0.5340,  0.184271
0.5345,  0.165292
0.5350,  0.193474
0.5355,  0.221001
0.5360,  0.191795
0.5365,  0.164365
0.5370,  0.168758
0.5375,  0.174235
0.5380,  0.181635
0.5385,  0.190034
0.5390,  0.175563
0.5395,  0.163520
0.5400,  0.154500
0.5405,  0.143737
0.5410,  0.173528
0.5415,  0.199511
0.5420,  0.182876
0.5425,  0.166460
0.5430,  0.179287
0.5435,  0.190603
0.5440,  0.188480
0.5445,  0.186984
0.5450,  0.191615
0.5455,  0.195803
0.5460,  0.191108
0.5465,  0.187001
0.5470,  0.177144
0.5475,  0.166665
0.5480,  0.174662
0.5485,  0.181152
0.5490,  0.187386
0.5495,  0.193970
0.5500,  0.185541
0.5505,  0.178656
0.5510,  0.182514
0.5515,  0.184926
0.5520,  0.179922
0.5525,  0.175291
0.5530,  0.184685
0.5535,  0.194958
0.5540,  0.197678
0.5545,  0.198875
0.5550,  0.198900
0.5555,  0.200983
0.5560,  0.186018
0.5565,  0.172690
0.5570,  0.182859
0.5575,  0.193558
0.5580,  0.183007
0.5585,  0.171948
0.5590,  0.179505
0.5595,  0.187388
0.5600,  0.194387
0.5605,  0.200290
0.5610,  0.195985
0.5615,  0.191022
0.5620,  0.197294
0.5625,  0.204717
0.5630,  0.208667
0.5635,  0.212399
0.5640,  0.211468
0.5645,  0.210392
0.5650,  0.198261
0.5655,  0.186057
0.5660,  0.194326
0.5665,  0.203803
0.5670,  0.219921
0.5675,  0.235106
0.5680,  0.217811
0.5685,  0.200547
0.5690,  0.214964
0.5695,  0.230574
0.5700,  0.212492
0.5705,  0.191224
0.5710,  0.204781
0.5715,  0.213029
0.5720,  0.224475
0.5725,  0.235643
0.5730,  0.227652
0.5735,  0.222261
0.5740,  0.220754
0.5745,  0.220579
0.5750,  0.213183
0.5755,  0.205132
0.5760,  0.210340
0.5765,  0.216523
0.5770,  0.222659
0.5775,  0.230011
0.5780,  0.213860
0.5785,  0.196759
0.5790,  0.207207
0.5795,  0.215516
0.5800,  0.215886
0.5805,  0.218006
0.5810,  0.222007
0.5815,  0.225637
0.5820,  0.230557
0.5825,  0.232191
0.5830,  0.225263
0.5835,  0.219243
0.5840,  0.219469
0.5845,  0.224551
0.5850,  0.210885
0.5855,  0.196911
0.5860,  0.214003
0.5865,  0.229882
0.5870,  0.237753
0.5875,  0.249030
0.5880,  0.238669
0.5885,  0.231006
0.5890,  0.211933
0.5895,  0.184862
0.5900,  0.242748
0.5905,  0.290518
0.5910,  0.278108
0.5915,  0.264695
0.5920,  0.260734
0.5925,  0.258339
0.5930,  0.250804
0.5935,  0.250064
0.5940,  0.248365
0.5945,  0.244986
0.5950,  0.250946
0.5955,  0.252825
0.5960,  0.255582
0.5965,  0.260565
0.5970,  0.253133
0.5975,  0.246259
0.5980,  0.240309
0.5985,  0.236797
0.5990,  0.246745
0.5995,  0.256170
0.6000,  0.253003
0.6005,  0.249162
0.6010,  0.252840
0.6015,  0.252452
0.6020,  0.239795
0.6025,  0.226247
0.6030,  0.239405
0.6035,  0.254422
0.6040,  0.252479
0.6045,  0.252563
0.6050,  0.250992
0.6055,  0.248730
0.6060,  0.246542
0.6065,  0.244429
0.6070,  0.245027
0.6075,  0.247970
0.6080,  0.249452
0.6085,  0.252402
0.6090,  0.257417
0.6095,  0.261603
0.6100,  0.252496
0.6105,  0.242700
0.6110,  0.254200
0.6115,  0.265944
0.6120,  0.257692
0.6125,  0.251424
0.6130,  0.252419
0.6135,  0.251840
0.6140,  0.263051
0.6145,  0.273881
0.6150,  0.278792
0.6155,  0.282600
0.6160,  0.255260
0.6165,  0.226133
0.6170,  0.252546
0.6175,  0.278237
0.6180,  0.285573
0.6185,  0.292247
0.6190,  0.289272
0.6195,  0.283451
0.6200,  0.289522
0.6205,  0.293997
0.6210,  0.280195
0.6215,  0.267686
0.6220,  0.275624
0.6225,  0.286577
0.6230,  0.279388
0.6235,  0.275642
0.6240,  0.282100
0.6245,  0.286140
0.6250,  0.283470
0.6255,  0.277501
0.6260,  0.295228
0.6265,  0.311353
0.6270,  0.312036
0.6275,  0.313971
0.6280,  0.318341
0.6285,  0.322308
0.6290,  0.321958
0.6295,  0.321517
0.6300,  0.318398
0.6305,  0.311371
0.6310,  0.303009
0.6315,  0.301534
0.6320,  0.299645
0.6325,  0.299542
0.6330,  0.301298
0.6335,  0.303685
0.6340,  0.306413
0.6345,  0.309655
0.6350,  0.313158
0.6355,  0.315697
0.6360,  0.315758
0.6365,  0.312147
0.6370,  0.304904
0.6375,  0.299509
0.6380,  0.297327
0.6385,  0.298842
0.6390,  0.303399
0.6395,  0.306213
0.6400,  0.307346
0.6405,  0.307960
0.6410,  0.306496
0.6415,  0.308863
0.6420,  0.307759
0.6425,  0.305278
0.6430,  0.303584
0.6435,  0.304074
0.6440,  0.306800
0.6445,  0.313852
0.6450,  0.324354
0.6455,  0.329294
0.6460,  0.335099
0.6465,  0.338820
0.6470,  0.338422
0.6475,  0.335084
0.6480,  0.330893
0.6485,  0.326661
0.6490,  0.324485
0.6495,  0.332060
0.6500,  0.336023
0.6505,  0.340840
0.6510,  0.348697
0.6515,  0.350479
0.6520,  0.350988
0.6525,  0.345117
0.6530,  0.340810
0.6535,  0.326938
0.6540,  0.319641
0.6545,  0.321891
0.6550,  0.334447
0.6555,  0.342959
0.6560,  0.346126
0.6565,  0.335905
0.6570,  0.308530
0.6575,  0.321976
0.6580,  0.331853
0.6585,  0.342310
0.6590,  0.355560
0.6595,  0.346036
0.6600,  0.338477
0.6605,  0.331664
0.6610,  0.330831
0.6615,  0.327348
0.6620,  0.325403
0.6625,  0.323906
0.6630,  0.325410
0.6635,  0.332598
0.6640,  0.338655
0.6645,  0.341144
0.6650,  0.342921
0.6655,  0.340985
0.6660,  0.335604
0.6665,  0.330082
0.6670,  0.326784
0.6675,  0.327666
0.6680,  0.329617
0.6685,  0.334230
0.6690,  0.338765
0.6695,  0.340048
0.6700,  0.343379
0.6705,  0.346942
0.6710,  0.347870
0.6715,  0.349220
0.6720,  0.348465
0.6725,  0.349067
0.6730,  0.346647
0.6735,  0.341250
0.6740,  0.341101
0.6745,  0.343216
0.6750,  0.348064
0.6755,  0.352491
0.6760,  0.355982
0.6765,  0.362370
0.6770,  0.365021
0.6775,  0.366175
0.6780,  0.363839
0.6785,  0.361217
0.6790,  0.359591
0.6795,  0.360576
0.6800,  0.363018
0.6805,  0.365126
0.6810,  0.366877
0.6815,  0.366195
0.6820,  0.368691
0.6825,  0.371584
0.6830,  0.377814
0.6835,  0.382428
0.6840,  0.384955
0.6845,  0.383921
0.6850,  0.382559
0.6855,  0.397666
0.6860,  0.427292
0.6865,  0.473720
0.6870,  0.522841
0.6875,  0.551532
0.6880,  0.562949
0.6885,  0.561909
0.6890,  0.561428
0.6895,  0.559445
0.6900,  0.551358
0.6905,  0.540610
0.6910,  0.523537
0.6915,  0.514043
0.6920,  0.502607
0.6925,  0.495083
0.6930,  0.493846
0.6935,  0.492466
0.6940,  0.495968
0.6945,  0.498221
0.6950,  0.502114
0.6955,  0.498100
0.6960,  0.486735
0.6965,  0.476901
0.6970,  0.470563
0.6975,  0.471792
0.6980,  0.478591
0.6985,  0.484019
0.6990,  0.489319
0.6995,  0.488789
0.7000,  0.482208
0.7005,  0.480042
0.7010,  0.479526
0.7015,  0.488676
0.7020,  0.496383
0.7025,  0.501215
0.7030,  0.501779
0.7035,  0.503145
0.7040,  0.503819
0.7045,  0.504367
0.7050,  0.505043
0.7055,  0.501605
0.7060,  0.495207
0.7065,  0.487543
0.7070,  0.485552
0.7075,  0.484023
0.7080,  0.485181
0.7085,  0.488443
0.7090,  0.487447
0.7095,  0.487603
0.7100,  0.486660
0.7105,  0.487957
0.7110,  0.491362
0.7115,  0.493872
0.7120,  0.496546
0.7125,  0.501061
0.7130,  0.503150
0.7135,  0.504375
0.7140,  0.510322
0.7145,  0.518252
0.7150,  0.523899
0.7155,  0.537848
0.7160,  0.565918
0.7165,  0.603363
0.7170,  0.651547
0.7175,  0.697814
0.7180,  0.747734
0.7185,  0.791899
0.7190,  0.819048
0.7195,  0.836564
0.7200,  0.840634
0.7205,  0.816863
0.7210,  0.775053
0.7215,  0.732341
0.7220,  0.708538
0.7225,  0.702362
0.7230,  0.714763
0.7235,  0.736931
0.7240,  0.763742
0.7245,  0.794674
0.7250,  0.805900
0.7255,  0.815031
0.7260,  0.814188
0.7265,  0.807910
0.7270,  0.807541
0.7275,  0.798507
0.7280,  0.795047
0.7285,  0.791111
0.7290,  0.782820
0.7295,  0.779763
0.7300,  0.775760
0.7305,  0.770837
0.7310,  0.765478
0.7315,  0.754566
0.7320,  0.736472
0.7325,  0.715001
0.7330,  0.695005
0.7335,  0.672678
0.7340,  0.655044
0.7345,  0.644331
0.7350,  0.638821
0.7355,  0.634406
0.7360,  0.637229
0.7365,  0.640904
0.7370,  0.637375
0.7375,  0.628617
0.7380,  0.628282
0.7385,  0.630964
0.7390,  0.629102
0.7395,  0.630571
0.7400,  0.626453
0.7405,  0.624575
0.7410,  0.623191
0.7415,  0.629425
0.7420,  0.632183
0.7425,  0.633457
0.7430,  0.631780
0.7435,  0.623687
0.7440,  0.615436
0.7445,  0.609382
0.7450,  0.607296
0.7455,  0.604869
0.7460,  0.601702
0.7465,  0.603140
0.7470,  0.607186
0.7475,  0.607927
0.7480,  0.611006
0.7485,  0.614919
0.7490,  0.622238
0.7495,  0.626910
0.7500,  0.629964
0.7505,  0.633078
0.7510,  0.633217
0.7515,  0.633867
0.7520,  0.637148
0.7525,  0.636315
0.7530,  0.636055
0.7535,  0.635844
0.7540,  0.635508
0.7545,  0.637332
0.7550,  0.637572
0.7555,  0.637340
0.7560,  0.641031
0.7565,  0.654564
0.7570,  0.662834
0.7575,  0.672822
0.7580,  0.703258
0.7585,  0.771753
0.7590,  0.907836
0.7595,  1.163731
0.7600,  1.591529
0.7605,  2.167657
0.7610,  2.714618
0.7615,  2.856659
0.7620,  2.622536
0.7625,  2.464867
0.7630,  2.366173
0.7635,  2.251668
0.7640,  2.106878
0.7645,  1.884910
0.7650,  1.692073
0.7655,  1.509820
0.7660,  1.347393
0.7665,  1.201556
0.7670,  1.087296
0.7675,  0.994279
0.7680,  0.926593
0.7685,  0.879038
0.7690,  0.846299
0.7695,  0.825906
0.7700,  0.807406
0.7705,  0.795332
0.7710,  0.784446
0.7715,  0.780555
0.7720,  0.782892
0.7725,  0.775313
0.7730,  0.768480
0.7735,  0.762926
0.7740,  0.758620
0.7745,  0.763034
0.7750,  0.766280
0.7755,  0.773905
0.7760,  0.783671
0.7765,  0.781986
0.7770,  0.794664
0.7775,  0.792241
0.7780,  0.788775
0.7785,  0.786502
0.7790,  0.778148
0.7795,  0.780601
0.7800,  0.785157
0.7805,  0.793162
0.7810,  0.806974
0.7815,  0.805392
0.7820,  0.803548
0.7825,  0.808116
0.7830,  0.811327
0.7835,  0.819188
0.7840,  0.827651
0.7845,  0.831112
0.7850,  0.843797
0.7855,  0.847757
0.7860,  0.852594
0.7865,  0.865319
0.7870,  0.871564
0.7875,  0.881991
0.7880,  0.891480
0.7885,  0.903574
0.7890,  0.918245
0.7895,  0.938655
0.7900,  0.952339
0.7905,  0.953966
0.7910,  0.942205
0.7915,  0.942368
0.7920,  0.953734
0.7925,  0.962826
0.7930,  0.979708
0.7935,  0.987298
0.7940,  0.983571
0.7945,  0.974672
0.7950,  0.960698
0.7955,  0.958036
0.7960,  0.963508
0.7965,  0.976404
0.7970,  0.981918
0.7975,  0.987742
0.7980,  0.987860
0.7985,  0.995747
0.7990,  1.022267
0.7995,  1.042943
0.8000,  1.053537
0.8005,  1.057458
0.8010,  1.050503
0.8015,  1.037643
0.8020,  1.043656
0.8025,  1.053941
0.8030,  1.069723
0.8035,  1.083481
0.8040,  1.088336
0.8045,  1.092478
0.8050,  1.098501
0.8055,  1.111459
0.8060,  1.106896
0.8065,  1.112372
0.8070,  1.115650
0.8075,  1.108709
0.8080,  1.115283
0.8085,  1.129500
0.8090,  1.139076
0.8095,  1.155034
0.8100,  1.177241
0.8105,  1.189509
0.8110,  1.208551
0.8115,  1.235060
0.8120,  1.263131
0.8125,  1.317781
0.8130,  1.388797
0.8135,  1.481233
0.8140,  1.581319
0.8145,  1.724415
0.8150,  1.851639
0.8155,  1.977385
0.8160,  2.091371
0.8165,  2.152132
0.8170,  2.191439
0.8175,  2.184884
0.8180,  2.143055
0.8185,  2.119152
0.8190,  2.079226
0.8195,  2.028003
0.8200,  1.929541
0.8205,  1.830740
0.8210,  1.774951
0.8215,  1.796669
0.8220,  1.917025
0.8225,  2.099900
0.8230,  2.212046
0.8235,  2.196919
0.8240,  2.124760
0.8245,  1.996913
0.8250,  1.916557
0.8255,  1.856753
0.8260,  1.798891
0.8265,  1.773986
0.8270,  1.800347
0.8275,  1.869277
0.8280,  1.973230
0.8285,  1.961881
0.8290,  1.959361
0.8295,  1.950676
0.8300,  1.954736
0.8305,  1.937485
0.8310,  1.982402
0.8315,  2.043787
0.8320,  2.059709
0.8325,  2.014783
0.8330,  1.954224
0.8335,  1.938215
0.8340,  1.868142
0.8345,  1.815284
0.8350,  1.816475
0.8355,  1.806145
0.8360,  1.800276
0.8365,  1.805500
0.8370,  1.778015
0.8375,  1.741218
0.8380,  1.737962
0.8385,  1.732102
0.8390,  1.731870
0.8395,  1.736784
0.8400,  1.754374
0.8405,  1.755034
0.8410,  1.775276
0.8415,  1.784118
0.8420,  1.836950
0.8425,  1.861641
0.8430,  1.863841
0.8435,  1.867421
0.8440,  1.903470
0.8445,  1.890366
0.8450,  1.870454
0.8455,  1.833825
0.8460,  1.827797
0.8465,  1.890470
0.8470,  1.935492
0.8475,  1.977741
0.8480,  2.023582
0.8485,  2.077357
0.8490,  2.198331
0.8495,  2.322106
0.8500,  2.310778
0.8505,  2.285883
0.8510,  2.286832
0.8515,  2.304155
0.8520,  2.426304
0.8525,  2.560870
0.8530,  2.827987
0.8535,  3.312786
0.8540,  4.047753
0.8545,  4.694526
0.8550,  4.090888
0.8555,  3.906891
0.8560,  3.579562
0.8565,  3.242829
0.8570,  2.999122
0.8575,  2.921024
0.8580,  3.015573
0.8585,  3.103750
0.8590,  2.989039
0.8595,  2.920754
0.8600,  2.853186
0.8605,  2.928289
0.8610,  3.044947
0.8615,  3.091315
0.8620,  3.096507
0.8625,  3.306858
0.8630,  3.565156
0.8635,  4.124311
0.8640,  4.466186
0.8645,  6.075077
0.8650,  Infinity
0.8655,  Infinity
0.8660,  Infinity
0.8665,  Infinity
0.8670,  Infinity
0.8675,  Infinity
0.8680,  Infinity
0.8685,  Infinity
0.8690,  Infinity
0.8695,  Infinity
0.8700,  7.392652
0.8705,  6.428870
0.8710,  8.796812
0.8715,  Infinity
0.8720,  Infinity
0.8725,  Infinity
0.8730,  Infinity
0.8735,  Infinity
0.8740,  Infinity
0.8745,  Infinity
0.8750,  Infinity
0.8755,  Infinity
0.8760,  Infinity
0.8765,  Infinity
0.8770,  Infinity
0.8775,  Infinity
0.8780,  Infinity
0.8785,  Infinity
0.8790,  Infinity
0.8795,  Infinity
0.8800,  Infinity
0.8805,  Infinity
0.8810,  Infinity
0.8815,  Infinity
0.8820,  Infinity
0.8825,  Infinity
0.8830,  Infinity
0.8835,  Infinity
0.8840,  Infinity
0.8845,  Infinity
0.8850,  Infinity
0.8855,  Infinity
0.8860,  Infinity
0.8865,  Infinity
0.8870,  Infinity
0.8875,  Infinity
0.8880,  Infinity
0.8885,  Infinity
0.8890,  Infinity
0.8895,  Infinity
0.8900,  Infinity
