0.3500,  0.374461
0.3505,  0.425191
0.3510,  0.392085
0.3515,  0.360263
0.3520,  0.325726
0.3525,  0.288468
0.3530,  0.325782
0.3535,  0.360410
0.3540,  0.377410
0.3545,  0.397622
0.3550,  0.370903
0.3555,  0.355271
0.3560,  0.320287
0.3565,  0.285421
0.3570,  0.257541
0.3575,  0.227425
0.3580,  0.191743
0.3585,  0.142535
0.3590,  0.290074
0.3595,  0.409063
0.3600,  0.390955
0.3605,  0.372991
0.3610,  0.325805
0.3615,  0.275394
0.3620,  0.313031
0.3625,  0.346931
0.3630,  0.333743
0.3635,  0.319315
0.3640,  0.309523
0.3645,  0.297403
0.3650,  0.328928
0.3655,  0.353654
0.3660,  0.359097
0.3665,  0.367946
0.3670,  0.339342
0.3675,  0.314150
0.3680,  0.282679
0.3685,  0.252187
0.3690,  0.292853
0.3695,  0.330231
0.3700,  0.299744
0.3705,  0.272032
0.3710,  0.287424
0.3715,  0.305803
0.3720,  0.277363
0.3725,  0.251805
0.3730,  0.222157
0.3735,  0.190407
0.3740,  0.201812
0.3745,  0.206657
0.3750,  0.276559
0.3755,  0.331343
0.3760,  0.325105
0.3765,  0.311020
0.3770,  0.350747
0.3775,  0.386084
0.3780,  0.376662
0.3785,  0.372590
0.3790,  0.283357
0.3795,  0.191679
0.3800,  0.241293
0.3805,  0.293264
0.3810,  0.268334
0.3815,  0.249801
0.3820,  0.171897
0.3825,  0.082002
0.3830,  0.066381
0.3835,  0.037063
0.3840,  0.192425
0.3845,  0.310380
0.3850,  0.317398
0.3855,  0.319712
0.3860,  0.303896
0.3865,  0.290508
0.3870,  0.278187
0.3875,  0.266907
0.3880,  0.248751
0.3885,  0.227862
0.3890,  0.281506
0.3895,  0.324336
0.3900,  0.322316
0.3905,  0.318857
0.3910,  0.326557
0.3915,  0.344193
0.3920,  0.252037
0.3925,  0.162448
0.3930,  0.012026
0.3935,  -0.197297
0.3940,  0.075686
0.3945,  0.269912
0.3950,  0.362752
0.3955,  0.438679
0.3960,  0.280149
0.3965,  0.089148
0.3970,  0.111484
0.3975,  0.121679
0.3980,  0.297251
0.3985,  0.413589
0.3990,  0.394559
0.3995,  0.375437
0.4000,  0.333743
0.4005,  0.301822
0.4010,  0.287713
0.4015,  0.279212
0.4020,  0.266063
0.4025,  0.257429
0.4030,  0.232452
0.4035,  0.210897
0.4040,  0.206534
0.4045,  0.204148
0.4050,  0.205943
0.4055,  0.210598
0.4060,  0.198254
0.4065,  0.184455
0.4070,  0.197328
0.4075,  0.206070
0.4080,  0.226789
0.4085,  0.245822
0.4090,  0.237197
0.4095,  0.229982
0.4100,  0.185577
0.4105,  0.138467
0.4110,  0.203474
0.4115,  0.259308
0.4120,  0.243076
0.4125,  0.228004
0.4130,  0.212889
0.4135,  0.198785
0.4140,  0.190914
0.4145,  0.185197
0.4150,  0.182449
0.4155,  0.180240
0.4160,  0.203722
0.4165,  0.226496
0.4170,  0.189124
0.4175,  0.150848
0.4180,  0.157159
0.4185,  0.163831
0.4190,  0.170008
0.4195,  0.175960
0.4200,  0.188656
0.4205,  0.199052
0.4210,  0.205751
0.4215,  0.213649
0.4220,  0.165907
0.4225,  0.116907
0.4230,  0.151055
0.4235,  0.181750
0.4240,  0.195152
0.4245,  0.207898
0.4250,  0.193622
0.4255,  0.177807
0.4260,  0.180890
0.4265,  0.183905
0.4270,  0.157367
0.4275,  0.130075
0.4280,  0.141523
0.4285,  0.156204
0.4290,  0.143314
0.4295,  0.133040
0.4300,  0.058192
0.4305,  -0.034698
0.4310,  0.138606
0.4315,  0.268873
0.4320,  0.243192
0.4325,  0.212866
0.4330,  0.210622
0.4335,  0.211671
0.4340,  0.185738
0.4345,  0.160665
0.4350,  0.162145
0.4355,  0.164673
0.4360,  0.197958
0.4365,  0.230406
0.4370,  0.201774
0.4375,  0.177037
0.4380,  0.127970
0.4385,  0.077182
0.4390,  0.142856
0.4395,  0.200736
0.4400,  0.172841
0.4405,  0.140456
0.4410,  0.178237
0.4415,  0.210759
0.4420,  0.207120
0.4425,  0.206103
0.4430,  0.183783
0.4435,  0.162846
0.4440,  0.172407
0.4445,  0.184256
0.4450,  0.153221
0.4455,  0.122051
0.4460,  0.136252
0.4465,  0.146772
0.4470,  0.177667
0.4475,  0.206735
0.4480,  0.179708
0.4485,  0.153576
0.4490,  0.157346
0.4495,  0.160283
0.4500,  0.173939
0.4505,  0.187109
0.4510,  0.173958
0.4515,  0.167113
0.4520,  0.138688
0.4525,  0.110247
0.4530,  0.123413
0.4535,  0.135580
0.4540,  0.140046
0.4545,  0.143751
0.4550,  0.154614
0.4555,  0.161416
0.4560,  0.164172
0.4565,  0.166461
0.4570,  0.165786
0.4575,  0.167699
0.4580,  0.143831
0.4585,  0.120659
0.4590,  0.130513
0.4595,  0.139440
0.4600,  0.145189
0.4605,  0.149819
0.4610,  0.150677
0.4615,  0.149837
0.4620,  0.154007
0.4625,  0.159846
0.4630,  0.147218
0.4635,  0.135721
0.4640,  0.127261
0.4645,  0.121807
0.4650,  0.139872
0.4655,  0.156476
0.4660,  0.139304
0.4665,  0.119044
0.4670,  0.138120
0.4675,  0.157495
0.4680,  0.154561
0.4685,  0.149575
0.4690,  0.150565
0.4695,  0.152296
0.4700,  0.132202
0.4705,  0.110684
0.4710,  0.138211
0.4715,  0.161293
0.4720,  0.162508
0.4725,  0.163840
0.4730,  0.150028
0.4735,  0.137869
0.4740,  0.148514
0.4745,  0.158396
0.4750,  0.150943
0.4755,  0.145460
0.4760,  0.135270
0.4765,  0.124128
0.4770,  0.147051
0.4775,  0.167698
0.4780,  0.153740
0.4785,  0.139352
0.4790,  0.149772
0.4795,  0.160640
0.4800,  0.153755
0.4805,  0.145193
0.4810,  0.155088
0.4815,  0.166717
0.4820,  0.156651
0.4825,  0.145856
0.4830,  0.147472
0.4835,  0.151511
0.4840,  0.148945
0.4845,  0.149623
0.4850,  0.136769
0.4855,  0.126411
0.4860,  0.099314
0.4865,  0.064499
0.4870,  0.116439
0.4875,  0.158205
0.4880,  0.167706
0.4885,  0.174683
0.4890,  0.174239
0.4895,  0.174506
0.4900,  0.176880
0.4905,  0.182265
0.4910,  0.158912
0.4915,  0.137073
0.4920,  0.140185
0.4925,  0.141897
0.4930,  0.138682
0.4935,  0.134558
0.4940,  0.163973
0.4945,  0.190614
0.4950,  0.162017
0.4955,  0.133841
0.4960,  0.149225
0.4965,  0.166629
0.4970,  0.168435
0.4975,  0.169887
0.4980,  0.142907
0.4985,  0.116001
0.4990,  0.140273
0.4995,  0.164106
0.5000,  0.146047
0.5005,  0.127634
0.5010,  0.122442
0.5015,  0.116479
0.5020,  0.135164
0.5025,  0.152128
0.5030,  0.159721
0.5035,  0.166806
0.5040,  0.151693
0.5045,  0.135336
0.5050,  0.156301
0.5055,  0.174711
0.5060,  0.163120
0.5065,  0.154403
0.5070,  0.143316
0.5075,  0.133662
0.5080,  0.138185
0.5085,  0.141875
0.5090,  0.141053
0.5095,  0.139055
0.5100,  0.143571
0.5105,  0.148049
0.5110,  0.155968
0.5115,  0.164643
0.5120,  0.140017
0.5125,  0.116445
0.5130,  0.118860
0.5135,  0.122997
0.5140,  0.130138
0.5145,  0.134909
0.5150,  0.143104
0.5155,  0.155108
0.5160,  0.116279
0.5165,  0.077345
0.5170,  0.104833
0.5175,  0.128527
0.5180,  0.116504
0.5185,  0.097612
0.5190,  0.129876
0.5195,  0.156920
0.5200,  0.146482
0.5205,  0.137320
0.5210,  0.145062
0.5215,  0.154778
0.5220,  0.135022
0.5225,  0.116373
0.5230,  0.129367
0.5235,  0.140796
0.5240,  0.149467
0.5245,  0.158706
0.5250,  0.152243
0.5255,  0.150202
0.5260,  0.105306
0.5265,  0.057537
0.5270,  0.098374
0.5275,  0.132723
0.5280,  0.142734
0.5285,  0.148094
0.5290,  0.142467
0.5295,  0.138614
0.5300,  0.139293
0.5305,  0.142068
0.5310,  0.143398
0.5315,  0.147826
0.5320,  0.113345
0.5325,  0.078082
0.5330,  0.115530
0.5335,  0.149254
0.5340,  0.135157
0.5345,  0.117564
0.5350,  0.139814
0.5355,  0.162547
0.5360,  0.137610
0.5365,  0.114203
0.5370,  0.119187
0.5375,  0.123547
0.5380,  0.129973
0.5385,  0.136661
0.5390,  0.125518
0.5395,  0.115080
0.5400,  0.107162
0.5405,  0.097490
0.5410,  0.122895
0.5415,  0.145535
0.5420,  0.132268
0.5425,  0.118136
0.5430,  0.126633
0.5435,  0.135897
0.5440,  0.134029
0.5445,  0.131425
0.5450,  0.134861
0.5455,  0.139071
0.5460,  0.134404
0.5465,  0.131305
0.5470,  0.123277
0.5475,  0.114619
0.5480,  0.121546
0.5485,  0.127281
0.5490,  0.132353
0.5495,  0.138168
0.5500,  0.131408
0.5505,  0.124218
0.5510,  0.126982
0.5515,  0.129798
0.5520,  0.124523
0.5525,  0.119723
0.5530,  0.127871
0.5535,  0.134414
0.5540,  0.136713
0.5545,  0.139340
0.5550,  0.138910
0.5555,  0.140516
0.5560,  0.128458
0.5565,  0.116376
0.5570,  0.126045
0.5575,  0.135815
0.5580,  0.126472
0.5585,  0.117343
0.5590,  0.124987
0.5595,  0.129691
0.5600,  0.136102
0.5605,  0.141950
0.5610,  0.135379
0.5615,  0.129607
0.5620,  0.134516
0.5625,  0.139906
0.5630,  0.142153
0.5635,  0.144624
0.5640,  0.144175
0.5645,  0.144938
0.5650,  0.135676
0.5655,  0.125368
0.5660,  0.133853
0.5665,  0.140363
0.5670,  0.151384
0.5675,  0.163206
0.5680,  0.147997
0.5685,  0.133210
0.5690,  0.145764
0.5695,  0.159056
0.5700,  0.142997
0.5705,  0.124614
0.5710,  0.135673
0.5715,  0.145331
0.5720,  0.154852
0.5725,  0.164604
0.5730,  0.159203
0.5735,  0.155576
0.5740,  0.154988
0.5745,  0.155783
0.5750,  0.150368
0.5755,  0.144300
0.5760,  0.148056
0.5765,  0.151971
0.5770,  0.155996
0.5775,  0.159842
0.5780,  0.146384
0.5785,  0.131500
0.5790,  0.140032
0.5795,  0.146934
0.5800,  0.145723
0.5805,  0.144902
0.5810,  0.146108
0.5815,  0.147135
0.5820,  0.149248
0.5825,  0.151801
0.5830,  0.146433
0.5835,  0.141340
0.5840,  0.142447
0.5845,  0.145199
0.5850,  0.132490
0.5855,  0.120941
0.5860,  0.135767
0.5865,  0.149676
0.5870,  0.158424
0.5875,  0.169888
0.5880,  0.159726
0.5885,  0.153197
0.5890,  0.135443
0.5895,  0.111092
0.5900,  0.159776
0.5905,  0.200031
0.5910,  0.188087
0.5915,  0.175364
0.5920,  0.173283
0.5925,  0.172441
0.5930,  0.166873
0.5935,  0.163104
0.5940,  0.160915
0.5945,  0.159607
0.5950,  0.164212
0.5955,  0.166153
0.5960,  0.169769
0.5965,  0.172031
0.5970,  0.164457
0.5975,  0.157570
0.5980,  0.152280
0.5985,  0.148572
0.5990,  0.153422
0.5995,  0.159756
0.6000,  0.157149
0.6005,  0.153577
0.6010,  0.156047
0.6015,  0.156758
0.6020,  0.146945
0.6025,  0.135276
0.6030,  0.145364
0.6035,  0.157154
0.6040,  0.154287
0.6045,  0.153667
0.6050,  0.153264
0.6055,  0.152080
0.6060,  0.150946
0.6065,  0.148917
0.6070,  0.147744
0.6075,  0.147642
0.6080,  0.146812
0.6085,  0.148191
0.6090,  0.152779
0.6095,  0.157874
0.6100,  0.151786
0.6105,  0.143080
0.6110,  0.152144
0.6115,  0.160299
0.6120,  0.150680
0.6125,  0.143564
0.6130,  0.142256
0.6135,  0.141546
0.6140,  0.152083
0.6145,  0.161834
0.6150,  0.164576
0.6155,  0.166517
0.6160,  0.143925
0.6165,  0.119332
0.6170,  0.141002
0.6175,  0.160329
0.6180,  0.161509
0.6185,  0.164834
0.6190,  0.161907
0.6195,  0.158222
0.6200,  0.164608
0.6205,  0.170067
0.6210,  0.159130
0.6215,  0.148498
0.6220,  0.155193
0.6225,  0.162781
0.6230,  0.156854
0.6235,  0.151368
0.6240,  0.155138
0.6245,  0.157996
0.6250,  0.155950
0.6255,  0.151069
0.6260,  0.165346
0.6265,  0.178951
0.6270,  0.179325
0.6275,  0.181673
0.6280,  0.186010
0.6285,  0.191143
0.6290,  0.190593
0.6295,  0.188862
0.6300,  0.184512
0.6305,  0.178802
0.6310,  0.170899
0.6315,  0.169041
0.6320,  0.166938
0.6325,  0.163762
0.6330,  0.162075
0.6335,  0.161555
0.6340,  0.161988
0.6345,  0.164458
0.6350,  0.167633
0.6355,  0.170324
0.6360,  0.169940
0.6365,  0.167572
0.6370,  0.162984
0.6375,  0.157485
0.6380,  0.153528
0.6385,  0.152721
0.6390,  0.155244
0.6395,  0.156333
0.6400,  0.158009
0.6405,  0.158985
0.6410,  0.157320
0.6415,  0.158634
0.6420,  0.156595
0.6425,  0.152968
0.6430,  0.150576
0.6435,  0.148650
0.6440,  0.149328
0.6445,  0.153945
0.6450,  0.160951
0.6455,  0.165815
0.6460,  0.171791
0.6465,  0.175801
0.6470,  0.177927
0.6475,  0.174864
0.6480,  0.170630
0.6485,  0.166628
0.6490,  0.160510
0.6495,  0.164701
0.6500,  0.167787
0.6505,  0.170166
0.6510,  0.175289
0.6515,  0.174397
0.6520,  0.174032
0.6525,  0.172740
0.6530,  0.169339
0.6535,  0.160128
0.6540,  0.153003
0.6545,  0.151279
0.6550,  0.158878
0.6555,  0.159899
0.6560,  0.159184
0.6565,  0.148999
0.6570,  0.124669
0.6575,  0.133426
0.6580,  0.138407
0.6585,  0.146189
0.6590,  0.158300
0.6595,  0.154848
0.6600,  0.151635
0.6605,  0.147797
0.6610,  0.144848
0.6615,  0.139081
0.6620,  0.135254
0.6625,  0.134959
0.6630,  0.137569
0.6635,  0.141305
0.6640,  0.146292
0.6645,  0.149465
0.6650,  0.151069
0.6655,  0.147916
0.6660,  0.143964
0.6665,  0.139608
0.6670,  0.134394
0.6675,  0.132912
0.6680,  0.133382
0.6685,  0.134629
0.6690,  0.136782
0.6695,  0.136100
0.6700,  0.137047
0.6705,  0.139709
0.6710,  0.140542
0.6715,  0.145032
0.6720,  0.146592
0.6725,  0.144612
0.6730,  0.141647
0.6735,  0.137269
0.6740,  0.133163
0.6745,  0.132416
0.6750,  0.133249
0.6755,  0.136095
0.6760,  0.140018
0.6765,  0.142623
0.6770,  0.143831
0.6775,  0.144153
0.6780,  0.142595
0.6785,  0.141036
0.6790,  0.139340
0.6795,  0.137622
0.6800,  0.135771
0.6805,  0.134380
0.6810,  0.134456
0.6815,  0.135435
0.6820,  0.137563
0.6825,  0.140856
0.6830,  0.144996
0.6835,  0.147601
0.6840,  0.149681
0.6845,  0.150319
0.6850,  0.150823
0.6855,  0.162936
0.6860,  0.186619
0.6865,  0.220690
0.6870,  0.258200
0.6875,  0.286381
0.6880,  0.295502
0.6885,  0.291019
0.6890,  0.280788
0.6895,  0.269864
0.6900,  0.260295
0.6905,  0.250811
0.6910,  0.239497
0.6915,  0.229229
0.6920,  0.222569
0.6925,  0.220142
0.6930,  0.219790
0.6935,  0.221372
0.6940,  0.222184
0.6945,  0.220557
0.6950,  0.216271
0.6955,  0.208866
0.6960,  0.199208
0.6965,  0.189756
0.6970,  0.182961
0.6975,  0.183544
0.6980,  0.187934
0.6985,  0.194591
0.6990,  0.202651
0.6995,  0.203350
0.7000,  0.201745
0.7005,  0.199796
0.7010,  0.196559
0.7015,  0.197712
0.7020,  0.199020
0.7025,  0.199094
0.7030,  0.197339
0.7035,  0.197943
0.7040,  0.198274
0.7045,  0.198702
0.7050,  0.200955
0.7055,  0.197793
0.7060,  0.193261
0.7065,  0.189034
0.7070,  0.184657
0.7075,  0.178867
0.7080,  0.175483
0.7085,  0.173818
0.7090,  0.170947
0.7095,  0.171935
0.7100,  0.171949
0.7105,  0.173456
0.7110,  0.175718
0.7115,  0.176479
0.7120,  0.179064
0.7125,  0.180067
0.7130,  0.180310
0.7135,  0.182712
0.7140,  0.184704
0.7145,  0.186581
0.7150,  0.191473
0.7155,  0.201663
0.7160,  0.221946
0.7165,  0.253108
0.7170,  0.291681
0.7175,  0.331044
0.7180,  0.365337
0.7185,  0.390920
0.7190,  0.405617
0.7195,  0.411318
0.7200,  0.401754
0.7205,  0.377057
0.7210,  0.342429
0.7215,  0.308713
0.7220,  0.287801
0.7225,  0.284795
0.7230,  0.298341
0.7235,  0.319534
0.7240,  0.341756
0.7245,  0.357492
0.7250,  0.364103
0.7255,  0.364652
0.7260,  0.361523
0.7265,  0.358257
0.7270,  0.356014
0.7275,  0.350331
0.7280,  0.346217
0.7285,  0.341238
0.7290,  0.336571
0.7295,  0.335411
0.7300,  0.331772
0.7305,  0.328776
0.7310,  0.322269
0.7315,  0.308445
0.7320,  0.292721
0.7325,  0.274100
0.7330,  0.254402
0.7335,  0.239248
0.7340,  0.227821
0.7345,  0.221420
0.7350,  0.218971
0.7355,  0.219411
0.7360,  0.221037
0.7365,  0.219924
0.7370,  0.216668
0.7375,  0.210237
0.7380,  0.205287
0.7385,  0.201130
0.7390,  0.198692
0.7395,  0.195840
0.7400,  0.189848
0.7405,  0.183561
0.7410,  0.180227
0.7415,  0.181927
0.7420,  0.183391
0.7425,  0.184900
0.7430,  0.184080
0.7435,  0.179567
0.7440,  0.177176
0.7445,  0.175651
0.7450,  0.173390
0.7455,  0.172528
0.7460,  0.172287
0.7465,  0.171484
0.7470,  0.172111
0.7475,  0.169633
0.7480,  0.167743
0.7485,  0.167044
0.7490,  0.165891
0.7495,  0.168226
0.7500,  0.169368
0.7505,  0.169170
0.7510,  0.170052
0.7515,  0.170072
0.7520,  0.169693
0.7525,  0.169184
0.7530,  0.168243
0.7535,  0.166850
0.7540,  0.165740
0.7545,  0.166205
0.7550,  0.167648
0.7555,  0.167688
0.7560,  0.168276
0.7565,  0.168578
0.7570,  0.167874
0.7575,  0.172217
0.7580,  0.189704
0.7585,  0.232293
0.7590,  0.314768
0.7595,  0.452993
0.7600,  0.633830
0.7605,  0.808644
0.7610,  0.917453
0.7615,  0.919673
0.7620,  0.858984
0.7625,  0.810515
0.7630,  0.785703
0.7635,  0.763942
0.7640,  0.729703
0.7645,  0.670566
0.7650,  0.595202
0.7655,  0.517017
0.7660,  0.444120
0.7665,  0.379132
0.7670,  0.321677
0.7675,  0.283061
0.7680,  0.254845
0.7685,  0.234060
0.7690,  0.219712
0.7695,  0.207496
0.7700,  0.199378
0.7705,  0.191390
0.7710,  0.187249
0.7715,  0.185340
0.7720,  0.180031
0.7725,  0.179307
0.7730,  0.178208
0.7735,  0.173182
0.7740,  0.171404
0.7745,  0.168778
0.7750,  0.165316
0.7755,  0.165725
0.7760,  0.167182
0.7765,  0.169064
0.7770,  0.171543
0.7775,  0.172882
0.7780,  0.172119
0.7785,  0.169721
0.7790,  0.168712
0.7795,  0.169763
0.7800,  0.171098
0.7805,  0.173459
0.7810,  0.174650
0.7815,  0.171764
0.7820,  0.168970
0.7825,  0.167122
0.7830,  0.166305
0.7835,  0.169621
0.7840,  0.171799
0.7845,  0.175319
0.7850,  0.177267
0.7855,  0.176844
0.7860,  0.179877
0.7865,  0.180813
0.7870,  0.183725
0.7875,  0.188559
0.7880,  0.192750
0.7885,  0.200211
0.7890,  0.205685
0.7895,  0.206581
0.7900,  0.207685
0.7905,  0.205306
0.7910,  0.204804
0.7915,  0.205296
0.7920,  0.204846
0.7925,  0.204662
0.7930,  0.201908
0.7935,  0.198645
0.7940,  0.196337
0.7945,  0.193962
0.7950,  0.193908
0.7955,  0.199675
0.7960,  0.205850
0.7965,  0.209817
0.7970,  0.210299
0.7975,  0.205583
0.7980,  0.199528
0.7985,  0.195071
0.7990,  0.194533
0.7995,  0.199487
0.8000,  0.203803
0.8005,  0.209231
0.8010,  0.212624
0.8015,  0.210507
0.8020,  0.210082
0.8025,  0.207935
0.8030,  0.206725
0.8035,  0.206325
0.8040,  0.206331
0.8045,  0.204822
0.8050,  0.200064
0.8055,  0.196471
0.8060,  0.192557
0.8065,  0.190042
0.8070,  0.191931
0.8075,  0.190144
0.8080,  0.189432
0.8085,  0.191026
0.8090,  0.193042
0.8095,  0.204417
0.8100,  0.213315
0.8105,  0.224647
0.8110,  0.236178
0.8115,  0.245215
0.8120,  0.260455
0.8125,  0.277807
0.8130,  0.299974
0.8135,  0.323860
0.8140,  0.349094
0.8145,  0.373962
0.8150,  0.396219
0.8155,  0.415566
0.8160,  0.429721
0.8165,  0.438192
0.8170,  0.440503
0.8175,  0.432030
0.8180,  0.420304
0.8185,  0.404365
0.8190,  0.381627
0.8195,  0.364606
0.8200,  0.344747
0.8205,  0.324166
0.8210,  0.318236
0.8215,  0.328956
0.8220,  0.356188
0.8225,  0.395224
0.8230,  0.420272
0.8235,  0.416045
0.8240,  0.385928
0.8245,  0.347158
0.8250,  0.314649
0.8255,  0.297304
0.8260,  0.293997
0.8265,  0.297879
0.8270,  0.307677
0.8275,  0.320926
0.8280,  0.333771
0.8285,  0.337403
0.8290,  0.335449
0.8295,  0.329018
0.8300,  0.320958
0.8305,  0.312898
0.8310,  0.307007
0.8315,  0.302511
0.8320,  0.298391
0.8325,  0.295105
0.8330,  0.291533
0.8335,  0.283745
0.8340,  0.272206
0.8345,  0.264313
0.8350,  0.254051
0.8355,  0.246921
0.8360,  0.241777
0.8365,  0.234668
0.8370,  0.230136
0.8375,  0.225916
0.8380,  0.223181
0.8385,  0.219439
0.8390,  0.216597
0.8395,  0.212565
0.8400,  0.208117
0.8405,  0.206433
0.8410,  0.204954
0.8415,  0.204313
0.8420,  0.205103
0.8425,  0.204499
0.8430,  0.204057
0.8435,  0.204066
0.8440,  0.201513
0.8445,  0.197135
0.8450,  0.190251
0.8455,  0.184397
0.8460,  0.182586
0.8465,  0.184278
0.8470,  0.186977
0.8475,  0.190261
0.8480,  0.193576
0.8485,  0.188918
0.8490,  0.187368
0.8495,  0.186566
0.8500,  0.181876
0.8505,  0.188794
0.8510,  0.189268
0.8515,  0.188884
0.8520,  0.192517
0.8525,  0.175324
0.8530,  0.169934
0.8535,  0.167539
0.8540,  0.162930
0.8545,  0.192547
0.8550,  0.204577
0.8555,  0.205672
0.8560,  0.202202
0.8565,  0.190528
0.8570,  0.184222
0.8575,  0.183100
0.8580,  0.186264
0.8585,  0.183343
0.8590,  0.182125
0.8595,  0.182703
0.8600,  0.182108
0.8605,  0.181205
0.8610,  0.181136
0.8615,  0.179605
0.8620,  0.178928
0.8625,  0.179694
0.8630,  0.180768
0.8635,  0.183139
0.8640,  0.185522
0.8645,  0.173427
0.8650,  0.168341
0.8655,  0.166346
0.8660,  0.164952
0.8665,  0.185176
0.8670,  0.190594
0.8675,  0.188513
0.8680,  0.183567
0.8685,  0.180458
0.8690,  0.180657
0.8695,  0.184130
0.8700,  0.189265
0.8705,  0.189789
0.8710,  0.194435
0.8715,  0.197624
0.8720,  0.202226
0.8725,  0.202328
0.8730,  0.199310
0.8735,  0.199210
0.8740,  0.198633
0.8745,  0.199063
0.8750,  0.202309
0.8755,  0.202726
0.8760,  0.200873
0.8765,  0.203565
0.8770,  0.202787
0.8775,  0.202544
0.8780,  0.205942
0.8785,  0.203481
0.8790,  0.203479
0.8795,  0.202270
0.8800,  0.200281
0.8805,  0.199838
0.8810,  0.199670
0.8815,  0.200593
0.8820,  0.197747
0.8825,  0.197973
0.8830,  0.200462
0.8835,  0.202135
0.8840,  0.206994
0.8845,  0.205312
0.8850,  0.203449
0.8855,  0.204430
0.8860,  0.203745
0.8865,  0.210574
0.8870,  0.212486
0.8875,  0.212517
0.8880,  0.213554
0.8885,  0.209833
0.8890,  0.209845
0.8895,  0.211994
0.8900,  0.215609
