0.3500,  -0.064130
0.3505,  -0.021151
0.3510,  -0.042902
0.3515,  -0.066530
0.3520,  -0.091312
0.3525,  -0.117562
0.3530,  -0.088102
0.3535,  -0.059395
0.3540,  -0.044519
0.3545,  -0.025461
0.3550,  -0.037556
0.3555,  -0.047689
0.3560,  -0.072532
0.3565,  -0.091298
0.3570,  -0.111330
0.3575,  -0.136035
0.3580,  -0.165982
0.3585,  -0.200015
0.3590,  -0.094818
0.3595,  -0.009882
0.3600,  -0.019352
0.3605,  -0.030859
0.3610,  -0.062357
0.3615,  -0.097168
0.3620,  -0.064483
0.3625,  -0.034604
0.3630,  -0.039521
0.3635,  -0.049290
0.3640,  -0.052702
0.3645,  -0.061754
0.3650,  -0.038798
0.3655,  -0.020019
0.3660,  -0.014412
0.3665,  -0.003368
0.3670,  -0.018982
0.3675,  -0.031655
0.3680,  -0.052705
0.3685,  -0.076410
0.3690,  -0.047381
0.3695,  -0.016175
0.3700,  -0.034928
0.3705,  -0.054186
0.3710,  -0.038715
0.3715,  -0.021467
0.3720,  -0.039615
0.3725,  -0.057787
0.3730,  -0.078529
0.3735,  -0.103879
0.3740,  -0.099869
0.3745,  -0.097045
0.3750,  -0.045442
0.3755,  -0.006549
0.3760,  -0.014195
0.3765,  -0.026787
0.3770,  0.001671
0.3775,  0.029771
0.3780,  0.028488
0.3785,  0.033457
0.3790,  -0.025918
0.3795,  -0.090794
0.3800,  -0.052161
0.3805,  -0.010597
0.3810,  -0.024874
0.3815,  -0.034980
0.3820,  -0.088677
0.3825,  -0.153774
0.3830,  -0.167657
0.3835,  -0.194262
0.3840,  -0.089083
0.3845,  -0.009837
0.3850,  -0.006951
0.3855,  -0.004416
0.3860,  -0.014082
0.3865,  -0.018579
0.3870,  -0.019189
0.3875,  -0.022515
0.3880,  -0.035637
0.3885,  -0.053479
0.3890,  -0.017136
0.3895,  0.013343
0.3900,  0.013859
0.3905,  0.015511
0.3910,  0.028306
0.3915,  0.051909
0.3920,  -0.002548
0.3925,  -0.058113
0.3930,  -0.168190
0.3935,  -0.331805
0.3940,  -0.148981
0.3945,  -0.022217
0.3950,  0.042826
0.3955,  0.107787
0.3960,  0.004064
0.3965,  -0.126770
0.3970,  -0.112650
0.3975,  -0.116707
0.3980,  0.002417
0.3985,  0.083544
0.3990,  0.071712
0.3995,  0.067588
0.4000,  0.049466
0.4005,  0.031257
0.4010,  0.024137
0.4015,  0.023244
0.4020,  0.017181
0.4025,  0.015282
0.4030,  0.001997
0.4035,  -0.011579
0.4040,  -0.013721
0.4045,  -0.012958
0.4050,  -0.012899
0.4055,  -0.012909
0.4060,  -0.022593
0.4065,  -0.032526
0.4070,  -0.023977
0.4075,  -0.018143
0.4080,  -0.002806
0.4085,  0.011948
0.4090,  0.006704
0.4095,  0.001841
0.4100,  -0.028480
0.4105,  -0.062567
0.4110,  -0.018480
0.4115,  0.020459
0.4120,  0.009687
0.4125,  -0.002146
0.4130,  -0.010721
0.4135,  -0.014664
0.4140,  -0.015503
0.4145,  -0.017968
0.4150,  -0.018230
0.4155,  -0.019813
0.4160,  -0.003875
0.4165,  0.011617
0.4170,  -0.013453
0.4175,  -0.040178
0.4180,  -0.035087
0.4185,  -0.029630
0.4190,  -0.024468
0.4195,  -0.021132
0.4200,  -0.011192
0.4205,  -0.002228
0.4210,  0.002647
0.4215,  0.008331
0.4220,  -0.022638
0.4225,  -0.056048
0.4230,  -0.032457
0.4235,  -0.010606
0.4240,  -0.002789
0.4245,  0.006677
0.4250,  -0.003011
0.4255,  -0.013377
0.4260,  -0.009815
0.4265,  -0.004610
0.4270,  -0.024195
0.4275,  -0.042790
0.4280,  -0.032926
0.4285,  -0.019216
0.4290,  -0.026648
0.4295,  -0.030855
0.4300,  -0.082130
0.4305,  -0.154207
0.4310,  -0.033309
0.4315,  0.052392
0.4320,  0.028876
0.4325,  0.008082
0.4330,  0.013056
0.4335,  0.018626
0.4340,  0.003734
0.4345,  -0.012972
0.4350,  -0.013040
0.4355,  -0.013833
0.4360,  0.011885
0.4365,  0.038806
0.4370,  0.019916
0.4375,  0.005391
0.4380,  -0.026324
0.4385,  -0.064729
0.4390,  -0.020755
0.4395,  0.018546
0.4400,  -0.000957
0.4405,  -0.023318
0.4410,  0.003839
0.4415,  0.027382
0.4420,  0.027284
0.4425,  0.027355
0.4430,  0.012284
0.4435,  -0.000270
0.4440,  0.008052
0.4445,  0.016956
0.4450,  -0.004745
0.4455,  -0.028618
0.4460,  -0.019452
0.4465,  -0.011011
0.4470,  0.011013
0.4475,  0.031862
0.4480,  0.015462
0.4485,  -0.002591
0.4490,  0.001514
0.4495,  0.002755
0.4500,  0.013913
0.4505,  0.025526
0.4510,  0.019844
0.4515,  0.015492
0.4520,  -0.002274
0.4525,  -0.020266
0.4530,  -0.013963
0.4535,  -0.008658
0.4540,  -0.004207
0.4545,  -0.000641
0.4550,  0.005493
0.4555,  0.011532
0.4560,  0.013834
0.4565,  0.015327
0.4570,  0.017475
0.4575,  0.021049
0.4580,  0.004383
0.4585,  -0.013014
0.4590,  -0.005935
0.4595,  -0.000469
0.4600,  0.003686
0.4605,  0.006734
0.4610,  0.005932
0.4615,  0.005067
0.4620,  0.010211
0.4625,  0.015926
0.4630,  0.007235
0.4635,  0.001448
0.4640,  -0.003138
0.4645,  -0.009225
0.4650,  0.003138
0.4655,  0.017771
0.4660,  0.002912
0.4665,  -0.011811
0.4670,  0.002695
0.4675,  0.015603
0.4680,  0.012830
0.4685,  0.011933
0.4690,  0.013972
0.4695,  0.017593
0.4700,  0.003969
0.4705,  -0.013927
0.4710,  0.004094
0.4715,  0.021438
0.4720,  0.021299
0.4725,  0.021860
0.4730,  0.015168
0.4735,  0.007663
0.4740,  0.014506
0.4745,  0.022477
0.4750,  0.018589
0.4755,  0.014539
0.4760,  0.006868
0.4765,  -0.001253
0.4770,  0.014430
0.4775,  0.028394
0.4780,  0.016846
0.4785,  0.007256
0.4790,  0.016539
0.4795,  0.025711
0.4800,  0.019484
0.4805,  0.015676
0.4810,  0.023560
0.4815,  0.031816
0.4820,  0.023370
0.4825,  0.017730
0.4830,  0.019700
0.4835,  0.022552
0.4840,  0.022361
0.4845,  0.026116
0.4850,  0.018915
0.4855,  0.012354
0.4860,  -0.008073
0.4865,  -0.038076
0.4870,  -0.004718
0.4875,  0.023072
0.4880,  0.030124
0.4885,  0.035984
0.4890,  0.035238
0.4895,  0.035314
0.4900,  0.037307
0.4905,  0.043285
0.4910,  0.029876
0.4915,  0.016181
0.4920,  0.018435
0.4925,  0.018255
0.4930,  0.014379
0.4935,  0.008403
0.4940,  0.029193
0.4945,  0.050053
0.4950,  0.029518
0.4955,  0.009250
0.4960,  0.022428
0.4965,  0.035505
0.4970,  0.037797
0.4975,  0.041729
0.4980,  0.022364
0.4985,  0.000894
0.4990,  0.018245
0.4995,  0.036718
0.5000,  0.025128
0.5005,  0.013015
0.5010,  0.010096
0.5015,  0.004049
0.5020,  0.016797
0.5025,  0.029269
0.5030,  0.034994
0.5035,  0.040000
0.5040,  0.029424
0.5045,  0.016527
0.5050,  0.028800
0.5055,  0.042480
0.5060,  0.036167
0.5065,  0.031411
0.5070,  0.025537
0.5075,  0.019553
0.5080,  0.021496
0.5085,  0.022678
0.5090,  0.022222
0.5095,  0.021528
0.5100,  0.024792
0.5105,  0.027855
0.5110,  0.034673
0.5115,  0.041480
0.5120,  0.025273
0.5125,  0.010217
0.5130,  0.013502
0.5135,  0.014842
0.5140,  0.019144
0.5145,  0.023283
0.5150,  0.030622
0.5155,  0.041547
0.5160,  0.017680
0.5165,  -0.008293
0.5170,  0.009002
0.5175,  0.021915
0.5180,  0.009430
0.5185,  -0.007492
0.5190,  0.014482
0.5195,  0.035519
0.5200,  0.030222
0.5205,  0.025114
0.5210,  0.032300
0.5215,  0.041276
0.5220,  0.028254
0.5225,  0.014069
0.5230,  0.023263
0.5235,  0.030186
0.5240,  0.035760
0.5245,  0.043291
0.5250,  0.041541
0.5255,  0.043301
0.5260,  0.012179
0.5265,  -0.023663
0.5270,  0.002268
0.5275,  0.022239
0.5280,  0.026005
0.5285,  0.029787
0.5290,  0.028638
0.5295,  0.027938
0.5300,  0.030074
0.5305,  0.033716
0.5310,  0.036781
0.5315,  0.041931
0.5320,  0.019113
0.5325,  -0.007723
0.5330,  0.017367
0.5335,  0.039839
0.5340,  0.027768
0.5345,  0.015312
0.5350,  0.032377
0.5355,  0.049988
0.5360,  0.033423
0.5365,  0.018098
0.5370,  0.020851
0.5375,  0.023445
0.5380,  0.028685
0.5385,  0.035159
0.5390,  0.028437
0.5395,  0.022282
0.5400,  0.015681
0.5405,  0.007247
0.5410,  0.024831
0.5415,  0.040133
0.5420,  0.029978
0.5425,  0.020926
0.5430,  0.028942
0.5435,  0.035029
0.5440,  0.033315
0.5445,  0.032819
0.5450,  0.037024
0.5455,  0.040467
0.5460,  0.037363
0.5465,  0.035219
0.5470,  0.028716
0.5475,  0.021422
0.5480,  0.025172
0.5485,  0.028498
0.5490,  0.032520
0.5495,  0.037124
0.5500,  0.032440
0.5505,  0.028303
0.5510,  0.030310
0.5515,  0.032742
0.5520,  0.030191
0.5525,  0.027226
0.5530,  0.032176
0.5535,  0.035910
0.5540,  0.037474
0.5545,  0.038992
0.5550,  0.040145
0.5555,  0.042774
0.5560,  0.034542
0.5565,  0.026205
0.5570,  0.032168
0.5575,  0.039179
0.5580,  0.033804
0.5585,  0.027940
0.5590,  0.031779
0.5595,  0.033239
0.5600,  0.036935
0.5605,  0.040834
0.5610,  0.038304
0.5615,  0.034728
0.5620,  0.036985
0.5625,  0.040203
0.5630,  0.042222
0.5635,  0.044787
0.5640,  0.046123
0.5645,  0.048379
0.5650,  0.043051
0.5655,  0.035161
0.5660,  0.039028
0.5665,  0.042698
0.5670,  0.050643
0.5675,  0.060160
0.5680,  0.050153
0.5685,  0.039984
0.5690,  0.050027
0.5695,  0.059973
0.5700,  0.048567
0.5705,  0.034483
0.5710,  0.041409
0.5715,  0.045972
0.5720,  0.053120
0.5725,  0.061045
0.5730,  0.058578
0.5735,  0.057366
0.5740,  0.057439
0.5745,  0.057352
0.5750,  0.052690
0.5755,  0.046660
0.5760,  0.048725
0.5765,  0.051692
0.5770,  0.055357
0.5775,  0.058704
0.5780,  0.049070
0.5785,  0.037285
0.5790,  0.042204
0.5795,  0.046848
0.5800,  0.046414
0.5805,  0.046827
0.5810,  0.048004
0.5815,  0.049724
0.5820,  0.052623
0.5825,  0.054099
0.5830,  0.051238
0.5835,  0.049186
0.5840,  0.050952
0.5845,  0.054209
0.5850,  0.045581
0.5855,  0.036676
0.5860,  0.046542
0.5865,  0.056562
0.5870,  0.063478
0.5875,  0.074396
0.5880,  0.072510
0.5885,  0.069017
0.5890,  0.052549
0.5895,  0.029899
0.5900,  0.062884
0.5905,  0.092532
0.5910,  0.084436
0.5915,  0.075625
0.5920,  0.074166
0.5925,  0.074391
0.5930,  0.071173
0.5935,  0.071270
0.5940,  0.069255
0.5945,  0.066718
0.5950,  0.067798
0.5955,  0.068208
0.5960,  0.069414
0.5965,  0.070938
0.5970,  0.065400
0.5975,  0.062181
0.5980,  0.057773
0.5985,  0.054697
0.5990,  0.059588
0.5995,  0.064638
0.6000,  0.062311
0.6005,  0.060519
0.6010,  0.062375
0.6015,  0.061769
0.6020,  0.053607
0.6025,  0.044634
0.6030,  0.051429
0.6035,  0.061377
0.6040,  0.061812
0.6045,  0.063110
0.6050,  0.062038
0.6055,  0.059149
0.6060,  0.057780
0.6065,  0.056658
0.6070,  0.056470
0.6075,  0.057347
0.6080,  0.057487
0.6085,  0.058000
0.6090,  0.060116
0.6095,  0.061863
0.6100,  0.055908
0.6105,  0.048774
0.6110,  0.056879
0.6115,  0.065440
0.6120,  0.060732
0.6125,  0.056412
0.6130,  0.055191
0.6135,  0.053023
0.6140,  0.060641
0.6145,  0.068610
0.6150,  0.070989
0.6155,  0.072860
0.6160,  0.055714
0.6165,  0.035870
0.6170,  0.050806
0.6175,  0.067174
0.6180,  0.070899
0.6185,  0.074012
0.6190,  0.072233
0.6195,  0.068518
0.6200,  0.071879
0.6205,  0.077023
0.6210,  0.070643
0.6215,  0.064128
0.6220,  0.069204
0.6225,  0.075587
0.6230,  0.069442
0.6235,  0.065399
0.6240,  0.068197
0.6245,  0.069132
0.6250,  0.065563
0.6255,  0.060033
0.6260,  0.069500
0.6265,  0.081024
0.6270,  0.084010
0.6275,  0.085775
0.6280,  0.086662
0.6285,  0.089850
0.6290,  0.089677
0.6295,  0.088381
0.6300,  0.085226
0.6305,  0.081578
0.6310,  0.076239
0.6315,  0.073915
0.6320,  0.071656
0.6325,  0.071307
0.6330,  0.073294
0.6335,  0.074374
0.6340,  0.074748
0.6345,  0.075960
0.6350,  0.076333
0.6355,  0.077038
0.6360,  0.076328
0.6365,  0.073724
0.6370,  0.071308
0.6375,  0.070345
0.6380,  0.070563
0.6385,  0.071701
0.6390,  0.073237
0.6395,  0.073234
0.6400,  0.073584
0.6405,  0.072004
0.6410,  0.067511
0.6415,  0.066280
0.6420,  0.064526
0.6425,  0.062957
0.6430,  0.062537
0.6435,  0.063521
0.6440,  0.066659
0.6445,  0.072113
0.6450,  0.078370
0.6455,  0.080946
0.6460,  0.083324
0.6465,  0.085635
0.6470,  0.085431
0.6475,  0.082536
0.6480,  0.078644
0.6485,  0.075694
0.6490,  0.073041
0.6495,  0.075443
0.6500,  0.079201
0.6505,  0.085591
0.6510,  0.091864
0.6515,  0.090789
0.6520,  0.086206
0.6525,  0.081241
0.6530,  0.078989
0.6535,  0.074195
0.6540,  0.075355
0.6545,  0.081375
0.6550,  0.089228
0.6555,  0.088586
0.6560,  0.080011
0.6565,  0.061131
0.6570,  0.036818
0.6575,  0.042578
0.6580,  0.050563
0.6585,  0.060452
0.6590,  0.070533
0.6595,  0.068034
0.6600,  0.064659
0.6605,  0.062263
0.6610,  0.062891
0.6615,  0.062394
0.6620,  0.061489
0.6625,  0.060221
0.6630,  0.060074
0.6635,  0.061471
0.6640,  0.061381
0.6645,  0.061155
0.6650,  0.062145
0.6655,  0.061275
0.6660,  0.059676
0.6665,  0.058158
0.6670,  0.056497
0.6675,  0.057458
0.6680,  0.058010
0.6685,  0.060189
0.6690,  0.061325
0.6695,  0.060029
0.6700,  0.059497
0.6705,  0.059498
0.6710,  0.059957
0.6715,  0.060545
0.6720,  0.059203
0.6725,  0.058233
0.6730,  0.056766
0.6735,  0.056050
0.6740,  0.055287
0.6745,  0.054933
0.6750,  0.055263
0.6755,  0.056618
0.6760,  0.057748
0.6765,  0.058649
0.6770,  0.058401
0.6775,  0.059339
0.6780,  0.059263
0.6785,  0.060345
0.6790,  0.060688
0.6795,  0.059735
0.6800,  0.058874
0.6805,  0.060327
0.6810,  0.061086
0.6815,  0.061091
0.6820,  0.061142
0.6825,  0.061615
0.6830,  0.062797
0.6835,  0.064736
0.6840,  0.066457
0.6845,  0.068292
0.6850,  0.073651
0.6855,  0.090170
0.6860,  0.114900
0.6865,  0.138955
0.6870,  0.152554
0.6875,  0.153094
0.6880,  0.153412
0.6885,  0.148721
0.6890,  0.143510
0.6895,  0.137336
0.6900,  0.129801
0.6905,  0.122593
0.6910,  0.114763
0.6915,  0.111824
0.6920,  0.110832
0.6925,  0.113557
0.6930,  0.117034
0.6935,  0.118458
0.6940,  0.120158
0.6945,  0.117280
0.6950,  0.111394
0.6955,  0.103298
0.6960,  0.095623
0.6965,  0.089996
0.6970,  0.087295
0.6975,  0.091633
0.6980,  0.097440
0.6985,  0.103077
0.6990,  0.107697
0.6995,  0.109383
0.7000,  0.109326
0.7005,  0.108074
0.7010,  0.106266
0.7015,  0.107162
0.7020,  0.105845
0.7025,  0.103621
0.7030,  0.099701
0.7035,  0.099351
0.7040,  0.099795
0.7045,  0.102182
0.7050,  0.103715
0.7055,  0.101739
0.7060,  0.101125
0.7065,  0.097724
0.7070,  0.095267
0.7075,  0.094066
0.7080,  0.092180
0.7085,  0.087787
0.7090,  0.084544
0.7095,  0.083656
0.7100,  0.083753
0.7105,  0.084102
0.7110,  0.083830
0.7115,  0.082027
0.7120,  0.081514
0.7125,  0.084426
0.7130,  0.086265
0.7135,  0.089052
0.7140,  0.091170
0.7145,  0.093035
0.7150,  0.099469
0.7155,  0.113937
0.7160,  0.136861
0.7165,  0.160953
0.7170,  0.187506
0.7175,  0.211066
0.7180,  0.228882
0.7185,  0.239112
0.7190,  0.243647
0.7195,  0.241648
0.7200,  0.226339
0.7205,  0.203401
0.7210,  0.179741
0.7215,  0.164611
0.7220,  0.165693
0.7225,  0.175152
0.7230,  0.188917
0.7235,  0.202495
0.7240,  0.214096
0.7245,  0.222464
0.7250,  0.225142
0.7255,  0.221494
0.7260,  0.217804
0.7265,  0.214587
0.7270,  0.213294
0.7275,  0.208721
0.7280,  0.207313
0.7285,  0.203245
0.7290,  0.198893
0.7295,  0.196273
0.7300,  0.194970
0.7305,  0.190125
0.7310,  0.183744
0.7315,  0.173016
0.7320,  0.160186
0.7325,  0.145746
0.7330,  0.132091
0.7335,  0.122773
0.7340,  0.116823
0.7345,  0.113295
0.7350,  0.113561
0.7355,  0.111842
0.7360,  0.112569
0.7365,  0.111439
0.7370,  0.109200
0.7375,  0.102994
0.7380,  0.099229
0.7385,  0.099338
0.7390,  0.093433
0.7395,  0.086651
0.7400,  0.082496
0.7405,  0.079337
0.7410,  0.076283
0.7415,  0.077930
0.7420,  0.082841
0.7425,  0.085287
0.7430,  0.085720
0.7435,  0.083147
0.7440,  0.081185
0.7445,  0.080159
0.7450,  0.077430
0.7455,  0.077671
0.7460,  0.075780
0.7465,  0.076622
0.7470,  0.076209
0.7475,  0.074036
0.7480,  0.075568
0.7485,  0.077773
0.7490,  0.078612
0.7495,  0.079347
0.7500,  0.080753
0.7505,  0.082273
0.7510,  0.081618
0.7515,  0.081856
0.7520,  0.079803
0.7525,  0.076313
0.7530,  0.073999
0.7535,  0.074063
0.7540,  0.074626
0.7545,  0.073085
0.7550,  0.076310
0.7555,  0.076874
0.7560,  0.075765
0.7565,  0.072933
0.7570,  0.074048
0.7575,  0.081153
0.7580,  0.103047
0.7585,  0.151239
0.7590,  0.231453
0.7595,  0.344359
0.7600,  0.445314
0.7605,  0.496502
0.7610,  0.494531
0.7615,  0.474621
0.7620,  0.456561
0.7625,  0.453955
0.7630,  0.442442
0.7635,  0.414840
0.7640,  0.375320
0.7645,  0.334501
0.7650,  0.291574
0.7655,  0.246589
0.7660,  0.207182
0.7665,  0.173951
0.7670,  0.145602
0.7675,  0.128493
0.7680,  0.116585
0.7685,  0.107689
0.7690,  0.100700
0.7695,  0.097048
0.7700,  0.092489
0.7705,  0.087534
0.7710,  0.083590
0.7715,  0.084500
0.7720,  0.082710
0.7725,  0.081225
0.7730,  0.082131
0.7735,  0.082622
0.7740,  0.081071
0.7745,  0.075559
0.7750,  0.070866
0.7755,  0.071181
0.7760,  0.070359
0.7765,  0.072266
0.7770,  0.075273
0.7775,  0.073531
0.7780,  0.073757
0.7785,  0.076454
0.7790,  0.077970
0.7795,  0.078225
0.7800,  0.077460
0.7805,  0.077634
0.7810,  0.076029
0.7815,  0.073010
0.7820,  0.071552
0.7825,  0.069771
0.7830,  0.070323
0.7835,  0.069962
0.7840,  0.072096
0.7845,  0.074822
0.7850,  0.076114
0.7855,  0.073825
0.7860,  0.071560
0.7865,  0.074557
0.7870,  0.076730
0.7875,  0.078897
0.7880,  0.079874
0.7885,  0.084038
0.7890,  0.089094
0.7895,  0.090604
0.7900,  0.088742
0.7905,  0.090006
0.7910,  0.085125
0.7915,  0.086017
0.7920,  0.088229
0.7925,  0.090006
0.7930,  0.088262
0.7935,  0.088034
0.7940,  0.086845
0.7945,  0.086496
0.7950,  0.089478
0.7955,  0.094483
0.7960,  0.099140
0.7965,  0.099397
0.7970,  0.097447
0.7975,  0.093929
0.7980,  0.091717
0.7985,  0.092968
0.7990,  0.092549
0.7995,  0.096969
0.8000,  0.101911
0.8005,  0.104044
0.8010,  0.106178
0.8015,  0.106643
0.8020,  0.104302
0.8025,  0.105989
0.8030,  0.104130
0.8035,  0.100691
0.8040,  0.099005
0.8045,  0.095637
0.8050,  0.092918
0.8055,  0.089850
0.8060,  0.084868
0.8065,  0.084691
0.8070,  0.086992
0.8075,  0.084503
0.8080,  0.088529
0.8085,  0.089803
0.8090,  0.089045
0.8095,  0.094721
0.8100,  0.100626
0.8105,  0.106311
0.8110,  0.116246
0.8115,  0.124402
0.8120,  0.131839
0.8125,  0.146211
0.8130,  0.163834
0.8135,  0.182228
0.8140,  0.203421
0.8145,  0.216905
0.8150,  0.230997
0.8155,  0.238896
0.8160,  0.242208
0.8165,  0.246177
0.8170,  0.242040
0.8175,  0.230965
0.8180,  0.228437
0.8185,  0.224392
0.8190,  0.210216
0.8195,  0.195524
0.8200,  0.179934
0.8205,  0.169439
0.8210,  0.179442
0.8215,  0.198264
0.8220,  0.224052
0.8225,  0.241858
0.8230,  0.233138
0.8235,  0.209332
0.8240,  0.186874
0.8245,  0.173649
0.8250,  0.163464
0.8255,  0.159320
0.8260,  0.158699
0.8265,  0.164983
0.8270,  0.172151
0.8275,  0.178656
0.8280,  0.185010
0.8285,  0.182434
0.8290,  0.181130
0.8295,  0.177653
0.8300,  0.170697
0.8305,  0.165091
0.8310,  0.162415
0.8315,  0.161443
0.8320,  0.158016
0.8325,  0.156137
0.8330,  0.148266
0.8335,  0.138918
0.8340,  0.128744
0.8345,  0.117979
0.8350,  0.116551
0.8355,  0.117710
0.8360,  0.118809
0.8365,  0.114225
0.8370,  0.108465
0.8375,  0.100171
0.8380,  0.094343
0.8385,  0.090782
0.8390,  0.089401
0.8395,  0.088311
0.8400,  0.087228
0.8405,  0.083834
0.8410,  0.082773
0.8415,  0.080329
0.8420,  0.074581
0.8425,  0.069628
0.8430,  0.071158
0.8435,  0.071413
0.8440,  0.067954
0.8445,  0.065064
0.8450,  0.060824
0.8455,  0.060215
0.8460,  0.061063
0.8465,  0.069523
0.8470,  0.073601
0.8475,  0.073872
0.8480,  0.073697
0.8485,  0.074056
0.8490,  0.075348
0.8495,  0.073966
0.8500,  0.065927
0.8505,  0.067621
0.8510,  0.067472
0.8515,  0.070280
0.8520,  0.077309
0.8525,  0.071405
0.8530,  0.072786
0.8535,  0.069001
0.8540,  0.055416
0.8545,  0.065787
0.8550,  0.063341
0.8555,  0.060983
0.8560,  0.065606
0.8565,  0.061300
0.8570,  0.059821
0.8575,  0.064839
0.8580,  0.071767
0.8585,  0.074608
0.8590,  0.069209
0.8595,  0.067605
0.8600,  0.065001
0.8605,  0.065162
0.8610,  0.063059
0.8615,  0.061364
0.8620,  0.063445
0.8625,  0.066374
0.8630,  0.065233
0.8635,  0.063151
0.8640,  0.066500
0.8645,  0.063489
0.8650,  0.066592
0.8655,  0.067449
0.8660,  0.051569
0.8665,  0.051056
0.8670,  0.042566
0.8675,  0.040268
0.8680,  0.044382
0.8685,  0.049713
0.8690,  0.060361
0.8695,  0.069701
0.8700,  0.068841
0.8705,  0.066833
0.8710,  0.071686
0.8715,  0.073219
0.8720,  0.074791
0.8725,  0.072801
0.8730,  0.071201
0.8735,  0.067608
0.8740,  0.066579
0.8745,  0.065232
0.8750,  0.061199
0.8755,  0.061910
0.8760,  0.063651
0.8765,  0.061485
0.8770,  0.066881
0.8775,  0.069378
0.8780,  0.070544
0.8785,  0.069250
0.8790,  0.072538
0.8795,  0.071935
0.8800,  0.067389
0.8805,  0.067371
0.8810,  0.075278
0.8815,  0.077948
0.8820,  0.073875
0.8825,  0.065899
0.8830,  0.057896
0.8835,  0.057250
0.8840,  0.057180
0.8845,  0.056980
0.8850,  0.054902
0.8855,  0.064449
0.8860,  0.064844
0.8865,  0.065727
0.8870,  0.067044
0.8875,  0.067510
0.8880,  0.068780
0.8885,  0.063935
0.8890,  0.065339
0.8895,  0.067970
0.8900,  0.076411
