0.3500,  1.397686
0.3505,  1.484022
0.3510,  1.427600
0.3515,  1.385964
0.3520,  1.306504
0.3525,  1.209999
0.3530,  1.189780
0.3535,  1.177168
0.3540,  1.173553
0.3545,  1.171822
0.3550,  1.147179
0.3555,  1.135166
0.3560,  1.122634
0.3565,  1.141237
0.3570,  1.158641
0.3575,  1.190686
0.3580,  1.183023
0.3585,  1.125966
0.3590,  1.279679
0.3595,  1.393962
0.3600,  1.344075
0.3605,  1.310738
0.3610,  1.242233
0.3615,  1.130629
0.3620,  1.153485
0.3625,  1.176043
0.3630,  1.151754
0.3635,  1.121005
0.3640,  1.093303
0.3645,  1.067117
0.3650,  1.093189
0.3655,  1.112669
0.3660,  1.094786
0.3665,  1.083722
0.3670,  1.022811
0.3675,  0.966368
0.3680,  0.899278
0.3685,  0.840603
0.3690,  0.877980
0.3695,  0.923889
0.3700,  0.895944
0.3705,  0.883680
0.3710,  0.920518
0.3715,  0.958631
0.3720,  0.944316
0.3725,  0.922979
0.3730,  0.892960
0.3735,  0.864078
0.3740,  0.889500
0.3745,  0.904726
0.3750,  0.982201
0.3755,  1.025331
0.3760,  0.985850
0.3765,  0.946756
0.3770,  0.980989
0.3775,  1.011793
0.3780,  0.999900
0.3785,  1.004920
0.3790,  0.902564
0.3795,  0.790330
0.3800,  0.845567
0.3805,  0.898229
0.3810,  0.860783
0.3815,  0.849210
0.3820,  0.792223
0.3825,  0.722461
0.3830,  0.731889
0.3835,  0.715779
0.3840,  0.905632
0.3845,  1.053106
0.3850,  1.070089
0.3855,  1.079368
0.3860,  1.056883
0.3865,  1.036986
0.3870,  1.021107
0.3875,  0.995601
0.3880,  0.951274
0.3885,  0.897615
0.3890,  0.929075
0.3895,  0.945159
0.3900,  0.913166
0.3905,  0.883844
0.3910,  0.885891
0.3915,  0.924765
0.3920,  0.838633
0.3925,  0.760383
0.3930,  0.619391
0.3935,  0.394127
0.3940,  0.714189
0.3945,  0.916935
0.3950,  1.000552
0.3955,  1.083245
0.3960,  0.895318
0.3965,  0.662025
0.3970,  0.671181
0.3975,  0.660737
0.3980,  0.851109
0.3985,  0.971295
0.3990,  0.932875
0.3995,  0.907235
0.4000,  0.856192
0.4005,  0.806163
0.4010,  0.772650
0.4015,  0.743862
0.4020,  0.706723
0.4025,  0.682700
0.4030,  0.644744
0.4035,  0.610651
0.4040,  0.598083
0.4045,  0.592194
0.4050,  0.593134
0.4055,  0.598585
0.4060,  0.586429
0.4065,  0.574887
0.4070,  0.593228
0.4075,  0.606736
0.4080,  0.636477
0.4085,  0.661101
0.4090,  0.648900
0.4095,  0.636891
0.4100,  0.579376
0.4105,  0.517427
0.4110,  0.584615
0.4115,  0.644021
0.4120,  0.625123
0.4125,  0.605140
0.4130,  0.588935
0.4135,  0.583300
0.4140,  0.579026
0.4145,  0.569705
0.4150,  0.565072
0.4155,  0.558556
0.4160,  0.577518
0.4165,  0.602090
0.4170,  0.559278
0.4175,  0.509861
0.4180,  0.517169
0.4185,  0.529120
0.4190,  0.542030
0.4195,  0.552985
0.4200,  0.575287
0.4205,  0.591956
0.4210,  0.596149
0.4215,  0.606653
0.4220,  0.555682
0.4225,  0.500957
0.4230,  0.537181
0.4235,  0.571488
0.4240,  0.575563
0.4245,  0.585531
0.4250,  0.567736
0.4255,  0.550329
0.4260,  0.555992
0.4265,  0.564534
0.4270,  0.541395
0.4275,  0.519295
0.4280,  0.533730
0.4285,  0.555212
0.4290,  0.543908
0.4295,  0.532020
0.4300,  0.442525
0.4305,  0.328195
0.4310,  0.528006
0.4315,  0.671187
0.4320,  0.635273
0.4325,  0.595440
0.4330,  0.593813
0.4335,  0.595527
0.4340,  0.567960
0.4345,  0.541410
0.4350,  0.544689
0.4355,  0.542141
0.4360,  0.574664
0.4365,  0.609846
0.4370,  0.570892
0.4375,  0.540325
0.4380,  0.486197
0.4385,  0.424448
0.4390,  0.496645
0.4395,  0.559801
0.4400,  0.528750
0.4405,  0.493406
0.4410,  0.538527
0.4415,  0.578967
0.4420,  0.578409
0.4425,  0.574845
0.4430,  0.543796
0.4435,  0.515685
0.4440,  0.520684
0.4445,  0.527100
0.4450,  0.488559
0.4455,  0.446013
0.4460,  0.461793
0.4465,  0.476589
0.4470,  0.512870
0.4475,  0.547425
0.4480,  0.521312
0.4485,  0.492080
0.4490,  0.496546
0.4495,  0.495230
0.4500,  0.503161
0.4505,  0.516109
0.4510,  0.503428
0.4515,  0.491886
0.4520,  0.458190
0.4525,  0.427027
0.4530,  0.440936
0.4535,  0.456375
0.4540,  0.467242
0.4545,  0.472654
0.4550,  0.480148
0.4555,  0.488630
0.4560,  0.489578
0.4565,  0.490964
0.4570,  0.489784
0.4575,  0.493825
0.4580,  0.468820
0.4585,  0.442461
0.4590,  0.450374
0.4595,  0.455868
0.4600,  0.460777
0.4605,  0.463113
0.4610,  0.462354
0.4615,  0.462109
0.4620,  0.469587
0.4625,  0.479482
0.4630,  0.466651
0.4635,  0.458611
0.4640,  0.450955
0.4645,  0.439534
0.4650,  0.455713
0.4655,  0.475745
0.4660,  0.449723
0.4665,  0.424920
0.4670,  0.449655
0.4675,  0.475530
0.4680,  0.469062
0.4685,  0.469296
0.4690,  0.471195
0.4695,  0.477505
0.4700,  0.454845
0.4705,  0.426842
0.4710,  0.456188
0.4715,  0.484200
0.4720,  0.481708
0.4725,  0.479947
0.4730,  0.465359
0.4735,  0.451532
0.4740,  0.459289
0.4745,  0.467998
0.4750,  0.456256
0.4755,  0.444452
0.4760,  0.427758
0.4765,  0.413418
0.4770,  0.438832
0.4775,  0.462124
0.4780,  0.441651
0.4785,  0.423316
0.4790,  0.435665
0.4795,  0.445647
0.4800,  0.433537
0.4805,  0.425157
0.4810,  0.436133
0.4815,  0.445016
0.4820,  0.426130
0.4825,  0.411647
0.4830,  0.410721
0.4835,  0.415220
0.4840,  0.413171
0.4845,  0.416625
0.4850,  0.402893
0.4855,  0.388382
0.4860,  0.353622
0.4865,  0.307011
0.4870,  0.363572
0.4875,  0.411368
0.4880,  0.424298
0.4885,  0.433381
0.4890,  0.433141
0.4895,  0.432384
0.4900,  0.430740
0.4905,  0.434566
0.4910,  0.407366
0.4915,  0.381123
0.4920,  0.382090
0.4925,  0.380922
0.4930,  0.374114
0.4935,  0.364704
0.4940,  0.397296
0.4945,  0.429815
0.4950,  0.394082
0.4955,  0.358074
0.4960,  0.374394
0.4965,  0.391607
0.4970,  0.392528
0.4975,  0.394964
0.4980,  0.362410
0.4985,  0.328039
0.4990,  0.356348
0.4995,  0.384674
0.5000,  0.363687
0.5005,  0.342211
0.5010,  0.337768
0.5015,  0.328444
0.5020,  0.348103
0.5025,  0.366538
0.5030,  0.374769
0.5035,  0.380326
0.5040,  0.361730
0.5045,  0.342031
0.5050,  0.364642
0.5055,  0.387465
0.5060,  0.375149
0.5065,  0.365043
0.5070,  0.353122
0.5075,  0.341681
0.5080,  0.346415
0.5085,  0.348645
0.5090,  0.345329
0.5095,  0.342023
0.5100,  0.346217
0.5105,  0.350886
0.5110,  0.361955
0.5115,  0.371166
0.5120,  0.341636
0.5125,  0.314996
0.5130,  0.322084
0.5135,  0.326162
0.5140,  0.335671
0.5145,  0.340506
0.5150,  0.348228
0.5155,  0.361039
0.5160,  0.319119
0.5165,  0.275884
0.5170,  0.305825
0.5175,  0.330336
0.5180,  0.314473
0.5185,  0.291109
0.5190,  0.330262
0.5195,  0.365362
0.5200,  0.355530
0.5205,  0.345701
0.5210,  0.355445
0.5215,  0.367434
0.5220,  0.342766
0.5225,  0.317174
0.5230,  0.331979
0.5235,  0.341931
0.5240,  0.350461
0.5245,  0.361307
0.5250,  0.355129
0.5255,  0.354927
0.5260,  0.303618
0.5265,  0.247658
0.5270,  0.293743
0.5275,  0.329594
0.5280,  0.337527
0.5285,  0.344427
0.5290,  0.339815
0.5295,  0.335046
0.5300,  0.335414
0.5305,  0.336448
0.5310,  0.337847
0.5315,  0.344041
0.5320,  0.304316
0.5325,  0.262588
0.5330,  0.307366
0.5335,  0.346495
0.5340,  0.328455
0.5345,  0.309434
0.5350,  0.337292
0.5355,  0.363068
0.5360,  0.331753
0.5365,  0.301947
0.5370,  0.303458
0.5375,  0.306769
0.5380,  0.314694
0.5385,  0.326707
0.5390,  0.314708
0.5395,  0.305128
0.5400,  0.296410
0.5405,  0.285714
0.5410,  0.315818
0.5415,  0.341885
0.5420,  0.323863
0.5425,  0.305013
0.5430,  0.315004
0.5435,  0.325136
0.5440,  0.323749
0.5445,  0.323401
0.5450,  0.329414
0.5455,  0.332928
0.5460,  0.328401
0.5465,  0.323365
0.5470,  0.313932
0.5475,  0.303563
0.5480,  0.309376
0.5485,  0.314420
0.5490,  0.321243
0.5495,  0.329347
0.5500,  0.321897
0.5505,  0.314662
0.5510,  0.315619
0.5515,  0.317048
0.5520,  0.312219
0.5525,  0.307272
0.5530,  0.316700
0.5535,  0.326280
0.5540,  0.328984
0.5545,  0.330491
0.5550,  0.330904
0.5555,  0.333055
0.5560,  0.317944
0.5565,  0.302222
0.5570,  0.310234
0.5575,  0.322206
0.5580,  0.313558
0.5585,  0.303976
0.5590,  0.312421
0.5595,  0.319131
0.5600,  0.327605
0.5605,  0.334584
0.5610,  0.329610
0.5615,  0.322505
0.5620,  0.325416
0.5625,  0.330064
0.5630,  0.331715
0.5635,  0.335125
0.5640,  0.335888
0.5645,  0.337702
0.5650,  0.329070
0.5655,  0.317233
0.5660,  0.323664
0.5665,  0.329464
0.5670,  0.341372
0.5675,  0.355486
0.5680,  0.338202
0.5685,  0.321496
0.5690,  0.336429
0.5695,  0.352176
0.5700,  0.333813
0.5705,  0.311912
0.5710,  0.322494
0.5715,  0.329472
0.5720,  0.340315
0.5725,  0.351850
0.5730,  0.345631
0.5735,  0.340995
0.5740,  0.340122
0.5745,  0.339086
0.5750,  0.328768
0.5755,  0.317645
0.5760,  0.320874
0.5765,  0.324086
0.5770,  0.327241
0.5775,  0.331817
0.5780,  0.312151
0.5785,  0.295284
0.5790,  0.307881
0.5795,  0.319143
0.5800,  0.322235
0.5805,  0.324422
0.5810,  0.326648
0.5815,  0.327992
0.5820,  0.330789
0.5825,  0.332937
0.5830,  0.326621
0.5835,  0.320999
0.5840,  0.320587
0.5845,  0.326125
0.5850,  0.314240
0.5855,  0.299771
0.5860,  0.313646
0.5865,  0.327610
0.5870,  0.337791
0.5875,  0.353170
0.5880,  0.345483
0.5885,  0.338184
0.5890,  0.317321
0.5895,  0.286757
0.5900,  0.342101
0.5905,  0.389959
0.5910,  0.378136
0.5915,  0.364004
0.5920,  0.360296
0.5925,  0.358982
0.5930,  0.352525
0.5935,  0.352297
0.5940,  0.347507
0.5945,  0.342346
0.5950,  0.347652
0.5955,  0.347939
0.5960,  0.348138
0.5965,  0.352135
0.5970,  0.345784
0.5975,  0.338397
0.5980,  0.330658
0.5985,  0.327253
0.5990,  0.338692
0.5995,  0.348067
0.6000,  0.344765
0.6005,  0.342835
0.6010,  0.346642
0.6015,  0.345372
0.6020,  0.331491
0.6025,  0.317902
0.6030,  0.329585
0.6035,  0.342617
0.6040,  0.339693
0.6045,  0.340638
0.6050,  0.341322
0.6055,  0.338515
0.6060,  0.335207
0.6065,  0.333311
0.6070,  0.334003
0.6075,  0.337437
0.6080,  0.340859
0.6085,  0.339853
0.6090,  0.343193
0.6095,  0.345275
0.6100,  0.335719
0.6105,  0.324158
0.6110,  0.335296
0.6115,  0.347981
0.6120,  0.340708
0.6125,  0.333915
0.6130,  0.332994
0.6135,  0.331198
0.6140,  0.341214
0.6145,  0.349523
0.6150,  0.351103
0.6155,  0.353722
0.6160,  0.326060
0.6165,  0.293528
0.6170,  0.319802
0.6175,  0.346744
0.6180,  0.353026
0.6185,  0.362577
0.6190,  0.361395
0.6195,  0.358108
0.6200,  0.364275
0.6205,  0.367423
0.6210,  0.353450
0.6215,  0.341749
0.6220,  0.348465
0.6225,  0.356263
0.6230,  0.348009
0.6235,  0.345114
0.6240,  0.352360
0.6245,  0.357194
0.6250,  0.355860
0.6255,  0.351795
0.6260,  0.368975
0.6265,  0.384638
0.6270,  0.384192
0.6275,  0.384196
0.6280,  0.385819
0.6285,  0.387895
0.6290,  0.387481
0.6295,  0.387242
0.6300,  0.382417
0.6305,  0.376559
0.6310,  0.370886
0.6315,  0.369871
0.6320,  0.365891
0.6325,  0.365276
0.6330,  0.365388
0.6335,  0.363993
0.6340,  0.365664
0.6345,  0.367425
0.6350,  0.368103
0.6355,  0.367726
0.6360,  0.366899
0.6365,  0.362477
0.6370,  0.360131
0.6375,  0.357563
0.6380,  0.359374
0.6385,  0.363524
0.6390,  0.367514
0.6395,  0.369539
0.6400,  0.371185
0.6405,  0.371546
0.6410,  0.366094
0.6415,  0.365131
0.6420,  0.362604
0.6425,  0.357905
0.6430,  0.354508
0.6435,  0.356687
0.6440,  0.359138
0.6445,  0.367981
0.6450,  0.382917
0.6455,  0.389880
0.6460,  0.393101
0.6465,  0.396336
0.6470,  0.394029
0.6475,  0.384501
0.6480,  0.379979
0.6485,  0.374201
0.6490,  0.373988
0.6495,  0.384242
0.6500,  0.391470
0.6505,  0.397815
0.6510,  0.405004
0.6515,  0.404694
0.6520,  0.401474
0.6525,  0.395416
0.6530,  0.389891
0.6535,  0.377267
0.6540,  0.368035
0.6545,  0.368818
0.6550,  0.382672
0.6555,  0.388610
0.6560,  0.384587
0.6565,  0.366103
0.6570,  0.332688
0.6575,  0.343220
0.6580,  0.353654
0.6585,  0.366515
0.6590,  0.380782
0.6595,  0.374558
0.6600,  0.366571
0.6605,  0.360642
0.6610,  0.358305
0.6615,  0.354036
0.6620,  0.351224
0.6625,  0.352253
0.6630,  0.356685
0.6635,  0.362047
0.6640,  0.364020
0.6645,  0.364545
0.6650,  0.364267
0.6655,  0.357458
0.6660,  0.352354
0.6665,  0.349962
0.6670,  0.347086
0.6675,  0.352011
0.6680,  0.350805
0.6685,  0.355281
0.6690,  0.361156
0.6695,  0.361076
0.6700,  0.361175
0.6705,  0.360331
0.6710,  0.359198
0.6715,  0.363670
0.6720,  0.365641
0.6725,  0.362983
0.6730,  0.359771
0.6735,  0.355277
0.6740,  0.354467
0.6745,  0.352042
0.6750,  0.354165
0.6755,  0.363340
0.6760,  0.371462
0.6765,  0.377910
0.6770,  0.382279
0.6775,  0.383326
0.6780,  0.383209
0.6785,  0.380310
0.6790,  0.376488
0.6795,  0.372932
0.6800,  0.373003
0.6805,  0.375239
0.6810,  0.375622
0.6815,  0.379099
0.6820,  0.381687
0.6825,  0.386834
0.6830,  0.394702
0.6835,  0.397847
0.6840,  0.395024
0.6845,  0.390295
0.6850,  0.395086
0.6855,  0.412830
0.6860,  0.448522
0.6865,  0.494898
0.6870,  0.541139
0.6875,  0.570093
0.6880,  0.571656
0.6885,  0.561320
0.6890,  0.554371
0.6895,  0.544958
0.6900,  0.529793
0.6905,  0.515376
0.6910,  0.497468
0.6915,  0.489694
0.6920,  0.482459
0.6925,  0.480143
0.6930,  0.484815
0.6935,  0.487734
0.6940,  0.496362
0.6945,  0.496118
0.6950,  0.492363
0.6955,  0.483090
0.6960,  0.474149
0.6965,  0.465589
0.6970,  0.456297
0.6975,  0.457557
0.6980,  0.463364
0.6985,  0.473970
0.6990,  0.489048
0.6995,  0.493196
0.7000,  0.487437
0.7005,  0.482805
0.7010,  0.481490
0.7015,  0.483609
0.7020,  0.484865
0.7025,  0.487362
0.7030,  0.485614
0.7035,  0.486688
0.7040,  0.488421
0.7045,  0.491974
0.7050,  0.491826
0.7055,  0.486369
0.7060,  0.481623
0.7065,  0.477700
0.7070,  0.473198
0.7075,  0.465400
0.7080,  0.460494
0.7085,  0.456561
0.7090,  0.451928
0.7095,  0.451891
0.7100,  0.452863
0.7105,  0.452773
0.7110,  0.458541
0.7115,  0.465290
0.7120,  0.470385
0.7125,  0.472259
0.7130,  0.472018
0.7135,  0.469373
0.7140,  0.479460
0.7145,  0.489756
0.7150,  0.500157
0.7155,  0.519270
0.7160,  0.554964
0.7165,  0.594130
0.7170,  0.642271
0.7175,  0.693190
0.7180,  0.743135
0.7185,  0.788510
0.7190,  0.810980
0.7195,  0.819051
0.7200,  0.795447
0.7205,  0.750423
0.7210,  0.705491
0.7215,  0.667542
0.7220,  0.655222
0.7225,  0.656796
0.7230,  0.680716
0.7235,  0.712490
0.7240,  0.741919
0.7245,  0.750608
0.7250,  0.751246
0.7255,  0.745655
0.7260,  0.744493
0.7265,  0.750233
0.7270,  0.754394
0.7275,  0.738845
0.7280,  0.735925
0.7285,  0.731673
0.7290,  0.725189
0.7295,  0.720929
0.7300,  0.720033
0.7305,  0.717262
0.7310,  0.703713
0.7315,  0.684561
0.7320,  0.657238
0.7325,  0.642826
0.7330,  0.617783
0.7335,  0.600005
0.7340,  0.593216
0.7345,  0.589183
0.7350,  0.583588
0.7355,  0.587386
0.7360,  0.585874
0.7365,  0.583672
0.7370,  0.583884
0.7375,  0.576298
0.7380,  0.562735
0.7385,  0.556139
0.7390,  0.554223
0.7395,  0.551328
0.7400,  0.546674
0.7405,  0.542182
0.7410,  0.539713
0.7415,  0.542412
0.7420,  0.540838
0.7425,  0.534934
0.7430,  0.525728
0.7435,  0.520579
0.7440,  0.519879
0.7445,  0.521403
0.7450,  0.525374
0.7455,  0.523991
0.7460,  0.520841
0.7465,  0.525674
0.7470,  0.529902
0.7475,  0.526771
0.7480,  0.526731
0.7485,  0.526840
0.7490,  0.531275
0.7495,  0.527959
0.7500,  0.522427
0.7505,  0.521056
0.7510,  0.524422
0.7515,  0.531437
0.7520,  0.530842
0.7525,  0.535921
0.7530,  0.537431
0.7535,  0.544457
0.7540,  0.542488
0.7545,  0.531962
0.7550,  0.522678
0.7555,  0.521339
0.7560,  0.527588
0.7565,  0.537859
0.7570,  0.551609
0.7575,  0.568521
0.7580,  0.602822
0.7585,  0.682709
0.7590,  0.838052
0.7595,  1.072900
0.7600,  1.380852
0.7605,  1.662968
0.7610,  1.784379
0.7615,  1.735049
0.7620,  1.642833
0.7625,  1.628014
0.7630,  1.628396
0.7635,  1.578064
0.7640,  1.480497
0.7645,  1.363775
0.7650,  1.237806
0.7655,  1.109554
0.7660,  0.993172
0.7665,  0.889568
0.7670,  0.808958
0.7675,  0.754847
0.7680,  0.709088
0.7685,  0.676674
0.7690,  0.656176
0.7695,  0.643760
0.7700,  0.628696
0.7705,  0.620012
0.7710,  0.617367
0.7715,  0.612390
0.7720,  0.608604
0.7725,  0.606038
0.7730,  0.599786
0.7735,  0.595323
0.7740,  0.599241
0.7745,  0.602487
0.7750,  0.611588
0.7755,  0.605094
0.7760,  0.602206
0.7765,  0.606122
0.7770,  0.609348
0.7775,  0.604484
0.7780,  0.599315
0.7785,  0.598983
0.7790,  0.590405
0.7795,  0.604692
0.7800,  0.623190
0.7805,  0.631843
0.7810,  0.635371
0.7815,  0.644268
0.7820,  0.647158
0.7825,  0.641012
0.7830,  0.640545
0.7835,  0.644897
0.7840,  0.647328
0.7845,  0.655150
0.7850,  0.665500
0.7855,  0.667509
0.7860,  0.664438
0.7865,  0.673379
0.7870,  0.684813
0.7875,  0.693926
0.7880,  0.702699
0.7885,  0.710977
0.7890,  0.719882
0.7895,  0.728203
0.7900,  0.720824
0.7905,  0.733206
0.7910,  0.734744
0.7915,  0.741413
0.7920,  0.752313
0.7925,  0.772589
0.7930,  0.757440
0.7935,  0.744962
0.7940,  0.724307
0.7945,  0.706237
0.7950,  0.704024
0.7955,  0.708391
0.7960,  0.712670
0.7965,  0.715978
0.7970,  0.715397
0.7975,  0.716489
0.7980,  0.725470
0.7985,  0.730039
0.7990,  0.736871
0.7995,  0.751198
0.8000,  0.763319
0.8005,  0.773594
0.8010,  0.775329
0.8015,  0.774408
0.8020,  0.776398
0.8025,  0.778704
0.8030,  0.767868
0.8035,  0.767295
0.8040,  0.762531
0.8045,  0.777737
0.8050,  0.774958
0.8055,  0.766676
0.8060,  0.781290
0.8065,  0.769035
0.8070,  0.768695
0.8075,  0.766729
0.8080,  0.766174
0.8085,  0.773681
0.8090,  0.790281
0.8095,  0.821043
0.8100,  0.841876
0.8105,  0.863926
0.8110,  0.877353
0.8115,  0.882493
0.8120,  0.900731
0.8125,  0.964117
0.8130,  1.022963
0.8135,  1.064651
0.8140,  1.100470
0.8145,  1.169257
0.8150,  1.224030
0.8155,  1.298948
0.8160,  1.381355
0.8165,  1.424783
0.8170,  1.430034
0.8175,  1.397891
0.8180,  1.352321
0.8185,  1.324578
0.8190,  1.268568
0.8195,  1.223898
0.8200,  1.170862
0.8205,  1.134489
0.8210,  1.130068
0.8215,  1.175641
0.8220,  1.274122
0.8225,  1.378844
0.8230,  1.436802
0.8235,  1.388673
0.8240,  1.289102
0.8245,  1.218618
0.8250,  1.151705
0.8255,  1.119348
0.8260,  1.123360
0.8265,  1.112427
0.8270,  1.143962
0.8275,  1.174544
0.8280,  1.206903
0.8285,  1.219609
0.8290,  1.183799
0.8295,  1.149631
0.8300,  1.134429
0.8305,  1.132267
0.8310,  1.152875
0.8315,  1.175466
0.8320,  1.204599
0.8325,  1.236934
0.8330,  1.229442
0.8335,  1.216546
0.8340,  1.162458
0.8345,  1.117297
0.8350,  1.090670
0.8355,  1.066317
0.8360,  1.032557
0.8365,  1.037054
0.8370,  1.057661
0.8375,  1.058650
0.8380,  1.030862
0.8385,  1.020312
0.8390,  1.020012
0.8395,  1.019626
0.8400,  1.000639
0.8405,  1.005069
0.8410,  1.020616
0.8415,  1.013934
0.8420,  1.036140
0.8425,  1.052128
0.8430,  1.046633
0.8435,  1.073422
0.8440,  1.074376
0.8445,  1.046578
0.8450,  1.020143
0.8455,  0.996006
0.8460,  1.015440
0.8465,  1.029236
0.8470,  1.036286
0.8475,  1.047800
0.8480,  1.076787
0.8485,  1.089950
0.8490,  1.112955
0.8495,  1.134493
0.8500,  1.151085
0.8505,  1.186412
0.8510,  1.159429
0.8515,  1.163342
0.8520,  1.169362
0.8525,  1.167959
0.8530,  1.190455
0.8535,  1.231882
0.8540,  1.270013
0.8545,  1.348420
0.8550,  1.329596
0.8555,  1.262292
0.8560,  1.219035
0.8565,  1.180821
0.8570,  1.191603
0.8575,  1.207284
0.8580,  1.205456
0.8585,  1.189288
0.8590,  1.221513
0.8595,  1.236817
0.8600,  1.232625
0.8605,  1.222641
0.8610,  1.175281
0.8615,  1.174478
0.8620,  1.188121
0.8625,  1.235123
0.8630,  1.250400
0.8635,  1.265517
0.8640,  1.252943
0.8645,  1.274959
0.8650,  1.371595
0.8655,  1.503041
0.8660,  1.631267
0.8665,  1.579710
0.8670,  1.522508
0.8675,  1.485557
0.8680,  1.461755
0.8685,  1.456984
0.8690,  1.396033
0.8695,  1.398800
0.8700,  1.411257
0.8705,  1.402206
0.8710,  1.395945
0.8715,  1.415778
0.8720,  1.440955
0.8725,  1.441378
0.8730,  1.461136
0.8735,  1.528979
0.8740,  1.607665
0.8745,  1.707107
0.8750,  1.729410
0.8755,  1.700734
0.8760,  1.676504
0.8765,  1.683808
0.8770,  1.709528
0.8775,  1.750008
0.8780,  1.748388
0.8785,  1.647565
0.8790,  1.642768
0.8795,  1.679946
0.8800,  1.767988
0.8805,  1.804773
0.8810,  1.821942
0.8815,  1.847666
0.8820,  1.812156
0.8825,  1.896981
0.8830,  1.910612
0.8835,  1.862164
0.8840,  1.835759
0.8845,  1.857338
0.8850,  1.953354
0.8855,  2.103090
0.8860,  2.154518
0.8865,  2.131710
0.8870,  2.049925
0.8875,  2.055307
0.8880,  2.069724
0.8885,  2.017917
0.8890,  1.980233
0.8895,  2.059479
0.8900,  2.209339
