0.3500,  0.472355
0.3505,  0.538129
0.3510,  0.496273
0.3515,  0.453666
0.3520,  0.414616
0.3525,  0.364106
0.3530,  0.412260
0.3535,  0.460707
0.3540,  0.486641
0.3545,  0.520861
0.3550,  0.493809
0.3555,  0.477218
0.3560,  0.433052
0.3565,  0.388837
0.3570,  0.348993
0.3575,  0.306038
0.3580,  0.265094
0.3585,  0.200215
0.3590,  0.371279
0.3595,  0.520277
0.3600,  0.501235
0.3605,  0.482137
0.3610,  0.430728
0.3615,  0.368572
0.3620,  0.422381
0.3625,  0.472910
0.3630,  0.457896
0.3635,  0.439176
0.3640,  0.422257
0.3645,  0.405526
0.3650,  0.438610
0.3655,  0.474630
0.3660,  0.487160
0.3665,  0.498439
0.3670,  0.467608
0.3675,  0.440095
0.3680,  0.402046
0.3685,  0.365501
0.3690,  0.411008
0.3695,  0.460156
0.3700,  0.431290
0.3705,  0.394448
0.3710,  0.410436
0.3715,  0.435859
0.3720,  0.404350
0.3725,  0.371965
0.3730,  0.333825
0.3735,  0.288061
0.3740,  0.296108
0.3745,  0.301443
0.3750,  0.388682
0.3755,  0.463120
0.3760,  0.463436
0.3765,  0.448718
0.3770,  0.496987
0.3775,  0.540287
0.3780,  0.533675
0.3785,  0.539174
0.3790,  0.436383
0.3795,  0.320336
0.3800,  0.374203
0.3805,  0.435528
0.3810,  0.403622
0.3815,  0.378329
0.3820,  0.286695
0.3825,  0.177372
0.3830,  0.151070
0.3835,  0.113397
0.3840,  0.299532
0.3845,  0.440449
0.3850,  0.452559
0.3855,  0.462273
0.3860,  0.447404
0.3865,  0.438556
0.3870,  0.431208
0.3875,  0.418421
0.3880,  0.391838
0.3885,  0.359978
0.3890,  0.416059
0.3895,  0.467156
0.3900,  0.470618
0.3905,  0.469476
0.3910,  0.481408
0.3915,  0.511932
0.3920,  0.410483
0.3925,  0.312063
0.3930,  0.139936
0.3935,  -0.117683
0.3940,  0.186745
0.3945,  0.400432
0.3950,  0.504622
0.3955,  0.604033
0.3960,  0.432046
0.3965,  0.218237
0.3970,  0.245163
0.3975,  0.247794
0.3980,  0.449414
0.3985,  0.588005
0.3990,  0.573383
0.3995,  0.565546
0.4000,  0.526799
0.4005,  0.487880
0.4010,  0.467329
0.4015,  0.455530
0.4020,  0.436108
0.4025,  0.424026
0.4030,  0.395639
0.4035,  0.369133
0.4040,  0.362358
0.4045,  0.361976
0.4050,  0.364769
0.4055,  0.368202
0.4060,  0.353033
0.4065,  0.334811
0.4070,  0.346763
0.4075,  0.357870
0.4080,  0.383700
0.4085,  0.408462
0.4090,  0.400645
0.4095,  0.395293
0.4100,  0.346658
0.4105,  0.290119
0.4110,  0.363585
0.4115,  0.429602
0.4120,  0.413385
0.4125,  0.395587
0.4130,  0.381639
0.4135,  0.370337
0.4140,  0.361789
0.4145,  0.352126
0.4150,  0.346050
0.4155,  0.339572
0.4160,  0.366488
0.4165,  0.395286
0.4170,  0.354990
0.4175,  0.311148
0.4180,  0.318860
0.4185,  0.329509
0.4190,  0.340393
0.4195,  0.346655
0.4200,  0.365344
0.4205,  0.380114
0.4210,  0.386599
0.4215,  0.393935
0.4220,  0.341786
0.4225,  0.286897
0.4230,  0.325039
0.4235,  0.356135
0.4240,  0.365710
0.4245,  0.379793
0.4250,  0.362547
0.4255,  0.341314
0.4260,  0.346524
0.4265,  0.356550
0.4270,  0.327210
0.4275,  0.296518
0.4280,  0.313166
0.4285,  0.329085
0.4290,  0.315331
0.4295,  0.303984
0.4300,  0.213928
0.4305,  0.101469
0.4310,  0.305752
0.4315,  0.458444
0.4320,  0.424295
0.4325,  0.391225
0.4330,  0.394731
0.4335,  0.399265
0.4340,  0.370255
0.4345,  0.342529
0.4350,  0.341920
0.4355,  0.340700
0.4360,  0.384572
0.4365,  0.429443
0.4370,  0.394890
0.4375,  0.367335
0.4380,  0.313276
0.4385,  0.252206
0.4390,  0.326840
0.4395,  0.391649
0.4400,  0.359024
0.4405,  0.323559
0.4410,  0.367578
0.4415,  0.404311
0.4420,  0.402371
0.4425,  0.400992
0.4430,  0.373300
0.4435,  0.349689
0.4440,  0.360443
0.4445,  0.373550
0.4450,  0.336811
0.4455,  0.296811
0.4460,  0.313038
0.4465,  0.327791
0.4470,  0.365259
0.4475,  0.401847
0.4480,  0.373748
0.4485,  0.341885
0.4490,  0.347062
0.4495,  0.349367
0.4500,  0.365039
0.4505,  0.380605
0.4510,  0.370876
0.4515,  0.363705
0.4520,  0.332586
0.4525,  0.302989
0.4530,  0.313769
0.4535,  0.323130
0.4540,  0.330906
0.4545,  0.336965
0.4550,  0.346179
0.4555,  0.356704
0.4560,  0.359171
0.4565,  0.361102
0.4570,  0.360381
0.4575,  0.364439
0.4580,  0.338023
0.4585,  0.312618
0.4590,  0.324482
0.4595,  0.334072
0.4600,  0.339886
0.4605,  0.344296
0.4610,  0.344078
0.4615,  0.342459
0.4620,  0.350558
0.4625,  0.359613
0.4630,  0.343889
0.4635,  0.332137
0.4640,  0.323712
0.4645,  0.314918
0.4650,  0.336661
0.4655,  0.358866
0.4660,  0.333477
0.4665,  0.309263
0.4670,  0.337429
0.4675,  0.358356
0.4680,  0.351586
0.4685,  0.346915
0.4690,  0.349715
0.4695,  0.356796
0.4700,  0.337935
0.4705,  0.313050
0.4710,  0.345466
0.4715,  0.375736
0.4720,  0.375119
0.4725,  0.374603
0.4730,  0.362495
0.4735,  0.350331
0.4740,  0.360791
0.4745,  0.373328
0.4750,  0.367037
0.4755,  0.360174
0.4760,  0.346715
0.4765,  0.331620
0.4770,  0.355831
0.4775,  0.377350
0.4780,  0.358394
0.4785,  0.341772
0.4790,  0.357238
0.4795,  0.370897
0.4800,  0.360799
0.4805,  0.353235
0.4810,  0.365679
0.4815,  0.376324
0.4820,  0.362216
0.4825,  0.351386
0.4830,  0.353694
0.4835,  0.357413
0.4840,  0.354008
0.4845,  0.356077
0.4850,  0.340062
0.4855,  0.325479
0.4860,  0.290954
0.4865,  0.245630
0.4870,  0.303917
0.4875,  0.353351
0.4880,  0.365467
0.4885,  0.374656
0.4890,  0.375099
0.4895,  0.374774
0.4900,  0.376829
0.4905,  0.385042
0.4910,  0.360284
0.4915,  0.335206
0.4920,  0.336324
0.4925,  0.335829
0.4930,  0.331024
0.4935,  0.321858
0.4940,  0.354127
0.4945,  0.388231
0.4950,  0.352201
0.4955,  0.316267
0.4960,  0.335585
0.4965,  0.356691
0.4970,  0.359884
0.4975,  0.364961
0.4980,  0.332555
0.4985,  0.297678
0.4990,  0.325702
0.4995,  0.354869
0.5000,  0.334598
0.5005,  0.312663
0.5010,  0.306857
0.5015,  0.297819
0.5020,  0.318269
0.5025,  0.337765
0.5030,  0.347972
0.5035,  0.356063
0.5040,  0.339598
0.5045,  0.319529
0.5050,  0.340891
0.5055,  0.362702
0.5060,  0.350129
0.5065,  0.340443
0.5070,  0.328729
0.5075,  0.317885
0.5080,  0.321155
0.5085,  0.323685
0.5090,  0.323349
0.5095,  0.323093
0.5100,  0.328539
0.5105,  0.332671
0.5110,  0.342886
0.5115,  0.354000
0.5120,  0.324701
0.5125,  0.298711
0.5130,  0.302988
0.5135,  0.307783
0.5140,  0.317632
0.5145,  0.320497
0.5150,  0.328251
0.5155,  0.343074
0.5160,  0.300949
0.5165,  0.257535
0.5170,  0.286853
0.5175,  0.311426
0.5180,  0.295178
0.5185,  0.270406
0.5190,  0.307565
0.5195,  0.342200
0.5200,  0.332780
0.5205,  0.323019
0.5210,  0.334349
0.5215,  0.346199
0.5220,  0.323024
0.5225,  0.299897
0.5230,  0.314321
0.5235,  0.324450
0.5240,  0.332089
0.5245,  0.342972
0.5250,  0.337139
0.5255,  0.336464
0.5260,  0.283488
0.5265,  0.225962
0.5270,  0.271881
0.5275,  0.307716
0.5280,  0.316544
0.5285,  0.323451
0.5290,  0.321377
0.5295,  0.318941
0.5300,  0.320660
0.5305,  0.324339
0.5310,  0.326863
0.5315,  0.332971
0.5320,  0.293371
0.5325,  0.250720
0.5330,  0.294965
0.5335,  0.333900
0.5340,  0.314886
0.5345,  0.292534
0.5350,  0.318204
0.5355,  0.345956
0.5360,  0.319223
0.5365,  0.293335
0.5370,  0.298241
0.5375,  0.301336
0.5380,  0.308748
0.5385,  0.317550
0.5390,  0.305694
0.5395,  0.293765
0.5400,  0.282615
0.5405,  0.270282
0.5410,  0.299957
0.5415,  0.325950
0.5420,  0.311080
0.5425,  0.296563
0.5430,  0.308117
0.5435,  0.317254
0.5440,  0.313971
0.5445,  0.312835
0.5450,  0.317150
0.5455,  0.320962
0.5460,  0.315205
0.5465,  0.310991
0.5470,  0.300820
0.5475,  0.290982
0.5480,  0.299319
0.5485,  0.306490
0.5490,  0.312908
0.5495,  0.319421
0.5500,  0.311589
0.5505,  0.305385
0.5510,  0.307234
0.5515,  0.308291
0.5520,  0.303407
0.5525,  0.299348
0.5530,  0.309555
0.5535,  0.317548
0.5540,  0.320605
0.5545,  0.322234
0.5550,  0.323663
0.5555,  0.326670
0.5560,  0.312109
0.5565,  0.298372
0.5570,  0.308988
0.5575,  0.320140
0.5580,  0.310089
0.5585,  0.297792
0.5590,  0.302143
0.5595,  0.307755
0.5600,  0.315176
0.5605,  0.321520
0.5610,  0.317638
0.5615,  0.313167
0.5620,  0.318881
0.5625,  0.323587
0.5630,  0.324702
0.5635,  0.326373
0.5640,  0.324709
0.5645,  0.325280
0.5650,  0.314638
0.5655,  0.303226
0.5660,  0.309497
0.5665,  0.314984
0.5670,  0.327279
0.5675,  0.342470
0.5680,  0.324699
0.5685,  0.307330
0.5690,  0.322582
0.5695,  0.338233
0.5700,  0.319479
0.5705,  0.298511
0.5710,  0.311588
0.5715,  0.319936
0.5720,  0.329041
0.5725,  0.340360
0.5730,  0.334051
0.5735,  0.331289
0.5740,  0.329598
0.5745,  0.327586
0.5750,  0.318629
0.5755,  0.307367
0.5760,  0.310239
0.5765,  0.316014
0.5770,  0.322432
0.5775,  0.328697
0.5780,  0.312618
0.5785,  0.294567
0.5790,  0.302401
0.5795,  0.309636
0.5800,  0.309193
0.5805,  0.310461
0.5810,  0.313206
0.5815,  0.315625
0.5820,  0.318718
0.5825,  0.320230
0.5830,  0.312198
0.5835,  0.307727
0.5840,  0.309968
0.5845,  0.314933
0.5850,  0.301581
0.5855,  0.287064
0.5860,  0.304184
0.5865,  0.320378
0.5870,  0.330014
0.5875,  0.343684
0.5880,  0.334621
0.5885,  0.324553
0.5890,  0.299663
0.5895,  0.264338
0.5900,  0.317083
0.5905,  0.364372
0.5910,  0.353043
0.5915,  0.341609
0.5920,  0.341181
0.5925,  0.342405
0.5930,  0.335236
0.5935,  0.334535
0.5940,  0.331080
0.5945,  0.325534
0.5950,  0.329500
0.5955,  0.331650
0.5960,  0.333694
0.5965,  0.336209
0.5970,  0.326468
0.5975,  0.318399
0.5980,  0.312187
0.5985,  0.309266
0.5990,  0.320391
0.5995,  0.330220
0.6000,  0.327795
0.6005,  0.324401
0.6010,  0.327265
0.6015,  0.325387
0.6020,  0.311948
0.6025,  0.297723
0.6030,  0.311536
0.6035,  0.325919
0.6040,  0.324438
0.6045,  0.326460
0.6050,  0.325925
0.6055,  0.321527
0.6060,  0.317756
0.6065,  0.315377
0.6070,  0.315152
0.6075,  0.316640
0.6080,  0.315638
0.6085,  0.319402
0.6090,  0.325180
0.6095,  0.328070
0.6100,  0.315582
0.6105,  0.302951
0.6110,  0.315517
0.6115,  0.329188
0.6120,  0.320772
0.6125,  0.311982
0.6130,  0.308570
0.6135,  0.306134
0.6140,  0.315082
0.6145,  0.326065
0.6150,  0.329560
0.6155,  0.332897
0.6160,  0.305425
0.6165,  0.273654
0.6170,  0.297382
0.6175,  0.322850
0.6180,  0.328291
0.6185,  0.336668
0.6190,  0.337415
0.6195,  0.332875
0.6200,  0.339808
0.6205,  0.347009
0.6210,  0.334089
0.6215,  0.320680
0.6220,  0.327694
0.6225,  0.337386
0.6230,  0.327935
0.6235,  0.319773
0.6240,  0.324258
0.6245,  0.327046
0.6250,  0.322718
0.6255,  0.315902
0.6260,  0.331869
0.6265,  0.348273
0.6270,  0.348630
0.6275,  0.348639
0.6280,  0.352214
0.6285,  0.357377
0.6290,  0.358013
0.6295,  0.356350
0.6300,  0.350978
0.6305,  0.345007
0.6310,  0.338895
0.6315,  0.336051
0.6320,  0.331997
0.6325,  0.331299
0.6330,  0.333666
0.6335,  0.335495
0.6340,  0.337325
0.6345,  0.341003
0.6350,  0.344512
0.6355,  0.342726
0.6360,  0.339889
0.6365,  0.335396
0.6370,  0.329966
0.6375,  0.324861
0.6380,  0.324958
0.6385,  0.329134
0.6390,  0.334555
0.6395,  0.333239
0.6400,  0.331733
0.6405,  0.330020
0.6410,  0.324036
0.6415,  0.321659
0.6420,  0.319821
0.6425,  0.317903
0.6430,  0.314688
0.6435,  0.314216
0.6440,  0.317398
0.6445,  0.322334
0.6450,  0.330986
0.6455,  0.336881
0.6460,  0.344296
0.6465,  0.348182
0.6470,  0.345629
0.6475,  0.339945
0.6480,  0.334671
0.6485,  0.331819
0.6490,  0.328015
0.6495,  0.334036
0.6500,  0.339364
0.6505,  0.346458
0.6510,  0.354232
0.6515,  0.352916
0.6520,  0.348860
0.6525,  0.341278
0.6530,  0.337525
0.6535,  0.327623
0.6540,  0.323678
0.6545,  0.327595
0.6550,  0.341376
0.6555,  0.344307
0.6560,  0.334835
0.6565,  0.310255
0.6570,  0.273048
0.6575,  0.283832
0.6580,  0.297605
0.6585,  0.311619
0.6590,  0.325869
0.6595,  0.321232
0.6600,  0.314940
0.6605,  0.309976
0.6610,  0.308175
0.6615,  0.302953
0.6620,  0.300028
0.6625,  0.299131
0.6630,  0.301959
0.6635,  0.304613
0.6640,  0.311297
0.6645,  0.315854
0.6650,  0.316365
0.6655,  0.311277
0.6660,  0.307523
0.6665,  0.303396
0.6670,  0.296833
0.6675,  0.298165
0.6680,  0.298869
0.6685,  0.300017
0.6690,  0.299914
0.6695,  0.294773
0.6700,  0.295323
0.6705,  0.298121
0.6710,  0.302046
0.6715,  0.303838
0.6720,  0.302535
0.6725,  0.301689
0.6730,  0.297049
0.6735,  0.292356
0.6740,  0.290902
0.6745,  0.293501
0.6750,  0.295027
0.6755,  0.299207
0.6760,  0.303499
0.6765,  0.308741
0.6770,  0.310034
0.6775,  0.308641
0.6780,  0.307494
0.6785,  0.306447
0.6790,  0.302439
0.6795,  0.298913
0.6800,  0.299124
0.6805,  0.299602
0.6810,  0.299970
0.6815,  0.301631
0.6820,  0.303033
0.6825,  0.305121
0.6830,  0.308355
0.6835,  0.310690
0.6840,  0.311068
0.6845,  0.310534
0.6850,  0.311657
0.6855,  0.330449
0.6860,  0.364546
0.6865,  0.403862
0.6870,  0.433786
0.6875,  0.441597
0.6880,  0.442300
0.6885,  0.438230
0.6890,  0.434508
0.6895,  0.426890
0.6900,  0.416645
0.6905,  0.402168
0.6910,  0.392071
0.6915,  0.383092
0.6920,  0.375053
0.6925,  0.374083
0.6930,  0.379940
0.6935,  0.381727
0.6940,  0.386764
0.6945,  0.389674
0.6950,  0.384490
0.6955,  0.371824
0.6960,  0.360239
0.6965,  0.350163
0.6970,  0.344196
0.6975,  0.344881
0.6980,  0.348342
0.6985,  0.352263
0.6990,  0.357760
0.6995,  0.359240
0.7000,  0.357701
0.7005,  0.356947
0.7010,  0.354557
0.7015,  0.359342
0.7020,  0.361500
0.7025,  0.360330
0.7030,  0.358188
0.7035,  0.358448
0.7040,  0.361131
0.7045,  0.365952
0.7050,  0.369761
0.7055,  0.366317
0.7060,  0.365020
0.7065,  0.362104
0.7070,  0.359608
0.7075,  0.353316
0.7080,  0.347631
0.7085,  0.344300
0.7090,  0.340775
0.7095,  0.340752
0.7100,  0.342492
0.7105,  0.342482
0.7110,  0.348610
0.7115,  0.352689
0.7120,  0.354585
0.7125,  0.352087
0.7130,  0.350161
0.7135,  0.351433
0.7140,  0.349878
0.7145,  0.349468
0.7150,  0.351723
0.7155,  0.364145
0.7160,  0.393522
0.7165,  0.432344
0.7170,  0.475996
0.7175,  0.513801
0.7180,  0.546555
0.7185,  0.567153
0.7190,  0.577281
0.7195,  0.578948
0.7200,  0.557600
0.7205,  0.532293
0.7210,  0.499349
0.7215,  0.471104
0.7220,  0.466153
0.7225,  0.475787
0.7230,  0.495895
0.7235,  0.517055
0.7240,  0.536226
0.7245,  0.544577
0.7250,  0.548535
0.7255,  0.547848
0.7260,  0.544010
0.7265,  0.541665
0.7270,  0.538616
0.7275,  0.529741
0.7280,  0.521953
0.7285,  0.511283
0.7290,  0.505475
0.7295,  0.507967
0.7300,  0.507467
0.7305,  0.507386
0.7310,  0.500730
0.7315,  0.486133
0.7320,  0.465255
0.7325,  0.442099
0.7330,  0.419648
0.7335,  0.399978
0.7340,  0.386682
0.7345,  0.378247
0.7350,  0.372843
0.7355,  0.375316
0.7360,  0.378226
0.7365,  0.383965
0.7370,  0.382045
0.7375,  0.372038
0.7380,  0.366150
0.7385,  0.364154
0.7390,  0.359213
0.7395,  0.355597
0.7400,  0.350113
0.7405,  0.343643
0.7410,  0.342167
0.7415,  0.346443
0.7420,  0.347542
0.7425,  0.345528
0.7430,  0.344227
0.7435,  0.337358
0.7440,  0.335816
0.7445,  0.333064
0.7450,  0.327601
0.7455,  0.323960
0.7460,  0.321454
0.7465,  0.329336
0.7470,  0.334373
0.7475,  0.333169
0.7480,  0.333104
0.7485,  0.334517
0.7490,  0.338739
0.7495,  0.341390
0.7500,  0.341422
0.7505,  0.338942
0.7510,  0.336652
0.7515,  0.334089
0.7520,  0.334404
0.7525,  0.331233
0.7530,  0.327292
0.7535,  0.323215
0.7540,  0.324466
0.7545,  0.326818
0.7550,  0.327244
0.7555,  0.327633
0.7560,  0.329640
0.7565,  0.329597
0.7570,  0.329980
0.7575,  0.340935
0.7580,  0.369637
0.7585,  0.434520
0.7590,  0.549354
0.7595,  0.710014
0.7600,  0.878274
0.7605,  0.991219
0.7610,  1.022284
0.7615,  1.002068
0.7620,  0.966891
0.7625,  0.948585
0.7630,  0.930193
0.7635,  0.895286
0.7640,  0.848262
0.7645,  0.786485
0.7650,  0.724328
0.7655,  0.658264
0.7660,  0.595436
0.7665,  0.535541
0.7670,  0.474262
0.7675,  0.432650
0.7680,  0.406025
0.7685,  0.388711
0.7690,  0.377337
0.7695,  0.368406
0.7700,  0.352684
0.7705,  0.344985
0.7710,  0.340127
0.7715,  0.340297
0.7720,  0.345652
0.7725,  0.343586
0.7730,  0.341576
0.7735,  0.335662
0.7740,  0.332570
0.7745,  0.332646
0.7750,  0.329596
0.7755,  0.329248
0.7760,  0.336514
0.7765,  0.330937
0.7770,  0.338318
0.7775,  0.342359
0.7780,  0.345039
0.7785,  0.347033
0.7790,  0.345914
0.7795,  0.338883
0.7800,  0.332637
0.7805,  0.327388
0.7810,  0.328382
0.7815,  0.329299
0.7820,  0.334453
0.7825,  0.337584
0.7830,  0.336221
0.7835,  0.344580
0.7840,  0.352334
0.7845,  0.351683
0.7850,  0.350333
0.7855,  0.347059
0.7860,  0.344165
0.7865,  0.346942
0.7870,  0.352455
0.7875,  0.352908
0.7880,  0.363636
0.7885,  0.366676
0.7890,  0.377799
0.7895,  0.378158
0.7900,  0.376697
0.7905,  0.377492
0.7910,  0.374804
0.7915,  0.376581
0.7920,  0.376705
0.7925,  0.374508
0.7930,  0.376453
0.7935,  0.372253
0.7940,  0.372652
0.7945,  0.371335
0.7950,  0.371079
0.7955,  0.378864
0.7960,  0.379858
0.7965,  0.376552
0.7970,  0.374537
0.7975,  0.368978
0.7980,  0.361736
0.7985,  0.361707
0.7990,  0.367861
0.7995,  0.380207
0.8000,  0.385378
0.8005,  0.394317
0.8010,  0.392530
0.8015,  0.387021
0.8020,  0.384887
0.8025,  0.375790
0.8030,  0.371819
0.8035,  0.365775
0.8040,  0.363065
0.8045,  0.354369
0.8050,  0.349131
0.8055,  0.349768
0.8060,  0.357269
0.8065,  0.361737
0.8070,  0.361570
0.8075,  0.360618
0.8080,  0.358284
0.8085,  0.363552
0.8090,  0.364289
0.8095,  0.373816
0.8100,  0.393584
0.8105,  0.404441
0.8110,  0.419790
0.8115,  0.430417
0.8120,  0.446309
0.8125,  0.463724
0.8130,  0.486280
0.8135,  0.501741
0.8140,  0.520776
0.8145,  0.544936
0.8150,  0.565388
0.8155,  0.590379
0.8160,  0.609015
0.8165,  0.630898
0.8170,  0.644203
0.8175,  0.638340
0.8180,  0.632029
0.8185,  0.613136
0.8190,  0.576621
0.8195,  0.549954
0.8200,  0.522854
0.8205,  0.506750
0.8210,  0.509353
0.8215,  0.536011
0.8220,  0.575007
0.8225,  0.606571
0.8230,  0.602482
0.8235,  0.584257
0.8240,  0.538697
0.8245,  0.493279
0.8250,  0.479608
0.8255,  0.468040
0.8260,  0.472847
0.8265,  0.476691
0.8270,  0.484823
0.8275,  0.506745
0.8280,  0.529684
0.8285,  0.531820
0.8290,  0.525299
0.8295,  0.518579
0.8300,  0.503827
0.8305,  0.494141
0.8310,  0.479550
0.8315,  0.467273
0.8320,  0.464522
0.8325,  0.467931
0.8330,  0.464163
0.8335,  0.463259
0.8340,  0.460878
0.8345,  0.456491
0.8350,  0.447217
0.8355,  0.434732
0.8360,  0.427827
0.8365,  0.407206
0.8370,  0.397659
0.8375,  0.388909
0.8380,  0.381345
0.8385,  0.381654
0.8390,  0.383302
0.8395,  0.379069
0.8400,  0.374735
0.8405,  0.373330
0.8410,  0.369944
0.8415,  0.364023
0.8420,  0.365604
0.8425,  0.374176
0.8430,  0.378276
0.8435,  0.375108
0.8440,  0.373435
0.8445,  0.372219
0.8450,  0.371854
0.8455,  0.375350
0.8460,  0.369271
0.8465,  0.371261
0.8470,  0.373670
0.8475,  0.359612
0.8480,  0.359044
0.8485,  0.351140
0.8490,  0.358341
0.8495,  0.362087
0.8500,  0.354144
0.8505,  0.367623
0.8510,  0.368411
0.8515,  0.363770
0.8520,  0.369927
0.8525,  0.357229
0.8530,  0.355431
0.8535,  0.353174
0.8540,  0.342472
0.8545,  0.360566
0.8550,  0.376018
0.8555,  0.386410
0.8560,  0.386311
0.8565,  0.369214
0.8570,  0.361368
0.8575,  0.356754
0.8580,  0.362953
0.8585,  0.357592
0.8590,  0.350911
0.8595,  0.349187
0.8600,  0.351426
0.8605,  0.350990
0.8610,  0.364071
0.8615,  0.362827
0.8620,  0.365996
0.8625,  0.379728
0.8630,  0.383291
0.8635,  0.374741
0.8640,  0.368190
0.8645,  0.347909
0.8650,  0.341322
0.8655,  0.351193
0.8660,  0.363068
0.8665,  0.388713
0.8670,  0.380425
0.8675,  0.370263
0.8680,  0.372190
0.8685,  0.368443
0.8690,  0.375216
0.8695,  0.384659
0.8700,  0.364708
0.8705,  0.357560
0.8710,  0.356522
0.8715,  0.363560
0.8720,  0.375273
0.8725,  0.378886
0.8730,  0.383418
0.8735,  0.392420
0.8740,  0.395499
0.8745,  0.397328
0.8750,  0.386527
0.8755,  0.382753
0.8760,  0.378361
0.8765,  0.373402
0.8770,  0.386559
0.8775,  0.392442
0.8780,  0.395862
0.8785,  0.398639
0.8790,  0.402380
0.8795,  0.391637
0.8800,  0.388873
0.8805,  0.386599
0.8810,  0.384480
0.8815,  0.380735
0.8820,  0.376905
0.8825,  0.384363
0.8830,  0.407831
0.8835,  0.415285
0.8840,  0.401644
0.8845,  0.402074
0.8850,  0.409973
0.8855,  0.411684
0.8860,  0.402403
0.8865,  0.396194
0.8870,  0.383157
0.8875,  0.390426
0.8880,  0.392803
0.8885,  0.393535
0.8890,  0.393657
0.8895,  0.401352
0.8900,  0.403430
