0.3500,  0.515868
0.3505,  0.581646
0.3510,  0.544746
0.3515,  0.506304
0.3520,  0.474457
0.3525,  0.424929
0.3530,  0.470623
0.3535,  0.506366
0.3540,  0.509867
0.3545,  0.525676
0.3550,  0.501204
0.3555,  0.477986
0.3560,  0.439331
0.3565,  0.409465
0.3570,  0.375319
0.3575,  0.338478
0.3580,  0.286668
0.3585,  0.225148
0.3590,  0.404264
0.3595,  0.551362
0.3600,  0.532326
0.3605,  0.514790
0.3610,  0.460805
0.3615,  0.407708
0.3620,  0.447123
0.3625,  0.493531
0.3630,  0.477588
0.3635,  0.457450
0.3640,  0.443256
0.3645,  0.425128
0.3650,  0.452937
0.3655,  0.474835
0.3660,  0.475438
0.3665,  0.486177
0.3670,  0.450181
0.3675,  0.416241
0.3680,  0.373220
0.3685,  0.333695
0.3690,  0.380079
0.3695,  0.431954
0.3700,  0.396888
0.3705,  0.359263
0.3710,  0.380705
0.3715,  0.406167
0.3720,  0.374774
0.3725,  0.348561
0.3730,  0.320859
0.3735,  0.287657
0.3740,  0.301131
0.3745,  0.307072
0.3750,  0.392219
0.3755,  0.461038
0.3760,  0.449486
0.3765,  0.426451
0.3770,  0.468800
0.3775,  0.506541
0.3780,  0.496752
0.3785,  0.498844
0.3790,  0.397581
0.3795,  0.283765
0.3800,  0.336003
0.3805,  0.393558
0.3810,  0.361231
0.3815,  0.344722
0.3820,  0.262655
0.3825,  0.164658
0.3830,  0.157028
0.3835,  0.131191
0.3840,  0.317009
0.3845,  0.450161
0.3850,  0.455665
0.3855,  0.464187
0.3860,  0.442990
0.3865,  0.422818
0.3870,  0.413589
0.3875,  0.404241
0.3880,  0.382613
0.3885,  0.355056
0.3890,  0.412830
0.3895,  0.457001
0.3900,  0.449542
0.3905,  0.442272
0.3910,  0.447401
0.3915,  0.473097
0.3920,  0.370125
0.3925,  0.269020
0.3930,  0.092114
0.3935,  -0.158518
0.3940,  0.160751
0.3945,  0.392249
0.3950,  0.505274
0.3955,  0.605291
0.3960,  0.435700
0.3965,  0.220020
0.3970,  0.238696
0.3975,  0.228899
0.3980,  0.420850
0.3985,  0.549815
0.3990,  0.519463
0.3995,  0.495712
0.4000,  0.447357
0.4005,  0.406635
0.4010,  0.388886
0.4015,  0.374838
0.4020,  0.353554
0.4025,  0.343282
0.4030,  0.317451
0.4035,  0.292289
0.4040,  0.286113
0.4045,  0.285759
0.4050,  0.285832
0.4055,  0.284697
0.4060,  0.265156
0.4065,  0.248037
0.4070,  0.260591
0.4075,  0.269438
0.4080,  0.296782
0.4085,  0.320744
0.4090,  0.311477
0.4095,  0.304467
0.4100,  0.253811
0.4105,  0.197231
0.4110,  0.271756
0.4115,  0.334845
0.4120,  0.314754
0.4125,  0.297971
0.4130,  0.285446
0.4135,  0.273748
0.4140,  0.265126
0.4145,  0.255542
0.4150,  0.253730
0.4155,  0.249672
0.4160,  0.272301
0.4165,  0.300620
0.4170,  0.260426
0.4175,  0.216341
0.4180,  0.223444
0.4185,  0.232726
0.4190,  0.239428
0.4195,  0.241131
0.4200,  0.256497
0.4205,  0.271281
0.4210,  0.276119
0.4215,  0.284762
0.4220,  0.234078
0.4225,  0.179029
0.4230,  0.215425
0.4235,  0.254994
0.4240,  0.268215
0.4245,  0.282950
0.4250,  0.272097
0.4255,  0.255404
0.4260,  0.260646
0.4265,  0.268523
0.4270,  0.236449
0.4275,  0.204137
0.4280,  0.215766
0.4285,  0.231167
0.4290,  0.217214
0.4295,  0.207316
0.4300,  0.121439
0.4305,  0.010532
0.4310,  0.220466
0.4315,  0.373935
0.4320,  0.339778
0.4325,  0.306373
0.4330,  0.307820
0.4335,  0.311862
0.4340,  0.278947
0.4345,  0.251202
0.4350,  0.251198
0.4355,  0.253327
0.4360,  0.296226
0.4365,  0.334511
0.4370,  0.296541
0.4375,  0.264312
0.4380,  0.206715
0.4385,  0.142398
0.4390,  0.215064
0.4395,  0.280846
0.4400,  0.250385
0.4405,  0.213629
0.4410,  0.256750
0.4415,  0.295320
0.4420,  0.292878
0.4425,  0.291805
0.4430,  0.265795
0.4435,  0.241668
0.4440,  0.250883
0.4445,  0.263505
0.4450,  0.226338
0.4455,  0.188191
0.4460,  0.203796
0.4465,  0.218596
0.4470,  0.256319
0.4475,  0.289371
0.4480,  0.262049
0.4485,  0.231006
0.4490,  0.233936
0.4495,  0.233758
0.4500,  0.248123
0.4505,  0.263090
0.4510,  0.251966
0.4515,  0.242720
0.4520,  0.206905
0.4525,  0.179397
0.4530,  0.193694
0.4535,  0.206851
0.4540,  0.217485
0.4545,  0.224642
0.4550,  0.234733
0.4555,  0.242308
0.4560,  0.243912
0.4565,  0.246918
0.4570,  0.247052
0.4575,  0.250293
0.4580,  0.222347
0.4585,  0.192591
0.4590,  0.201528
0.4595,  0.210087
0.4600,  0.218670
0.4605,  0.227251
0.4610,  0.229397
0.4615,  0.228458
0.4620,  0.235440
0.4625,  0.243696
0.4630,  0.227341
0.4635,  0.214095
0.4640,  0.203883
0.4645,  0.193887
0.4650,  0.216961
0.4655,  0.240285
0.4660,  0.218390
0.4665,  0.198737
0.4670,  0.225692
0.4675,  0.247080
0.4680,  0.242139
0.4685,  0.238226
0.4690,  0.237840
0.4695,  0.241597
0.4700,  0.220667
0.4705,  0.193487
0.4710,  0.225157
0.4715,  0.255631
0.4720,  0.254469
0.4725,  0.255487
0.4730,  0.242463
0.4735,  0.228786
0.4740,  0.237672
0.4745,  0.250563
0.4750,  0.243587
0.4755,  0.235882
0.4760,  0.222564
0.4765,  0.208231
0.4770,  0.233073
0.4775,  0.255022
0.4780,  0.236990
0.4785,  0.219816
0.4790,  0.231593
0.4795,  0.244426
0.4800,  0.233775
0.4805,  0.225096
0.4810,  0.237956
0.4815,  0.250155
0.4820,  0.236266
0.4825,  0.226131
0.4830,  0.225035
0.4835,  0.227517
0.4840,  0.222782
0.4845,  0.223188
0.4850,  0.205646
0.4855,  0.191352
0.4860,  0.159614
0.4865,  0.116344
0.4870,  0.175647
0.4875,  0.225498
0.4880,  0.238505
0.4885,  0.248205
0.4890,  0.246059
0.4895,  0.244285
0.4900,  0.244498
0.4905,  0.249983
0.4910,  0.223732
0.4915,  0.198711
0.4920,  0.200051
0.4925,  0.200366
0.4930,  0.195748
0.4935,  0.187946
0.4940,  0.220508
0.4945,  0.252437
0.4950,  0.216860
0.4955,  0.180738
0.4960,  0.200693
0.4965,  0.219883
0.4970,  0.221138
0.4975,  0.224845
0.4980,  0.190536
0.4985,  0.154961
0.4990,  0.183702
0.4995,  0.211989
0.5000,  0.190680
0.5005,  0.170177
0.5010,  0.165838
0.5015,  0.157570
0.5020,  0.180188
0.5025,  0.200187
0.5030,  0.209371
0.5035,  0.216654
0.5040,  0.198467
0.5045,  0.178095
0.5050,  0.199463
0.5055,  0.220744
0.5060,  0.207813
0.5065,  0.197146
0.5070,  0.185132
0.5075,  0.173695
0.5080,  0.177784
0.5085,  0.179297
0.5090,  0.176633
0.5095,  0.174390
0.5100,  0.180616
0.5105,  0.186869
0.5110,  0.197504
0.5115,  0.207857
0.5120,  0.178838
0.5125,  0.152008
0.5130,  0.157510
0.5135,  0.159575
0.5140,  0.165635
0.5145,  0.170504
0.5150,  0.180001
0.5155,  0.196083
0.5160,  0.155146
0.5165,  0.112842
0.5170,  0.143840
0.5175,  0.169455
0.5180,  0.153226
0.5185,  0.129710
0.5190,  0.168976
0.5195,  0.205058
0.5200,  0.194340
0.5205,  0.182868
0.5210,  0.191927
0.5215,  0.203190
0.5220,  0.178136
0.5225,  0.155313
0.5230,  0.171591
0.5235,  0.183020
0.5240,  0.190714
0.5245,  0.200955
0.5250,  0.194947
0.5255,  0.193413
0.5260,  0.138889
0.5265,  0.082590
0.5270,  0.130402
0.5275,  0.169539
0.5280,  0.179928
0.5285,  0.186318
0.5290,  0.182893
0.5295,  0.179865
0.5300,  0.180113
0.5305,  0.183458
0.5310,  0.183443
0.5315,  0.188492
0.5320,  0.147609
0.5325,  0.105172
0.5330,  0.148783
0.5335,  0.187907
0.5340,  0.169054
0.5345,  0.146980
0.5350,  0.172682
0.5355,  0.199941
0.5360,  0.172524
0.5365,  0.146097
0.5370,  0.150064
0.5375,  0.154357
0.5380,  0.163191
0.5385,  0.172408
0.5390,  0.159792
0.5395,  0.147332
0.5400,  0.136025
0.5405,  0.123186
0.5410,  0.153143
0.5415,  0.181413
0.5420,  0.168414
0.5425,  0.153080
0.5430,  0.163795
0.5435,  0.174190
0.5440,  0.171232
0.5445,  0.169704
0.5450,  0.174150
0.5455,  0.176345
0.5460,  0.170843
0.5465,  0.166991
0.5470,  0.157863
0.5475,  0.147111
0.5480,  0.154292
0.5485,  0.161075
0.5490,  0.167751
0.5495,  0.174028
0.5500,  0.165959
0.5505,  0.158861
0.5510,  0.162086
0.5515,  0.164434
0.5520,  0.160090
0.5525,  0.154900
0.5530,  0.163276
0.5535,  0.173249
0.5540,  0.175533
0.5545,  0.176867
0.5550,  0.176962
0.5555,  0.178664
0.5560,  0.162896
0.5565,  0.149112
0.5570,  0.159323
0.5575,  0.170800
0.5580,  0.162017
0.5585,  0.153164
0.5590,  0.161581
0.5595,  0.166161
0.5600,  0.170722
0.5605,  0.174987
0.5610,  0.168562
0.5615,  0.163755
0.5620,  0.169562
0.5625,  0.176893
0.5630,  0.181089
0.5635,  0.185141
0.5640,  0.184883
0.5645,  0.185928
0.5650,  0.174043
0.5655,  0.161670
0.5660,  0.169242
0.5665,  0.174890
0.5670,  0.186698
0.5675,  0.200822
0.5680,  0.183288
0.5685,  0.166593
0.5690,  0.182186
0.5695,  0.197479
0.5700,  0.178705
0.5705,  0.158018
0.5710,  0.168880
0.5715,  0.176237
0.5720,  0.186542
0.5725,  0.196043
0.5730,  0.187635
0.5735,  0.181920
0.5740,  0.180532
0.5745,  0.181094
0.5750,  0.173846
0.5755,  0.164143
0.5760,  0.168026
0.5765,  0.172364
0.5770,  0.175580
0.5775,  0.182848
0.5780,  0.167424
0.5785,  0.148768
0.5790,  0.157039
0.5795,  0.164507
0.5800,  0.164199
0.5805,  0.165079
0.5810,  0.167536
0.5815,  0.170181
0.5820,  0.173312
0.5825,  0.175423
0.5830,  0.168230
0.5835,  0.164737
0.5840,  0.166399
0.5845,  0.172984
0.5850,  0.160184
0.5855,  0.144854
0.5860,  0.160452
0.5865,  0.174481
0.5870,  0.183733
0.5875,  0.197381
0.5880,  0.189411
0.5885,  0.180133
0.5890,  0.155997
0.5895,  0.124278
0.5900,  0.180605
0.5905,  0.229597
0.5910,  0.217580
0.5915,  0.204977
0.5920,  0.203176
0.5925,  0.201332
0.5930,  0.193314
0.5935,  0.191186
0.5940,  0.189174
0.5945,  0.186291
0.5950,  0.189279
0.5955,  0.188945
0.5960,  0.190803
0.5965,  0.194600
0.5970,  0.188171
0.5975,  0.181698
0.5980,  0.175350
0.5985,  0.170221
0.5990,  0.179093
0.5995,  0.185920
0.6000,  0.182402
0.6005,  0.180240
0.6010,  0.184402
0.6015,  0.186002
0.6020,  0.175295
0.6025,  0.161475
0.6030,  0.174262
0.6035,  0.189392
0.6040,  0.187616
0.6045,  0.188782
0.6050,  0.187249
0.6055,  0.184507
0.6060,  0.181216
0.6065,  0.177790
0.6070,  0.177133
0.6075,  0.178159
0.6080,  0.176183
0.6085,  0.175957
0.6090,  0.182240
0.6095,  0.185421
0.6100,  0.175487
0.6105,  0.164978
0.6110,  0.176345
0.6115,  0.187713
0.6120,  0.178059
0.6125,  0.169348
0.6130,  0.167325
0.6135,  0.164918
0.6140,  0.177456
0.6145,  0.189868
0.6150,  0.193928
0.6155,  0.196246
0.6160,  0.168490
0.6165,  0.138006
0.6170,  0.162700
0.6175,  0.189509
0.6180,  0.193761
0.6185,  0.198500
0.6190,  0.197878
0.6195,  0.192053
0.6200,  0.199050
0.6205,  0.206778
0.6210,  0.193919
0.6215,  0.180763
0.6220,  0.187468
0.6225,  0.197849
0.6230,  0.189077
0.6235,  0.183833
0.6240,  0.188234
0.6245,  0.191480
0.6250,  0.188815
0.6255,  0.183625
0.6260,  0.198760
0.6265,  0.211759
0.6270,  0.209850
0.6275,  0.213322
0.6280,  0.218384
0.6285,  0.222187
0.6290,  0.222322
0.6295,  0.221156
0.6300,  0.219120
0.6305,  0.213730
0.6310,  0.206749
0.6315,  0.203080
0.6320,  0.198000
0.6325,  0.197041
0.6330,  0.199939
0.6335,  0.202773
0.6340,  0.205079
0.6345,  0.206778
0.6350,  0.210001
0.6355,  0.212794
0.6360,  0.210546
0.6365,  0.207011
0.6370,  0.201067
0.6375,  0.196374
0.6380,  0.195374
0.6385,  0.197608
0.6390,  0.200981
0.6395,  0.199929
0.6400,  0.199932
0.6405,  0.197774
0.6410,  0.194213
0.6415,  0.196209
0.6420,  0.196515
0.6425,  0.194677
0.6430,  0.193840
0.6435,  0.194236
0.6440,  0.196232
0.6445,  0.202365
0.6450,  0.212782
0.6455,  0.217958
0.6460,  0.222410
0.6465,  0.224211
0.6470,  0.221888
0.6475,  0.216528
0.6480,  0.214073
0.6485,  0.212391
0.6490,  0.209234
0.6495,  0.215312
0.6500,  0.218689
0.6505,  0.223295
0.6510,  0.228253
0.6515,  0.228992
0.6520,  0.225819
0.6525,  0.222175
0.6530,  0.215691
0.6535,  0.203245
0.6540,  0.198583
0.6545,  0.201032
0.6550,  0.211126
0.6555,  0.216427
0.6560,  0.211800
0.6565,  0.194292
0.6570,  0.160625
0.6575,  0.171169
0.6580,  0.180327
0.6585,  0.192328
0.6590,  0.205769
0.6595,  0.197574
0.6600,  0.189591
0.6605,  0.183509
0.6610,  0.179360
0.6615,  0.174458
0.6620,  0.171706
0.6625,  0.173641
0.6630,  0.176906
0.6635,  0.182991
0.6640,  0.184252
0.6645,  0.184654
0.6650,  0.184432
0.6655,  0.181423
0.6660,  0.177386
0.6665,  0.173801
0.6670,  0.170202
0.6675,  0.170422
0.6680,  0.171341
0.6685,  0.174980
0.6690,  0.179089
0.6695,  0.178041
0.6700,  0.182504
0.6705,  0.185026
0.6710,  0.190314
0.6715,  0.194504
0.6720,  0.194011
0.6725,  0.191747
0.6730,  0.187570
0.6735,  0.181800
0.6740,  0.177553
0.6745,  0.176406
0.6750,  0.173905
0.6755,  0.175392
0.6760,  0.180475
0.6765,  0.186151
0.6770,  0.188791
0.6775,  0.190544
0.6780,  0.188817
0.6785,  0.186278
0.6790,  0.182043
0.6795,  0.179072
0.6800,  0.179079
0.6805,  0.180448
0.6810,  0.180205
0.6815,  0.180418
0.6820,  0.185105
0.6825,  0.192055
0.6830,  0.196347
0.6835,  0.201136
0.6840,  0.205986
0.6845,  0.204957
0.6850,  0.203579
0.6855,  0.220127
0.6860,  0.251564
0.6865,  0.290250
0.6870,  0.325200
0.6875,  0.337334
0.6880,  0.341018
0.6885,  0.338910
0.6890,  0.334931
0.6895,  0.325975
0.6900,  0.319526
0.6905,  0.307258
0.6910,  0.297954
0.6915,  0.288543
0.6920,  0.281219
0.6925,  0.277278
0.6930,  0.277007
0.6935,  0.274775
0.6940,  0.276287
0.6945,  0.277602
0.6950,  0.278161
0.6955,  0.270147
0.6960,  0.261604
0.6965,  0.254830
0.6970,  0.246036
0.6975,  0.246601
0.6980,  0.252540
0.6985,  0.257581
0.6990,  0.263803
0.6995,  0.265316
0.7000,  0.267169
0.7005,  0.269127
0.7010,  0.269475
0.7015,  0.276181
0.7020,  0.277707
0.7025,  0.274559
0.7030,  0.268806
0.7035,  0.269093
0.7040,  0.265166
0.7045,  0.268349
0.7050,  0.272644
0.7055,  0.274444
0.7060,  0.276549
0.7065,  0.272007
0.7070,  0.264937
0.7075,  0.258038
0.7080,  0.254717
0.7085,  0.251902
0.7090,  0.249611
0.7095,  0.250837
0.7100,  0.246269
0.7105,  0.243736
0.7110,  0.242024
0.7115,  0.239930
0.7120,  0.239801
0.7125,  0.244498
0.7130,  0.250084
0.7135,  0.256698
0.7140,  0.259036
0.7145,  0.264015
0.7150,  0.274438
0.7155,  0.293760
0.7160,  0.321501
0.7165,  0.353339
0.7170,  0.395176
0.7175,  0.433818
0.7180,  0.472305
0.7185,  0.501530
0.7190,  0.521423
0.7195,  0.525353
0.7200,  0.512786
0.7205,  0.480143
0.7210,  0.444261
0.7215,  0.410689
0.7220,  0.399813
0.7225,  0.401678
0.7230,  0.421288
0.7235,  0.442687
0.7240,  0.460881
0.7245,  0.474771
0.7250,  0.483792
0.7255,  0.486167
0.7260,  0.480637
0.7265,  0.479023
0.7270,  0.479555
0.7275,  0.473379
0.7280,  0.479956
0.7285,  0.470761
0.7290,  0.457976
0.7295,  0.451934
0.7300,  0.444096
0.7305,  0.442106
0.7310,  0.440256
0.7315,  0.430364
0.7320,  0.410638
0.7325,  0.391931
0.7330,  0.371862
0.7335,  0.351086
0.7340,  0.337685
0.7345,  0.329796
0.7350,  0.326494
0.7355,  0.320851
0.7360,  0.316114
0.7365,  0.311105
0.7370,  0.312358
0.7375,  0.308676
0.7380,  0.303017
0.7385,  0.302722
0.7390,  0.300435
0.7395,  0.292625
0.7400,  0.283800
0.7405,  0.280235
0.7410,  0.276330
0.7415,  0.278745
0.7420,  0.285534
0.7425,  0.291764
0.7430,  0.293498
0.7435,  0.283274
0.7440,  0.280864
0.7445,  0.279095
0.7450,  0.276622
0.7455,  0.272626
0.7460,  0.269186
0.7465,  0.267680
0.7470,  0.271802
0.7475,  0.265839
0.7480,  0.262243
0.7485,  0.260811
0.7490,  0.263883
0.7495,  0.267783
0.7500,  0.272624
0.7505,  0.273465
0.7510,  0.275897
0.7515,  0.277115
0.7520,  0.280162
0.7525,  0.277566
0.7530,  0.276807
0.7535,  0.268010
0.7540,  0.264032
0.7545,  0.263496
0.7550,  0.269056
0.7555,  0.274905
0.7560,  0.279866
0.7565,  0.283463
0.7570,  0.288666
0.7575,  0.295898
0.7580,  0.312184
0.7585,  0.365033
0.7590,  0.473706
0.7595,  0.638651
0.7600,  0.844366
0.7605,  1.018221
0.7610,  1.098358
0.7615,  1.087646
0.7620,  1.055779
0.7625,  1.029650
0.7630,  0.997774
0.7635,  0.956879
0.7640,  0.896600
0.7645,  0.814604
0.7650,  0.734835
0.7655,  0.657401
0.7660,  0.578746
0.7665,  0.508898
0.7670,  0.452304
0.7675,  0.409654
0.7680,  0.380760
0.7685,  0.364231
0.7690,  0.353738
0.7695,  0.342974
0.7700,  0.325651
0.7705,  0.316850
0.7710,  0.307504
0.7715,  0.303674
0.7720,  0.311778
0.7725,  0.308192
0.7730,  0.307257
0.7735,  0.300059
0.7740,  0.306126
0.7745,  0.302697
0.7750,  0.309793
0.7755,  0.311228
0.7760,  0.304678
0.7765,  0.300250
0.7770,  0.298433
0.7775,  0.300193
0.7780,  0.302926
0.7785,  0.310745
0.7790,  0.306879
0.7795,  0.308922
0.7800,  0.303952
0.7805,  0.297804
0.7810,  0.298043
0.7815,  0.302564
0.7820,  0.305738
0.7825,  0.303747
0.7830,  0.306826
0.7835,  0.307907
0.7840,  0.311762
0.7845,  0.307690
0.7850,  0.312984
0.7855,  0.313477
0.7860,  0.320807
0.7865,  0.329525
0.7870,  0.334148
0.7875,  0.335070
0.7880,  0.341681
0.7885,  0.347913
0.7890,  0.354742
0.7895,  0.363732
0.7900,  0.372347
0.7905,  0.372260
0.7910,  0.367806
0.7915,  0.363943
0.7920,  0.368703
0.7925,  0.366061
0.7930,  0.362236
0.7935,  0.360229
0.7940,  0.353471
0.7945,  0.357891
0.7950,  0.358094
0.7955,  0.355151
0.7960,  0.365036
0.7965,  0.381714
0.7970,  0.383061
0.7975,  0.378226
0.7980,  0.369339
0.7985,  0.367877
0.7990,  0.360794
0.7995,  0.362125
0.8000,  0.377852
0.8005,  0.386736
0.8010,  0.390338
0.8015,  0.387992
0.8020,  0.375276
0.8025,  0.375050
0.8030,  0.385252
0.8035,  0.398423
0.8040,  0.400599
0.8045,  0.397742
0.8050,  0.395784
0.8055,  0.388211
0.8060,  0.384058
0.8065,  0.377683
0.8070,  0.376738
0.8075,  0.373960
0.8080,  0.375048
0.8085,  0.384632
0.8090,  0.388625
0.8095,  0.401465
0.8100,  0.418295
0.8105,  0.422678
0.8110,  0.433003
0.8115,  0.448609
0.8120,  0.459688
0.8125,  0.473774
0.8130,  0.507265
0.8135,  0.544437
0.8140,  0.582231
0.8145,  0.609411
0.8150,  0.651995
0.8155,  0.679341
0.8160,  0.693811
0.8165,  0.702183
0.8170,  0.695649
0.8175,  0.701998
0.8180,  0.703789
0.8185,  0.687589
0.8190,  0.653418
0.8195,  0.634637
0.8200,  0.605745
0.8205,  0.576623
0.8210,  0.569357
0.8215,  0.598671
0.8220,  0.645008
0.8225,  0.699504
0.8230,  0.712529
0.8235,  0.684825
0.8240,  0.632724
0.8245,  0.579145
0.8250,  0.541366
0.8255,  0.529478
0.8260,  0.545188
0.8265,  0.545845
0.8270,  0.553740
0.8275,  0.580824
0.8280,  0.600952
0.8285,  0.615435
0.8290,  0.620858
0.8295,  0.616199
0.8300,  0.604100
0.8305,  0.601121
0.8310,  0.589263
0.8315,  0.576647
0.8320,  0.567182
0.8325,  0.568333
0.8330,  0.566744
0.8335,  0.561096
0.8340,  0.554249
0.8345,  0.549269
0.8350,  0.544760
0.8355,  0.536869
0.8360,  0.514729
0.8365,  0.509374
0.8370,  0.511453
0.8375,  0.516767
0.8380,  0.503409
0.8385,  0.491819
0.8390,  0.494022
0.8395,  0.487920
0.8400,  0.472395
0.8405,  0.454747
0.8410,  0.446015
0.8415,  0.445396
0.8420,  0.442855
0.8425,  0.443135
0.8430,  0.442384
0.8435,  0.436484
0.8440,  0.437368
0.8445,  0.449953
0.8450,  0.454356
0.8455,  0.447295
0.8460,  0.446194
0.8465,  0.444871
0.8470,  0.454281
0.8475,  0.450639
0.8480,  0.462134
0.8485,  0.455397
0.8490,  0.450307
0.8495,  0.452066
0.8500,  0.448797
0.8505,  0.469509
0.8510,  0.474012
0.8515,  0.481599
0.8520,  0.478888
0.8525,  0.456278
0.8530,  0.451076
0.8535,  0.445686
0.8540,  0.436051
0.8545,  0.464257
0.8550,  0.477326
0.8555,  0.496395
0.8560,  0.510976
0.8565,  0.509329
0.8570,  0.513419
0.8575,  0.513769
0.8580,  0.498154
0.8585,  0.477961
0.8590,  0.466160
0.8595,  0.459149
0.8600,  0.467202
0.8605,  0.494627
0.8610,  0.492332
0.8615,  0.483028
0.8620,  0.484394
0.8625,  0.511834
0.8630,  0.509798
0.8635,  0.503398
0.8640,  0.510184
0.8645,  0.499513
0.8650,  0.479429
0.8655,  0.486516
0.8660,  0.495417
0.8665,  0.526803
0.8670,  0.559323
0.8675,  0.569863
0.8680,  0.554658
0.8685,  0.541446
0.8690,  0.542521
0.8695,  0.535694
0.8700,  0.525984
0.8705,  0.504400
0.8710,  0.511411
0.8715,  0.518169
0.8720,  0.550702
0.8725,  0.575646
0.8730,  0.574232
0.8735,  0.584830
0.8740,  0.577522
0.8745,  0.587744
0.8750,  0.587807
0.8755,  0.585848
0.8760,  0.577509
0.8765,  0.590376
0.8770,  0.604252
0.8775,  0.628085
0.8780,  0.633745
0.8785,  0.626621
0.8790,  0.631629
0.8795,  0.634051
0.8800,  0.636101
0.8805,  0.643934
0.8810,  0.628584
0.8815,  0.604250
0.8820,  0.583278
0.8825,  0.564306
0.8830,  0.592846
0.8835,  0.592983
0.8840,  0.604559
0.8845,  0.621554
0.8850,  0.641637
0.8855,  0.646193
0.8860,  0.662310
0.8865,  0.659921
0.8870,  0.648904
0.8875,  0.660556
0.8880,  0.657519
0.8885,  0.651657
0.8890,  0.646700
0.8895,  0.649849
0.8900,  0.673829
