0.3500,  1.582177
0.3505,  1.623772
0.3510,  1.552808
0.3515,  1.482869
0.3520,  1.426975
0.3525,  1.349755
0.3530,  1.364431
0.3535,  1.352876
0.3540,  1.323441
0.3545,  1.335431
0.3550,  1.299428
0.3555,  1.297485
0.3560,  1.286650
0.3565,  1.299958
0.3570,  1.331060
0.3575,  1.362490
0.3580,  1.335614
0.3585,  1.254869
0.3590,  1.393654
0.3595,  1.528941
0.3600,  1.493078
0.3605,  1.462870
0.3610,  1.390676
0.3615,  1.291663
0.3620,  1.312820
0.3625,  1.342956
0.3630,  1.321307
0.3635,  1.284070
0.3640,  1.253067
0.3645,  1.211091
0.3650,  1.214431
0.3655,  1.219125
0.3660,  1.193117
0.3665,  1.171119
0.3670,  1.114357
0.3675,  1.068111
0.3680,  1.005977
0.3685,  0.952172
0.3690,  0.999414
0.3695,  1.046343
0.3700,  1.016800
0.3705,  0.999906
0.3710,  1.031158
0.3715,  1.063592
0.3720,  1.051152
0.3725,  1.026088
0.3730,  0.989172
0.3735,  0.953349
0.3740,  0.966668
0.3745,  0.975761
0.3750,  1.050803
0.3755,  1.108185
0.3760,  1.090542
0.3765,  1.055642
0.3770,  1.086850
0.3775,  1.117188
0.3780,  1.098337
0.3785,  1.091401
0.3790,  0.988877
0.3795,  0.880537
0.3800,  0.928474
0.3805,  0.969321
0.3810,  0.927615
0.3815,  0.915955
0.3820,  0.863247
0.3825,  0.807530
0.3830,  0.824547
0.3835,  0.814298
0.3840,  1.010033
0.3845,  1.156622
0.3850,  1.167539
0.3855,  1.162208
0.3860,  1.123160
0.3865,  1.095336
0.3870,  1.076905
0.3875,  1.053460
0.3880,  1.026421
0.3885,  0.989258
0.3890,  1.026707
0.3895,  1.048107
0.3900,  1.011669
0.3905,  0.971919
0.3910,  0.956726
0.3915,  0.978174
0.3920,  0.884071
0.3925,  0.797939
0.3930,  0.655251
0.3935,  0.442779
0.3940,  0.772449
0.3945,  0.989591
0.3950,  1.087978
0.3955,  1.168647
0.3960,  0.986327
0.3965,  0.770108
0.3970,  0.787809
0.3975,  0.778550
0.3980,  0.957646
0.3985,  1.063550
0.3990,  1.008900
0.3995,  0.966183
0.4000,  0.904376
0.4005,  0.847141
0.4010,  0.810549
0.4015,  0.783437
0.4020,  0.750280
0.4025,  0.730419
0.4030,  0.698987
0.4035,  0.670130
0.4040,  0.658378
0.4045,  0.651105
0.4050,  0.649184
0.4055,  0.649091
0.4060,  0.630110
0.4065,  0.614958
0.4070,  0.633511
0.4075,  0.645484
0.4080,  0.670743
0.4085,  0.697697
0.4090,  0.690078
0.4095,  0.681622
0.4100,  0.631485
0.4105,  0.573030
0.4110,  0.637361
0.4115,  0.692391
0.4120,  0.668363
0.4125,  0.642785
0.4130,  0.626022
0.4135,  0.619933
0.4140,  0.618429
0.4145,  0.612945
0.4150,  0.605405
0.4155,  0.600522
0.4160,  0.622734
0.4165,  0.649178
0.4170,  0.611502
0.4175,  0.566066
0.4180,  0.572171
0.4185,  0.578828
0.4190,  0.584277
0.4195,  0.588673
0.4200,  0.603850
0.4205,  0.621458
0.4210,  0.627556
0.4215,  0.638534
0.4220,  0.589837
0.4225,  0.538648
0.4230,  0.572032
0.4235,  0.605614
0.4240,  0.613454
0.4245,  0.628693
0.4250,  0.609426
0.4255,  0.591842
0.4260,  0.593554
0.4265,  0.603424
0.4270,  0.578017
0.4275,  0.551847
0.4280,  0.560316
0.4285,  0.575976
0.4290,  0.561150
0.4295,  0.553989
0.4300,  0.471845
0.4305,  0.365863
0.4310,  0.568077
0.4315,  0.720239
0.4320,  0.686446
0.4325,  0.644840
0.4330,  0.639391
0.4335,  0.637687
0.4340,  0.609589
0.4345,  0.582386
0.4350,  0.582086
0.4355,  0.579491
0.4360,  0.613033
0.4365,  0.649906
0.4370,  0.612349
0.4375,  0.584763
0.4380,  0.529208
0.4385,  0.459621
0.4390,  0.525527
0.4395,  0.587270
0.4400,  0.556434
0.4405,  0.522237
0.4410,  0.565240
0.4415,  0.601892
0.4420,  0.598193
0.4425,  0.596085
0.4430,  0.571908
0.4435,  0.550346
0.4440,  0.559052
0.4445,  0.569260
0.4450,  0.534877
0.4455,  0.493436
0.4460,  0.502647
0.4465,  0.510827
0.4470,  0.543315
0.4475,  0.573856
0.4480,  0.545877
0.4485,  0.517036
0.4490,  0.521142
0.4495,  0.524205
0.4500,  0.536977
0.4505,  0.552047
0.4510,  0.543807
0.4515,  0.529673
0.4520,  0.490492
0.4525,  0.454970
0.4530,  0.465439
0.4535,  0.479436
0.4540,  0.488239
0.4545,  0.493124
0.4550,  0.501884
0.4555,  0.512787
0.4560,  0.518008
0.4565,  0.521738
0.4570,  0.524728
0.4575,  0.529941
0.4580,  0.503676
0.4585,  0.477556
0.4590,  0.484058
0.4595,  0.489428
0.4600,  0.493315
0.4605,  0.495911
0.4610,  0.495332
0.4615,  0.493552
0.4620,  0.500538
0.4625,  0.510155
0.4630,  0.495225
0.4635,  0.485841
0.4640,  0.478445
0.4645,  0.469786
0.4650,  0.489798
0.4655,  0.508694
0.4660,  0.481954
0.4665,  0.454668
0.4670,  0.474420
0.4675,  0.490175
0.4680,  0.483919
0.4685,  0.485364
0.4690,  0.490880
0.4695,  0.496501
0.4700,  0.476466
0.4705,  0.454919
0.4710,  0.488340
0.4715,  0.515738
0.4720,  0.512169
0.4725,  0.508387
0.4730,  0.492302
0.4735,  0.477502
0.4740,  0.485930
0.4745,  0.494654
0.4750,  0.482901
0.4755,  0.471457
0.4760,  0.455343
0.4765,  0.439917
0.4770,  0.464968
0.4775,  0.490476
0.4780,  0.473660
0.4785,  0.456088
0.4790,  0.468791
0.4795,  0.479156
0.4800,  0.463316
0.4805,  0.451783
0.4810,  0.459864
0.4815,  0.465986
0.4820,  0.450153
0.4825,  0.438916
0.4830,  0.440283
0.4835,  0.442756
0.4840,  0.439160
0.4845,  0.439122
0.4850,  0.425280
0.4855,  0.412960
0.4860,  0.382399
0.4865,  0.339597
0.4870,  0.393085
0.4875,  0.439149
0.4880,  0.450725
0.4885,  0.459006
0.4890,  0.457024
0.4895,  0.455791
0.4900,  0.455720
0.4905,  0.460831
0.4910,  0.432439
0.4915,  0.406031
0.4920,  0.406688
0.4925,  0.405207
0.4930,  0.397351
0.4935,  0.388355
0.4940,  0.419871
0.4945,  0.450509
0.4950,  0.414942
0.4955,  0.379142
0.4960,  0.395832
0.4965,  0.414204
0.4970,  0.415975
0.4975,  0.420233
0.4980,  0.388965
0.4985,  0.356338
0.4990,  0.383768
0.4995,  0.411156
0.5000,  0.391589
0.5005,  0.369989
0.5010,  0.363018
0.5015,  0.351779
0.5020,  0.368745
0.5025,  0.387125
0.5030,  0.397468
0.5035,  0.405614
0.5040,  0.390976
0.5045,  0.373025
0.5050,  0.395792
0.5055,  0.416321
0.5060,  0.402013
0.5065,  0.389736
0.5070,  0.375090
0.5075,  0.361699
0.5080,  0.364607
0.5085,  0.366668
0.5090,  0.365179
0.5095,  0.362856
0.5100,  0.367249
0.5105,  0.373783
0.5110,  0.384812
0.5115,  0.393216
0.5120,  0.362578
0.5125,  0.336388
0.5130,  0.341437
0.5135,  0.344761
0.5140,  0.354587
0.5145,  0.361051
0.5150,  0.368636
0.5155,  0.380348
0.5160,  0.337508
0.5165,  0.294183
0.5170,  0.323199
0.5175,  0.349586
0.5180,  0.336648
0.5185,  0.316295
0.5190,  0.355390
0.5195,  0.390204
0.5200,  0.379174
0.5205,  0.368638
0.5210,  0.377904
0.5215,  0.387416
0.5220,  0.362823
0.5225,  0.339505
0.5230,  0.353101
0.5235,  0.364138
0.5240,  0.373868
0.5245,  0.384457
0.5250,  0.376869
0.5255,  0.374421
0.5260,  0.321944
0.5265,  0.266046
0.5270,  0.309932
0.5275,  0.345600
0.5280,  0.356416
0.5285,  0.363655
0.5290,  0.360300
0.5295,  0.357976
0.5300,  0.359896
0.5305,  0.361429
0.5310,  0.360589
0.5315,  0.363972
0.5320,  0.323065
0.5325,  0.280028
0.5330,  0.322561
0.5335,  0.361234
0.5340,  0.347346
0.5345,  0.329228
0.5350,  0.353811
0.5355,  0.377080
0.5360,  0.347030
0.5365,  0.320498
0.5370,  0.324073
0.5375,  0.329311
0.5380,  0.337298
0.5385,  0.347823
0.5390,  0.336693
0.5395,  0.326404
0.5400,  0.316740
0.5405,  0.307952
0.5410,  0.337735
0.5415,  0.364369
0.5420,  0.348002
0.5425,  0.330626
0.5430,  0.340406
0.5435,  0.349120
0.5440,  0.347223
0.5445,  0.346380
0.5450,  0.352676
0.5455,  0.355312
0.5460,  0.349465
0.5465,  0.345761
0.5470,  0.336205
0.5475,  0.326111
0.5480,  0.332853
0.5485,  0.338573
0.5490,  0.343669
0.5495,  0.348391
0.5500,  0.339213
0.5505,  0.329860
0.5510,  0.331951
0.5515,  0.334992
0.5520,  0.331589
0.5525,  0.327193
0.5530,  0.337215
0.5535,  0.344836
0.5540,  0.346640
0.5545,  0.349308
0.5550,  0.350685
0.5555,  0.351665
0.5560,  0.336212
0.5565,  0.321675
0.5570,  0.330197
0.5575,  0.342074
0.5580,  0.334477
0.5585,  0.326446
0.5590,  0.335046
0.5595,  0.341644
0.5600,  0.348340
0.5605,  0.353700
0.5610,  0.346133
0.5615,  0.337985
0.5620,  0.342833
0.5625,  0.349911
0.5630,  0.354245
0.5635,  0.356947
0.5640,  0.356066
0.5645,  0.356485
0.5650,  0.344949
0.5655,  0.332799
0.5660,  0.339692
0.5665,  0.347256
0.5670,  0.360355
0.5675,  0.374216
0.5680,  0.356731
0.5685,  0.339268
0.5690,  0.353268
0.5695,  0.368581
0.5700,  0.350443
0.5705,  0.329832
0.5710,  0.343031
0.5715,  0.351261
0.5720,  0.359921
0.5725,  0.368994
0.5730,  0.360442
0.5735,  0.353895
0.5740,  0.352596
0.5745,  0.352652
0.5750,  0.345344
0.5755,  0.337387
0.5760,  0.342438
0.5765,  0.345386
0.5770,  0.349120
0.5775,  0.354295
0.5780,  0.337050
0.5785,  0.319920
0.5790,  0.331938
0.5795,  0.343818
0.5800,  0.343956
0.5805,  0.343028
0.5810,  0.343476
0.5815,  0.344957
0.5820,  0.347705
0.5825,  0.346877
0.5830,  0.338995
0.5835,  0.332290
0.5840,  0.334520
0.5845,  0.341943
0.5850,  0.329267
0.5855,  0.315191
0.5860,  0.330393
0.5865,  0.343850
0.5870,  0.349844
0.5875,  0.360017
0.5880,  0.350934
0.5885,  0.344028
0.5890,  0.324185
0.5895,  0.297319
0.5900,  0.356738
0.5905,  0.407346
0.5910,  0.396151
0.5915,  0.382025
0.5920,  0.379474
0.5925,  0.377049
0.5930,  0.368628
0.5935,  0.368067
0.5940,  0.368292
0.5945,  0.363780
0.5950,  0.368048
0.5955,  0.368680
0.5960,  0.368931
0.5965,  0.370764
0.5970,  0.362062
0.5975,  0.355233
0.5980,  0.349197
0.5985,  0.345201
0.5990,  0.354240
0.5995,  0.361183
0.6000,  0.357216
0.6005,  0.355463
0.6010,  0.360345
0.6015,  0.360732
0.6020,  0.347107
0.6025,  0.332354
0.6030,  0.345931
0.6035,  0.362845
0.6040,  0.359402
0.6045,  0.356365
0.6050,  0.354646
0.6055,  0.352584
0.6060,  0.350375
0.6065,  0.348167
0.6070,  0.348126
0.6075,  0.350915
0.6080,  0.355024
0.6085,  0.356221
0.6090,  0.360842
0.6095,  0.363864
0.6100,  0.355678
0.6105,  0.344621
0.6110,  0.353953
0.6115,  0.364595
0.6120,  0.356145
0.6125,  0.350223
0.6130,  0.351964
0.6135,  0.349040
0.6140,  0.361397
0.6145,  0.370564
0.6150,  0.371199
0.6155,  0.373318
0.6160,  0.345356
0.6165,  0.315302
0.6170,  0.340922
0.6175,  0.367155
0.6180,  0.369435
0.6185,  0.375861
0.6190,  0.376537
0.6195,  0.372399
0.6200,  0.377957
0.6205,  0.383187
0.6210,  0.370083
0.6215,  0.357442
0.6220,  0.365665
0.6225,  0.374548
0.6230,  0.368814
0.6235,  0.365789
0.6240,  0.370208
0.6245,  0.372180
0.6250,  0.368928
0.6255,  0.364508
0.6260,  0.379146
0.6265,  0.393931
0.6270,  0.396155
0.6275,  0.397068
0.6280,  0.399309
0.6285,  0.404563
0.6290,  0.406245
0.6295,  0.407229
0.6300,  0.403177
0.6305,  0.395922
0.6310,  0.385281
0.6315,  0.384822
0.6320,  0.381726
0.6325,  0.380506
0.6330,  0.379809
0.6335,  0.381097
0.6340,  0.384083
0.6345,  0.387347
0.6350,  0.387078
0.6355,  0.384506
0.6360,  0.383735
0.6365,  0.378652
0.6370,  0.371456
0.6375,  0.365389
0.6380,  0.364799
0.6385,  0.369974
0.6390,  0.379293
0.6395,  0.380787
0.6400,  0.379900
0.6405,  0.381177
0.6410,  0.378907
0.6415,  0.378904
0.6420,  0.375106
0.6425,  0.370522
0.6430,  0.369012
0.6435,  0.370729
0.6440,  0.374888
0.6445,  0.383013
0.6450,  0.394549
0.6455,  0.400762
0.6460,  0.406103
0.6465,  0.409137
0.6470,  0.406703
0.6475,  0.398187
0.6480,  0.391109
0.6485,  0.385675
0.6490,  0.384187
0.6495,  0.394755
0.6500,  0.400252
0.6505,  0.405284
0.6510,  0.412101
0.6515,  0.413513
0.6520,  0.411676
0.6525,  0.405281
0.6530,  0.402019
0.6535,  0.391631
0.6540,  0.381610
0.6545,  0.378514
0.6550,  0.390824
0.6555,  0.396929
0.6560,  0.397992
0.6565,  0.383702
0.6570,  0.350975
0.6575,  0.358523
0.6580,  0.366458
0.6585,  0.379292
0.6590,  0.395225
0.6595,  0.390916
0.6600,  0.384059
0.6605,  0.375193
0.6610,  0.369242
0.6615,  0.361910
0.6620,  0.358295
0.6625,  0.358731
0.6630,  0.364469
0.6635,  0.377438
0.6640,  0.384284
0.6645,  0.384150
0.6650,  0.381579
0.6655,  0.374352
0.6660,  0.366269
0.6665,  0.361415
0.6670,  0.358004
0.6675,  0.362699
0.6680,  0.362079
0.6685,  0.365592
0.6690,  0.370854
0.6695,  0.369813
0.6700,  0.369239
0.6705,  0.370221
0.6710,  0.374751
0.6715,  0.380525
0.6720,  0.380604
0.6725,  0.376811
0.6730,  0.368803
0.6735,  0.361400
0.6740,  0.360814
0.6745,  0.358063
0.6750,  0.358615
0.6755,  0.366583
0.6760,  0.374732
0.6765,  0.380413
0.6770,  0.383535
0.6775,  0.387816
0.6780,  0.390819
0.6785,  0.388110
0.6790,  0.383246
0.6795,  0.376276
0.6800,  0.371973
0.6805,  0.372367
0.6810,  0.374154
0.6815,  0.375620
0.6820,  0.382755
0.6825,  0.391616
0.6830,  0.399921
0.6835,  0.401910
0.6840,  0.399897
0.6845,  0.395007
0.6850,  0.396193
0.6855,  0.410603
0.6860,  0.443957
0.6865,  0.490969
0.6870,  0.535601
0.6875,  0.562224
0.6880,  0.567643
0.6885,  0.567193
0.6890,  0.568754
0.6895,  0.563199
0.6900,  0.551666
0.6905,  0.537936
0.6910,  0.520832
0.6915,  0.507442
0.6920,  0.496865
0.6925,  0.492483
0.6930,  0.495473
0.6935,  0.497170
0.6940,  0.504820
0.6945,  0.502463
0.6950,  0.495749
0.6955,  0.489124
0.6960,  0.484433
0.6965,  0.478731
0.6970,  0.474637
0.6975,  0.474823
0.6980,  0.476504
0.6985,  0.479600
0.6990,  0.484326
0.6995,  0.484402
0.7000,  0.482053
0.7005,  0.484261
0.7010,  0.488212
0.7015,  0.494733
0.7020,  0.498564
0.7025,  0.493173
0.7030,  0.487915
0.7035,  0.486504
0.7040,  0.490774
0.7045,  0.490208
0.7050,  0.488911
0.7055,  0.486986
0.7060,  0.485078
0.7065,  0.483363
0.7070,  0.481619
0.7075,  0.478162
0.7080,  0.470836
0.7085,  0.467511
0.7090,  0.465668
0.7095,  0.467129
0.7100,  0.470987
0.7105,  0.469989
0.7110,  0.471904
0.7115,  0.474385
0.7120,  0.475170
0.7125,  0.477179
0.7130,  0.473326
0.7135,  0.475719
0.7140,  0.486771
0.7145,  0.495648
0.7150,  0.505313
0.7155,  0.517424
0.7160,  0.546501
0.7165,  0.585675
0.7170,  0.634275
0.7175,  0.684402
0.7180,  0.730320
0.7185,  0.770157
0.7190,  0.800288
0.7195,  0.813917
0.7200,  0.801461
0.7205,  0.768104
0.7210,  0.729458
0.7215,  0.690070
0.7220,  0.679466
0.7225,  0.684435
0.7230,  0.700408
0.7235,  0.720048
0.7240,  0.745410
0.7245,  0.768158
0.7250,  0.773939
0.7255,  0.773399
0.7260,  0.770608
0.7265,  0.764115
0.7270,  0.761859
0.7275,  0.746984
0.7280,  0.746605
0.7285,  0.745874
0.7290,  0.742890
0.7295,  0.741736
0.7300,  0.740224
0.7305,  0.730293
0.7310,  0.717942
0.7315,  0.703702
0.7320,  0.678054
0.7325,  0.650687
0.7330,  0.626958
0.7335,  0.604251
0.7340,  0.590028
0.7345,  0.580479
0.7350,  0.580519
0.7355,  0.588601
0.7360,  0.596236
0.7365,  0.593893
0.7370,  0.589848
0.7375,  0.577283
0.7380,  0.566642
0.7385,  0.567059
0.7390,  0.564562
0.7395,  0.558772
0.7400,  0.551945
0.7405,  0.549642
0.7410,  0.545585
0.7415,  0.551049
0.7420,  0.551234
0.7425,  0.549105
0.7430,  0.546338
0.7435,  0.540945
0.7440,  0.536232
0.7445,  0.535632
0.7450,  0.537006
0.7455,  0.533964
0.7460,  0.529487
0.7465,  0.535532
0.7470,  0.538586
0.7475,  0.533632
0.7480,  0.534090
0.7485,  0.535636
0.7490,  0.537165
0.7495,  0.534473
0.7500,  0.528522
0.7505,  0.529519
0.7510,  0.530614
0.7515,  0.543623
0.7520,  0.544410
0.7525,  0.545156
0.7530,  0.541954
0.7535,  0.549430
0.7540,  0.546618
0.7545,  0.543020
0.7550,  0.543922
0.7555,  0.547292
0.7560,  0.556855
0.7565,  0.569860
0.7570,  0.571949
0.7575,  0.575899
0.7580,  0.600036
0.7585,  0.663370
0.7590,  0.797396
0.7595,  1.030240
0.7600,  1.342524
0.7605,  1.658654
0.7610,  1.863950
0.7615,  1.871581
0.7620,  1.814972
0.7625,  1.785186
0.7630,  1.771543
0.7635,  1.711224
0.7640,  1.638491
0.7645,  1.511861
0.7650,  1.354238
0.7655,  1.207172
0.7660,  1.083683
0.7665,  0.970846
0.7670,  0.874144
0.7675,  0.813715
0.7680,  0.761523
0.7685,  0.722719
0.7690,  0.700386
0.7695,  0.682069
0.7700,  0.666732
0.7705,  0.655650
0.7710,  0.646832
0.7715,  0.632418
0.7720,  0.625234
0.7725,  0.621605
0.7730,  0.620614
0.7735,  0.616714
0.7740,  0.613395
0.7745,  0.615842
0.7750,  0.624511
0.7755,  0.626793
0.7760,  0.623346
0.7765,  0.624152
0.7770,  0.620859
0.7775,  0.619021
0.7780,  0.616912
0.7785,  0.616970
0.7790,  0.615996
0.7795,  0.623711
0.7800,  0.638482
0.7805,  0.644568
0.7810,  0.644855
0.7815,  0.658325
0.7820,  0.665046
0.7825,  0.662657
0.7830,  0.665311
0.7835,  0.656646
0.7840,  0.648926
0.7845,  0.646262
0.7850,  0.660444
0.7855,  0.669345
0.7860,  0.673408
0.7865,  0.681872
0.7870,  0.694558
0.7875,  0.704928
0.7880,  0.717134
0.7885,  0.725365
0.7890,  0.727594
0.7895,  0.730701
0.7900,  0.738753
0.7905,  0.749109
0.7910,  0.751542
0.7915,  0.750487
0.7920,  0.758054
0.7925,  0.768611
0.7930,  0.769475
0.7935,  0.766641
0.7940,  0.756579
0.7945,  0.743703
0.7950,  0.737247
0.7955,  0.740393
0.7960,  0.741762
0.7965,  0.755358
0.7970,  0.750072
0.7975,  0.756390
0.7980,  0.761502
0.7985,  0.761109
0.7990,  0.763542
0.7995,  0.767396
0.8000,  0.782687
0.8005,  0.777352
0.8010,  0.773577
0.8015,  0.772395
0.8020,  0.768728
0.8025,  0.761512
0.8030,  0.767433
0.8035,  0.783123
0.8040,  0.781818
0.8045,  0.795811
0.8050,  0.799267
0.8055,  0.796463
0.8060,  0.801196
0.8065,  0.794361
0.8070,  0.799981
0.8075,  0.798899
0.8080,  0.791671
0.8085,  0.783720
0.8090,  0.794097
0.8095,  0.827334
0.8100,  0.845749
0.8105,  0.870516
0.8110,  0.897502
0.8115,  0.914002
0.8120,  0.926283
0.8125,  0.976286
0.8130,  1.034308
0.8135,  1.087698
0.8140,  1.139666
0.8145,  1.202575
0.8150,  1.267445
0.8155,  1.340893
0.8160,  1.428628
0.8165,  1.453835
0.8170,  1.456976
0.8175,  1.416525
0.8180,  1.362866
0.8185,  1.327222
0.8190,  1.281099
0.8195,  1.255784
0.8200,  1.213654
0.8205,  1.174133
0.8210,  1.152050
0.8215,  1.189925
0.8220,  1.268767
0.8225,  1.352639
0.8230,  1.427716
0.8235,  1.421241
0.8240,  1.344665
0.8245,  1.257391
0.8250,  1.179890
0.8255,  1.146164
0.8260,  1.136730
0.8265,  1.121412
0.8270,  1.143912
0.8275,  1.179859
0.8280,  1.232308
0.8285,  1.258861
0.8290,  1.235638
0.8295,  1.195150
0.8300,  1.161880
0.8305,  1.168659
0.8310,  1.201594
0.8315,  1.227824
0.8320,  1.244398
0.8325,  1.278044
0.8330,  1.265681
0.8335,  1.232342
0.8340,  1.196631
0.8345,  1.140438
0.8350,  1.096133
0.8355,  1.080493
0.8360,  1.067449
0.8365,  1.065940
0.8370,  1.065909
0.8375,  1.065373
0.8380,  1.044403
0.8385,  1.041183
0.8390,  1.036152
0.8395,  1.027106
0.8400,  1.016948
0.8405,  1.018138
0.8410,  1.017121
0.8415,  1.025319
0.8420,  1.051876
0.8425,  1.062669
0.8430,  1.086511
0.8435,  1.116827
0.8440,  1.122164
0.8445,  1.113827
0.8450,  1.094775
0.8455,  1.062186
0.8460,  1.054799
0.8465,  1.074771
0.8470,  1.092377
0.8475,  1.085957
0.8480,  1.101727
0.8485,  1.108473
0.8490,  1.128381
0.8495,  1.160597
0.8500,  1.171082
0.8505,  1.181146
0.8510,  1.165639
0.8515,  1.165935
0.8520,  1.167971
0.8525,  1.153929
0.8530,  1.168784
0.8535,  1.210378
0.8540,  1.315320
0.8545,  1.401842
0.8550,  1.388068
0.8555,  1.302617
0.8560,  1.255414
0.8565,  1.223142
0.8570,  1.196651
0.8575,  1.168929
0.8580,  1.172502
0.8585,  1.169911
0.8590,  1.221109
0.8595,  1.250270
0.8600,  1.265173
0.8605,  1.271084
0.8610,  1.224382
0.8615,  1.196603
0.8620,  1.196880
0.8625,  1.216157
0.8630,  1.257772
0.8635,  1.286456
0.8640,  1.289745
0.8645,  1.319269
0.8650,  1.385621
0.8655,  1.486512
0.8660,  1.610000
0.8665,  1.645025
0.8670,  1.612977
0.8675,  1.575960
0.8680,  1.531023
0.8685,  1.491523
0.8690,  1.407662
0.8695,  1.413958
0.8700,  1.442632
0.8705,  1.414563
0.8710,  1.418109
0.8715,  1.439272
0.8720,  1.494985
0.8725,  1.562333
0.8730,  1.566891
0.8735,  1.554246
0.8740,  1.605794
0.8745,  1.708095
0.8750,  1.751474
0.8755,  1.815486
0.8760,  1.798081
0.8765,  1.750741
0.8770,  1.764610
0.8775,  1.797728
0.8780,  1.888961
0.8785,  1.863448
0.8790,  1.885055
0.8795,  1.937837
0.8800,  2.071511
0.8805,  2.065617
0.8810,  2.001755
0.8815,  2.089946
0.8820,  2.093038
0.8825,  2.190059
0.8830,  2.163241
0.8835,  1.989714
0.8840,  1.964283
0.8845,  2.006138
0.8850,  2.071640
0.8855,  2.148067
0.8860,  2.283788
0.8865,  2.341275
0.8870,  2.209074
0.8875,  2.188789
0.8880,  2.232795
0.8885,  2.302467
0.8890,  2.267586
0.8895,  2.360657
0.8900,  2.317356
