0.3500,  0.359943
0.3505,  0.409482
0.3510,  0.380990
0.3515,  0.351943
0.3520,  0.319940
0.3525,  0.283525
0.3530,  0.318535
0.3535,  0.349706
0.3540,  0.365986
0.3545,  0.385657
0.3550,  0.364449
0.3555,  0.349574
0.3560,  0.317781
0.3565,  0.286668
0.3570,  0.260828
0.3575,  0.230218
0.3580,  0.194697
0.3585,  0.148169
0.3590,  0.279550
0.3595,  0.385002
0.3600,  0.368092
0.3605,  0.352648
0.3610,  0.309330
0.3615,  0.264808
0.3620,  0.300017
0.3625,  0.331390
0.3630,  0.319946
0.3635,  0.306890
0.3640,  0.297950
0.3645,  0.286967
0.3650,  0.314619
0.3655,  0.337483
0.3660,  0.344620
0.3665,  0.355185
0.3670,  0.331353
0.3675,  0.311106
0.3680,  0.284532
0.3685,  0.257220
0.3690,  0.294054
0.3695,  0.329331
0.3700,  0.303694
0.3705,  0.279103
0.3710,  0.293748
0.3715,  0.310964
0.3720,  0.284557
0.3725,  0.260224
0.3730,  0.232418
0.3735,  0.201818
0.3740,  0.209561
0.3745,  0.211687
0.3750,  0.273791
0.3755,  0.321573
0.3760,  0.312735
0.3765,  0.297452
0.3770,  0.332556
0.3775,  0.364018
0.3780,  0.356227
0.3785,  0.355750
0.3790,  0.278341
0.3795,  0.198656
0.3800,  0.247913
0.3805,  0.298199
0.3810,  0.277565
0.3815,  0.263127
0.3820,  0.193032
0.3825,  0.110227
0.3830,  0.093988
0.3835,  0.062637
0.3840,  0.197656
0.3845,  0.298915
0.3850,  0.299704
0.3855,  0.297199
0.3860,  0.281146
0.3865,  0.269345
0.3870,  0.259113
0.3875,  0.250600
0.3880,  0.236183
0.3885,  0.216501
0.3890,  0.263168
0.3895,  0.301152
0.3900,  0.298596
0.3905,  0.295804
0.3910,  0.307237
0.3915,  0.331651
0.3920,  0.255679
0.3925,  0.180316
0.3930,  0.046120
0.3935,  -0.147833
0.3940,  0.091852
0.3945,  0.258111
0.3950,  0.336449
0.3955,  0.404853
0.3960,  0.262951
0.3965,  0.092293
0.3970,  0.113333
0.3975,  0.118909
0.3980,  0.274455
0.3985,  0.377098
0.3990,  0.358294
0.3995,  0.343635
0.4000,  0.310417
0.4005,  0.285986
0.4010,  0.277856
0.4015,  0.274051
0.4020,  0.264774
0.4025,  0.259721
0.4030,  0.239432
0.4035,  0.221404
0.4040,  0.219183
0.4045,  0.217954
0.4050,  0.218993
0.4055,  0.221966
0.4060,  0.210063
0.4065,  0.196647
0.4070,  0.207186
0.4075,  0.214735
0.4080,  0.233030
0.4085,  0.249967
0.4090,  0.242882
0.4095,  0.237188
0.4100,  0.196754
0.4105,  0.153452
0.4110,  0.210790
0.4115,  0.259132
0.4120,  0.243527
0.4125,  0.230117
0.4130,  0.218329
0.4135,  0.207920
0.4140,  0.202055
0.4145,  0.196604
0.4150,  0.193542
0.4155,  0.190190
0.4160,  0.210015
0.4165,  0.230885
0.4170,  0.197497
0.4175,  0.163272
0.4180,  0.170046
0.4185,  0.176716
0.4190,  0.181723
0.4195,  0.186335
0.4200,  0.196931
0.4205,  0.204919
0.4210,  0.210804
0.4215,  0.217795
0.4220,  0.175257
0.4225,  0.131273
0.4230,  0.162832
0.4235,  0.191836
0.4240,  0.202940
0.4245,  0.213290
0.4250,  0.199181
0.4255,  0.184787
0.4260,  0.187519
0.4265,  0.192643
0.4270,  0.169210
0.4275,  0.145248
0.4280,  0.156244
0.4285,  0.169390
0.4290,  0.158509
0.4295,  0.150794
0.4300,  0.082481
0.4305,  -0.003464
0.4310,  0.151616
0.4315,  0.264502
0.4320,  0.236864
0.4325,  0.207204
0.4330,  0.206073
0.4335,  0.208879
0.4340,  0.188075
0.4345,  0.166157
0.4350,  0.167648
0.4355,  0.168260
0.4360,  0.198442
0.4365,  0.228566
0.4370,  0.203688
0.4375,  0.183177
0.4380,  0.140613
0.4385,  0.094378
0.4390,  0.153063
0.4395,  0.204311
0.4400,  0.177003
0.4405,  0.145827
0.4410,  0.179438
0.4415,  0.208920
0.4420,  0.205989
0.4425,  0.205395
0.4430,  0.185194
0.4435,  0.166598
0.4440,  0.176522
0.4445,  0.188459
0.4450,  0.160275
0.4455,  0.132957
0.4460,  0.146847
0.4465,  0.156126
0.4470,  0.183351
0.4475,  0.209628
0.4480,  0.183332
0.4485,  0.157645
0.4490,  0.160735
0.4495,  0.164208
0.4500,  0.177822
0.4505,  0.191025
0.4510,  0.181578
0.4515,  0.175995
0.4520,  0.150798
0.4525,  0.125910
0.4530,  0.137593
0.4535,  0.147994
0.4540,  0.151454
0.4545,  0.152703
0.4550,  0.161311
0.4555,  0.166573
0.4560,  0.167897
0.4565,  0.170283
0.4570,  0.170411
0.4575,  0.172314
0.4580,  0.151527
0.4585,  0.131450
0.4590,  0.140542
0.4595,  0.148328
0.4600,  0.153185
0.4605,  0.156140
0.4610,  0.155630
0.4615,  0.154727
0.4620,  0.159083
0.4625,  0.164809
0.4630,  0.154373
0.4635,  0.145205
0.4640,  0.138342
0.4645,  0.132770
0.4650,  0.149084
0.4655,  0.164232
0.4660,  0.147665
0.4665,  0.127975
0.4670,  0.145195
0.4675,  0.162605
0.4680,  0.158774
0.4685,  0.153573
0.4690,  0.154885
0.4695,  0.156965
0.4700,  0.138233
0.4705,  0.118637
0.4710,  0.143682
0.4715,  0.164579
0.4720,  0.165523
0.4725,  0.166929
0.4730,  0.154981
0.4735,  0.144383
0.4740,  0.153971
0.4745,  0.163180
0.4750,  0.156945
0.4755,  0.152200
0.4760,  0.142770
0.4765,  0.132550
0.4770,  0.153142
0.4775,  0.171190
0.4780,  0.157684
0.4785,  0.144346
0.4790,  0.153450
0.4795,  0.163329
0.4800,  0.157170
0.4805,  0.149133
0.4810,  0.157616
0.4815,  0.168424
0.4820,  0.159203
0.4825,  0.148793
0.4830,  0.151234
0.4835,  0.155485
0.4840,  0.153527
0.4845,  0.155482
0.4850,  0.146150
0.4855,  0.137724
0.4860,  0.112459
0.4865,  0.078878
0.4870,  0.122933
0.4875,  0.157420
0.4880,  0.163886
0.4885,  0.169662
0.4890,  0.169586
0.4895,  0.170525
0.4900,  0.173901
0.4905,  0.180225
0.4910,  0.160626
0.4915,  0.141851
0.4920,  0.145076
0.4925,  0.146269
0.4930,  0.142316
0.4935,  0.136816
0.4940,  0.163233
0.4945,  0.188156
0.4950,  0.162145
0.4955,  0.137183
0.4960,  0.152555
0.4965,  0.169240
0.4970,  0.171713
0.4975,  0.174077
0.4980,  0.150168
0.4985,  0.125989
0.4990,  0.148405
0.4995,  0.170371
0.5000,  0.154519
0.5005,  0.138304
0.5010,  0.133548
0.5015,  0.127650
0.5020,  0.144081
0.5025,  0.158474
0.5030,  0.164705
0.5035,  0.171620
0.5040,  0.157600
0.5045,  0.142347
0.5050,  0.161613
0.5055,  0.178474
0.5060,  0.168213
0.5065,  0.161873
0.5070,  0.153124
0.5075,  0.145080
0.5080,  0.149600
0.5085,  0.152529
0.5090,  0.150889
0.5095,  0.148239
0.5100,  0.151413
0.5105,  0.155003
0.5110,  0.162448
0.5115,  0.171008
0.5120,  0.149326
0.5125,  0.128693
0.5130,  0.131755
0.5135,  0.135626
0.5140,  0.141513
0.5145,  0.145412
0.5150,  0.153835
0.5155,  0.166034
0.5160,  0.132311
0.5165,  0.098454
0.5170,  0.123753
0.5175,  0.143312
0.5180,  0.129314
0.5185,  0.108890
0.5190,  0.135952
0.5195,  0.159785
0.5200,  0.150243
0.5205,  0.142882
0.5210,  0.151496
0.5215,  0.162144
0.5220,  0.145214
0.5225,  0.128900
0.5230,  0.140184
0.5235,  0.149712
0.5240,  0.156688
0.5245,  0.165329
0.5250,  0.160685
0.5255,  0.161160
0.5260,  0.121994
0.5265,  0.078871
0.5270,  0.114548
0.5275,  0.142981
0.5280,  0.149458
0.5285,  0.152695
0.5290,  0.147943
0.5295,  0.146006
0.5300,  0.147925
0.5305,  0.151770
0.5310,  0.154691
0.5315,  0.159932
0.5320,  0.129187
0.5325,  0.098016
0.5330,  0.132151
0.5335,  0.161775
0.5340,  0.147453
0.5345,  0.130358
0.5350,  0.150364
0.5355,  0.171197
0.5360,  0.148832
0.5365,  0.128231
0.5370,  0.133025
0.5375,  0.136407
0.5380,  0.142480
0.5385,  0.149242
0.5390,  0.140132
0.5395,  0.131390
0.5400,  0.124107
0.5405,  0.114479
0.5410,  0.136394
0.5415,  0.156144
0.5420,  0.143596
0.5425,  0.130621
0.5430,  0.138710
0.5435,  0.147317
0.5440,  0.145659
0.5445,  0.144116
0.5450,  0.147384
0.5455,  0.151229
0.5460,  0.147632
0.5465,  0.144938
0.5470,  0.137478
0.5475,  0.129638
0.5480,  0.135456
0.5485,  0.140300
0.5490,  0.144660
0.5495,  0.149787
0.5500,  0.143528
0.5505,  0.136860
0.5510,  0.139055
0.5515,  0.141517
0.5520,  0.136282
0.5525,  0.132099
0.5530,  0.139520
0.5535,  0.145145
0.5540,  0.147057
0.5545,  0.149444
0.5550,  0.149759
0.5555,  0.151800
0.5560,  0.141290
0.5565,  0.130611
0.5570,  0.139691
0.5575,  0.148319
0.5580,  0.139998
0.5585,  0.131503
0.5590,  0.137957
0.5595,  0.141549
0.5600,  0.146871
0.5605,  0.151716
0.5610,  0.145966
0.5615,  0.141085
0.5620,  0.145664
0.5625,  0.150758
0.5630,  0.153315
0.5635,  0.155976
0.5640,  0.155843
0.5645,  0.156978
0.5650,  0.148982
0.5655,  0.139717
0.5660,  0.146607
0.5665,  0.152335
0.5670,  0.162744
0.5675,  0.173759
0.5680,  0.160927
0.5685,  0.149073
0.5690,  0.161525
0.5695,  0.174024
0.5700,  0.159138
0.5705,  0.141535
0.5710,  0.150258
0.5715,  0.158101
0.5720,  0.166309
0.5725,  0.175029
0.5730,  0.170354
0.5735,  0.167703
0.5740,  0.167951
0.5745,  0.169249
0.5750,  0.164646
0.5755,  0.159199
0.5760,  0.162877
0.5765,  0.166097
0.5770,  0.169637
0.5775,  0.173172
0.5780,  0.160610
0.5785,  0.146416
0.5790,  0.153436
0.5795,  0.158909
0.5800,  0.157181
0.5805,  0.155886
0.5810,  0.156592
0.5815,  0.157513
0.5820,  0.159807
0.5825,  0.162031
0.5830,  0.157604
0.5835,  0.153601
0.5840,  0.155291
0.5845,  0.158121
0.5850,  0.146849
0.5855,  0.136263
0.5860,  0.149452
0.5865,  0.162044
0.5870,  0.171473
0.5875,  0.184148
0.5880,  0.178207
0.5885,  0.174150
0.5890,  0.157493
0.5895,  0.132463
0.5900,  0.173739
0.5905,  0.207859
0.5910,  0.196413
0.5915,  0.185926
0.5920,  0.185092
0.5925,  0.185137
0.5930,  0.180679
0.5935,  0.177597
0.5940,  0.175566
0.5945,  0.173628
0.5950,  0.177090
0.5955,  0.178234
0.5960,  0.180677
0.5965,  0.182353
0.5970,  0.175305
0.5975,  0.168287
0.5980,  0.163403
0.5985,  0.159458
0.5990,  0.163539
0.5995,  0.169661
0.6000,  0.167490
0.6005,  0.163538
0.6010,  0.164932
0.6015,  0.163966
0.6020,  0.153558
0.6025,  0.142321
0.6030,  0.151936
0.6035,  0.163670
0.6040,  0.162060
0.6045,  0.161795
0.6050,  0.161525
0.6055,  0.160460
0.6060,  0.159710
0.6065,  0.158054
0.6070,  0.157476
0.6075,  0.158029
0.6080,  0.157368
0.6085,  0.158923
0.6090,  0.163059
0.6095,  0.166580
0.6100,  0.159764
0.6105,  0.151159
0.6110,  0.158784
0.6115,  0.166359
0.6120,  0.158611
0.6125,  0.152262
0.6130,  0.150804
0.6135,  0.149619
0.6140,  0.158144
0.6145,  0.167205
0.6150,  0.170454
0.6155,  0.172537
0.6160,  0.151802
0.6165,  0.128315
0.6170,  0.146286
0.6175,  0.163192
0.6180,  0.164667
0.6185,  0.168569
0.6190,  0.165473
0.6195,  0.162650
0.6200,  0.168263
0.6205,  0.173004
0.6210,  0.163469
0.6215,  0.154340
0.6220,  0.160562
0.6225,  0.166871
0.6230,  0.162090
0.6235,  0.157619
0.6240,  0.161445
0.6245,  0.164173
0.6250,  0.161713
0.6255,  0.156453
0.6260,  0.168738
0.6265,  0.181898
0.6270,  0.183342
0.6275,  0.187197
0.6280,  0.191740
0.6285,  0.196555
0.6290,  0.195960
0.6295,  0.193691
0.6300,  0.188798
0.6305,  0.183296
0.6310,  0.175050
0.6315,  0.171677
0.6320,  0.169121
0.6325,  0.165983
0.6330,  0.164249
0.6335,  0.164411
0.6340,  0.165471
0.6345,  0.167909
0.6350,  0.170953
0.6355,  0.171935
0.6360,  0.169905
0.6365,  0.166503
0.6370,  0.162046
0.6375,  0.157333
0.6380,  0.154943
0.6385,  0.155854
0.6390,  0.158660
0.6395,  0.158865
0.6400,  0.159370
0.6405,  0.160107
0.6410,  0.157762
0.6415,  0.158317
0.6420,  0.157363
0.6425,  0.154253
0.6430,  0.151821
0.6435,  0.150959
0.6440,  0.152777
0.6445,  0.157884
0.6450,  0.165859
0.6455,  0.172013
0.6460,  0.178140
0.6465,  0.181666
0.6470,  0.182903
0.6475,  0.179248
0.6480,  0.175309
0.6485,  0.171208
0.6490,  0.164673
0.6495,  0.167135
0.6500,  0.168509
0.6505,  0.169854
0.6510,  0.174706
0.6515,  0.174395
0.6520,  0.173835
0.6525,  0.172283
0.6530,  0.169249
0.6535,  0.161569
0.6540,  0.158200
0.6545,  0.161037
0.6550,  0.170488
0.6555,  0.171556
0.6560,  0.166586
0.6565,  0.149560
0.6570,  0.120943
0.6575,  0.125875
0.6580,  0.130377
0.6585,  0.140156
0.6590,  0.153448
0.6595,  0.150574
0.6600,  0.148346
0.6605,  0.144795
0.6610,  0.142433
0.6615,  0.138131
0.6620,  0.135211
0.6625,  0.135526
0.6630,  0.138135
0.6635,  0.141255
0.6640,  0.146029
0.6645,  0.148988
0.6650,  0.150113
0.6655,  0.147183
0.6660,  0.143203
0.6665,  0.138969
0.6670,  0.134058
0.6675,  0.132113
0.6680,  0.132051
0.6685,  0.133014
0.6690,  0.135485
0.6695,  0.135840
0.6700,  0.136992
0.6705,  0.138269
0.6710,  0.138569
0.6715,  0.141502
0.6720,  0.141646
0.6725,  0.139316
0.6730,  0.136077
0.6735,  0.132051
0.6740,  0.128217
0.6745,  0.126762
0.6750,  0.127376
0.6755,  0.129713
0.6760,  0.132859
0.6765,  0.136328
0.6770,  0.139071
0.6775,  0.139771
0.6780,  0.139102
0.6785,  0.138119
0.6790,  0.136139
0.6795,  0.134441
0.6800,  0.132992
0.6805,  0.130915
0.6810,  0.131316
0.6815,  0.132322
0.6820,  0.134271
0.6825,  0.137929
0.6830,  0.141876
0.6835,  0.143912
0.6840,  0.145197
0.6845,  0.145138
0.6850,  0.148909
0.6855,  0.167402
0.6860,  0.197195
0.6865,  0.234268
0.6870,  0.267380
0.6875,  0.284443
0.6880,  0.282485
0.6885,  0.272577
0.6890,  0.261953
0.6895,  0.253023
0.6900,  0.245823
0.6905,  0.236848
0.6910,  0.226335
0.6915,  0.217886
0.6920,  0.213665
0.6925,  0.213007
0.6930,  0.214101
0.6935,  0.216680
0.6940,  0.218315
0.6945,  0.215328
0.6950,  0.209563
0.6955,  0.199395
0.6960,  0.188100
0.6965,  0.177877
0.6970,  0.171025
0.6975,  0.173348
0.6980,  0.179823
0.6985,  0.187875
0.6990,  0.196829
0.6995,  0.198272
0.7000,  0.196577
0.7005,  0.193306
0.7010,  0.189773
0.7015,  0.189060
0.7020,  0.188729
0.7025,  0.188155
0.7030,  0.185277
0.7035,  0.184863
0.7040,  0.185055
0.7045,  0.185718
0.7050,  0.187915
0.7055,  0.185350
0.7060,  0.182319
0.7065,  0.178795
0.7070,  0.173458
0.7075,  0.168979
0.7080,  0.164987
0.7085,  0.162099
0.7090,  0.160241
0.7095,  0.160882
0.7100,  0.161869
0.7105,  0.163265
0.7110,  0.165358
0.7115,  0.166294
0.7120,  0.167795
0.7125,  0.167830
0.7130,  0.167998
0.7135,  0.170175
0.7140,  0.172889
0.7145,  0.178227
0.7150,  0.186693
0.7155,  0.201954
0.7160,  0.227105
0.7165,  0.261906
0.7170,  0.302696
0.7175,  0.341174
0.7180,  0.370853
0.7185,  0.389435
0.7190,  0.397448
0.7195,  0.393614
0.7200,  0.374976
0.7205,  0.344786
0.7210,  0.308690
0.7215,  0.280205
0.7220,  0.270109
0.7225,  0.276639
0.7230,  0.296147
0.7235,  0.318761
0.7240,  0.337503
0.7245,  0.348668
0.7250,  0.352000
0.7255,  0.349495
0.7260,  0.345946
0.7265,  0.343400
0.7270,  0.340457
0.7275,  0.336512
0.7280,  0.331929
0.7285,  0.326703
0.7290,  0.322034
0.7295,  0.319168
0.7300,  0.316404
0.7305,  0.311130
0.7310,  0.301261
0.7315,  0.286704
0.7320,  0.269072
0.7325,  0.249010
0.7330,  0.229777
0.7335,  0.215354
0.7340,  0.206191
0.7345,  0.202471
0.7350,  0.202377
0.7355,  0.204295
0.7360,  0.206452
0.7365,  0.204708
0.7370,  0.201649
0.7375,  0.195334
0.7380,  0.189702
0.7385,  0.184510
0.7390,  0.179840
0.7395,  0.174761
0.7400,  0.168491
0.7405,  0.163307
0.7410,  0.159339
0.7415,  0.161852
0.7420,  0.163297
0.7425,  0.162875
0.7430,  0.161831
0.7435,  0.157502
0.7440,  0.155526
0.7445,  0.155046
0.7450,  0.154272
0.7455,  0.154125
0.7460,  0.153905
0.7465,  0.152750
0.7470,  0.152139
0.7475,  0.150317
0.7480,  0.148301
0.7485,  0.147484
0.7490,  0.146875
0.7495,  0.148041
0.7500,  0.149727
0.7505,  0.149432
0.7510,  0.149719
0.7515,  0.150385
0.7520,  0.148457
0.7525,  0.147336
0.7530,  0.146569
0.7535,  0.144529
0.7540,  0.142610
0.7545,  0.143061
0.7550,  0.143933
0.7555,  0.144505
0.7560,  0.146122
0.7565,  0.146900
0.7570,  0.147584
0.7575,  0.155622
0.7580,  0.181008
0.7585,  0.238538
0.7590,  0.338985
0.7595,  0.491333
0.7600,  0.665939
0.7605,  0.801079
0.7610,  0.848919
0.7615,  0.812772
0.7620,  0.755744
0.7625,  0.724342
0.7630,  0.709971
0.7635,  0.688873
0.7640,  0.647825
0.7645,  0.583642
0.7650,  0.511283
0.7655,  0.438718
0.7660,  0.370630
0.7665,  0.311189
0.7670,  0.259823
0.7675,  0.227558
0.7680,  0.205281
0.7685,  0.191371
0.7690,  0.182591
0.7695,  0.174983
0.7700,  0.169371
0.7705,  0.163378
0.7710,  0.159743
0.7715,  0.156239
0.7720,  0.151793
0.7725,  0.150733
0.7730,  0.149062
0.7735,  0.145522
0.7740,  0.144787
0.7745,  0.142036
0.7750,  0.138934
0.7755,  0.138503
0.7760,  0.138556
0.7765,  0.140990
0.7770,  0.143064
0.7775,  0.144629
0.7780,  0.144362
0.7785,  0.141192
0.7790,  0.140487
0.7795,  0.141282
0.7800,  0.142549
0.7805,  0.144727
0.7810,  0.144870
0.7815,  0.140738
0.7820,  0.139009
0.7825,  0.138435
0.7830,  0.138696
0.7835,  0.143153
0.7840,  0.144907
0.7845,  0.146624
0.7850,  0.146792
0.7855,  0.146810
0.7860,  0.149611
0.7865,  0.153682
0.7870,  0.158706
0.7875,  0.164028
0.7880,  0.169275
0.7885,  0.174306
0.7890,  0.179486
0.7895,  0.181264
0.7900,  0.181470
0.7905,  0.176965
0.7910,  0.174045
0.7915,  0.173081
0.7920,  0.170809
0.7925,  0.171844
0.7930,  0.171008
0.7935,  0.167788
0.7940,  0.166373
0.7945,  0.164590
0.7950,  0.165226
0.7955,  0.172468
0.7960,  0.178985
0.7965,  0.181925
0.7970,  0.181244
0.7975,  0.175806
0.7980,  0.170562
0.7985,  0.167361
0.7990,  0.167676
0.7995,  0.172405
0.8000,  0.176114
0.8005,  0.180331
0.8010,  0.182912
0.8015,  0.180510
0.8020,  0.178373
0.8025,  0.175164
0.8030,  0.173312
0.8035,  0.172493
0.8040,  0.170854
0.8045,  0.169540
0.8050,  0.164946
0.8055,  0.161789
0.8060,  0.160597
0.8065,  0.159845
0.8070,  0.162119
0.8075,  0.160776
0.8080,  0.159429
0.8085,  0.159776
0.8090,  0.160161
0.8095,  0.168797
0.8100,  0.178882
0.8105,  0.190567
0.8110,  0.203606
0.8115,  0.217395
0.8120,  0.234080
0.8125,  0.254710
0.8130,  0.278641
0.8135,  0.300010
0.8140,  0.321312
0.8145,  0.342471
0.8150,  0.361959
0.8155,  0.379993
0.8160,  0.391969
0.8165,  0.395631
0.8170,  0.392014
0.8175,  0.377750
0.8180,  0.364942
0.8185,  0.349872
0.8190,  0.330336
0.8195,  0.316252
0.8200,  0.294177
0.8205,  0.277011
0.8210,  0.275712
0.8215,  0.293125
0.8220,  0.329142
0.8225,  0.365129
0.8230,  0.376287
0.8235,  0.354726
0.8240,  0.315676
0.8245,  0.277239
0.8250,  0.252337
0.8255,  0.245351
0.8260,  0.249029
0.8265,  0.257355
0.8270,  0.271481
0.8275,  0.285942
0.8280,  0.293968
0.8285,  0.293962
0.8290,  0.286714
0.8295,  0.276177
0.8300,  0.268464
0.8305,  0.259933
0.8310,  0.255558
0.8315,  0.252559
0.8320,  0.247882
0.8325,  0.246300
0.8330,  0.240795
0.8335,  0.231541
0.8340,  0.222002
0.8345,  0.213629
0.8350,  0.205323
0.8355,  0.199772
0.8360,  0.195320
0.8365,  0.190336
0.8370,  0.187942
0.8375,  0.184179
0.8380,  0.179943
0.8385,  0.173318
0.8390,  0.165505
0.8395,  0.160460
0.8400,  0.156459
0.8405,  0.156591
0.8410,  0.156974
0.8415,  0.157054
0.8420,  0.156891
0.8425,  0.151878
0.8430,  0.150555
0.8435,  0.147751
0.8440,  0.144702
0.8445,  0.145070
0.8450,  0.141389
0.8455,  0.139381
0.8460,  0.139487
0.8465,  0.139192
0.8470,  0.139859
0.8475,  0.139449
0.8480,  0.141546
0.8485,  0.139272
0.8490,  0.139265
0.8495,  0.139923
0.8500,  0.132154
0.8505,  0.134910
0.8510,  0.133779
0.8515,  0.131716
0.8520,  0.137496
0.8525,  0.124881
0.8530,  0.121090
0.8535,  0.122640
0.8540,  0.114179
0.8545,  0.132668
0.8550,  0.135200
0.8555,  0.131330
0.8560,  0.131206
0.8565,  0.124779
0.8570,  0.125690
0.8575,  0.127070
0.8580,  0.129790
0.8585,  0.128804
0.8590,  0.128438
0.8595,  0.128792
0.8600,  0.128174
0.8605,  0.126283
0.8610,  0.125293
0.8615,  0.123602
0.8620,  0.123173
0.8625,  0.123464
0.8630,  0.123791
0.8635,  0.126798
0.8640,  0.132045
0.8645,  0.123086
0.8650,  0.118934
0.8655,  0.114569
0.8660,  0.105693
0.8665,  0.115258
0.8670,  0.116393
0.8675,  0.116439
0.8680,  0.115164
0.8685,  0.114640
0.8690,  0.115978
0.8695,  0.118374
0.8700,  0.124381
0.8705,  0.125287
0.8710,  0.127713
0.8715,  0.128948
0.8720,  0.130370
0.8725,  0.133598
0.8730,  0.134865
0.8735,  0.138359
0.8740,  0.140122
0.8745,  0.139055
0.8750,  0.139160
0.8755,  0.135750
0.8760,  0.134090
0.8765,  0.136334
0.8770,  0.135511
0.8775,  0.139329
0.8780,  0.141463
0.8785,  0.137806
0.8790,  0.137379
0.8795,  0.133667
0.8800,  0.130674
0.8805,  0.129503
0.8810,  0.126713
0.8815,  0.122732
0.8820,  0.120546
0.8825,  0.122227
0.8830,  0.124100
0.8835,  0.128391
0.8840,  0.132245
0.8845,  0.131233
0.8850,  0.132450
0.8855,  0.130048
0.8860,  0.129058
0.8865,  0.131537
0.8870,  0.127798
0.8875,  0.127327
0.8880,  0.125341
0.8885,  0.125238
0.8890,  0.129789
0.8895,  0.134094
0.8900,  0.139558
