0.3500,  0.417616
0.3505,  0.475475
0.3510,  0.441628
0.3515,  0.405479
0.3520,  0.364421
0.3525,  0.316007
0.3530,  0.348999
0.3535,  0.381881
0.3540,  0.396138
0.3545,  0.426271
0.3550,  0.405885
0.3555,  0.394325
0.3560,  0.358967
0.3565,  0.322904
0.3570,  0.303012
0.3575,  0.268260
0.3580,  0.225635
0.3585,  0.166697
0.3590,  0.323964
0.3595,  0.456835
0.3600,  0.439133
0.3605,  0.424107
0.3610,  0.372198
0.3615,  0.321123
0.3620,  0.366323
0.3625,  0.402018
0.3630,  0.382766
0.3635,  0.362261
0.3640,  0.346195
0.3645,  0.328141
0.3650,  0.357798
0.3655,  0.382261
0.3660,  0.386675
0.3665,  0.392793
0.3670,  0.354724
0.3675,  0.323529
0.3680,  0.286544
0.3685,  0.249971
0.3690,  0.294932
0.3695,  0.339518
0.3700,  0.308439
0.3705,  0.274281
0.3710,  0.293351
0.3715,  0.317211
0.3720,  0.286590
0.3725,  0.258364
0.3730,  0.227860
0.3735,  0.196865
0.3740,  0.214881
0.3745,  0.222777
0.3750,  0.302186
0.3755,  0.365724
0.3760,  0.355010
0.3765,  0.335705
0.3770,  0.378933
0.3775,  0.414419
0.3780,  0.400139
0.3785,  0.395609
0.3790,  0.295273
0.3795,  0.187588
0.3800,  0.237717
0.3805,  0.296176
0.3810,  0.273190
0.3815,  0.262317
0.3820,  0.191413
0.3825,  0.102962
0.3830,  0.092745
0.3835,  0.064269
0.3840,  0.233865
0.3845,  0.360200
0.3850,  0.371184
0.3855,  0.383069
0.3860,  0.365789
0.3865,  0.350006
0.3870,  0.338033
0.3875,  0.324036
0.3880,  0.301928
0.3885,  0.274831
0.3890,  0.329741
0.3895,  0.369980
0.3900,  0.358956
0.3905,  0.349767
0.3910,  0.357185
0.3915,  0.385331
0.3920,  0.295245
0.3925,  0.206203
0.3930,  0.050499
0.3935,  -0.181272
0.3940,  0.105687
0.3945,  0.304418
0.3950,  0.406741
0.3955,  0.502413
0.3960,  0.340555
0.3965,  0.138468
0.3970,  0.157112
0.3975,  0.150754
0.3980,  0.331319
0.3985,  0.449896
0.3990,  0.421910
0.3995,  0.405983
0.4000,  0.362715
0.4005,  0.319498
0.4010,  0.295000
0.4015,  0.280066
0.4020,  0.262344
0.4025,  0.253739
0.4030,  0.228978
0.4035,  0.203019
0.4040,  0.195110
0.4045,  0.194654
0.4050,  0.197653
0.4055,  0.201409
0.4060,  0.187868
0.4065,  0.174166
0.4070,  0.188993
0.4075,  0.199714
0.4080,  0.225286
0.4085,  0.247635
0.4090,  0.238215
0.4095,  0.230147
0.4100,  0.182996
0.4105,  0.130958
0.4110,  0.198596
0.4115,  0.257127
0.4120,  0.239455
0.4125,  0.222355
0.4130,  0.209662
0.4135,  0.200508
0.4140,  0.193008
0.4145,  0.184319
0.4150,  0.179896
0.4155,  0.173397
0.4160,  0.196028
0.4165,  0.223036
0.4170,  0.185340
0.4175,  0.143982
0.4180,  0.149481
0.4185,  0.158965
0.4190,  0.166401
0.4195,  0.170138
0.4200,  0.181255
0.4205,  0.192987
0.4210,  0.198377
0.4215,  0.207122
0.4220,  0.160911
0.4225,  0.112599
0.4230,  0.152854
0.4235,  0.191925
0.4240,  0.203883
0.4245,  0.220548
0.4250,  0.207345
0.4255,  0.192191
0.4260,  0.196170
0.4265,  0.199964
0.4270,  0.166785
0.4275,  0.138963
0.4280,  0.155062
0.4285,  0.168878
0.4290,  0.156227
0.4295,  0.148862
0.4300,  0.070417
0.4305,  -0.029962
0.4310,  0.161079
0.4315,  0.305751
0.4320,  0.274136
0.4325,  0.240029
0.4330,  0.241901
0.4335,  0.241888
0.4340,  0.208795
0.4345,  0.180596
0.4350,  0.180404
0.4355,  0.179246
0.4360,  0.216942
0.4365,  0.253750
0.4370,  0.221565
0.4375,  0.194487
0.4380,  0.144176
0.4385,  0.088139
0.4390,  0.155841
0.4395,  0.214487
0.4400,  0.184490
0.4405,  0.151345
0.4410,  0.193557
0.4415,  0.227369
0.4420,  0.222755
0.4425,  0.219900
0.4430,  0.194267
0.4435,  0.172250
0.4440,  0.183581
0.4445,  0.198875
0.4450,  0.168971
0.4455,  0.133943
0.4460,  0.149030
0.4465,  0.160896
0.4470,  0.195576
0.4475,  0.226078
0.4480,  0.197368
0.4485,  0.166559
0.4490,  0.170214
0.4495,  0.170931
0.4500,  0.185388
0.4505,  0.202533
0.4510,  0.191995
0.4515,  0.180959
0.4520,  0.150184
0.4525,  0.124105
0.4530,  0.135761
0.4535,  0.147597
0.4540,  0.157080
0.4545,  0.162966
0.4550,  0.171975
0.4555,  0.179956
0.4560,  0.181675
0.4565,  0.185047
0.4570,  0.187954
0.4575,  0.191042
0.4580,  0.163822
0.4585,  0.138928
0.4590,  0.148642
0.4595,  0.156419
0.4600,  0.161985
0.4605,  0.166089
0.4610,  0.165646
0.4615,  0.164822
0.4620,  0.171863
0.4625,  0.178674
0.4630,  0.163458
0.4635,  0.154298
0.4640,  0.146371
0.4645,  0.137730
0.4650,  0.159653
0.4655,  0.183665
0.4660,  0.162902
0.4665,  0.140892
0.4670,  0.166126
0.4675,  0.185414
0.4680,  0.178426
0.4685,  0.177262
0.4690,  0.179192
0.4695,  0.183563
0.4700,  0.162326
0.4705,  0.137489
0.4710,  0.167122
0.4715,  0.194361
0.4720,  0.191496
0.4725,  0.190409
0.4730,  0.179774
0.4735,  0.167951
0.4740,  0.177505
0.4745,  0.188854
0.4750,  0.181761
0.4755,  0.174606
0.4760,  0.160591
0.4765,  0.145670
0.4770,  0.170035
0.4775,  0.193013
0.4780,  0.175421
0.4785,  0.158144
0.4790,  0.171080
0.4795,  0.182195
0.4800,  0.169511
0.4805,  0.160547
0.4810,  0.171532
0.4815,  0.181104
0.4820,  0.167477
0.4825,  0.156021
0.4830,  0.158248
0.4835,  0.160417
0.4840,  0.157786
0.4845,  0.161310
0.4850,  0.149665
0.4855,  0.139118
0.4860,  0.109815
0.4865,  0.068726
0.4870,  0.121879
0.4875,  0.164782
0.4880,  0.174658
0.4885,  0.180745
0.4890,  0.177162
0.4895,  0.175149
0.4900,  0.176480
0.4905,  0.182585
0.4910,  0.159386
0.4915,  0.136796
0.4920,  0.138181
0.4925,  0.137616
0.4930,  0.133242
0.4935,  0.125594
0.4940,  0.155664
0.4945,  0.185676
0.4950,  0.154244
0.4955,  0.122583
0.4960,  0.140991
0.4965,  0.158265
0.4970,  0.159952
0.4975,  0.164700
0.4980,  0.135361
0.4985,  0.103906
0.4990,  0.129416
0.4995,  0.155628
0.5000,  0.136089
0.5005,  0.116088
0.5010,  0.110456
0.5015,  0.102396
0.5020,  0.121068
0.5025,  0.139002
0.5030,  0.147417
0.5035,  0.153693
0.5040,  0.139963
0.5045,  0.121265
0.5050,  0.140865
0.5055,  0.161796
0.5060,  0.150166
0.5065,  0.140737
0.5070,  0.130588
0.5075,  0.120889
0.5080,  0.124584
0.5085,  0.126967
0.5090,  0.125416
0.5095,  0.122446
0.5100,  0.125739
0.5105,  0.129799
0.5110,  0.139404
0.5115,  0.150156
0.5120,  0.125277
0.5125,  0.102026
0.5130,  0.106893
0.5135,  0.109987
0.5140,  0.117889
0.5145,  0.122911
0.5150,  0.130996
0.5155,  0.144101
0.5160,  0.104807
0.5165,  0.065699
0.5170,  0.093626
0.5175,  0.116848
0.5180,  0.102117
0.5185,  0.078094
0.5190,  0.111983
0.5195,  0.144256
0.5200,  0.134752
0.5205,  0.125464
0.5210,  0.135502
0.5215,  0.147342
0.5220,  0.124788
0.5225,  0.101270
0.5230,  0.115187
0.5235,  0.126206
0.5240,  0.134308
0.5245,  0.144174
0.5250,  0.138982
0.5255,  0.139868
0.5260,  0.093376
0.5265,  0.040395
0.5270,  0.083070
0.5275,  0.116897
0.5280,  0.124898
0.5285,  0.130220
0.5290,  0.126184
0.5295,  0.122402
0.5300,  0.122872
0.5305,  0.125969
0.5310,  0.127287
0.5315,  0.132937
0.5320,  0.096653
0.5325,  0.056622
0.5330,  0.098157
0.5335,  0.134540
0.5340,  0.117179
0.5345,  0.098011
0.5350,  0.123099
0.5355,  0.148523
0.5360,  0.122065
0.5365,  0.096999
0.5370,  0.100920
0.5375,  0.106210
0.5380,  0.114824
0.5385,  0.123904
0.5390,  0.112674
0.5395,  0.102435
0.5400,  0.093736
0.5405,  0.082675
0.5410,  0.108219
0.5415,  0.130809
0.5420,  0.115064
0.5425,  0.100907
0.5430,  0.112647
0.5435,  0.122685
0.5440,  0.119955
0.5445,  0.118868
0.5450,  0.122765
0.5455,  0.125190
0.5460,  0.120422
0.5465,  0.116769
0.5470,  0.109096
0.5475,  0.099907
0.5480,  0.108135
0.5485,  0.114009
0.5490,  0.119379
0.5495,  0.125174
0.5500,  0.118377
0.5505,  0.111904
0.5510,  0.114781
0.5515,  0.115907
0.5520,  0.110160
0.5525,  0.103713
0.5530,  0.111909
0.5535,  0.120266
0.5540,  0.124220
0.5545,  0.127020
0.5550,  0.128871
0.5555,  0.132411
0.5560,  0.118497
0.5565,  0.104724
0.5570,  0.113453
0.5575,  0.124968
0.5580,  0.117648
0.5585,  0.109029
0.5590,  0.113991
0.5595,  0.119110
0.5600,  0.123886
0.5605,  0.128016
0.5610,  0.122252
0.5615,  0.116712
0.5620,  0.122405
0.5625,  0.128667
0.5630,  0.132303
0.5635,  0.134092
0.5640,  0.132607
0.5645,  0.133325
0.5650,  0.126369
0.5655,  0.117200
0.5660,  0.123839
0.5665,  0.129427
0.5670,  0.142973
0.5675,  0.156991
0.5680,  0.139889
0.5685,  0.123160
0.5690,  0.137032
0.5695,  0.152431
0.5700,  0.135848
0.5705,  0.115833
0.5710,  0.125096
0.5715,  0.130340
0.5720,  0.139533
0.5725,  0.149281
0.5730,  0.141630
0.5735,  0.136279
0.5740,  0.134267
0.5745,  0.133580
0.5750,  0.127300
0.5755,  0.118873
0.5760,  0.122026
0.5765,  0.125649
0.5770,  0.131440
0.5775,  0.137662
0.5780,  0.120399
0.5785,  0.102844
0.5790,  0.111694
0.5795,  0.118901
0.5800,  0.118126
0.5805,  0.118477
0.5810,  0.118965
0.5815,  0.119093
0.5820,  0.122213
0.5825,  0.125372
0.5830,  0.121915
0.5835,  0.119216
0.5840,  0.122723
0.5845,  0.129537
0.5850,  0.116944
0.5855,  0.102481
0.5860,  0.117806
0.5865,  0.132330
0.5870,  0.140391
0.5875,  0.152966
0.5880,  0.143924
0.5885,  0.136651
0.5890,  0.115524
0.5895,  0.085703
0.5900,  0.137181
0.5905,  0.181895
0.5910,  0.170518
0.5915,  0.158101
0.5920,  0.156023
0.5925,  0.154676
0.5930,  0.149668
0.5935,  0.150476
0.5940,  0.148979
0.5945,  0.144652
0.5950,  0.147177
0.5955,  0.148358
0.5960,  0.149823
0.5965,  0.151591
0.5970,  0.142870
0.5975,  0.136817
0.5980,  0.131897
0.5985,  0.128515
0.5990,  0.135520
0.5995,  0.140549
0.6000,  0.135415
0.6005,  0.131862
0.6010,  0.134571
0.6015,  0.135114
0.6020,  0.124698
0.6025,  0.113083
0.6030,  0.126799
0.6035,  0.141774
0.6040,  0.139986
0.6045,  0.140772
0.6050,  0.138931
0.6055,  0.133231
0.6060,  0.129775
0.6065,  0.128580
0.6070,  0.130068
0.6075,  0.131999
0.6080,  0.132279
0.6085,  0.133259
0.6090,  0.139971
0.6095,  0.143832
0.6100,  0.136273
0.6105,  0.126258
0.6110,  0.136003
0.6115,  0.147483
0.6120,  0.139214
0.6125,  0.131538
0.6130,  0.129584
0.6135,  0.127347
0.6140,  0.137338
0.6145,  0.147399
0.6150,  0.153387
0.6155,  0.158484
0.6160,  0.135433
0.6165,  0.107752
0.6170,  0.130959
0.6175,  0.155019
0.6180,  0.160649
0.6185,  0.165596
0.6190,  0.161443
0.6195,  0.154086
0.6200,  0.157836
0.6205,  0.162713
0.6210,  0.152458
0.6215,  0.143512
0.6220,  0.153184
0.6225,  0.162433
0.6230,  0.153757
0.6235,  0.147945
0.6240,  0.153732
0.6245,  0.154331
0.6250,  0.146946
0.6255,  0.138228
0.6260,  0.152938
0.6265,  0.169758
0.6270,  0.171970
0.6275,  0.174595
0.6280,  0.178249
0.6285,  0.182877
0.6290,  0.182830
0.6295,  0.182641
0.6300,  0.178643
0.6305,  0.169376
0.6310,  0.161104
0.6315,  0.159451
0.6320,  0.156712
0.6325,  0.157134
0.6330,  0.161183
0.6335,  0.163439
0.6340,  0.165627
0.6345,  0.168852
0.6350,  0.172846
0.6355,  0.174976
0.6360,  0.174886
0.6365,  0.170846
0.6370,  0.164968
0.6375,  0.160980
0.6380,  0.159326
0.6385,  0.160063
0.6390,  0.162581
0.6395,  0.163386
0.6400,  0.163297
0.6405,  0.161382
0.6410,  0.155200
0.6415,  0.154615
0.6420,  0.153755
0.6425,  0.152898
0.6430,  0.151701
0.6435,  0.152164
0.6440,  0.155243
0.6445,  0.162346
0.6450,  0.172297
0.6455,  0.177269
0.6460,  0.181876
0.6465,  0.184881
0.6470,  0.185239
0.6475,  0.181990
0.6480,  0.179216
0.6485,  0.176994
0.6490,  0.174378
0.6495,  0.180421
0.6500,  0.182322
0.6505,  0.185422
0.6510,  0.191530
0.6515,  0.191760
0.6520,  0.190172
0.6525,  0.187280
0.6530,  0.185260
0.6535,  0.175043
0.6540,  0.170446
0.6545,  0.175236
0.6550,  0.187988
0.6555,  0.192144
0.6560,  0.182351
0.6565,  0.157955
0.6570,  0.122070
0.6575,  0.129943
0.6580,  0.139981
0.6585,  0.152452
0.6590,  0.168661
0.6595,  0.164336
0.6600,  0.158272
0.6605,  0.152995
0.6610,  0.149337
0.6615,  0.144623
0.6620,  0.144120
0.6625,  0.143754
0.6630,  0.144587
0.6635,  0.149940
0.6640,  0.153819
0.6645,  0.154564
0.6650,  0.155239
0.6655,  0.151589
0.6660,  0.150207
0.6665,  0.150465
0.6670,  0.145839
0.6675,  0.144354
0.6680,  0.142239
0.6685,  0.143681
0.6690,  0.145901
0.6695,  0.145800
0.6700,  0.147565
0.6705,  0.149049
0.6710,  0.150767
0.6715,  0.154585
0.6720,  0.154388
0.6725,  0.153754
0.6730,  0.151523
0.6735,  0.148578
0.6740,  0.148024
0.6745,  0.147395
0.6750,  0.147419
0.6755,  0.149226
0.6760,  0.150015
0.6765,  0.152048
0.6770,  0.154454
0.6775,  0.155881
0.6780,  0.155839
0.6785,  0.156904
0.6790,  0.157752
0.6795,  0.158727
0.6800,  0.159555
0.6805,  0.159185
0.6810,  0.159261
0.6815,  0.157738
0.6820,  0.158002
0.6825,  0.160142
0.6830,  0.165167
0.6835,  0.167811
0.6840,  0.170483
0.6845,  0.171177
0.6850,  0.175215
0.6855,  0.196521
0.6860,  0.232072
0.6865,  0.268641
0.6870,  0.294816
0.6875,  0.303073
0.6880,  0.302519
0.6885,  0.297670
0.6890,  0.295794
0.6895,  0.293883
0.6900,  0.286301
0.6905,  0.274537
0.6910,  0.263116
0.6915,  0.256940
0.6920,  0.251900
0.6925,  0.252981
0.6930,  0.257388
0.6935,  0.259840
0.6940,  0.261146
0.6945,  0.261721
0.6950,  0.255561
0.6955,  0.246588
0.6960,  0.237240
0.6965,  0.228749
0.6970,  0.222303
0.6975,  0.223681
0.6980,  0.229529
0.6985,  0.235399
0.6990,  0.241589
0.6995,  0.243009
0.7000,  0.242685
0.7005,  0.242487
0.7010,  0.242919
0.7015,  0.248395
0.7020,  0.251178
0.7025,  0.249650
0.7030,  0.246625
0.7035,  0.248027
0.7040,  0.250313
0.7045,  0.250895
0.7050,  0.252509
0.7055,  0.251084
0.7060,  0.248720
0.7065,  0.246934
0.7070,  0.248299
0.7075,  0.249775
0.7080,  0.246097
0.7085,  0.240662
0.7090,  0.236042
0.7095,  0.233140
0.7100,  0.231204
0.7105,  0.232031
0.7110,  0.235295
0.7115,  0.234181
0.7120,  0.232811
0.7125,  0.232887
0.7130,  0.231720
0.7135,  0.232720
0.7140,  0.236903
0.7145,  0.244994
0.7150,  0.255855
0.7155,  0.273447
0.7160,  0.304334
0.7165,  0.345201
0.7170,  0.386757
0.7175,  0.423250
0.7180,  0.454671
0.7185,  0.477731
0.7190,  0.490112
0.7195,  0.493785
0.7200,  0.476640
0.7205,  0.448058
0.7210,  0.413221
0.7215,  0.385725
0.7220,  0.377209
0.7225,  0.387567
0.7230,  0.414259
0.7235,  0.439953
0.7240,  0.461184
0.7245,  0.471053
0.7250,  0.475815
0.7255,  0.475091
0.7260,  0.471726
0.7265,  0.469743
0.7270,  0.466871
0.7275,  0.461132
0.7280,  0.459988
0.7285,  0.455035
0.7290,  0.445898
0.7295,  0.439959
0.7300,  0.434480
0.7305,  0.427589
0.7310,  0.413685
0.7315,  0.396881
0.7320,  0.378957
0.7325,  0.360951
0.7330,  0.344105
0.7335,  0.327305
0.7340,  0.315314
0.7345,  0.307706
0.7350,  0.301192
0.7355,  0.297395
0.7360,  0.296320
0.7365,  0.298285
0.7370,  0.299512
0.7375,  0.294627
0.7380,  0.291856
0.7385,  0.289052
0.7390,  0.281148
0.7395,  0.273711
0.7400,  0.266478
0.7405,  0.259606
0.7410,  0.255768
0.7415,  0.261507
0.7420,  0.263372
0.7425,  0.262624
0.7430,  0.263194
0.7435,  0.260345
0.7440,  0.260516
0.7445,  0.263237
0.7450,  0.261932
0.7455,  0.258738
0.7460,  0.257028
0.7465,  0.263140
0.7470,  0.263330
0.7475,  0.258455
0.7480,  0.254735
0.7485,  0.253153
0.7490,  0.254541
0.7495,  0.262163
0.7500,  0.273885
0.7505,  0.279831
0.7510,  0.277523
0.7515,  0.277085
0.7520,  0.271212
0.7525,  0.267136
0.7530,  0.264324
0.7535,  0.263874
0.7540,  0.264979
0.7545,  0.265583
0.7550,  0.264697
0.7555,  0.264110
0.7560,  0.264440
0.7565,  0.267262
0.7570,  0.267250
0.7575,  0.274171
0.7580,  0.302568
0.7585,  0.369390
0.7590,  0.492397
0.7595,  0.672761
0.7600,  0.875676
0.7605,  1.025461
0.7610,  1.068418
0.7615,  1.035943
0.7620,  1.003216
0.7625,  0.975576
0.7630,  0.961768
0.7635,  0.921415
0.7640,  0.855335
0.7645,  0.778888
0.7650,  0.697224
0.7655,  0.619029
0.7660,  0.545612
0.7665,  0.481998
0.7670,  0.430041
0.7675,  0.394830
0.7680,  0.371157
0.7685,  0.355081
0.7690,  0.339568
0.7695,  0.323151
0.7700,  0.317541
0.7705,  0.313672
0.7710,  0.307726
0.7715,  0.302377
0.7720,  0.303586
0.7725,  0.306458
0.7730,  0.310414
0.7735,  0.308339
0.7740,  0.300879
0.7745,  0.295416
0.7750,  0.296303
0.7755,  0.298416
0.7760,  0.300882
0.7765,  0.304267
0.7770,  0.309132
0.7775,  0.308283
0.7780,  0.309295
0.7785,  0.313811
0.7790,  0.313907
0.7795,  0.315997
0.7800,  0.317772
0.7805,  0.314219
0.7810,  0.309783
0.7815,  0.300268
0.7820,  0.293241
0.7825,  0.291903
0.7830,  0.290961
0.7835,  0.299927
0.7840,  0.312253
0.7845,  0.320673
0.7850,  0.325371
0.7855,  0.327616
0.7860,  0.329452
0.7865,  0.333651
0.7870,  0.333698
0.7875,  0.336317
0.7880,  0.340917
0.7885,  0.342771
0.7890,  0.349673
0.7895,  0.359234
0.7900,  0.356604
0.7905,  0.358150
0.7910,  0.361090
0.7915,  0.364965
0.7920,  0.362158
0.7925,  0.357268
0.7930,  0.358968
0.7935,  0.357233
0.7940,  0.359933
0.7945,  0.365916
0.7950,  0.373209
0.7955,  0.382571
0.7960,  0.384726
0.7965,  0.382831
0.7970,  0.376058
0.7975,  0.374055
0.7980,  0.367815
0.7985,  0.366345
0.7990,  0.365916
0.7995,  0.370711
0.8000,  0.379391
0.8005,  0.384557
0.8010,  0.397585
0.8015,  0.401257
0.8020,  0.405425
0.8025,  0.402660
0.8030,  0.402907
0.8035,  0.391323
0.8040,  0.389921
0.8045,  0.382659
0.8050,  0.376445
0.8055,  0.378044
0.8060,  0.387486
0.8065,  0.391879
0.8070,  0.401438
0.8075,  0.399037
0.8080,  0.393098
0.8085,  0.389612
0.8090,  0.386346
0.8095,  0.394559
0.8100,  0.407517
0.8105,  0.419935
0.8110,  0.439523
0.8115,  0.451936
0.8120,  0.471735
0.8125,  0.504329
0.8130,  0.537092
0.8135,  0.562614
0.8140,  0.593021
0.8145,  0.626170
0.8150,  0.657205
0.8155,  0.677059
0.8160,  0.690135
0.8165,  0.704790
0.8170,  0.715425
0.8175,  0.714934
0.8180,  0.708939
0.8185,  0.704537
0.8190,  0.677076
0.8195,  0.649049
0.8200,  0.609396
0.8205,  0.572078
0.8210,  0.571888
0.8215,  0.606228
0.8220,  0.664847
0.8225,  0.717658
0.8230,  0.743467
0.8235,  0.723805
0.8240,  0.680147
0.8245,  0.625021
0.8250,  0.594207
0.8255,  0.582608
0.8260,  0.573403
0.8265,  0.578124
0.8270,  0.592423
0.8275,  0.614693
0.8280,  0.638497
0.8285,  0.651463
0.8290,  0.654247
0.8295,  0.649378
0.8300,  0.634393
0.8305,  0.616389
0.8310,  0.604759
0.8315,  0.602510
0.8320,  0.596251
0.8325,  0.585913
0.8330,  0.576936
0.8335,  0.575051
0.8340,  0.571876
0.8345,  0.561675
0.8350,  0.554129
0.8355,  0.540836
0.8360,  0.530263
0.8365,  0.514723
0.8370,  0.501471
0.8375,  0.507607
0.8380,  0.498100
0.8385,  0.493393
0.8390,  0.490678
0.8395,  0.487218
0.8400,  0.479812
0.8405,  0.472803
0.8410,  0.471177
0.8415,  0.473906
0.8420,  0.469113
0.8425,  0.467429
0.8430,  0.477798
0.8435,  0.485537
0.8440,  0.494034
0.8445,  0.484276
0.8450,  0.467968
0.8455,  0.462179
0.8460,  0.465338
0.8465,  0.471913
0.8470,  0.477311
0.8475,  0.475375
0.8480,  0.475843
0.8485,  0.465799
0.8490,  0.461696
0.8495,  0.464274
0.8500,  0.469187
0.8505,  0.489019
0.8510,  0.503340
0.8515,  0.503123
0.8520,  0.514332
0.8525,  0.500336
0.8530,  0.505664
0.8535,  0.519336
0.8540,  0.509178
0.8545,  0.537168
0.8550,  0.537562
0.8555,  0.542167
0.8560,  0.545747
0.8565,  0.541862
0.8570,  0.535994
0.8575,  0.536203
0.8580,  0.543304
0.8585,  0.541335
0.8590,  0.530433
0.8595,  0.529161
0.8600,  0.539056
0.8605,  0.528316
0.8610,  0.521427
0.8615,  0.520440
0.8620,  0.523625
0.8625,  0.533482
0.8630,  0.546039
0.8635,  0.544004
0.8640,  0.538242
0.8645,  0.531702
0.8650,  0.538090
0.8655,  0.548106
0.8660,  0.545394
0.8665,  0.595712
0.8670,  0.603006
0.8675,  0.616250
0.8680,  0.605544
0.8685,  0.607698
0.8690,  0.600583
0.8695,  0.586649
0.8700,  0.573114
0.8705,  0.564190
0.8710,  0.568331
0.8715,  0.584968
0.8720,  0.591093
0.8725,  0.593386
0.8730,  0.619743
0.8735,  0.636780
0.8740,  0.640693
0.8745,  0.636706
0.8750,  0.640319
0.8755,  0.644158
0.8760,  0.643037
0.8765,  0.650357
0.8770,  0.673263
0.8775,  0.674214
0.8780,  0.670631
0.8785,  0.661444
0.8790,  0.656662
0.8795,  0.636753
0.8800,  0.631190
0.8805,  0.639910
0.8810,  0.638947
0.8815,  0.651420
0.8820,  0.648781
0.8825,  0.668853
0.8830,  0.676279
0.8835,  0.682221
0.8840,  0.707884
0.8845,  0.700209
0.8850,  0.693036
0.8855,  0.699680
0.8860,  0.694542
0.8865,  0.688782
0.8870,  0.701467
0.8875,  0.711761
0.8880,  0.737824
0.8885,  0.752022
0.8890,  0.754294
0.8895,  0.758299
0.8900,  0.756109
