0.3500,  0.165341
0.3505,  0.204905
0.3510,  0.168127
0.3515,  0.132852
0.3520,  0.097803
0.3525,  0.062423
0.3530,  0.096581
0.3535,  0.126160
0.3540,  0.146041
0.3545,  0.170187
0.3550,  0.158605
0.3555,  0.148470
0.3560,  0.124925
0.3565,  0.096539
0.3570,  0.081243
0.3575,  0.053501
0.3580,  0.017844
0.3585,  -0.030400
0.3590,  0.095087
0.3595,  0.200231
0.3600,  0.187946
0.3605,  0.174264
0.3610,  0.133879
0.3615,  0.094077
0.3620,  0.126755
0.3625,  0.155646
0.3630,  0.144842
0.3635,  0.134726
0.3640,  0.126943
0.3645,  0.116028
0.3650,  0.143803
0.3655,  0.162935
0.3660,  0.161862
0.3665,  0.166216
0.3670,  0.140955
0.3675,  0.121203
0.3680,  0.093028
0.3685,  0.064862
0.3690,  0.102738
0.3695,  0.139216
0.3700,  0.117972
0.3705,  0.096083
0.3710,  0.111001
0.3715,  0.129809
0.3720,  0.105133
0.3725,  0.078391
0.3730,  0.049694
0.3735,  0.018935
0.3740,  0.027358
0.3745,  0.033559
0.3750,  0.099775
0.3755,  0.155395
0.3760,  0.156339
0.3765,  0.145537
0.3770,  0.178975
0.3775,  0.208446
0.3780,  0.196572
0.3785,  0.191339
0.3790,  0.113374
0.3795,  0.031223
0.3800,  0.075395
0.3805,  0.123654
0.3810,  0.104682
0.3815,  0.094506
0.3820,  0.035021
0.3825,  -0.038265
0.3830,  -0.050299
0.3835,  -0.072893
0.3840,  0.064557
0.3845,  0.164433
0.3850,  0.171895
0.3855,  0.181824
0.3860,  0.170222
0.3865,  0.155420
0.3870,  0.142751
0.3875,  0.131273
0.3880,  0.112078
0.3885,  0.090147
0.3890,  0.131887
0.3895,  0.167368
0.3900,  0.168591
0.3905,  0.168321
0.3910,  0.178296
0.3915,  0.200601
0.3920,  0.124760
0.3925,  0.047817
0.3930,  -0.083139
0.3935,  -0.272307
0.3940,  -0.046957
0.3945,  0.113487
0.3950,  0.195559
0.3955,  0.273727
0.3960,  0.152914
0.3965,  -0.002515
0.3970,  0.017966
0.3975,  0.018369
0.3980,  0.159394
0.3985,  0.251932
0.3990,  0.231621
0.3995,  0.217830
0.4000,  0.183808
0.4005,  0.152757
0.4010,  0.138550
0.4015,  0.132135
0.4020,  0.121761
0.4025,  0.117420
0.4030,  0.099137
0.4035,  0.081877
0.4040,  0.079113
0.4045,  0.078767
0.4050,  0.078293
0.4055,  0.079173
0.4060,  0.067586
0.4065,  0.056970
0.4070,  0.069145
0.4075,  0.076989
0.4080,  0.094555
0.4085,  0.111292
0.4090,  0.106297
0.4095,  0.105541
0.4100,  0.072966
0.4105,  0.032816
0.4110,  0.085994
0.4115,  0.133386
0.4120,  0.121406
0.4125,  0.107498
0.4130,  0.094006
0.4135,  0.083249
0.4140,  0.076703
0.4145,  0.069976
0.4150,  0.068258
0.4155,  0.066321
0.4160,  0.084461
0.4165,  0.106218
0.4170,  0.076703
0.4175,  0.044913
0.4180,  0.050960
0.4185,  0.058947
0.4190,  0.066051
0.4195,  0.066824
0.4200,  0.074993
0.4205,  0.085391
0.4210,  0.091419
0.4215,  0.098716
0.4220,  0.061927
0.4225,  0.021688
0.4230,  0.050332
0.4235,  0.075863
0.4240,  0.085339
0.4245,  0.098336
0.4250,  0.087352
0.4255,  0.075749
0.4260,  0.078201
0.4265,  0.083667
0.4270,  0.061019
0.4275,  0.038466
0.4280,  0.049760
0.4285,  0.061337
0.4290,  0.051211
0.4295,  0.044343
0.4300,  -0.018541
0.4305,  -0.100935
0.4310,  0.051818
0.4315,  0.165336
0.4320,  0.141185
0.4325,  0.114448
0.4330,  0.114710
0.4335,  0.117167
0.4340,  0.096029
0.4345,  0.075267
0.4350,  0.075116
0.4355,  0.074488
0.4360,  0.103981
0.4365,  0.134842
0.4370,  0.112232
0.4375,  0.094647
0.4380,  0.056467
0.4385,  0.011145
0.4390,  0.064989
0.4395,  0.112539
0.4400,  0.087300
0.4405,  0.057835
0.4410,  0.089785
0.4415,  0.118145
0.4420,  0.116874
0.4425,  0.115608
0.4430,  0.096079
0.4435,  0.079703
0.4440,  0.089332
0.4445,  0.100448
0.4450,  0.074727
0.4455,  0.045862
0.4460,  0.057829
0.4465,  0.069674
0.4470,  0.096822
0.4475,  0.121372
0.4480,  0.099969
0.4485,  0.077340
0.4490,  0.078492
0.4495,  0.078525
0.4500,  0.089128
0.4505,  0.103004
0.4510,  0.097616
0.4515,  0.093586
0.4520,  0.071331
0.4525,  0.048572
0.4530,  0.056956
0.4535,  0.065364
0.4540,  0.070651
0.4545,  0.073011
0.4550,  0.078220
0.4555,  0.083969
0.4560,  0.086924
0.4565,  0.090723
0.4570,  0.092744
0.4575,  0.097691
0.4580,  0.079873
0.4585,  0.063051
0.4590,  0.073595
0.4595,  0.079373
0.4600,  0.082210
0.4605,  0.084564
0.4610,  0.082363
0.4615,  0.079384
0.4620,  0.085534
0.4625,  0.093620
0.4630,  0.081877
0.4635,  0.073910
0.4640,  0.069133
0.4645,  0.064326
0.4650,  0.082687
0.4655,  0.099672
0.4660,  0.082120
0.4665,  0.065625
0.4670,  0.084366
0.4675,  0.097722
0.4680,  0.094028
0.4685,  0.092675
0.4690,  0.094195
0.4695,  0.096034
0.4700,  0.078569
0.4705,  0.059438
0.4710,  0.083507
0.4715,  0.106011
0.4720,  0.106822
0.4725,  0.107943
0.4730,  0.100570
0.4735,  0.091067
0.4740,  0.096645
0.4745,  0.104366
0.4750,  0.098502
0.4755,  0.092283
0.4760,  0.082848
0.4765,  0.074333
0.4770,  0.095884
0.4775,  0.115515
0.4780,  0.102622
0.4785,  0.089058
0.4790,  0.099758
0.4795,  0.108414
0.4800,  0.098237
0.4805,  0.090483
0.4810,  0.098672
0.4815,  0.106844
0.4820,  0.095800
0.4825,  0.087860
0.4830,  0.089206
0.4835,  0.091104
0.4840,  0.089794
0.4845,  0.092433
0.4850,  0.082098
0.4855,  0.072836
0.4860,  0.048472
0.4865,  0.013969
0.4870,  0.055902
0.4875,  0.091438
0.4880,  0.100234
0.4885,  0.107318
0.4890,  0.106269
0.4895,  0.104692
0.4900,  0.105140
0.4905,  0.110523
0.4910,  0.092541
0.4915,  0.075858
0.4920,  0.078416
0.4925,  0.077940
0.4930,  0.074092
0.4935,  0.068068
0.4940,  0.093061
0.4945,  0.117290
0.4950,  0.091190
0.4955,  0.064775
0.4960,  0.078739
0.4965,  0.093922
0.4970,  0.096956
0.4975,  0.101385
0.4980,  0.078289
0.4985,  0.053568
0.4990,  0.075036
0.4995,  0.095966
0.5000,  0.080080
0.5005,  0.064317
0.5010,  0.059826
0.5015,  0.052336
0.5020,  0.067280
0.5025,  0.081334
0.5030,  0.087499
0.5035,  0.093847
0.5040,  0.081929
0.5045,  0.066893
0.5050,  0.082782
0.5055,  0.098186
0.5060,  0.088618
0.5065,  0.082203
0.5070,  0.075601
0.5075,  0.069412
0.5080,  0.072992
0.5085,  0.074595
0.5090,  0.073331
0.5095,  0.071726
0.5100,  0.075803
0.5105,  0.078816
0.5110,  0.086029
0.5115,  0.094107
0.5120,  0.074181
0.5125,  0.055398
0.5130,  0.058866
0.5135,  0.061270
0.5140,  0.066090
0.5145,  0.069966
0.5150,  0.076365
0.5155,  0.087678
0.5160,  0.057427
0.5165,  0.026622
0.5170,  0.049516
0.5175,  0.068967
0.5180,  0.057253
0.5185,  0.039182
0.5190,  0.066450
0.5195,  0.091441
0.5200,  0.084253
0.5205,  0.076560
0.5210,  0.082973
0.5215,  0.091539
0.5220,  0.074973
0.5225,  0.057684
0.5230,  0.067604
0.5235,  0.075682
0.5240,  0.082675
0.5245,  0.092120
0.5250,  0.089121
0.5255,  0.089839
0.5260,  0.051191
0.5265,  0.009005
0.5270,  0.042980
0.5275,  0.068949
0.5280,  0.073701
0.5285,  0.076914
0.5290,  0.073605
0.5295,  0.072260
0.5300,  0.074252
0.5305,  0.076977
0.5310,  0.078997
0.5315,  0.084830
0.5320,  0.056209
0.5325,  0.025193
0.5330,  0.056917
0.5335,  0.084309
0.5340,  0.069788
0.5345,  0.054418
0.5350,  0.074698
0.5355,  0.095333
0.5360,  0.074945
0.5365,  0.055471
0.5370,  0.059605
0.5375,  0.064164
0.5380,  0.070310
0.5385,  0.076294
0.5390,  0.067582
0.5395,  0.058689
0.5400,  0.050373
0.5405,  0.040660
0.5410,  0.062079
0.5415,  0.081890
0.5420,  0.071007
0.5425,  0.060457
0.5430,  0.070065
0.5435,  0.077889
0.5440,  0.076040
0.5445,  0.074868
0.5450,  0.078218
0.5455,  0.080257
0.5460,  0.076606
0.5465,  0.073553
0.5470,  0.067080
0.5475,  0.059787
0.5480,  0.065131
0.5485,  0.069188
0.5490,  0.074138
0.5495,  0.079659
0.5500,  0.074545
0.5505,  0.069969
0.5510,  0.072125
0.5515,  0.074086
0.5520,  0.070561
0.5525,  0.066671
0.5530,  0.072367
0.5535,  0.077668
0.5540,  0.080059
0.5545,  0.081537
0.5550,  0.081551
0.5555,  0.082609
0.5560,  0.071177
0.5565,  0.061189
0.5570,  0.069265
0.5575,  0.078292
0.5580,  0.072212
0.5585,  0.065052
0.5590,  0.069687
0.5595,  0.073858
0.5600,  0.077279
0.5605,  0.080334
0.5610,  0.075549
0.5615,  0.071813
0.5620,  0.075853
0.5625,  0.080343
0.5630,  0.082654
0.5635,  0.085537
0.5640,  0.085923
0.5645,  0.087473
0.5650,  0.079783
0.5655,  0.070478
0.5660,  0.075364
0.5665,  0.080397
0.5670,  0.090697
0.5675,  0.101951
0.5680,  0.089157
0.5685,  0.076802
0.5690,  0.088914
0.5695,  0.101402
0.5700,  0.086946
0.5705,  0.070168
0.5710,  0.078661
0.5715,  0.082706
0.5720,  0.089782
0.5725,  0.098929
0.5730,  0.094714
0.5735,  0.091017
0.5740,  0.090439
0.5745,  0.090290
0.5750,  0.084226
0.5755,  0.076990
0.5760,  0.080024
0.5765,  0.084197
0.5770,  0.087446
0.5775,  0.091029
0.5780,  0.078097
0.5785,  0.063538
0.5790,  0.070702
0.5795,  0.075469
0.5800,  0.074924
0.5805,  0.075405
0.5810,  0.076517
0.5815,  0.078425
0.5820,  0.081326
0.5825,  0.083220
0.5830,  0.078987
0.5835,  0.077325
0.5840,  0.079066
0.5845,  0.084257
0.5850,  0.074039
0.5855,  0.062678
0.5860,  0.074079
0.5865,  0.085517
0.5870,  0.092369
0.5875,  0.104052
0.5880,  0.099856
0.5885,  0.093813
0.5890,  0.074365
0.5895,  0.049143
0.5900,  0.089119
0.5905,  0.123917
0.5910,  0.114893
0.5915,  0.105711
0.5920,  0.105010
0.5925,  0.103873
0.5930,  0.098529
0.5935,  0.099045
0.5940,  0.097984
0.5945,  0.095002
0.5950,  0.098303
0.5955,  0.099242
0.5960,  0.101219
0.5965,  0.104424
0.5970,  0.098171
0.5975,  0.092734
0.5980,  0.087399
0.5985,  0.083523
0.5990,  0.089849
0.5995,  0.095472
0.6000,  0.090503
0.6005,  0.086623
0.6010,  0.088656
0.6015,  0.088784
0.6020,  0.080549
0.6025,  0.072166
0.6030,  0.084469
0.6035,  0.096719
0.6040,  0.095347
0.6045,  0.094614
0.6050,  0.092302
0.6055,  0.088988
0.6060,  0.087198
0.6065,  0.086892
0.6070,  0.088011
0.6075,  0.089133
0.6080,  0.088492
0.6085,  0.089597
0.6090,  0.092113
0.6095,  0.093326
0.6100,  0.085150
0.6105,  0.076963
0.6110,  0.086289
0.6115,  0.096468
0.6120,  0.090809
0.6125,  0.086076
0.6130,  0.084498
0.6135,  0.080958
0.6140,  0.086741
0.6145,  0.094618
0.6150,  0.097739
0.6155,  0.101699
0.6160,  0.082986
0.6165,  0.060557
0.6170,  0.080038
0.6175,  0.099239
0.6180,  0.103205
0.6185,  0.107258
0.6190,  0.105306
0.6195,  0.101320
0.6200,  0.105753
0.6205,  0.110699
0.6210,  0.102462
0.6215,  0.094112
0.6220,  0.100012
0.6225,  0.108634
0.6230,  0.102247
0.6235,  0.098420
0.6240,  0.101008
0.6245,  0.101330
0.6250,  0.097130
0.6255,  0.091299
0.6260,  0.103475
0.6265,  0.116720
0.6270,  0.118335
0.6275,  0.120326
0.6280,  0.120827
0.6285,  0.122877
0.6290,  0.122550
0.6295,  0.122648
0.6300,  0.120633
0.6305,  0.115640
0.6310,  0.111258
0.6315,  0.110221
0.6320,  0.107198
0.6325,  0.106234
0.6330,  0.107202
0.6335,  0.108363
0.6340,  0.110813
0.6345,  0.114723
0.6350,  0.117564
0.6355,  0.116229
0.6360,  0.113980
0.6365,  0.109861
0.6370,  0.105926
0.6375,  0.103024
0.6380,  0.103203
0.6385,  0.105350
0.6390,  0.108252
0.6395,  0.110155
0.6400,  0.109966
0.6405,  0.108127
0.6410,  0.104042
0.6415,  0.103573
0.6420,  0.101646
0.6425,  0.099032
0.6430,  0.097666
0.6435,  0.099892
0.6440,  0.102390
0.6445,  0.107918
0.6450,  0.114679
0.6455,  0.118761
0.6460,  0.121449
0.6465,  0.123438
0.6470,  0.124490
0.6475,  0.122986
0.6480,  0.122144
0.6485,  0.119236
0.6490,  0.114132
0.6495,  0.116065
0.6500,  0.119216
0.6505,  0.123336
0.6510,  0.127701
0.6515,  0.124917
0.6520,  0.122306
0.6525,  0.120706
0.6530,  0.119719
0.6535,  0.113809
0.6540,  0.113391
0.6545,  0.118628
0.6550,  0.127658
0.6555,  0.128159
0.6560,  0.118108
0.6565,  0.096813
0.6570,  0.066166
0.6575,  0.071853
0.6580,  0.079840
0.6585,  0.090361
0.6590,  0.102771
0.6595,  0.100061
0.6600,  0.096556
0.6605,  0.093141
0.6610,  0.092699
0.6615,  0.091599
0.6620,  0.092131
0.6625,  0.093981
0.6630,  0.094356
0.6635,  0.096133
0.6640,  0.096753
0.6645,  0.095171
0.6650,  0.093760
0.6655,  0.091729
0.6660,  0.090620
0.6665,  0.090882
0.6670,  0.087552
0.6675,  0.088894
0.6680,  0.088692
0.6685,  0.089205
0.6690,  0.089552
0.6695,  0.087223
0.6700,  0.087798
0.6705,  0.088202
0.6710,  0.090453
0.6715,  0.093824
0.6720,  0.095121
0.6725,  0.095912
0.6730,  0.095972
0.6735,  0.093301
0.6740,  0.092031
0.6745,  0.092329
0.6750,  0.090549
0.6755,  0.091403
0.6760,  0.092258
0.6765,  0.095259
0.6770,  0.098501
0.6775,  0.098298
0.6780,  0.100377
0.6785,  0.100862
0.6790,  0.099458
0.6795,  0.098046
0.6800,  0.097034
0.6805,  0.096927
0.6810,  0.098595
0.6815,  0.096376
0.6820,  0.096734
0.6825,  0.096403
0.6830,  0.099187
0.6835,  0.101958
0.6840,  0.106585
0.6845,  0.109079
0.6850,  0.113580
0.6855,  0.132663
0.6860,  0.160747
0.6865,  0.190452
0.6870,  0.212535
0.6875,  0.216652
0.6880,  0.211091
0.6885,  0.203197
0.6890,  0.198008
0.6895,  0.195435
0.6900,  0.189867
0.6905,  0.183846
0.6910,  0.178450
0.6915,  0.174921
0.6920,  0.173184
0.6925,  0.173093
0.6930,  0.173462
0.6935,  0.171970
0.6940,  0.171396
0.6945,  0.169964
0.6950,  0.167018
0.6955,  0.160972
0.6960,  0.152349
0.6965,  0.145380
0.6970,  0.139839
0.6975,  0.143514
0.6980,  0.152690
0.6985,  0.160713
0.6990,  0.166755
0.6995,  0.168059
0.7000,  0.164895
0.7005,  0.160825
0.7010,  0.158396
0.7015,  0.162770
0.7020,  0.162775
0.7025,  0.159824
0.7030,  0.159161
0.7035,  0.158799
0.7040,  0.161028
0.7045,  0.163575
0.7050,  0.163131
0.7055,  0.157094
0.7060,  0.151732
0.7065,  0.146514
0.7070,  0.145975
0.7075,  0.147465
0.7080,  0.146671
0.7085,  0.147974
0.7090,  0.147175
0.7095,  0.146541
0.7100,  0.145250
0.7105,  0.143760
0.7110,  0.143385
0.7115,  0.142274
0.7120,  0.140767
0.7125,  0.140042
0.7130,  0.141152
0.7135,  0.145527
0.7140,  0.150341
0.7145,  0.154662
0.7150,  0.163311
0.7155,  0.181200
0.7160,  0.209921
0.7165,  0.241947
0.7170,  0.274606
0.7175,  0.300774
0.7180,  0.325631
0.7185,  0.342829
0.7190,  0.348423
0.7195,  0.347487
0.7200,  0.333815
0.7205,  0.310822
0.7210,  0.286239
0.7215,  0.264609
0.7220,  0.260959
0.7225,  0.267184
0.7230,  0.280501
0.7235,  0.297187
0.7240,  0.311210
0.7245,  0.319926
0.7250,  0.323849
0.7255,  0.325156
0.7260,  0.324889
0.7265,  0.325280
0.7270,  0.325170
0.7275,  0.318614
0.7280,  0.313195
0.7285,  0.304589
0.7290,  0.297765
0.7295,  0.297794
0.7300,  0.296497
0.7305,  0.293770
0.7310,  0.286555
0.7315,  0.274330
0.7320,  0.259273
0.7325,  0.241965
0.7330,  0.225158
0.7335,  0.211296
0.7340,  0.203084
0.7345,  0.197483
0.7350,  0.197281
0.7355,  0.202006
0.7360,  0.200673
0.7365,  0.194961
0.7370,  0.188667
0.7375,  0.181722
0.7380,  0.181511
0.7385,  0.182824
0.7390,  0.174175
0.7395,  0.168550
0.7400,  0.163088
0.7405,  0.156795
0.7410,  0.153951
0.7415,  0.151921
0.7420,  0.150391
0.7425,  0.153303
0.7430,  0.157121
0.7435,  0.157918
0.7440,  0.158330
0.7445,  0.158622
0.7450,  0.156454
0.7455,  0.155383
0.7460,  0.154829
0.7465,  0.154320
0.7470,  0.151443
0.7475,  0.149924
0.7480,  0.151966
0.7485,  0.157945
0.7490,  0.160576
0.7495,  0.162724
0.7500,  0.160496
0.7505,  0.156271
0.7510,  0.155308
0.7515,  0.154261
0.7520,  0.155731
0.7525,  0.156406
0.7530,  0.155973
0.7535,  0.158217
0.7540,  0.158071
0.7545,  0.157691
0.7550,  0.157879
0.7555,  0.156707
0.7560,  0.156884
0.7565,  0.158497
0.7570,  0.163392
0.7575,  0.169506
0.7580,  0.187633
0.7585,  0.235143
0.7590,  0.327248
0.7595,  0.460481
0.7600,  0.612594
0.7605,  0.716008
0.7610,  0.745833
0.7615,  0.724716
0.7620,  0.692728
0.7625,  0.675403
0.7630,  0.664595
0.7635,  0.631607
0.7640,  0.577368
0.7645,  0.517777
0.7650,  0.459059
0.7655,  0.403393
0.7660,  0.353717
0.7665,  0.307704
0.7670,  0.269825
0.7675,  0.244098
0.7680,  0.225902
0.7685,  0.213618
0.7690,  0.202124
0.7695,  0.192923
0.7700,  0.184718
0.7705,  0.181025
0.7710,  0.180293
0.7715,  0.180023
0.7720,  0.178121
0.7725,  0.176929
0.7730,  0.178040
0.7735,  0.175058
0.7740,  0.172671
0.7745,  0.169371
0.7750,  0.167349
0.7755,  0.168843
0.7760,  0.167295
0.7765,  0.166011
0.7770,  0.171950
0.7775,  0.173516
0.7780,  0.173875
0.7785,  0.175966
0.7790,  0.173765
0.7795,  0.174628
0.7800,  0.172835
0.7805,  0.169377
0.7810,  0.165790
0.7815,  0.163365
0.7820,  0.162891
0.7825,  0.162906
0.7830,  0.162803
0.7835,  0.165223
0.7840,  0.169312
0.7845,  0.172684
0.7850,  0.174412
0.7855,  0.174641
0.7860,  0.176336
0.7865,  0.180407
0.7870,  0.185473
0.7875,  0.187044
0.7880,  0.193971
0.7885,  0.197282
0.7890,  0.205484
0.7895,  0.212529
0.7900,  0.217852
0.7905,  0.217788
0.7910,  0.212627
0.7915,  0.208815
0.7920,  0.207759
0.7925,  0.206928
0.7930,  0.201520
0.7935,  0.197491
0.7940,  0.197192
0.7945,  0.201655
0.7950,  0.205615
0.7955,  0.211699
0.7960,  0.215110
0.7965,  0.216573
0.7970,  0.218537
0.7975,  0.208502
0.7980,  0.205180
0.7985,  0.204391
0.7990,  0.207487
0.7995,  0.218490
0.8000,  0.228539
0.8005,  0.236712
0.8010,  0.242889
0.8015,  0.241707
0.8020,  0.238480
0.8025,  0.234011
0.8030,  0.236268
0.8035,  0.236262
0.8040,  0.231711
0.8045,  0.225841
0.8050,  0.218729
0.8055,  0.214564
0.8060,  0.214881
0.8065,  0.219406
0.8070,  0.224138
0.8075,  0.226231
0.8080,  0.224029
0.8085,  0.222707
0.8090,  0.220045
0.8095,  0.224845
0.8100,  0.233972
0.8105,  0.247173
0.8110,  0.258296
0.8115,  0.269861
0.8120,  0.287334
0.8125,  0.313260
0.8130,  0.337421
0.8135,  0.361473
0.8140,  0.379736
0.8145,  0.394859
0.8150,  0.408255
0.8155,  0.421111
0.8160,  0.435147
0.8165,  0.449171
0.8170,  0.456562
0.8175,  0.450019
0.8180,  0.440487
0.8185,  0.426685
0.8190,  0.406061
0.8195,  0.392246
0.8200,  0.370332
0.8205,  0.348046
0.8210,  0.347176
0.8215,  0.370121
0.8220,  0.408583
0.8225,  0.445669
0.8230,  0.455902
0.8235,  0.435007
0.8240,  0.401351
0.8245,  0.374206
0.8250,  0.350766
0.8255,  0.335911
0.8260,  0.333295
0.8265,  0.331429
0.8270,  0.336201
0.8275,  0.352517
0.8280,  0.374756
0.8285,  0.382752
0.8290,  0.383737
0.8295,  0.379320
0.8300,  0.366658
0.8305,  0.352104
0.8310,  0.343467
0.8315,  0.338999
0.8320,  0.335173
0.8325,  0.334186
0.8330,  0.336589
0.8335,  0.336636
0.8340,  0.329330
0.8345,  0.319800
0.8350,  0.310073
0.8355,  0.302659
0.8360,  0.294868
0.8365,  0.289444
0.8370,  0.287139
0.8375,  0.282968
0.8380,  0.279605
0.8385,  0.271058
0.8390,  0.268882
0.8395,  0.264906
0.8400,  0.266406
0.8405,  0.263431
0.8410,  0.256068
0.8415,  0.249151
0.8420,  0.248988
0.8425,  0.242649
0.8430,  0.244503
0.8435,  0.241296
0.8440,  0.232889
0.8445,  0.239331
0.8450,  0.243268
0.8455,  0.243556
0.8460,  0.242855
0.8465,  0.244618
0.8470,  0.241916
0.8475,  0.240593
0.8480,  0.240056
0.8485,  0.233817
0.8490,  0.235305
0.8495,  0.242233
0.8500,  0.243439
0.8505,  0.252038
0.8510,  0.255150
0.8515,  0.266490
0.8520,  0.266480
0.8525,  0.255021
0.8530,  0.258275
0.8535,  0.260875
0.8540,  0.245873
0.8545,  0.264528
0.8550,  0.267150
0.8555,  0.264986
0.8560,  0.271551
0.8565,  0.263949
0.8570,  0.265118
0.8575,  0.262694
0.8580,  0.264463
0.8585,  0.256665
0.8590,  0.253924
0.8595,  0.249000
0.8600,  0.248691
0.8605,  0.248774
0.8610,  0.254444
0.8615,  0.256939
0.8620,  0.263026
0.8625,  0.266900
0.8630,  0.263887
0.8635,  0.260273
0.8640,  0.259073
0.8645,  0.245838
0.8650,  0.248767
0.8655,  0.257702
0.8660,  0.257551
0.8665,  0.273818
0.8670,  0.279865
0.8675,  0.289008
0.8680,  0.288030
0.8685,  0.284887
0.8690,  0.285138
0.8695,  0.293055
0.8700,  0.289886
0.8705,  0.287481
0.8710,  0.292500
0.8715,  0.296225
0.8720,  0.310584
0.8725,  0.311459
0.8730,  0.303994
0.8735,  0.298396
0.8740,  0.301768
0.8745,  0.298131
0.8750,  0.292977
0.8755,  0.296290
0.8760,  0.309355
0.8765,  0.313560
0.8770,  0.322300
0.8775,  0.339059
0.8780,  0.343682
0.8785,  0.336770
0.8790,  0.327171
0.8795,  0.322066
0.8800,  0.316103
0.8805,  0.311914
0.8810,  0.308567
0.8815,  0.304525
0.8820,  0.298970
0.8825,  0.306292
0.8830,  0.323013
0.8835,  0.325217
0.8840,  0.330214
0.8845,  0.335620
0.8850,  0.343305
0.8855,  0.340730
0.8860,  0.337888
0.8865,  0.333636
0.8870,  0.337825
0.8875,  0.343782
0.8880,  0.346680
0.8885,  0.359854
0.8890,  0.368408
0.8895,  0.371095
0.8900,  0.380198
