0.3500,  Infinity
0.3505,  Infinity
0.3510,  6.530938
0.3515,  4.223456
0.3520,  3.637668
0.3525,  3.164419
0.3530,  2.799003
0.3535,  2.548558
0.3540,  2.393484
0.3545,  2.388420
0.3550,  2.387094
0.3555,  2.333661
0.3560,  2.284042
0.3565,  2.286344
0.3570,  2.385412
0.3575,  2.656191
0.3580,  3.154839
0.3585,  4.089813
0.3590,  5.404123
0.3595,  4.463560
0.3600,  3.865800
0.3605,  3.412498
0.3610,  2.972462
0.3615,  2.619218
0.3620,  2.405029
0.3625,  2.249215
0.3630,  2.129320
0.3635,  2.090271
0.3640,  2.077988
0.3645,  1.989697
0.3650,  1.937585
0.3655,  1.865975
0.3660,  1.729263
0.3665,  1.620634
0.3670,  1.498000
0.3675,  1.413776
0.3680,  1.352781
0.3685,  1.289791
0.3690,  1.309633
0.3695,  1.347773
0.3700,  1.329650
0.3705,  1.315657
0.3710,  1.353378
0.3715,  1.393936
0.3720,  1.369343
0.3725,  1.337328
0.3730,  1.311532
0.3735,  1.291588
0.3740,  1.339430
0.3745,  1.383311
0.3750,  1.495246
0.3755,  1.563849
0.3760,  1.524078
0.3765,  1.461615
0.3770,  1.453175
0.3775,  1.447412
0.3780,  1.400910
0.3785,  1.364997
0.3790,  1.237601
0.3795,  1.112147
0.3800,  1.153051
0.3805,  1.194221
0.3810,  1.161225
0.3815,  1.163246
0.3820,  1.117326
0.3825,  1.092899
0.3830,  1.171347
0.3835,  1.224760
0.3840,  1.477777
0.3845,  1.645460
0.3850,  1.656884
0.3855,  1.657152
0.3860,  1.630774
0.3865,  1.588379
0.3870,  1.532336
0.3875,  1.478244
0.3880,  1.411222
0.3885,  1.323517
0.3890,  1.335646
0.3895,  1.339200
0.3900,  1.280333
0.3905,  1.231456
0.3910,  1.207952
0.3915,  1.209541
0.3920,  1.108717
0.3925,  1.036351
0.3930,  0.904089
0.3935,  0.715725
0.3940,  1.088365
0.3945,  1.327574
0.3950,  1.412192
0.3955,  1.487717
0.3960,  1.313179
0.3965,  1.109456
0.3970,  1.117735
0.3975,  1.081813
0.3980,  1.231748
0.3985,  1.307429
0.3990,  1.221906
0.3995,  1.141361
0.4000,  1.040176
0.4005,  0.949024
0.4010,  0.885641
0.4015,  0.838677
0.4020,  0.793084
0.4025,  0.766039
0.4030,  0.726609
0.4035,  0.691667
0.4040,  0.681639
0.4045,  0.678792
0.4050,  0.673521
0.4055,  0.670355
0.4060,  0.655989
0.4065,  0.643950
0.4070,  0.657783
0.4075,  0.668557
0.4080,  0.695937
0.4085,  0.716365
0.4090,  0.706027
0.4095,  0.698416
0.4100,  0.644405
0.4105,  0.583020
0.4110,  0.652741
0.4115,  0.717344
0.4120,  0.699906
0.4125,  0.678598
0.4130,  0.654758
0.4135,  0.633142
0.4140,  0.623646
0.4145,  0.610441
0.4150,  0.600501
0.4155,  0.591275
0.4160,  0.610074
0.4165,  0.634000
0.4170,  0.595212
0.4175,  0.553673
0.4180,  0.563032
0.4185,  0.576683
0.4190,  0.593738
0.4195,  0.595203
0.4200,  0.609825
0.4205,  0.625011
0.4210,  0.625844
0.4215,  0.632065
0.4220,  0.580183
0.4225,  0.523952
0.4230,  0.563300
0.4235,  0.600752
0.4240,  0.615709
0.4245,  0.633913
0.4250,  0.624774
0.4255,  0.608706
0.4260,  0.609961
0.4265,  0.617345
0.4270,  0.585430
0.4275,  0.551469
0.4280,  0.560563
0.4285,  0.577532
0.4290,  0.568513
0.4295,  0.571937
0.4300,  0.497158
0.4305,  0.395596
0.4310,  0.607807
0.4315,  0.765963
0.4320,  0.735982
0.4325,  0.700745
0.4330,  0.691483
0.4335,  0.683268
0.4340,  0.638762
0.4345,  0.600482
0.4350,  0.593025
0.4355,  0.586346
0.4360,  0.620026
0.4365,  0.650614
0.4370,  0.606402
0.4375,  0.567925
0.4380,  0.509770
0.4385,  0.450971
0.4390,  0.527089
0.4395,  0.591751
0.4400,  0.557697
0.4405,  0.517304
0.4410,  0.556686
0.4415,  0.590960
0.4420,  0.584938
0.4425,  0.579500
0.4430,  0.550886
0.4435,  0.525814
0.4440,  0.534347
0.4445,  0.549145
0.4450,  0.511771
0.4455,  0.468015
0.4460,  0.481494
0.4465,  0.494141
0.4470,  0.526470
0.4475,  0.558251
0.4480,  0.526008
0.4485,  0.489391
0.4490,  0.490459
0.4495,  0.490782
0.4500,  0.507328
0.4505,  0.519300
0.4510,  0.509510
0.4515,  0.497765
0.4520,  0.463803
0.4525,  0.425759
0.4530,  0.433659
0.4535,  0.440363
0.4540,  0.449586
0.4545,  0.453894
0.4550,  0.465875
0.4555,  0.476350
0.4560,  0.486134
0.4565,  0.492455
0.4570,  0.496217
0.4575,  0.502316
0.4580,  0.476733
0.4585,  0.447126
0.4590,  0.454966
0.4595,  0.459855
0.4600,  0.462411
0.4605,  0.465771
0.4610,  0.465455
0.4615,  0.462871
0.4620,  0.466538
0.4625,  0.469723
0.4630,  0.451227
0.4635,  0.439894
0.4640,  0.430075
0.4645,  0.420515
0.4650,  0.445843
0.4655,  0.470078
0.4660,  0.445156
0.4665,  0.421406
0.4670,  0.448163
0.4675,  0.465866
0.4680,  0.456795
0.4685,  0.450809
0.4690,  0.448609
0.4695,  0.449499
0.4700,  0.429303
0.4705,  0.403120
0.4710,  0.432080
0.4715,  0.463324
0.4720,  0.463155
0.4725,  0.461643
0.4730,  0.448394
0.4735,  0.431632
0.4740,  0.437845
0.4745,  0.444777
0.4750,  0.433691
0.4755,  0.424794
0.4760,  0.407723
0.4765,  0.391175
0.4770,  0.416288
0.4775,  0.438942
0.4780,  0.419155
0.4785,  0.399258
0.4790,  0.411370
0.4795,  0.420581
0.4800,  0.407166
0.4805,  0.392761
0.4810,  0.400275
0.4815,  0.409426
0.4820,  0.390049
0.4825,  0.378151
0.4830,  0.381284
0.4835,  0.381474
0.4840,  0.373952
0.4845,  0.371831
0.4850,  0.353808
0.4855,  0.338493
0.4860,  0.305224
0.4865,  0.261475
0.4870,  0.322507
0.4875,  0.373538
0.4880,  0.388245
0.4885,  0.397686
0.4890,  0.393878
0.4895,  0.389675
0.4900,  0.386180
0.4905,  0.387288
0.4910,  0.355951
0.4915,  0.327095
0.4920,  0.324364
0.4925,  0.322641
0.4930,  0.318013
0.4935,  0.312158
0.4940,  0.343981
0.4945,  0.375333
0.4950,  0.337812
0.4955,  0.302553
0.4960,  0.319593
0.4965,  0.335150
0.4970,  0.334643
0.4975,  0.338859
0.4980,  0.306899
0.4985,  0.271415
0.4990,  0.298401
0.4995,  0.324722
0.5000,  0.301130
0.5005,  0.277008
0.5010,  0.270399
0.5015,  0.263107
0.5020,  0.285574
0.5025,  0.304779
0.5030,  0.312047
0.5035,  0.320025
0.5040,  0.305980
0.5045,  0.286554
0.5050,  0.306580
0.5055,  0.326250
0.5060,  0.312248
0.5065,  0.300242
0.5070,  0.286730
0.5075,  0.274112
0.5080,  0.277822
0.5085,  0.280677
0.5090,  0.280662
0.5095,  0.278959
0.5100,  0.283145
0.5105,  0.287158
0.5110,  0.296043
0.5115,  0.304567
0.5120,  0.273955
0.5125,  0.245257
0.5130,  0.249818
0.5135,  0.255405
0.5140,  0.266208
0.5145,  0.274260
0.5150,  0.282501
0.5155,  0.294286
0.5160,  0.250652
0.5165,  0.205885
0.5170,  0.235959
0.5175,  0.263761
0.5180,  0.252023
0.5185,  0.232460
0.5190,  0.272918
0.5195,  0.308029
0.5200,  0.297764
0.5205,  0.285601
0.5210,  0.293422
0.5215,  0.303430
0.5220,  0.276958
0.5225,  0.252633
0.5230,  0.267353
0.5235,  0.278540
0.5240,  0.286365
0.5245,  0.295660
0.5250,  0.286736
0.5255,  0.282495
0.5260,  0.228329
0.5265,  0.172007
0.5270,  0.219974
0.5275,  0.260344
0.5280,  0.272220
0.5285,  0.280695
0.5290,  0.279030
0.5295,  0.275972
0.5300,  0.275280
0.5305,  0.274639
0.5310,  0.272116
0.5315,  0.272955
0.5320,  0.232177
0.5325,  0.191271
0.5330,  0.235479
0.5335,  0.276152
0.5340,  0.259889
0.5345,  0.241064
0.5350,  0.267263
0.5355,  0.292505
0.5360,  0.263740
0.5365,  0.236081
0.5370,  0.240242
0.5375,  0.244397
0.5380,  0.252944
0.5385,  0.262867
0.5390,  0.250884
0.5395,  0.237475
0.5400,  0.228322
0.5405,  0.218746
0.5410,  0.250504
0.5415,  0.278084
0.5420,  0.262115
0.5425,  0.245645
0.5430,  0.257619
0.5435,  0.267832
0.5440,  0.264990
0.5445,  0.262456
0.5450,  0.266268
0.5455,  0.270349
0.5460,  0.265371
0.5465,  0.260362
0.5470,  0.248363
0.5475,  0.238441
0.5480,  0.247389
0.5485,  0.254873
0.5490,  0.262707
0.5495,  0.271955
0.5500,  0.263788
0.5505,  0.256482
0.5510,  0.259231
0.5515,  0.262123
0.5520,  0.259117
0.5525,  0.253547
0.5530,  0.261504
0.5535,  0.268414
0.5540,  0.270307
0.5545,  0.270864
0.5550,  0.271475
0.5555,  0.272160
0.5560,  0.256483
0.5565,  0.243251
0.5570,  0.252923
0.5575,  0.264435
0.5580,  0.254878
0.5585,  0.244349
0.5590,  0.252200
0.5595,  0.260635
0.5600,  0.267663
0.5605,  0.273524
0.5610,  0.268985
0.5615,  0.263893
0.5620,  0.269816
0.5625,  0.276146
0.5630,  0.277186
0.5635,  0.279275
0.5640,  0.278926
0.5645,  0.280009
0.5650,  0.270738
0.5655,  0.259217
0.5660,  0.268229
0.5665,  0.276872
0.5670,  0.290242
0.5675,  0.303848
0.5680,  0.285894
0.5685,  0.269908
0.5690,  0.284426
0.5695,  0.298855
0.5700,  0.280129
0.5705,  0.259275
0.5710,  0.273693
0.5715,  0.280759
0.5720,  0.289224
0.5725,  0.299942
0.5730,  0.292242
0.5735,  0.288059
0.5740,  0.286232
0.5745,  0.286275
0.5750,  0.280068
0.5755,  0.271968
0.5760,  0.275605
0.5765,  0.277046
0.5770,  0.281304
0.5775,  0.285103
0.5780,  0.268916
0.5785,  0.252055
0.5790,  0.263494
0.5795,  0.273510
0.5800,  0.275893
0.5805,  0.278547
0.5810,  0.280844
0.5815,  0.281705
0.5820,  0.284379
0.5825,  0.285023
0.5830,  0.277978
0.5835,  0.272481
0.5840,  0.272952
0.5845,  0.278682
0.5850,  0.267780
0.5855,  0.254728
0.5860,  0.271106
0.5865,  0.284842
0.5870,  0.290160
0.5875,  0.300488
0.5880,  0.291220
0.5885,  0.285326
0.5890,  0.266684
0.5895,  0.240937
0.5900,  0.302111
0.5905,  0.351817
0.5910,  0.341165
0.5915,  0.329671
0.5920,  0.327276
0.5925,  0.322841
0.5930,  0.315118
0.5935,  0.313198
0.5940,  0.311824
0.5945,  0.309790
0.5950,  0.315459
0.5955,  0.319761
0.5960,  0.322215
0.5965,  0.322967
0.5970,  0.311319
0.5975,  0.302426
0.5980,  0.296222
0.5985,  0.291640
0.5990,  0.300859
0.5995,  0.310801
0.6000,  0.306647
0.6005,  0.302586
0.6010,  0.304906
0.6015,  0.304083
0.6020,  0.289553
0.6025,  0.274356
0.6030,  0.288007
0.6035,  0.303537
0.6040,  0.303316
0.6045,  0.303251
0.6050,  0.301482
0.6055,  0.298356
0.6060,  0.297540
0.6065,  0.296169
0.6070,  0.296501
0.6075,  0.297388
0.6080,  0.296520
0.6085,  0.298121
0.6090,  0.302043
0.6095,  0.307994
0.6100,  0.301846
0.6105,  0.292397
0.6110,  0.304880
0.6115,  0.317712
0.6120,  0.308735
0.6125,  0.299878
0.6130,  0.298215
0.6135,  0.299341
0.6140,  0.312658
0.6145,  0.323342
0.6150,  0.324792
0.6155,  0.326244
0.6160,  0.299206
0.6165,  0.271278
0.6170,  0.299132
0.6175,  0.325775
0.6180,  0.332918
0.6185,  0.340720
0.6190,  0.339472
0.6195,  0.332792
0.6200,  0.335677
0.6205,  0.339099
0.6210,  0.326767
0.6215,  0.314621
0.6220,  0.325650
0.6225,  0.336410
0.6230,  0.329891
0.6235,  0.325031
0.6240,  0.331608
0.6245,  0.334432
0.6250,  0.331499
0.6255,  0.327216
0.6260,  0.343202
0.6265,  0.358673
0.6270,  0.358158
0.6275,  0.359472
0.6280,  0.363587
0.6285,  0.370890
0.6290,  0.372883
0.6295,  0.373021
0.6300,  0.369905
0.6305,  0.365565
0.6310,  0.359374
0.6315,  0.359042
0.6320,  0.357008
0.6325,  0.355166
0.6330,  0.356450
0.6335,  0.357305
0.6340,  0.358249
0.6345,  0.360084
0.6350,  0.364335
0.6355,  0.372237
0.6360,  0.373940
0.6365,  0.368866
0.6370,  0.361584
0.6375,  0.358218
0.6380,  0.358330
0.6385,  0.360137
0.6390,  0.362844
0.6395,  0.360332
0.6400,  0.359781
0.6405,  0.356855
0.6410,  0.356037
0.6415,  0.361722
0.6420,  0.361510
0.6425,  0.359861
0.6430,  0.356463
0.6435,  0.356463
0.6440,  0.361624
0.6445,  0.367825
0.6450,  0.376188
0.6455,  0.379807
0.6460,  0.383540
0.6465,  0.385790
0.6470,  0.389405
0.6475,  0.388867
0.6480,  0.387160
0.6485,  0.388333
0.6490,  0.389132
0.6495,  0.398399
0.6500,  0.403674
0.6505,  0.410055
0.6510,  0.415306
0.6515,  0.411762
0.6520,  0.409956
0.6525,  0.404426
0.6530,  0.400808
0.6535,  0.388142
0.6540,  0.383195
0.6545,  0.385627
0.6550,  0.396137
0.6555,  0.404814
0.6560,  0.408756
0.6565,  0.397993
0.6570,  0.366865
0.6575,  0.375111
0.6580,  0.378819
0.6585,  0.383041
0.6590,  0.391877
0.6595,  0.382588
0.6600,  0.376161
0.6605,  0.369240
0.6610,  0.367884
0.6615,  0.363468
0.6620,  0.360586
0.6625,  0.362636
0.6630,  0.365920
0.6635,  0.374121
0.6640,  0.381227
0.6645,  0.383194
0.6650,  0.382555
0.6655,  0.378082
0.6660,  0.373845
0.6665,  0.370284
0.6670,  0.362480
0.6675,  0.367575
0.6680,  0.370950
0.6685,  0.376336
0.6690,  0.382393
0.6695,  0.381805
0.6700,  0.382403
0.6705,  0.382269
0.6710,  0.385522
0.6715,  0.392473
0.6720,  0.399073
0.6725,  0.403792
0.6730,  0.403856
0.6735,  0.402648
0.6740,  0.401790
0.6745,  0.396373
0.6750,  0.389992
0.6755,  0.391282
0.6760,  0.393365
0.6765,  0.395987
0.6770,  0.398134
0.6775,  0.403648
0.6780,  0.404274
0.6785,  0.405586
0.6790,  0.404756
0.6795,  0.402429
0.6800,  0.405390
0.6805,  0.408604
0.6810,  0.410504
0.6815,  0.413882
0.6820,  0.418800
0.6825,  0.422576
0.6830,  0.428204
0.6835,  0.432112
0.6840,  0.439252
0.6845,  0.436478
0.6850,  0.445174
0.6855,  0.465037
0.6860,  0.500352
0.6865,  0.547709
0.6870,  0.594240
0.6875,  0.621749
0.6880,  0.634446
0.6885,  0.633415
0.6890,  0.628566
0.6895,  0.624456
0.6900,  0.618673
0.6905,  0.610913
0.6910,  0.598950
0.6915,  0.589571
0.6920,  0.579421
0.6925,  0.572915
0.6930,  0.575635
0.6935,  0.582272
0.6940,  0.589151
0.6945,  0.590818
0.6950,  0.592350
0.6955,  0.588859
0.6960,  0.580159
0.6965,  0.566729
0.6970,  0.555257
0.6975,  0.553232
0.6980,  0.552946
0.6985,  0.560796
0.6990,  0.569827
0.6995,  0.573269
0.7000,  0.579444
0.7005,  0.583120
0.7010,  0.589037
0.7015,  0.596497
0.7020,  0.598306
0.7025,  0.599778
0.7030,  0.599144
0.7035,  0.596226
0.7040,  0.596183
0.7045,  0.592855
0.7050,  0.594695
0.7055,  0.595144
0.7060,  0.590279
0.7065,  0.581883
0.7070,  0.576807
0.7075,  0.576264
0.7080,  0.584283
0.7085,  0.589382
0.7090,  0.593727
0.7095,  0.592963
0.7100,  0.591580
0.7105,  0.587977
0.7110,  0.586303
0.7115,  0.585149
0.7120,  0.585562
0.7125,  0.590689
0.7130,  0.594544
0.7135,  0.601153
0.7140,  0.607258
0.7145,  0.617139
0.7150,  0.630094
0.7155,  0.647699
0.7160,  0.675008
0.7165,  0.718486
0.7170,  0.785496
0.7175,  0.855978
0.7180,  0.929094
0.7185,  0.995563
0.7190,  1.051121
0.7195,  1.092228
0.7200,  1.085276
0.7205,  1.050860
0.7210,  0.996592
0.7215,  0.928055
0.7220,  0.882876
0.7225,  0.868484
0.7230,  0.881087
0.7235,  0.911859
0.7240,  0.956349
0.7245,  0.998026
0.7250,  1.020827
0.7255,  1.037377
0.7260,  1.046961
0.7265,  1.053439
0.7270,  1.059764
0.7275,  1.049451
0.7280,  1.029994
0.7285,  1.015060
0.7290,  1.004585
0.7295,  1.007453
0.7300,  1.007851
0.7305,  1.012851
0.7310,  1.014576
0.7315,  0.996365
0.7320,  0.970151
0.7325,  0.922312
0.7330,  0.876934
0.7335,  0.836930
0.7340,  0.814922
0.7345,  0.791617
0.7350,  0.780516
0.7355,  0.777302
0.7360,  0.783621
0.7365,  0.789742
0.7370,  0.791401
0.7375,  0.784786
0.7380,  0.778498
0.7385,  0.771586
0.7390,  0.766160
0.7395,  0.759133
0.7400,  0.746832
0.7405,  0.732381
0.7410,  0.729557
0.7415,  0.735683
0.7420,  0.739978
0.7425,  0.744658
0.7430,  0.739807
0.7435,  0.731813
0.7440,  0.731846
0.7445,  0.722085
0.7450,  0.720083
0.7455,  0.719266
0.7460,  0.718451
0.7465,  0.715465
0.7470,  0.718753
0.7475,  0.730638
0.7480,  0.738141
0.7485,  0.748627
0.7490,  0.752420
0.7495,  0.760691
0.7500,  0.767374
0.7505,  0.774749
0.7510,  0.775356
0.7515,  0.776144
0.7520,  0.781667
0.7525,  0.784316
0.7530,  0.785373
0.7535,  0.788845
0.7540,  0.793639
0.7545,  0.800727
0.7550,  0.808442
0.7555,  0.820617
0.7560,  0.818678
0.7565,  0.812272
0.7570,  0.812789
0.7575,  0.822190
0.7580,  0.857773
0.7585,  0.936414
0.7590,  1.105540
0.7595,  1.446701
0.7600,  2.109574
0.7605,  3.490295
0.7610,  Infinity
0.7615,  Infinity
0.7620,  8.863547
0.7625,  6.255738
0.7630,  5.240874
0.7635,  4.524827
0.7640,  3.736218
0.7645,  3.014693
0.7650,  2.476053
0.7655,  2.114729
0.7660,  1.815979
0.7665,  1.555400
0.7670,  1.367137
0.7675,  1.244121
0.7680,  1.164963
0.7685,  1.107775
0.7690,  1.047095
0.7695,  1.002754
0.7700,  0.983476
0.7705,  0.965554
0.7710,  0.952381
0.7715,  0.951328
0.7720,  0.960101
0.7725,  0.964781
0.7730,  0.972123
0.7735,  0.971048
0.7740,  0.976884
0.7745,  0.984426
0.7750,  0.977390
0.7755,  0.976938
0.7760,  0.992040
0.7765,  1.011578
0.7770,  1.019537
0.7775,  1.021330
0.7780,  1.013720
0.7785,  1.006635
0.7790,  0.990205
0.7795,  0.983376
0.7800,  0.989268
0.7805,  1.010390
0.7810,  1.040656
0.7815,  1.064520
0.7820,  1.069174
0.7825,  1.075231
0.7830,  1.095032
0.7835,  1.103149
0.7840,  1.093937
0.7845,  1.091560
0.7850,  1.100885
0.7855,  1.099955
0.7860,  1.105141
0.7865,  1.111140
0.7870,  1.124390
0.7875,  1.145775
0.7880,  1.158615
0.7885,  1.180909
0.7890,  1.212545
0.7895,  1.221048
0.7900,  1.224664
0.7905,  1.234246
0.7910,  1.230944
0.7915,  1.241432
0.7920,  1.260963
0.7925,  1.298476
0.7930,  1.335302
0.7935,  1.351053
0.7940,  1.334903
0.7945,  1.309246
0.7950,  1.281906
0.7955,  1.264114
0.7960,  1.259784
0.7965,  1.266233
0.7970,  1.267282
0.7975,  1.289344
0.7980,  1.309705
0.7985,  1.332732
0.7990,  1.375819
0.7995,  1.408362
0.8000,  1.442047
0.8005,  1.445958
0.8010,  1.417105
0.8015,  1.428617
0.8020,  1.436105
0.8025,  1.441044
0.8030,  1.463018
0.8035,  1.494960
0.8040,  1.502749
0.8045,  1.523639
0.8050,  1.537176
0.8055,  1.516125
0.8060,  1.518138
0.8065,  1.517687
0.8070,  1.504767
0.8075,  1.502556
0.8080,  1.493488
0.8085,  1.514761
0.8090,  1.578874
0.8095,  1.684028
0.8100,  1.782643
0.8105,  1.815196
0.8110,  1.829502
0.8115,  1.866262
0.8120,  1.919802
0.8125,  1.986035
0.8130,  2.159143
0.8135,  2.439104
0.8140,  2.811823
0.8145,  3.518290
0.8150,  4.866571
0.8155,  Infinity
0.8160,  Infinity
0.8165,  Infinity
0.8170,  Infinity
0.8175,  Infinity
0.8180,  Infinity
0.8185,  Infinity
0.8190,  Infinity
0.8195,  Infinity
0.8200,  6.448467
0.8205,  5.818504
0.8210,  4.097931
0.8215,  5.161619
0.8220,  7.466099
0.8225,  Infinity
0.8230,  Infinity
0.8235,  Infinity
0.8240,  Infinity
0.8245,  Infinity
0.8250,  6.254401
0.8255,  4.769775
0.8260,  4.616802
0.8265,  Infinity
0.8270,  Infinity
0.8275,  Infinity
0.8280,  Infinity
0.8285,  Infinity
0.8290,  Infinity
0.8295,  Infinity
0.8300,  Infinity
0.8305,  Infinity
0.8310,  Infinity
0.8315,  Infinity
0.8320,  Infinity
0.8325,  Infinity
0.8330,  Infinity
0.8335,  Infinity
0.8340,  Infinity
0.8345,  Infinity
0.8350,  Infinity
0.8355,  7.848387
0.8360,  4.773504
0.8365,  5.139754
0.8370,  5.600706
0.8375,  Infinity
0.8380,  Infinity
0.8385,  Infinity
0.8390,  Infinity
0.8395,  Infinity
0.8400,  6.209681
0.8405,  4.474879
0.8410,  4.757396
0.8415,  4.655983
0.8420,  Infinity
0.8425,  Infinity
0.8430,  Infinity
0.8435,  Infinity
0.8440,  Infinity
0.8445,  5.322531
0.8450,  3.946214
0.8455,  3.763010
0.8460,  4.374339
0.8465,  5.570522
0.8470,  5.595599
0.8475,  8.324554
0.8480,  7.674018
0.8485,  6.635131
0.8490,  Infinity
0.8495,  Infinity
0.8500,  Infinity
0.8505,  Infinity
0.8510,  Infinity
0.8515,  Infinity
0.8520,  Infinity
0.8525,  Infinity
0.8530,  Infinity
0.8535,  Infinity
0.8540,  Infinity
0.8545,  Infinity
0.8550,  Infinity
0.8555,  Infinity
0.8560,  Infinity
0.8565,  Infinity
0.8570,  Infinity
0.8575,  Infinity
0.8580,  Infinity
0.8585,  Infinity
0.8590,  Infinity
0.8595,  Infinity
0.8600,  Infinity
0.8605,  Infinity
0.8610,  Infinity
0.8615,  Infinity
0.8620,  Infinity
0.8625,  Infinity
0.8630,  Infinity
0.8635,  Infinity
0.8640,  Infinity
0.8645,  Infinity
0.8650,  Infinity
0.8655,  7.319330
0.8660,  Infinity
0.8665,  Infinity
0.8670,  Infinity
0.8675,  Infinity
0.8680,  Infinity
0.8685,  Infinity
0.8690,  Infinity
0.8695,  Infinity
0.8700,  Infinity
0.8705,  Infinity
0.8710,  Infinity
0.8715,  Infinity
0.8720,  Infinity
0.8725,  Infinity
0.8730,  Infinity
0.8735,  Infinity
0.8740,  Infinity
0.8745,  Infinity
0.8750,  Infinity
0.8755,  Infinity
0.8760,  Infinity
0.8765,  Infinity
0.8770,  Infinity
0.8775,  Infinity
0.8780,  Infinity
0.8785,  Infinity
0.8790,  Infinity
0.8795,  Infinity
0.8800,  Infinity
0.8805,  Infinity
0.8810,  Infinity
0.8815,  Infinity
0.8820,  Infinity
0.8825,  Infinity
0.8830,  Infinity
0.8835,  Infinity
0.8840,  Infinity
0.8845,  Infinity
0.8850,  Infinity
0.8855,  Infinity
0.8860,  Infinity
0.8865,  Infinity
0.8870,  Infinity
0.8875,  Infinity
0.8880,  Infinity
0.8885,  Infinity
0.8890,  Infinity
0.8895,  Infinity
0.8900,  Infinity
