0.3500,  0.123620
0.3505,  0.172315
0.3510,  0.140563
0.3515,  0.114143
0.3520,  0.084565
0.3525,  0.049133
0.3530,  0.090890
0.3535,  0.126990
0.3540,  0.151746
0.3545,  0.174732
0.3550,  0.154004
0.3555,  0.138445
0.3560,  0.101384
0.3565,  0.067735
0.3570,  0.039501
0.3575,  0.005741
0.3580,  -0.026495
0.3585,  -0.076016
0.3590,  0.062538
0.3595,  0.176299
0.3600,  0.167534
0.3605,  0.156737
0.3610,  0.115910
0.3615,  0.066324
0.3620,  0.101102
0.3625,  0.133115
0.3630,  0.121859
0.3635,  0.105684
0.3640,  0.090526
0.3645,  0.074168
0.3650,  0.097822
0.3655,  0.118881
0.3660,  0.131281
0.3665,  0.151519
0.3670,  0.135637
0.3675,  0.117770
0.3680,  0.088932
0.3685,  0.056670
0.3690,  0.094880
0.3695,  0.132784
0.3700,  0.105038
0.3705,  0.075641
0.3710,  0.092188
0.3715,  0.114188
0.3720,  0.090895
0.3725,  0.067987
0.3730,  0.040716
0.3735,  0.010969
0.3740,  0.023991
0.3745,  0.032047
0.3750,  0.100661
0.3755,  0.151349
0.3760,  0.140834
0.3765,  0.121348
0.3770,  0.152935
0.3775,  0.180295
0.3780,  0.168388
0.3785,  0.170260
0.3790,  0.093782
0.3795,  0.010560
0.3800,  0.060235
0.3805,  0.113797
0.3810,  0.097850
0.3815,  0.092159
0.3820,  0.030215
0.3825,  -0.048061
0.3830,  -0.061314
0.3835,  -0.094052
0.3840,  0.040981
0.3845,  0.138978
0.3850,  0.139167
0.3855,  0.140317
0.3860,  0.123276
0.3865,  0.112275
0.3870,  0.107227
0.3875,  0.102918
0.3880,  0.090419
0.3885,  0.072259
0.3890,  0.119721
0.3895,  0.156232
0.3900,  0.153823
0.3905,  0.149623
0.3910,  0.157680
0.3915,  0.183917
0.3920,  0.109332
0.3925,  0.038058
0.3930,  -0.096436
0.3935,  -0.299426
0.3940,  -0.054212
0.3945,  0.113331
0.3950,  0.194541
0.3955,  0.275321
0.3960,  0.139055
0.3965,  -0.034153
0.3970,  -0.019222
0.3975,  -0.028558
0.3980,  0.122715
0.3985,  0.225954
0.3990,  0.206228
0.3995,  0.194747
0.4000,  0.163544
0.4005,  0.135637
0.4010,  0.125463
0.4015,  0.122380
0.4020,  0.112656
0.4025,  0.108180
0.4030,  0.089505
0.4035,  0.072019
0.4040,  0.068831
0.4045,  0.069294
0.4050,  0.070294
0.4055,  0.070253
0.4060,  0.056901
0.4065,  0.045099
0.4070,  0.055715
0.4075,  0.061704
0.4080,  0.082501
0.4085,  0.103736
0.4090,  0.099658
0.4095,  0.096353
0.4100,  0.055841
0.4105,  0.008761
0.4110,  0.065729
0.4115,  0.115592
0.4120,  0.100094
0.4125,  0.085550
0.4130,  0.071783
0.4135,  0.061247
0.4140,  0.056901
0.4145,  0.054170
0.4150,  0.053686
0.4155,  0.052143
0.4160,  0.072502
0.4165,  0.095151
0.4170,  0.062697
0.4175,  0.025549
0.4180,  0.031664
0.4185,  0.038955
0.4190,  0.045508
0.4195,  0.050276
0.4200,  0.064300
0.4205,  0.075343
0.4210,  0.078128
0.4215,  0.087002
0.4220,  0.047925
0.4225,  0.004975
0.4230,  0.037584
0.4235,  0.069208
0.4240,  0.079232
0.4245,  0.092397
0.4250,  0.080117
0.4255,  0.064826
0.4260,  0.065672
0.4265,  0.072401
0.4270,  0.046977
0.4275,  0.021481
0.4280,  0.034723
0.4285,  0.053084
0.4290,  0.046878
0.4295,  0.044743
0.4300,  -0.024215
0.4305,  -0.116337
0.4310,  0.040103
0.4315,  0.153477
0.4320,  0.121110
0.4325,  0.091085
0.4330,  0.093920
0.4335,  0.098080
0.4340,  0.076206
0.4345,  0.053472
0.4350,  0.054604
0.4355,  0.053679
0.4360,  0.086964
0.4365,  0.120960
0.4370,  0.094522
0.4375,  0.074770
0.4380,  0.036132
0.4385,  -0.011501
0.4390,  0.046968
0.4395,  0.097022
0.4400,  0.069034
0.4405,  0.037975
0.4410,  0.073115
0.4415,  0.102738
0.4420,  0.100331
0.4425,  0.099105
0.4430,  0.077983
0.4435,  0.060719
0.4440,  0.072186
0.4445,  0.085397
0.4450,  0.058208
0.4455,  0.027306
0.4460,  0.039504
0.4465,  0.048774
0.4470,  0.075151
0.4475,  0.098969
0.4480,  0.074814
0.4485,  0.051396
0.4490,  0.056534
0.4495,  0.059783
0.4500,  0.074572
0.4505,  0.089912
0.4510,  0.084107
0.4515,  0.078413
0.4520,  0.052561
0.4525,  0.028751
0.4530,  0.037607
0.4535,  0.043871
0.4540,  0.047842
0.4545,  0.049849
0.4550,  0.057580
0.4555,  0.064972
0.4560,  0.068919
0.4565,  0.073242
0.4570,  0.075263
0.4575,  0.078702
0.4580,  0.057972
0.4585,  0.037195
0.4590,  0.047590
0.4595,  0.055573
0.4600,  0.059450
0.4605,  0.060711
0.4610,  0.060089
0.4615,  0.060892
0.4620,  0.068420
0.4625,  0.075851
0.4630,  0.062227
0.4635,  0.053874
0.4640,  0.046182
0.4645,  0.040256
0.4650,  0.058879
0.4655,  0.077986
0.4660,  0.058264
0.4665,  0.037536
0.4670,  0.054411
0.4675,  0.069432
0.4680,  0.064343
0.4685,  0.061678
0.4690,  0.063792
0.4695,  0.068906
0.4700,  0.050343
0.4705,  0.027468
0.4710,  0.053611
0.4715,  0.078740
0.4720,  0.078091
0.4725,  0.077934
0.4730,  0.068338
0.4735,  0.057323
0.4740,  0.064705
0.4745,  0.074541
0.4750,  0.067884
0.4755,  0.061589
0.4760,  0.050668
0.4765,  0.039682
0.4770,  0.060183
0.4775,  0.080255
0.4780,  0.065909
0.4785,  0.051793
0.4790,  0.062230
0.4795,  0.072124
0.4800,  0.063841
0.4805,  0.057579
0.4810,  0.067430
0.4815,  0.077453
0.4820,  0.068589
0.4825,  0.062486
0.4830,  0.066000
0.4835,  0.068811
0.4840,  0.067737
0.4845,  0.071357
0.4850,  0.061718
0.4855,  0.053168
0.4860,  0.026906
0.4865,  -0.012163
0.4870,  0.030448
0.4875,  0.066367
0.4880,  0.075220
0.4885,  0.082211
0.4890,  0.080927
0.4895,  0.081237
0.4900,  0.083848
0.4905,  0.091129
0.4910,  0.072864
0.4915,  0.054273
0.4920,  0.055672
0.4925,  0.054901
0.4930,  0.051260
0.4935,  0.043857
0.4940,  0.070048
0.4945,  0.095755
0.4950,  0.067844
0.4955,  0.041640
0.4960,  0.059651
0.4965,  0.076304
0.4970,  0.078872
0.4975,  0.082978
0.4980,  0.057555
0.4985,  0.031010
0.4990,  0.054650
0.4995,  0.078694
0.5000,  0.062653
0.5005,  0.045991
0.5010,  0.041721
0.5015,  0.033860
0.5020,  0.049510
0.5025,  0.064170
0.5030,  0.071345
0.5035,  0.076918
0.5040,  0.064031
0.5045,  0.047015
0.5050,  0.063886
0.5055,  0.082324
0.5060,  0.073408
0.5065,  0.066793
0.5070,  0.058813
0.5075,  0.050944
0.5080,  0.054096
0.5085,  0.055913
0.5090,  0.054758
0.5095,  0.053248
0.5100,  0.057645
0.5105,  0.061746
0.5110,  0.069969
0.5115,  0.078480
0.5120,  0.056353
0.5125,  0.036183
0.5130,  0.041348
0.5135,  0.043881
0.5140,  0.050390
0.5145,  0.055404
0.5150,  0.064307
0.5155,  0.077854
0.5160,  0.045988
0.5165,  0.012004
0.5170,  0.035871
0.5175,  0.053916
0.5180,  0.037703
0.5185,  0.014946
0.5190,  0.043710
0.5195,  0.071830
0.5200,  0.064028
0.5205,  0.055604
0.5210,  0.064025
0.5215,  0.074644
0.5220,  0.056855
0.5225,  0.038963
0.5230,  0.051046
0.5235,  0.059960
0.5240,  0.067925
0.5245,  0.077933
0.5250,  0.075720
0.5255,  0.077859
0.5260,  0.037521
0.5265,  -0.008299
0.5270,  0.026641
0.5275,  0.053827
0.5280,  0.059037
0.5285,  0.063088
0.5290,  0.060072
0.5295,  0.058206
0.5300,  0.060385
0.5305,  0.065154
0.5310,  0.068518
0.5315,  0.076146
0.5320,  0.046160
0.5325,  0.012036
0.5330,  0.045941
0.5335,  0.075541
0.5340,  0.058789
0.5345,  0.040498
0.5350,  0.061491
0.5355,  0.084217
0.5360,  0.063145
0.5365,  0.042910
0.5370,  0.047712
0.5375,  0.051966
0.5380,  0.059362
0.5385,  0.067447
0.5390,  0.058481
0.5395,  0.049526
0.5400,  0.040882
0.5405,  0.030297
0.5410,  0.052391
0.5415,  0.072974
0.5420,  0.059991
0.5425,  0.047407
0.5430,  0.057220
0.5435,  0.065005
0.5440,  0.062090
0.5445,  0.060997
0.5450,  0.065462
0.5455,  0.068598
0.5460,  0.065892
0.5465,  0.062409
0.5470,  0.055512
0.5475,  0.048455
0.5480,  0.055128
0.5485,  0.059231
0.5490,  0.063985
0.5495,  0.069193
0.5500,  0.062063
0.5505,  0.055998
0.5510,  0.058713
0.5515,  0.061775
0.5520,  0.058175
0.5525,  0.053438
0.5530,  0.060420
0.5535,  0.066782
0.5540,  0.068789
0.5545,  0.070238
0.5550,  0.071677
0.5555,  0.074422
0.5560,  0.062663
0.5565,  0.051012
0.5570,  0.058564
0.5575,  0.067515
0.5580,  0.060122
0.5585,  0.051888
0.5590,  0.057209
0.5595,  0.062557
0.5600,  0.068597
0.5605,  0.073207
0.5610,  0.069295
0.5615,  0.064390
0.5620,  0.068189
0.5625,  0.072721
0.5630,  0.074601
0.5635,  0.077240
0.5640,  0.078405
0.5645,  0.079984
0.5650,  0.071339
0.5655,  0.061187
0.5660,  0.066375
0.5665,  0.070999
0.5670,  0.082330
0.5675,  0.095072
0.5680,  0.081526
0.5685,  0.067817
0.5690,  0.080552
0.5695,  0.093208
0.5700,  0.077396
0.5705,  0.059173
0.5710,  0.068172
0.5715,  0.074432
0.5720,  0.083188
0.5725,  0.092591
0.5730,  0.088936
0.5735,  0.088114
0.5740,  0.088152
0.5745,  0.088803
0.5750,  0.083180
0.5755,  0.075126
0.5760,  0.077136
0.5765,  0.082252
0.5770,  0.087596
0.5775,  0.091914
0.5780,  0.077778
0.5785,  0.062049
0.5790,  0.069202
0.5795,  0.074664
0.5800,  0.074967
0.5805,  0.076925
0.5810,  0.079062
0.5815,  0.081239
0.5820,  0.085359
0.5825,  0.088241
0.5830,  0.085293
0.5835,  0.081572
0.5840,  0.082575
0.5845,  0.086621
0.5850,  0.075544
0.5855,  0.063904
0.5860,  0.077309
0.5865,  0.089983
0.5870,  0.099368
0.5875,  0.113579
0.5880,  0.110474
0.5885,  0.103660
0.5890,  0.081481
0.5895,  0.052083
0.5900,  0.094837
0.5905,  0.132320
0.5910,  0.121584
0.5915,  0.110852
0.5920,  0.108849
0.5925,  0.107359
0.5930,  0.102155
0.5935,  0.102654
0.5940,  0.101371
0.5945,  0.099424
0.5950,  0.102875
0.5955,  0.103408
0.5960,  0.106068
0.5965,  0.109027
0.5970,  0.102643
0.5975,  0.097936
0.5980,  0.093716
0.5985,  0.090321
0.5990,  0.097010
0.5995,  0.103639
0.6000,  0.099388
0.6005,  0.095669
0.6010,  0.097589
0.6015,  0.097609
0.6020,  0.088194
0.6025,  0.076901
0.6030,  0.087640
0.6035,  0.100302
0.6040,  0.099952
0.6045,  0.101902
0.6050,  0.100274
0.6055,  0.096490
0.6060,  0.093834
0.6065,  0.092517
0.6070,  0.092366
0.6075,  0.093499
0.6080,  0.093883
0.6085,  0.094702
0.6090,  0.099244
0.6095,  0.102227
0.6100,  0.095095
0.6105,  0.085385
0.6110,  0.094335
0.6115,  0.104370
0.6120,  0.098817
0.6125,  0.094052
0.6130,  0.092017
0.6135,  0.088963
0.6140,  0.097915
0.6145,  0.107931
0.6150,  0.111426
0.6155,  0.114430
0.6160,  0.092929
0.6165,  0.068174
0.6170,  0.088173
0.6175,  0.108374
0.6180,  0.112734
0.6185,  0.117973
0.6190,  0.115651
0.6195,  0.111965
0.6200,  0.117181
0.6205,  0.122953
0.6210,  0.113055
0.6215,  0.103485
0.6220,  0.110625
0.6225,  0.118807
0.6230,  0.111805
0.6235,  0.106778
0.6240,  0.109892
0.6245,  0.110210
0.6250,  0.105494
0.6255,  0.099012
0.6260,  0.112516
0.6265,  0.126772
0.6270,  0.127873
0.6275,  0.130357
0.6280,  0.131809
0.6285,  0.134536
0.6290,  0.134665
0.6295,  0.132919
0.6300,  0.129564
0.6305,  0.124808
0.6310,  0.119950
0.6315,  0.117715
0.6320,  0.116718
0.6325,  0.116715
0.6330,  0.118863
0.6335,  0.120054
0.6340,  0.122003
0.6345,  0.124246
0.6350,  0.126491
0.6355,  0.126847
0.6360,  0.126265
0.6365,  0.124164
0.6370,  0.120440
0.6375,  0.118185
0.6380,  0.118309
0.6385,  0.120348
0.6390,  0.123560
0.6395,  0.122632
0.6400,  0.121104
0.6405,  0.118546
0.6410,  0.114019
0.6415,  0.112620
0.6420,  0.110876
0.6425,  0.108617
0.6430,  0.107532
0.6435,  0.108834
0.6440,  0.111824
0.6445,  0.117691
0.6450,  0.126910
0.6455,  0.131503
0.6460,  0.134705
0.6465,  0.135875
0.6470,  0.134189
0.6475,  0.130799
0.6480,  0.127499
0.6485,  0.123859
0.6490,  0.120614
0.6495,  0.123849
0.6500,  0.126562
0.6505,  0.131360
0.6510,  0.137211
0.6515,  0.137099
0.6520,  0.133946
0.6525,  0.129411
0.6530,  0.127722
0.6535,  0.123007
0.6540,  0.124505
0.6545,  0.132331
0.6550,  0.144449
0.6555,  0.143364
0.6560,  0.131520
0.6565,  0.106775
0.6570,  0.075658
0.6575,  0.084465
0.6580,  0.093881
0.6585,  0.104628
0.6590,  0.116724
0.6595,  0.113508
0.6600,  0.109850
0.6605,  0.107780
0.6610,  0.109063
0.6615,  0.107616
0.6620,  0.105925
0.6625,  0.105364
0.6630,  0.106299
0.6635,  0.109547
0.6640,  0.110452
0.6645,  0.112019
0.6650,  0.112863
0.6655,  0.110882
0.6660,  0.109677
0.6665,  0.107251
0.6670,  0.104996
0.6675,  0.107053
0.6680,  0.105598
0.6685,  0.106924
0.6690,  0.108791
0.6695,  0.107034
0.6700,  0.106539
0.6705,  0.108904
0.6710,  0.110248
0.6715,  0.113883
0.6720,  0.114984
0.6725,  0.114290
0.6730,  0.112364
0.6735,  0.110661
0.6740,  0.111113
0.6745,  0.107556
0.6750,  0.106031
0.6755,  0.107819
0.6760,  0.110601
0.6765,  0.112587
0.6770,  0.112901
0.6775,  0.113107
0.6780,  0.113625
0.6785,  0.113207
0.6790,  0.109734
0.6795,  0.108186
0.6800,  0.109499
0.6805,  0.110620
0.6810,  0.112308
0.6815,  0.112949
0.6820,  0.114285
0.6825,  0.118103
0.6830,  0.122852
0.6835,  0.124147
0.6840,  0.123707
0.6845,  0.121578
0.6850,  0.127055
0.6855,  0.148455
0.6860,  0.179088
0.6865,  0.210032
0.6870,  0.233171
0.6875,  0.239140
0.6880,  0.236152
0.6885,  0.229417
0.6890,  0.225211
0.6895,  0.219161
0.6900,  0.209975
0.6905,  0.198694
0.6910,  0.189535
0.6915,  0.184727
0.6920,  0.182000
0.6925,  0.183239
0.6930,  0.186041
0.6935,  0.185545
0.6940,  0.185545
0.6945,  0.184259
0.6950,  0.181119
0.6955,  0.173833
0.6960,  0.164045
0.6965,  0.158978
0.6970,  0.154607
0.6975,  0.155188
0.6980,  0.158411
0.6985,  0.165139
0.6990,  0.172473
0.6995,  0.174205
0.7000,  0.173445
0.7005,  0.173389
0.7010,  0.171222
0.7015,  0.173550
0.7020,  0.174351
0.7025,  0.172824
0.7030,  0.170577
0.7035,  0.171864
0.7040,  0.172782
0.7045,  0.174267
0.7050,  0.177674
0.7055,  0.175244
0.7060,  0.172667
0.7065,  0.166164
0.7070,  0.162233
0.7075,  0.162283
0.7080,  0.161762
0.7085,  0.158388
0.7090,  0.153592
0.7095,  0.150854
0.7100,  0.149747
0.7105,  0.151100
0.7110,  0.154435
0.7115,  0.152009
0.7120,  0.152271
0.7125,  0.157026
0.7130,  0.160030
0.7135,  0.161056
0.7140,  0.161652
0.7145,  0.164062
0.7150,  0.169702
0.7155,  0.184732
0.7160,  0.210306
0.7165,  0.243417
0.7170,  0.278020
0.7175,  0.308082
0.7180,  0.329696
0.7185,  0.343666
0.7190,  0.351066
0.7195,  0.352470
0.7200,  0.337296
0.7205,  0.309116
0.7210,  0.281354
0.7215,  0.265362
0.7220,  0.265144
0.7225,  0.277589
0.7230,  0.292718
0.7235,  0.308069
0.7240,  0.321691
0.7245,  0.327309
0.7250,  0.330090
0.7255,  0.331812
0.7260,  0.333198
0.7265,  0.333532
0.7270,  0.330788
0.7275,  0.325843
0.7280,  0.321957
0.7285,  0.318614
0.7290,  0.312540
0.7295,  0.307314
0.7300,  0.304191
0.7305,  0.299054
0.7310,  0.291232
0.7315,  0.274697
0.7320,  0.258667
0.7325,  0.241751
0.7330,  0.226490
0.7335,  0.215633
0.7340,  0.201913
0.7345,  0.196109
0.7350,  0.196990
0.7355,  0.195912
0.7360,  0.196010
0.7365,  0.191450
0.7370,  0.188461
0.7375,  0.186117
0.7380,  0.185184
0.7385,  0.181127
0.7390,  0.173070
0.7395,  0.167857
0.7400,  0.162002
0.7405,  0.158157
0.7410,  0.157639
0.7415,  0.157567
0.7420,  0.158951
0.7425,  0.160953
0.7430,  0.163054
0.7435,  0.160839
0.7440,  0.162959
0.7445,  0.162120
0.7450,  0.161195
0.7455,  0.162637
0.7460,  0.164157
0.7465,  0.166024
0.7470,  0.163356
0.7475,  0.157771
0.7480,  0.159433
0.7485,  0.164344
0.7490,  0.167634
0.7495,  0.169986
0.7500,  0.168334
0.7505,  0.169686
0.7510,  0.168228
0.7515,  0.170054
0.7520,  0.168129
0.7525,  0.163944
0.7530,  0.164623
0.7535,  0.166201
0.7540,  0.168525
0.7545,  0.169555
0.7550,  0.168036
0.7555,  0.167954
0.7560,  0.165417
0.7565,  0.161382
0.7570,  0.163085
0.7575,  0.174858
0.7580,  0.204318
0.7585,  0.264952
0.7590,  0.372421
0.7595,  0.524029
0.7600,  0.674222
0.7605,  0.757058
0.7610,  0.757566
0.7615,  0.724361
0.7620,  0.699867
0.7625,  0.691631
0.7630,  0.681772
0.7635,  0.651701
0.7640,  0.598495
0.7645,  0.540805
0.7650,  0.478089
0.7655,  0.413293
0.7660,  0.358230
0.7665,  0.311407
0.7670,  0.276351
0.7675,  0.250290
0.7680,  0.231109
0.7685,  0.216910
0.7690,  0.207557
0.7695,  0.197167
0.7700,  0.188883
0.7705,  0.184690
0.7710,  0.180206
0.7715,  0.180204
0.7720,  0.180910
0.7725,  0.182024
0.7730,  0.185709
0.7735,  0.184314
0.7740,  0.175213
0.7745,  0.169015
0.7750,  0.165800
0.7755,  0.168302
0.7760,  0.172158
0.7765,  0.171378
0.7770,  0.174450
0.7775,  0.176868
0.7780,  0.179108
0.7785,  0.182935
0.7790,  0.182727
0.7795,  0.182526
0.7800,  0.183519
0.7805,  0.180894
0.7810,  0.177832
0.7815,  0.176500
0.7820,  0.175560
0.7825,  0.172377
0.7830,  0.166991
0.7835,  0.171994
0.7840,  0.176227
0.7845,  0.179713
0.7850,  0.182545
0.7855,  0.182082
0.7860,  0.183784
0.7865,  0.180842
0.7870,  0.175817
0.7875,  0.176462
0.7880,  0.186217
0.7885,  0.195114
0.7890,  0.201914
0.7895,  0.207674
0.7900,  0.205953
0.7905,  0.208620
0.7910,  0.209406
0.7915,  0.208708
0.7920,  0.206193
0.7925,  0.200778
0.7930,  0.197040
0.7935,  0.194078
0.7940,  0.191963
0.7945,  0.191185
0.7950,  0.198736
0.7955,  0.212709
0.7960,  0.218722
0.7965,  0.218701
0.7970,  0.222548
0.7975,  0.216295
0.7980,  0.209259
0.7985,  0.208044
0.7990,  0.208658
0.7995,  0.218506
0.8000,  0.222401
0.8005,  0.227624
0.8010,  0.230327
0.8015,  0.236787
0.8020,  0.240911
0.8025,  0.241277
0.8030,  0.232902
0.8035,  0.227988
0.8040,  0.232494
0.8045,  0.229591
0.8050,  0.224054
0.8055,  0.214418
0.8060,  0.211851
0.8065,  0.217391
0.8070,  0.218985
0.8075,  0.218394
0.8080,  0.220095
0.8085,  0.222606
0.8090,  0.218202
0.8095,  0.220778
0.8100,  0.231430
0.8105,  0.238749
0.8110,  0.243261
0.8115,  0.252970
0.8120,  0.271333
0.8125,  0.298251
0.8130,  0.321119
0.8135,  0.345010
0.8140,  0.370812
0.8145,  0.391426
0.8150,  0.412401
0.8155,  0.424052
0.8160,  0.430235
0.8165,  0.432260
0.8170,  0.429249
0.8175,  0.422163
0.8180,  0.415341
0.8185,  0.409733
0.8190,  0.396085
0.8195,  0.381550
0.8200,  0.355266
0.8205,  0.330280
0.8210,  0.338113
0.8215,  0.365432
0.8220,  0.393561
0.8225,  0.420635
0.8230,  0.422551
0.8235,  0.398929
0.8240,  0.364538
0.8245,  0.334727
0.8250,  0.329515
0.8255,  0.326030
0.8260,  0.325829
0.8265,  0.330763
0.8270,  0.341487
0.8275,  0.352177
0.8280,  0.362605
0.8285,  0.363345
0.8290,  0.362245
0.8295,  0.358721
0.8300,  0.354401
0.8305,  0.342891
0.8310,  0.340667
0.8315,  0.341874
0.8320,  0.340272
0.8325,  0.334683
0.8330,  0.326122
0.8335,  0.316782
0.8340,  0.305121
0.8345,  0.294893
0.8350,  0.285068
0.8355,  0.283366
0.8360,  0.282513
0.8365,  0.279749
0.8370,  0.269864
0.8375,  0.263783
0.8380,  0.260550
0.8385,  0.254229
0.8390,  0.244433
0.8395,  0.241218
0.8400,  0.239553
0.8405,  0.246416
0.8410,  0.249767
0.8415,  0.245545
0.8420,  0.243994
0.8425,  0.236837
0.8430,  0.230598
0.8435,  0.224293
0.8440,  0.223668
0.8445,  0.225385
0.8450,  0.219551
0.8455,  0.218022
0.8460,  0.221759
0.8465,  0.231058
0.8470,  0.232683
0.8475,  0.232250
0.8480,  0.238683
0.8485,  0.241042
0.8490,  0.240508
0.8495,  0.233981
0.8500,  0.224704
0.8505,  0.227320
0.8510,  0.233631
0.8515,  0.231114
0.8520,  0.241709
0.8525,  0.234750
0.8530,  0.242618
0.8535,  0.256216
0.8540,  0.236231
0.8545,  0.246998
0.8550,  0.252119
0.8555,  0.240558
0.8560,  0.233793
0.8565,  0.231097
0.8570,  0.240170
0.8575,  0.256467
0.8580,  0.256041
0.8585,  0.248933
0.8590,  0.245693
0.8595,  0.242691
0.8600,  0.235085
0.8605,  0.232409
0.8610,  0.239936
0.8615,  0.240632
0.8620,  0.234975
0.8625,  0.233800
0.8630,  0.240255
0.8635,  0.249314
0.8640,  0.261606
0.8645,  0.256923
0.8650,  0.264636
0.8655,  0.269647
0.8660,  0.273550
0.8665,  0.270105
0.8670,  0.263413
0.8675,  0.260570
0.8680,  0.263069
0.8685,  0.265725
0.8690,  0.271748
0.8695,  0.273095
0.8700,  0.282862
0.8705,  0.271911
0.8710,  0.272674
0.8715,  0.275271
0.8720,  0.275900
0.8725,  0.273757
0.8730,  0.276029
0.8735,  0.286360
0.8740,  0.293408
0.8745,  0.291241
0.8750,  0.288135
0.8755,  0.279786
0.8760,  0.274262
0.8765,  0.276836
0.8770,  0.275115
0.8775,  0.287735
0.8780,  0.289200
0.8785,  0.288733
0.8790,  0.285676
0.8795,  0.284594
0.8800,  0.291826
0.8805,  0.306442
0.8810,  0.302406
0.8815,  0.292643
0.8820,  0.289455
0.8825,  0.297091
0.8830,  0.293225
0.8835,  0.293778
0.8840,  0.301239
0.8845,  0.303259
0.8850,  0.307001
0.8855,  0.311316
0.8860,  0.316537
0.8865,  0.319812
0.8870,  0.328214
0.8875,  0.323678
0.8880,  0.308380
0.8885,  0.308632
0.8890,  0.304227
0.8895,  0.312960
0.8900,  0.344782
