0.3500,  0.251739
0.3505,  0.310580
0.3510,  0.279082
0.3515,  0.236161
0.3520,  0.182285
0.3525,  0.135736
0.3530,  0.173099
0.3535,  0.215622
0.3540,  0.245478
0.3545,  0.279368
0.3550,  0.267055
0.3555,  0.244394
0.3560,  0.207290
0.3565,  0.168937
0.3570,  0.136469
0.3575,  0.096100
0.3580,  0.050476
0.3585,  0.000487
0.3590,  0.164913
0.3595,  0.298135
0.3600,  0.277814
0.3605,  0.257448
0.3610,  0.200044
0.3615,  0.142369
0.3620,  0.188016
0.3625,  0.226917
0.3630,  0.210410
0.3635,  0.200300
0.3640,  0.197324
0.3645,  0.186792
0.3650,  0.223267
0.3655,  0.253147
0.3660,  0.261990
0.3665,  0.276459
0.3670,  0.246421
0.3675,  0.220293
0.3680,  0.187523
0.3685,  0.151952
0.3690,  0.192803
0.3695,  0.238152
0.3700,  0.216351
0.3705,  0.196221
0.3710,  0.225071
0.3715,  0.254069
0.3720,  0.223540
0.3725,  0.190246
0.3730,  0.150141
0.3735,  0.104669
0.3740,  0.104456
0.3745,  0.096649
0.3750,  0.167930
0.3755,  0.228839
0.3760,  0.221459
0.3765,  0.207399
0.3770,  0.252483
0.3775,  0.296250
0.3780,  0.293297
0.3785,  0.299307
0.3790,  0.210977
0.3795,  0.111161
0.3800,  0.165703
0.3805,  0.222065
0.3810,  0.193325
0.3815,  0.176826
0.3820,  0.095576
0.3825,  -0.006912
0.3830,  -0.035285
0.3835,  -0.083472
0.3840,  0.076031
0.3845,  0.202222
0.3850,  0.211088
0.3855,  0.220725
0.3860,  0.210167
0.3865,  0.204128
0.3870,  0.202367
0.3875,  0.198629
0.3880,  0.177624
0.3885,  0.145966
0.3890,  0.197644
0.3895,  0.238856
0.3900,  0.235081
0.3905,  0.236679
0.3910,  0.253313
0.3915,  0.286034
0.3920,  0.201814
0.3925,  0.114604
0.3930,  -0.050861
0.3935,  -0.292973
0.3940,  -0.011287
0.3945,  0.182400
0.3950,  0.280408
0.3955,  0.377550
0.3960,  0.220888
0.3965,  0.019853
0.3970,  0.031477
0.3975,  0.021736
0.3980,  0.205216
0.3985,  0.331974
0.3990,  0.313980
0.3995,  0.306674
0.4000,  0.275847
0.4005,  0.245078
0.4010,  0.233335
0.4015,  0.231581
0.4020,  0.220034
0.4025,  0.212430
0.4030,  0.187851
0.4035,  0.165681
0.4040,  0.163123
0.4045,  0.163585
0.4050,  0.161950
0.4055,  0.160379
0.4060,  0.144730
0.4065,  0.129547
0.4070,  0.140376
0.4075,  0.148157
0.4080,  0.173191
0.4085,  0.199883
0.4090,  0.197702
0.4095,  0.193826
0.4100,  0.147823
0.4105,  0.093008
0.4110,  0.155580
0.4115,  0.210902
0.4120,  0.192672
0.4125,  0.175561
0.4130,  0.160473
0.4135,  0.148561
0.4140,  0.145428
0.4145,  0.139455
0.4150,  0.136056
0.4155,  0.134111
0.4160,  0.159696
0.4165,  0.186442
0.4170,  0.151208
0.4175,  0.110594
0.4180,  0.115001
0.4185,  0.124305
0.4190,  0.135815
0.4195,  0.135374
0.4200,  0.147426
0.4205,  0.160782
0.4210,  0.166636
0.4215,  0.178783
0.4220,  0.135024
0.4225,  0.084706
0.4230,  0.120591
0.4235,  0.153630
0.4240,  0.161520
0.4245,  0.171432
0.4250,  0.159135
0.4255,  0.141075
0.4260,  0.142988
0.4265,  0.151072
0.4270,  0.121699
0.4275,  0.092059
0.4280,  0.103291
0.4285,  0.121156
0.4290,  0.109793
0.4295,  0.101547
0.4300,  0.023270
0.4305,  -0.082874
0.4310,  0.102508
0.4315,  0.238280
0.4320,  0.206883
0.4325,  0.173407
0.4330,  0.177223
0.4335,  0.184938
0.4340,  0.158715
0.4345,  0.131564
0.4350,  0.130432
0.4355,  0.131047
0.4360,  0.168469
0.4365,  0.212139
0.4370,  0.185172
0.4375,  0.160242
0.4380,  0.108982
0.4385,  0.049117
0.4390,  0.115580
0.4395,  0.173181
0.4400,  0.141591
0.4405,  0.106905
0.4410,  0.146480
0.4415,  0.180406
0.4420,  0.178485
0.4425,  0.178370
0.4430,  0.156236
0.4435,  0.139836
0.4440,  0.153447
0.4445,  0.168246
0.4450,  0.136236
0.4455,  0.100372
0.4460,  0.114357
0.4465,  0.124756
0.4470,  0.156514
0.4475,  0.188157
0.4480,  0.160455
0.4485,  0.128889
0.4490,  0.129424
0.4495,  0.131474
0.4500,  0.148566
0.4505,  0.165141
0.4510,  0.158941
0.4515,  0.156086
0.4520,  0.131222
0.4525,  0.103471
0.4530,  0.112070
0.4535,  0.117079
0.4540,  0.121334
0.4545,  0.122306
0.4550,  0.131952
0.4555,  0.140928
0.4560,  0.146174
0.4565,  0.152767
0.4570,  0.158734
0.4575,  0.165835
0.4580,  0.141215
0.4585,  0.115416
0.4590,  0.124991
0.4595,  0.131390
0.4600,  0.135602
0.4605,  0.138145
0.4610,  0.134673
0.4615,  0.131002
0.4620,  0.138201
0.4625,  0.147914
0.4630,  0.135593
0.4635,  0.126944
0.4640,  0.118733
0.4645,  0.109062
0.4650,  0.131917
0.4655,  0.155260
0.4660,  0.132856
0.4665,  0.109663
0.4670,  0.132829
0.4675,  0.150772
0.4680,  0.145848
0.4685,  0.142971
0.4690,  0.145018
0.4695,  0.147070
0.4700,  0.124992
0.4705,  0.099494
0.4710,  0.129849
0.4715,  0.160708
0.4720,  0.162163
0.4725,  0.165284
0.4730,  0.158146
0.4735,  0.147846
0.4740,  0.157050
0.4745,  0.165512
0.4750,  0.156004
0.4755,  0.148476
0.4760,  0.134636
0.4765,  0.121936
0.4770,  0.148784
0.4775,  0.172795
0.4780,  0.155991
0.4785,  0.140426
0.4790,  0.154731
0.4795,  0.167175
0.4800,  0.156503
0.4805,  0.147610
0.4810,  0.159182
0.4815,  0.169730
0.4820,  0.155414
0.4825,  0.145042
0.4830,  0.148303
0.4835,  0.150948
0.4840,  0.149246
0.4845,  0.154697
0.4850,  0.143883
0.4855,  0.132503
0.4860,  0.098536
0.4865,  0.051372
0.4870,  0.101111
0.4875,  0.142920
0.4880,  0.153736
0.4885,  0.163087
0.4890,  0.162164
0.4895,  0.161217
0.4900,  0.163347
0.4905,  0.172664
0.4910,  0.151243
0.4915,  0.129392
0.4920,  0.131223
0.4925,  0.131634
0.4930,  0.126058
0.4935,  0.116994
0.4940,  0.149633
0.4945,  0.182356
0.4950,  0.150227
0.4955,  0.118805
0.4960,  0.138544
0.4965,  0.157021
0.4970,  0.159828
0.4975,  0.165767
0.4980,  0.137539
0.4985,  0.107324
0.4990,  0.134635
0.4995,  0.161648
0.5000,  0.142188
0.5005,  0.120917
0.5010,  0.114593
0.5015,  0.105111
0.5020,  0.123731
0.5025,  0.141998
0.5030,  0.150158
0.5035,  0.158228
0.5040,  0.141534
0.5045,  0.121985
0.5050,  0.141659
0.5055,  0.161539
0.5060,  0.150710
0.5065,  0.143007
0.5070,  0.134220
0.5075,  0.124708
0.5080,  0.128595
0.5085,  0.130849
0.5090,  0.129789
0.5095,  0.128293
0.5100,  0.131994
0.5105,  0.135665
0.5110,  0.145142
0.5115,  0.155162
0.5120,  0.129108
0.5125,  0.105922
0.5130,  0.110818
0.5135,  0.116003
0.5140,  0.123373
0.5145,  0.126892
0.5150,  0.137842
0.5155,  0.153893
0.5160,  0.115962
0.5165,  0.075318
0.5170,  0.101119
0.5175,  0.120900
0.5180,  0.102097
0.5185,  0.076444
0.5190,  0.110913
0.5195,  0.143095
0.5200,  0.133730
0.5205,  0.125281
0.5210,  0.135774
0.5215,  0.149328
0.5220,  0.129139
0.5225,  0.108280
0.5230,  0.121306
0.5235,  0.130183
0.5240,  0.138693
0.5245,  0.152228
0.5250,  0.150244
0.5255,  0.153525
0.5260,  0.105914
0.5265,  0.050409
0.5270,  0.089011
0.5275,  0.119739
0.5280,  0.127031
0.5285,  0.133383
0.5290,  0.132071
0.5295,  0.130172
0.5300,  0.131482
0.5305,  0.134414
0.5310,  0.135778
0.5315,  0.142423
0.5320,  0.106422
0.5325,  0.068859
0.5330,  0.109331
0.5335,  0.143668
0.5340,  0.124179
0.5345,  0.102772
0.5350,  0.127010
0.5355,  0.153997
0.5360,  0.130032
0.5365,  0.105319
0.5370,  0.108951
0.5375,  0.113482
0.5380,  0.121281
0.5385,  0.129970
0.5390,  0.119741
0.5395,  0.108371
0.5400,  0.097352
0.5405,  0.084374
0.5410,  0.109750
0.5415,  0.133770
0.5420,  0.120154
0.5425,  0.105792
0.5430,  0.116859
0.5435,  0.126160
0.5440,  0.123903
0.5445,  0.122382
0.5450,  0.127430
0.5455,  0.132266
0.5460,  0.128343
0.5465,  0.124330
0.5470,  0.114297
0.5475,  0.104194
0.5480,  0.110123
0.5485,  0.115634
0.5490,  0.123061
0.5495,  0.131275
0.5500,  0.124413
0.5505,  0.117212
0.5510,  0.118942
0.5515,  0.120728
0.5520,  0.116185
0.5525,  0.110998
0.5530,  0.118894
0.5535,  0.126409
0.5540,  0.128976
0.5545,  0.131953
0.5550,  0.135145
0.5555,  0.139139
0.5560,  0.125420
0.5565,  0.112092
0.5570,  0.121404
0.5575,  0.130811
0.5580,  0.121288
0.5585,  0.111558
0.5590,  0.118208
0.5595,  0.121023
0.5600,  0.124803
0.5605,  0.129549
0.5610,  0.124578
0.5615,  0.119030
0.5620,  0.124111
0.5625,  0.129519
0.5630,  0.132666
0.5635,  0.136789
0.5640,  0.138195
0.5645,  0.140164
0.5650,  0.130198
0.5655,  0.117801
0.5660,  0.122028
0.5665,  0.128243
0.5670,  0.140627
0.5675,  0.154408
0.5680,  0.138835
0.5685,  0.124197
0.5690,  0.140137
0.5695,  0.156876
0.5700,  0.140616
0.5705,  0.117440
0.5710,  0.125141
0.5715,  0.128287
0.5720,  0.135915
0.5725,  0.146731
0.5730,  0.142298
0.5735,  0.140887
0.5740,  0.142101
0.5745,  0.143259
0.5750,  0.135952
0.5755,  0.126659
0.5760,  0.129256
0.5765,  0.132634
0.5770,  0.136126
0.5775,  0.139857
0.5780,  0.123681
0.5785,  0.105314
0.5790,  0.113555
0.5795,  0.119971
0.5800,  0.119676
0.5805,  0.120385
0.5810,  0.122371
0.5815,  0.123866
0.5820,  0.126260
0.5825,  0.127681
0.5830,  0.124102
0.5835,  0.121283
0.5840,  0.123662
0.5845,  0.128923
0.5850,  0.115771
0.5855,  0.100927
0.5860,  0.114188
0.5865,  0.128161
0.5870,  0.139460
0.5875,  0.156200
0.5880,  0.152218
0.5885,  0.144315
0.5890,  0.118490
0.5895,  0.082815
0.5900,  0.131851
0.5905,  0.176434
0.5910,  0.166764
0.5915,  0.156486
0.5920,  0.155954
0.5925,  0.154924
0.5930,  0.149470
0.5935,  0.148690
0.5940,  0.144706
0.5945,  0.139164
0.5950,  0.142261
0.5955,  0.143133
0.5960,  0.143996
0.5965,  0.146796
0.5970,  0.139463
0.5975,  0.134034
0.5980,  0.129547
0.5985,  0.124209
0.5990,  0.132276
0.5995,  0.138632
0.6000,  0.133047
0.6005,  0.129545
0.6010,  0.133398
0.6015,  0.132100
0.6020,  0.118656
0.6025,  0.103990
0.6030,  0.116631
0.6035,  0.132446
0.6040,  0.131769
0.6045,  0.133212
0.6050,  0.131109
0.6055,  0.126554
0.6060,  0.124239
0.6065,  0.123109
0.6070,  0.125023
0.6075,  0.127506
0.6080,  0.126824
0.6085,  0.128282
0.6090,  0.130451
0.6095,  0.132370
0.6100,  0.122485
0.6105,  0.110813
0.6110,  0.122107
0.6115,  0.134727
0.6120,  0.127126
0.6125,  0.120561
0.6130,  0.118177
0.6135,  0.116347
0.6140,  0.126834
0.6145,  0.136938
0.6150,  0.141294
0.6155,  0.143905
0.6160,  0.117707
0.6165,  0.086957
0.6170,  0.109468
0.6175,  0.132989
0.6180,  0.138400
0.6185,  0.145542
0.6190,  0.144836
0.6195,  0.138772
0.6200,  0.143749
0.6205,  0.149699
0.6210,  0.139623
0.6215,  0.129147
0.6220,  0.137722
0.6225,  0.145286
0.6230,  0.135759
0.6235,  0.129355
0.6240,  0.135034
0.6245,  0.136903
0.6250,  0.131540
0.6255,  0.124063
0.6260,  0.140221
0.6265,  0.156587
0.6270,  0.158302
0.6275,  0.161090
0.6280,  0.163282
0.6285,  0.166690
0.6290,  0.165400
0.6295,  0.165318
0.6300,  0.161339
0.6305,  0.154708
0.6310,  0.147619
0.6315,  0.142903
0.6320,  0.138702
0.6325,  0.138884
0.6330,  0.142014
0.6335,  0.141286
0.6340,  0.141899
0.6345,  0.145127
0.6350,  0.148361
0.6355,  0.149080
0.6360,  0.147710
0.6365,  0.141515
0.6370,  0.134899
0.6375,  0.131897
0.6380,  0.133200
0.6385,  0.137430
0.6390,  0.140345
0.6395,  0.139196
0.6400,  0.137495
0.6405,  0.134347
0.6410,  0.129082
0.6415,  0.130163
0.6420,  0.129626
0.6425,  0.127750
0.6430,  0.124347
0.6435,  0.122628
0.6440,  0.126170
0.6445,  0.134213
0.6450,  0.142926
0.6455,  0.147424
0.6460,  0.150321
0.6465,  0.149852
0.6470,  0.149517
0.6475,  0.146227
0.6480,  0.145349
0.6485,  0.140593
0.6490,  0.136568
0.6495,  0.141662
0.6500,  0.146151
0.6505,  0.151351
0.6510,  0.158040
0.6515,  0.157042
0.6520,  0.154719
0.6525,  0.149272
0.6530,  0.146197
0.6535,  0.138660
0.6540,  0.139671
0.6545,  0.147319
0.6550,  0.157535
0.6555,  0.154291
0.6560,  0.139166
0.6565,  0.109056
0.6570,  0.072426
0.6575,  0.084371
0.6580,  0.096797
0.6585,  0.110117
0.6590,  0.122648
0.6595,  0.116654
0.6600,  0.111900
0.6605,  0.108410
0.6610,  0.108981
0.6615,  0.107070
0.6620,  0.106028
0.6625,  0.106802
0.6630,  0.107174
0.6635,  0.109009
0.6640,  0.109895
0.6645,  0.111866
0.6650,  0.111869
0.6655,  0.108437
0.6660,  0.104720
0.6665,  0.098420
0.6670,  0.093597
0.6675,  0.096203
0.6680,  0.097390
0.6685,  0.099653
0.6690,  0.103739
0.6695,  0.105695
0.6700,  0.106918
0.6705,  0.103944
0.6710,  0.103085
0.6715,  0.104808
0.6720,  0.104600
0.6725,  0.102605
0.6730,  0.100003
0.6735,  0.097486
0.6740,  0.096881
0.6745,  0.094427
0.6750,  0.090813
0.6755,  0.092563
0.6760,  0.095755
0.6765,  0.099925
0.6770,  0.104048
0.6775,  0.105111
0.6780,  0.102982
0.6785,  0.100158
0.6790,  0.096160
0.6795,  0.094530
0.6800,  0.094969
0.6805,  0.096023
0.6810,  0.097635
0.6815,  0.098946
0.6820,  0.103905
0.6825,  0.107570
0.6830,  0.112191
0.6835,  0.113328
0.6840,  0.115915
0.6845,  0.115198
0.6850,  0.121244
0.6855,  0.145476
0.6860,  0.182254
0.6865,  0.218969
0.6870,  0.242511
0.6875,  0.242253
0.6880,  0.238740
0.6885,  0.233411
0.6890,  0.230003
0.6895,  0.221635
0.6900,  0.210553
0.6905,  0.198918
0.6910,  0.190326
0.6915,  0.185756
0.6920,  0.184598
0.6925,  0.186206
0.6930,  0.191627
0.6935,  0.192671
0.6940,  0.192600
0.6945,  0.185428
0.6950,  0.182243
0.6955,  0.173758
0.6960,  0.164750
0.6965,  0.156864
0.6970,  0.150235
0.6975,  0.152705
0.6980,  0.159220
0.6985,  0.166076
0.6990,  0.174784
0.6995,  0.177058
0.7000,  0.176710
0.7005,  0.175055
0.7010,  0.172648
0.7015,  0.173623
0.7020,  0.169899
0.7025,  0.166516
0.7030,  0.162109
0.7035,  0.159818
0.7040,  0.158501
0.7045,  0.159477
0.7050,  0.161854
0.7055,  0.160942
0.7060,  0.159239
0.7065,  0.154784
0.7070,  0.153303
0.7075,  0.148765
0.7080,  0.148841
0.7085,  0.146246
0.7090,  0.141296
0.7095,  0.139285
0.7100,  0.138758
0.7105,  0.138070
0.7110,  0.141591
0.7115,  0.143275
0.7120,  0.143945
0.7125,  0.146989
0.7130,  0.145217
0.7135,  0.146516
0.7140,  0.151567
0.7145,  0.160610
0.7150,  0.173296
0.7155,  0.194315
0.7160,  0.225012
0.7165,  0.263293
0.7170,  0.302858
0.7175,  0.336718
0.7180,  0.366385
0.7185,  0.385304
0.7190,  0.391396
0.7195,  0.389859
0.7200,  0.361411
0.7205,  0.324900
0.7210,  0.289429
0.7215,  0.264120
0.7220,  0.265493
0.7225,  0.279010
0.7230,  0.299272
0.7235,  0.318110
0.7240,  0.336720
0.7245,  0.346898
0.7250,  0.351448
0.7255,  0.352987
0.7260,  0.350771
0.7265,  0.347264
0.7270,  0.343127
0.7275,  0.340310
0.7280,  0.334111
0.7285,  0.327884
0.7290,  0.317734
0.7295,  0.313037
0.7300,  0.310919
0.7305,  0.305605
0.7310,  0.295588
0.7315,  0.278003
0.7320,  0.261981
0.7325,  0.242720
0.7330,  0.224938
0.7335,  0.208015
0.7340,  0.197779
0.7345,  0.189123
0.7350,  0.182931
0.7355,  0.180546
0.7360,  0.175431
0.7365,  0.173550
0.7370,  0.172236
0.7375,  0.168863
0.7380,  0.168252
0.7385,  0.162849
0.7390,  0.151940
0.7395,  0.143405
0.7400,  0.135899
0.7405,  0.130915
0.7410,  0.130128
0.7415,  0.131743
0.7420,  0.130251
0.7425,  0.131600
0.7430,  0.133434
0.7435,  0.132345
0.7440,  0.130262
0.7445,  0.124386
0.7450,  0.122717
0.7455,  0.124364
0.7460,  0.124694
0.7465,  0.127988
0.7470,  0.126176
0.7475,  0.123180
0.7480,  0.122562
0.7485,  0.122437
0.7490,  0.125126
0.7495,  0.126679
0.7500,  0.126655
0.7505,  0.128464
0.7510,  0.130030
0.7515,  0.124905
0.7520,  0.122383
0.7525,  0.119285
0.7530,  0.115367
0.7535,  0.112612
0.7540,  0.108628
0.7545,  0.110569
0.7550,  0.116243
0.7555,  0.122037
0.7560,  0.126538
0.7565,  0.129888
0.7570,  0.134623
0.7575,  0.146389
0.7580,  0.183350
0.7585,  0.258473
0.7590,  0.382313
0.7595,  0.545192
0.7600,  0.690237
0.7605,  0.759524
0.7610,  0.750615
0.7615,  0.723784
0.7620,  0.714415
0.7625,  0.702243
0.7630,  0.693553
0.7635,  0.654384
0.7640,  0.602281
0.7645,  0.529166
0.7650,  0.455033
0.7655,  0.385277
0.7660,  0.322484
0.7665,  0.266662
0.7670,  0.222584
0.7675,  0.196971
0.7680,  0.180494
0.7685,  0.172399
0.7690,  0.163289
0.7695,  0.153000
0.7700,  0.147187
0.7705,  0.139371
0.7710,  0.133750
0.7715,  0.132823
0.7720,  0.130338
0.7725,  0.126504
0.7730,  0.125750
0.7735,  0.125771
0.7740,  0.123892
0.7745,  0.122492
0.7750,  0.118142
0.7755,  0.113974
0.7760,  0.114322
0.7765,  0.119839
0.7770,  0.126471
0.7775,  0.123906
0.7780,  0.116724
0.7785,  0.116419
0.7790,  0.118791
0.7795,  0.124765
0.7800,  0.129990
0.7805,  0.128689
0.7810,  0.131269
0.7815,  0.130885
0.7820,  0.127807
0.7825,  0.124149
0.7830,  0.121226
0.7835,  0.117735
0.7840,  0.118932
0.7845,  0.124861
0.7850,  0.130632
0.7855,  0.131944
0.7860,  0.136100
0.7865,  0.138166
0.7870,  0.141798
0.7875,  0.148748
0.7880,  0.155541
0.7885,  0.160676
0.7890,  0.163708
0.7895,  0.157878
0.7900,  0.152874
0.7905,  0.159357
0.7910,  0.160292
0.7915,  0.162157
0.7920,  0.159119
0.7925,  0.153634
0.7930,  0.151353
0.7935,  0.145110
0.7940,  0.138085
0.7945,  0.135815
0.7950,  0.132508
0.7955,  0.142092
0.7960,  0.140794
0.7965,  0.142472
0.7970,  0.145228
0.7975,  0.147927
0.7980,  0.148255
0.7985,  0.148443
0.7990,  0.150453
0.7995,  0.158446
0.8000,  0.164014
0.8005,  0.164760
0.8010,  0.167839
0.8015,  0.167101
0.8020,  0.161561
0.8025,  0.150908
0.8030,  0.151820
0.8035,  0.156258
0.8040,  0.147341
0.8045,  0.141209
0.8050,  0.137172
0.8055,  0.138149
0.8060,  0.134261
0.8065,  0.138513
0.8070,  0.136825
0.8075,  0.132747
0.8080,  0.128348
0.8085,  0.130896
0.8090,  0.137770
0.8095,  0.149396
0.8100,  0.167716
0.8105,  0.172654
0.8110,  0.186701
0.8115,  0.205588
0.8120,  0.221234
0.8125,  0.241629
0.8130,  0.264208
0.8135,  0.290011
0.8140,  0.307015
0.8145,  0.331244
0.8150,  0.360619
0.8155,  0.378141
0.8160,  0.396468
0.8165,  0.416389
0.8170,  0.413843
0.8175,  0.394128
0.8180,  0.369725
0.8185,  0.340132
0.8190,  0.305332
0.8195,  0.287899
0.8200,  0.264183
0.8205,  0.259264
0.8210,  0.267795
0.8215,  0.301417
0.8220,  0.350376
0.8225,  0.383902
0.8230,  0.378248
0.8235,  0.344093
0.8240,  0.300312
0.8245,  0.273608
0.8250,  0.253271
0.8255,  0.247180
0.8260,  0.248908
0.8265,  0.258485
0.8270,  0.272526
0.8275,  0.286141
0.8280,  0.290103
0.8285,  0.287692
0.8290,  0.279105
0.8295,  0.269005
0.8300,  0.254111
0.8305,  0.249184
0.8310,  0.240534
0.8315,  0.233202
0.8320,  0.224765
0.8325,  0.236208
0.8330,  0.228609
0.8335,  0.220293
0.8340,  0.210479
0.8345,  0.203800
0.8350,  0.197142
0.8355,  0.182406
0.8360,  0.167663
0.8365,  0.157106
0.8370,  0.158148
0.8375,  0.164103
0.8380,  0.159135
0.8385,  0.155504
0.8390,  0.157586
0.8395,  0.154180
0.8400,  0.148545
0.8405,  0.145100
0.8410,  0.141733
0.8415,  0.136600
0.8420,  0.134950
0.8425,  0.122793
0.8430,  0.120820
0.8435,  0.118448
0.8440,  0.119265
0.8445,  0.116680
0.8450,  0.114680
0.8455,  0.120478
0.8460,  0.114328
0.8465,  0.115220
0.8470,  0.111756
0.8475,  0.113226
0.8480,  0.122478
0.8485,  0.121132
0.8490,  0.121582
0.8495,  0.110504
0.8500,  0.106586
0.8505,  0.118690
0.8510,  0.120786
0.8515,  0.120015
0.8520,  0.127181
0.8525,  0.117686
0.8530,  0.110004
0.8535,  0.098911
0.8540,  0.078172
0.8545,  0.095074
0.8550,  0.100774
0.8555,  0.103409
0.8560,  0.108889
0.8565,  0.108161
0.8570,  0.116507
0.8575,  0.124559
0.8580,  0.130712
0.8585,  0.116155
0.8590,  0.106480
0.8595,  0.093809
0.8600,  0.086921
0.8605,  0.097910
0.8610,  0.100843
0.8615,  0.101763
0.8620,  0.100875
0.8625,  0.101096
0.8630,  0.098139
0.8635,  0.097232
0.8640,  0.107170
0.8645,  0.083182
0.8650,  0.079951
0.8655,  0.070326
0.8660,  0.053306
0.8665,  0.070806
0.8670,  0.080105
0.8675,  0.097439
0.8680,  0.114255
0.8685,  0.118323
0.8690,  0.106617
0.8695,  0.106773
0.8700,  0.110860
0.8705,  0.100416
0.8710,  0.088222
0.8715,  0.089921
0.8720,  0.096435
0.8725,  0.104380
0.8730,  0.120803
0.8735,  0.121289
0.8740,  0.126905
0.8745,  0.115567
0.8750,  0.104242
0.8755,  0.095701
0.8760,  0.085236
0.8765,  0.081121
0.8770,  0.089400
0.8775,  0.094274
0.8780,  0.105745
0.8785,  0.114004
0.8790,  0.110691
0.8795,  0.115475
0.8800,  0.111508
0.8805,  0.105968
0.8810,  0.093308
0.8815,  0.080796
0.8820,  0.082129
0.8825,  0.091837
0.8830,  0.108897
0.8835,  0.107357
0.8840,  0.110807
0.8845,  0.103828
0.8850,  0.121104
0.8855,  0.132982
0.8860,  0.127019
0.8865,  0.105968
0.8870,  0.096226
0.8875,  0.084158
0.8880,  0.078806
0.8885,  0.084345
0.8890,  0.088950
0.8895,  0.106076
0.8900,  0.130374
