0.3500,  0.513149
0.3505,  0.560057
0.3510,  0.524201
0.3515,  0.487988
0.3520,  0.454165
0.3525,  0.412108
0.3530,  0.445716
0.3535,  0.465189
0.3540,  0.486555
0.3545,  0.518574
0.3550,  0.496840
0.3555,  0.492197
0.3560,  0.453452
0.3565,  0.432180
0.3570,  0.417609
0.3575,  0.385214
0.3580,  0.349166
0.3585,  0.307780
0.3590,  0.463304
0.3595,  0.595939
0.3600,  0.576802
0.3605,  0.548191
0.3610,  0.496789
0.3615,  0.440023
0.3620,  0.474396
0.3625,  0.496517
0.3630,  0.472729
0.3635,  0.460392
0.3640,  0.445800
0.3645,  0.431087
0.3650,  0.448620
0.3655,  0.463230
0.3660,  0.462567
0.3665,  0.469519
0.3670,  0.439117
0.3675,  0.410792
0.3680,  0.380140
0.3685,  0.353035
0.3690,  0.391785
0.3695,  0.434043
0.3700,  0.411829
0.3705,  0.387855
0.3710,  0.405631
0.3715,  0.426787
0.3720,  0.402126
0.3725,  0.382550
0.3730,  0.360181
0.3735,  0.330066
0.3740,  0.336419
0.3745,  0.333200
0.3750,  0.396938
0.3755,  0.452300
0.3760,  0.447567
0.3765,  0.431310
0.3770,  0.467850
0.3775,  0.500045
0.3780,  0.489125
0.3785,  0.486189
0.3790,  0.393579
0.3795,  0.297351
0.3800,  0.352913
0.3805,  0.415171
0.3810,  0.401171
0.3815,  0.395506
0.3820,  0.326574
0.3825,  0.237691
0.3830,  0.221361
0.3835,  0.186510
0.3840,  0.329620
0.3845,  0.442651
0.3850,  0.448167
0.3855,  0.451224
0.3860,  0.435208
0.3865,  0.425948
0.3870,  0.424816
0.3875,  0.420214
0.3880,  0.402437
0.3885,  0.373779
0.3890,  0.415794
0.3895,  0.450768
0.3900,  0.441930
0.3905,  0.434082
0.3910,  0.444550
0.3915,  0.478589
0.3920,  0.403780
0.3925,  0.331010
0.3930,  0.190585
0.3935,  -0.025442
0.3940,  0.231786
0.3945,  0.405613
0.3950,  0.490686
0.3955,  0.582115
0.3960,  0.441857
0.3965,  0.258213
0.3970,  0.270391
0.3975,  0.257412
0.3980,  0.413562
0.3985,  0.511764
0.3990,  0.482682
0.3995,  0.468627
0.4000,  0.431789
0.4005,  0.397525
0.4010,  0.381816
0.4015,  0.373531
0.4020,  0.358646
0.4025,  0.351188
0.4030,  0.328656
0.4035,  0.304272
0.4040,  0.296759
0.4045,  0.295579
0.4050,  0.296833
0.4055,  0.298269
0.4060,  0.284432
0.4065,  0.271140
0.4070,  0.284931
0.4075,  0.296687
0.4080,  0.320019
0.4085,  0.343028
0.4090,  0.338453
0.4095,  0.332247
0.4100,  0.289482
0.4105,  0.239238
0.4110,  0.295070
0.4115,  0.344805
0.4120,  0.329404
0.4125,  0.312872
0.4130,  0.295876
0.4135,  0.285870
0.4140,  0.285589
0.4145,  0.283399
0.4150,  0.279628
0.4155,  0.276561
0.4160,  0.296324
0.4165,  0.318303
0.4170,  0.282403
0.4175,  0.242792
0.4180,  0.249041
0.4185,  0.255774
0.4190,  0.264696
0.4195,  0.270913
0.4200,  0.285097
0.4205,  0.295355
0.4210,  0.300751
0.4215,  0.307647
0.4220,  0.266150
0.4225,  0.220369
0.4230,  0.252042
0.4235,  0.285002
0.4240,  0.295079
0.4245,  0.308190
0.4250,  0.292687
0.4255,  0.277808
0.4260,  0.280337
0.4265,  0.288992
0.4270,  0.262598
0.4275,  0.239618
0.4280,  0.257431
0.4285,  0.271040
0.4290,  0.261202
0.4295,  0.255130
0.4300,  0.182066
0.4305,  0.083798
0.4310,  0.251113
0.4315,  0.375866
0.4320,  0.347165
0.4325,  0.316758
0.4330,  0.317762
0.4335,  0.324442
0.4340,  0.301592
0.4345,  0.281250
0.4350,  0.282906
0.4355,  0.280341
0.4360,  0.311932
0.4365,  0.344391
0.4370,  0.316563
0.4375,  0.294794
0.4380,  0.246889
0.4385,  0.192486
0.4390,  0.252896
0.4395,  0.309193
0.4400,  0.283369
0.4405,  0.250975
0.4410,  0.286051
0.4415,  0.316276
0.4420,  0.312575
0.4425,  0.310496
0.4430,  0.287717
0.4435,  0.269655
0.4440,  0.281218
0.4445,  0.290381
0.4450,  0.259413
0.4455,  0.226742
0.4460,  0.240675
0.4465,  0.250944
0.4470,  0.280493
0.4475,  0.309479
0.4480,  0.283015
0.4485,  0.253510
0.4490,  0.253764
0.4495,  0.254908
0.4500,  0.271768
0.4505,  0.289378
0.4510,  0.281827
0.4515,  0.274939
0.4520,  0.245057
0.4525,  0.219129
0.4530,  0.231357
0.4535,  0.239810
0.4540,  0.245914
0.4545,  0.248751
0.4550,  0.258471
0.4555,  0.267835
0.4560,  0.271352
0.4565,  0.275823
0.4570,  0.275903
0.4575,  0.278745
0.4580,  0.256667
0.4585,  0.230982
0.4590,  0.239194
0.4595,  0.248113
0.4600,  0.253718
0.4605,  0.258761
0.4610,  0.260675
0.4615,  0.259783
0.4620,  0.265816
0.4625,  0.271692
0.4630,  0.258594
0.4635,  0.249385
0.4640,  0.241169
0.4645,  0.232980
0.4650,  0.251876
0.4655,  0.269116
0.4660,  0.249219
0.4665,  0.230315
0.4670,  0.251349
0.4675,  0.269661
0.4680,  0.264388
0.4685,  0.261370
0.4690,  0.263989
0.4695,  0.268620
0.4700,  0.250615
0.4705,  0.228339
0.4710,  0.254024
0.4715,  0.279710
0.4720,  0.276326
0.4725,  0.277215
0.4730,  0.266247
0.4735,  0.252934
0.4740,  0.260458
0.4745,  0.269151
0.4750,  0.264093
0.4755,  0.259740
0.4760,  0.248815
0.4765,  0.237022
0.4770,  0.260265
0.4775,  0.280080
0.4780,  0.260624
0.4785,  0.243000
0.4790,  0.254722
0.4795,  0.264225
0.4800,  0.252280
0.4805,  0.243329
0.4810,  0.252327
0.4815,  0.264040
0.4820,  0.252603
0.4825,  0.245690
0.4830,  0.246796
0.4835,  0.247971
0.4840,  0.245189
0.4845,  0.248147
0.4850,  0.235837
0.4855,  0.225781
0.4860,  0.197837
0.4865,  0.156970
0.4870,  0.202617
0.4875,  0.242036
0.4880,  0.250630
0.4885,  0.257106
0.4890,  0.254773
0.4895,  0.255482
0.4900,  0.259667
0.4905,  0.266310
0.4910,  0.244738
0.4915,  0.225133
0.4920,  0.226422
0.4925,  0.225524
0.4930,  0.220000
0.4935,  0.213419
0.4940,  0.241055
0.4945,  0.268576
0.4950,  0.238078
0.4955,  0.208868
0.4960,  0.225057
0.4965,  0.240906
0.4970,  0.242550
0.4975,  0.247855
0.4980,  0.222302
0.4985,  0.193794
0.4990,  0.217849
0.4995,  0.241143
0.5000,  0.222954
0.5005,  0.204515
0.5010,  0.199858
0.5015,  0.192132
0.5020,  0.208303
0.5025,  0.224098
0.5030,  0.230822
0.5035,  0.238337
0.5040,  0.225229
0.5045,  0.206699
0.5050,  0.223646
0.5055,  0.240740
0.5060,  0.230767
0.5065,  0.224763
0.5070,  0.216577
0.5075,  0.209345
0.5080,  0.213108
0.5085,  0.215820
0.5090,  0.214977
0.5095,  0.212836
0.5100,  0.215474
0.5105,  0.218096
0.5110,  0.226087
0.5115,  0.234855
0.5120,  0.209227
0.5125,  0.186879
0.5130,  0.190237
0.5135,  0.192450
0.5140,  0.200504
0.5145,  0.204659
0.5150,  0.213043
0.5155,  0.227129
0.5160,  0.195319
0.5165,  0.160745
0.5170,  0.186712
0.5175,  0.207975
0.5180,  0.192649
0.5185,  0.169073
0.5190,  0.198291
0.5195,  0.226136
0.5200,  0.216211
0.5205,  0.207859
0.5210,  0.217109
0.5215,  0.227873
0.5220,  0.207431
0.5225,  0.187922
0.5230,  0.200763
0.5235,  0.208315
0.5240,  0.214644
0.5245,  0.224735
0.5250,  0.222226
0.5255,  0.223195
0.5260,  0.180453
0.5265,  0.132810
0.5270,  0.171010
0.5275,  0.199969
0.5280,  0.206558
0.5285,  0.213290
0.5290,  0.209981
0.5295,  0.205978
0.5300,  0.206638
0.5305,  0.209781
0.5310,  0.210385
0.5315,  0.215861
0.5320,  0.183218
0.5325,  0.147421
0.5330,  0.183709
0.5335,  0.216281
0.5340,  0.199906
0.5345,  0.180574
0.5350,  0.202650
0.5355,  0.227237
0.5360,  0.205940
0.5365,  0.185276
0.5370,  0.189255
0.5375,  0.191921
0.5380,  0.199137
0.5385,  0.205646
0.5390,  0.195916
0.5395,  0.188208
0.5400,  0.179834
0.5405,  0.168331
0.5410,  0.192238
0.5415,  0.214394
0.5420,  0.200670
0.5425,  0.188046
0.5430,  0.198317
0.5435,  0.206847
0.5440,  0.203874
0.5445,  0.202042
0.5450,  0.206173
0.5455,  0.210341
0.5460,  0.207907
0.5465,  0.204383
0.5470,  0.196537
0.5475,  0.187756
0.5480,  0.193548
0.5485,  0.198161
0.5490,  0.202954
0.5495,  0.207697
0.5500,  0.200486
0.5505,  0.195178
0.5510,  0.196758
0.5515,  0.198582
0.5520,  0.194665
0.5525,  0.190838
0.5530,  0.198557
0.5535,  0.204957
0.5540,  0.205590
0.5545,  0.206901
0.5550,  0.208084
0.5555,  0.210512
0.5560,  0.199051
0.5565,  0.188040
0.5570,  0.197006
0.5575,  0.207282
0.5580,  0.200183
0.5585,  0.191435
0.5590,  0.197524
0.5595,  0.200760
0.5600,  0.204262
0.5605,  0.207751
0.5610,  0.202599
0.5615,  0.196418
0.5620,  0.199383
0.5625,  0.205208
0.5630,  0.207999
0.5635,  0.211351
0.5640,  0.211776
0.5645,  0.212392
0.5650,  0.201808
0.5655,  0.191741
0.5660,  0.197737
0.5665,  0.204121
0.5670,  0.217044
0.5675,  0.230222
0.5680,  0.215910
0.5685,  0.200691
0.5690,  0.213970
0.5695,  0.228778
0.5700,  0.211910
0.5705,  0.191638
0.5710,  0.201009
0.5715,  0.205824
0.5720,  0.213536
0.5725,  0.224355
0.5730,  0.218670
0.5735,  0.215157
0.5740,  0.214015
0.5745,  0.213305
0.5750,  0.206815
0.5755,  0.200249
0.5760,  0.204217
0.5765,  0.209235
0.5770,  0.213198
0.5775,  0.217534
0.5780,  0.203878
0.5785,  0.187444
0.5790,  0.194031
0.5795,  0.199763
0.5800,  0.199476
0.5805,  0.200659
0.5810,  0.201462
0.5815,  0.202940
0.5820,  0.205326
0.5825,  0.207019
0.5830,  0.202675
0.5835,  0.199605
0.5840,  0.201160
0.5845,  0.205667
0.5850,  0.193258
0.5855,  0.181204
0.5860,  0.196023
0.5865,  0.210297
0.5870,  0.219716
0.5875,  0.234854
0.5880,  0.230158
0.5885,  0.225085
0.5890,  0.203985
0.5895,  0.173778
0.5900,  0.218729
0.5905,  0.258967
0.5910,  0.249664
0.5915,  0.238539
0.5920,  0.235157
0.5925,  0.234054
0.5930,  0.229104
0.5935,  0.229697
0.5940,  0.229094
0.5945,  0.226698
0.5950,  0.229356
0.5955,  0.229042
0.5960,  0.232019
0.5965,  0.235364
0.5970,  0.228193
0.5975,  0.220665
0.5980,  0.212765
0.5985,  0.208729
0.5990,  0.214323
0.5995,  0.219380
0.6000,  0.214788
0.6005,  0.212158
0.6010,  0.215843
0.6015,  0.216638
0.6020,  0.206275
0.6025,  0.193977
0.6030,  0.205784
0.6035,  0.218089
0.6040,  0.214953
0.6045,  0.215289
0.6050,  0.213054
0.6055,  0.209776
0.6060,  0.207952
0.6065,  0.209158
0.6070,  0.211197
0.6075,  0.213177
0.6080,  0.212905
0.6085,  0.213284
0.6090,  0.217329
0.6095,  0.219610
0.6100,  0.211400
0.6105,  0.200427
0.6110,  0.208952
0.6115,  0.219264
0.6120,  0.212231
0.6125,  0.206680
0.6130,  0.205719
0.6135,  0.204409
0.6140,  0.213280
0.6145,  0.222631
0.6150,  0.227547
0.6155,  0.230521
0.6160,  0.207611
0.6165,  0.179537
0.6170,  0.198904
0.6175,  0.220631
0.6180,  0.224874
0.6185,  0.230308
0.6190,  0.227624
0.6195,  0.223035
0.6200,  0.229261
0.6205,  0.236569
0.6210,  0.226735
0.6215,  0.218325
0.6220,  0.226595
0.6225,  0.235180
0.6230,  0.225557
0.6235,  0.219340
0.6240,  0.225459
0.6245,  0.227682
0.6250,  0.223211
0.6255,  0.216262
0.6260,  0.229965
0.6265,  0.244417
0.6270,  0.245570
0.6275,  0.248466
0.6280,  0.252840
0.6285,  0.256956
0.6290,  0.256023
0.6295,  0.255292
0.6300,  0.251101
0.6305,  0.243863
0.6310,  0.236015
0.6315,  0.231596
0.6320,  0.228758
0.6325,  0.227752
0.6330,  0.230374
0.6335,  0.232385
0.6340,  0.235098
0.6345,  0.239012
0.6350,  0.242938
0.6355,  0.245066
0.6360,  0.242806
0.6365,  0.236617
0.6370,  0.229780
0.6375,  0.226337
0.6380,  0.227678
0.6385,  0.232504
0.6390,  0.236520
0.6395,  0.236844
0.6400,  0.237881
0.6405,  0.235703
0.6410,  0.229088
0.6415,  0.227954
0.6420,  0.226825
0.6425,  0.225630
0.6430,  0.224511
0.6435,  0.227070
0.6440,  0.228363
0.6445,  0.234676
0.6450,  0.244322
0.6455,  0.251294
0.6460,  0.256247
0.6465,  0.257347
0.6470,  0.257789
0.6475,  0.255983
0.6480,  0.254453
0.6485,  0.249829
0.6490,  0.244117
0.6495,  0.245363
0.6500,  0.246078
0.6505,  0.250078
0.6510,  0.256836
0.6515,  0.253927
0.6520,  0.250731
0.6525,  0.249297
0.6530,  0.247350
0.6535,  0.242493
0.6540,  0.243776
0.6545,  0.253399
0.6550,  0.266476
0.6555,  0.268339
0.6560,  0.256661
0.6565,  0.229559
0.6570,  0.194841
0.6575,  0.201745
0.6580,  0.211111
0.6585,  0.223217
0.6590,  0.237084
0.6595,  0.233683
0.6600,  0.227914
0.6605,  0.225181
0.6610,  0.224060
0.6615,  0.221069
0.6620,  0.218793
0.6625,  0.216441
0.6630,  0.217029
0.6635,  0.220091
0.6640,  0.223521
0.6645,  0.223840
0.6650,  0.224520
0.6655,  0.222561
0.6660,  0.220082
0.6665,  0.219045
0.6670,  0.217416
0.6675,  0.218133
0.6680,  0.217322
0.6685,  0.219561
0.6690,  0.221580
0.6695,  0.220133
0.6700,  0.219040
0.6705,  0.217780
0.6710,  0.219384
0.6715,  0.222735
0.6720,  0.226168
0.6725,  0.228193
0.6730,  0.226423
0.6735,  0.223292
0.6740,  0.221642
0.6745,  0.220211
0.6750,  0.219296
0.6755,  0.221388
0.6760,  0.225948
0.6765,  0.229109
0.6770,  0.234322
0.6775,  0.233010
0.6780,  0.228229
0.6785,  0.225412
0.6790,  0.223269
0.6795,  0.221045
0.6800,  0.220841
0.6805,  0.224230
0.6810,  0.228093
0.6815,  0.227277
0.6820,  0.226837
0.6825,  0.230966
0.6830,  0.237910
0.6835,  0.242152
0.6840,  0.240974
0.6845,  0.239216
0.6850,  0.245806
0.6855,  0.270327
0.6860,  0.304444
0.6865,  0.336442
0.6870,  0.357101
0.6875,  0.361934
0.6880,  0.359147
0.6885,  0.354069
0.6890,  0.351054
0.6895,  0.347207
0.6900,  0.339161
0.6905,  0.330155
0.6910,  0.328093
0.6915,  0.324282
0.6920,  0.321314
0.6925,  0.319967
0.6930,  0.325447
0.6935,  0.329644
0.6940,  0.332682
0.6945,  0.330909
0.6950,  0.326559
0.6955,  0.317934
0.6960,  0.307667
0.6965,  0.297769
0.6970,  0.288264
0.6975,  0.289668
0.6980,  0.296917
0.6985,  0.303957
0.6990,  0.310977
0.6995,  0.313697
0.7000,  0.313737
0.7005,  0.312430
0.7010,  0.310809
0.7015,  0.315290
0.7020,  0.315124
0.7025,  0.311870
0.7030,  0.308329
0.7035,  0.306357
0.7040,  0.303582
0.7045,  0.304149
0.7050,  0.308537
0.7055,  0.304607
0.7060,  0.298439
0.7065,  0.292575
0.7070,  0.290335
0.7075,  0.289279
0.7080,  0.290413
0.7085,  0.287309
0.7090,  0.283564
0.7095,  0.283968
0.7100,  0.287510
0.7105,  0.287314
0.7110,  0.290370
0.7115,  0.288775
0.7120,  0.290707
0.7125,  0.295992
0.7130,  0.295195
0.7135,  0.300503
0.7140,  0.306086
0.7145,  0.312899
0.7150,  0.324569
0.7155,  0.342519
0.7160,  0.375917
0.7165,  0.414192
0.7170,  0.458438
0.7175,  0.496583
0.7180,  0.531461
0.7185,  0.555626
0.7190,  0.561087
0.7195,  0.555326
0.7200,  0.530040
0.7205,  0.494992
0.7210,  0.458980
0.7215,  0.434067
0.7220,  0.437453
0.7225,  0.450342
0.7230,  0.468771
0.7235,  0.487991
0.7240,  0.500540
0.7245,  0.503967
0.7250,  0.508295
0.7255,  0.505921
0.7260,  0.507367
0.7265,  0.513102
0.7270,  0.508934
0.7275,  0.510630
0.7280,  0.509920
0.7285,  0.510292
0.7290,  0.507737
0.7295,  0.501374
0.7300,  0.498672
0.7305,  0.490480
0.7310,  0.476928
0.7315,  0.458279
0.7320,  0.438456
0.7325,  0.418297
0.7330,  0.393208
0.7335,  0.373376
0.7340,  0.362235
0.7345,  0.357035
0.7350,  0.356880
0.7355,  0.360977
0.7360,  0.360701
0.7365,  0.358578
0.7370,  0.350490
0.7375,  0.341749
0.7380,  0.342685
0.7385,  0.343331
0.7390,  0.338611
0.7395,  0.333892
0.7400,  0.328156
0.7405,  0.320167
0.7410,  0.311124
0.7415,  0.311693
0.7420,  0.315215
0.7425,  0.314465
0.7430,  0.310131
0.7435,  0.305880
0.7440,  0.304555
0.7445,  0.303726
0.7450,  0.301452
0.7455,  0.306222
0.7460,  0.310347
0.7465,  0.312706
0.7470,  0.311529
0.7475,  0.308273
0.7480,  0.313227
0.7485,  0.317816
0.7490,  0.319546
0.7495,  0.318076
0.7500,  0.316496
0.7505,  0.315963
0.7510,  0.314168
0.7515,  0.307492
0.7520,  0.304162
0.7525,  0.306906
0.7530,  0.309428
0.7535,  0.310717
0.7540,  0.315658
0.7545,  0.319593
0.7550,  0.318560
0.7555,  0.315893
0.7560,  0.314049
0.7565,  0.314147
0.7570,  0.319917
0.7575,  0.327298
0.7580,  0.363016
0.7585,  0.440315
0.7590,  0.572309
0.7595,  0.751267
0.7600,  0.929236
0.7605,  1.031435
0.7610,  1.037302
0.7615,  0.996552
0.7620,  0.958206
0.7625,  0.943024
0.7630,  0.929927
0.7635,  0.899116
0.7640,  0.854780
0.7645,  0.786416
0.7650,  0.716290
0.7655,  0.652053
0.7660,  0.582093
0.7665,  0.508765
0.7670,  0.449518
0.7675,  0.410284
0.7680,  0.390069
0.7685,  0.378654
0.7690,  0.365708
0.7695,  0.351001
0.7700,  0.341948
0.7705,  0.340510
0.7710,  0.337942
0.7715,  0.337133
0.7720,  0.333337
0.7725,  0.331710
0.7730,  0.336288
0.7735,  0.341439
0.7740,  0.345184
0.7745,  0.340475
0.7750,  0.334185
0.7755,  0.335089
0.7760,  0.333373
0.7765,  0.328625
0.7770,  0.333405
0.7775,  0.339746
0.7780,  0.342304
0.7785,  0.341828
0.7790,  0.332809
0.7795,  0.332221
0.7800,  0.332900
0.7805,  0.336900
0.7810,  0.344848
0.7815,  0.346690
0.7820,  0.353639
0.7825,  0.359184
0.7830,  0.358844
0.7835,  0.362958
0.7840,  0.362723
0.7845,  0.356763
0.7850,  0.358239
0.7855,  0.360043
0.7860,  0.356318
0.7865,  0.363994
0.7870,  0.367074
0.7875,  0.375724
0.7880,  0.385827
0.7885,  0.393408
0.7890,  0.399405
0.7895,  0.401751
0.7900,  0.397025
0.7905,  0.400872
0.7910,  0.404239
0.7915,  0.403087
0.7920,  0.409612
0.7925,  0.411077
0.7930,  0.405145
0.7935,  0.403189
0.7940,  0.397763
0.7945,  0.392413
0.7950,  0.388825
0.7955,  0.400510
0.7960,  0.399888
0.7965,  0.398528
0.7970,  0.396136
0.7975,  0.394472
0.7980,  0.392084
0.7985,  0.399412
0.7990,  0.414384
0.7995,  0.425374
0.8000,  0.429563
0.8005,  0.435853
0.8010,  0.431702
0.8015,  0.423972
0.8020,  0.430481
0.8025,  0.430775
0.8030,  0.425512
0.8035,  0.423577
0.8040,  0.422491
0.8045,  0.417832
0.8050,  0.416365
0.8055,  0.416163
0.8060,  0.413543
0.8065,  0.413446
0.8070,  0.416352
0.8075,  0.422777
0.8080,  0.418296
0.8085,  0.429500
0.8090,  0.434579
0.8095,  0.443249
0.8100,  0.442905
0.8105,  0.464778
0.8110,  0.481493
0.8115,  0.500361
0.8120,  0.536021
0.8125,  0.549172
0.8130,  0.578221
0.8135,  0.615155
0.8140,  0.644355
0.8145,  0.683318
0.8150,  0.726914
0.8155,  0.761435
0.8160,  0.789824
0.8165,  0.825664
0.8170,  0.832190
0.8175,  0.813293
0.8180,  0.780432
0.8185,  0.736315
0.8190,  0.706880
0.8195,  0.672286
0.8200,  0.641549
0.8205,  0.612353
0.8210,  0.611474
0.8215,  0.651707
0.8220,  0.702817
0.8225,  0.751643
0.8230,  0.753182
0.8235,  0.724556
0.8240,  0.679328
0.8245,  0.649069
0.8250,  0.633201
0.8255,  0.612273
0.8260,  0.615162
0.8265,  0.609913
0.8270,  0.627823
0.8275,  0.642335
0.8280,  0.661516
0.8285,  0.659876
0.8290,  0.667480
0.8295,  0.664445
0.8300,  0.654052
0.8305,  0.636507
0.8310,  0.625621
0.8315,  0.623461
0.8320,  0.621694
0.8325,  0.640882
0.8330,  0.646861
0.8335,  0.630843
0.8340,  0.601051
0.8345,  0.586491
0.8350,  0.560100
0.8355,  0.548802
0.8360,  0.541393
0.8365,  0.534722
0.8370,  0.535573
0.8375,  0.528869
0.8380,  0.512347
0.8385,  0.508479
0.8390,  0.501259
0.8395,  0.496891
0.8400,  0.500225
0.8405,  0.492177
0.8410,  0.499293
0.8415,  0.511477
0.8420,  0.508332
0.8425,  0.500430
0.8430,  0.501607
0.8435,  0.506610
0.8440,  0.502169
0.8445,  0.501226
0.8450,  0.497101
0.8455,  0.492481
0.8460,  0.491202
0.8465,  0.483987
0.8470,  0.476836
0.8475,  0.475857
0.8480,  0.480737
0.8485,  0.497069
0.8490,  0.505871
0.8495,  0.515941
0.8500,  0.520677
0.8505,  0.536905
0.8510,  0.533645
0.8515,  0.536222
0.8520,  0.546367
0.8525,  0.536212
0.8530,  0.546167
0.8535,  0.554420
0.8540,  0.544107
0.8545,  0.539927
0.8550,  0.511108
0.8555,  0.505874
0.8560,  0.502137
0.8565,  0.499950
0.8570,  0.514404
0.8575,  0.527327
0.8580,  0.531774
0.8585,  0.531867
0.8590,  0.545279
0.8595,  0.543224
0.8600,  0.548426
0.8605,  0.551006
0.8610,  0.548408
0.8615,  0.540348
0.8620,  0.538222
0.8625,  0.539839
0.8630,  0.535766
0.8635,  0.520794
0.8640,  0.534484
0.8645,  0.541057
0.8650,  0.563256
0.8655,  0.613804
0.8660,  0.612998
0.8665,  0.594790
0.8670,  0.591518
0.8675,  0.602809
0.8680,  0.614209
0.8685,  0.614988
0.8690,  0.602271
0.8695,  0.591654
0.8700,  0.593259
0.8705,  0.589393
0.8710,  0.572865
0.8715,  0.549157
0.8720,  0.543465
0.8725,  0.554988
0.8730,  0.575681
0.8735,  0.575958
0.8740,  0.597987
0.8745,  0.619699
0.8750,  0.638559
0.8755,  0.633746
0.8760,  0.628678
0.8765,  0.642385
0.8770,  0.624866
0.8775,  0.611864
0.8780,  0.621172
0.8785,  0.636803
0.8790,  0.639274
0.8795,  0.642613
0.8800,  0.641460
0.8805,  0.644775
0.8810,  0.650186
0.8815,  0.669833
0.8820,  0.654154
0.8825,  0.662016
0.8830,  0.671938
0.8835,  0.673070
0.8840,  0.681909
0.8845,  0.702680
0.8850,  0.669329
0.8855,  0.663832
0.8860,  0.681784
0.8865,  0.690542
0.8870,  0.687854
0.8875,  0.701688
0.8880,  0.691614
0.8885,  0.691920
0.8890,  0.695059
0.8895,  0.694412
0.8900,  0.701798
