0.3500,  0.147526
0.3505,  0.188517
0.3510,  0.162575
0.3515,  0.135351
0.3520,  0.109822
0.3525,  0.085123
0.3530,  0.121511
0.3535,  0.151117
0.3540,  0.167172
0.3545,  0.182142
0.3550,  0.160093
0.3555,  0.148653
0.3560,  0.123522
0.3565,  0.098770
0.3570,  0.076561
0.3575,  0.053716
0.3580,  0.031191
0.3585,  -0.002703
0.3590,  0.116857
0.3595,  0.218927
0.3600,  0.208669
0.3605,  0.190231
0.3610,  0.149328
0.3615,  0.104810
0.3620,  0.136063
0.3625,  0.160174
0.3630,  0.145541
0.3635,  0.132947
0.3640,  0.127033
0.3645,  0.114023
0.3650,  0.136284
0.3655,  0.157885
0.3660,  0.163302
0.3665,  0.172296
0.3670,  0.152496
0.3675,  0.135320
0.3680,  0.108986
0.3685,  0.082622
0.3690,  0.112624
0.3695,  0.140819
0.3700,  0.116346
0.3705,  0.092583
0.3710,  0.106854
0.3715,  0.125652
0.3720,  0.106621
0.3725,  0.090832
0.3730,  0.074402
0.3735,  0.053376
0.3740,  0.064840
0.3745,  0.069509
0.3750,  0.122493
0.3755,  0.164250
0.3760,  0.156032
0.3765,  0.136878
0.3770,  0.162040
0.3775,  0.184880
0.3780,  0.175562
0.3785,  0.180096
0.3790,  0.116574
0.3795,  0.045222
0.3800,  0.087380
0.3805,  0.132841
0.3810,  0.116048
0.3815,  0.105202
0.3820,  0.048382
0.3825,  -0.020234
0.3830,  -0.032842
0.3835,  -0.058934
0.3840,  0.062585
0.3845,  0.155511
0.3850,  0.165121
0.3855,  0.175891
0.3860,  0.166317
0.3865,  0.158508
0.3870,  0.154978
0.3875,  0.149381
0.3880,  0.133793
0.3885,  0.112120
0.3890,  0.146486
0.3895,  0.170916
0.3900,  0.163752
0.3905,  0.157823
0.3910,  0.164650
0.3915,  0.183132
0.3920,  0.116566
0.3925,  0.056271
0.3930,  -0.056029
0.3935,  -0.223302
0.3940,  -0.009604
0.3945,  0.138387
0.3950,  0.208273
0.3955,  0.273736
0.3960,  0.156193
0.3965,  0.012479
0.3970,  0.028918
0.3975,  0.023461
0.3980,  0.149059
0.3985,  0.233205
0.3990,  0.215601
0.3995,  0.206259
0.4000,  0.180949
0.4005,  0.154619
0.4010,  0.142364
0.4015,  0.136527
0.4020,  0.123752
0.4025,  0.117580
0.4030,  0.100248
0.4035,  0.082794
0.4040,  0.077680
0.4045,  0.076898
0.4050,  0.077904
0.4055,  0.079375
0.4060,  0.071039
0.4065,  0.065217
0.4070,  0.077041
0.4075,  0.081374
0.4080,  0.098053
0.4085,  0.114072
0.4090,  0.107759
0.4095,  0.104554
0.4100,  0.071343
0.4105,  0.032167
0.4110,  0.079393
0.4115,  0.122603
0.4120,  0.111269
0.4125,  0.100277
0.4130,  0.091101
0.4135,  0.083515
0.4140,  0.080668
0.4145,  0.076875
0.4150,  0.075121
0.4155,  0.072498
0.4160,  0.089027
0.4165,  0.107646
0.4170,  0.080945
0.4175,  0.050669
0.4180,  0.055282
0.4185,  0.061759
0.4190,  0.067259
0.4195,  0.070788
0.4200,  0.081126
0.4205,  0.092797
0.4210,  0.097652
0.4215,  0.104651
0.4220,  0.071128
0.4225,  0.034132
0.4230,  0.061509
0.4235,  0.089184
0.4240,  0.097007
0.4245,  0.105376
0.4250,  0.093129
0.4255,  0.083493
0.4260,  0.088255
0.4265,  0.094737
0.4270,  0.074108
0.4275,  0.054060
0.4280,  0.063078
0.4285,  0.073121
0.4290,  0.063423
0.4295,  0.056400
0.4300,  -0.002285
0.4305,  -0.078232
0.4310,  0.058901
0.4315,  0.161212
0.4320,  0.137196
0.4325,  0.112818
0.4330,  0.116064
0.4335,  0.119388
0.4340,  0.099085
0.4345,  0.079296
0.4350,  0.079564
0.4355,  0.079477
0.4360,  0.107327
0.4365,  0.135042
0.4370,  0.112302
0.4375,  0.093634
0.4380,  0.057874
0.4385,  0.015599
0.4390,  0.064061
0.4395,  0.108636
0.4400,  0.088479
0.4405,  0.066305
0.4410,  0.098182
0.4415,  0.124800
0.4420,  0.122897
0.4425,  0.120569
0.4430,  0.100848
0.4435,  0.083331
0.4440,  0.090073
0.4445,  0.098975
0.4450,  0.075363
0.4455,  0.049667
0.4460,  0.060787
0.4465,  0.069958
0.4470,  0.095068
0.4475,  0.119401
0.4480,  0.102178
0.4485,  0.081404
0.4490,  0.082925
0.4495,  0.082239
0.4500,  0.092865
0.4505,  0.104533
0.4510,  0.097615
0.4515,  0.092942
0.4520,  0.070689
0.4525,  0.049474
0.4530,  0.058059
0.4535,  0.066119
0.4540,  0.072862
0.4545,  0.076927
0.4550,  0.085924
0.4555,  0.093839
0.4560,  0.096104
0.4565,  0.097745
0.4570,  0.097559
0.4575,  0.099259
0.4580,  0.081058
0.4585,  0.063918
0.4590,  0.071517
0.4595,  0.076337
0.4600,  0.079647
0.4605,  0.083717
0.4610,  0.085786
0.4615,  0.085942
0.4620,  0.091663
0.4625,  0.098372
0.4630,  0.087459
0.4635,  0.078914
0.4640,  0.072833
0.4645,  0.066902
0.4650,  0.082817
0.4655,  0.099348
0.4660,  0.082638
0.4665,  0.065703
0.4670,  0.082717
0.4675,  0.097433
0.4680,  0.094139
0.4685,  0.093321
0.4690,  0.096937
0.4695,  0.099511
0.4700,  0.084210
0.4705,  0.064661
0.4710,  0.086177
0.4715,  0.106740
0.4720,  0.106509
0.4725,  0.108018
0.4730,  0.100801
0.4735,  0.092157
0.4740,  0.098652
0.4745,  0.106935
0.4750,  0.102189
0.4755,  0.097250
0.4760,  0.088584
0.4765,  0.079971
0.4770,  0.097671
0.4775,  0.112944
0.4780,  0.099774
0.4785,  0.087570
0.4790,  0.097862
0.4795,  0.107368
0.4800,  0.099217
0.4805,  0.092645
0.4810,  0.101369
0.4815,  0.108515
0.4820,  0.098393
0.4825,  0.091421
0.4830,  0.092664
0.4835,  0.093670
0.4840,  0.091082
0.4845,  0.093034
0.4850,  0.083287
0.4855,  0.074511
0.4860,  0.052110
0.4865,  0.020646
0.4870,  0.059841
0.4875,  0.092788
0.4880,  0.101834
0.4885,  0.108022
0.4890,  0.106483
0.4895,  0.105497
0.4900,  0.106171
0.4905,  0.110115
0.4910,  0.092713
0.4915,  0.076410
0.4920,  0.078324
0.4925,  0.079171
0.4930,  0.076772
0.4935,  0.070376
0.4940,  0.092313
0.4945,  0.114337
0.4950,  0.090848
0.4955,  0.067357
0.4960,  0.081923
0.4965,  0.095554
0.4970,  0.097430
0.4975,  0.100569
0.4980,  0.078577
0.4985,  0.055545
0.4990,  0.074874
0.4995,  0.094745
0.5000,  0.080927
0.5005,  0.066575
0.5010,  0.062366
0.5015,  0.055666
0.5020,  0.069552
0.5025,  0.082848
0.5030,  0.089256
0.5035,  0.094353
0.5040,  0.083324
0.5045,  0.069880
0.5050,  0.084445
0.5055,  0.099458
0.5060,  0.091625
0.5065,  0.086079
0.5070,  0.079006
0.5075,  0.072553
0.5080,  0.075570
0.5085,  0.077138
0.5090,  0.075665
0.5095,  0.073641
0.5100,  0.076442
0.5105,  0.079482
0.5110,  0.086847
0.5115,  0.094023
0.5120,  0.073790
0.5125,  0.056104
0.5130,  0.059739
0.5135,  0.061776
0.5140,  0.067532
0.5145,  0.071847
0.5150,  0.078384
0.5155,  0.088809
0.5160,  0.061757
0.5165,  0.033446
0.5170,  0.054702
0.5175,  0.072059
0.5180,  0.060685
0.5185,  0.043130
0.5190,  0.068356
0.5195,  0.091622
0.5200,  0.084236
0.5205,  0.076871
0.5210,  0.083289
0.5215,  0.091634
0.5220,  0.076181
0.5225,  0.061083
0.5230,  0.072095
0.5235,  0.079320
0.5240,  0.084880
0.5245,  0.091811
0.5250,  0.088277
0.5255,  0.089053
0.5260,  0.055593
0.5265,  0.018324
0.5270,  0.049484
0.5275,  0.073735
0.5280,  0.078940
0.5285,  0.083178
0.5290,  0.080213
0.5295,  0.077664
0.5300,  0.078357
0.5305,  0.079933
0.5310,  0.080345
0.5315,  0.084963
0.5320,  0.058629
0.5325,  0.029863
0.5330,  0.059116
0.5335,  0.085777
0.5340,  0.073927
0.5345,  0.059652
0.5350,  0.077640
0.5355,  0.096746
0.5360,  0.078434
0.5365,  0.060558
0.5370,  0.063798
0.5375,  0.067347
0.5380,  0.073408
0.5385,  0.079635
0.5390,  0.071444
0.5395,  0.064224
0.5400,  0.057197
0.5405,  0.048995
0.5410,  0.068434
0.5415,  0.086281
0.5420,  0.076187
0.5425,  0.066274
0.5430,  0.073751
0.5435,  0.079425
0.5440,  0.077032
0.5445,  0.075865
0.5450,  0.078848
0.5455,  0.080691
0.5460,  0.077560
0.5465,  0.074631
0.5470,  0.069090
0.5475,  0.062829
0.5480,  0.068230
0.5485,  0.072826
0.5490,  0.076904
0.5495,  0.081478
0.5500,  0.075947
0.5505,  0.070383
0.5510,  0.071628
0.5515,  0.072915
0.5520,  0.069955
0.5525,  0.066566
0.5530,  0.072763
0.5535,  0.079214
0.5540,  0.081946
0.5545,  0.083418
0.5550,  0.084437
0.5555,  0.086576
0.5560,  0.076920
0.5565,  0.067648
0.5570,  0.074065
0.5575,  0.081962
0.5580,  0.076045
0.5585,  0.069204
0.5590,  0.073804
0.5595,  0.077829
0.5600,  0.081354
0.5605,  0.083801
0.5610,  0.080182
0.5615,  0.076776
0.5620,  0.080559
0.5625,  0.084267
0.5630,  0.085998
0.5635,  0.088404
0.5640,  0.088409
0.5645,  0.089644
0.5650,  0.083839
0.5655,  0.075559
0.5660,  0.079700
0.5665,  0.083342
0.5670,  0.093687
0.5675,  0.104660
0.5680,  0.093007
0.5685,  0.081361
0.5690,  0.091983
0.5695,  0.103049
0.5700,  0.089625
0.5705,  0.074350
0.5710,  0.081305
0.5715,  0.084785
0.5720,  0.091413
0.5725,  0.098861
0.5730,  0.094588
0.5735,  0.092417
0.5740,  0.091437
0.5745,  0.091082
0.5750,  0.086198
0.5755,  0.080036
0.5760,  0.081841
0.5765,  0.084354
0.5770,  0.087055
0.5775,  0.091284
0.5780,  0.079578
0.5785,  0.066669
0.5790,  0.073074
0.5795,  0.079164
0.5800,  0.079652
0.5805,  0.080071
0.5810,  0.081105
0.5815,  0.082532
0.5820,  0.084915
0.5825,  0.086266
0.5830,  0.081848
0.5835,  0.079139
0.5840,  0.080246
0.5845,  0.084489
0.5850,  0.075551
0.5855,  0.065106
0.5860,  0.075649
0.5865,  0.086230
0.5870,  0.094131
0.5875,  0.106873
0.5880,  0.103946
0.5885,  0.098358
0.5890,  0.081530
0.5895,  0.058614
0.5900,  0.093514
0.5905,  0.124388
0.5910,  0.116377
0.5915,  0.107643
0.5920,  0.107229
0.5925,  0.107716
0.5930,  0.104066
0.5935,  0.104963
0.5940,  0.102641
0.5945,  0.099257
0.5950,  0.100586
0.5955,  0.101110
0.5960,  0.102220
0.5965,  0.104299
0.5970,  0.098421
0.5975,  0.093912
0.5980,  0.089351
0.5985,  0.086576
0.5990,  0.092590
0.5995,  0.098415
0.6000,  0.095115
0.6005,  0.092185
0.6010,  0.093095
0.6015,  0.092497
0.6020,  0.084130
0.6025,  0.074933
0.6030,  0.084371
0.6035,  0.095345
0.6040,  0.094581
0.6045,  0.093997
0.6050,  0.092549
0.6055,  0.090257
0.6060,  0.089307
0.6065,  0.088541
0.6070,  0.089007
0.6075,  0.090682
0.6080,  0.090622
0.6085,  0.090605
0.6090,  0.092922
0.6095,  0.094020
0.6100,  0.086504
0.6105,  0.077804
0.6110,  0.085707
0.6115,  0.094781
0.6120,  0.089187
0.6125,  0.084455
0.6130,  0.084592
0.6135,  0.083724
0.6140,  0.090937
0.6145,  0.099117
0.6150,  0.103519
0.6155,  0.105902
0.6160,  0.087538
0.6165,  0.067400
0.6170,  0.084288
0.6175,  0.100206
0.6180,  0.102990
0.6185,  0.107353
0.6190,  0.105610
0.6195,  0.101382
0.6200,  0.103889
0.6205,  0.106929
0.6210,  0.098884
0.6215,  0.092227
0.6220,  0.098814
0.6225,  0.106351
0.6230,  0.100475
0.6235,  0.096595
0.6240,  0.099795
0.6245,  0.100194
0.6250,  0.096626
0.6255,  0.091735
0.6260,  0.102515
0.6265,  0.114299
0.6270,  0.117506
0.6275,  0.120428
0.6280,  0.124869
0.6285,  0.127822
0.6290,  0.125514
0.6295,  0.121618
0.6300,  0.117519
0.6305,  0.113118
0.6310,  0.109795
0.6315,  0.109522
0.6320,  0.106734
0.6325,  0.105070
0.6330,  0.106762
0.6335,  0.108298
0.6340,  0.110389
0.6345,  0.113288
0.6350,  0.113570
0.6355,  0.114559
0.6360,  0.115652
0.6365,  0.112556
0.6370,  0.108425
0.6375,  0.105122
0.6380,  0.104413
0.6385,  0.105792
0.6390,  0.108274
0.6395,  0.109789
0.6400,  0.110865
0.6405,  0.109798
0.6410,  0.105912
0.6415,  0.104958
0.6420,  0.101937
0.6425,  0.099038
0.6430,  0.097059
0.6435,  0.096042
0.6440,  0.097714
0.6445,  0.103143
0.6450,  0.111347
0.6455,  0.116533
0.6460,  0.120082
0.6465,  0.122628
0.6470,  0.124042
0.6475,  0.122112
0.6480,  0.120107
0.6485,  0.117918
0.6490,  0.114692
0.6495,  0.117355
0.6500,  0.119567
0.6505,  0.124115
0.6510,  0.129368
0.6515,  0.127939
0.6520,  0.126195
0.6525,  0.122404
0.6530,  0.120249
0.6535,  0.113989
0.6540,  0.111701
0.6545,  0.116190
0.6550,  0.126232
0.6555,  0.125973
0.6560,  0.116350
0.6565,  0.097715
0.6570,  0.071056
0.6575,  0.077437
0.6580,  0.086157
0.6585,  0.095633
0.6590,  0.106742
0.6595,  0.103467
0.6600,  0.100028
0.6605,  0.097341
0.6610,  0.096674
0.6615,  0.094517
0.6620,  0.092713
0.6625,  0.092282
0.6630,  0.092718
0.6635,  0.095911
0.6640,  0.096591
0.6645,  0.096654
0.6650,  0.097539
0.6655,  0.096528
0.6660,  0.093089
0.6665,  0.090567
0.6670,  0.087829
0.6675,  0.088144
0.6680,  0.087946
0.6685,  0.090102
0.6690,  0.092104
0.6695,  0.091698
0.6700,  0.093100
0.6705,  0.092891
0.6710,  0.092836
0.6715,  0.092945
0.6720,  0.092323
0.6725,  0.091495
0.6730,  0.090722
0.6735,  0.088896
0.6740,  0.088729
0.6745,  0.089446
0.6750,  0.089800
0.6755,  0.091548
0.6760,  0.093301
0.6765,  0.093691
0.6770,  0.093032
0.6775,  0.092339
0.6780,  0.093539
0.6785,  0.094058
0.6790,  0.092464
0.6795,  0.090492
0.6800,  0.090627
0.6805,  0.091175
0.6810,  0.092095
0.6815,  0.093247
0.6820,  0.096594
0.6825,  0.099542
0.6830,  0.102570
0.6835,  0.104581
0.6840,  0.106283
0.6845,  0.106013
0.6850,  0.107459
0.6855,  0.123227
0.6860,  0.149606
0.6865,  0.179040
0.6870,  0.202157
0.6875,  0.208969
0.6880,  0.207717
0.6885,  0.201737
0.6890,  0.195244
0.6895,  0.189555
0.6900,  0.181452
0.6905,  0.172043
0.6910,  0.163406
0.6915,  0.158716
0.6920,  0.158399
0.6925,  0.161413
0.6930,  0.165601
0.6935,  0.168351
0.6940,  0.169515
0.6945,  0.169855
0.6950,  0.167460
0.6955,  0.159447
0.6960,  0.150515
0.6965,  0.143149
0.6970,  0.137428
0.6975,  0.136848
0.6980,  0.140855
0.6985,  0.145055
0.6990,  0.151991
0.6995,  0.156649
0.7000,  0.158422
0.7005,  0.158382
0.7010,  0.158131
0.7015,  0.161543
0.7020,  0.160538
0.7025,  0.156158
0.7030,  0.152185
0.7035,  0.150894
0.7040,  0.152927
0.7045,  0.155995
0.7050,  0.158247
0.7055,  0.156275
0.7060,  0.153623
0.7065,  0.149805
0.7070,  0.146052
0.7075,  0.140796
0.7080,  0.137245
0.7085,  0.136231
0.7090,  0.136364
0.7095,  0.136149
0.7100,  0.136784
0.7105,  0.139054
0.7110,  0.141636
0.7115,  0.143083
0.7120,  0.143061
0.7125,  0.144087
0.7130,  0.141720
0.7135,  0.141147
0.7140,  0.142159
0.7145,  0.146718
0.7150,  0.153891
0.7155,  0.166626
0.7160,  0.192646
0.7165,  0.223397
0.7170,  0.255558
0.7175,  0.283917
0.7180,  0.310067
0.7185,  0.330232
0.7190,  0.338135
0.7195,  0.337380
0.7200,  0.321849
0.7205,  0.297746
0.7210,  0.270317
0.7215,  0.248808
0.7220,  0.244353
0.7225,  0.252570
0.7230,  0.269278
0.7235,  0.286476
0.7240,  0.301763
0.7245,  0.310765
0.7250,  0.314225
0.7255,  0.313721
0.7260,  0.311436
0.7265,  0.309001
0.7270,  0.304662
0.7275,  0.302726
0.7280,  0.300702
0.7285,  0.297576
0.7290,  0.297335
0.7295,  0.296779
0.7300,  0.292282
0.7305,  0.284348
0.7310,  0.274755
0.7315,  0.259745
0.7320,  0.242453
0.7325,  0.225359
0.7330,  0.211088
0.7335,  0.197572
0.7340,  0.188564
0.7345,  0.184339
0.7350,  0.183846
0.7355,  0.184660
0.7360,  0.182543
0.7365,  0.181529
0.7370,  0.179586
0.7375,  0.175572
0.7380,  0.170859
0.7385,  0.164241
0.7390,  0.157944
0.7395,  0.154119
0.7400,  0.151450
0.7405,  0.147639
0.7410,  0.142496
0.7415,  0.144824
0.7420,  0.144890
0.7425,  0.146481
0.7430,  0.146703
0.7435,  0.144734
0.7440,  0.143158
0.7445,  0.140680
0.7450,  0.138995
0.7455,  0.141449
0.7460,  0.143645
0.7465,  0.146083
0.7470,  0.145237
0.7475,  0.144863
0.7480,  0.145252
0.7485,  0.143929
0.7490,  0.143959
0.7495,  0.145554
0.7500,  0.148388
0.7505,  0.152121
0.7510,  0.151219
0.7515,  0.148426
0.7520,  0.144561
0.7525,  0.144264
0.7530,  0.145844
0.7535,  0.146891
0.7540,  0.150164
0.7545,  0.150729
0.7550,  0.149935
0.7555,  0.147955
0.7560,  0.147006
0.7565,  0.143608
0.7570,  0.142886
0.7575,  0.151070
0.7580,  0.173125
0.7585,  0.222323
0.7590,  0.309950
0.7595,  0.440971
0.7600,  0.575916
0.7605,  0.663529
0.7610,  0.683956
0.7615,  0.660290
0.7620,  0.637945
0.7625,  0.622872
0.7630,  0.613419
0.7635,  0.586553
0.7640,  0.542618
0.7645,  0.495956
0.7650,  0.442860
0.7655,  0.388692
0.7660,  0.336538
0.7665,  0.289238
0.7670,  0.246041
0.7675,  0.221790
0.7680,  0.204120
0.7685,  0.194330
0.7690,  0.187509
0.7695,  0.180220
0.7700,  0.172278
0.7705,  0.169808
0.7710,  0.166016
0.7715,  0.166583
0.7720,  0.166876
0.7725,  0.164404
0.7730,  0.162760
0.7735,  0.161008
0.7740,  0.157161
0.7745,  0.155716
0.7750,  0.154441
0.7755,  0.155950
0.7760,  0.159317
0.7765,  0.161141
0.7770,  0.163346
0.7775,  0.165259
0.7780,  0.166718
0.7785,  0.166376
0.7790,  0.162846
0.7795,  0.160184
0.7800,  0.159206
0.7805,  0.158102
0.7810,  0.159789
0.7815,  0.160307
0.7820,  0.162894
0.7825,  0.165123
0.7830,  0.164543
0.7835,  0.166514
0.7840,  0.165516
0.7845,  0.160509
0.7850,  0.158963
0.7855,  0.153898
0.7860,  0.158842
0.7865,  0.167508
0.7870,  0.173564
0.7875,  0.179648
0.7880,  0.184927
0.7885,  0.194975
0.7890,  0.202874
0.7895,  0.205348
0.7900,  0.203407
0.7905,  0.198580
0.7910,  0.194570
0.7915,  0.188624
0.7920,  0.186862
0.7925,  0.189435
0.7930,  0.188248
0.7935,  0.192387
0.7940,  0.192297
0.7945,  0.191501
0.7950,  0.187643
0.7955,  0.191637
0.7960,  0.198157
0.7965,  0.201667
0.7970,  0.206455
0.7975,  0.204497
0.7980,  0.203885
0.7985,  0.205212
0.7990,  0.206250
0.7995,  0.212037
0.8000,  0.214606
0.8005,  0.218502
0.8010,  0.220272
0.8015,  0.213867
0.8020,  0.211453
0.8025,  0.210981
0.8030,  0.209883
0.8035,  0.209999
0.8040,  0.209349
0.8045,  0.209207
0.8050,  0.208923
0.8055,  0.210326
0.8060,  0.212702
0.8065,  0.214206
0.8070,  0.215510
0.8075,  0.210093
0.8080,  0.205102
0.8085,  0.206037
0.8090,  0.206437
0.8095,  0.217840
0.8100,  0.228595
0.8105,  0.235078
0.8110,  0.241748
0.8115,  0.247890
0.8120,  0.260523
0.8125,  0.285003
0.8130,  0.310371
0.8135,  0.330189
0.8140,  0.353407
0.8145,  0.372726
0.8150,  0.392055
0.8155,  0.411665
0.8160,  0.427563
0.8165,  0.445185
0.8170,  0.444351
0.8175,  0.433982
0.8180,  0.418003
0.8185,  0.396320
0.8190,  0.375716
0.8195,  0.358927
0.8200,  0.343375
0.8205,  0.325918
0.8210,  0.333595
0.8215,  0.355245
0.8220,  0.394735
0.8225,  0.429792
0.8230,  0.439539
0.8235,  0.420030
0.8240,  0.379846
0.8245,  0.346213
0.8250,  0.324099
0.8255,  0.315845
0.8260,  0.315163
0.8265,  0.325534
0.8270,  0.339669
0.8275,  0.356970
0.8280,  0.369596
0.8285,  0.369383
0.8290,  0.362113
0.8295,  0.355272
0.8300,  0.346303
0.8305,  0.343449
0.8310,  0.336508
0.8315,  0.332481
0.8320,  0.330353
0.8325,  0.329796
0.8330,  0.326323
0.8335,  0.319087
0.8340,  0.306139
0.8345,  0.299398
0.8350,  0.294793
0.8355,  0.286904
0.8360,  0.283771
0.8365,  0.272816
0.8370,  0.267742
0.8375,  0.263469
0.8380,  0.258990
0.8385,  0.258054
0.8390,  0.257749
0.8395,  0.251098
0.8400,  0.239653
0.8405,  0.231400
0.8410,  0.227629
0.8415,  0.228087
0.8420,  0.230088
0.8425,  0.238031
0.8430,  0.245261
0.8435,  0.242239
0.8440,  0.240499
0.8445,  0.236442
0.8450,  0.230627
0.8455,  0.227639
0.8460,  0.225765
0.8465,  0.224942
0.8470,  0.227499
0.8475,  0.230258
0.8480,  0.240017
0.8485,  0.241688
0.8490,  0.243595
0.8495,  0.243854
0.8500,  0.235330
0.8505,  0.242930
0.8510,  0.247328
0.8515,  0.244029
0.8520,  0.245213
0.8525,  0.235198
0.8530,  0.237355
0.8535,  0.248853
0.8540,  0.243736
0.8545,  0.263869
0.8550,  0.265149
0.8555,  0.262438
0.8560,  0.266474
0.8565,  0.266720
0.8570,  0.264645
0.8575,  0.255115
0.8580,  0.250043
0.8585,  0.249578
0.8590,  0.246046
0.8595,  0.249496
0.8600,  0.249106
0.8605,  0.247088
0.8610,  0.251409
0.8615,  0.245351
0.8620,  0.241599
0.8625,  0.247358
0.8630,  0.245585
0.8635,  0.247663
0.8640,  0.255073
0.8645,  0.251391
0.8650,  0.262012
0.8655,  0.272222
0.8660,  0.276743
0.8665,  0.284055
0.8670,  0.283007
0.8675,  0.277218
0.8680,  0.266495
0.8685,  0.268845
0.8690,  0.270948
0.8695,  0.271014
0.8700,  0.268080
0.8705,  0.265890
0.8710,  0.273492
0.8715,  0.280450
0.8720,  0.295499
0.8725,  0.296325
0.8730,  0.294782
0.8735,  0.293439
0.8740,  0.291453
0.8745,  0.288124
0.8750,  0.297769
0.8755,  0.301977
0.8760,  0.297614
0.8765,  0.294884
0.8770,  0.284843
0.8775,  0.284462
0.8780,  0.293684
0.8785,  0.299109
0.8790,  0.298398
0.8795,  0.296867
0.8800,  0.300392
0.8805,  0.307933
0.8810,  0.313499
0.8815,  0.307304
0.8820,  0.304979
0.8825,  0.302982
0.8830,  0.312115
0.8835,  0.305742
0.8840,  0.312343
0.8845,  0.310943
0.8850,  0.306337
0.8855,  0.308496
0.8860,  0.312825
0.8865,  0.309552
0.8870,  0.323050
0.8875,  0.334053
0.8880,  0.347117
0.8885,  0.354639
0.8890,  0.354520
0.8895,  0.344168
0.8900,  0.340861
