0.3500,  0.652884
0.3505,  0.698052
0.3510,  0.660809
0.3515,  0.615406
0.3520,  0.567940
0.3525,  0.525935
0.3530,  0.559668
0.3535,  0.579873
0.3540,  0.581574
0.3545,  0.607092
0.3550,  0.584827
0.3555,  0.574782
0.3560,  0.532583
0.3565,  0.508504
0.3570,  0.497243
0.3575,  0.489276
0.3580,  0.468734
0.3585,  0.422867
0.3590,  0.577553
0.3595,  0.699332
0.3600,  0.678524
0.3605,  0.661885
0.3610,  0.599915
0.3615,  0.530310
0.3620,  0.554356
0.3625,  0.573132
0.3630,  0.546050
0.3635,  0.520069
0.3640,  0.497276
0.3645,  0.469674
0.3650,  0.492123
0.3655,  0.506201
0.3660,  0.502112
0.3665,  0.507144
0.3670,  0.473375
0.3675,  0.447968
0.3680,  0.414922
0.3685,  0.377432
0.3690,  0.414476
0.3695,  0.453172
0.3700,  0.419900
0.3705,  0.384001
0.3710,  0.398300
0.3715,  0.424584
0.3720,  0.406222
0.3725,  0.391074
0.3730,  0.373029
0.3735,  0.353384
0.3740,  0.378202
0.3745,  0.388783
0.3750,  0.460900
0.3755,  0.511489
0.3760,  0.489461
0.3765,  0.456422
0.3770,  0.482158
0.3775,  0.507458
0.3780,  0.492888
0.3785,  0.491703
0.3790,  0.401912
0.3795,  0.309866
0.3800,  0.369609
0.3805,  0.430318
0.3810,  0.409046
0.3815,  0.400203
0.3820,  0.337075
0.3825,  0.265871
0.3830,  0.266762
0.3835,  0.241154
0.3840,  0.402240
0.3845,  0.515516
0.3850,  0.514657
0.3855,  0.517538
0.3860,  0.499977
0.3865,  0.484281
0.3870,  0.474201
0.3875,  0.461224
0.3880,  0.431012
0.3885,  0.391195
0.3890,  0.430257
0.3895,  0.458561
0.3900,  0.445379
0.3905,  0.433873
0.3910,  0.439824
0.3915,  0.469816
0.3920,  0.393059
0.3925,  0.318961
0.3930,  0.175674
0.3935,  -0.035426
0.3940,  0.248957
0.3945,  0.437789
0.3950,  0.521648
0.3955,  0.602519
0.3960,  0.448345
0.3965,  0.253841
0.3970,  0.270319
0.3975,  0.261581
0.3980,  0.423248
0.3985,  0.522490
0.3990,  0.483086
0.3995,  0.453956
0.4000,  0.404253
0.4005,  0.360213
0.4010,  0.340617
0.4015,  0.332565
0.4020,  0.316890
0.4025,  0.305239
0.4030,  0.277151
0.4035,  0.252912
0.4040,  0.248138
0.4045,  0.247856
0.4050,  0.248608
0.4055,  0.249202
0.4060,  0.235452
0.4065,  0.222791
0.4070,  0.235506
0.4075,  0.245081
0.4080,  0.269949
0.4085,  0.295056
0.4090,  0.286561
0.4095,  0.277016
0.4100,  0.231503
0.4105,  0.177225
0.4110,  0.238619
0.4115,  0.294236
0.4120,  0.277419
0.4125,  0.259480
0.4130,  0.242110
0.4135,  0.231484
0.4140,  0.226782
0.4145,  0.221405
0.4150,  0.220278
0.4155,  0.218219
0.4160,  0.240087
0.4165,  0.262297
0.4170,  0.224444
0.4175,  0.182767
0.4180,  0.188675
0.4185,  0.199011
0.4190,  0.205988
0.4195,  0.209281
0.4200,  0.224533
0.4205,  0.236306
0.4210,  0.240666
0.4215,  0.250919
0.4220,  0.207456
0.4225,  0.160128
0.4230,  0.196248
0.4235,  0.228987
0.4240,  0.238681
0.4245,  0.250482
0.4250,  0.235519
0.4255,  0.219796
0.4260,  0.225563
0.4265,  0.231833
0.4270,  0.202860
0.4275,  0.178092
0.4280,  0.199091
0.4285,  0.220230
0.4290,  0.209943
0.4295,  0.203180
0.4300,  0.127338
0.4305,  0.028917
0.4310,  0.205711
0.4315,  0.333169
0.4320,  0.298829
0.4325,  0.262536
0.4330,  0.262940
0.4335,  0.265671
0.4340,  0.238731
0.4345,  0.216690
0.4350,  0.217333
0.4355,  0.215268
0.4360,  0.247191
0.4365,  0.280244
0.4370,  0.248373
0.4375,  0.224112
0.4380,  0.176503
0.4385,  0.121246
0.4390,  0.186528
0.4395,  0.244748
0.4400,  0.215642
0.4405,  0.181994
0.4410,  0.220098
0.4415,  0.251405
0.4420,  0.245321
0.4425,  0.240608
0.4430,  0.214256
0.4435,  0.192616
0.4440,  0.202730
0.4445,  0.215651
0.4450,  0.185964
0.4455,  0.154453
0.4460,  0.169931
0.4465,  0.180949
0.4470,  0.211015
0.4475,  0.239837
0.4480,  0.214441
0.4485,  0.185600
0.4490,  0.187026
0.4495,  0.186534
0.4500,  0.199578
0.4505,  0.214271
0.4510,  0.204802
0.4515,  0.197668
0.4520,  0.168472
0.4525,  0.142015
0.4530,  0.152031
0.4535,  0.162687
0.4540,  0.171565
0.4545,  0.176256
0.4550,  0.185526
0.4555,  0.193911
0.4560,  0.194961
0.4565,  0.196604
0.4570,  0.196303
0.4575,  0.199417
0.4580,  0.175415
0.4585,  0.150658
0.4590,  0.160861
0.4595,  0.169808
0.4600,  0.175893
0.4605,  0.181638
0.4610,  0.182390
0.4615,  0.180934
0.4620,  0.186007
0.4625,  0.190489
0.4630,  0.174094
0.4635,  0.164839
0.4640,  0.157891
0.4645,  0.150446
0.4650,  0.169850
0.4655,  0.190374
0.4660,  0.167910
0.4665,  0.145673
0.4670,  0.167548
0.4675,  0.183827
0.4680,  0.178627
0.4685,  0.177469
0.4690,  0.180574
0.4695,  0.184020
0.4700,  0.164664
0.4705,  0.137629
0.4710,  0.163057
0.4715,  0.189151
0.4720,  0.187499
0.4725,  0.187878
0.4730,  0.175542
0.4735,  0.160856
0.4740,  0.167513
0.4745,  0.175989
0.4750,  0.167604
0.4755,  0.160229
0.4760,  0.147862
0.4765,  0.134622
0.4770,  0.156014
0.4775,  0.175907
0.4780,  0.158141
0.4785,  0.140992
0.4790,  0.151937
0.4795,  0.162434
0.4800,  0.152961
0.4805,  0.147995
0.4810,  0.161561
0.4815,  0.172612
0.4820,  0.160033
0.4825,  0.147360
0.4830,  0.148377
0.4835,  0.150615
0.4840,  0.148044
0.4845,  0.151075
0.4850,  0.139289
0.4855,  0.128333
0.4860,  0.100064
0.4865,  0.059007
0.4870,  0.109118
0.4875,  0.152251
0.4880,  0.163231
0.4885,  0.171518
0.4890,  0.169318
0.4895,  0.167068
0.4900,  0.166668
0.4905,  0.171447
0.4910,  0.149730
0.4915,  0.130414
0.4920,  0.133340
0.4925,  0.132815
0.4930,  0.125949
0.4935,  0.117204
0.4940,  0.145705
0.4945,  0.173796
0.4950,  0.141588
0.4955,  0.111100
0.4960,  0.128488
0.4965,  0.145567
0.4970,  0.147387
0.4975,  0.152137
0.4980,  0.123575
0.4985,  0.093105
0.4990,  0.118429
0.4995,  0.144127
0.5000,  0.126516
0.5005,  0.107861
0.5010,  0.103009
0.5015,  0.094592
0.5020,  0.112035
0.5025,  0.128711
0.5030,  0.134999
0.5035,  0.141268
0.5040,  0.125173
0.5045,  0.105819
0.5050,  0.125345
0.5055,  0.145408
0.5060,  0.134156
0.5065,  0.127004
0.5070,  0.118267
0.5075,  0.109253
0.5080,  0.112337
0.5085,  0.114521
0.5090,  0.112710
0.5095,  0.110606
0.5100,  0.115603
0.5105,  0.119973
0.5110,  0.128473
0.5115,  0.137899
0.5120,  0.113314
0.5125,  0.090039
0.5130,  0.093578
0.5135,  0.096426
0.5140,  0.104763
0.5145,  0.110301
0.5150,  0.119853
0.5155,  0.134653
0.5160,  0.099554
0.5165,  0.062472
0.5170,  0.089983
0.5175,  0.112463
0.5180,  0.097573
0.5185,  0.074587
0.5190,  0.106757
0.5195,  0.136507
0.5200,  0.126397
0.5205,  0.116520
0.5210,  0.125271
0.5215,  0.137209
0.5220,  0.117761
0.5225,  0.096892
0.5230,  0.110021
0.5235,  0.117638
0.5240,  0.125037
0.5245,  0.136058
0.5250,  0.132697
0.5255,  0.133898
0.5260,  0.088697
0.5265,  0.038108
0.5270,  0.078284
0.5275,  0.110573
0.5280,  0.118086
0.5285,  0.124036
0.5290,  0.120912
0.5295,  0.117899
0.5300,  0.118894
0.5305,  0.120007
0.5310,  0.120365
0.5315,  0.126083
0.5320,  0.091320
0.5325,  0.054359
0.5330,  0.093772
0.5335,  0.129112
0.5340,  0.113093
0.5345,  0.094402
0.5350,  0.117570
0.5355,  0.141877
0.5360,  0.117680
0.5365,  0.094429
0.5370,  0.098203
0.5375,  0.102260
0.5380,  0.110130
0.5385,  0.119432
0.5390,  0.109269
0.5395,  0.099480
0.5400,  0.090274
0.5405,  0.079499
0.5410,  0.104940
0.5415,  0.128427
0.5420,  0.114777
0.5425,  0.100590
0.5430,  0.110172
0.5435,  0.118945
0.5440,  0.116737
0.5445,  0.115004
0.5450,  0.118737
0.5455,  0.121574
0.5460,  0.117262
0.5465,  0.114722
0.5470,  0.107364
0.5475,  0.100122
0.5480,  0.107723
0.5485,  0.112291
0.5490,  0.118004
0.5495,  0.124358
0.5500,  0.117936
0.5505,  0.112294
0.5510,  0.114890
0.5515,  0.116957
0.5520,  0.112580
0.5525,  0.108225
0.5530,  0.115312
0.5535,  0.122092
0.5540,  0.124841
0.5545,  0.126360
0.5550,  0.126190
0.5555,  0.127644
0.5560,  0.113849
0.5565,  0.100246
0.5570,  0.108854
0.5575,  0.119966
0.5580,  0.114620
0.5585,  0.107687
0.5590,  0.115085
0.5595,  0.121497
0.5600,  0.127287
0.5605,  0.132082
0.5610,  0.126677
0.5615,  0.121908
0.5620,  0.126400
0.5625,  0.131271
0.5630,  0.133167
0.5635,  0.135710
0.5640,  0.135727
0.5645,  0.136398
0.5650,  0.126971
0.5655,  0.115564
0.5660,  0.122635
0.5665,  0.130245
0.5670,  0.143507
0.5675,  0.157830
0.5680,  0.142874
0.5685,  0.127749
0.5690,  0.140695
0.5695,  0.155125
0.5700,  0.138679
0.5705,  0.117627
0.5710,  0.126751
0.5715,  0.132279
0.5720,  0.142476
0.5725,  0.153019
0.5730,  0.147533
0.5735,  0.144990
0.5740,  0.144612
0.5745,  0.145299
0.5750,  0.139772
0.5755,  0.132081
0.5760,  0.135444
0.5765,  0.140519
0.5770,  0.145675
0.5775,  0.151371
0.5780,  0.137572
0.5785,  0.121452
0.5790,  0.130280
0.5795,  0.137307
0.5800,  0.137364
0.5805,  0.138591
0.5810,  0.140563
0.5815,  0.144366
0.5820,  0.148360
0.5825,  0.149071
0.5830,  0.143884
0.5835,  0.140396
0.5840,  0.143261
0.5845,  0.147613
0.5850,  0.136403
0.5855,  0.124386
0.5860,  0.139672
0.5865,  0.153810
0.5870,  0.163067
0.5875,  0.176466
0.5880,  0.169639
0.5885,  0.161392
0.5890,  0.140562
0.5895,  0.110262
0.5900,  0.158436
0.5905,  0.200596
0.5910,  0.188762
0.5915,  0.176550
0.5920,  0.173758
0.5925,  0.171764
0.5930,  0.166971
0.5935,  0.168177
0.5940,  0.167069
0.5945,  0.164616
0.5950,  0.168945
0.5955,  0.169976
0.5960,  0.172364
0.5965,  0.175547
0.5970,  0.168101
0.5975,  0.163189
0.5980,  0.158637
0.5985,  0.155056
0.5990,  0.163519
0.5995,  0.170144
0.6000,  0.165628
0.6005,  0.162320
0.6010,  0.165939
0.6015,  0.166105
0.6020,  0.156277
0.6025,  0.146388
0.6030,  0.159353
0.6035,  0.171773
0.6040,  0.169032
0.6045,  0.168740
0.6050,  0.168681
0.6055,  0.166400
0.6060,  0.164106
0.6065,  0.163204
0.6070,  0.163777
0.6075,  0.165936
0.6080,  0.167221
0.6085,  0.168387
0.6090,  0.173983
0.6095,  0.176112
0.6100,  0.165321
0.6105,  0.153948
0.6110,  0.164190
0.6115,  0.176691
0.6120,  0.170876
0.6125,  0.165156
0.6130,  0.163992
0.6135,  0.161431
0.6140,  0.171041
0.6145,  0.181715
0.6150,  0.185957
0.6155,  0.190887
0.6160,  0.168608
0.6165,  0.142246
0.6170,  0.164983
0.6175,  0.187545
0.6180,  0.192598
0.6185,  0.197764
0.6190,  0.195402
0.6195,  0.188269
0.6200,  0.192629
0.6205,  0.198989
0.6210,  0.189218
0.6215,  0.179978
0.6220,  0.187563
0.6225,  0.196456
0.6230,  0.189873
0.6235,  0.186283
0.6240,  0.190576
0.6245,  0.191117
0.6250,  0.186536
0.6255,  0.180257
0.6260,  0.194121
0.6265,  0.208366
0.6270,  0.209715
0.6275,  0.211135
0.6280,  0.212487
0.6285,  0.216121
0.6290,  0.216964
0.6295,  0.218237
0.6300,  0.215959
0.6305,  0.210880
0.6310,  0.204131
0.6315,  0.201361
0.6320,  0.202317
0.6325,  0.203272
0.6330,  0.204924
0.6335,  0.204800
0.6340,  0.205725
0.6345,  0.208400
0.6350,  0.211291
0.6355,  0.213324
0.6360,  0.213527
0.6365,  0.209651
0.6370,  0.206281
0.6375,  0.204334
0.6380,  0.203992
0.6385,  0.207143
0.6390,  0.209746
0.6395,  0.207650
0.6400,  0.206879
0.6405,  0.206015
0.6410,  0.202290
0.6415,  0.200843
0.6420,  0.198343
0.6425,  0.195716
0.6430,  0.194927
0.6435,  0.195977
0.6440,  0.200051
0.6445,  0.206401
0.6450,  0.214861
0.6455,  0.218108
0.6460,  0.219502
0.6465,  0.220544
0.6470,  0.220204
0.6475,  0.217467
0.6480,  0.216983
0.6485,  0.214858
0.6490,  0.212112
0.6495,  0.218752
0.6500,  0.222669
0.6505,  0.226313
0.6510,  0.232799
0.6515,  0.232496
0.6520,  0.231675
0.6525,  0.228415
0.6530,  0.225456
0.6535,  0.217668
0.6540,  0.216299
0.6545,  0.223638
0.6550,  0.237250
0.6555,  0.243140
0.6560,  0.238395
0.6565,  0.216916
0.6570,  0.183511
0.6575,  0.191577
0.6580,  0.201131
0.6585,  0.212413
0.6590,  0.226349
0.6595,  0.221609
0.6600,  0.217006
0.6605,  0.214225
0.6610,  0.214269
0.6615,  0.212100
0.6620,  0.210147
0.6625,  0.209147
0.6630,  0.210877
0.6635,  0.215078
0.6640,  0.218398
0.6645,  0.218589
0.6650,  0.219525
0.6655,  0.216307
0.6660,  0.213300
0.6665,  0.210354
0.6670,  0.206872
0.6675,  0.209286
0.6680,  0.211399
0.6685,  0.214183
0.6690,  0.217115
0.6695,  0.215905
0.6700,  0.216194
0.6705,  0.216853
0.6710,  0.220273
0.6715,  0.223755
0.6720,  0.224550
0.6725,  0.224729
0.6730,  0.223912
0.6735,  0.220796
0.6740,  0.217529
0.6745,  0.216934
0.6750,  0.219248
0.6755,  0.221483
0.6760,  0.225039
0.6765,  0.229933
0.6770,  0.230719
0.6775,  0.226379
0.6780,  0.225301
0.6785,  0.224531
0.6790,  0.223759
0.6795,  0.224620
0.6800,  0.226654
0.6805,  0.228766
0.6810,  0.231673
0.6815,  0.233558
0.6820,  0.237124
0.6825,  0.240240
0.6830,  0.242655
0.6835,  0.244860
0.6840,  0.245052
0.6845,  0.243450
0.6850,  0.246200
0.6855,  0.266844
0.6860,  0.302947
0.6865,  0.345999
0.6870,  0.381297
0.6875,  0.395459
0.6880,  0.395706
0.6885,  0.388082
0.6890,  0.380245
0.6895,  0.370813
0.6900,  0.359478
0.6905,  0.347118
0.6910,  0.338700
0.6915,  0.332623
0.6920,  0.328985
0.6925,  0.330715
0.6930,  0.336860
0.6935,  0.338712
0.6940,  0.337973
0.6945,  0.331697
0.6950,  0.325590
0.6955,  0.317810
0.6960,  0.310024
0.6965,  0.303517
0.6970,  0.298575
0.6975,  0.298956
0.6980,  0.304170
0.6985,  0.311110
0.6990,  0.319372
0.6995,  0.322405
0.7000,  0.324110
0.7005,  0.323984
0.7010,  0.322026
0.7015,  0.325211
0.7020,  0.324368
0.7025,  0.324751
0.7030,  0.321849
0.7035,  0.325146
0.7040,  0.329391
0.7045,  0.333899
0.7050,  0.337477
0.7055,  0.333834
0.7060,  0.328656
0.7065,  0.324378
0.7070,  0.320340
0.7075,  0.314850
0.7080,  0.311018
0.7085,  0.309387
0.7090,  0.307288
0.7095,  0.307738
0.7100,  0.310280
0.7105,  0.315765
0.7110,  0.321087
0.7115,  0.320255
0.7120,  0.320644
0.7125,  0.320637
0.7130,  0.318892
0.7135,  0.322962
0.7140,  0.327665
0.7145,  0.331905
0.7150,  0.338856
0.7155,  0.353392
0.7160,  0.383607
0.7165,  0.425667
0.7170,  0.469146
0.7175,  0.507153
0.7180,  0.538244
0.7185,  0.560807
0.7190,  0.568480
0.7195,  0.569602
0.7200,  0.554504
0.7205,  0.527832
0.7210,  0.497404
0.7215,  0.472552
0.7220,  0.465983
0.7225,  0.475693
0.7230,  0.493641
0.7235,  0.515247
0.7240,  0.535030
0.7245,  0.546918
0.7250,  0.548866
0.7255,  0.549236
0.7260,  0.549403
0.7265,  0.553821
0.7270,  0.554658
0.7275,  0.547673
0.7280,  0.544798
0.7285,  0.538734
0.7290,  0.532628
0.7295,  0.529442
0.7300,  0.523098
0.7305,  0.520366
0.7310,  0.510427
0.7315,  0.492793
0.7320,  0.473924
0.7325,  0.455256
0.7330,  0.436603
0.7335,  0.424265
0.7340,  0.417043
0.7345,  0.407060
0.7350,  0.401779
0.7355,  0.402366
0.7360,  0.401064
0.7365,  0.403640
0.7370,  0.397182
0.7375,  0.387126
0.7380,  0.383970
0.7385,  0.381818
0.7390,  0.378627
0.7395,  0.374705
0.7400,  0.373365
0.7405,  0.368977
0.7410,  0.367248
0.7415,  0.369257
0.7420,  0.368241
0.7425,  0.366854
0.7430,  0.368833
0.7435,  0.363950
0.7440,  0.366684
0.7445,  0.369337
0.7450,  0.369741
0.7455,  0.374224
0.7460,  0.375367
0.7465,  0.378203
0.7470,  0.378698
0.7475,  0.375990
0.7480,  0.376507
0.7485,  0.377103
0.7490,  0.377494
0.7495,  0.379785
0.7500,  0.384057
0.7505,  0.388770
0.7510,  0.390881
0.7515,  0.396109
0.7520,  0.401827
0.7525,  0.400959
0.7530,  0.399596
0.7535,  0.394901
0.7540,  0.388776
0.7545,  0.386494
0.7550,  0.390922
0.7555,  0.391657
0.7560,  0.392541
0.7565,  0.399841
0.7570,  0.405851
0.7575,  0.412613
0.7580,  0.440110
0.7585,  0.513396
0.7590,  0.644891
0.7595,  0.849631
0.7600,  1.105476
0.7605,  1.312128
0.7610,  1.399923
0.7615,  1.386902
0.7620,  1.333553
0.7625,  1.308214
0.7630,  1.281658
0.7635,  1.223910
0.7640,  1.138631
0.7645,  1.046055
0.7650,  0.945939
0.7655,  0.846240
0.7660,  0.756398
0.7665,  0.674789
0.7670,  0.607165
0.7675,  0.559991
0.7680,  0.523673
0.7685,  0.502739
0.7690,  0.494599
0.7695,  0.484088
0.7700,  0.475316
0.7705,  0.466727
0.7710,  0.458082
0.7715,  0.452543
0.7720,  0.454887
0.7725,  0.448635
0.7730,  0.455621
0.7735,  0.458280
0.7740,  0.467912
0.7745,  0.464830
0.7750,  0.456776
0.7755,  0.452255
0.7760,  0.451635
0.7765,  0.449543
0.7770,  0.453013
0.7775,  0.459556
0.7780,  0.465815
0.7785,  0.462162
0.7790,  0.465622
0.7795,  0.475846
0.7800,  0.483342
0.7805,  0.486162
0.7810,  0.485478
0.7815,  0.475521
0.7820,  0.472111
0.7825,  0.469809
0.7830,  0.464895
0.7835,  0.465763
0.7840,  0.468012
0.7845,  0.471387
0.7850,  0.476176
0.7855,  0.479761
0.7860,  0.485028
0.7865,  0.496834
0.7870,  0.500529
0.7875,  0.502459
0.7880,  0.505941
0.7885,  0.509263
0.7890,  0.515147
0.7895,  0.523326
0.7900,  0.529824
0.7905,  0.534936
0.7910,  0.535035
0.7915,  0.539074
0.7920,  0.543246
0.7925,  0.538036
0.7930,  0.533030
0.7935,  0.529908
0.7940,  0.528336
0.7945,  0.531360
0.7950,  0.534641
0.7955,  0.538308
0.7960,  0.554444
0.7965,  0.564341
0.7970,  0.570527
0.7975,  0.571135
0.7980,  0.567814
0.7985,  0.574341
0.7990,  0.583268
0.7995,  0.590984
0.8000,  0.595215
0.8005,  0.598272
0.8010,  0.602912
0.8015,  0.607879
0.8020,  0.609830
0.8025,  0.615795
0.8030,  0.621362
0.8035,  0.621575
0.8040,  0.619352
0.8045,  0.612349
0.8050,  0.595181
0.8055,  0.586190
0.8060,  0.591405
0.8065,  0.592245
0.8070,  0.601046
0.8075,  0.610959
0.8080,  0.618441
0.8085,  0.616327
0.8090,  0.616977
0.8095,  0.622717
0.8100,  0.642407
0.8105,  0.651011
0.8110,  0.657046
0.8115,  0.668787
0.8120,  0.700126
0.8125,  0.745798
0.8130,  0.796633
0.8135,  0.854055
0.8140,  0.884295
0.8145,  0.913045
0.8150,  0.953211
0.8155,  0.973279
0.8160,  0.986004
0.8165,  1.007169
0.8170,  1.024333
0.8175,  1.029163
0.8180,  1.030839
0.8185,  1.014970
0.8190,  0.989587
0.8195,  0.971506
0.8200,  0.929915
0.8205,  0.896040
0.8210,  0.887463
0.8215,  0.911655
0.8220,  0.956463
0.8225,  1.017203
0.8230,  1.047946
0.8235,  1.032532
0.8240,  0.971071
0.8245,  0.923120
0.8250,  0.889788
0.8255,  0.858488
0.8260,  0.848030
0.8265,  0.856967
0.8270,  0.868513
0.8275,  0.905601
0.8280,  0.942611
0.8285,  0.961404
0.8290,  0.968016
0.8295,  0.972636
0.8300,  0.957879
0.8305,  0.945013
0.8310,  0.933401
0.8315,  0.923154
0.8320,  0.917984
0.8325,  0.922949
0.8330,  0.911374
0.8335,  0.901351
0.8340,  0.881378
0.8345,  0.864121
0.8350,  0.847357
0.8355,  0.837449
0.8360,  0.842722
0.8365,  0.859666
0.8370,  0.854583
0.8375,  0.846651
0.8380,  0.819881
0.8385,  0.801650
0.8390,  0.800157
0.8395,  0.799127
0.8400,  0.795261
0.8405,  0.802249
0.8410,  0.816561
0.8415,  0.830719
0.8420,  0.835848
0.8425,  0.823817
0.8430,  0.807073
0.8435,  0.807363
0.8440,  0.798842
0.8445,  0.795663
0.8450,  0.805267
0.8455,  0.825308
0.8460,  0.836523
0.8465,  0.830710
0.8470,  0.835197
0.8475,  0.829424
0.8480,  0.839939
0.8485,  0.836666
0.8490,  0.851076
0.8495,  0.879104
0.8500,  0.867605
0.8505,  0.875086
0.8510,  0.886898
0.8515,  0.901686
0.8520,  0.938951
0.8525,  0.963587
0.8530,  0.999835
0.8535,  1.044166
0.8540,  1.045764
0.8545,  1.040417
0.8550,  1.019060
0.8555,  1.005447
0.8560,  1.006094
0.8565,  0.983943
0.8570,  0.955837
0.8575,  0.962491
0.8580,  0.970700
0.8585,  0.966122
0.8590,  0.952814
0.8595,  0.964298
0.8600,  0.984183
0.8605,  1.003416
0.8610,  1.022678
0.8615,  1.023849
0.8620,  1.022752
0.8625,  1.007323
0.8630,  1.006753
0.8635,  1.040889
0.8640,  1.057281
0.8645,  1.048659
0.8650,  1.088073
0.8655,  1.141793
0.8660,  1.175396
0.8665,  1.218457
0.8670,  1.237535
0.8675,  1.267684
0.8680,  1.264444
0.8685,  1.265663
0.8690,  1.224326
0.8695,  1.202614
0.8700,  1.185864
0.8705,  1.149344
0.8710,  1.097580
0.8715,  1.120848
0.8720,  1.187336
0.8725,  1.234870
0.8730,  1.253831
0.8735,  1.271897
0.8740,  1.303470
0.8745,  1.322965
0.8750,  1.282440
0.8755,  1.267397
0.8760,  1.293466
0.8765,  1.358360
0.8770,  1.420335
0.8775,  1.463771
0.8780,  1.461915
0.8785,  1.475840
0.8790,  1.477668
0.8795,  1.511493
0.8800,  1.507549
0.8805,  1.491890
0.8810,  1.491513
0.8815,  1.486614
0.8820,  1.526531
0.8825,  1.562203
0.8830,  1.601729
0.8835,  1.689021
0.8840,  1.739005
0.8845,  1.834194
0.8850,  1.848709
0.8855,  1.881788
0.8860,  1.893901
0.8865,  1.832247
0.8870,  1.836649
0.8875,  1.836287
0.8880,  1.875511
0.8885,  1.874470
0.8890,  1.859140
0.8895,  1.941367
0.8900,  1.914476
