0.3500,  0.715506
0.3505,  0.766643
0.3510,  0.728031
0.3515,  0.684533
0.3520,  0.636244
0.3525,  0.577491
0.3530,  0.612135
0.3535,  0.642684
0.3540,  0.664285
0.3545,  0.696021
0.3550,  0.664204
0.3555,  0.649767
0.3560,  0.609631
0.3565,  0.582269
0.3570,  0.559394
0.3575,  0.545688
0.3580,  0.516993
0.3585,  0.462524
0.3590,  0.632311
0.3595,  0.769342
0.3600,  0.736944
0.3605,  0.703523
0.3610,  0.636514
0.3615,  0.570047
0.3620,  0.608359
0.3625,  0.647071
0.3630,  0.631415
0.3635,  0.625455
0.3640,  0.615784
0.3645,  0.593274
0.3650,  0.613223
0.3655,  0.638972
0.3660,  0.638348
0.3665,  0.633914
0.3670,  0.588234
0.3675,  0.553739
0.3680,  0.512510
0.3685,  0.467426
0.3690,  0.504945
0.3695,  0.545179
0.3700,  0.513406
0.3705,  0.481259
0.3710,  0.502911
0.3715,  0.524060
0.3720,  0.492792
0.3725,  0.464270
0.3730,  0.429931
0.3735,  0.391905
0.3740,  0.408365
0.3745,  0.419170
0.3750,  0.504468
0.3755,  0.570942
0.3760,  0.567368
0.3765,  0.554676
0.3770,  0.599813
0.3775,  0.635888
0.3780,  0.617497
0.3785,  0.610172
0.3790,  0.504734
0.3795,  0.391037
0.3800,  0.445264
0.3805,  0.510825
0.3810,  0.491170
0.3815,  0.477866
0.3820,  0.394127
0.3825,  0.295180
0.3830,  0.281811
0.3835,  0.255575
0.3840,  0.442175
0.3845,  0.582287
0.3850,  0.602664
0.3855,  0.618518
0.3860,  0.598890
0.3865,  0.576674
0.3870,  0.555372
0.3875,  0.534735
0.3880,  0.508401
0.3885,  0.476428
0.3890,  0.526052
0.3895,  0.560563
0.3900,  0.548471
0.3905,  0.538643
0.3910,  0.543495
0.3915,  0.568308
0.3920,  0.467709
0.3925,  0.366975
0.3930,  0.194395
0.3935,  -0.043941
0.3940,  0.275429
0.3945,  0.498974
0.3950,  0.612140
0.3955,  0.716303
0.3960,  0.545165
0.3965,  0.327980
0.3970,  0.346251
0.3975,  0.340821
0.3980,  0.529095
0.3985,  0.653681
0.3990,  0.625468
0.3995,  0.605332
0.4000,  0.553979
0.4005,  0.503280
0.4010,  0.475527
0.4015,  0.459275
0.4020,  0.435658
0.4025,  0.418609
0.4030,  0.388537
0.4035,  0.360870
0.4040,  0.350317
0.4045,  0.344489
0.4050,  0.339979
0.4055,  0.340225
0.4060,  0.326719
0.4065,  0.312906
0.4070,  0.328925
0.4075,  0.339804
0.4080,  0.368208
0.4085,  0.395174
0.4090,  0.382510
0.4095,  0.373629
0.4100,  0.325050
0.4105,  0.268247
0.4110,  0.340347
0.4115,  0.404249
0.4120,  0.387239
0.4125,  0.366904
0.4130,  0.348984
0.4135,  0.336011
0.4140,  0.327044
0.4145,  0.317786
0.4150,  0.315061
0.4155,  0.314233
0.4160,  0.337479
0.4165,  0.363235
0.4170,  0.321854
0.4175,  0.274884
0.4180,  0.280228
0.4185,  0.288785
0.4190,  0.292891
0.4195,  0.290797
0.4200,  0.304818
0.4205,  0.320410
0.4210,  0.328992
0.4215,  0.338655
0.4220,  0.290407
0.4225,  0.236834
0.4230,  0.274963
0.4235,  0.316396
0.4240,  0.332829
0.4245,  0.349735
0.4250,  0.333176
0.4255,  0.316514
0.4260,  0.316347
0.4265,  0.322052
0.4270,  0.291288
0.4275,  0.255784
0.4280,  0.266308
0.4285,  0.283826
0.4290,  0.267593
0.4295,  0.258955
0.4300,  0.178467
0.4305,  0.075235
0.4310,  0.279588
0.4315,  0.435403
0.4320,  0.409601
0.4325,  0.372217
0.4330,  0.373989
0.4335,  0.371702
0.4340,  0.334112
0.4345,  0.302786
0.4350,  0.305897
0.4355,  0.306966
0.4360,  0.345381
0.4365,  0.383430
0.4370,  0.347506
0.4375,  0.316620
0.4380,  0.262565
0.4385,  0.200088
0.4390,  0.268535
0.4395,  0.330528
0.4400,  0.299252
0.4405,  0.263922
0.4410,  0.307536
0.4415,  0.346875
0.4420,  0.347019
0.4425,  0.344621
0.4430,  0.316375
0.4435,  0.292606
0.4440,  0.303292
0.4445,  0.316688
0.4450,  0.280685
0.4455,  0.242816
0.4460,  0.258553
0.4465,  0.270404
0.4470,  0.305998
0.4475,  0.337619
0.4480,  0.309789
0.4485,  0.278052
0.4490,  0.280257
0.4495,  0.282592
0.4500,  0.298000
0.4505,  0.314591
0.4510,  0.306847
0.4515,  0.297103
0.4520,  0.261955
0.4525,  0.233604
0.4530,  0.247190
0.4535,  0.257834
0.4540,  0.264463
0.4545,  0.269507
0.4550,  0.281631
0.4555,  0.289308
0.4560,  0.294160
0.4565,  0.297232
0.4570,  0.297448
0.4575,  0.300140
0.4580,  0.271231
0.4585,  0.242117
0.4590,  0.250660
0.4595,  0.257129
0.4600,  0.262436
0.4605,  0.268819
0.4610,  0.270132
0.4615,  0.271517
0.4620,  0.280718
0.4625,  0.289046
0.4630,  0.271097
0.4635,  0.258117
0.4640,  0.248295
0.4645,  0.237958
0.4650,  0.259412
0.4655,  0.282115
0.4660,  0.256654
0.4665,  0.233662
0.4670,  0.260433
0.4675,  0.283763
0.4680,  0.280609
0.4685,  0.278984
0.4690,  0.278532
0.4695,  0.283063
0.4700,  0.260479
0.4705,  0.233834
0.4710,  0.263842
0.4715,  0.295099
0.4720,  0.296447
0.4725,  0.298019
0.4730,  0.287017
0.4735,  0.272882
0.4740,  0.281244
0.4745,  0.292325
0.4750,  0.282278
0.4755,  0.270970
0.4760,  0.254734
0.4765,  0.240776
0.4770,  0.266991
0.4775,  0.290189
0.4780,  0.270910
0.4785,  0.252536
0.4790,  0.265036
0.4795,  0.277964
0.4800,  0.268273
0.4805,  0.261486
0.4810,  0.273763
0.4815,  0.281940
0.4820,  0.265277
0.4825,  0.253246
0.4830,  0.253175
0.4835,  0.255580
0.4840,  0.251442
0.4845,  0.251065
0.4850,  0.231614
0.4855,  0.217336
0.4860,  0.186666
0.4865,  0.146326
0.4870,  0.207574
0.4875,  0.260288
0.4880,  0.276587
0.4885,  0.286588
0.4890,  0.284089
0.4895,  0.282135
0.4900,  0.280022
0.4905,  0.282624
0.4910,  0.254333
0.4915,  0.228084
0.4920,  0.229064
0.4925,  0.228332
0.4930,  0.225039
0.4935,  0.217461
0.4940,  0.249804
0.4945,  0.282651
0.4950,  0.249015
0.4955,  0.214707
0.4960,  0.232897
0.4965,  0.249410
0.4970,  0.249315
0.4975,  0.253352
0.4980,  0.220156
0.4985,  0.184943
0.4990,  0.211644
0.4995,  0.239050
0.5000,  0.218513
0.5005,  0.197230
0.5010,  0.191494
0.5015,  0.182645
0.5020,  0.203998
0.5025,  0.224985
0.5030,  0.234809
0.5035,  0.241977
0.5040,  0.224181
0.5045,  0.202807
0.5050,  0.224655
0.5055,  0.246428
0.5060,  0.233302
0.5065,  0.223248
0.5070,  0.211472
0.5075,  0.199725
0.5080,  0.202903
0.5085,  0.205860
0.5090,  0.204931
0.5095,  0.201551
0.5100,  0.205837
0.5105,  0.210649
0.5110,  0.220370
0.5115,  0.230574
0.5120,  0.203103
0.5125,  0.177190
0.5130,  0.179725
0.5135,  0.181710
0.5140,  0.188772
0.5145,  0.194847
0.5150,  0.203307
0.5155,  0.217841
0.5160,  0.175929
0.5165,  0.133490
0.5170,  0.162338
0.5175,  0.187410
0.5180,  0.172174
0.5185,  0.148948
0.5190,  0.187307
0.5195,  0.222531
0.5200,  0.212624
0.5205,  0.204548
0.5210,  0.215317
0.5215,  0.226576
0.5220,  0.202504
0.5225,  0.178577
0.5230,  0.192313
0.5235,  0.202247
0.5240,  0.209884
0.5245,  0.219605
0.5250,  0.211075
0.5255,  0.207644
0.5260,  0.155769
0.5265,  0.101489
0.5270,  0.148780
0.5275,  0.187772
0.5280,  0.199069
0.5285,  0.207515
0.5290,  0.204593
0.5295,  0.200284
0.5300,  0.200018
0.5305,  0.201734
0.5310,  0.201177
0.5315,  0.204433
0.5320,  0.164436
0.5325,  0.123010
0.5330,  0.166201
0.5335,  0.204734
0.5340,  0.187051
0.5345,  0.167418
0.5350,  0.194823
0.5355,  0.221863
0.5360,  0.193153
0.5365,  0.166403
0.5370,  0.172259
0.5375,  0.176970
0.5380,  0.182940
0.5385,  0.189284
0.5390,  0.176274
0.5395,  0.164988
0.5400,  0.154268
0.5405,  0.143603
0.5410,  0.174002
0.5415,  0.202110
0.5420,  0.188882
0.5425,  0.174897
0.5430,  0.186444
0.5435,  0.194652
0.5440,  0.189630
0.5445,  0.186806
0.5450,  0.190583
0.5455,  0.193726
0.5460,  0.187808
0.5465,  0.184758
0.5470,  0.176237
0.5475,  0.167176
0.5480,  0.175738
0.5485,  0.182681
0.5490,  0.189095
0.5495,  0.195380
0.5500,  0.187292
0.5505,  0.180591
0.5510,  0.183093
0.5515,  0.183902
0.5520,  0.180115
0.5525,  0.174802
0.5530,  0.183507
0.5535,  0.192670
0.5540,  0.196745
0.5545,  0.198778
0.5550,  0.198541
0.5555,  0.198911
0.5560,  0.183996
0.5565,  0.170619
0.5570,  0.179887
0.5575,  0.189808
0.5580,  0.181257
0.5585,  0.172018
0.5590,  0.179625
0.5595,  0.186648
0.5600,  0.193195
0.5605,  0.198391
0.5610,  0.192334
0.5615,  0.185912
0.5620,  0.189293
0.5625,  0.194831
0.5630,  0.198213
0.5635,  0.201038
0.5640,  0.200616
0.5645,  0.201841
0.5650,  0.192769
0.5655,  0.181425
0.5660,  0.188811
0.5665,  0.196062
0.5670,  0.208964
0.5675,  0.221442
0.5680,  0.203597
0.5685,  0.188058
0.5690,  0.204697
0.5695,  0.221537
0.5700,  0.203471
0.5705,  0.183564
0.5710,  0.195609
0.5715,  0.202075
0.5720,  0.210375
0.5725,  0.219544
0.5730,  0.210839
0.5735,  0.206214
0.5740,  0.205699
0.5745,  0.206204
0.5750,  0.199597
0.5755,  0.189486
0.5760,  0.191704
0.5765,  0.194452
0.5770,  0.198968
0.5775,  0.205459
0.5780,  0.189735
0.5785,  0.173095
0.5790,  0.184834
0.5795,  0.192595
0.5800,  0.193140
0.5805,  0.194478
0.5810,  0.195397
0.5815,  0.197259
0.5820,  0.199843
0.5825,  0.204363
0.5830,  0.198285
0.5835,  0.194752
0.5840,  0.195465
0.5845,  0.199413
0.5850,  0.183879
0.5855,  0.168225
0.5860,  0.183639
0.5865,  0.199736
0.5870,  0.209417
0.5875,  0.222857
0.5880,  0.213962
0.5885,  0.205303
0.5890,  0.183927
0.5895,  0.155410
0.5900,  0.212825
0.5905,  0.261342
0.5910,  0.249221
0.5915,  0.235268
0.5920,  0.234804
0.5925,  0.236005
0.5930,  0.230739
0.5935,  0.229492
0.5940,  0.226847
0.5945,  0.222075
0.5950,  0.225525
0.5955,  0.226512
0.5960,  0.227694
0.5965,  0.230509
0.5970,  0.222650
0.5975,  0.214893
0.5980,  0.209955
0.5985,  0.206694
0.5990,  0.212476
0.5995,  0.219891
0.6000,  0.215824
0.6005,  0.212558
0.6010,  0.214854
0.6015,  0.213459
0.6020,  0.201188
0.6025,  0.189146
0.6030,  0.203223
0.6035,  0.218754
0.6040,  0.214854
0.6045,  0.215425
0.6050,  0.217496
0.6055,  0.216203
0.6060,  0.214969
0.6065,  0.212660
0.6070,  0.211005
0.6075,  0.211068
0.6080,  0.209207
0.6085,  0.210066
0.6090,  0.216682
0.6095,  0.222611
0.6100,  0.213678
0.6105,  0.204968
0.6110,  0.216644
0.6115,  0.227008
0.6120,  0.216609
0.6125,  0.206961
0.6130,  0.204581
0.6135,  0.201584
0.6140,  0.212032
0.6145,  0.223603
0.6150,  0.227743
0.6155,  0.232424
0.6160,  0.208189
0.6165,  0.180072
0.6170,  0.203812
0.6175,  0.227452
0.6180,  0.231659
0.6185,  0.234801
0.6190,  0.230341
0.6195,  0.224966
0.6200,  0.231043
0.6205,  0.236457
0.6210,  0.223627
0.6215,  0.213241
0.6220,  0.221587
0.6225,  0.232432
0.6230,  0.224187
0.6235,  0.221302
0.6240,  0.227854
0.6245,  0.232096
0.6250,  0.229852
0.6255,  0.224935
0.6260,  0.239247
0.6265,  0.252077
0.6270,  0.250722
0.6275,  0.252519
0.6280,  0.256325
0.6285,  0.261853
0.6290,  0.263127
0.6295,  0.263156
0.6300,  0.262300
0.6305,  0.257913
0.6310,  0.252446
0.6315,  0.249180
0.6320,  0.244368
0.6325,  0.239913
0.6330,  0.239767
0.6335,  0.239371
0.6340,  0.242630
0.6345,  0.248162
0.6350,  0.254743
0.6355,  0.257166
0.6360,  0.258645
0.6365,  0.254988
0.6370,  0.248756
0.6375,  0.241575
0.6380,  0.236918
0.6385,  0.234748
0.6390,  0.234201
0.6395,  0.236064
0.6400,  0.236151
0.6405,  0.237482
0.6410,  0.238828
0.6415,  0.244964
0.6420,  0.246569
0.6425,  0.243797
0.6430,  0.242227
0.6435,  0.242185
0.6440,  0.241985
0.6445,  0.245421
0.6450,  0.251327
0.6455,  0.254960
0.6460,  0.260819
0.6465,  0.266674
0.6470,  0.271783
0.6475,  0.273335
0.6480,  0.276256
0.6485,  0.274390
0.6490,  0.268513
0.6495,  0.269986
0.6500,  0.267520
0.6505,  0.268225
0.6510,  0.272211
0.6515,  0.268333
0.6520,  0.267252
0.6525,  0.267730
0.6530,  0.267632
0.6535,  0.259232
0.6540,  0.254450
0.6545,  0.252256
0.6550,  0.259406
0.6555,  0.258777
0.6560,  0.251180
0.6565,  0.235635
0.6570,  0.206324
0.6575,  0.218485
0.6580,  0.231151
0.6585,  0.243973
0.6590,  0.256455
0.6595,  0.253190
0.6600,  0.249880
0.6605,  0.245532
0.6610,  0.241157
0.6615,  0.234635
0.6620,  0.229815
0.6625,  0.230147
0.6630,  0.234778
0.6635,  0.237830
0.6640,  0.241132
0.6645,  0.245260
0.6650,  0.246851
0.6655,  0.245108
0.6660,  0.243189
0.6665,  0.238209
0.6670,  0.233874
0.6675,  0.237341
0.6680,  0.232759
0.6685,  0.229194
0.6690,  0.227275
0.6695,  0.223774
0.6700,  0.222768
0.6705,  0.229694
0.6710,  0.236073
0.6715,  0.243291
0.6720,  0.247179
0.6725,  0.248209
0.6730,  0.244032
0.6735,  0.236191
0.6740,  0.229878
0.6745,  0.224740
0.6750,  0.222902
0.6755,  0.225615
0.6760,  0.230328
0.6765,  0.237325
0.6770,  0.240842
0.6775,  0.244620
0.6780,  0.247914
0.6785,  0.251316
0.6790,  0.251140
0.6795,  0.249852
0.6800,  0.246599
0.6805,  0.242154
0.6810,  0.240264
0.6815,  0.238931
0.6820,  0.243900
0.6825,  0.249434
0.6830,  0.256243
0.6835,  0.263835
0.6840,  0.265592
0.6845,  0.266117
0.6850,  0.266109
0.6855,  0.278162
0.6860,  0.304190
0.6865,  0.336818
0.6870,  0.371624
0.6875,  0.391447
0.6880,  0.404047
0.6885,  0.404839
0.6890,  0.401401
0.6895,  0.398877
0.6900,  0.390890
0.6905,  0.381230
0.6910,  0.371209
0.6915,  0.364253
0.6920,  0.360615
0.6925,  0.358263
0.6930,  0.360261
0.6935,  0.358905
0.6940,  0.357905
0.6945,  0.360272
0.6950,  0.357765
0.6955,  0.350856
0.6960,  0.340556
0.6965,  0.332139
0.6970,  0.326943
0.6975,  0.333105
0.6980,  0.343628
0.6985,  0.353566
0.6990,  0.359230
0.6995,  0.357153
0.7000,  0.349648
0.7005,  0.346615
0.7010,  0.346121
0.7015,  0.351320
0.7020,  0.352936
0.7025,  0.353349
0.7030,  0.348098
0.7035,  0.348031
0.7040,  0.352208
0.7045,  0.356201
0.7050,  0.359037
0.7055,  0.359653
0.7060,  0.358750
0.7065,  0.350317
0.7070,  0.346457
0.7075,  0.340205
0.7080,  0.333701
0.7085,  0.325313
0.7090,  0.316096
0.7095,  0.311134
0.7100,  0.314831
0.7105,  0.315234
0.7110,  0.322212
0.7115,  0.325283
0.7120,  0.329392
0.7125,  0.335585
0.7130,  0.338810
0.7135,  0.342518
0.7140,  0.345858
0.7145,  0.346734
0.7150,  0.350144
0.7155,  0.357715
0.7160,  0.383496
0.7165,  0.417380
0.7170,  0.464246
0.7175,  0.514208
0.7180,  0.563398
0.7185,  0.604226
0.7190,  0.638747
0.7195,  0.660582
0.7200,  0.658906
0.7205,  0.632123
0.7210,  0.588033
0.7215,  0.544587
0.7220,  0.516191
0.7225,  0.509069
0.7230,  0.525917
0.7235,  0.552395
0.7240,  0.578135
0.7245,  0.599094
0.7250,  0.611729
0.7255,  0.616742
0.7260,  0.612201
0.7265,  0.603848
0.7270,  0.600594
0.7275,  0.592160
0.7280,  0.587504
0.7285,  0.583878
0.7290,  0.584148
0.7295,  0.587152
0.7300,  0.588091
0.7305,  0.588034
0.7310,  0.572632
0.7315,  0.548707
0.7320,  0.523441
0.7325,  0.494559
0.7330,  0.468149
0.7335,  0.449341
0.7340,  0.435370
0.7345,  0.427731
0.7350,  0.420832
0.7355,  0.418854
0.7360,  0.426063
0.7365,  0.433429
0.7370,  0.433368
0.7375,  0.423441
0.7380,  0.409698
0.7385,  0.402444
0.7390,  0.388764
0.7395,  0.381274
0.7400,  0.378788
0.7405,  0.377701
0.7410,  0.372270
0.7415,  0.380806
0.7420,  0.383617
0.7425,  0.384284
0.7430,  0.384157
0.7435,  0.382793
0.7440,  0.377516
0.7445,  0.368189
0.7450,  0.365049
0.7455,  0.368859
0.7460,  0.368173
0.7465,  0.368858
0.7470,  0.370419
0.7475,  0.368849
0.7480,  0.369031
0.7485,  0.370527
0.7490,  0.377237
0.7495,  0.383749
0.7500,  0.387571
0.7505,  0.388502
0.7510,  0.384861
0.7515,  0.379511
0.7520,  0.379429
0.7525,  0.375311
0.7530,  0.377347
0.7535,  0.383201
0.7540,  0.388740
0.7545,  0.387768
0.7550,  0.390300
0.7555,  0.389083
0.7560,  0.384163
0.7565,  0.380246
0.7570,  0.378990
0.7575,  0.387229
0.7580,  0.415753
0.7585,  0.474777
0.7590,  0.583460
0.7595,  0.750553
0.7600,  0.975938
0.7605,  1.181144
0.7610,  1.294324
0.7615,  1.318724
0.7620,  1.294862
0.7625,  1.266602
0.7630,  1.241914
0.7635,  1.192089
0.7640,  1.125959
0.7645,  1.042961
0.7650,  0.947491
0.7655,  0.859428
0.7660,  0.772752
0.7665,  0.693483
0.7670,  0.632822
0.7675,  0.585717
0.7680,  0.548511
0.7685,  0.520684
0.7690,  0.501626
0.7695,  0.477123
0.7700,  0.462558
0.7705,  0.452094
0.7710,  0.441368
0.7715,  0.441761
0.7720,  0.439807
0.7725,  0.429822
0.7730,  0.427376
0.7735,  0.426026
0.7740,  0.425713
0.7745,  0.422213
0.7750,  0.418774
0.7755,  0.425119
0.7760,  0.431939
0.7765,  0.436945
0.7770,  0.435869
0.7775,  0.430245
0.7780,  0.429386
0.7785,  0.432540
0.7790,  0.424468
0.7795,  0.437589
0.7800,  0.446429
0.7805,  0.449996
0.7810,  0.445163
0.7815,  0.444652
0.7820,  0.435462
0.7825,  0.423348
0.7830,  0.424247
0.7835,  0.438213
0.7840,  0.440665
0.7845,  0.445088
0.7850,  0.446051
0.7855,  0.453471
0.7860,  0.461003
0.7865,  0.475249
0.7870,  0.482283
0.7875,  0.487600
0.7880,  0.495785
0.7885,  0.500307
0.7890,  0.497804
0.7895,  0.492268
0.7900,  0.488789
0.7905,  0.492620
0.7910,  0.498991
0.7915,  0.510685
0.7920,  0.515477
0.7925,  0.516566
0.7930,  0.508342
0.7935,  0.510174
0.7940,  0.504019
0.7945,  0.498290
0.7950,  0.501598
0.7955,  0.512122
0.7960,  0.519853
0.7965,  0.526980
0.7970,  0.533584
0.7975,  0.530621
0.7980,  0.530576
0.7985,  0.536820
0.7990,  0.532930
0.7995,  0.541353
0.8000,  0.542147
0.8005,  0.538279
0.8010,  0.539724
0.8015,  0.530958
0.8020,  0.525729
0.8025,  0.536444
0.8030,  0.551888
0.8035,  0.563792
0.8040,  0.573496
0.8045,  0.573616
0.8050,  0.563314
0.8055,  0.549893
0.8060,  0.539450
0.8065,  0.529547
0.8070,  0.522936
0.8075,  0.523120
0.8080,  0.533151
0.8085,  0.542008
0.8090,  0.560859
0.8095,  0.569318
0.8100,  0.580040
0.8105,  0.587422
0.8110,  0.600046
0.8115,  0.625798
0.8120,  0.645833
0.8125,  0.677360
0.8130,  0.723513
0.8135,  0.765366
0.8140,  0.805005
0.8145,  0.844194
0.8150,  0.884221
0.8155,  0.927667
0.8160,  0.971942
0.8165,  1.012570
0.8170,  1.021424
0.8175,  1.009487
0.8180,  0.998204
0.8185,  0.974487
0.8190,  0.949147
0.8195,  0.925670
0.8200,  0.900898
0.8205,  0.854068
0.8210,  0.836235
0.8215,  0.840778
0.8220,  0.898461
0.8225,  0.985111
0.8230,  1.035949
0.8235,  1.022447
0.8240,  0.971843
0.8245,  0.884447
0.8250,  0.826618
0.8255,  0.810884
0.8260,  0.786759
0.8265,  0.757203
0.8270,  0.764890
0.8275,  0.787436
0.8280,  0.817441
0.8285,  0.860048
0.8290,  0.879648
0.8295,  0.889532
0.8300,  0.882588
0.8305,  0.874378
0.8310,  0.861559
0.8315,  0.841398
0.8320,  0.831943
0.8325,  0.815572
0.8330,  0.795682
0.8335,  0.798456
0.8340,  0.796321
0.8345,  0.799456
0.8350,  0.800158
0.8355,  0.790496
0.8360,  0.775664
0.8365,  0.738792
0.8370,  0.719702
0.8375,  0.705984
0.8380,  0.693265
0.8385,  0.690858
0.8390,  0.703100
0.8395,  0.699860
0.8400,  0.694259
0.8405,  0.692825
0.8410,  0.701315
0.8415,  0.686699
0.8420,  0.680252
0.8425,  0.669767
0.8430,  0.656347
0.8435,  0.653083
0.8440,  0.663576
0.8445,  0.669703
0.8450,  0.680189
0.8455,  0.699594
0.8460,  0.703177
0.8465,  0.691232
0.8470,  0.690139
0.8475,  0.697846
0.8480,  0.728100
0.8485,  0.708538
0.8490,  0.685199
0.8495,  0.685790
0.8500,  0.677727
0.8505,  0.708495
0.8510,  0.746748
0.8515,  0.750797
0.8520,  0.782555
0.8525,  0.801620
0.8530,  0.800303
0.8535,  0.774690
0.8540,  0.760266
0.8545,  0.772081
0.8550,  0.799628
0.8555,  0.793139
0.8560,  0.824035
0.8565,  0.805916
0.8570,  0.804291
0.8575,  0.788356
0.8580,  0.772594
0.8585,  0.787968
0.8590,  0.805659
0.8595,  0.799659
0.8600,  0.779517
0.8605,  0.784353
0.8610,  0.766023
0.8615,  0.757841
0.8620,  0.768831
0.8625,  0.754721
0.8630,  0.762426
0.8635,  0.795600
0.8640,  0.815457
0.8645,  0.824897
0.8650,  0.839405
0.8655,  0.843438
0.8660,  0.843407
0.8665,  0.854174
0.8670,  0.868385
0.8675,  0.861622
0.8680,  0.891517
0.8685,  0.909316
0.8690,  0.942652
0.8695,  0.945543
0.8700,  0.942626
0.8705,  0.893484
0.8710,  0.870120
0.8715,  0.849823
0.8720,  0.844235
0.8725,  0.851181
0.8730,  0.899802
0.8735,  0.917757
0.8740,  0.934788
0.8745,  0.934130
0.8750,  0.963661
0.8755,  0.962947
0.8760,  0.980046
0.8765,  1.016864
0.8770,  1.003152
0.8775,  0.996136
0.8780,  0.989360
0.8785,  0.946832
0.8790,  0.933667
0.8795,  0.942990
0.8800,  0.957505
0.8805,  0.989643
0.8810,  1.016036
0.8815,  1.045822
0.8820,  1.101647
0.8825,  1.119684
0.8830,  1.107667
0.8835,  1.109879
0.8840,  1.088321
0.8845,  1.042564
0.8850,  1.017051
0.8855,  0.995916
0.8860,  1.023761
0.8865,  1.083841
0.8870,  1.147693
0.8875,  1.172000
0.8880,  1.142263
0.8885,  1.110196
0.8890,  1.070672
0.8895,  1.067128
0.8900,  1.077573
