0.3500,  -0.016504
0.3505,  0.033451
0.3510,  0.011444
0.3515,  -0.011181
0.3520,  -0.034586
0.3525,  -0.066718
0.3530,  -0.032186
0.3535,  0.000778
0.3540,  0.018791
0.3545,  0.037699
0.3550,  0.019977
0.3555,  0.009367
0.3560,  -0.018148
0.3565,  -0.045886
0.3570,  -0.070641
0.3575,  -0.099851
0.3580,  -0.136266
0.3585,  -0.183869
0.3590,  -0.048545
0.3595,  0.060756
0.3600,  0.045238
0.3605,  0.029828
0.3610,  -0.011754
0.3615,  -0.056701
0.3620,  -0.019460
0.3625,  0.013103
0.3630,  0.001028
0.3635,  -0.008199
0.3640,  -0.013292
0.3645,  -0.023199
0.3650,  0.007701
0.3655,  0.038927
0.3660,  0.051412
0.3665,  0.061710
0.3670,  0.039549
0.3675,  0.018989
0.3680,  -0.009683
0.3685,  -0.036029
0.3690,  0.001623
0.3695,  0.036836
0.3700,  0.012300
0.3705,  -0.011604
0.3710,  0.004779
0.3715,  0.023786
0.3720,  -0.001092
0.3725,  -0.022869
0.3730,  -0.048548
0.3735,  -0.079065
0.3740,  -0.070838
0.3745,  -0.067700
0.3750,  -0.003083
0.3755,  0.048978
0.3760,  0.040872
0.3765,  0.024782
0.3770,  0.060041
0.3775,  0.093695
0.3780,  0.089949
0.3785,  0.094592
0.3790,  0.021714
0.3795,  -0.057785
0.3800,  -0.009842
0.3805,  0.041290
0.3810,  0.022976
0.3815,  0.009780
0.3820,  -0.057766
0.3825,  -0.141497
0.3830,  -0.165654
0.3835,  -0.203393
0.3840,  -0.073220
0.3845,  0.028195
0.3850,  0.037260
0.3855,  0.046349
0.3860,  0.036530
0.3865,  0.029988
0.3870,  0.026162
0.3875,  0.018307
0.3880,  -0.000272
0.3885,  -0.021706
0.3890,  0.026275
0.3895,  0.064834
0.3900,  0.065471
0.3905,  0.066201
0.3910,  0.080945
0.3915,  0.108773
0.3920,  0.036259
0.3925,  -0.038100
0.3930,  -0.176109
0.3935,  -0.377454
0.3940,  -0.145901
0.3945,  0.018602
0.3950,  0.101548
0.3955,  0.181009
0.3960,  0.051839
0.3965,  -0.113642
0.3970,  -0.099061
0.3975,  -0.101946
0.3980,  0.053162
0.3985,  0.159405
0.3990,  0.143952
0.3995,  0.136066
0.4000,  0.111164
0.4005,  0.089371
0.4010,  0.080922
0.4015,  0.077495
0.4020,  0.066231
0.4025,  0.061594
0.4030,  0.044232
0.4035,  0.026416
0.4040,  0.023210
0.4045,  0.022845
0.4050,  0.021532
0.4055,  0.021448
0.4060,  0.009784
0.4065,  -0.002042
0.4070,  0.007904
0.4075,  0.014433
0.4080,  0.035287
0.4085,  0.056851
0.4090,  0.052745
0.4095,  0.050725
0.4100,  0.015424
0.4105,  -0.028282
0.4110,  0.025070
0.4115,  0.073886
0.4120,  0.059894
0.4125,  0.046741
0.4130,  0.035869
0.4135,  0.028033
0.4140,  0.022958
0.4145,  0.017939
0.4150,  0.016343
0.4155,  0.014624
0.4160,  0.035322
0.4165,  0.057015
0.4170,  0.025082
0.4175,  -0.008962
0.4180,  -0.003406
0.4185,  0.004155
0.4190,  0.009974
0.4195,  0.011328
0.4200,  0.023291
0.4205,  0.034637
0.4210,  0.040717
0.4215,  0.050729
0.4220,  0.012498
0.4225,  -0.030189
0.4230,  -0.000937
0.4235,  0.025740
0.4240,  0.035513
0.4245,  0.046864
0.4250,  0.034883
0.4255,  0.023706
0.4260,  0.028788
0.4265,  0.037043
0.4270,  0.012906
0.4275,  -0.010329
0.4280,  0.000882
0.4285,  0.014761
0.4290,  0.002704
0.4295,  -0.005280
0.4300,  -0.073344
0.4305,  -0.159887
0.4310,  -0.006123
0.4315,  0.106009
0.4320,  0.082414
0.4325,  0.055469
0.4330,  0.059354
0.4335,  0.063969
0.4340,  0.044032
0.4345,  0.023721
0.4350,  0.026020
0.4355,  0.025122
0.4360,  0.055298
0.4365,  0.087459
0.4370,  0.064325
0.4375,  0.045308
0.4380,  0.005586
0.4385,  -0.041338
0.4390,  0.013164
0.4395,  0.061419
0.4400,  0.037865
0.4405,  0.010965
0.4410,  0.043551
0.4415,  0.072251
0.4420,  0.071665
0.4425,  0.071460
0.4430,  0.053009
0.4435,  0.036435
0.4440,  0.046254
0.4445,  0.059307
0.4450,  0.034007
0.4455,  0.005981
0.4460,  0.017222
0.4465,  0.026043
0.4470,  0.052848
0.4475,  0.078039
0.4480,  0.057344
0.4485,  0.033997
0.4490,  0.037816
0.4495,  0.039924
0.4500,  0.053783
0.4505,  0.068157
0.4510,  0.060930
0.4515,  0.055523
0.4520,  0.032230
0.4525,  0.010868
0.4530,  0.020447
0.4535,  0.030625
0.4540,  0.036731
0.4545,  0.038013
0.4550,  0.044423
0.4555,  0.051290
0.4560,  0.055038
0.4565,  0.058739
0.4570,  0.061618
0.4575,  0.066548
0.4580,  0.046595
0.4585,  0.026293
0.4590,  0.033894
0.4595,  0.037996
0.4600,  0.041093
0.4605,  0.045717
0.4610,  0.047223
0.4615,  0.046488
0.4620,  0.053592
0.4625,  0.061642
0.4630,  0.050461
0.4635,  0.042868
0.4640,  0.036155
0.4645,  0.029932
0.4650,  0.046684
0.4655,  0.064136
0.4660,  0.045739
0.4665,  0.027152
0.4670,  0.046142
0.4675,  0.062178
0.4680,  0.056758
0.4685,  0.055544
0.4690,  0.059356
0.4695,  0.063753
0.4700,  0.047879
0.4705,  0.027444
0.4710,  0.052360
0.4715,  0.075744
0.4720,  0.073965
0.4725,  0.074299
0.4730,  0.067583
0.4735,  0.059542
0.4740,  0.067826
0.4745,  0.076522
0.4750,  0.070565
0.4755,  0.065210
0.4760,  0.056013
0.4765,  0.046807
0.4770,  0.066930
0.4775,  0.084541
0.4780,  0.070319
0.4785,  0.057223
0.4790,  0.068512
0.4795,  0.078082
0.4800,  0.070058
0.4805,  0.063660
0.4810,  0.073632
0.4815,  0.083726
0.4820,  0.073623
0.4825,  0.066595
0.4830,  0.069750
0.4835,  0.073569
0.4840,  0.072856
0.4845,  0.076981
0.4850,  0.067620
0.4855,  0.059539
0.4860,  0.032458
0.4865,  -0.006021
0.4870,  0.034788
0.4875,  0.069698
0.4880,  0.078568
0.4885,  0.086529
0.4890,  0.086887
0.4895,  0.087980
0.4900,  0.090630
0.4905,  0.096812
0.4910,  0.077832
0.4915,  0.059673
0.4920,  0.061259
0.4925,  0.060425
0.4930,  0.056681
0.4935,  0.050552
0.4940,  0.077744
0.4945,  0.103911
0.4950,  0.077736
0.4955,  0.051608
0.4960,  0.067375
0.4965,  0.083217
0.4970,  0.086482
0.4975,  0.091304
0.4980,  0.067434
0.4985,  0.040888
0.4990,  0.062305
0.4995,  0.084018
0.5000,  0.067693
0.5005,  0.051222
0.5010,  0.046970
0.5015,  0.040260
0.5020,  0.055805
0.5025,  0.071007
0.5030,  0.078343
0.5035,  0.084783
0.5040,  0.072435
0.5045,  0.056419
0.5050,  0.072687
0.5055,  0.089701
0.5060,  0.080074
0.5065,  0.072699
0.5070,  0.065234
0.5075,  0.058329
0.5080,  0.062103
0.5085,  0.063979
0.5090,  0.062684
0.5095,  0.061093
0.5100,  0.065796
0.5105,  0.070255
0.5110,  0.078696
0.5115,  0.087369
0.5120,  0.066164
0.5125,  0.046792
0.5130,  0.051083
0.5135,  0.052947
0.5140,  0.058440
0.5145,  0.062069
0.5150,  0.070176
0.5155,  0.083507
0.5160,  0.053344
0.5165,  0.020922
0.5170,  0.042851
0.5175,  0.060032
0.5180,  0.046467
0.5185,  0.026143
0.5190,  0.053698
0.5195,  0.079928
0.5200,  0.071800
0.5205,  0.064310
0.5210,  0.072271
0.5215,  0.082079
0.5220,  0.064893
0.5225,  0.047618
0.5230,  0.057970
0.5235,  0.066102
0.5240,  0.073153
0.5245,  0.083570
0.5250,  0.082235
0.5255,  0.084053
0.5260,  0.043989
0.5265,  -0.001513
0.5270,  0.030834
0.5275,  0.056369
0.5280,  0.061755
0.5285,  0.066602
0.5290,  0.064263
0.5295,  0.063027
0.5300,  0.065993
0.5305,  0.070029
0.5310,  0.072546
0.5315,  0.078900
0.5320,  0.049125
0.5325,  0.014927
0.5330,  0.047206
0.5335,  0.075599
0.5340,  0.060171
0.5345,  0.043641
0.5350,  0.064979
0.5355,  0.088044
0.5360,  0.069156
0.5365,  0.049704
0.5370,  0.052549
0.5375,  0.055387
0.5380,  0.061176
0.5385,  0.067960
0.5390,  0.059324
0.5395,  0.051044
0.5400,  0.043243
0.5405,  0.033030
0.5410,  0.054332
0.5415,  0.074185
0.5420,  0.062323
0.5425,  0.050159
0.5430,  0.059095
0.5435,  0.067495
0.5440,  0.066886
0.5445,  0.066278
0.5450,  0.070440
0.5455,  0.073364
0.5460,  0.071272
0.5465,  0.068818
0.5470,  0.061145
0.5475,  0.052194
0.5480,  0.057050
0.5485,  0.060940
0.5490,  0.065599
0.5495,  0.070018
0.5500,  0.062813
0.5505,  0.057164
0.5510,  0.059866
0.5515,  0.062371
0.5520,  0.058641
0.5525,  0.054445
0.5530,  0.060659
0.5535,  0.066326
0.5540,  0.068478
0.5545,  0.070571
0.5550,  0.073080
0.5555,  0.077727
0.5560,  0.067733
0.5565,  0.056930
0.5570,  0.064314
0.5575,  0.072166
0.5580,  0.063890
0.5585,  0.055888
0.5590,  0.060675
0.5595,  0.064742
0.5600,  0.069738
0.5605,  0.073410
0.5610,  0.068520
0.5615,  0.064057
0.5620,  0.068158
0.5625,  0.072863
0.5630,  0.076034
0.5635,  0.079200
0.5640,  0.079862
0.5645,  0.080822
0.5650,  0.071807
0.5655,  0.062680
0.5660,  0.067115
0.5665,  0.071751
0.5670,  0.081890
0.5675,  0.092994
0.5680,  0.080246
0.5685,  0.067592
0.5690,  0.079241
0.5695,  0.091012
0.5700,  0.076317
0.5705,  0.058064
0.5710,  0.066115
0.5715,  0.071599
0.5720,  0.080095
0.5725,  0.089552
0.5730,  0.085211
0.5735,  0.081928
0.5740,  0.081742
0.5745,  0.082626
0.5750,  0.076664
0.5755,  0.068729
0.5760,  0.071187
0.5765,  0.074315
0.5770,  0.077166
0.5775,  0.080303
0.5780,  0.067075
0.5785,  0.053020
0.5790,  0.061546
0.5795,  0.068065
0.5800,  0.067929
0.5805,  0.067820
0.5810,  0.068037
0.5815,  0.068206
0.5820,  0.069603
0.5825,  0.070277
0.5830,  0.067774
0.5835,  0.067019
0.5840,  0.068747
0.5845,  0.072821
0.5850,  0.062950
0.5855,  0.051679
0.5860,  0.063048
0.5865,  0.074303
0.5870,  0.083477
0.5875,  0.097547
0.5880,  0.092273
0.5885,  0.084048
0.5890,  0.060794
0.5895,  0.032115
0.5900,  0.072857
0.5905,  0.110390
0.5910,  0.102648
0.5915,  0.093551
0.5920,  0.092846
0.5925,  0.093010
0.5930,  0.088701
0.5935,  0.088464
0.5940,  0.086372
0.5945,  0.082991
0.5950,  0.085356
0.5955,  0.085843
0.5960,  0.088312
0.5965,  0.091814
0.5970,  0.085373
0.5975,  0.080909
0.5980,  0.077157
0.5985,  0.074786
0.5990,  0.080976
0.5995,  0.086651
0.6000,  0.082302
0.6005,  0.078603
0.6010,  0.079210
0.6015,  0.077178
0.6020,  0.066675
0.6025,  0.055988
0.6030,  0.066030
0.6035,  0.078456
0.6040,  0.078004
0.6045,  0.079546
0.6050,  0.081105
0.6055,  0.079498
0.6060,  0.078063
0.6065,  0.076629
0.6070,  0.075093
0.6075,  0.074810
0.6080,  0.074639
0.6085,  0.075122
0.6090,  0.079234
0.6095,  0.083010
0.6100,  0.076068
0.6105,  0.067682
0.6110,  0.076564
0.6115,  0.086564
0.6120,  0.080540
0.6125,  0.074681
0.6130,  0.073028
0.6135,  0.069491
0.6140,  0.076732
0.6145,  0.086100
0.6150,  0.091676
0.6155,  0.094763
0.6160,  0.072689
0.6165,  0.047779
0.6170,  0.066060
0.6175,  0.084364
0.6180,  0.088405
0.6185,  0.093731
0.6190,  0.091616
0.6195,  0.087188
0.6200,  0.092694
0.6205,  0.099185
0.6210,  0.089591
0.6215,  0.077752
0.6220,  0.083099
0.6225,  0.090392
0.6230,  0.085029
0.6235,  0.082038
0.6240,  0.087081
0.6245,  0.089495
0.6250,  0.084799
0.6255,  0.078347
0.6260,  0.089554
0.6265,  0.102263
0.6270,  0.103515
0.6275,  0.104339
0.6280,  0.108009
0.6285,  0.112020
0.6290,  0.112512
0.6295,  0.112515
0.6300,  0.110350
0.6305,  0.105718
0.6310,  0.100386
0.6315,  0.097558
0.6320,  0.093181
0.6325,  0.090680
0.6330,  0.090668
0.6335,  0.091690
0.6340,  0.094274
0.6345,  0.096592
0.6350,  0.098318
0.6355,  0.098817
0.6360,  0.097150
0.6365,  0.092579
0.6370,  0.088571
0.6375,  0.086981
0.6380,  0.087792
0.6385,  0.089032
0.6390,  0.091080
0.6395,  0.091621
0.6400,  0.091134
0.6405,  0.088560
0.6410,  0.084007
0.6415,  0.083458
0.6420,  0.082154
0.6425,  0.080803
0.6430,  0.080800
0.6435,  0.082950
0.6440,  0.085101
0.6445,  0.091975
0.6450,  0.100661
0.6455,  0.103868
0.6460,  0.107112
0.6465,  0.108927
0.6470,  0.107255
0.6475,  0.103438
0.6480,  0.101058
0.6485,  0.096438
0.6490,  0.090763
0.6495,  0.093863
0.6500,  0.096256
0.6505,  0.101973
0.6510,  0.109112
0.6515,  0.108155
0.6520,  0.106466
0.6525,  0.102313
0.6530,  0.099570
0.6535,  0.093287
0.6540,  0.091864
0.6545,  0.096396
0.6550,  0.105084
0.6555,  0.104649
0.6560,  0.090851
0.6565,  0.066153
0.6570,  0.036212
0.6575,  0.045852
0.6580,  0.056673
0.6585,  0.069204
0.6590,  0.083129
0.6595,  0.078948
0.6600,  0.075979
0.6605,  0.072271
0.6610,  0.071538
0.6615,  0.068745
0.6620,  0.069044
0.6625,  0.068962
0.6630,  0.069262
0.6635,  0.073630
0.6640,  0.076417
0.6645,  0.078326
0.6650,  0.079628
0.6655,  0.075956
0.6660,  0.071943
0.6665,  0.067482
0.6670,  0.062630
0.6675,  0.062757
0.6680,  0.062776
0.6685,  0.066126
0.6690,  0.071237
0.6695,  0.071384
0.6700,  0.071865
0.6705,  0.070554
0.6710,  0.069119
0.6715,  0.070155
0.6720,  0.070408
0.6725,  0.069935
0.6730,  0.069074
0.6735,  0.067596
0.6740,  0.064449
0.6745,  0.062081
0.6750,  0.062039
0.6755,  0.064376
0.6760,  0.068679
0.6765,  0.074761
0.6770,  0.077654
0.6775,  0.076218
0.6780,  0.073648
0.6785,  0.070345
0.6790,  0.066935
0.6795,  0.065907
0.6800,  0.068256
0.6805,  0.069759
0.6810,  0.069907
0.6815,  0.069288
0.6820,  0.071056
0.6825,  0.073122
0.6830,  0.077046
0.6835,  0.078133
0.6840,  0.078355
0.6845,  0.079222
0.6850,  0.083637
0.6855,  0.102327
0.6860,  0.128883
0.6865,  0.154408
0.6870,  0.170545
0.6875,  0.173138
0.6880,  0.171869
0.6885,  0.167013
0.6890,  0.164293
0.6895,  0.158765
0.6900,  0.150001
0.6905,  0.143363
0.6910,  0.139003
0.6915,  0.134246
0.6920,  0.129585
0.6925,  0.128742
0.6930,  0.130877
0.6935,  0.129912
0.6940,  0.130662
0.6945,  0.131031
0.6950,  0.128210
0.6955,  0.120987
0.6960,  0.112283
0.6965,  0.105742
0.6970,  0.101576
0.6975,  0.105597
0.6980,  0.114343
0.6985,  0.120940
0.6990,  0.126617
0.6995,  0.127310
0.7000,  0.123349
0.7005,  0.121224
0.7010,  0.116544
0.7015,  0.118257
0.7020,  0.118934
0.7025,  0.118896
0.7030,  0.115234
0.7035,  0.114484
0.7040,  0.117259
0.7045,  0.120787
0.7050,  0.122890
0.7055,  0.120300
0.7060,  0.117706
0.7065,  0.112055
0.7070,  0.107178
0.7075,  0.100927
0.7080,  0.096635
0.7085,  0.093343
0.7090,  0.091921
0.7095,  0.092334
0.7100,  0.094563
0.7105,  0.095284
0.7110,  0.099466
0.7115,  0.099936
0.7120,  0.099392
0.7125,  0.100625
0.7130,  0.103079
0.7135,  0.106125
0.7140,  0.108222
0.7145,  0.111174
0.7150,  0.118531
0.7155,  0.135447
0.7160,  0.161468
0.7165,  0.190310
0.7170,  0.220703
0.7175,  0.245861
0.7180,  0.266949
0.7185,  0.284664
0.7190,  0.285221
0.7195,  0.282677
0.7200,  0.265671
0.7205,  0.241853
0.7210,  0.215703
0.7215,  0.200305
0.7220,  0.198033
0.7225,  0.206982
0.7230,  0.221088
0.7235,  0.234158
0.7240,  0.244661
0.7245,  0.250502
0.7250,  0.250135
0.7255,  0.247322
0.7260,  0.245082
0.7265,  0.243917
0.7270,  0.242071
0.7275,  0.236713
0.7280,  0.232218
0.7285,  0.227848
0.7290,  0.222839
0.7295,  0.217247
0.7300,  0.216245
0.7305,  0.212875
0.7310,  0.204897
0.7315,  0.193502
0.7320,  0.181075
0.7325,  0.164864
0.7330,  0.149600
0.7335,  0.135556
0.7340,  0.128000
0.7345,  0.125641
0.7350,  0.127206
0.7355,  0.130271
0.7360,  0.131611
0.7365,  0.131910
0.7370,  0.130611
0.7375,  0.126171
0.7380,  0.123167
0.7385,  0.121534
0.7390,  0.116817
0.7395,  0.112622
0.7400,  0.108836
0.7405,  0.105589
0.7410,  0.103926
0.7415,  0.107540
0.7420,  0.108020
0.7425,  0.107946
0.7430,  0.108557
0.7435,  0.104203
0.7440,  0.099730
0.7445,  0.098983
0.7450,  0.096682
0.7455,  0.096225
0.7460,  0.094962
0.7465,  0.092699
0.7470,  0.091982
0.7475,  0.089080
0.7480,  0.089043
0.7485,  0.089207
0.7490,  0.089909
0.7495,  0.090497
0.7500,  0.091289
0.7505,  0.090185
0.7510,  0.089417
0.7515,  0.085563
0.7520,  0.082732
0.7525,  0.081917
0.7530,  0.079964
0.7535,  0.080816
0.7540,  0.082409
0.7545,  0.083604
0.7550,  0.083857
0.7555,  0.081806
0.7560,  0.081301
0.7565,  0.080325
0.7570,  0.078069
0.7575,  0.087305
0.7580,  0.116289
0.7585,  0.179117
0.7590,  0.279943
0.7595,  0.406291
0.7600,  0.514787
0.7605,  0.563434
0.7610,  0.557304
0.7615,  0.531942
0.7620,  0.522298
0.7625,  0.518974
0.7630,  0.510985
0.7635,  0.485053
0.7640,  0.449542
0.7645,  0.403869
0.7650,  0.350074
0.7655,  0.299229
0.7660,  0.250527
0.7665,  0.206808
0.7670,  0.174349
0.7675,  0.156253
0.7680,  0.139277
0.7685,  0.129108
0.7690,  0.121807
0.7695,  0.111131
0.7700,  0.102780
0.7705,  0.102476
0.7710,  0.103792
0.7715,  0.105437
0.7720,  0.104328
0.7725,  0.099671
0.7730,  0.096373
0.7735,  0.093011
0.7740,  0.092553
0.7745,  0.088355
0.7750,  0.082071
0.7755,  0.079050
0.7760,  0.078188
0.7765,  0.080434
0.7770,  0.081240
0.7775,  0.081001
0.7780,  0.082657
0.7785,  0.083246
0.7790,  0.078981
0.7795,  0.078050
0.7800,  0.078161
0.7805,  0.076335
0.7810,  0.076196
0.7815,  0.074251
0.7820,  0.075941
0.7825,  0.075628
0.7830,  0.075646
0.7835,  0.082544
0.7840,  0.087742
0.7845,  0.088422
0.7850,  0.086206
0.7855,  0.082891
0.7860,  0.083330
0.7865,  0.086610
0.7870,  0.088526
0.7875,  0.093481
0.7880,  0.102181
0.7885,  0.107180
0.7890,  0.115884
0.7895,  0.119325
0.7900,  0.119870
0.7905,  0.121323
0.7910,  0.116631
0.7915,  0.110871
0.7920,  0.109366
0.7925,  0.109289
0.7930,  0.107011
0.7935,  0.105306
0.7940,  0.101718
0.7945,  0.102609
0.7950,  0.101207
0.7955,  0.102647
0.7960,  0.102922
0.7965,  0.104755
0.7970,  0.109498
0.7975,  0.105801
0.7980,  0.100410
0.7985,  0.101641
0.7990,  0.107113
0.7995,  0.111066
0.8000,  0.110717
0.8005,  0.110906
0.8010,  0.110498
0.8015,  0.105411
0.8020,  0.103897
0.8025,  0.103025
0.8030,  0.097852
0.8035,  0.096240
0.8040,  0.090201
0.8045,  0.088422
0.8050,  0.084480
0.8055,  0.085070
0.8060,  0.085840
0.8065,  0.090443
0.8070,  0.093432
0.8075,  0.091681
0.8080,  0.089426
0.8085,  0.087366
0.8090,  0.086510
0.8095,  0.092631
0.8100,  0.103147
0.8105,  0.115704
0.8110,  0.121994
0.8115,  0.130511
0.8120,  0.149170
0.8125,  0.168922
0.8130,  0.184421
0.8135,  0.200953
0.8140,  0.215502
0.8145,  0.231782
0.8150,  0.249936
0.8155,  0.267805
0.8160,  0.282179
0.8165,  0.287988
0.8170,  0.283150
0.8175,  0.273969
0.8180,  0.263197
0.8185,  0.249040
0.8190,  0.228120
0.8195,  0.216846
0.8200,  0.203638
0.8205,  0.192385
0.8210,  0.199314
0.8215,  0.219606
0.8220,  0.248366
0.8225,  0.264382
0.8230,  0.258629
0.8235,  0.234968
0.8240,  0.209265
0.8245,  0.192383
0.8250,  0.183003
0.8255,  0.180983
0.8260,  0.183305
0.8265,  0.188625
0.8270,  0.193203
0.8275,  0.201865
0.8280,  0.211188
0.8285,  0.205600
0.8290,  0.195420
0.8295,  0.193264
0.8300,  0.191408
0.8305,  0.183593
0.8310,  0.175514
0.8315,  0.166768
0.8320,  0.163990
0.8325,  0.167034
0.8330,  0.159828
0.8335,  0.149584
0.8340,  0.140641
0.8345,  0.137511
0.8350,  0.137898
0.8355,  0.137991
0.8360,  0.131563
0.8365,  0.120203
0.8370,  0.108124
0.8375,  0.100782
0.8380,  0.097838
0.8385,  0.097018
0.8390,  0.091950
0.8395,  0.092535
0.8400,  0.092348
0.8405,  0.094443
0.8410,  0.093187
0.8415,  0.092111
0.8420,  0.092788
0.8425,  0.086327
0.8430,  0.088456
0.8435,  0.088095
0.8440,  0.081104
0.8445,  0.076872
0.8450,  0.069685
0.8455,  0.071189
0.8460,  0.073324
0.8465,  0.079693
0.8470,  0.085074
0.8475,  0.083452
0.8480,  0.077127
0.8485,  0.070404
0.8490,  0.072268
0.8495,  0.070881
0.8500,  0.063546
0.8505,  0.064468
0.8510,  0.069758
0.8515,  0.068708
0.8520,  0.081825
0.8525,  0.073562
0.8530,  0.076611
0.8535,  0.076696
0.8540,  0.052027
0.8545,  0.061980
0.8550,  0.065634
0.8555,  0.066445
0.8560,  0.073155
0.8565,  0.069858
0.8570,  0.069854
0.8575,  0.075816
0.8580,  0.084409
0.8585,  0.078385
0.8590,  0.069240
0.8595,  0.068139
0.8600,  0.070234
0.8605,  0.072329
0.8610,  0.065781
0.8615,  0.057181
0.8620,  0.051065
0.8625,  0.047216
0.8630,  0.055028
0.8635,  0.057558
0.8640,  0.066163
0.8645,  0.058000
0.8650,  0.058544
0.8655,  0.055366
0.8660,  0.034215
0.8665,  0.036825
0.8670,  0.038940
0.8675,  0.047179
0.8680,  0.051772
0.8685,  0.055324
0.8690,  0.058559
0.8695,  0.059923
0.8700,  0.058409
0.8705,  0.055418
0.8710,  0.055051
0.8715,  0.055411
0.8720,  0.061209
0.8725,  0.064688
0.8730,  0.069006
0.8735,  0.076058
0.8740,  0.072891
0.8745,  0.073539
0.8750,  0.075914
0.8755,  0.082405
0.8760,  0.073967
0.8765,  0.068255
0.8770,  0.059522
0.8775,  0.053507
0.8780,  0.054098
0.8785,  0.055255
0.8790,  0.064737
0.8795,  0.066644
0.8800,  0.061371
0.8805,  0.054728
0.8810,  0.056902
0.8815,  0.057210
0.8820,  0.054644
0.8825,  0.053907
0.8830,  0.048387
0.8835,  0.058833
0.8840,  0.063338
0.8845,  0.062572
0.8850,  0.061681
0.8855,  0.062138
0.8860,  0.062334
0.8865,  0.065634
0.8870,  0.057817
0.8875,  0.049414
0.8880,  0.043062
0.8885,  0.053948
0.8890,  0.059086
0.8895,  0.062770
0.8900,  0.069456
