0.3500,  0.183886
0.3505,  0.252128
0.3510,  0.222167
0.3515,  0.189592
0.3520,  0.151207
0.3525,  0.108193
0.3530,  0.154230
0.3535,  0.198097
0.3540,  0.214302
0.3545,  0.246557
0.3550,  0.223303
0.3555,  0.202894
0.3560,  0.159479
0.3565,  0.119845
0.3570,  0.080674
0.3575,  0.038016
0.3580,  -0.013807
0.3585,  -0.075927
0.3590,  0.101911
0.3595,  0.247964
0.3600,  0.235429
0.3605,  0.219818
0.3610,  0.162763
0.3615,  0.104810
0.3620,  0.147528
0.3625,  0.194258
0.3630,  0.183190
0.3635,  0.171672
0.3640,  0.159158
0.3645,  0.142249
0.3650,  0.177593
0.3655,  0.211802
0.3660,  0.224074
0.3665,  0.238102
0.3670,  0.209609
0.3675,  0.189194
0.3680,  0.158688
0.3685,  0.120541
0.3690,  0.164426
0.3695,  0.210692
0.3700,  0.174723
0.3705,  0.135184
0.3710,  0.155737
0.3715,  0.187085
0.3720,  0.160785
0.3725,  0.132507
0.3730,  0.099860
0.3735,  0.062775
0.3740,  0.073628
0.3745,  0.077231
0.3750,  0.156339
0.3755,  0.220024
0.3760,  0.209119
0.3765,  0.188594
0.3770,  0.236610
0.3775,  0.282679
0.3780,  0.277528
0.3785,  0.279761
0.3790,  0.179746
0.3795,  0.073100
0.3800,  0.134408
0.3805,  0.202766
0.3810,  0.184025
0.3815,  0.173108
0.3820,  0.086371
0.3825,  -0.024507
0.3830,  -0.053581
0.3835,  -0.102723
0.3840,  0.058991
0.3845,  0.181151
0.3850,  0.192282
0.3855,  0.205471
0.3860,  0.189228
0.3865,  0.172363
0.3870,  0.161122
0.3875,  0.155018
0.3880,  0.140210
0.3885,  0.119542
0.3890,  0.184644
0.3895,  0.236270
0.3900,  0.234043
0.3905,  0.228778
0.3910,  0.241486
0.3915,  0.273754
0.3920,  0.178162
0.3925,  0.082753
0.3930,  -0.099675
0.3935,  -0.363615
0.3940,  -0.060857
0.3945,  0.152285
0.3950,  0.259025
0.3955,  0.364546
0.3960,  0.198448
0.3965,  -0.015324
0.3970,  0.003467
0.3975,  -0.000892
0.3980,  0.196558
0.3985,  0.327223
0.3990,  0.303934
0.3995,  0.290870
0.4000,  0.253640
0.4005,  0.221373
0.4010,  0.208469
0.4015,  0.204477
0.4020,  0.194277
0.4025,  0.190007
0.4030,  0.168891
0.4035,  0.148440
0.4040,  0.144245
0.4045,  0.144181
0.4050,  0.145703
0.4055,  0.144721
0.4060,  0.125211
0.4065,  0.106630
0.4070,  0.117713
0.4075,  0.124150
0.4080,  0.148146
0.4085,  0.172982
0.4090,  0.166105
0.4095,  0.161524
0.4100,  0.114612
0.4105,  0.058707
0.4110,  0.130342
0.4115,  0.193861
0.4120,  0.175648
0.4125,  0.157729
0.4130,  0.143327
0.4135,  0.133156
0.4140,  0.125113
0.4145,  0.115431
0.4150,  0.111437
0.4155,  0.109425
0.4160,  0.134360
0.4165,  0.164493
0.4170,  0.127494
0.4175,  0.085287
0.4180,  0.093024
0.4185,  0.101163
0.4190,  0.108131
0.4195,  0.111119
0.4200,  0.126770
0.4205,  0.142865
0.4210,  0.150771
0.4215,  0.158491
0.4220,  0.107733
0.4225,  0.052860
0.4230,  0.091045
0.4235,  0.128773
0.4240,  0.143044
0.4245,  0.158712
0.4250,  0.142184
0.4255,  0.125778
0.4260,  0.128350
0.4265,  0.137316
0.4270,  0.106658
0.4275,  0.075723
0.4280,  0.089042
0.4285,  0.103360
0.4290,  0.092913
0.4295,  0.085406
0.4300,  -0.002222
0.4305,  -0.120547
0.4310,  0.076502
0.4315,  0.221679
0.4320,  0.184805
0.4325,  0.152502
0.4330,  0.157413
0.4335,  0.167832
0.4340,  0.141455
0.4345,  0.114837
0.4350,  0.114216
0.4355,  0.113247
0.4360,  0.154166
0.4365,  0.194893
0.4370,  0.163393
0.4375,  0.139917
0.4380,  0.089658
0.4385,  0.028048
0.4390,  0.099245
0.4395,  0.162821
0.4400,  0.130974
0.4405,  0.093433
0.4410,  0.135188
0.4415,  0.172635
0.4420,  0.170090
0.4425,  0.167059
0.4430,  0.139430
0.4435,  0.116549
0.4440,  0.131273
0.4445,  0.148848
0.4450,  0.115962
0.4455,  0.079008
0.4460,  0.094638
0.4465,  0.108372
0.4470,  0.144649
0.4475,  0.178154
0.4480,  0.152043
0.4485,  0.118336
0.4490,  0.119851
0.4495,  0.121623
0.4500,  0.136948
0.4505,  0.153559
0.4510,  0.143851
0.4515,  0.137366
0.4520,  0.107424
0.4525,  0.078683
0.4530,  0.092845
0.4535,  0.104501
0.4540,  0.114498
0.4545,  0.120100
0.4550,  0.126508
0.4555,  0.133203
0.4560,  0.133322
0.4565,  0.136947
0.4570,  0.138453
0.4575,  0.143027
0.4580,  0.116707
0.4585,  0.088813
0.4590,  0.101602
0.4595,  0.111415
0.4600,  0.118448
0.4605,  0.125135
0.4610,  0.126961
0.4615,  0.126756
0.4620,  0.136400
0.4625,  0.145727
0.4630,  0.129191
0.4635,  0.116196
0.4640,  0.106156
0.4645,  0.096942
0.4650,  0.120649
0.4655,  0.146038
0.4660,  0.123067
0.4665,  0.102215
0.4670,  0.129522
0.4675,  0.150095
0.4680,  0.143934
0.4685,  0.140916
0.4690,  0.143198
0.4695,  0.146639
0.4700,  0.127972
0.4705,  0.100193
0.4710,  0.131697
0.4715,  0.160725
0.4720,  0.158642
0.4725,  0.158731
0.4730,  0.147221
0.4735,  0.133510
0.4740,  0.142295
0.4745,  0.155846
0.4750,  0.150615
0.4755,  0.143071
0.4760,  0.129331
0.4765,  0.115251
0.4770,  0.140282
0.4775,  0.163481
0.4780,  0.145928
0.4785,  0.130035
0.4790,  0.144462
0.4795,  0.156963
0.4800,  0.145029
0.4805,  0.136801
0.4810,  0.149349
0.4815,  0.162959
0.4820,  0.151516
0.4825,  0.144261
0.4830,  0.146248
0.4835,  0.150075
0.4840,  0.147142
0.4845,  0.150767
0.4850,  0.138325
0.4855,  0.126922
0.4860,  0.091988
0.4865,  0.042173
0.4870,  0.093905
0.4875,  0.137953
0.4880,  0.148689
0.4885,  0.157216
0.4890,  0.155595
0.4895,  0.156191
0.4900,  0.160225
0.4905,  0.169454
0.4910,  0.144576
0.4915,  0.121433
0.4920,  0.122979
0.4925,  0.122449
0.4930,  0.116786
0.4935,  0.106971
0.4940,  0.140971
0.4945,  0.175603
0.4950,  0.142789
0.4955,  0.109373
0.4960,  0.131572
0.4965,  0.152701
0.4970,  0.157556
0.4975,  0.164128
0.4980,  0.132088
0.4985,  0.096552
0.4990,  0.123912
0.4995,  0.152449
0.5000,  0.131300
0.5005,  0.109384
0.5010,  0.102734
0.5015,  0.092943
0.5020,  0.112455
0.5025,  0.132525
0.5030,  0.143939
0.5035,  0.153511
0.5040,  0.135432
0.5045,  0.113513
0.5050,  0.134516
0.5055,  0.156750
0.5060,  0.145324
0.5065,  0.137734
0.5070,  0.129134
0.5075,  0.118022
0.5080,  0.120832
0.5085,  0.122529
0.5090,  0.121193
0.5095,  0.119470
0.5100,  0.124730
0.5105,  0.130591
0.5110,  0.142031
0.5115,  0.153903
0.5120,  0.127189
0.5125,  0.103275
0.5130,  0.107966
0.5135,  0.110391
0.5140,  0.118276
0.5145,  0.123129
0.5150,  0.134368
0.5155,  0.151804
0.5160,  0.112135
0.5165,  0.069724
0.5170,  0.097053
0.5175,  0.117571
0.5180,  0.097245
0.5185,  0.069740
0.5190,  0.106036
0.5195,  0.140178
0.5200,  0.129160
0.5205,  0.118728
0.5210,  0.129386
0.5215,  0.142510
0.5220,  0.120284
0.5225,  0.098790
0.5230,  0.113523
0.5235,  0.124234
0.5240,  0.134435
0.5245,  0.147943
0.5250,  0.145697
0.5255,  0.148813
0.5260,  0.097648
0.5265,  0.038932
0.5270,  0.080131
0.5275,  0.113068
0.5280,  0.120680
0.5285,  0.126987
0.5290,  0.124764
0.5295,  0.125057
0.5300,  0.128363
0.5305,  0.134546
0.5310,  0.136447
0.5315,  0.142319
0.5320,  0.102254
0.5325,  0.057411
0.5330,  0.098837
0.5335,  0.135495
0.5340,  0.114332
0.5345,  0.091740
0.5350,  0.119755
0.5355,  0.150533
0.5360,  0.124963
0.5365,  0.099031
0.5370,  0.103126
0.5375,  0.107655
0.5380,  0.117372
0.5385,  0.126949
0.5390,  0.116116
0.5395,  0.104793
0.5400,  0.091874
0.5405,  0.075987
0.5410,  0.103468
0.5415,  0.128671
0.5420,  0.113469
0.5425,  0.098897
0.5430,  0.111589
0.5435,  0.122232
0.5440,  0.119852
0.5445,  0.119135
0.5450,  0.124389
0.5455,  0.128213
0.5460,  0.123152
0.5465,  0.118123
0.5470,  0.108828
0.5475,  0.098313
0.5480,  0.104662
0.5485,  0.111080
0.5490,  0.119006
0.5495,  0.126739
0.5500,  0.119561
0.5505,  0.112600
0.5510,  0.114761
0.5515,  0.116218
0.5520,  0.111192
0.5525,  0.105236
0.5530,  0.111396
0.5535,  0.119122
0.5540,  0.121756
0.5545,  0.124880
0.5550,  0.127625
0.5555,  0.131138
0.5560,  0.116801
0.5565,  0.103633
0.5570,  0.115100
0.5575,  0.127068
0.5580,  0.117168
0.5585,  0.106917
0.5590,  0.112344
0.5595,  0.115782
0.5600,  0.120559
0.5605,  0.124017
0.5610,  0.118377
0.5615,  0.113681
0.5620,  0.117903
0.5625,  0.123497
0.5630,  0.128057
0.5635,  0.132869
0.5640,  0.133712
0.5645,  0.136177
0.5650,  0.126284
0.5655,  0.111432
0.5660,  0.117568
0.5665,  0.123836
0.5670,  0.136381
0.5675,  0.150837
0.5680,  0.134704
0.5685,  0.120066
0.5690,  0.137079
0.5695,  0.154335
0.5700,  0.135833
0.5705,  0.112913
0.5710,  0.121049
0.5715,  0.124601
0.5720,  0.133690
0.5725,  0.144066
0.5730,  0.137040
0.5735,  0.133434
0.5740,  0.132664
0.5745,  0.132718
0.5750,  0.124475
0.5755,  0.114101
0.5760,  0.117730
0.5765,  0.123061
0.5770,  0.127653
0.5775,  0.134351
0.5780,  0.116693
0.5785,  0.095586
0.5790,  0.104261
0.5795,  0.112551
0.5800,  0.112729
0.5805,  0.111560
0.5810,  0.111138
0.5815,  0.113597
0.5820,  0.117645
0.5825,  0.120295
0.5830,  0.117640
0.5835,  0.114657
0.5840,  0.116903
0.5845,  0.122349
0.5850,  0.108098
0.5855,  0.092700
0.5860,  0.108225
0.5865,  0.123671
0.5870,  0.136305
0.5875,  0.153680
0.5880,  0.147808
0.5885,  0.136138
0.5890,  0.106642
0.5895,  0.068472
0.5900,  0.120307
0.5905,  0.167699
0.5910,  0.155368
0.5915,  0.144163
0.5920,  0.144095
0.5925,  0.144689
0.5930,  0.138266
0.5935,  0.136375
0.5940,  0.131993
0.5945,  0.126058
0.5950,  0.128610
0.5955,  0.131023
0.5960,  0.135622
0.5965,  0.141500
0.5970,  0.134729
0.5975,  0.128309
0.5980,  0.121573
0.5985,  0.115848
0.5990,  0.124041
0.5995,  0.132821
0.6000,  0.126678
0.6005,  0.121056
0.6010,  0.121982
0.6015,  0.121055
0.6020,  0.108731
0.6025,  0.095236
0.6030,  0.109429
0.6035,  0.126153
0.6040,  0.127007
0.6045,  0.129243
0.6050,  0.130188
0.6055,  0.126251
0.6060,  0.122930
0.6065,  0.118960
0.6070,  0.118984
0.6075,  0.120975
0.6080,  0.119450
0.6085,  0.120556
0.6090,  0.125542
0.6095,  0.128949
0.6100,  0.119296
0.6105,  0.108897
0.6110,  0.120157
0.6115,  0.131274
0.6120,  0.121817
0.6125,  0.112567
0.6130,  0.110607
0.6135,  0.107948
0.6140,  0.119629
0.6145,  0.131795
0.6150,  0.136215
0.6155,  0.139422
0.6160,  0.110021
0.6165,  0.076456
0.6170,  0.101819
0.6175,  0.127270
0.6180,  0.133702
0.6185,  0.139774
0.6190,  0.136341
0.6195,  0.132478
0.6200,  0.140418
0.6205,  0.147810
0.6210,  0.135306
0.6215,  0.123197
0.6220,  0.130596
0.6225,  0.140207
0.6230,  0.131879
0.6235,  0.126502
0.6240,  0.132769
0.6245,  0.133276
0.6250,  0.127516
0.6255,  0.118064
0.6260,  0.134236
0.6265,  0.151109
0.6270,  0.150804
0.6275,  0.150221
0.6280,  0.152983
0.6285,  0.156873
0.6290,  0.157774
0.6295,  0.158897
0.6300,  0.156497
0.6305,  0.150186
0.6310,  0.140256
0.6315,  0.136064
0.6320,  0.130015
0.6325,  0.128559
0.6330,  0.131158
0.6335,  0.132648
0.6340,  0.134627
0.6345,  0.138152
0.6350,  0.141403
0.6355,  0.141084
0.6360,  0.140414
0.6365,  0.138689
0.6370,  0.132490
0.6375,  0.129110
0.6380,  0.130744
0.6385,  0.134759
0.6390,  0.139146
0.6395,  0.135308
0.6400,  0.134128
0.6405,  0.127961
0.6410,  0.120638
0.6415,  0.119461
0.6420,  0.118289
0.6425,  0.118101
0.6430,  0.117285
0.6435,  0.118077
0.6440,  0.122507
0.6445,  0.131466
0.6450,  0.141422
0.6455,  0.145591
0.6460,  0.148574
0.6465,  0.148744
0.6470,  0.146726
0.6475,  0.143879
0.6480,  0.142103
0.6485,  0.135806
0.6490,  0.127700
0.6495,  0.132008
0.6500,  0.137731
0.6505,  0.145729
0.6510,  0.153822
0.6515,  0.152238
0.6520,  0.148828
0.6525,  0.144988
0.6530,  0.142026
0.6535,  0.131825
0.6540,  0.130328
0.6545,  0.138367
0.6550,  0.151301
0.6555,  0.148502
0.6560,  0.133199
0.6565,  0.101475
0.6570,  0.060974
0.6575,  0.071550
0.6580,  0.086617
0.6585,  0.103375
0.6590,  0.120334
0.6595,  0.113193
0.6600,  0.106231
0.6605,  0.100281
0.6610,  0.099461
0.6615,  0.097687
0.6620,  0.097598
0.6625,  0.100906
0.6630,  0.103242
0.6635,  0.105608
0.6640,  0.106046
0.6645,  0.107698
0.6650,  0.108849
0.6655,  0.105601
0.6660,  0.100980
0.6665,  0.098059
0.6670,  0.093195
0.6675,  0.091688
0.6680,  0.091749
0.6685,  0.094222
0.6690,  0.097261
0.6695,  0.096156
0.6700,  0.098916
0.6705,  0.102425
0.6710,  0.104080
0.6715,  0.107589
0.6720,  0.105249
0.6725,  0.101684
0.6730,  0.098212
0.6735,  0.095599
0.6740,  0.093489
0.6745,  0.091016
0.6750,  0.090920
0.6755,  0.093270
0.6760,  0.095773
0.6765,  0.100470
0.6770,  0.102483
0.6775,  0.101822
0.6780,  0.098891
0.6785,  0.096983
0.6790,  0.094269
0.6795,  0.090855
0.6800,  0.089335
0.6805,  0.088751
0.6810,  0.089840
0.6815,  0.092124
0.6820,  0.099287
0.6825,  0.106387
0.6830,  0.111615
0.6835,  0.114735
0.6840,  0.112941
0.6845,  0.109767
0.6850,  0.115897
0.6855,  0.143589
0.6860,  0.179447
0.6865,  0.212187
0.6870,  0.230678
0.6875,  0.233317
0.6880,  0.233276
0.6885,  0.231761
0.6890,  0.228602
0.6895,  0.219024
0.6900,  0.210014
0.6905,  0.197594
0.6910,  0.187869
0.6915,  0.179761
0.6920,  0.178053
0.6925,  0.180058
0.6930,  0.182812
0.6935,  0.178129
0.6940,  0.175760
0.6945,  0.170915
0.6950,  0.166487
0.6955,  0.158255
0.6960,  0.149634
0.6965,  0.144265
0.6970,  0.138084
0.6975,  0.143842
0.6980,  0.148805
0.6985,  0.152066
0.6990,  0.158843
0.6995,  0.157193
0.7000,  0.153126
0.7005,  0.152326
0.7010,  0.153270
0.7015,  0.158479
0.7020,  0.158823
0.7025,  0.155058
0.7030,  0.151728
0.7035,  0.155176
0.7040,  0.160352
0.7045,  0.163260
0.7050,  0.162751
0.7055,  0.158278
0.7060,  0.156359
0.7065,  0.150889
0.7070,  0.147804
0.7075,  0.145536
0.7080,  0.142028
0.7085,  0.139498
0.7090,  0.134991
0.7095,  0.135501
0.7100,  0.137653
0.7105,  0.135040
0.7110,  0.135297
0.7115,  0.135294
0.7120,  0.134222
0.7125,  0.134545
0.7130,  0.134292
0.7135,  0.134871
0.7140,  0.138768
0.7145,  0.148054
0.7150,  0.161974
0.7155,  0.185175
0.7160,  0.217247
0.7165,  0.253294
0.7170,  0.286866
0.7175,  0.314269
0.7180,  0.341350
0.7185,  0.358831
0.7190,  0.361230
0.7195,  0.354118
0.7200,  0.333957
0.7205,  0.300789
0.7210,  0.269603
0.7215,  0.250103
0.7220,  0.251383
0.7225,  0.266076
0.7230,  0.287661
0.7235,  0.307360
0.7240,  0.323014
0.7245,  0.326534
0.7250,  0.327238
0.7255,  0.324138
0.7260,  0.321539
0.7265,  0.320391
0.7270,  0.318792
0.7275,  0.316496
0.7280,  0.316382
0.7285,  0.307742
0.7290,  0.297109
0.7295,  0.291628
0.7300,  0.284404
0.7305,  0.276842
0.7310,  0.266545
0.7315,  0.250105
0.7320,  0.233804
0.7325,  0.221188
0.7330,  0.211097
0.7335,  0.197279
0.7340,  0.188385
0.7345,  0.180271
0.7350,  0.175441
0.7355,  0.171844
0.7360,  0.167543
0.7365,  0.163170
0.7370,  0.164326
0.7375,  0.160216
0.7380,  0.156615
0.7385,  0.157564
0.7390,  0.154548
0.7395,  0.147807
0.7400,  0.143035
0.7405,  0.140937
0.7410,  0.138017
0.7415,  0.135549
0.7420,  0.131614
0.7425,  0.131244
0.7430,  0.129485
0.7435,  0.124230
0.7440,  0.129151
0.7445,  0.130952
0.7450,  0.125757
0.7455,  0.124281
0.7460,  0.123504
0.7465,  0.124727
0.7470,  0.122651
0.7475,  0.120755
0.7480,  0.121197
0.7485,  0.119639
0.7490,  0.117988
0.7495,  0.117581
0.7500,  0.121544
0.7505,  0.127914
0.7510,  0.127422
0.7515,  0.128721
0.7520,  0.125327
0.7525,  0.125561
0.7530,  0.121910
0.7535,  0.116334
0.7540,  0.114101
0.7545,  0.111260
0.7550,  0.115679
0.7555,  0.120286
0.7560,  0.126619
0.7565,  0.130771
0.7570,  0.139378
0.7575,  0.151439
0.7580,  0.188345
0.7585,  0.271003
0.7590,  0.409208
0.7595,  0.568712
0.7600,  0.701471
0.7605,  0.753777
0.7610,  0.744269
0.7615,  0.714077
0.7620,  0.705432
0.7625,  0.704476
0.7630,  0.693388
0.7635,  0.656589
0.7640,  0.600232
0.7645,  0.530798
0.7650,  0.462354
0.7655,  0.396666
0.7660,  0.327577
0.7665,  0.261599
0.7670,  0.213929
0.7675,  0.182419
0.7680,  0.164997
0.7685,  0.157247
0.7690,  0.157411
0.7695,  0.154249
0.7700,  0.147386
0.7705,  0.140255
0.7710,  0.128867
0.7715,  0.120941
0.7720,  0.118986
0.7725,  0.112356
0.7730,  0.116081
0.7735,  0.120736
0.7740,  0.127010
0.7745,  0.123678
0.7750,  0.124409
0.7755,  0.128054
0.7760,  0.123813
0.7765,  0.125369
0.7770,  0.125641
0.7775,  0.122239
0.7780,  0.115588
0.7785,  0.114587
0.7790,  0.112854
0.7795,  0.110890
0.7800,  0.111089
0.7805,  0.113653
0.7810,  0.116750
0.7815,  0.124292
0.7820,  0.125280
0.7825,  0.125981
0.7830,  0.127782
0.7835,  0.123657
0.7840,  0.119772
0.7845,  0.112799
0.7850,  0.111103
0.7855,  0.109405
0.7860,  0.117466
0.7865,  0.132013
0.7870,  0.142676
0.7875,  0.150413
0.7880,  0.154869
0.7885,  0.156224
0.7890,  0.163340
0.7895,  0.155393
0.7900,  0.148289
0.7905,  0.142373
0.7910,  0.139462
0.7915,  0.140155
0.7920,  0.140382
0.7925,  0.148095
0.7930,  0.154293
0.7935,  0.155612
0.7940,  0.149289
0.7945,  0.144754
0.7950,  0.138460
0.7955,  0.137904
0.7960,  0.136930
0.7965,  0.141084
0.7970,  0.141892
0.7975,  0.140382
0.7980,  0.140899
0.7985,  0.140974
0.7990,  0.139008
0.7995,  0.146946
0.8000,  0.156606
0.8005,  0.160345
0.8010,  0.163592
0.8015,  0.157488
0.8020,  0.140488
0.8025,  0.127831
0.8030,  0.131911
0.8035,  0.146590
0.8040,  0.145233
0.8045,  0.151247
0.8050,  0.151245
0.8055,  0.145881
0.8060,  0.143080
0.8065,  0.138336
0.8070,  0.137112
0.8075,  0.131799
0.8080,  0.131711
0.8085,  0.135714
0.8090,  0.135492
0.8095,  0.144133
0.8100,  0.163415
0.8105,  0.176795
0.8110,  0.188404
0.8115,  0.200904
0.8120,  0.221350
0.8125,  0.240799
0.8130,  0.258514
0.8135,  0.271805
0.8140,  0.287357
0.8145,  0.306607
0.8150,  0.330381
0.8155,  0.350653
0.8160,  0.369582
0.8165,  0.373597
0.8170,  0.372478
0.8175,  0.360016
0.8180,  0.342525
0.8185,  0.320846
0.8190,  0.290734
0.8195,  0.276681
0.8200,  0.257836
0.8205,  0.238321
0.8210,  0.248961
0.8215,  0.283534
0.8220,  0.325963
0.8225,  0.359157
0.8230,  0.361005
0.8235,  0.333140
0.8240,  0.291705
0.8245,  0.260612
0.8250,  0.236980
0.8255,  0.232780
0.8260,  0.249774
0.8265,  0.257270
0.8270,  0.264680
0.8275,  0.280401
0.8280,  0.294322
0.8285,  0.298509
0.8290,  0.292555
0.8295,  0.283044
0.8300,  0.259556
0.8305,  0.247859
0.8310,  0.235033
0.8315,  0.224516
0.8320,  0.223891
0.8325,  0.225739
0.8330,  0.229809
0.8335,  0.227615
0.8340,  0.216835
0.8345,  0.214086
0.8350,  0.211140
0.8355,  0.210733
0.8360,  0.195703
0.8365,  0.176883
0.8370,  0.167046
0.8375,  0.162547
0.8380,  0.157636
0.8385,  0.150778
0.8390,  0.153383
0.8395,  0.151378
0.8400,  0.153946
0.8405,  0.140600
0.8410,  0.134969
0.8415,  0.133162
0.8420,  0.121288
0.8425,  0.121203
0.8430,  0.122492
0.8435,  0.121607
0.8440,  0.117681
0.8445,  0.119777
0.8450,  0.123061
0.8455,  0.123144
0.8460,  0.122094
0.8465,  0.118450
0.8470,  0.122130
0.8475,  0.120519
0.8480,  0.115950
0.8485,  0.106036
0.8490,  0.100411
0.8495,  0.090365
0.8500,  0.079940
0.8505,  0.092457
0.8510,  0.107017
0.8515,  0.120377
0.8520,  0.129564
0.8525,  0.118165
0.8530,  0.118018
0.8535,  0.105305
0.8540,  0.067643
0.8545,  0.076856
0.8550,  0.080532
0.8555,  0.096123
0.8560,  0.112231
0.8565,  0.117605
0.8570,  0.113937
0.8575,  0.116383
0.8580,  0.121415
0.8585,  0.113935
0.8590,  0.110406
0.8595,  0.105494
0.8600,  0.096568
0.8605,  0.102441
0.8610,  0.099515
0.8615,  0.098601
0.8620,  0.100386
0.8625,  0.115657
0.8630,  0.114728
0.8635,  0.107834
0.8640,  0.111457
0.8645,  0.112487
0.8650,  0.094885
0.8655,  0.085752
0.8660,  0.070469
0.8665,  0.080863
0.8670,  0.096003
0.8675,  0.100211
0.8680,  0.093943
0.8685,  0.101143
0.8690,  0.110785
0.8695,  0.114391
0.8700,  0.126391
0.8705,  0.116568
0.8710,  0.122158
0.8715,  0.112709
0.8720,  0.114063
0.8725,  0.123376
0.8730,  0.126544
0.8735,  0.142614
0.8740,  0.144898
0.8745,  0.140794
0.8750,  0.128276
0.8755,  0.109427
0.8760,  0.096343
0.8765,  0.102947
0.8770,  0.112956
0.8775,  0.129264
0.8780,  0.143735
0.8785,  0.144977
0.8790,  0.149499
0.8795,  0.156053
0.8800,  0.155250
0.8805,  0.149187
0.8810,  0.127928
0.8815,  0.111530
0.8820,  0.094190
0.8825,  0.084995
0.8830,  0.084580
0.8835,  0.080046
0.8840,  0.095157
0.8845,  0.106449
0.8850,  0.119105
0.8855,  0.139812
0.8860,  0.148370
0.8865,  0.143647
0.8870,  0.127980
0.8875,  0.106833
0.8880,  0.098074
0.8885,  0.092918
0.8890,  0.119132
0.8895,  0.143197
0.8900,  0.171231
