0.3500,  0.559638
0.3505,  0.610907
0.3510,  0.574990
0.3515,  0.541332
0.3520,  0.494298
0.3525,  0.453880
0.3530,  0.491653
0.3535,  0.519906
0.3540,  0.533489
0.3545,  0.554056
0.3550,  0.526358
0.3555,  0.498752
0.3560,  0.463955
0.3565,  0.435836
0.3570,  0.416615
0.3575,  0.388395
0.3580,  0.358591
0.3585,  0.304887
0.3590,  0.482773
0.3595,  0.617375
0.3600,  0.584102
0.3605,  0.550344
0.3610,  0.487715
0.3615,  0.414811
0.3620,  0.447503
0.3625,  0.484388
0.3630,  0.477718
0.3635,  0.483676
0.3640,  0.480503
0.3645,  0.463299
0.3650,  0.493530
0.3655,  0.524345
0.3660,  0.518370
0.3665,  0.515668
0.3670,  0.472021
0.3675,  0.436263
0.3680,  0.396744
0.3685,  0.356878
0.3690,  0.398384
0.3695,  0.440223
0.3700,  0.413067
0.3705,  0.382659
0.3710,  0.406833
0.3715,  0.433665
0.3720,  0.404300
0.3725,  0.374415
0.3730,  0.340082
0.3735,  0.294555
0.3740,  0.300854
0.3745,  0.305746
0.3750,  0.381256
0.3755,  0.442688
0.3760,  0.437868
0.3765,  0.422552
0.3770,  0.471532
0.3775,  0.515844
0.3780,  0.506821
0.3785,  0.510515
0.3790,  0.415621
0.3795,  0.307762
0.3800,  0.363294
0.3805,  0.423850
0.3810,  0.393337
0.3815,  0.370686
0.3820,  0.275416
0.3825,  0.163073
0.3830,  0.142108
0.3835,  0.113401
0.3840,  0.302374
0.3845,  0.452559
0.3850,  0.479041
0.3855,  0.493940
0.3860,  0.481264
0.3865,  0.469111
0.3870,  0.452088
0.3875,  0.428804
0.3880,  0.395127
0.3885,  0.359837
0.3890,  0.417022
0.3895,  0.460393
0.3900,  0.450907
0.3905,  0.443671
0.3910,  0.452511
0.3915,  0.477175
0.3920,  0.378573
0.3925,  0.280696
0.3930,  0.108528
0.3935,  -0.131607
0.3940,  0.180899
0.3945,  0.397186
0.3950,  0.503165
0.3955,  0.601709
0.3960,  0.429802
0.3965,  0.216522
0.3970,  0.236007
0.3975,  0.230928
0.3980,  0.422054
0.3985,  0.553846
0.3990,  0.530992
0.3995,  0.515614
0.4000,  0.473419
0.4005,  0.429024
0.4010,  0.404967
0.4015,  0.388928
0.4020,  0.363416
0.4025,  0.344669
0.4030,  0.311387
0.4035,  0.282426
0.4040,  0.275035
0.4045,  0.273945
0.4050,  0.275975
0.4055,  0.282226
0.4060,  0.269669
0.4065,  0.254663
0.4070,  0.267049
0.4075,  0.274864
0.4080,  0.301465
0.4085,  0.328929
0.4090,  0.321794
0.4095,  0.314207
0.4100,  0.264173
0.4105,  0.207853
0.4110,  0.278368
0.4115,  0.340470
0.4120,  0.324381
0.4125,  0.307262
0.4130,  0.292316
0.4135,  0.280503
0.4140,  0.273207
0.4145,  0.266445
0.4150,  0.262748
0.4155,  0.258316
0.4160,  0.280697
0.4165,  0.305767
0.4170,  0.261314
0.4175,  0.211563
0.4180,  0.217688
0.4185,  0.229057
0.4190,  0.239039
0.4195,  0.246948
0.4200,  0.263427
0.4205,  0.278576
0.4210,  0.283641
0.4215,  0.291447
0.4220,  0.239984
0.4225,  0.183998
0.4230,  0.220926
0.4235,  0.257933
0.4240,  0.271246
0.4245,  0.285361
0.4250,  0.269604
0.4255,  0.256025
0.4260,  0.262100
0.4265,  0.270925
0.4270,  0.235900
0.4275,  0.202293
0.4280,  0.209654
0.4285,  0.224692
0.4290,  0.209371
0.4295,  0.198082
0.4300,  0.114919
0.4305,  0.010271
0.4310,  0.213540
0.4315,  0.370040
0.4320,  0.344259
0.4325,  0.313387
0.4330,  0.318145
0.4335,  0.320746
0.4340,  0.287320
0.4345,  0.255293
0.4350,  0.252969
0.4355,  0.248701
0.4360,  0.283161
0.4365,  0.319992
0.4370,  0.285735
0.4375,  0.259058
0.4380,  0.206879
0.4385,  0.146912
0.4390,  0.220312
0.4395,  0.286834
0.4400,  0.257640
0.4405,  0.219726
0.4410,  0.258869
0.4415,  0.294176
0.4420,  0.289072
0.4425,  0.284826
0.4430,  0.256432
0.4435,  0.233110
0.4440,  0.246106
0.4445,  0.263392
0.4450,  0.231680
0.4455,  0.196992
0.4460,  0.214736
0.4465,  0.229324
0.4470,  0.264510
0.4475,  0.295912
0.4480,  0.265547
0.4485,  0.231342
0.4490,  0.233772
0.4495,  0.235638
0.4500,  0.249747
0.4505,  0.267107
0.4510,  0.256885
0.4515,  0.246911
0.4520,  0.213638
0.4525,  0.186066
0.4530,  0.201098
0.4535,  0.212457
0.4540,  0.218514
0.4545,  0.221709
0.4550,  0.230169
0.4555,  0.240353
0.4560,  0.245249
0.4565,  0.247132
0.4570,  0.245237
0.4575,  0.247296
0.4580,  0.220415
0.4585,  0.194382
0.4590,  0.206589
0.4595,  0.214413
0.4600,  0.218944
0.4605,  0.223337
0.4610,  0.221471
0.4615,  0.220917
0.4620,  0.229565
0.4625,  0.239448
0.4630,  0.223672
0.4635,  0.212299
0.4640,  0.204704
0.4645,  0.197351
0.4650,  0.220004
0.4655,  0.243862
0.4660,  0.221410
0.4665,  0.196737
0.4670,  0.219108
0.4675,  0.238171
0.4680,  0.234411
0.4685,  0.231362
0.4690,  0.232700
0.4695,  0.236478
0.4700,  0.215498
0.4705,  0.191446
0.4710,  0.221144
0.4715,  0.249318
0.4720,  0.249338
0.4725,  0.248057
0.4730,  0.237280
0.4735,  0.227311
0.4740,  0.237584
0.4745,  0.247388
0.4750,  0.238030
0.4755,  0.228828
0.4760,  0.214170
0.4765,  0.200812
0.4770,  0.227490
0.4775,  0.251537
0.4780,  0.234686
0.4785,  0.218604
0.4790,  0.232793
0.4795,  0.243855
0.4800,  0.232644
0.4805,  0.223795
0.4810,  0.234367
0.4815,  0.243322
0.4820,  0.228366
0.4825,  0.217210
0.4830,  0.216230
0.4835,  0.219227
0.4840,  0.216695
0.4845,  0.218017
0.4850,  0.202214
0.4855,  0.188533
0.4860,  0.156527
0.4865,  0.114360
0.4870,  0.173873
0.4875,  0.223910
0.4880,  0.237343
0.4885,  0.247288
0.4890,  0.245144
0.4895,  0.244835
0.4900,  0.245573
0.4905,  0.249409
0.4910,  0.222864
0.4915,  0.196604
0.4920,  0.197355
0.4925,  0.197318
0.4930,  0.194247
0.4935,  0.186831
0.4940,  0.219726
0.4945,  0.251226
0.4950,  0.216769
0.4955,  0.183166
0.4960,  0.201883
0.4965,  0.219376
0.4970,  0.219588
0.4975,  0.222548
0.4980,  0.189253
0.4985,  0.155277
0.4990,  0.184185
0.4995,  0.213148
0.5000,  0.192137
0.5005,  0.169321
0.5010,  0.162908
0.5015,  0.153479
0.5020,  0.173954
0.5025,  0.192582
0.5030,  0.200125
0.5035,  0.207646
0.5040,  0.191291
0.5045,  0.170916
0.5050,  0.193915
0.5055,  0.217414
0.5060,  0.204397
0.5065,  0.193601
0.5070,  0.182199
0.5075,  0.170889
0.5080,  0.174681
0.5085,  0.176019
0.5090,  0.174308
0.5095,  0.172396
0.5100,  0.177582
0.5105,  0.182999
0.5110,  0.193151
0.5115,  0.203163
0.5120,  0.175480
0.5125,  0.149609
0.5130,  0.151968
0.5135,  0.154811
0.5140,  0.162431
0.5145,  0.168143
0.5150,  0.175771
0.5155,  0.188507
0.5160,  0.146115
0.5165,  0.102939
0.5170,  0.131611
0.5175,  0.158029
0.5180,  0.145471
0.5185,  0.124951
0.5190,  0.163081
0.5195,  0.197825
0.5200,  0.188242
0.5205,  0.178674
0.5210,  0.187111
0.5215,  0.196952
0.5220,  0.172503
0.5225,  0.147983
0.5230,  0.162137
0.5235,  0.172676
0.5240,  0.181197
0.5245,  0.192709
0.5250,  0.186742
0.5255,  0.184126
0.5260,  0.131951
0.5265,  0.074863
0.5270,  0.119877
0.5275,  0.158248
0.5280,  0.168737
0.5285,  0.176214
0.5290,  0.172514
0.5295,  0.168813
0.5300,  0.169291
0.5305,  0.171018
0.5310,  0.171417
0.5315,  0.176137
0.5320,  0.136213
0.5325,  0.093529
0.5330,  0.137064
0.5335,  0.177312
0.5340,  0.160436
0.5345,  0.140283
0.5350,  0.165693
0.5355,  0.191837
0.5360,  0.164524
0.5365,  0.138624
0.5370,  0.143532
0.5375,  0.149738
0.5380,  0.156981
0.5385,  0.163805
0.5390,  0.150419
0.5395,  0.138953
0.5400,  0.128152
0.5405,  0.117262
0.5410,  0.147157
0.5415,  0.174475
0.5420,  0.159101
0.5425,  0.145059
0.5430,  0.156627
0.5435,  0.165760
0.5440,  0.162829
0.5445,  0.161618
0.5450,  0.167334
0.5455,  0.167973
0.5460,  0.161716
0.5465,  0.157975
0.5470,  0.148968
0.5475,  0.138647
0.5480,  0.146168
0.5485,  0.152977
0.5490,  0.159485
0.5495,  0.165344
0.5500,  0.156656
0.5505,  0.149757
0.5510,  0.153620
0.5515,  0.157153
0.5520,  0.152347
0.5525,  0.145214
0.5530,  0.153899
0.5535,  0.162500
0.5540,  0.165000
0.5545,  0.166642
0.5550,  0.166678
0.5555,  0.167623
0.5560,  0.152995
0.5565,  0.141020
0.5570,  0.151749
0.5575,  0.161529
0.5580,  0.151181
0.5585,  0.142149
0.5590,  0.150335
0.5595,  0.156616
0.5600,  0.161411
0.5605,  0.165648
0.5610,  0.159277
0.5615,  0.153416
0.5620,  0.158285
0.5625,  0.165821
0.5630,  0.170968
0.5635,  0.175712
0.5640,  0.177198
0.5645,  0.178489
0.5650,  0.167201
0.5655,  0.155102
0.5660,  0.159867
0.5665,  0.166045
0.5670,  0.178414
0.5675,  0.192699
0.5680,  0.176179
0.5685,  0.160946
0.5690,  0.176265
0.5695,  0.190619
0.5700,  0.172699
0.5705,  0.152987
0.5710,  0.165724
0.5715,  0.172998
0.5720,  0.182670
0.5725,  0.193153
0.5730,  0.183770
0.5735,  0.177881
0.5740,  0.176540
0.5745,  0.176246
0.5750,  0.168876
0.5755,  0.160362
0.5760,  0.163752
0.5765,  0.167125
0.5770,  0.171250
0.5775,  0.176227
0.5780,  0.161028
0.5785,  0.144340
0.5790,  0.155035
0.5795,  0.162619
0.5800,  0.162641
0.5805,  0.163822
0.5810,  0.165817
0.5815,  0.167737
0.5820,  0.170129
0.5825,  0.173414
0.5830,  0.169064
0.5835,  0.165934
0.5840,  0.168280
0.5845,  0.172520
0.5850,  0.157223
0.5855,  0.140288
0.5860,  0.154027
0.5865,  0.169071
0.5870,  0.179417
0.5875,  0.193536
0.5880,  0.185713
0.5885,  0.179400
0.5890,  0.158487
0.5895,  0.129051
0.5900,  0.185236
0.5905,  0.233012
0.5910,  0.221183
0.5915,  0.208073
0.5920,  0.205752
0.5925,  0.204786
0.5930,  0.197343
0.5935,  0.194666
0.5940,  0.189297
0.5945,  0.184375
0.5950,  0.189437
0.5955,  0.192348
0.5960,  0.196464
0.5965,  0.200478
0.5970,  0.193811
0.5975,  0.187584
0.5980,  0.180991
0.5985,  0.174913
0.5990,  0.180427
0.5995,  0.187993
0.6000,  0.183570
0.6005,  0.181027
0.6010,  0.184825
0.6015,  0.185968
0.6020,  0.174632
0.6025,  0.160948
0.6030,  0.174051
0.6035,  0.187595
0.6040,  0.182798
0.6045,  0.183604
0.6050,  0.184804
0.6055,  0.183524
0.6060,  0.182725
0.6065,  0.180408
0.6070,  0.178325
0.6075,  0.177895
0.6080,  0.176125
0.6085,  0.176003
0.6090,  0.182233
0.6095,  0.188711
0.6100,  0.182290
0.6105,  0.173905
0.6110,  0.185954
0.6115,  0.195747
0.6120,  0.184261
0.6125,  0.175819
0.6130,  0.171997
0.6135,  0.168637
0.6140,  0.178327
0.6145,  0.190159
0.6150,  0.195361
0.6155,  0.201386
0.6160,  0.179021
0.6165,  0.152457
0.6170,  0.176279
0.6175,  0.197817
0.6180,  0.200440
0.6185,  0.202042
0.6190,  0.199257
0.6195,  0.193939
0.6200,  0.198960
0.6205,  0.205558
0.6210,  0.195685
0.6215,  0.186313
0.6220,  0.193132
0.6225,  0.201780
0.6230,  0.191272
0.6235,  0.183923
0.6240,  0.188480
0.6245,  0.191466
0.6250,  0.189128
0.6255,  0.184536
0.6260,  0.201236
0.6265,  0.214649
0.6270,  0.213214
0.6275,  0.216340
0.6280,  0.220067
0.6285,  0.225370
0.6290,  0.226393
0.6295,  0.227652
0.6300,  0.226583
0.6305,  0.221062
0.6310,  0.215110
0.6315,  0.213496
0.6320,  0.207898
0.6325,  0.202881
0.6330,  0.202366
0.6335,  0.204402
0.6340,  0.208831
0.6345,  0.210798
0.6350,  0.215621
0.6355,  0.219290
0.6360,  0.221004
0.6365,  0.219163
0.6370,  0.214013
0.6375,  0.205847
0.6380,  0.201745
0.6385,  0.200249
0.6390,  0.197350
0.6395,  0.194492
0.6400,  0.194804
0.6405,  0.198256
0.6410,  0.198426
0.6415,  0.202958
0.6420,  0.203323
0.6425,  0.201118
0.6430,  0.199074
0.6435,  0.196678
0.6440,  0.194742
0.6445,  0.196920
0.6450,  0.202400
0.6455,  0.208169
0.6460,  0.215782
0.6465,  0.222425
0.6470,  0.227988
0.6475,  0.230363
0.6480,  0.229582
0.6485,  0.228708
0.6490,  0.224038
0.6495,  0.228326
0.6500,  0.229701
0.6505,  0.230888
0.6510,  0.233477
0.6515,  0.231309
0.6520,  0.232681
0.6525,  0.232478
0.6530,  0.229755
0.6535,  0.220800
0.6540,  0.217589
0.6545,  0.216556
0.6550,  0.223610
0.6555,  0.222590
0.6560,  0.214538
0.6565,  0.195696
0.6570,  0.162521
0.6575,  0.173809
0.6580,  0.186473
0.6585,  0.200226
0.6590,  0.215839
0.6595,  0.211840
0.6600,  0.204598
0.6605,  0.200013
0.6610,  0.195792
0.6615,  0.187211
0.6620,  0.180568
0.6625,  0.177727
0.6630,  0.179366
0.6635,  0.183119
0.6640,  0.189954
0.6645,  0.200634
0.6650,  0.205540
0.6655,  0.204512
0.6660,  0.200415
0.6665,  0.194115
0.6670,  0.192648
0.6675,  0.195478
0.6680,  0.190572
0.6685,  0.189039
0.6690,  0.187823
0.6695,  0.187403
0.6700,  0.188068
0.6705,  0.189986
0.6710,  0.196603
0.6715,  0.204488
0.6720,  0.207192
0.6725,  0.207169
0.6730,  0.203865
0.6735,  0.198149
0.6740,  0.190790
0.6745,  0.183937
0.6750,  0.180631
0.6755,  0.180067
0.6760,  0.183346
0.6765,  0.192893
0.6770,  0.194629
0.6775,  0.195821
0.6780,  0.199825
0.6785,  0.201921
0.6790,  0.201441
0.6795,  0.197205
0.6800,  0.194264
0.6805,  0.192279
0.6810,  0.191015
0.6815,  0.189420
0.6820,  0.192883
0.6825,  0.197508
0.6830,  0.205124
0.6835,  0.210009
0.6840,  0.213874
0.6845,  0.216608
0.6850,  0.217426
0.6855,  0.232830
0.6860,  0.261063
0.6865,  0.298870
0.6870,  0.335617
0.6875,  0.349474
0.6880,  0.355452
0.6885,  0.353359
0.6890,  0.349521
0.6895,  0.346711
0.6900,  0.337474
0.6905,  0.330096
0.6910,  0.319530
0.6915,  0.311607
0.6920,  0.308893
0.6925,  0.305282
0.6930,  0.307148
0.6935,  0.305822
0.6940,  0.304737
0.6945,  0.307306
0.6950,  0.305887
0.6955,  0.295797
0.6960,  0.281558
0.6965,  0.265770
0.6970,  0.258720
0.6975,  0.262797
0.6980,  0.272677
0.6985,  0.283560
0.6990,  0.293323
0.6995,  0.297485
0.7000,  0.299264
0.7005,  0.299580
0.7010,  0.293115
0.7015,  0.291875
0.7020,  0.288543
0.7025,  0.285512
0.7030,  0.280552
0.7035,  0.281239
0.7040,  0.285965
0.7045,  0.290934
0.7050,  0.297575
0.7055,  0.299748
0.7060,  0.299457
0.7065,  0.291986
0.7070,  0.291419
0.7075,  0.286544
0.7080,  0.280283
0.7085,  0.269744
0.7090,  0.261409
0.7095,  0.256776
0.7100,  0.258283
0.7105,  0.258288
0.7110,  0.261252
0.7115,  0.262682
0.7120,  0.269990
0.7125,  0.279308
0.7130,  0.283520
0.7135,  0.286888
0.7140,  0.288103
0.7145,  0.287255
0.7150,  0.287671
0.7155,  0.293175
0.7160,  0.315151
0.7165,  0.346263
0.7170,  0.390127
0.7175,  0.439877
0.7180,  0.491046
0.7185,  0.529028
0.7190,  0.556434
0.7195,  0.566922
0.7200,  0.554493
0.7205,  0.527071
0.7210,  0.493636
0.7215,  0.455571
0.7220,  0.436278
0.7225,  0.434825
0.7230,  0.447632
0.7235,  0.470313
0.7240,  0.493046
0.7245,  0.514536
0.7250,  0.531007
0.7255,  0.539239
0.7260,  0.539685
0.7265,  0.532692
0.7270,  0.530597
0.7275,  0.519000
0.7280,  0.506794
0.7285,  0.497416
0.7290,  0.488091
0.7295,  0.490125
0.7300,  0.494375
0.7305,  0.492995
0.7310,  0.482143
0.7315,  0.461298
0.7320,  0.438911
0.7325,  0.408353
0.7330,  0.379109
0.7335,  0.357456
0.7340,  0.339265
0.7345,  0.332091
0.7350,  0.333836
0.7355,  0.336107
0.7360,  0.345876
0.7365,  0.350284
0.7370,  0.350292
0.7375,  0.342137
0.7380,  0.325479
0.7385,  0.316656
0.7390,  0.304807
0.7395,  0.298306
0.7400,  0.294617
0.7405,  0.291202
0.7410,  0.291919
0.7415,  0.299140
0.7420,  0.303517
0.7425,  0.308004
0.7430,  0.309152
0.7435,  0.312656
0.7440,  0.307357
0.7445,  0.300348
0.7450,  0.291837
0.7455,  0.292610
0.7460,  0.293899
0.7465,  0.291170
0.7470,  0.291829
0.7475,  0.294036
0.7480,  0.293088
0.7485,  0.291102
0.7490,  0.291949
0.7495,  0.298907
0.7500,  0.300867
0.7505,  0.296302
0.7510,  0.292874
0.7515,  0.291786
0.7520,  0.290103
0.7525,  0.290362
0.7530,  0.291007
0.7535,  0.293352
0.7540,  0.299810
0.7545,  0.297721
0.7550,  0.300051
0.7555,  0.295407
0.7560,  0.288266
0.7565,  0.283102
0.7570,  0.274895
0.7575,  0.284310
0.7580,  0.308289
0.7585,  0.370539
0.7590,  0.481702
0.7595,  0.647745
0.7600,  0.856858
0.7605,  1.034457
0.7610,  1.122390
0.7615,  1.137870
0.7620,  1.099705
0.7625,  1.077383
0.7630,  1.067984
0.7635,  1.037155
0.7640,  0.979120
0.7645,  0.904740
0.7650,  0.822093
0.7655,  0.741351
0.7660,  0.658374
0.7665,  0.582124
0.7670,  0.516884
0.7675,  0.471562
0.7680,  0.433319
0.7685,  0.411131
0.7690,  0.388292
0.7695,  0.369031
0.7700,  0.355025
0.7705,  0.347351
0.7710,  0.341683
0.7715,  0.345769
0.7720,  0.348439
0.7725,  0.340258
0.7730,  0.336671
0.7735,  0.331460
0.7740,  0.321759
0.7745,  0.315806
0.7750,  0.306781
0.7755,  0.307751
0.7760,  0.313672
0.7765,  0.328044
0.7770,  0.335208
0.7775,  0.340340
0.7780,  0.338414
0.7785,  0.338540
0.7790,  0.326493
0.7795,  0.323892
0.7800,  0.323255
0.7805,  0.323026
0.7810,  0.323152
0.7815,  0.333760
0.7820,  0.330742
0.7825,  0.322268
0.7830,  0.320272
0.7835,  0.332072
0.7840,  0.327716
0.7845,  0.329657
0.7850,  0.333145
0.7855,  0.341348
0.7860,  0.352156
0.7865,  0.359739
0.7870,  0.366681
0.7875,  0.376940
0.7880,  0.386276
0.7885,  0.386520
0.7890,  0.390384
0.7895,  0.395165
0.7900,  0.394730
0.7905,  0.396290
0.7910,  0.394289
0.7915,  0.392828
0.7920,  0.394650
0.7925,  0.397966
0.7930,  0.402806
0.7935,  0.410138
0.7940,  0.413106
0.7945,  0.412408
0.7950,  0.404813
0.7955,  0.402711
0.7960,  0.401396
0.7965,  0.405041
0.7970,  0.403608
0.7975,  0.403830
0.7980,  0.406406
0.7985,  0.414357
0.7990,  0.412627
0.7995,  0.417816
0.8000,  0.418318
0.8005,  0.413658
0.8010,  0.412690
0.8015,  0.400694
0.8020,  0.402538
0.8025,  0.409628
0.8030,  0.426951
0.8035,  0.429353
0.8040,  0.435109
0.8045,  0.435578
0.8050,  0.428649
0.8055,  0.416266
0.8060,  0.403855
0.8065,  0.381127
0.8070,  0.367337
0.8075,  0.362095
0.8080,  0.366491
0.8085,  0.375747
0.8090,  0.402219
0.8095,  0.428225
0.8100,  0.447796
0.8105,  0.460541
0.8110,  0.473171
0.8115,  0.485119
0.8120,  0.496751
0.8125,  0.522433
0.8130,  0.552762
0.8135,  0.579056
0.8140,  0.628154
0.8145,  0.680478
0.8150,  0.732518
0.8155,  0.764896
0.8160,  0.783714
0.8165,  0.805249
0.8170,  0.800970
0.8175,  0.802094
0.8180,  0.784293
0.8185,  0.751071
0.8190,  0.723821
0.8195,  0.704367
0.8200,  0.683360
0.8205,  0.665078
0.8210,  0.655717
0.8215,  0.665574
0.8220,  0.715780
0.8225,  0.784561
0.8230,  0.801944
0.8235,  0.778572
0.8240,  0.727099
0.8245,  0.669531
0.8250,  0.644876
0.8255,  0.628890
0.8260,  0.615878
0.8265,  0.612188
0.8270,  0.619433
0.8275,  0.623839
0.8280,  0.629743
0.8285,  0.644919
0.8290,  0.658520
0.8295,  0.661265
0.8300,  0.648788
0.8305,  0.649125
0.8310,  0.655880
0.8315,  0.649342
0.8320,  0.645209
0.8325,  0.622574
0.8330,  0.597282
0.8335,  0.588237
0.8340,  0.570466
0.8345,  0.560975
0.8350,  0.563197
0.8355,  0.566140
0.8360,  0.558518
0.8365,  0.541066
0.8370,  0.545548
0.8375,  0.536568
0.8380,  0.521079
0.8385,  0.513488
0.8390,  0.504739
0.8395,  0.496800
0.8400,  0.485109
0.8405,  0.488486
0.8410,  0.487555
0.8415,  0.489976
0.8420,  0.497020
0.8425,  0.498435
0.8430,  0.498631
0.8435,  0.485419
0.8440,  0.477263
0.8445,  0.460473
0.8450,  0.449876
0.8455,  0.463539
0.8460,  0.484548
0.8465,  0.488137
0.8470,  0.499781
0.8475,  0.512258
0.8480,  0.532649
0.8485,  0.525502
0.8490,  0.498309
0.8495,  0.471375
0.8500,  0.463621
0.8505,  0.480577
0.8510,  0.510340
0.8515,  0.527428
0.8520,  0.549769
0.8525,  0.555423
0.8530,  0.549872
0.8535,  0.553563
0.8540,  0.530543
0.8545,  0.543527
0.8550,  0.547751
0.8555,  0.538561
0.8560,  0.545743
0.8565,  0.521416
0.8570,  0.532654
0.8575,  0.531065
0.8580,  0.544298
0.8585,  0.558891
0.8590,  0.562408
0.8595,  0.558228
0.8600,  0.553105
0.8605,  0.526150
0.8610,  0.497259
0.8615,  0.485342
0.8620,  0.502845
0.8625,  0.511711
0.8630,  0.525413
0.8635,  0.540828
0.8640,  0.546897
0.8645,  0.551785
0.8650,  0.564791
0.8655,  0.571675
0.8660,  0.546426
0.8665,  0.548707
0.8670,  0.539459
0.8675,  0.531708
0.8680,  0.547960
0.8685,  0.565380
0.8690,  0.609973
0.8695,  0.652269
0.8700,  0.657256
0.8705,  0.609304
0.8710,  0.548701
0.8715,  0.524315
0.8720,  0.511982
0.8725,  0.523327
0.8730,  0.563658
0.8735,  0.599749
0.8740,  0.614917
0.8745,  0.651921
0.8750,  0.666149
0.8755,  0.679040
0.8760,  0.668155
0.8765,  0.671931
0.8770,  0.644898
0.8775,  0.631602
0.8780,  0.624457
0.8785,  0.624261
0.8790,  0.611015
0.8795,  0.623903
0.8800,  0.632879
0.8805,  0.646212
0.8810,  0.662972
0.8815,  0.668968
0.8820,  0.670436
0.8825,  0.655796
0.8830,  0.649147
0.8835,  0.638256
0.8840,  0.630640
0.8845,  0.637804
0.8850,  0.663579
0.8855,  0.690741
0.8860,  0.718044
0.8865,  0.708516
0.8870,  0.719082
0.8875,  0.704902
0.8880,  0.671679
0.8885,  0.677358
0.8890,  0.665387
0.8895,  0.680058
0.8900,  0.728292
