0.3500,  0.319107
0.3505,  0.378138
0.3510,  0.341531
0.3515,  0.304379
0.3520,  0.264113
0.3525,  0.214753
0.3530,  0.254256
0.3535,  0.288976
0.3540,  0.318774
0.3545,  0.348837
0.3550,  0.329746
0.3555,  0.309130
0.3560,  0.272198
0.3565,  0.237241
0.3570,  0.202517
0.3575,  0.172070
0.3580,  0.136656
0.3585,  0.075877
0.3590,  0.243485
0.3595,  0.377544
0.3600,  0.353367
0.3605,  0.327318
0.3610,  0.279434
0.3615,  0.219591
0.3620,  0.266676
0.3625,  0.308055
0.3630,  0.303319
0.3635,  0.295903
0.3640,  0.285003
0.3645,  0.267371
0.3650,  0.300877
0.3655,  0.338756
0.3660,  0.348480
0.3665,  0.353366
0.3670,  0.320713
0.3675,  0.289007
0.3680,  0.249189
0.3685,  0.215059
0.3690,  0.259339
0.3695,  0.303659
0.3700,  0.273001
0.3705,  0.238804
0.3710,  0.256273
0.3715,  0.274294
0.3720,  0.237964
0.3725,  0.204916
0.3730,  0.171634
0.3735,  0.133844
0.3740,  0.145706
0.3745,  0.152380
0.3750,  0.235033
0.3755,  0.303396
0.3760,  0.301366
0.3765,  0.286327
0.3770,  0.331373
0.3775,  0.373899
0.3780,  0.369180
0.3785,  0.372898
0.3790,  0.275149
0.3795,  0.170611
0.3800,  0.228678
0.3805,  0.288256
0.3810,  0.257085
0.3815,  0.234191
0.3820,  0.142070
0.3825,  0.032723
0.3830,  0.005618
0.3835,  -0.034793
0.3840,  0.142945
0.3845,  0.276925
0.3850,  0.290618
0.3855,  0.308383
0.3860,  0.299516
0.3865,  0.290695
0.3870,  0.285883
0.3875,  0.277372
0.3880,  0.253093
0.3885,  0.223256
0.3890,  0.279328
0.3895,  0.319530
0.3900,  0.311388
0.3905,  0.308596
0.3910,  0.322138
0.3915,  0.350081
0.3920,  0.249407
0.3925,  0.144358
0.3930,  -0.035338
0.3935,  -0.284801
0.3940,  0.018137
0.3945,  0.234664
0.3950,  0.345269
0.3955,  0.446885
0.3960,  0.277905
0.3965,  0.065920
0.3970,  0.090492
0.3975,  0.094365
0.3980,  0.291100
0.3985,  0.431044
0.3990,  0.421031
0.3995,  0.411650
0.4000,  0.371812
0.4005,  0.333888
0.4010,  0.316300
0.4015,  0.308311
0.4020,  0.291930
0.4025,  0.281873
0.4030,  0.256020
0.4035,  0.228588
0.4040,  0.218602
0.4045,  0.214641
0.4050,  0.211458
0.4055,  0.211784
0.4060,  0.196672
0.4065,  0.179792
0.4070,  0.191116
0.4075,  0.199960
0.4080,  0.228120
0.4085,  0.255601
0.4090,  0.248170
0.4095,  0.241449
0.4100,  0.192701
0.4105,  0.138086
0.4110,  0.208725
0.4115,  0.270878
0.4120,  0.253912
0.4125,  0.236570
0.4130,  0.220292
0.4135,  0.207290
0.4140,  0.200132
0.4145,  0.191269
0.4150,  0.189539
0.4155,  0.190951
0.4160,  0.215304
0.4165,  0.242862
0.4170,  0.204369
0.4175,  0.159147
0.4180,  0.163396
0.4185,  0.172249
0.4190,  0.180704
0.4195,  0.182997
0.4200,  0.199029
0.4205,  0.213300
0.4210,  0.220116
0.4215,  0.226626
0.4220,  0.175835
0.4225,  0.117292
0.4230,  0.153855
0.4235,  0.193095
0.4240,  0.210141
0.4245,  0.224574
0.4250,  0.208896
0.4255,  0.193585
0.4260,  0.196733
0.4265,  0.201576
0.4270,  0.170795
0.4275,  0.142553
0.4280,  0.150266
0.4285,  0.168673
0.4290,  0.149916
0.4295,  0.137776
0.4300,  0.053766
0.4305,  -0.056666
0.4310,  0.140624
0.4315,  0.293762
0.4320,  0.268711
0.4325,  0.236453
0.4330,  0.244124
0.4335,  0.246907
0.4340,  0.217858
0.4345,  0.191663
0.4350,  0.192964
0.4355,  0.194103
0.4360,  0.232925
0.4365,  0.272785
0.4370,  0.237143
0.4375,  0.208077
0.4380,  0.153780
0.4385,  0.093097
0.4390,  0.164514
0.4395,  0.227311
0.4400,  0.197762
0.4405,  0.162673
0.4410,  0.204903
0.4415,  0.241483
0.4420,  0.239484
0.4425,  0.237649
0.4430,  0.211763
0.4435,  0.191319
0.4440,  0.204325
0.4445,  0.219167
0.4450,  0.186425
0.4455,  0.151032
0.4460,  0.167716
0.4465,  0.181945
0.4470,  0.216926
0.4475,  0.249741
0.4480,  0.221545
0.4485,  0.190166
0.4490,  0.191782
0.4495,  0.193957
0.4500,  0.209866
0.4505,  0.227046
0.4510,  0.218827
0.4515,  0.212792
0.4520,  0.179484
0.4525,  0.150302
0.4530,  0.160524
0.4535,  0.169708
0.4540,  0.179093
0.4545,  0.182689
0.4550,  0.190693
0.4555,  0.199199
0.4560,  0.202939
0.4565,  0.204951
0.4570,  0.205346
0.4575,  0.208648
0.4580,  0.182991
0.4585,  0.157904
0.4590,  0.169143
0.4595,  0.175782
0.4600,  0.180335
0.4605,  0.185993
0.4610,  0.188562
0.4615,  0.188788
0.4620,  0.195196
0.4625,  0.202730
0.4630,  0.185454
0.4635,  0.173181
0.4640,  0.166872
0.4645,  0.160598
0.4650,  0.184318
0.4655,  0.205778
0.4660,  0.182496
0.4665,  0.158254
0.4670,  0.183594
0.4675,  0.203081
0.4680,  0.199712
0.4685,  0.195124
0.4690,  0.197816
0.4695,  0.204058
0.4700,  0.185368
0.4705,  0.161711
0.4710,  0.193327
0.4715,  0.223643
0.4720,  0.222747
0.4725,  0.220749
0.4730,  0.207710
0.4735,  0.194893
0.4740,  0.205755
0.4745,  0.218235
0.4750,  0.209524
0.4755,  0.201027
0.4760,  0.187116
0.4765,  0.174660
0.4770,  0.201604
0.4775,  0.225364
0.4780,  0.208208
0.4785,  0.192338
0.4790,  0.206573
0.4795,  0.219345
0.4800,  0.208383
0.4805,  0.201534
0.4810,  0.215114
0.4815,  0.227516
0.4820,  0.213876
0.4825,  0.201771
0.4830,  0.200340
0.4835,  0.202042
0.4840,  0.198663
0.4845,  0.200970
0.4850,  0.185578
0.4855,  0.172907
0.4860,  0.141459
0.4865,  0.098325
0.4870,  0.154672
0.4875,  0.203392
0.4880,  0.216181
0.4885,  0.226464
0.4890,  0.226772
0.4895,  0.227806
0.4900,  0.230260
0.4905,  0.236486
0.4910,  0.210354
0.4915,  0.185620
0.4920,  0.186298
0.4925,  0.185639
0.4930,  0.181777
0.4935,  0.174289
0.4940,  0.206960
0.4945,  0.239001
0.4950,  0.205401
0.4955,  0.171404
0.4960,  0.190454
0.4965,  0.208836
0.4970,  0.209528
0.4975,  0.214348
0.4980,  0.182314
0.4985,  0.149877
0.4990,  0.178377
0.4995,  0.206445
0.5000,  0.185617
0.5005,  0.163558
0.5010,  0.157683
0.5015,  0.148414
0.5020,  0.168008
0.5025,  0.186474
0.5030,  0.193752
0.5035,  0.200111
0.5040,  0.183575
0.5045,  0.163080
0.5050,  0.187134
0.5055,  0.211323
0.5060,  0.201348
0.5065,  0.191328
0.5070,  0.180374
0.5075,  0.170118
0.5080,  0.173543
0.5085,  0.174601
0.5090,  0.172573
0.5095,  0.170547
0.5100,  0.175087
0.5105,  0.179394
0.5110,  0.189657
0.5115,  0.199979
0.5120,  0.171495
0.5125,  0.146262
0.5130,  0.149805
0.5135,  0.152090
0.5140,  0.159238
0.5145,  0.165172
0.5150,  0.173208
0.5155,  0.187335
0.5160,  0.146892
0.5165,  0.104108
0.5170,  0.131347
0.5175,  0.155521
0.5180,  0.140537
0.5185,  0.117462
0.5190,  0.154075
0.5195,  0.187790
0.5200,  0.176988
0.5205,  0.167268
0.5210,  0.176478
0.5215,  0.187862
0.5220,  0.165972
0.5225,  0.144123
0.5230,  0.159298
0.5235,  0.168946
0.5240,  0.177400
0.5245,  0.189276
0.5250,  0.183039
0.5255,  0.182035
0.5260,  0.132025
0.5265,  0.076166
0.5270,  0.120307
0.5275,  0.156224
0.5280,  0.165610
0.5285,  0.172960
0.5290,  0.170292
0.5295,  0.167082
0.5300,  0.168976
0.5305,  0.172154
0.5310,  0.172157
0.5315,  0.176266
0.5320,  0.136082
0.5325,  0.094131
0.5330,  0.136630
0.5335,  0.173966
0.5340,  0.155103
0.5345,  0.134833
0.5350,  0.160419
0.5355,  0.186851
0.5360,  0.160497
0.5365,  0.135736
0.5370,  0.139958
0.5375,  0.145204
0.5380,  0.153090
0.5385,  0.160952
0.5390,  0.148276
0.5395,  0.137706
0.5400,  0.127342
0.5405,  0.115902
0.5410,  0.144532
0.5415,  0.171007
0.5420,  0.155452
0.5425,  0.140754
0.5430,  0.152880
0.5435,  0.162788
0.5440,  0.159368
0.5445,  0.156289
0.5450,  0.160270
0.5455,  0.162350
0.5460,  0.156288
0.5465,  0.153873
0.5470,  0.146050
0.5475,  0.136022
0.5480,  0.143866
0.5485,  0.150615
0.5490,  0.156549
0.5495,  0.162036
0.5500,  0.152983
0.5505,  0.145634
0.5510,  0.147787
0.5515,  0.150836
0.5520,  0.147751
0.5525,  0.142627
0.5530,  0.152657
0.5535,  0.161247
0.5540,  0.163853
0.5545,  0.165416
0.5550,  0.165390
0.5555,  0.165751
0.5560,  0.150165
0.5565,  0.136416
0.5570,  0.146125
0.5575,  0.155087
0.5580,  0.144952
0.5585,  0.135389
0.5590,  0.143886
0.5595,  0.149315
0.5600,  0.154948
0.5605,  0.159957
0.5610,  0.154834
0.5615,  0.150606
0.5620,  0.156351
0.5625,  0.162379
0.5630,  0.165774
0.5635,  0.168964
0.5640,  0.168652
0.5645,  0.170640
0.5650,  0.161957
0.5655,  0.148843
0.5660,  0.153713
0.5665,  0.160173
0.5670,  0.172308
0.5675,  0.186528
0.5680,  0.170157
0.5685,  0.154790
0.5690,  0.169561
0.5695,  0.183444
0.5700,  0.163077
0.5705,  0.142263
0.5710,  0.155227
0.5715,  0.162363
0.5720,  0.173130
0.5725,  0.184154
0.5730,  0.176392
0.5735,  0.171803
0.5740,  0.172031
0.5745,  0.171869
0.5750,  0.164892
0.5755,  0.156459
0.5760,  0.160603
0.5765,  0.164079
0.5770,  0.167125
0.5775,  0.172184
0.5780,  0.155424
0.5785,  0.136991
0.5790,  0.147073
0.5795,  0.154549
0.5800,  0.152974
0.5805,  0.153063
0.5810,  0.154996
0.5815,  0.157753
0.5820,  0.161045
0.5825,  0.165980
0.5830,  0.161166
0.5835,  0.156912
0.5840,  0.156862
0.5845,  0.161225
0.5850,  0.147392
0.5855,  0.132861
0.5860,  0.147244
0.5865,  0.160767
0.5870,  0.170131
0.5875,  0.184708
0.5880,  0.178328
0.5885,  0.172042
0.5890,  0.149215
0.5895,  0.119640
0.5900,  0.173109
0.5905,  0.218663
0.5910,  0.207087
0.5915,  0.193980
0.5920,  0.192261
0.5925,  0.192607
0.5930,  0.187046
0.5935,  0.185142
0.5940,  0.180774
0.5945,  0.176031
0.5950,  0.180350
0.5955,  0.183165
0.5960,  0.186783
0.5965,  0.189964
0.5970,  0.181337
0.5975,  0.173552
0.5980,  0.166497
0.5985,  0.161830
0.5990,  0.167216
0.5995,  0.174679
0.6000,  0.172103
0.6005,  0.167834
0.6010,  0.170409
0.6015,  0.171822
0.6020,  0.160296
0.6025,  0.145735
0.6030,  0.155769
0.6035,  0.169659
0.6040,  0.166944
0.6045,  0.167226
0.6050,  0.168015
0.6055,  0.166383
0.6060,  0.164451
0.6065,  0.161178
0.6070,  0.158883
0.6075,  0.159063
0.6080,  0.158288
0.6085,  0.158449
0.6090,  0.164119
0.6095,  0.170024
0.6100,  0.163661
0.6105,  0.155866
0.6110,  0.167932
0.6115,  0.178554
0.6120,  0.167263
0.6125,  0.157151
0.6130,  0.152715
0.6135,  0.149138
0.6140,  0.161059
0.6145,  0.173484
0.6150,  0.179049
0.6155,  0.182681
0.6160,  0.158037
0.6165,  0.129784
0.6170,  0.152410
0.6175,  0.174072
0.6180,  0.178182
0.6185,  0.181157
0.6190,  0.178370
0.6195,  0.173682
0.6200,  0.180161
0.6205,  0.185460
0.6210,  0.173225
0.6215,  0.162299
0.6220,  0.169807
0.6225,  0.177346
0.6230,  0.167732
0.6235,  0.161247
0.6240,  0.168155
0.6245,  0.172362
0.6250,  0.169685
0.6255,  0.163236
0.6260,  0.176873
0.6265,  0.188698
0.6270,  0.187250
0.6275,  0.190485
0.6280,  0.195446
0.6285,  0.200504
0.6290,  0.201440
0.6295,  0.201948
0.6300,  0.200969
0.6305,  0.194958
0.6310,  0.187356
0.6315,  0.185269
0.6320,  0.181456
0.6325,  0.177818
0.6330,  0.177295
0.6335,  0.177416
0.6340,  0.179260
0.6345,  0.181537
0.6350,  0.185404
0.6355,  0.187403
0.6360,  0.189261
0.6365,  0.186554
0.6370,  0.181691
0.6375,  0.175505
0.6380,  0.172203
0.6385,  0.172326
0.6390,  0.173876
0.6395,  0.172145
0.6400,  0.170397
0.6405,  0.166960
0.6410,  0.164435
0.6415,  0.166129
0.6420,  0.167460
0.6425,  0.169153
0.6430,  0.171569
0.6435,  0.171603
0.6440,  0.170337
0.6445,  0.171094
0.6450,  0.173511
0.6455,  0.176780
0.6460,  0.182211
0.6465,  0.189573
0.6470,  0.195543
0.6475,  0.197237
0.6480,  0.200794
0.6485,  0.199544
0.6490,  0.191480
0.6495,  0.192833
0.6500,  0.193335
0.6505,  0.194800
0.6510,  0.198273
0.6515,  0.196100
0.6520,  0.193703
0.6525,  0.193104
0.6530,  0.192204
0.6535,  0.184146
0.6540,  0.179829
0.6545,  0.182292
0.6550,  0.191814
0.6555,  0.190371
0.6560,  0.177636
0.6565,  0.154611
0.6570,  0.120240
0.6575,  0.130677
0.6580,  0.142648
0.6585,  0.156553
0.6590,  0.172035
0.6595,  0.170953
0.6600,  0.166079
0.6605,  0.159859
0.6610,  0.156791
0.6615,  0.150075
0.6620,  0.145041
0.6625,  0.142978
0.6630,  0.146871
0.6635,  0.149688
0.6640,  0.152509
0.6645,  0.157982
0.6650,  0.159488
0.6655,  0.157172
0.6660,  0.156842
0.6665,  0.155393
0.6670,  0.149925
0.6675,  0.148390
0.6680,  0.143269
0.6685,  0.142860
0.6690,  0.143110
0.6695,  0.141054
0.6700,  0.139056
0.6705,  0.141821
0.6710,  0.145812
0.6715,  0.153102
0.6720,  0.156287
0.6725,  0.156762
0.6730,  0.155133
0.6735,  0.149610
0.6740,  0.143581
0.6745,  0.138979
0.6750,  0.136454
0.6755,  0.137173
0.6760,  0.138412
0.6765,  0.143823
0.6770,  0.148294
0.6775,  0.149880
0.6780,  0.151549
0.6785,  0.150651
0.6790,  0.150281
0.6795,  0.148988
0.6800,  0.148072
0.6805,  0.144730
0.6810,  0.145767
0.6815,  0.146144
0.6820,  0.145915
0.6825,  0.146065
0.6830,  0.148811
0.6835,  0.150769
0.6840,  0.156547
0.6845,  0.159272
0.6850,  0.163920
0.6855,  0.180275
0.6860,  0.210935
0.6865,  0.246423
0.6870,  0.274420
0.6875,  0.282124
0.6880,  0.283116
0.6885,  0.277373
0.6890,  0.269919
0.6895,  0.264596
0.6900,  0.257280
0.6905,  0.251905
0.6910,  0.244974
0.6915,  0.241095
0.6920,  0.241807
0.6925,  0.242866
0.6930,  0.246619
0.6935,  0.243933
0.6940,  0.241244
0.6945,  0.238205
0.6950,  0.231969
0.6955,  0.221688
0.6960,  0.210439
0.6965,  0.200515
0.6970,  0.192220
0.6975,  0.199855
0.6980,  0.213907
0.6985,  0.224163
0.6990,  0.231550
0.6995,  0.233332
0.7000,  0.228893
0.7005,  0.222827
0.7010,  0.217069
0.7015,  0.216436
0.7020,  0.215803
0.7025,  0.213688
0.7030,  0.210101
0.7035,  0.208610
0.7040,  0.211692
0.7045,  0.218462
0.7050,  0.224959
0.7055,  0.224355
0.7060,  0.222792
0.7065,  0.213781
0.7070,  0.213668
0.7075,  0.208043
0.7080,  0.202507
0.7085,  0.193562
0.7090,  0.185926
0.7095,  0.181373
0.7100,  0.186191
0.7105,  0.186528
0.7110,  0.190257
0.7115,  0.190300
0.7120,  0.194363
0.7125,  0.198806
0.7130,  0.200859
0.7135,  0.206262
0.7140,  0.209777
0.7145,  0.211551
0.7150,  0.214658
0.7155,  0.224194
0.7160,  0.251881
0.7165,  0.285258
0.7170,  0.330780
0.7175,  0.369283
0.7180,  0.404094
0.7185,  0.429017
0.7190,  0.445337
0.7195,  0.454573
0.7200,  0.447206
0.7205,  0.421956
0.7210,  0.386864
0.7215,  0.349417
0.7220,  0.335189
0.7225,  0.341277
0.7230,  0.357545
0.7235,  0.377949
0.7240,  0.395036
0.7245,  0.407182
0.7250,  0.414568
0.7255,  0.416375
0.7260,  0.414323
0.7265,  0.409793
0.7270,  0.408095
0.7275,  0.404509
0.7280,  0.399785
0.7285,  0.391823
0.7290,  0.385702
0.7295,  0.385489
0.7300,  0.384990
0.7305,  0.382022
0.7310,  0.371479
0.7315,  0.351472
0.7320,  0.326656
0.7325,  0.299682
0.7330,  0.274487
0.7335,  0.261736
0.7340,  0.249354
0.7345,  0.246420
0.7350,  0.248547
0.7355,  0.250528
0.7360,  0.251113
0.7365,  0.247867
0.7370,  0.243394
0.7375,  0.233824
0.7380,  0.221375
0.7385,  0.221337
0.7390,  0.214927
0.7395,  0.209175
0.7400,  0.203397
0.7405,  0.197391
0.7410,  0.188301
0.7415,  0.192048
0.7420,  0.192859
0.7425,  0.197527
0.7430,  0.199481
0.7435,  0.200918
0.7440,  0.198127
0.7445,  0.194668
0.7450,  0.190957
0.7455,  0.187298
0.7460,  0.183996
0.7465,  0.176186
0.7470,  0.172395
0.7475,  0.167834
0.7480,  0.168278
0.7485,  0.170007
0.7490,  0.179484
0.7495,  0.187612
0.7500,  0.186537
0.7505,  0.183711
0.7510,  0.180848
0.7515,  0.179467
0.7520,  0.181824
0.7525,  0.179195
0.7530,  0.175576
0.7535,  0.172174
0.7540,  0.169787
0.7545,  0.165358
0.7550,  0.175333
0.7555,  0.179562
0.7560,  0.176547
0.7565,  0.173947
0.7570,  0.170186
0.7575,  0.174917
0.7580,  0.195463
0.7585,  0.248775
0.7590,  0.345108
0.7595,  0.489112
0.7600,  0.653638
0.7605,  0.777094
0.7610,  0.827752
0.7615,  0.827392
0.7620,  0.811618
0.7625,  0.797491
0.7630,  0.787307
0.7635,  0.754139
0.7640,  0.701460
0.7645,  0.639337
0.7650,  0.569439
0.7655,  0.507224
0.7660,  0.442587
0.7665,  0.377298
0.7670,  0.322717
0.7675,  0.292000
0.7680,  0.267965
0.7685,  0.255077
0.7690,  0.243066
0.7695,  0.226850
0.7700,  0.216021
0.7705,  0.205385
0.7710,  0.191755
0.7715,  0.188598
0.7720,  0.190379
0.7725,  0.186053
0.7730,  0.189868
0.7735,  0.193656
0.7740,  0.195193
0.7745,  0.189033
0.7750,  0.175146
0.7755,  0.169035
0.7760,  0.168819
0.7765,  0.173421
0.7770,  0.175051
0.7775,  0.175187
0.7780,  0.173108
0.7785,  0.172080
0.7790,  0.166153
0.7795,  0.171236
0.7800,  0.177206
0.7805,  0.180688
0.7810,  0.178452
0.7815,  0.178129
0.7820,  0.178222
0.7825,  0.170882
0.7830,  0.163483
0.7835,  0.167762
0.7840,  0.172132
0.7845,  0.178158
0.7850,  0.180232
0.7855,  0.183787
0.7860,  0.186780
0.7865,  0.198051
0.7870,  0.202836
0.7875,  0.203762
0.7880,  0.204830
0.7885,  0.205851
0.7890,  0.211240
0.7895,  0.217718
0.7900,  0.220084
0.7905,  0.224139
0.7910,  0.221088
0.7915,  0.221526
0.7920,  0.220670
0.7925,  0.218941
0.7930,  0.213891
0.7935,  0.212158
0.7940,  0.206384
0.7945,  0.205341
0.7950,  0.211479
0.7955,  0.227681
0.7960,  0.225030
0.7965,  0.223509
0.7970,  0.223017
0.7975,  0.218221
0.7980,  0.213145
0.7985,  0.215061
0.7990,  0.217869
0.7995,  0.226861
0.8000,  0.226504
0.8005,  0.219588
0.8010,  0.223565
0.8015,  0.220342
0.8020,  0.215220
0.8025,  0.213225
0.8030,  0.218447
0.8035,  0.223598
0.8040,  0.229448
0.8045,  0.231171
0.8050,  0.223983
0.8055,  0.213764
0.8060,  0.200278
0.8065,  0.192775
0.8070,  0.191727
0.8075,  0.194956
0.8080,  0.197082
0.8085,  0.192679
0.8090,  0.196215
0.8095,  0.203494
0.8100,  0.219220
0.8105,  0.230814
0.8110,  0.237673
0.8115,  0.255504
0.8120,  0.273896
0.8125,  0.301642
0.8130,  0.334185
0.8135,  0.358413
0.8140,  0.385801
0.8145,  0.412175
0.8150,  0.436810
0.8155,  0.458566
0.8160,  0.479619
0.8165,  0.501152
0.8170,  0.495688
0.8175,  0.489676
0.8180,  0.481435
0.8185,  0.456708
0.8190,  0.431824
0.8195,  0.407933
0.8200,  0.377013
0.8205,  0.355234
0.8210,  0.357431
0.8215,  0.378711
0.8220,  0.420963
0.8225,  0.466387
0.8230,  0.482984
0.8235,  0.460651
0.8240,  0.411362
0.8245,  0.366057
0.8250,  0.340944
0.8255,  0.329851
0.8260,  0.318971
0.8265,  0.319178
0.8270,  0.331136
0.8275,  0.337290
0.8280,  0.351782
0.8285,  0.366390
0.8290,  0.371629
0.8295,  0.374992
0.8300,  0.358760
0.8305,  0.352198
0.8310,  0.342548
0.8315,  0.334188
0.8320,  0.329355
0.8325,  0.325844
0.8330,  0.312157
0.8335,  0.305419
0.8340,  0.299479
0.8345,  0.290441
0.8350,  0.289046
0.8355,  0.281506
0.8360,  0.271813
0.8365,  0.257233
0.8370,  0.250537
0.8375,  0.244138
0.8380,  0.234704
0.8385,  0.231208
0.8390,  0.233631
0.8395,  0.227140
0.8400,  0.220029
0.8405,  0.218527
0.8410,  0.221858
0.8415,  0.221771
0.8420,  0.220021
0.8425,  0.210538
0.8430,  0.191938
0.8435,  0.186252
0.8440,  0.184989
0.8445,  0.178108
0.8450,  0.174994
0.8455,  0.181081
0.8460,  0.183989
0.8465,  0.181623
0.8470,  0.186857
0.8475,  0.196315
0.8480,  0.215002
0.8485,  0.205618
0.8490,  0.195507
0.8495,  0.187661
0.8500,  0.183824
0.8505,  0.189111
0.8510,  0.195875
0.8515,  0.194146
0.8520,  0.205878
0.8525,  0.197798
0.8530,  0.191912
0.8535,  0.181139
0.8540,  0.156760
0.8545,  0.170266
0.8550,  0.182811
0.8555,  0.178200
0.8560,  0.195779
0.8565,  0.204551
0.8570,  0.214967
0.8575,  0.213286
0.8580,  0.214002
0.8585,  0.210204
0.8590,  0.207618
0.8595,  0.193336
0.8600,  0.192205
0.8605,  0.178740
0.8610,  0.155573
0.8615,  0.144205
0.8620,  0.151303
0.8625,  0.153943
0.8630,  0.153981
0.8635,  0.170469
0.8640,  0.173033
0.8645,  0.171333
0.8650,  0.182378
0.8655,  0.185819
0.8660,  0.166034
0.8665,  0.168717
0.8670,  0.162617
0.8675,  0.146449
0.8680,  0.150366
0.8685,  0.157490
0.8690,  0.184900
0.8695,  0.206973
0.8700,  0.219007
0.8705,  0.196937
0.8710,  0.176961
0.8715,  0.162576
0.8720,  0.156459
0.8725,  0.162410
0.8730,  0.180989
0.8735,  0.183913
0.8740,  0.191583
0.8745,  0.211330
0.8750,  0.225447
0.8755,  0.225625
0.8760,  0.219159
0.8765,  0.225399
0.8770,  0.211199
0.8775,  0.199933
0.8780,  0.187953
0.8785,  0.173822
0.8790,  0.162431
0.8795,  0.168622
0.8800,  0.177363
0.8805,  0.195285
0.8810,  0.213022
0.8815,  0.212062
0.8820,  0.207833
0.8825,  0.204773
0.8830,  0.205948
0.8835,  0.190474
0.8840,  0.176871
0.8845,  0.172712
0.8850,  0.172912
0.8855,  0.187601
0.8860,  0.205734
0.8865,  0.223063
0.8870,  0.234743
0.8875,  0.228956
0.8880,  0.208034
0.8885,  0.187917
0.8890,  0.180626
0.8895,  0.192396
0.8900,  0.205472
