0.3500,  Infinity
0.3505,  Infinity
0.3510,  Infinity
0.3515,  Infinity
0.3520,  Infinity
0.3525,  Infinity
0.3530,  Infinity
0.3535,  Infinity
0.3540,  Infinity
0.3545,  Infinity
0.3550,  Infinity
0.3555,  Infinity
0.3560,  Infinity
0.3565,  Infinity
0.3570,  Infinity
0.3575,  Infinity
0.3580,  Infinity
0.3585,  Infinity
0.3590,  Infinity
0.3595,  Infinity
0.3600,  Infinity
0.3605,  Infinity
0.3610,  Infinity
0.3615,  Infinity
0.3620,  Infinity
0.3625,  Infinity
0.3630,  Infinity
0.3635,  Infinity
0.3640,  Infinity
0.3645,  Infinity
0.3650,  Infinity
0.3655,  Infinity
0.3660,  Infinity
0.3665,  Infinity
0.3670,  Infinity
0.3675,  Infinity
0.3680,  Infinity
0.3685,  Infinity
0.3690,  Infinity
0.3695,  Infinity
0.3700,  Infinity
0.3705,  Infinity
0.3710,  Infinity
0.3715,  Infinity
0.3720,  Infinity
0.3725,  Infinity
0.3730,  Infinity
0.3735,  Infinity
0.3740,  Infinity
0.3745,  Infinity
0.3750,  Infinity
0.3755,  Infinity
0.3760,  Infinity
0.3765,  Infinity
0.3770,  Infinity
0.3775,  Infinity
0.3780,  Infinity
0.3785,  Infinity
0.3790,  Infinity
0.3795,  Infinity
0.3800,  Infinity
0.3805,  Infinity
0.3810,  Infinity
0.3815,  Infinity
0.3820,  Infinity
0.3825,  Infinity
0.3830,  Infinity
0.3835,  Infinity
0.3840,  Infinity
0.3845,  Infinity
0.3850,  Infinity
0.3855,  Infinity
0.3860,  Infinity
0.3865,  Infinity
0.3870,  Infinity
0.3875,  Infinity
0.3880,  Infinity
0.3885,  Infinity
0.3890,  Infinity
0.3895,  Infinity
0.3900,  Infinity
0.3905,  Infinity
0.3910,  Infinity
0.3915,  Infinity
0.3920,  Infinity
0.3925,  6.097436
0.3930,  5.674933
0.3935,  Infinity
0.3940,  Infinity
0.3945,  Infinity
0.3950,  Infinity
0.3955,  Infinity
0.3960,  Infinity
0.3965,  Infinity
0.3970,  Infinity
0.3975,  Infinity
0.3980,  Infinity
0.3985,  4.390247
0.3990,  3.354155
0.3995,  2.896010
0.4000,  2.620209
0.4005,  2.458476
0.4010,  2.368472
0.4015,  2.304322
0.4020,  2.243839
0.4025,  2.202496
0.4030,  2.151482
0.4035,  2.084596
0.4040,  2.044392
0.4045,  2.030256
0.4050,  2.015884
0.4055,  2.011924
0.4060,  2.004377
0.4065,  1.996234
0.4070,  2.003773
0.4075,  1.998629
0.4080,  2.021448
0.4085,  2.054787
0.4090,  2.056607
0.4095,  2.050147
0.4100,  1.996806
0.4105,  1.940403
0.4110,  1.990356
0.4115,  2.024594
0.4120,  1.975373
0.4125,  1.934447
0.4130,  1.927180
0.4135,  1.913101
0.4140,  1.897743
0.4145,  1.877804
0.4150,  1.845276
0.4155,  1.837554
0.4160,  1.865536
0.4165,  1.908824
0.4170,  1.903435
0.4175,  1.897443
0.4180,  1.926352
0.4185,  1.926095
0.4190,  1.923991
0.4195,  1.900624
0.4200,  1.876988
0.4205,  1.880422
0.4210,  1.883505
0.4215,  1.890629
0.4220,  1.857374
0.4225,  1.828833
0.4230,  1.869856
0.4235,  1.899678
0.4240,  1.912580
0.4245,  1.957251
0.4250,  1.964537
0.4255,  1.941381
0.4260,  1.950684
0.4265,  1.928073
0.4270,  1.858973
0.4275,  1.836041
0.4280,  1.850611
0.4285,  1.884750
0.4290,  1.905433
0.4295,  1.909358
0.4300,  1.857148
0.4305,  1.814431
0.4310,  2.060201
0.4315,  2.220920
0.4320,  2.163692
0.4325,  2.086248
0.4330,  2.041330
0.4335,  1.976281
0.4340,  1.897840
0.4345,  1.844371
0.4350,  1.819755
0.4355,  1.786839
0.4360,  1.802723
0.4365,  1.825888
0.4370,  1.789721
0.4375,  1.759208
0.4380,  1.737506
0.4385,  1.703865
0.4390,  1.771306
0.4395,  1.817061
0.4400,  1.766877
0.4405,  1.721724
0.4410,  1.742296
0.4415,  1.761502
0.4420,  1.752352
0.4425,  1.732585
0.4430,  1.690338
0.4435,  1.652089
0.4440,  1.658704
0.4445,  1.674747
0.4450,  1.658039
0.4455,  1.642616
0.4460,  1.666674
0.4465,  1.666413
0.4470,  1.680182
0.4475,  1.696543
0.4480,  1.656172
0.4485,  1.610148
0.4490,  1.597301
0.4495,  1.586093
0.4500,  1.584052
0.4505,  1.593944
0.4510,  1.592039
0.4515,  1.594208
0.4520,  1.567443
0.4525,  1.548697
0.4530,  1.568331
0.4535,  1.589934
0.4540,  1.604851
0.4545,  1.608085
0.4550,  1.614450
0.4555,  1.616594
0.4560,  1.614937
0.4565,  1.608770
0.4570,  1.598831
0.4575,  1.598767
0.4580,  1.571517
0.4585,  1.545668
0.4590,  1.562731
0.4595,  1.569441
0.4600,  1.572675
0.4605,  1.581826
0.4610,  1.596293
0.4615,  1.605866
0.4620,  1.609414
0.4625,  1.605439
0.4630,  1.581726
0.4635,  1.559896
0.4640,  1.543028
0.4645,  1.535367
0.4650,  1.546673
0.4655,  1.561013
0.4660,  1.538295
0.4665,  1.527678
0.4670,  1.562271
0.4675,  1.576616
0.4680,  1.568128
0.4685,  1.546234
0.4690,  1.551847
0.4695,  1.546158
0.4700,  1.527027
0.4705,  1.490334
0.4710,  1.512829
0.4715,  1.536161
0.4720,  1.516861
0.4725,  1.507043
0.4730,  1.484698
0.4735,  1.473506
0.4740,  1.487315
0.4745,  1.500212
0.4750,  1.489957
0.4755,  1.480129
0.4760,  1.464061
0.4765,  1.446336
0.4770,  1.465467
0.4775,  1.478590
0.4780,  1.451763
0.4785,  1.426235
0.4790,  1.432421
0.4795,  1.433218
0.4800,  1.416817
0.4805,  1.406151
0.4810,  1.417013
0.4815,  1.422698
0.4820,  1.403401
0.4825,  1.386520
0.4830,  1.386964
0.4835,  1.386351
0.4840,  1.375711
0.4845,  1.373431
0.4850,  1.356277
0.4855,  1.349382
0.4860,  1.315785
0.4865,  1.267366
0.4870,  1.317915
0.4875,  1.359705
0.4880,  1.366562
0.4885,  1.369879
0.4890,  1.364515
0.4895,  1.359151
0.4900,  1.354544
0.4905,  1.357893
0.4910,  1.329461
0.4915,  1.303323
0.4920,  1.302140
0.4925,  1.295604
0.4930,  1.285070
0.4935,  1.274118
0.4940,  1.307497
0.4945,  1.336697
0.4950,  1.307203
0.4955,  1.271010
0.4960,  1.288192
0.4965,  1.305163
0.4970,  1.308653
0.4975,  1.309260
0.4980,  1.271966
0.4985,  1.233998
0.4990,  1.257229
0.4995,  1.280852
0.5000,  1.257011
0.5005,  1.236483
0.5010,  1.233707
0.5015,  1.229021
0.5020,  1.252418
0.5025,  1.272929
0.5030,  1.280545
0.5035,  1.284708
0.5040,  1.266655
0.5045,  1.250705
0.5050,  1.273639
0.5055,  1.291296
0.5060,  1.276207
0.5065,  1.260487
0.5070,  1.249211
0.5075,  1.235554
0.5080,  1.237485
0.5085,  1.241242
0.5090,  1.241605
0.5095,  1.239317
0.5100,  1.244611
0.5105,  1.251041
0.5110,  1.264290
0.5115,  1.276928
0.5120,  1.250842
0.5125,  1.226055
0.5130,  1.230706
0.5135,  1.230119
0.5140,  1.237543
0.5145,  1.243701
0.5150,  1.251830
0.5155,  1.265837
0.5160,  1.229487
0.5165,  1.196089
0.5170,  1.231585
0.5175,  1.260306
0.5180,  1.247217
0.5185,  1.223966
0.5190,  1.259768
0.5195,  1.290756
0.5200,  1.278058
0.5205,  1.265704
0.5210,  1.273168
0.5215,  1.284395
0.5220,  1.259549
0.5225,  1.233712
0.5230,  1.247423
0.5235,  1.258986
0.5240,  1.264996
0.5245,  1.274752
0.5250,  1.274732
0.5255,  1.273489
0.5260,  1.221440
0.5265,  1.166181
0.5270,  1.213407
0.5275,  1.247606
0.5280,  1.251613
0.5285,  1.256165
0.5290,  1.252473
0.5295,  1.249427
0.5300,  1.254846
0.5305,  1.260273
0.5310,  1.257395
0.5315,  1.262267
0.5320,  1.222449
0.5325,  1.184016
0.5330,  1.226522
0.5335,  1.264668
0.5340,  1.247077
0.5345,  1.223842
0.5350,  1.245903
0.5355,  1.272429
0.5360,  1.249809
0.5365,  1.227778
0.5370,  1.236056
0.5375,  1.241573
0.5380,  1.251304
0.5385,  1.260075
0.5390,  1.252494
0.5395,  1.243730
0.5400,  1.232925
0.5405,  1.221276
0.5410,  1.245612
0.5415,  1.266145
0.5420,  1.249529
0.5425,  1.235383
0.5430,  1.247117
0.5435,  1.251471
0.5440,  1.245821
0.5445,  1.247670
0.5450,  1.254021
0.5455,  1.261450
0.5460,  1.257278
0.5465,  1.252671
0.5470,  1.245135
0.5475,  1.235455
0.5480,  1.241848
0.5485,  1.246061
0.5490,  1.251591
0.5495,  1.260100
0.5500,  1.253623
0.5505,  1.249536
0.5510,  1.254821
0.5515,  1.259997
0.5520,  1.256639
0.5525,  1.249751
0.5530,  1.257934
0.5535,  1.267243
0.5540,  1.269618
0.5545,  1.268489
0.5550,  1.264263
0.5555,  1.263289
0.5560,  1.253591
0.5565,  1.243779
0.5570,  1.260315
0.5575,  1.276488
0.5580,  1.267287
0.5585,  1.260321
0.5590,  1.266260
0.5595,  1.271126
0.5600,  1.278536
0.5605,  1.283571
0.5610,  1.276708
0.5615,  1.267908
0.5620,  1.268451
0.5625,  1.273433
0.5630,  1.277986
0.5635,  1.284190
0.5640,  1.284639
0.5645,  1.285392
0.5650,  1.271958
0.5655,  1.265279
0.5660,  1.280687
0.5665,  1.289304
0.5670,  1.303995
0.5675,  1.320316
0.5680,  1.305208
0.5685,  1.294437
0.5690,  1.308119
0.5695,  1.316704
0.5700,  1.297725
0.5705,  1.280002
0.5710,  1.296588
0.5715,  1.301263
0.5720,  1.303546
0.5725,  1.319504
0.5730,  1.312551
0.5735,  1.311248
0.5740,  1.311915
0.5745,  1.312345
0.5750,  1.305180
0.5755,  1.292731
0.5760,  1.296057
0.5765,  1.298751
0.5770,  1.302750
0.5775,  1.307291
0.5780,  1.290660
0.5785,  1.274791
0.5790,  1.290229
0.5795,  1.302571
0.5800,  1.305436
0.5805,  1.307047
0.5810,  1.304931
0.5815,  1.303977
0.5820,  1.305119
0.5825,  1.308934
0.5830,  1.298437
0.5835,  1.297375
0.5840,  1.297465
0.5845,  1.302693
0.5850,  1.289312
0.5855,  1.279187
0.5860,  1.299006
0.5865,  1.319097
0.5870,  1.333770
0.5875,  1.352591
0.5880,  1.355899
0.5885,  1.353498
0.5890,  1.337930
0.5895,  1.303480
0.5900,  1.356875
0.5905,  1.406010
0.5910,  1.392689
0.5915,  1.377335
0.5920,  1.374371
0.5925,  1.375114
0.5930,  1.364176
0.5935,  1.365756
0.5940,  1.376177
0.5945,  1.377493
0.5950,  1.381131
0.5955,  1.380323
0.5960,  1.375710
0.5965,  1.371134
0.5970,  1.365366
0.5975,  1.357734
0.5980,  1.353882
0.5985,  1.344506
0.5990,  1.352852
0.5995,  1.366761
0.6000,  1.365540
0.6005,  1.364918
0.6010,  1.367309
0.6015,  1.365909
0.6020,  1.348468
0.6025,  1.331764
0.6030,  1.339996
0.6035,  1.353758
0.6040,  1.351068
0.6045,  1.352877
0.6050,  1.352861
0.6055,  1.355265
0.6060,  1.358783
0.6065,  1.363111
0.6070,  1.368970
0.6075,  1.371910
0.6080,  1.375349
0.6085,  1.374804
0.6090,  1.380130
0.6095,  1.391360
0.6100,  1.379209
0.6105,  1.361888
0.6110,  1.364731
0.6115,  1.373181
0.6120,  1.363857
0.6125,  1.362612
0.6130,  1.371541
0.6135,  1.381040
0.6140,  1.397584
0.6145,  1.410323
0.6150,  1.415346
0.6155,  1.418124
0.6160,  1.388571
0.6165,  1.352436
0.6170,  1.372924
0.6175,  1.398950
0.6180,  1.409788
0.6185,  1.419823
0.6190,  1.424918
0.6195,  1.423003
0.6200,  1.432902
0.6205,  1.441724
0.6210,  1.432723
0.6215,  1.422210
0.6220,  1.425799
0.6225,  1.436871
0.6230,  1.429000
0.6235,  1.427647
0.6240,  1.429576
0.6245,  1.430768
0.6250,  1.432150
0.6255,  1.427584
0.6260,  1.444234
0.6265,  1.458465
0.6270,  1.466542
0.6275,  1.472047
0.6280,  1.487492
0.6285,  1.501051
0.6290,  1.510434
0.6295,  1.518029
0.6300,  1.505895
0.6305,  1.490255
0.6310,  1.474532
0.6315,  1.468525
0.6320,  1.471476
0.6325,  1.475406
0.6330,  1.480578
0.6335,  1.481466
0.6340,  1.483690
0.6345,  1.492092
0.6350,  1.497617
0.6355,  1.491890
0.6360,  1.482288
0.6365,  1.481306
0.6370,  1.477826
0.6375,  1.474134
0.6380,  1.472275
0.6385,  1.478034
0.6390,  1.490995
0.6395,  1.500886
0.6400,  1.510202
0.6405,  1.509319
0.6410,  1.505984
0.6415,  1.501855
0.6420,  1.498846
0.6425,  1.501029
0.6430,  1.505634
0.6435,  1.499516
0.6440,  1.501759
0.6445,  1.509302
0.6450,  1.525137
0.6455,  1.541537
0.6460,  1.558866
0.6465,  1.567623
0.6470,  1.572865
0.6475,  1.583625
0.6480,  1.594971
0.6485,  1.596421
0.6490,  1.608847
0.6495,  1.607044
0.6500,  1.599510
0.6505,  1.597257
0.6510,  1.601365
0.6515,  1.593096
0.6520,  1.585329
0.6525,  1.572789
0.6530,  1.565348
0.6535,  1.559524
0.6540,  1.561321
0.6545,  1.571778
0.6550,  1.594171
0.6555,  1.620393
0.6560,  1.637530
0.6565,  1.627870
0.6570,  1.583993
0.6575,  1.575969
0.6580,  1.564832
0.6585,  1.565177
0.6590,  1.562813
0.6595,  1.546401
0.6600,  1.551739
0.6605,  1.552325
0.6610,  1.560127
0.6615,  1.557107
0.6620,  1.562295
0.6625,  1.572710
0.6630,  1.572914
0.6635,  1.564801
0.6640,  1.562108
0.6645,  1.564146
0.6650,  1.575487
0.6655,  1.578769
0.6660,  1.578778
0.6665,  1.579464
0.6670,  1.594100
0.6675,  1.606402
0.6680,  1.617729
0.6685,  1.626295
0.6690,  1.630240
0.6695,  1.631750
0.6700,  1.620655
0.6705,  1.606827
0.6710,  1.604599
0.6715,  1.608320
0.6720,  1.613638
0.6725,  1.628422
0.6730,  1.637622
0.6735,  1.647218
0.6740,  1.662202
0.6745,  1.676557
0.6750,  1.670099
0.6755,  1.660605
0.6760,  1.659387
0.6765,  1.662092
0.6770,  1.664425
0.6775,  1.662431
0.6780,  1.669069
0.6785,  1.670574
0.6790,  1.673032
0.6795,  1.683733
0.6800,  1.688415
0.6805,  1.701024
0.6810,  1.722905
0.6815,  1.736322
0.6820,  1.737387
0.6825,  1.727043
0.6830,  1.720867
0.6835,  1.726203
0.6840,  1.714582
0.6845,  1.721898
0.6850,  1.757227
0.6855,  1.812552
0.6860,  1.911988
0.6865,  2.031074
0.6870,  2.134520
0.6875,  2.194716
0.6880,  2.198200
0.6885,  2.165246
0.6890,  2.139605
0.6895,  2.101161
0.6900,  2.052473
0.6905,  2.036507
0.6910,  2.013892
0.6915,  2.023127
0.6920,  2.037852
0.6925,  2.056758
0.6930,  2.086244
0.6935,  2.106121
0.6940,  2.129632
0.6945,  2.130275
0.6950,  2.094887
0.6955,  2.054231
0.6960,  2.016075
0.6965,  1.983539
0.6970,  1.981494
0.6975,  1.998389
0.6980,  2.019326
0.6985,  2.060652
0.6990,  2.108943
0.6995,  2.163367
0.7000,  2.156121
0.7005,  2.156019
0.7010,  2.129816
0.7015,  2.143019
0.7020,  2.143749
0.7025,  2.146790
0.7030,  2.131854
0.7035,  2.099841
0.7040,  2.097236
0.7045,  2.110955
0.7050,  2.127660
0.7055,  2.138485
0.7060,  2.132942
0.7065,  2.145948
0.7070,  2.172629
0.7075,  2.187347
0.7080,  2.157256
0.7085,  2.156710
0.7090,  2.151489
0.7095,  2.142714
0.7100,  2.144640
0.7105,  2.134674
0.7110,  2.162354
0.7115,  2.198939
0.7120,  2.217711
0.7125,  2.238789
0.7130,  2.240755
0.7135,  2.253544
0.7140,  2.267657
0.7145,  2.266519
0.7150,  2.307583
0.7155,  2.344066
0.7160,  2.478208
0.7165,  2.635886
0.7170,  2.909373
0.7175,  3.266448
0.7180,  3.975877
0.7185,  6.901847
0.7190,  Infinity
0.7195,  Infinity
0.7200,  Infinity
0.7205,  5.130295
0.7210,  4.242980
0.7215,  3.628135
0.7220,  3.304563
0.7225,  3.307053
0.7230,  3.406125
0.7235,  3.705368
0.7240,  4.579110
0.7245,  5.092061
0.7250,  7.657296
0.7255,  Infinity
0.7260,  Infinity
0.7265,  Infinity
0.7270,  Infinity
0.7275,  7.983620
0.7280,  5.407654
0.7285,  4.843554
0.7290,  4.469098
0.7295,  4.267712
0.7300,  4.226372
0.7305,  4.196264
0.7310,  4.321552
0.7315,  4.502925
0.7320,  4.277934
0.7325,  3.991517
0.7330,  3.731518
0.7335,  3.371884
0.7340,  3.113496
0.7345,  3.001703
0.7350,  3.097328
0.7355,  3.198232
0.7360,  3.251131
0.7365,  3.365090
0.7370,  3.437594
0.7375,  3.578603
0.7380,  3.885225
0.7385,  4.997618
0.7390,  4.036951
0.7395,  3.589196
0.7400,  3.301066
0.7405,  3.089142
0.7410,  2.907496
0.7415,  2.955533
0.7420,  3.029347
0.7425,  3.109797
0.7430,  3.172458
0.7435,  3.220004
0.7440,  3.193598
0.7445,  3.194724
0.7450,  3.254504
0.7455,  3.326577
0.7460,  3.263367
0.7465,  3.101701
0.7470,  3.040650
0.7475,  3.006192
0.7480,  3.035075
0.7485,  3.159440
0.7490,  3.304202
0.7495,  3.663780
0.7500,  4.350841
0.7505,  5.952221
0.7510,  7.206061
0.7515,  7.320926
0.7520,  4.725006
0.7525,  4.187628
0.7530,  3.626692
0.7535,  3.476629
0.7540,  3.516933
0.7545,  3.593971
0.7550,  3.539507
0.7555,  3.937402
0.7560,  5.202004
0.7565,  6.282498
0.7570,  Infinity
0.7575,  Infinity
0.7580,  Infinity
0.7585,  Infinity
0.7590,  5.973704
0.7595,  5.336147
0.7600,  5.091286
0.7605,  5.363096
0.7610,  6.604016
0.7615,  Infinity
0.7620,  Infinity
0.7625,  Infinity
0.7630,  Infinity
0.7635,  Infinity
0.7640,  Infinity
0.7645,  Infinity
0.7650,  Infinity
0.7655,  7.761147
0.7660,  8.239647
0.7665,  Infinity
0.7670,  Infinity
0.7675,  Infinity
0.7680,  Infinity
0.7685,  Infinity
0.7690,  Infinity
0.7695,  Infinity
0.7700,  Infinity
0.7705,  Infinity
0.7710,  Infinity
0.7715,  Infinity
0.7720,  4.998103
0.7725,  4.476498
0.7730,  4.723903
0.7735,  5.252512
0.7740,  Infinity
0.7745,  Infinity
0.7750,  Infinity
0.7755,  Infinity
0.7760,  Infinity
0.7765,  Infinity
0.7770,  Infinity
0.7775,  5.880066
0.7780,  5.572603
0.7785,  4.863143
0.7790,  4.474468
0.7795,  4.232060
0.7800,  4.755619
0.7805,  6.996280
0.7810,  Infinity
0.7815,  Infinity
0.7820,  Infinity
0.7825,  Infinity
0.7830,  Infinity
0.7835,  Infinity
0.7840,  Infinity
0.7845,  Infinity
0.7850,  6.445494
0.7855,  8.382866
0.7860,  Infinity
0.7865,  Infinity
0.7870,  Infinity
0.7875,  Infinity
0.7880,  Infinity
0.7885,  Infinity
0.7890,  Infinity
0.7895,  Infinity
0.7900,  5.485534
0.7905,  5.286990
0.7910,  Infinity
0.7915,  Infinity
0.7920,  Infinity
0.7925,  Infinity
0.7930,  Infinity
0.7935,  Infinity
0.7940,  Infinity
0.7945,  Infinity
0.7950,  Infinity
0.7955,  6.972014
0.7960,  5.050411
0.7965,  4.798699
0.7970,  4.975564
0.7975,  5.244948
0.7980,  5.486214
0.7985,  6.432806
0.7990,  Infinity
0.7995,  Infinity
0.8000,  Infinity
0.8005,  Infinity
0.8010,  Infinity
0.8015,  Infinity
0.8020,  Infinity
0.8025,  6.554578
0.8030,  4.935314
0.8035,  6.031622
0.8040,  Infinity
0.8045,  Infinity
0.8050,  Infinity
0.8055,  Infinity
0.8060,  Infinity
0.8065,  Infinity
0.8070,  Infinity
0.8075,  Infinity
0.8080,  Infinity
0.8085,  Infinity
0.8090,  6.010354
0.8095,  5.873124
0.8100,  Infinity
0.8105,  Infinity
0.8110,  Infinity
0.8115,  Infinity
0.8120,  Infinity
0.8125,  Infinity
0.8130,  Infinity
0.8135,  Infinity
0.8140,  Infinity
0.8145,  Infinity
0.8150,  Infinity
0.8155,  Infinity
0.8160,  Infinity
0.8165,  Infinity
0.8170,  Infinity
0.8175,  Infinity
0.8180,  Infinity
0.8185,  Infinity
0.8190,  Infinity
0.8195,  5.397264
0.8200,  4.320118
0.8205,  4.161599
0.8210,  4.174244
0.8215,  5.115376
0.8220,  Infinity
0.8225,  Infinity
0.8230,  Infinity
0.8235,  Infinity
0.8240,  Infinity
0.8245,  Infinity
0.8250,  Infinity
0.8255,  Infinity
0.8260,  Infinity
0.8265,  Infinity
0.8270,  Infinity
0.8275,  Infinity
0.8280,  Infinity
0.8285,  Infinity
0.8290,  Infinity
0.8295,  Infinity
0.8300,  Infinity
0.8305,  Infinity
0.8310,  Infinity
0.8315,  Infinity
0.8320,  5.988272
0.8325,  4.291977
0.8330,  3.860601
0.8335,  4.245736
0.8340,  5.253069
0.8345,  Infinity
0.8350,  Infinity
0.8355,  Infinity
0.8360,  Infinity
0.8365,  Infinity
0.8370,  Infinity
0.8375,  Infinity
0.8380,  Infinity
0.8385,  5.961439
0.8390,  Infinity
0.8395,  Infinity
0.8400,  Infinity
0.8405,  Infinity
0.8410,  Infinity
0.8415,  Infinity
0.8420,  Infinity
0.8425,  Infinity
0.8430,  Infinity
0.8435,  Infinity
0.8440,  6.496101
0.8445,  5.117440
0.8450,  5.565586
0.8455,  Infinity
0.8460,  Infinity
0.8465,  Infinity
0.8470,  Infinity
0.8475,  Infinity
0.8480,  Infinity
0.8485,  Infinity
0.8490,  6.893075
0.8495,  5.688538
0.8500,  6.860878
0.8505,  5.219729
0.8510,  5.909721
0.8515,  Infinity
0.8520,  Infinity
0.8525,  Infinity
0.8530,  Infinity
0.8535,  Infinity
0.8540,  Infinity
0.8545,  Infinity
0.8550,  Infinity
0.8555,  Infinity
0.8560,  6.221527
0.8565,  5.281498
0.8570,  5.692171
0.8575,  Infinity
0.8580,  Infinity
0.8585,  Infinity
0.8590,  Infinity
0.8595,  Infinity
0.8600,  Infinity
0.8605,  Infinity
0.8610,  Infinity
0.8615,  Infinity
0.8620,  Infinity
0.8625,  Infinity
0.8630,  Infinity
0.8635,  Infinity
0.8640,  Infinity
0.8645,  Infinity
0.8650,  Infinity
0.8655,  Infinity
0.8660,  Infinity
0.8665,  Infinity
0.8670,  Infinity
0.8675,  6.482667
0.8680,  5.617216
0.8685,  4.861275
0.8690,  Infinity
0.8695,  Infinity
0.8700,  Infinity
0.8705,  Infinity
0.8710,  Infinity
0.8715,  Infinity
0.8720,  Infinity
0.8725,  Infinity
0.8730,  Infinity
0.8735,  5.655959
0.8740,  4.954022
0.8745,  4.577107
0.8750,  Infinity
0.8755,  Infinity
0.8760,  Infinity
0.8765,  Infinity
0.8770,  Infinity
0.8775,  Infinity
0.8780,  Infinity
0.8785,  Infinity
0.8790,  Infinity
0.8795,  Infinity
0.8800,  Infinity
0.8805,  Infinity
0.8810,  Infinity
0.8815,  Infinity
0.8820,  Infinity
0.8825,  Infinity
0.8830,  Infinity
0.8835,  Infinity
0.8840,  Infinity
0.8845,  Infinity
0.8850,  5.209218
0.8855,  4.962966
0.8860,  Infinity
0.8865,  Infinity
0.8870,  Infinity
0.8875,  Infinity
0.8880,  Infinity
0.8885,  Infinity
0.8890,  Infinity
0.8895,  Infinity
0.8900,  Infinity
