0.3500,  1.021494
0.3505,  1.090200
0.3510,  1.064297
0.3515,  1.029927
0.3520,  0.963554
0.3525,  0.911442
0.3530,  0.942697
0.3535,  0.957493
0.3540,  0.962449
0.3545,  0.981763
0.3550,  0.941439
0.3555,  0.916797
0.3560,  0.879669
0.3565,  0.848618
0.3570,  0.833105
0.3575,  0.815459
0.3580,  0.779092
0.3585,  0.715280
0.3590,  0.904796
0.3595,  1.053204
0.3600,  1.032536
0.3605,  1.026942
0.3610,  0.972637
0.3615,  0.903536
0.3620,  0.942022
0.3625,  0.963309
0.3630,  0.931879
0.3635,  0.901665
0.3640,  0.884610
0.3645,  0.850717
0.3650,  0.861718
0.3655,  0.875454
0.3660,  0.855051
0.3665,  0.846247
0.3670,  0.801919
0.3675,  0.764768
0.3680,  0.718433
0.3685,  0.671570
0.3690,  0.717501
0.3695,  0.761908
0.3700,  0.723277
0.3705,  0.684474
0.3710,  0.706422
0.3715,  0.733589
0.3720,  0.701512
0.3725,  0.671775
0.3730,  0.645226
0.3735,  0.618897
0.3740,  0.640543
0.3745,  0.656249
0.3750,  0.749055
0.3755,  0.822753
0.3760,  0.815274
0.3765,  0.785352
0.3770,  0.809585
0.3775,  0.832029
0.3780,  0.808896
0.3785,  0.798589
0.3790,  0.689313
0.3795,  0.572531
0.3800,  0.624260
0.3805,  0.677746
0.3810,  0.645645
0.3815,  0.636673
0.3820,  0.572446
0.3825,  0.502736
0.3830,  0.512129
0.3835,  0.496051
0.3840,  0.684404
0.3845,  0.818404
0.3850,  0.827933
0.3855,  0.823996
0.3860,  0.792474
0.3865,  0.770408
0.3870,  0.755660
0.3875,  0.738558
0.3880,  0.705081
0.3885,  0.671379
0.3890,  0.732340
0.3895,  0.780424
0.3900,  0.774635
0.3905,  0.758664
0.3910,  0.756637
0.3915,  0.780431
0.3920,  0.675674
0.3925,  0.572364
0.3930,  0.401514
0.3935,  0.156227
0.3940,  0.475304
0.3945,  0.693908
0.3950,  0.805242
0.3955,  0.909395
0.3960,  0.735453
0.3965,  0.515303
0.3970,  0.533393
0.3975,  0.530477
0.3980,  0.720530
0.3985,  0.835484
0.3990,  0.787975
0.3995,  0.751881
0.4000,  0.696276
0.4005,  0.646337
0.4010,  0.616430
0.4015,  0.597116
0.4020,  0.573220
0.4025,  0.557067
0.4030,  0.525585
0.4035,  0.499852
0.4040,  0.490700
0.4045,  0.487074
0.4050,  0.487973
0.4055,  0.487983
0.4060,  0.471467
0.4065,  0.453657
0.4070,  0.464976
0.4075,  0.472445
0.4080,  0.495884
0.4085,  0.520317
0.4090,  0.514164
0.4095,  0.511930
0.4100,  0.464370
0.4105,  0.405963
0.4110,  0.475260
0.4115,  0.539136
0.4120,  0.521475
0.4125,  0.503084
0.4130,  0.484258
0.4135,  0.466440
0.4140,  0.453635
0.4145,  0.442097
0.4150,  0.435056
0.4155,  0.429696
0.4160,  0.452617
0.4165,  0.479703
0.4170,  0.438848
0.4175,  0.392342
0.4180,  0.401632
0.4185,  0.415117
0.4190,  0.424601
0.4195,  0.430422
0.4200,  0.445905
0.4205,  0.460963
0.4210,  0.466165
0.4215,  0.471583
0.4220,  0.419934
0.4225,  0.358714
0.4230,  0.397398
0.4235,  0.439395
0.4240,  0.455348
0.4245,  0.473938
0.4250,  0.460946
0.4255,  0.447459
0.4260,  0.453041
0.4265,  0.462172
0.4270,  0.430093
0.4275,  0.396542
0.4280,  0.406262
0.4285,  0.416062
0.4290,  0.397511
0.4295,  0.390868
0.4300,  0.313950
0.4305,  0.212605
0.4310,  0.427370
0.4315,  0.584410
0.4320,  0.552240
0.4325,  0.511187
0.4330,  0.509436
0.4335,  0.503325
0.4340,  0.468949
0.4345,  0.434511
0.4350,  0.430879
0.4355,  0.427865
0.4360,  0.464166
0.4365,  0.503553
0.4370,  0.466780
0.4375,  0.434161
0.4380,  0.376296
0.4385,  0.311588
0.4390,  0.382954
0.4395,  0.445505
0.4400,  0.415909
0.4405,  0.383419
0.4410,  0.427602
0.4415,  0.463130
0.4420,  0.458988
0.4425,  0.454418
0.4430,  0.425057
0.4435,  0.399156
0.4440,  0.408255
0.4445,  0.421229
0.4450,  0.386265
0.4455,  0.346288
0.4460,  0.362548
0.4465,  0.374218
0.4470,  0.410542
0.4475,  0.444043
0.4480,  0.415570
0.4485,  0.385299
0.4490,  0.388411
0.4495,  0.387404
0.4500,  0.399364
0.4505,  0.416676
0.4510,  0.403909
0.4515,  0.393027
0.4520,  0.361326
0.4525,  0.331934
0.4530,  0.344512
0.4535,  0.356354
0.4540,  0.367750
0.4545,  0.375429
0.4550,  0.386810
0.4555,  0.396144
0.4560,  0.396540
0.4565,  0.397560
0.4570,  0.395860
0.4575,  0.396698
0.4580,  0.366872
0.4585,  0.336993
0.4590,  0.344970
0.4595,  0.357677
0.4600,  0.368562
0.4605,  0.374981
0.4610,  0.373232
0.4615,  0.368193
0.4620,  0.373260
0.4625,  0.379419
0.4630,  0.362899
0.4635,  0.352263
0.4640,  0.345364
0.4645,  0.337350
0.4650,  0.359277
0.4655,  0.382287
0.4660,  0.359945
0.4665,  0.336077
0.4670,  0.359347
0.4675,  0.381053
0.4680,  0.380065
0.4685,  0.378800
0.4690,  0.380374
0.4695,  0.381864
0.4700,  0.358916
0.4705,  0.334227
0.4710,  0.362437
0.4715,  0.389752
0.4720,  0.388245
0.4725,  0.386086
0.4730,  0.373261
0.4735,  0.360728
0.4740,  0.369797
0.4745,  0.381474
0.4750,  0.372364
0.4755,  0.363444
0.4760,  0.350653
0.4765,  0.336227
0.4770,  0.360507
0.4775,  0.383673
0.4780,  0.363798
0.4785,  0.345860
0.4790,  0.359007
0.4795,  0.368162
0.4800,  0.354558
0.4805,  0.345012
0.4810,  0.352543
0.4815,  0.360983
0.4820,  0.343208
0.4825,  0.330460
0.4830,  0.330302
0.4835,  0.333904
0.4840,  0.330671
0.4845,  0.332178
0.4850,  0.316540
0.4855,  0.301428
0.4860,  0.267122
0.4865,  0.221658
0.4870,  0.280951
0.4875,  0.331486
0.4880,  0.344943
0.4885,  0.355254
0.4890,  0.353950
0.4895,  0.351443
0.4900,  0.350815
0.4905,  0.354964
0.4910,  0.327653
0.4915,  0.301725
0.4920,  0.303634
0.4925,  0.301874
0.4930,  0.296162
0.4935,  0.287409
0.4940,  0.318827
0.4945,  0.350298
0.4950,  0.314981
0.4955,  0.280648
0.4960,  0.301812
0.4965,  0.320468
0.4970,  0.321842
0.4975,  0.325241
0.4980,  0.291695
0.4985,  0.255814
0.4990,  0.283021
0.4995,  0.311047
0.5000,  0.289772
0.5005,  0.266553
0.5010,  0.259600
0.5015,  0.251010
0.5020,  0.271999
0.5025,  0.290712
0.5030,  0.300059
0.5035,  0.306851
0.5040,  0.289690
0.5045,  0.268968
0.5050,  0.290667
0.5055,  0.312507
0.5060,  0.299307
0.5065,  0.287537
0.5070,  0.275018
0.5075,  0.262543
0.5080,  0.266119
0.5085,  0.267708
0.5090,  0.265108
0.5095,  0.262588
0.5100,  0.267777
0.5105,  0.274215
0.5110,  0.287116
0.5115,  0.298590
0.5120,  0.270417
0.5125,  0.243100
0.5130,  0.246973
0.5135,  0.248577
0.5140,  0.255384
0.5145,  0.260042
0.5150,  0.268996
0.5155,  0.284244
0.5160,  0.242890
0.5165,  0.199090
0.5170,  0.229539
0.5175,  0.256489
0.5180,  0.241437
0.5185,  0.218853
0.5190,  0.258212
0.5195,  0.293733
0.5200,  0.283453
0.5205,  0.271220
0.5210,  0.279295
0.5215,  0.289136
0.5220,  0.264918
0.5225,  0.240270
0.5230,  0.256126
0.5235,  0.267103
0.5240,  0.277652
0.5245,  0.289552
0.5250,  0.283663
0.5255,  0.282614
0.5260,  0.228520
0.5265,  0.170032
0.5270,  0.217121
0.5275,  0.254891
0.5280,  0.264595
0.5285,  0.271933
0.5290,  0.268545
0.5295,  0.262328
0.5300,  0.261571
0.5305,  0.263841
0.5310,  0.263838
0.5315,  0.270505
0.5320,  0.231626
0.5325,  0.189170
0.5330,  0.233047
0.5335,  0.273146
0.5340,  0.254926
0.5345,  0.233497
0.5350,  0.259930
0.5355,  0.286997
0.5360,  0.258273
0.5365,  0.230135
0.5370,  0.233873
0.5375,  0.239936
0.5380,  0.249906
0.5385,  0.260750
0.5390,  0.247992
0.5395,  0.235734
0.5400,  0.224390
0.5405,  0.212299
0.5410,  0.240545
0.5415,  0.265758
0.5420,  0.250322
0.5425,  0.235652
0.5430,  0.248171
0.5435,  0.257305
0.5440,  0.253970
0.5445,  0.251459
0.5450,  0.256717
0.5455,  0.260915
0.5460,  0.256638
0.5465,  0.251227
0.5470,  0.240997
0.5475,  0.230332
0.5480,  0.238661
0.5485,  0.245531
0.5490,  0.251435
0.5495,  0.258083
0.5500,  0.250162
0.5505,  0.242726
0.5510,  0.244169
0.5515,  0.246484
0.5520,  0.242229
0.5525,  0.237495
0.5530,  0.246844
0.5535,  0.257209
0.5540,  0.260612
0.5545,  0.261730
0.5550,  0.260727
0.5555,  0.262795
0.5560,  0.247201
0.5565,  0.232559
0.5570,  0.242098
0.5575,  0.254354
0.5580,  0.247288
0.5585,  0.237849
0.5590,  0.244896
0.5595,  0.251309
0.5600,  0.256599
0.5605,  0.260217
0.5610,  0.253631
0.5615,  0.247397
0.5620,  0.252629
0.5625,  0.258189
0.5630,  0.261281
0.5635,  0.264439
0.5640,  0.265405
0.5645,  0.267196
0.5650,  0.257640
0.5655,  0.244047
0.5660,  0.251446
0.5665,  0.259229
0.5670,  0.273085
0.5675,  0.284625
0.5680,  0.264671
0.5685,  0.246412
0.5690,  0.260599
0.5695,  0.276267
0.5700,  0.257169
0.5705,  0.236274
0.5710,  0.249415
0.5715,  0.258069
0.5720,  0.268761
0.5725,  0.279630
0.5730,  0.272643
0.5735,  0.267414
0.5740,  0.264616
0.5745,  0.264385
0.5750,  0.256961
0.5755,  0.248342
0.5760,  0.252386
0.5765,  0.257003
0.5770,  0.260221
0.5775,  0.266905
0.5780,  0.250642
0.5785,  0.233188
0.5790,  0.242629
0.5795,  0.250014
0.5800,  0.249330
0.5805,  0.249728
0.5810,  0.251436
0.5815,  0.254376
0.5820,  0.258602
0.5825,  0.260983
0.5830,  0.252757
0.5835,  0.248505
0.5840,  0.248920
0.5845,  0.253170
0.5850,  0.237724
0.5855,  0.222467
0.5860,  0.239013
0.5865,  0.253360
0.5870,  0.260902
0.5875,  0.273333
0.5880,  0.262006
0.5885,  0.251799
0.5890,  0.228436
0.5895,  0.198052
0.5900,  0.254052
0.5905,  0.304051
0.5910,  0.293407
0.5915,  0.280563
0.5920,  0.277669
0.5925,  0.276420
0.5930,  0.269056
0.5935,  0.267759
0.5940,  0.266308
0.5945,  0.263612
0.5950,  0.267695
0.5955,  0.268325
0.5960,  0.271078
0.5965,  0.272971
0.5970,  0.264126
0.5975,  0.259099
0.5980,  0.255153
0.5985,  0.253455
0.5990,  0.262071
0.5995,  0.268304
0.6000,  0.264138
0.6005,  0.259904
0.6010,  0.262430
0.6015,  0.264259
0.6020,  0.254077
0.6025,  0.241670
0.6030,  0.255496
0.6035,  0.271130
0.6040,  0.270511
0.6045,  0.271343
0.6050,  0.270126
0.6055,  0.264675
0.6060,  0.259570
0.6065,  0.256004
0.6070,  0.256155
0.6075,  0.259738
0.6080,  0.260440
0.6085,  0.261454
0.6090,  0.267269
0.6095,  0.269065
0.6100,  0.260574
0.6105,  0.251940
0.6110,  0.262667
0.6115,  0.273330
0.6120,  0.264137
0.6125,  0.257164
0.6130,  0.254742
0.6135,  0.253557
0.6140,  0.265426
0.6145,  0.277239
0.6150,  0.281987
0.6155,  0.284267
0.6160,  0.257495
0.6165,  0.228543
0.6170,  0.254873
0.6175,  0.278086
0.6180,  0.285303
0.6185,  0.288656
0.6190,  0.285697
0.6195,  0.279513
0.6200,  0.284833
0.6205,  0.289768
0.6210,  0.276532
0.6215,  0.262751
0.6220,  0.272782
0.6225,  0.284545
0.6230,  0.278284
0.6235,  0.271726
0.6240,  0.277060
0.6245,  0.280066
0.6250,  0.275413
0.6255,  0.268157
0.6260,  0.283974
0.6265,  0.298465
0.6270,  0.298647
0.6275,  0.301699
0.6280,  0.305749
0.6285,  0.310976
0.6290,  0.311664
0.6295,  0.312610
0.6300,  0.306703
0.6305,  0.297201
0.6310,  0.291591
0.6315,  0.287403
0.6320,  0.282670
0.6325,  0.283592
0.6330,  0.286830
0.6335,  0.289930
0.6340,  0.293035
0.6345,  0.295644
0.6350,  0.297504
0.6355,  0.298650
0.6360,  0.300635
0.6365,  0.297095
0.6370,  0.292486
0.6375,  0.288092
0.6380,  0.285448
0.6385,  0.284953
0.6390,  0.288427
0.6395,  0.289694
0.6400,  0.290892
0.6405,  0.288629
0.6410,  0.289054
0.6415,  0.292490
0.6420,  0.289312
0.6425,  0.282541
0.6430,  0.278333
0.6435,  0.276421
0.6440,  0.277421
0.6445,  0.283836
0.6450,  0.292471
0.6455,  0.295506
0.6460,  0.299171
0.6465,  0.301413
0.6470,  0.300220
0.6475,  0.297999
0.6480,  0.296185
0.6485,  0.292775
0.6490,  0.292486
0.6495,  0.300532
0.6500,  0.306328
0.6505,  0.313201
0.6510,  0.319233
0.6515,  0.314178
0.6520,  0.313673
0.6525,  0.309155
0.6530,  0.304478
0.6535,  0.292833
0.6540,  0.287408
0.6545,  0.288288
0.6550,  0.298387
0.6555,  0.300267
0.6560,  0.298204
0.6565,  0.283333
0.6570,  0.252574
0.6575,  0.264716
0.6580,  0.276659
0.6585,  0.288043
0.6590,  0.301571
0.6595,  0.295304
0.6600,  0.288516
0.6605,  0.285356
0.6610,  0.283434
0.6615,  0.276263
0.6620,  0.273717
0.6625,  0.273390
0.6630,  0.273748
0.6635,  0.278747
0.6640,  0.282984
0.6645,  0.286799
0.6650,  0.286275
0.6655,  0.282218
0.6660,  0.278233
0.6665,  0.275274
0.6670,  0.271519
0.6675,  0.270690
0.6680,  0.271245
0.6685,  0.272921
0.6690,  0.275890
0.6695,  0.274262
0.6700,  0.274884
0.6705,  0.276553
0.6710,  0.279213
0.6715,  0.283810
0.6720,  0.284686
0.6725,  0.286182
0.6730,  0.283952
0.6735,  0.282952
0.6740,  0.280178
0.6745,  0.275549
0.6750,  0.270928
0.6755,  0.274711
0.6760,  0.279665
0.6765,  0.286882
0.6770,  0.290378
0.6775,  0.292405
0.6780,  0.292182
0.6785,  0.290602
0.6790,  0.286227
0.6795,  0.285074
0.6800,  0.285810
0.6805,  0.285548
0.6810,  0.287271
0.6815,  0.288925
0.6820,  0.292777
0.6825,  0.295890
0.6830,  0.300384
0.6835,  0.303381
0.6840,  0.302657
0.6845,  0.306164
0.6850,  0.309987
0.6855,  0.326270
0.6860,  0.355474
0.6865,  0.393949
0.6870,  0.428275
0.6875,  0.452916
0.6880,  0.464929
0.6885,  0.460238
0.6890,  0.456759
0.6895,  0.452666
0.6900,  0.446116
0.6905,  0.434170
0.6910,  0.417815
0.6915,  0.404482
0.6920,  0.395068
0.6925,  0.392408
0.6930,  0.391192
0.6935,  0.389954
0.6940,  0.390570
0.6945,  0.392539
0.6950,  0.391367
0.6955,  0.386577
0.6960,  0.381602
0.6965,  0.376587
0.6970,  0.368626
0.6975,  0.369540
0.6980,  0.370277
0.6985,  0.377366
0.6990,  0.383942
0.6995,  0.385411
0.7000,  0.381929
0.7005,  0.376280
0.7010,  0.375555
0.7015,  0.382547
0.7020,  0.382824
0.7025,  0.384488
0.7030,  0.383594
0.7035,  0.384160
0.7040,  0.382871
0.7045,  0.382707
0.7050,  0.384473
0.7055,  0.383771
0.7060,  0.381934
0.7065,  0.376799
0.7070,  0.373915
0.7075,  0.371451
0.7080,  0.367486
0.7085,  0.364492
0.7090,  0.363930
0.7095,  0.367200
0.7100,  0.371455
0.7105,  0.366770
0.7110,  0.364866
0.7115,  0.365717
0.7120,  0.367527
0.7125,  0.376122
0.7130,  0.381553
0.7135,  0.384369
0.7140,  0.388084
0.7145,  0.390660
0.7150,  0.397750
0.7155,  0.406241
0.7160,  0.432359
0.7165,  0.466003
0.7170,  0.507184
0.7175,  0.548375
0.7180,  0.584567
0.7185,  0.610018
0.7190,  0.628649
0.7195,  0.638063
0.7200,  0.632589
0.7205,  0.609434
0.7210,  0.576829
0.7215,  0.544875
0.7220,  0.527744
0.7225,  0.530244
0.7230,  0.541047
0.7235,  0.561878
0.7240,  0.581424
0.7245,  0.594979
0.7250,  0.603675
0.7255,  0.604413
0.7260,  0.607893
0.7265,  0.613470
0.7270,  0.618405
0.7275,  0.608325
0.7280,  0.603269
0.7285,  0.601066
0.7290,  0.592308
0.7295,  0.582524
0.7300,  0.579599
0.7305,  0.573594
0.7310,  0.570288
0.7315,  0.558094
0.7320,  0.542590
0.7325,  0.522203
0.7330,  0.501565
0.7335,  0.481101
0.7340,  0.466922
0.7345,  0.461316
0.7350,  0.458007
0.7355,  0.463477
0.7360,  0.458758
0.7365,  0.453265
0.7370,  0.445651
0.7375,  0.436279
0.7380,  0.436986
0.7385,  0.444166
0.7390,  0.443976
0.7395,  0.444033
0.7400,  0.438530
0.7405,  0.430257
0.7410,  0.423984
0.7415,  0.422513
0.7420,  0.427057
0.7425,  0.425158
0.7430,  0.420645
0.7435,  0.418421
0.7440,  0.425291
0.7445,  0.428790
0.7450,  0.430776
0.7455,  0.428865
0.7460,  0.423916
0.7465,  0.428730
0.7470,  0.427520
0.7475,  0.416778
0.7480,  0.411454
0.7485,  0.415153
0.7490,  0.412687
0.7495,  0.418136
0.7500,  0.418888
0.7505,  0.423430
0.7510,  0.426889
0.7515,  0.434605
0.7520,  0.447736
0.7525,  0.445654
0.7530,  0.441034
0.7535,  0.437210
0.7540,  0.432354
0.7545,  0.427369
0.7550,  0.429231
0.7555,  0.436601
0.7560,  0.440503
0.7565,  0.437262
0.7570,  0.432338
0.7575,  0.441358
0.7580,  0.470335
0.7585,  0.533996
0.7590,  0.651772
0.7595,  0.841539
0.7600,  1.094980
0.7605,  1.344145
0.7610,  1.496417
0.7615,  1.514637
0.7620,  1.467970
0.7625,  1.425951
0.7630,  1.393677
0.7635,  1.343209
0.7640,  1.270117
0.7645,  1.166562
0.7650,  1.079672
0.7655,  0.971291
0.7660,  0.870413
0.7665,  0.778395
0.7670,  0.694175
0.7675,  0.629484
0.7680,  0.577972
0.7685,  0.554614
0.7690,  0.538359
0.7695,  0.521179
0.7700,  0.509551
0.7705,  0.497587
0.7710,  0.486633
0.7715,  0.481446
0.7720,  0.485073
0.7725,  0.491519
0.7730,  0.502961
0.7735,  0.508674
0.7740,  0.504578
0.7745,  0.501828
0.7750,  0.498079
0.7755,  0.491606
0.7760,  0.480204
0.7765,  0.482525
0.7770,  0.485588
0.7775,  0.481330
0.7780,  0.487192
0.7785,  0.497112
0.7790,  0.500248
0.7795,  0.502665
0.7800,  0.502345
0.7805,  0.497221
0.7810,  0.499541
0.7815,  0.497774
0.7820,  0.502006
0.7825,  0.504738
0.7830,  0.518152
0.7835,  0.528265
0.7840,  0.536921
0.7845,  0.540253
0.7850,  0.529636
0.7855,  0.525303
0.7860,  0.522670
0.7865,  0.524414
0.7870,  0.533465
0.7875,  0.538239
0.7880,  0.553677
0.7885,  0.564337
0.7890,  0.570254
0.7895,  0.571872
0.7900,  0.570793
0.7905,  0.574274
0.7910,  0.582229
0.7915,  0.591577
0.7920,  0.592213
0.7925,  0.597213
0.7930,  0.592381
0.7935,  0.587184
0.7940,  0.575399
0.7945,  0.576275
0.7950,  0.581649
0.7955,  0.597665
0.7960,  0.601667
0.7965,  0.592064
0.7970,  0.583953
0.7975,  0.579012
0.7980,  0.575200
0.7985,  0.582957
0.7990,  0.585110
0.7995,  0.594493
0.8000,  0.598772
0.8005,  0.602485
0.8010,  0.610345
0.8015,  0.612138
0.8020,  0.610211
0.8025,  0.609753
0.8030,  0.604727
0.8035,  0.604416
0.8040,  0.600098
0.8045,  0.606545
0.8050,  0.609549
0.8055,  0.624930
0.8060,  0.628735
0.8065,  0.625786
0.8070,  0.634382
0.8075,  0.647322
0.8080,  0.649366
0.8085,  0.630254
0.8090,  0.614319
0.8095,  0.615800
0.8100,  0.624070
0.8105,  0.647502
0.8110,  0.666375
0.8115,  0.679720
0.8120,  0.695547
0.8125,  0.727204
0.8130,  0.754891
0.8135,  0.786318
0.8140,  0.825550
0.8145,  0.866578
0.8150,  0.906585
0.8155,  0.933720
0.8160,  0.967984
0.8165,  0.993253
0.8170,  1.010109
0.8175,  1.019293
0.8180,  1.026091
0.8185,  1.018837
0.8190,  0.993320
0.8195,  0.975628
0.8200,  0.952936
0.8205,  0.924692
0.8210,  0.906916
0.8215,  0.903766
0.8220,  0.947379
0.8225,  1.025859
0.8230,  1.071060
0.8235,  1.061412
0.8240,  1.016380
0.8245,  0.966177
0.8250,  0.920179
0.8255,  0.885137
0.8260,  0.861559
0.8265,  0.854811
0.8270,  0.868627
0.8275,  0.898960
0.8280,  0.938908
0.8285,  0.948793
0.8290,  0.978354
0.8295,  0.968753
0.8300,  0.951524
0.8305,  0.945397
0.8310,  0.917155
0.8315,  0.898081
0.8320,  0.904930
0.8325,  0.907759
0.8330,  0.908669
0.8335,  0.900623
0.8340,  0.900869
0.8345,  0.902106
0.8350,  0.879905
0.8355,  0.864793
0.8360,  0.853627
0.8365,  0.838782
0.8370,  0.810563
0.8375,  0.812585
0.8380,  0.821948
0.8385,  0.822062
0.8390,  0.803824
0.8395,  0.796205
0.8400,  0.802791
0.8405,  0.830754
0.8410,  0.848732
0.8415,  0.848054
0.8420,  0.827745
0.8425,  0.820554
0.8430,  0.814879
0.8435,  0.795403
0.8440,  0.789912
0.8445,  0.777770
0.8450,  0.785423
0.8455,  0.792123
0.8460,  0.814224
0.8465,  0.820863
0.8470,  0.818365
0.8475,  0.815685
0.8480,  0.818095
0.8485,  0.827516
0.8490,  0.830761
0.8495,  0.843733
0.8500,  0.849336
0.8505,  0.860936
0.8510,  0.864702
0.8515,  0.887011
0.8520,  0.884818
0.8525,  0.864649
0.8530,  0.877566
0.8535,  0.893575
0.8540,  0.902474
0.8545,  0.938619
0.8550,  0.975195
0.8555,  0.980769
0.8560,  0.965992
0.8565,  0.946090
0.8570,  0.938090
0.8575,  0.919239
0.8580,  0.929436
0.8585,  0.921157
0.8590,  0.917907
0.8595,  0.941747
0.8600,  0.965466
0.8605,  0.977257
0.8610,  0.985240
0.8615,  0.975379
0.8620,  0.964035
0.8625,  0.962953
0.8630,  0.947459
0.8635,  0.925722
0.8640,  0.922041
0.8645,  0.921161
0.8650,  0.965487
0.8655,  1.028601
0.8660,  1.063603
0.8665,  1.136129
0.8670,  1.138290
0.8675,  1.103488
0.8680,  1.098300
0.8685,  1.107165
0.8690,  1.083995
0.8695,  1.096345
0.8700,  1.074048
0.8705,  1.068546
0.8710,  1.066306
0.8715,  1.087809
0.8720,  1.104067
0.8725,  1.109411
0.8730,  1.143989
0.8735,  1.134145
0.8740,  1.170096
0.8745,  1.186312
0.8750,  1.183217
0.8755,  1.182942
0.8760,  1.221493
0.8765,  1.260911
0.8770,  1.266325
0.8775,  1.305087
0.8780,  1.313500
0.8785,  1.311485
0.8790,  1.248727
0.8795,  1.238122
0.8800,  1.244366
0.8805,  1.281951
0.8810,  1.281123
0.8815,  1.281602
0.8820,  1.295245
0.8825,  1.286831
0.8830,  1.295224
0.8835,  1.320421
0.8840,  1.352761
0.8845,  1.328679
0.8850,  1.329702
0.8855,  1.339315
0.8860,  1.379932
0.8865,  1.336708
0.8870,  1.383944
0.8875,  1.434272
0.8880,  1.421673
0.8885,  1.456339
0.8890,  1.472929
0.8895,  1.485540
0.8900,  1.460099
