0.3500,  0.097453
0.3505,  0.162713
0.3510,  0.127346
0.3515,  0.091527
0.3520,  0.050068
0.3525,  0.007148
0.3530,  0.044622
0.3535,  0.084805
0.3540,  0.107911
0.3545,  0.138481
0.3550,  0.115734
0.3555,  0.100450
0.3560,  0.062253
0.3565,  0.020895
0.3570,  -0.009763
0.3575,  -0.054048
0.3580,  -0.096025
0.3585,  -0.152822
0.3590,  0.008452
0.3595,  0.140857
0.3600,  0.126716
0.3605,  0.114142
0.3610,  0.070214
0.3615,  0.019496
0.3620,  0.064819
0.3625,  0.106251
0.3630,  0.095972
0.3635,  0.083771
0.3640,  0.078528
0.3645,  0.061587
0.3650,  0.092463
0.3655,  0.122942
0.3660,  0.132396
0.3665,  0.146268
0.3670,  0.119701
0.3675,  0.095234
0.3680,  0.062073
0.3685,  0.030034
0.3690,  0.075591
0.3695,  0.121471
0.3700,  0.091106
0.3705,  0.061807
0.3710,  0.082418
0.3715,  0.105953
0.3720,  0.076370
0.3725,  0.047882
0.3730,  0.015194
0.3735,  -0.022377
0.3740,  -0.015300
0.3745,  -0.014467
0.3750,  0.063131
0.3755,  0.126314
0.3760,  0.122678
0.3765,  0.111140
0.3770,  0.156943
0.3775,  0.197753
0.3780,  0.191414
0.3785,  0.193967
0.3790,  0.099896
0.3795,  -0.001830
0.3800,  0.053387
0.3805,  0.111598
0.3810,  0.084350
0.3815,  0.065975
0.3820,  -0.017967
0.3825,  -0.118115
0.3830,  -0.141086
0.3835,  -0.181877
0.3840,  -0.016858
0.3845,  0.109461
0.3850,  0.120792
0.3855,  0.130047
0.3860,  0.113530
0.3865,  0.102305
0.3870,  0.099531
0.3875,  0.094649
0.3880,  0.074625
0.3885,  0.048334
0.3890,  0.103664
0.3895,  0.149240
0.3900,  0.150787
0.3905,  0.151706
0.3910,  0.168772
0.3915,  0.201645
0.3920,  0.111776
0.3925,  0.019288
0.3930,  -0.148410
0.3935,  -0.391362
0.3940,  -0.110402
0.3945,  0.087093
0.3950,  0.187279
0.3955,  0.280913
0.3960,  0.120037
0.3965,  -0.082060
0.3970,  -0.058517
0.3975,  -0.052113
0.3980,  0.140408
0.3985,  0.270390
0.3990,  0.253128
0.3995,  0.243084
0.4000,  0.209102
0.4005,  0.176421
0.4010,  0.163928
0.4015,  0.160058
0.4020,  0.148132
0.4025,  0.142389
0.4030,  0.119802
0.4035,  0.096163
0.4040,  0.089494
0.4045,  0.088221
0.4050,  0.090191
0.4055,  0.093807
0.4060,  0.080828
0.4065,  0.065817
0.4070,  0.076250
0.4075,  0.082572
0.4080,  0.107936
0.4085,  0.132412
0.4090,  0.125071
0.4095,  0.118724
0.4100,  0.072669
0.4105,  0.020825
0.4110,  0.088291
0.4115,  0.150100
0.4120,  0.136555
0.4125,  0.119534
0.4130,  0.103997
0.4135,  0.092237
0.4140,  0.085290
0.4145,  0.079525
0.4150,  0.079821
0.4155,  0.078136
0.4160,  0.101202
0.4165,  0.126417
0.4170,  0.086907
0.4175,  0.043414
0.4180,  0.051110
0.4185,  0.061939
0.4190,  0.071387
0.4195,  0.075815
0.4200,  0.092192
0.4205,  0.107932
0.4210,  0.115184
0.4215,  0.123211
0.4220,  0.073237
0.4225,  0.019095
0.4230,  0.052039
0.4235,  0.083445
0.4240,  0.095554
0.4245,  0.111676
0.4250,  0.101369
0.4255,  0.086530
0.4260,  0.090598
0.4265,  0.096898
0.4270,  0.065946
0.4275,  0.038467
0.4280,  0.051527
0.4285,  0.065104
0.4290,  0.051974
0.4295,  0.039967
0.4300,  -0.043637
0.4305,  -0.148105
0.4310,  0.039908
0.4315,  0.180834
0.4320,  0.154045
0.4325,  0.122033
0.4330,  0.126431
0.4335,  0.132437
0.4340,  0.108074
0.4345,  0.083252
0.4350,  0.086094
0.4355,  0.086164
0.4360,  0.124082
0.4365,  0.162631
0.4370,  0.133995
0.4375,  0.110171
0.4380,  0.059596
0.4385,  0.000974
0.4390,  0.068014
0.4395,  0.125962
0.4400,  0.095647
0.4405,  0.062331
0.4410,  0.104015
0.4415,  0.140896
0.4420,  0.139150
0.4425,  0.136045
0.4430,  0.111815
0.4435,  0.092510
0.4440,  0.105512
0.4445,  0.121574
0.4450,  0.091435
0.4455,  0.056899
0.4460,  0.073436
0.4465,  0.087858
0.4470,  0.123947
0.4475,  0.154770
0.4480,  0.126347
0.4485,  0.095045
0.4490,  0.097364
0.4495,  0.097575
0.4500,  0.110533
0.4505,  0.126854
0.4510,  0.118295
0.4515,  0.109624
0.4520,  0.079889
0.4525,  0.051724
0.4530,  0.064016
0.4535,  0.076665
0.4540,  0.085123
0.4545,  0.088186
0.4550,  0.096678
0.4555,  0.106152
0.4560,  0.109896
0.4565,  0.116115
0.4570,  0.119539
0.4575,  0.124109
0.4580,  0.097536
0.4585,  0.070966
0.4590,  0.081551
0.4595,  0.090277
0.4600,  0.095982
0.4605,  0.101299
0.4610,  0.102272
0.4615,  0.102151
0.4620,  0.109216
0.4625,  0.116180
0.4630,  0.101435
0.4635,  0.091107
0.4640,  0.083532
0.4645,  0.076257
0.4650,  0.096947
0.4655,  0.116646
0.4660,  0.094566
0.4665,  0.073562
0.4670,  0.097489
0.4675,  0.117071
0.4680,  0.111653
0.4685,  0.108449
0.4690,  0.109488
0.4695,  0.114334
0.4700,  0.096966
0.4705,  0.073954
0.4710,  0.104614
0.4715,  0.133404
0.4720,  0.130181
0.4725,  0.129981
0.4730,  0.118375
0.4735,  0.107751
0.4740,  0.118970
0.4745,  0.132893
0.4750,  0.128864
0.4755,  0.124594
0.4760,  0.112751
0.4765,  0.099602
0.4770,  0.123669
0.4775,  0.145279
0.4780,  0.126438
0.4785,  0.109292
0.4790,  0.122682
0.4795,  0.135604
0.4800,  0.126629
0.4805,  0.120388
0.4810,  0.132862
0.4815,  0.142287
0.4820,  0.128284
0.4825,  0.120152
0.4830,  0.123745
0.4835,  0.127659
0.4840,  0.125758
0.4845,  0.128486
0.4850,  0.115297
0.4855,  0.103392
0.4860,  0.072102
0.4865,  0.028750
0.4870,  0.080677
0.4875,  0.124976
0.4880,  0.136676
0.4885,  0.146063
0.4890,  0.144906
0.4895,  0.143731
0.4900,  0.144701
0.4905,  0.151899
0.4910,  0.129735
0.4915,  0.107511
0.4920,  0.110006
0.4925,  0.109797
0.4930,  0.103715
0.4935,  0.095609
0.4940,  0.127016
0.4945,  0.158786
0.4950,  0.128014
0.4955,  0.097595
0.4960,  0.117071
0.4965,  0.136215
0.4970,  0.139098
0.4975,  0.144426
0.4980,  0.115378
0.4985,  0.083252
0.4990,  0.108514
0.4995,  0.133829
0.5000,  0.113838
0.5005,  0.094432
0.5010,  0.090342
0.5015,  0.082381
0.5020,  0.101178
0.5025,  0.118366
0.5030,  0.126109
0.5035,  0.132204
0.5040,  0.115941
0.5045,  0.096651
0.5050,  0.117750
0.5055,  0.139125
0.5060,  0.128372
0.5065,  0.121025
0.5070,  0.111591
0.5075,  0.102233
0.5080,  0.105984
0.5085,  0.108509
0.5090,  0.107539
0.5095,  0.105358
0.5100,  0.109329
0.5105,  0.113325
0.5110,  0.123610
0.5115,  0.134779
0.5120,  0.109951
0.5125,  0.085557
0.5130,  0.089588
0.5135,  0.090411
0.5140,  0.097353
0.5145,  0.103011
0.5150,  0.111974
0.5155,  0.127842
0.5160,  0.092226
0.5165,  0.052811
0.5170,  0.079011
0.5175,  0.099884
0.5180,  0.082544
0.5185,  0.057444
0.5190,  0.091134
0.5195,  0.121990
0.5200,  0.112322
0.5205,  0.103618
0.5210,  0.114139
0.5215,  0.127881
0.5220,  0.108459
0.5225,  0.088249
0.5230,  0.102987
0.5235,  0.112607
0.5240,  0.120135
0.5245,  0.130240
0.5250,  0.125472
0.5255,  0.126627
0.5260,  0.078017
0.5265,  0.023657
0.5270,  0.065275
0.5275,  0.098816
0.5280,  0.107463
0.5285,  0.114072
0.5290,  0.110924
0.5295,  0.108127
0.5300,  0.109362
0.5305,  0.112351
0.5310,  0.112700
0.5315,  0.118768
0.5320,  0.082087
0.5325,  0.041268
0.5330,  0.081056
0.5335,  0.117187
0.5340,  0.100211
0.5345,  0.079981
0.5350,  0.104728
0.5355,  0.131245
0.5360,  0.106831
0.5365,  0.083893
0.5370,  0.089326
0.5375,  0.094937
0.5380,  0.101785
0.5385,  0.109971
0.5390,  0.098034
0.5395,  0.087716
0.5400,  0.077009
0.5405,  0.064206
0.5410,  0.090772
0.5415,  0.115871
0.5420,  0.101468
0.5425,  0.086936
0.5430,  0.098200
0.5435,  0.107791
0.5440,  0.105535
0.5445,  0.103524
0.5450,  0.106968
0.5455,  0.110093
0.5460,  0.105219
0.5465,  0.102149
0.5470,  0.092849
0.5475,  0.082945
0.5480,  0.089962
0.5485,  0.095681
0.5490,  0.102154
0.5495,  0.109925
0.5500,  0.103253
0.5505,  0.096426
0.5510,  0.098643
0.5515,  0.100796
0.5520,  0.096484
0.5525,  0.090300
0.5530,  0.096605
0.5535,  0.102719
0.5540,  0.105555
0.5545,  0.108787
0.5550,  0.110720
0.5555,  0.113894
0.5560,  0.101363
0.5565,  0.089451
0.5570,  0.099686
0.5575,  0.109900
0.5580,  0.100190
0.5585,  0.089482
0.5590,  0.094205
0.5595,  0.098535
0.5600,  0.103514
0.5605,  0.107558
0.5610,  0.102741
0.5615,  0.098081
0.5620,  0.102944
0.5625,  0.107886
0.5630,  0.110544
0.5635,  0.114210
0.5640,  0.116388
0.5645,  0.118275
0.5650,  0.109055
0.5655,  0.096737
0.5660,  0.103634
0.5665,  0.109864
0.5670,  0.122010
0.5675,  0.135817
0.5680,  0.119100
0.5685,  0.102556
0.5690,  0.116490
0.5695,  0.130634
0.5700,  0.112571
0.5705,  0.090721
0.5710,  0.099600
0.5715,  0.105359
0.5720,  0.114917
0.5725,  0.126424
0.5730,  0.121081
0.5735,  0.117262
0.5740,  0.116324
0.5745,  0.115500
0.5750,  0.108124
0.5755,  0.098411
0.5760,  0.101877
0.5765,  0.106510
0.5770,  0.110867
0.5775,  0.115754
0.5780,  0.098229
0.5785,  0.079284
0.5790,  0.086585
0.5795,  0.094945
0.5800,  0.095085
0.5805,  0.095847
0.5810,  0.098404
0.5815,  0.101709
0.5820,  0.105619
0.5825,  0.106710
0.5830,  0.100359
0.5835,  0.096490
0.5840,  0.098478
0.5845,  0.104307
0.5850,  0.091886
0.5855,  0.077641
0.5860,  0.092068
0.5865,  0.105531
0.5870,  0.114367
0.5875,  0.128674
0.5880,  0.120498
0.5885,  0.110319
0.5890,  0.084741
0.5895,  0.051103
0.5900,  0.099570
0.5905,  0.143214
0.5910,  0.130977
0.5915,  0.119110
0.5920,  0.119494
0.5925,  0.120242
0.5930,  0.115821
0.5935,  0.115098
0.5940,  0.112052
0.5945,  0.109160
0.5950,  0.113393
0.5955,  0.114864
0.5960,  0.117282
0.5965,  0.120286
0.5970,  0.112837
0.5975,  0.106199
0.5980,  0.099881
0.5985,  0.096254
0.5990,  0.102363
0.5995,  0.109432
0.6000,  0.106214
0.6005,  0.103674
0.6010,  0.108376
0.6015,  0.109254
0.6020,  0.098014
0.6025,  0.086411
0.6030,  0.099475
0.6035,  0.113327
0.6040,  0.111523
0.6045,  0.111050
0.6050,  0.109664
0.6055,  0.106683
0.6060,  0.104713
0.6065,  0.102987
0.6070,  0.102536
0.6075,  0.103241
0.6080,  0.102616
0.6085,  0.104130
0.6090,  0.111062
0.6095,  0.114808
0.6100,  0.106190
0.6105,  0.094824
0.6110,  0.104411
0.6115,  0.115852
0.6120,  0.107351
0.6125,  0.099604
0.6130,  0.096533
0.6135,  0.092868
0.6140,  0.103513
0.6145,  0.113409
0.6150,  0.116320
0.6155,  0.118796
0.6160,  0.092976
0.6165,  0.064105
0.6170,  0.089239
0.6175,  0.114133
0.6180,  0.118565
0.6185,  0.122344
0.6190,  0.117573
0.6195,  0.111523
0.6200,  0.118058
0.6205,  0.125280
0.6210,  0.114895
0.6215,  0.104307
0.6220,  0.113676
0.6225,  0.125435
0.6230,  0.116842
0.6235,  0.110919
0.6240,  0.114606
0.6245,  0.114359
0.6250,  0.107501
0.6255,  0.098656
0.6260,  0.111709
0.6265,  0.126637
0.6270,  0.127848
0.6275,  0.131058
0.6280,  0.136224
0.6285,  0.141616
0.6290,  0.141936
0.6295,  0.139882
0.6300,  0.134659
0.6305,  0.126207
0.6310,  0.117646
0.6315,  0.114919
0.6320,  0.112148
0.6325,  0.110886
0.6330,  0.110729
0.6335,  0.111737
0.6340,  0.115269
0.6345,  0.121219
0.6350,  0.124645
0.6355,  0.125997
0.6360,  0.124468
0.6365,  0.121766
0.6370,  0.117643
0.6375,  0.114250
0.6380,  0.112998
0.6385,  0.113879
0.6390,  0.117941
0.6395,  0.118931
0.6400,  0.118022
0.6405,  0.114257
0.6410,  0.109279
0.6415,  0.109833
0.6420,  0.108221
0.6425,  0.105964
0.6430,  0.103978
0.6435,  0.104468
0.6440,  0.106843
0.6445,  0.112814
0.6450,  0.120199
0.6455,  0.121906
0.6460,  0.123493
0.6465,  0.124959
0.6470,  0.123408
0.6475,  0.120793
0.6480,  0.119774
0.6485,  0.116491
0.6490,  0.110040
0.6495,  0.112529
0.6500,  0.113644
0.6505,  0.117410
0.6510,  0.125690
0.6515,  0.126248
0.6520,  0.126674
0.6525,  0.122794
0.6530,  0.120464
0.6535,  0.113109
0.6540,  0.111934
0.6545,  0.117869
0.6550,  0.128967
0.6555,  0.129060
0.6560,  0.114889
0.6565,  0.085000
0.6570,  0.047912
0.6575,  0.057334
0.6580,  0.070719
0.6585,  0.085338
0.6590,  0.099282
0.6595,  0.096276
0.6600,  0.092443
0.6605,  0.089763
0.6610,  0.088683
0.6615,  0.083832
0.6620,  0.081852
0.6625,  0.082287
0.6630,  0.084497
0.6635,  0.087754
0.6640,  0.087187
0.6645,  0.088136
0.6650,  0.089348
0.6655,  0.088172
0.6660,  0.086392
0.6665,  0.083275
0.6670,  0.080410
0.6675,  0.083328
0.6680,  0.082533
0.6685,  0.082996
0.6690,  0.084118
0.6695,  0.081759
0.6700,  0.081242
0.6705,  0.080976
0.6710,  0.080707
0.6715,  0.081667
0.6720,  0.081688
0.6725,  0.081174
0.6730,  0.079861
0.6735,  0.076910
0.6740,  0.077622
0.6745,  0.076598
0.6750,  0.079121
0.6755,  0.082122
0.6760,  0.082300
0.6765,  0.083760
0.6770,  0.083736
0.6775,  0.081164
0.6780,  0.081491
0.6785,  0.080601
0.6790,  0.080318
0.6795,  0.082298
0.6800,  0.084082
0.6805,  0.084363
0.6810,  0.084917
0.6815,  0.085566
0.6820,  0.087385
0.6825,  0.087491
0.6830,  0.088219
0.6835,  0.088123
0.6840,  0.087259
0.6845,  0.087925
0.6850,  0.093384
0.6855,  0.115404
0.6860,  0.146395
0.6865,  0.178258
0.6870,  0.200747
0.6875,  0.204209
0.6880,  0.199868
0.6885,  0.194355
0.6890,  0.190441
0.6895,  0.183712
0.6900,  0.175998
0.6905,  0.165230
0.6910,  0.157601
0.6915,  0.150785
0.6920,  0.146207
0.6925,  0.147747
0.6930,  0.150955
0.6935,  0.150583
0.6940,  0.148767
0.6945,  0.145887
0.6950,  0.141417
0.6955,  0.131409
0.6960,  0.120411
0.6965,  0.113603
0.6970,  0.110042
0.6975,  0.113422
0.6980,  0.122231
0.6985,  0.129673
0.6990,  0.135041
0.6995,  0.133987
0.7000,  0.129341
0.7005,  0.126475
0.7010,  0.122585
0.7015,  0.126129
0.7020,  0.126536
0.7025,  0.123728
0.7030,  0.120095
0.7035,  0.122734
0.7040,  0.128923
0.7045,  0.133269
0.7050,  0.136911
0.7055,  0.133306
0.7060,  0.128031
0.7065,  0.121858
0.7070,  0.117722
0.7075,  0.115759
0.7080,  0.112512
0.7085,  0.108434
0.7090,  0.104278
0.7095,  0.103187
0.7100,  0.107030
0.7105,  0.109452
0.7110,  0.113539
0.7115,  0.112690
0.7120,  0.111308
0.7125,  0.111663
0.7130,  0.109214
0.7135,  0.108068
0.7140,  0.109954
0.7145,  0.113832
0.7150,  0.120507
0.7155,  0.135384
0.7160,  0.162133
0.7165,  0.195185
0.7170,  0.231053
0.7175,  0.257742
0.7180,  0.278135
0.7185,  0.290395
0.7190,  0.292537
0.7195,  0.289088
0.7200,  0.273841
0.7205,  0.251311
0.7210,  0.224860
0.7215,  0.207367
0.7220,  0.207724
0.7225,  0.217065
0.7230,  0.231008
0.7235,  0.246592
0.7240,  0.261100
0.7245,  0.265352
0.7250,  0.264554
0.7255,  0.264267
0.7260,  0.263528
0.7265,  0.263498
0.7270,  0.263172
0.7275,  0.259509
0.7280,  0.257341
0.7285,  0.250309
0.7290,  0.242529
0.7295,  0.240252
0.7300,  0.241824
0.7305,  0.236250
0.7310,  0.226432
0.7315,  0.211491
0.7320,  0.194044
0.7325,  0.175923
0.7330,  0.161747
0.7335,  0.151230
0.7340,  0.144825
0.7345,  0.141310
0.7350,  0.141896
0.7355,  0.143872
0.7360,  0.142063
0.7365,  0.137389
0.7370,  0.132413
0.7375,  0.121190
0.7380,  0.116664
0.7385,  0.113648
0.7390,  0.109473
0.7395,  0.106375
0.7400,  0.102211
0.7405,  0.099728
0.7410,  0.097475
0.7415,  0.103983
0.7420,  0.107949
0.7425,  0.107283
0.7430,  0.107426
0.7435,  0.099313
0.7440,  0.095843
0.7445,  0.093091
0.7450,  0.089550
0.7455,  0.091239
0.7460,  0.093878
0.7465,  0.095886
0.7470,  0.095754
0.7475,  0.094222
0.7480,  0.093240
0.7485,  0.093766
0.7490,  0.094934
0.7495,  0.096308
0.7500,  0.094877
0.7505,  0.095848
0.7510,  0.092963
0.7515,  0.092607
0.7520,  0.093134
0.7525,  0.094547
0.7530,  0.094029
0.7535,  0.092699
0.7540,  0.092333
0.7545,  0.089235
0.7550,  0.088386
0.7555,  0.086947
0.7560,  0.087351
0.7565,  0.089850
0.7570,  0.092120
0.7575,  0.103221
0.7580,  0.131342
0.7585,  0.195532
0.7590,  0.301498
0.7595,  0.433338
0.7600,  0.567744
0.7605,  0.642657
0.7610,  0.649319
0.7615,  0.627566
0.7620,  0.606585
0.7625,  0.593195
0.7630,  0.578954
0.7635,  0.548702
0.7640,  0.501431
0.7645,  0.442189
0.7650,  0.389912
0.7655,  0.336364
0.7660,  0.278185
0.7665,  0.222042
0.7670,  0.174508
0.7675,  0.148257
0.7680,  0.130259
0.7685,  0.120528
0.7690,  0.118886
0.7695,  0.113163
0.7700,  0.109951
0.7705,  0.104460
0.7710,  0.098939
0.7715,  0.095582
0.7720,  0.094756
0.7725,  0.092093
0.7730,  0.093279
0.7735,  0.089054
0.7740,  0.087154
0.7745,  0.083066
0.7750,  0.079298
0.7755,  0.080543
0.7760,  0.087146
0.7765,  0.087629
0.7770,  0.098061
0.7775,  0.097366
0.7780,  0.096075
0.7785,  0.091051
0.7790,  0.083263
0.7795,  0.084501
0.7800,  0.086162
0.7805,  0.084284
0.7810,  0.087204
0.7815,  0.084863
0.7820,  0.082433
0.7825,  0.080084
0.7830,  0.076300
0.7835,  0.074817
0.7840,  0.075682
0.7845,  0.077385
0.7850,  0.077829
0.7855,  0.075251
0.7860,  0.076860
0.7865,  0.084210
0.7870,  0.088902
0.7875,  0.094012
0.7880,  0.101223
0.7885,  0.108373
0.7890,  0.111673
0.7895,  0.110067
0.7900,  0.108410
0.7905,  0.102517
0.7910,  0.097105
0.7915,  0.097711
0.7920,  0.102133
0.7925,  0.102736
0.7930,  0.105654
0.7935,  0.108958
0.7940,  0.111058
0.7945,  0.109869
0.7950,  0.107260
0.7955,  0.105196
0.7960,  0.103412
0.7965,  0.102381
0.7970,  0.102896
0.7975,  0.100684
0.7980,  0.097250
0.7985,  0.096574
0.7990,  0.095573
0.7995,  0.103667
0.8000,  0.103663
0.8005,  0.103064
0.8010,  0.104143
0.8015,  0.098664
0.8020,  0.097424
0.8025,  0.094389
0.8030,  0.093678
0.8035,  0.096308
0.8040,  0.097439
0.8045,  0.102049
0.8050,  0.104234
0.8055,  0.101702
0.8060,  0.101105
0.8065,  0.102096
0.8070,  0.103505
0.8075,  0.098485
0.8080,  0.093283
0.8085,  0.090388
0.8090,  0.087307
0.8095,  0.090935
0.8100,  0.103411
0.8105,  0.119916
0.8110,  0.135407
0.8115,  0.148256
0.8120,  0.160388
0.8125,  0.179142
0.8130,  0.193410
0.8135,  0.205893
0.8140,  0.214064
0.8145,  0.232528
0.8150,  0.249483
0.8155,  0.263773
0.8160,  0.279104
0.8165,  0.287844
0.8170,  0.286620
0.8175,  0.279143
0.8180,  0.276874
0.8185,  0.265887
0.8190,  0.241265
0.8195,  0.218485
0.8200,  0.200205
0.8205,  0.185887
0.8210,  0.194022
0.8215,  0.217341
0.8220,  0.252334
0.8225,  0.278226
0.8230,  0.270935
0.8235,  0.242678
0.8240,  0.211280
0.8245,  0.190416
0.8250,  0.174064
0.8255,  0.163584
0.8260,  0.157707
0.8265,  0.168884
0.8270,  0.180326
0.8275,  0.198866
0.8280,  0.208684
0.8285,  0.210701
0.8290,  0.212200
0.8295,  0.207418
0.8300,  0.198407
0.8305,  0.185367
0.8310,  0.171933
0.8315,  0.160648
0.8320,  0.156746
0.8325,  0.155506
0.8330,  0.155427
0.8335,  0.153756
0.8340,  0.149660
0.8345,  0.139791
0.8350,  0.132591
0.8355,  0.129627
0.8360,  0.120203
0.8365,  0.109621
0.8370,  0.101502
0.8375,  0.095368
0.8380,  0.091637
0.8385,  0.086492
0.8390,  0.087632
0.8395,  0.087273
0.8400,  0.084603
0.8405,  0.080928
0.8410,  0.078248
0.8415,  0.076007
0.8420,  0.076825
0.8425,  0.073710
0.8430,  0.071157
0.8435,  0.074472
0.8440,  0.073517
0.8445,  0.073548
0.8450,  0.076119
0.8455,  0.075440
0.8460,  0.075202
0.8465,  0.074366
0.8470,  0.072366
0.8475,  0.071900
0.8480,  0.073705
0.8485,  0.065663
0.8490,  0.063065
0.8495,  0.063155
0.8500,  0.056928
0.8505,  0.061794
0.8510,  0.067168
0.8515,  0.066595
0.8520,  0.069298
0.8525,  0.049212
0.8530,  0.034335
0.8535,  0.027238
0.8540,  0.012273
0.8545,  0.040389
0.8550,  0.052291
0.8555,  0.058190
0.8560,  0.066235
0.8565,  0.062059
0.8570,  0.059663
0.8575,  0.063951
0.8580,  0.064772
0.8585,  0.057508
0.8590,  0.049318
0.8595,  0.049503
0.8600,  0.045942
0.8605,  0.050312
0.8610,  0.052619
0.8615,  0.055097
0.8620,  0.056160
0.8625,  0.058335
0.8630,  0.052099
0.8635,  0.058753
0.8640,  0.072659
0.8645,  0.049380
0.8650,  0.034703
0.8655,  0.028286
0.8660,  0.009352
0.8665,  0.025069
0.8670,  0.027800
0.8675,  0.031986
0.8680,  0.036591
0.8685,  0.041515
0.8690,  0.039028
0.8695,  0.039260
0.8700,  0.037268
0.8705,  0.036779
0.8710,  0.040224
0.8715,  0.054127
0.8720,  0.060605
0.8725,  0.066610
0.8730,  0.068513
0.8735,  0.062345
0.8740,  0.056372
0.8745,  0.051584
0.8750,  0.051913
0.8755,  0.050510
0.8760,  0.040162
0.8765,  0.043532
0.8770,  0.048146
0.8775,  0.049249
0.8780,  0.056153
0.8785,  0.063023
0.8790,  0.063640
0.8795,  0.063881
0.8800,  0.051386
0.8805,  0.044745
0.8810,  0.043251
0.8815,  0.035484
0.8820,  0.028119
0.8825,  0.032261
0.8830,  0.043212
0.8835,  0.049762
0.8840,  0.053261
0.8845,  0.051527
0.8850,  0.047442
0.8855,  0.041262
0.8860,  0.035878
0.8865,  0.042033
0.8870,  0.041884
0.8875,  0.045538
0.8880,  0.050471
0.8885,  0.063309
0.8890,  0.065193
0.8895,  0.067296
0.8900,  0.070066
