0.3500,  0.546311
0.3505,  0.604072
0.3510,  0.571513
0.3515,  0.535863
0.3520,  0.487756
0.3525,  0.441345
0.3530,  0.483491
0.3535,  0.520114
0.3540,  0.535563
0.3545,  0.558918
0.3550,  0.542810
0.3555,  0.508710
0.3560,  0.454180
0.3565,  0.406847
0.3570,  0.382248
0.3575,  0.344790
0.3580,  0.309015
0.3585,  0.267225
0.3590,  0.448377
0.3595,  0.597774
0.3600,  0.586578
0.3605,  0.560410
0.3610,  0.496935
0.3615,  0.427243
0.3620,  0.456594
0.3625,  0.480808
0.3630,  0.459532
0.3635,  0.450721
0.3640,  0.452133
0.3645,  0.439830
0.3650,  0.474162
0.3655,  0.503858
0.3660,  0.504620
0.3665,  0.512638
0.3670,  0.473183
0.3675,  0.437343
0.3680,  0.399849
0.3685,  0.355394
0.3690,  0.394190
0.3695,  0.438049
0.3700,  0.409047
0.3705,  0.381975
0.3710,  0.405590
0.3715,  0.431583
0.3720,  0.402485
0.3725,  0.372453
0.3730,  0.342583
0.3735,  0.305187
0.3740,  0.316312
0.3745,  0.322162
0.3750,  0.403295
0.3755,  0.468694
0.3760,  0.457149
0.3765,  0.434224
0.3770,  0.472807
0.3775,  0.508635
0.3780,  0.498686
0.3785,  0.499228
0.3790,  0.397296
0.3795,  0.287721
0.3800,  0.345847
0.3805,  0.407442
0.3810,  0.381875
0.3815,  0.365920
0.3820,  0.282255
0.3825,  0.183924
0.3830,  0.167105
0.3835,  0.129571
0.3840,  0.300370
0.3845,  0.433957
0.3850,  0.447615
0.3855,  0.459484
0.3860,  0.448690
0.3865,  0.443612
0.3870,  0.440314
0.3875,  0.430825
0.3880,  0.405126
0.3885,  0.369798
0.3890,  0.414667
0.3895,  0.451452
0.3900,  0.439782
0.3905,  0.431884
0.3910,  0.439122
0.3915,  0.460494
0.3920,  0.365244
0.3925,  0.271414
0.3930,  0.107391
0.3935,  -0.127282
0.3940,  0.183377
0.3945,  0.398897
0.3950,  0.503179
0.3955,  0.595748
0.3960,  0.425046
0.3965,  0.214491
0.3970,  0.231521
0.3975,  0.223505
0.3980,  0.409404
0.3985,  0.537741
0.3990,  0.512175
0.3995,  0.490394
0.4000,  0.447639
0.4005,  0.408687
0.4010,  0.387463
0.4015,  0.375694
0.4020,  0.357128
0.4025,  0.346475
0.4030,  0.318531
0.4035,  0.291562
0.4040,  0.283187
0.4045,  0.278864
0.4050,  0.274787
0.4055,  0.273302
0.4060,  0.256317
0.4065,  0.241320
0.4070,  0.256820
0.4075,  0.269046
0.4080,  0.299672
0.4085,  0.328381
0.4090,  0.323666
0.4095,  0.316783
0.4100,  0.264815
0.4105,  0.206870
0.4110,  0.275461
0.4115,  0.334112
0.4120,  0.314500
0.4125,  0.296578
0.4130,  0.281496
0.4135,  0.269350
0.4140,  0.264434
0.4145,  0.257790
0.4150,  0.255026
0.4155,  0.253573
0.4160,  0.277508
0.4165,  0.302162
0.4170,  0.262286
0.4175,  0.217847
0.4180,  0.221106
0.4185,  0.229674
0.4190,  0.241068
0.4195,  0.242213
0.4200,  0.257878
0.4205,  0.273284
0.4210,  0.278889
0.4215,  0.288517
0.4220,  0.241194
0.4225,  0.185473
0.4230,  0.222216
0.4235,  0.258625
0.4240,  0.268906
0.4245,  0.283202
0.4250,  0.271965
0.4255,  0.254865
0.4260,  0.253096
0.4265,  0.258663
0.4270,  0.228100
0.4275,  0.195603
0.4280,  0.208344
0.4285,  0.223643
0.4290,  0.209515
0.4295,  0.204815
0.4300,  0.125153
0.4305,  0.019552
0.4310,  0.220746
0.4315,  0.370212
0.4320,  0.340855
0.4325,  0.305797
0.4330,  0.305689
0.4335,  0.306578
0.4340,  0.276664
0.4345,  0.248164
0.4350,  0.244970
0.4355,  0.244595
0.4360,  0.286028
0.4365,  0.328242
0.4370,  0.294831
0.4375,  0.262930
0.4380,  0.205668
0.4385,  0.143595
0.4390,  0.213299
0.4395,  0.274060
0.4400,  0.243234
0.4405,  0.208449
0.4410,  0.250324
0.4415,  0.287447
0.4420,  0.286052
0.4425,  0.282166
0.4430,  0.255653
0.4435,  0.233660
0.4440,  0.244759
0.4445,  0.259803
0.4450,  0.225983
0.4455,  0.186021
0.4460,  0.197724
0.4465,  0.208999
0.4470,  0.242703
0.4475,  0.276956
0.4480,  0.250318
0.4485,  0.220995
0.4490,  0.224019
0.4495,  0.224915
0.4500,  0.240098
0.4505,  0.258157
0.4510,  0.251102
0.4515,  0.242611
0.4520,  0.210886
0.4525,  0.179035
0.4530,  0.188897
0.4535,  0.197394
0.4540,  0.203209
0.4545,  0.206596
0.4550,  0.216658
0.4555,  0.228762
0.4560,  0.236294
0.4565,  0.242791
0.4570,  0.246501
0.4575,  0.252003
0.4580,  0.223856
0.4585,  0.193882
0.4590,  0.203307
0.4595,  0.210052
0.4600,  0.213761
0.4605,  0.217697
0.4610,  0.218428
0.4615,  0.217742
0.4620,  0.226878
0.4625,  0.236812
0.4630,  0.222171
0.4635,  0.210840
0.4640,  0.200071
0.4645,  0.190077
0.4650,  0.210200
0.4655,  0.230682
0.4660,  0.206029
0.4665,  0.179977
0.4670,  0.205456
0.4675,  0.227260
0.4680,  0.223321
0.4685,  0.222031
0.4690,  0.222120
0.4695,  0.224962
0.4700,  0.205749
0.4705,  0.180305
0.4710,  0.208675
0.4715,  0.239604
0.4720,  0.240030
0.4725,  0.240604
0.4730,  0.230005
0.4735,  0.216768
0.4740,  0.223503
0.4745,  0.230946
0.4750,  0.221926
0.4755,  0.215719
0.4760,  0.203679
0.4765,  0.192703
0.4770,  0.219843
0.4775,  0.244384
0.4780,  0.227499
0.4785,  0.210954
0.4790,  0.224185
0.4795,  0.234482
0.4800,  0.221749
0.4805,  0.211410
0.4810,  0.221429
0.4815,  0.230411
0.4820,  0.215067
0.4825,  0.206308
0.4830,  0.211661
0.4835,  0.215662
0.4840,  0.210571
0.4845,  0.211767
0.4850,  0.196771
0.4855,  0.183673
0.4860,  0.150046
0.4865,  0.103607
0.4870,  0.158064
0.4875,  0.206540
0.4880,  0.222434
0.4885,  0.234054
0.4890,  0.234128
0.4895,  0.234505
0.4900,  0.234756
0.4905,  0.238905
0.4910,  0.213617
0.4915,  0.188389
0.4920,  0.188288
0.4925,  0.187836
0.4930,  0.182072
0.4935,  0.175212
0.4940,  0.206423
0.4945,  0.238122
0.4950,  0.203308
0.4955,  0.170681
0.4960,  0.188379
0.4965,  0.207099
0.4970,  0.210621
0.4975,  0.216253
0.4980,  0.185379
0.4985,  0.151586
0.4990,  0.178305
0.4995,  0.205197
0.5000,  0.183809
0.5005,  0.161187
0.5010,  0.155018
0.5015,  0.146507
0.5020,  0.167071
0.5025,  0.186854
0.5030,  0.195864
0.5035,  0.204154
0.5040,  0.189272
0.5045,  0.169157
0.5050,  0.188392
0.5055,  0.206897
0.5060,  0.192590
0.5065,  0.181740
0.5070,  0.172238
0.5075,  0.162296
0.5080,  0.167056
0.5085,  0.170870
0.5090,  0.171255
0.5095,  0.170434
0.5100,  0.174973
0.5105,  0.178881
0.5110,  0.188281
0.5115,  0.197480
0.5120,  0.169458
0.5125,  0.143947
0.5130,  0.148741
0.5135,  0.151554
0.5140,  0.159908
0.5145,  0.165365
0.5150,  0.175567
0.5155,  0.189088
0.5160,  0.147695
0.5165,  0.104422
0.5170,  0.133302
0.5175,  0.158209
0.5180,  0.144253
0.5185,  0.121672
0.5190,  0.158310
0.5195,  0.191480
0.5200,  0.181617
0.5205,  0.170877
0.5210,  0.179641
0.5215,  0.189847
0.5220,  0.167345
0.5225,  0.145765
0.5230,  0.159723
0.5235,  0.170968
0.5240,  0.179143
0.5245,  0.190812
0.5250,  0.184837
0.5255,  0.183639
0.5260,  0.132909
0.5265,  0.077060
0.5270,  0.121330
0.5275,  0.156561
0.5280,  0.166012
0.5285,  0.173759
0.5290,  0.172603
0.5295,  0.168981
0.5300,  0.169502
0.5305,  0.171906
0.5310,  0.171460
0.5315,  0.175373
0.5320,  0.135767
0.5325,  0.093750
0.5330,  0.135715
0.5335,  0.174870
0.5340,  0.158415
0.5345,  0.138908
0.5350,  0.164980
0.5355,  0.191389
0.5360,  0.163562
0.5365,  0.136690
0.5370,  0.140846
0.5375,  0.145382
0.5380,  0.153458
0.5385,  0.161639
0.5390,  0.150460
0.5395,  0.141083
0.5400,  0.132981
0.5405,  0.121629
0.5410,  0.149659
0.5415,  0.174266
0.5420,  0.157317
0.5425,  0.140249
0.5430,  0.151324
0.5435,  0.162543
0.5440,  0.161863
0.5445,  0.160467
0.5450,  0.166002
0.5455,  0.169033
0.5460,  0.163026
0.5465,  0.157768
0.5470,  0.146903
0.5475,  0.136874
0.5480,  0.144392
0.5485,  0.150296
0.5490,  0.156358
0.5495,  0.163134
0.5500,  0.155884
0.5505,  0.150668
0.5510,  0.153982
0.5515,  0.155932
0.5520,  0.150330
0.5525,  0.145013
0.5530,  0.153099
0.5535,  0.160651
0.5540,  0.163838
0.5545,  0.167268
0.5550,  0.169113
0.5555,  0.172841
0.5560,  0.159484
0.5565,  0.146761
0.5570,  0.155847
0.5575,  0.166088
0.5580,  0.156794
0.5585,  0.145823
0.5590,  0.153148
0.5595,  0.160245
0.5600,  0.165504
0.5605,  0.167685
0.5610,  0.160508
0.5615,  0.154500
0.5620,  0.160634
0.5625,  0.168105
0.5630,  0.171698
0.5635,  0.175547
0.5640,  0.176101
0.5645,  0.177981
0.5650,  0.167934
0.5655,  0.155221
0.5660,  0.161996
0.5665,  0.167512
0.5670,  0.179494
0.5675,  0.192323
0.5680,  0.174639
0.5685,  0.157960
0.5690,  0.173333
0.5695,  0.189419
0.5700,  0.172612
0.5705,  0.152620
0.5710,  0.163894
0.5715,  0.168971
0.5720,  0.177056
0.5725,  0.186421
0.5730,  0.179430
0.5735,  0.176396
0.5740,  0.176112
0.5745,  0.175955
0.5750,  0.169049
0.5755,  0.160356
0.5760,  0.165545
0.5765,  0.170457
0.5770,  0.174551
0.5775,  0.178639
0.5780,  0.161819
0.5785,  0.142136
0.5790,  0.152012
0.5795,  0.160641
0.5800,  0.160403
0.5805,  0.161315
0.5810,  0.162387
0.5815,  0.162678
0.5820,  0.164479
0.5825,  0.166780
0.5830,  0.163181
0.5835,  0.160464
0.5840,  0.161884
0.5845,  0.166521
0.5850,  0.154010
0.5855,  0.138533
0.5860,  0.152600
0.5865,  0.165477
0.5870,  0.174796
0.5875,  0.189619
0.5880,  0.183735
0.5885,  0.176100
0.5890,  0.153819
0.5895,  0.122234
0.5900,  0.176611
0.5905,  0.224246
0.5910,  0.213058
0.5915,  0.200184
0.5920,  0.198348
0.5925,  0.195927
0.5930,  0.189132
0.5935,  0.188794
0.5940,  0.186751
0.5945,  0.183108
0.5950,  0.188469
0.5955,  0.190874
0.5960,  0.193306
0.5965,  0.196261
0.5970,  0.187549
0.5975,  0.180159
0.5980,  0.173160
0.5985,  0.168703
0.5990,  0.176270
0.5995,  0.184717
0.6000,  0.179236
0.6005,  0.173887
0.6010,  0.176674
0.6015,  0.177467
0.6020,  0.166673
0.6025,  0.154790
0.6030,  0.168744
0.6035,  0.183800
0.6040,  0.180676
0.6045,  0.180321
0.6050,  0.177492
0.6055,  0.172347
0.6060,  0.169934
0.6065,  0.168602
0.6070,  0.169800
0.6075,  0.170120
0.6080,  0.167612
0.6085,  0.166313
0.6090,  0.172026
0.6095,  0.178664
0.6100,  0.171646
0.6105,  0.159868
0.6110,  0.170624
0.6115,  0.180830
0.6120,  0.170844
0.6125,  0.163629
0.6130,  0.162180
0.6135,  0.160643
0.6140,  0.173381
0.6145,  0.183823
0.6150,  0.187189
0.6155,  0.191345
0.6160,  0.166373
0.6165,  0.136772
0.6170,  0.161128
0.6175,  0.184717
0.6180,  0.189383
0.6185,  0.195793
0.6190,  0.194869
0.6195,  0.189818
0.6200,  0.194161
0.6205,  0.199148
0.6210,  0.187249
0.6215,  0.176541
0.6220,  0.187177
0.6225,  0.196160
0.6230,  0.189023
0.6235,  0.184188
0.6240,  0.188794
0.6245,  0.190234
0.6250,  0.185801
0.6255,  0.179787
0.6260,  0.195387
0.6265,  0.211308
0.6270,  0.209963
0.6275,  0.212182
0.6280,  0.215283
0.6285,  0.219273
0.6290,  0.218194
0.6295,  0.219030
0.6300,  0.215248
0.6305,  0.208502
0.6310,  0.200068
0.6315,  0.197187
0.6320,  0.194621
0.6325,  0.194199
0.6330,  0.196638
0.6335,  0.197109
0.6340,  0.198020
0.6345,  0.200841
0.6350,  0.203961
0.6355,  0.209335
0.6360,  0.210944
0.6365,  0.205434
0.6370,  0.197169
0.6375,  0.192117
0.6380,  0.191082
0.6385,  0.191940
0.6390,  0.192580
0.6395,  0.191572
0.6400,  0.193647
0.6405,  0.190322
0.6410,  0.184530
0.6415,  0.183284
0.6420,  0.181824
0.6425,  0.181909
0.6430,  0.181628
0.6435,  0.182456
0.6440,  0.188056
0.6445,  0.192791
0.6450,  0.199921
0.6455,  0.204280
0.6460,  0.207481
0.6465,  0.209573
0.6470,  0.211990
0.6475,  0.208362
0.6480,  0.205543
0.6485,  0.201532
0.6490,  0.199341
0.6495,  0.206058
0.6500,  0.210401
0.6505,  0.215922
0.6510,  0.220855
0.6515,  0.221344
0.6520,  0.219287
0.6525,  0.216692
0.6530,  0.212948
0.6535,  0.200552
0.6540,  0.195482
0.6545,  0.197921
0.6550,  0.207778
0.6555,  0.212330
0.6560,  0.209315
0.6565,  0.188203
0.6570,  0.152419
0.6575,  0.162362
0.6580,  0.171694
0.6585,  0.183199
0.6590,  0.194775
0.6595,  0.187749
0.6600,  0.181132
0.6605,  0.176475
0.6610,  0.176197
0.6615,  0.172580
0.6620,  0.171717
0.6625,  0.173021
0.6630,  0.170878
0.6635,  0.174124
0.6640,  0.177752
0.6645,  0.181237
0.6650,  0.181475
0.6655,  0.176015
0.6660,  0.168893
0.6665,  0.166267
0.6670,  0.162051
0.6675,  0.164144
0.6680,  0.166234
0.6685,  0.169149
0.6690,  0.172289
0.6695,  0.170077
0.6700,  0.168302
0.6705,  0.170537
0.6710,  0.174875
0.6715,  0.177733
0.6720,  0.179435
0.6725,  0.181524
0.6730,  0.178360
0.6735,  0.174649
0.6740,  0.171554
0.6745,  0.170299
0.6750,  0.168964
0.6755,  0.171560
0.6760,  0.175943
0.6765,  0.178718
0.6770,  0.179091
0.6775,  0.180545
0.6780,  0.178340
0.6785,  0.178001
0.6790,  0.177271
0.6795,  0.176663
0.6800,  0.176678
0.6805,  0.175591
0.6810,  0.176925
0.6815,  0.178871
0.6820,  0.182488
0.6825,  0.186612
0.6830,  0.190851
0.6835,  0.192751
0.6840,  0.193534
0.6845,  0.191073
0.6850,  0.193892
0.6855,  0.215656
0.6860,  0.250353
0.6865,  0.293786
0.6870,  0.325245
0.6875,  0.338007
0.6880,  0.337844
0.6885,  0.328256
0.6890,  0.323304
0.6895,  0.318141
0.6900,  0.309167
0.6905,  0.298817
0.6910,  0.290608
0.6915,  0.284738
0.6920,  0.280216
0.6925,  0.278112
0.6930,  0.281749
0.6935,  0.286374
0.6940,  0.287332
0.6945,  0.284964
0.6950,  0.283579
0.6955,  0.271995
0.6960,  0.261371
0.6965,  0.251575
0.6970,  0.244173
0.6975,  0.246341
0.6980,  0.254043
0.6985,  0.259560
0.6990,  0.267437
0.6995,  0.269439
0.7000,  0.271830
0.7005,  0.269064
0.7010,  0.265165
0.7015,  0.267419
0.7020,  0.269109
0.7025,  0.270884
0.7030,  0.266263
0.7035,  0.265492
0.7040,  0.269710
0.7045,  0.271171
0.7050,  0.273316
0.7055,  0.270900
0.7060,  0.266168
0.7065,  0.258351
0.7070,  0.252672
0.7075,  0.245090
0.7080,  0.243869
0.7085,  0.246339
0.7090,  0.250912
0.7095,  0.254145
0.7100,  0.252322
0.7105,  0.247057
0.7110,  0.246286
0.7115,  0.244250
0.7120,  0.245807
0.7125,  0.247100
0.7130,  0.247760
0.7135,  0.249341
0.7140,  0.254927
0.7145,  0.261800
0.7150,  0.269750
0.7155,  0.285715
0.7160,  0.316503
0.7165,  0.356284
0.7170,  0.402154
0.7175,  0.444740
0.7180,  0.482410
0.7185,  0.514019
0.7190,  0.528300
0.7195,  0.537419
0.7200,  0.519704
0.7205,  0.491199
0.7210,  0.452791
0.7215,  0.417442
0.7220,  0.401843
0.7225,  0.406784
0.7230,  0.424525
0.7235,  0.450358
0.7240,  0.476340
0.7245,  0.490693
0.7250,  0.492683
0.7255,  0.493532
0.7260,  0.495512
0.7265,  0.496293
0.7270,  0.498123
0.7275,  0.490518
0.7280,  0.483013
0.7285,  0.476950
0.7290,  0.471501
0.7295,  0.469434
0.7300,  0.463387
0.7305,  0.459346
0.7310,  0.449559
0.7315,  0.430120
0.7320,  0.416063
0.7325,  0.396578
0.7330,  0.371800
0.7335,  0.348545
0.7340,  0.334700
0.7345,  0.327872
0.7350,  0.325347
0.7355,  0.326163
0.7360,  0.323404
0.7365,  0.320382
0.7370,  0.313325
0.7375,  0.306670
0.7380,  0.299366
0.7385,  0.293614
0.7390,  0.283644
0.7395,  0.283351
0.7400,  0.282380
0.7405,  0.276920
0.7410,  0.270576
0.7415,  0.273662
0.7420,  0.270875
0.7425,  0.270859
0.7430,  0.270077
0.7435,  0.260015
0.7440,  0.262742
0.7445,  0.260885
0.7450,  0.260164
0.7455,  0.263824
0.7460,  0.261173
0.7465,  0.260260
0.7470,  0.264118
0.7475,  0.262155
0.7480,  0.258434
0.7485,  0.257854
0.7490,  0.260601
0.7495,  0.260765
0.7500,  0.261739
0.7505,  0.262481
0.7510,  0.263941
0.7515,  0.258480
0.7520,  0.256515
0.7525,  0.252651
0.7530,  0.248334
0.7535,  0.248621
0.7540,  0.247036
0.7545,  0.251904
0.7550,  0.251657
0.7555,  0.256633
0.7560,  0.260498
0.7565,  0.268062
0.7570,  0.266830
0.7575,  0.272592
0.7580,  0.298853
0.7585,  0.357253
0.7590,  0.472072
0.7595,  0.640593
0.7600,  0.855735
0.7605,  1.016422
0.7610,  1.062534
0.7615,  1.044461
0.7620,  1.016650
0.7625,  1.002108
0.7630,  0.999672
0.7635,  0.966535
0.7640,  0.914774
0.7645,  0.834478
0.7650,  0.742044
0.7655,  0.651612
0.7660,  0.565765
0.7665,  0.493606
0.7670,  0.439010
0.7675,  0.398544
0.7680,  0.373787
0.7685,  0.357294
0.7690,  0.342857
0.7695,  0.330738
0.7700,  0.315350
0.7705,  0.303147
0.7710,  0.295386
0.7715,  0.291231
0.7720,  0.290772
0.7725,  0.287608
0.7730,  0.283818
0.7735,  0.288264
0.7740,  0.291842
0.7745,  0.296728
0.7750,  0.293103
0.7755,  0.292534
0.7760,  0.296225
0.7765,  0.297430
0.7770,  0.295878
0.7775,  0.292586
0.7780,  0.286732
0.7785,  0.288064
0.7790,  0.291684
0.7795,  0.303602
0.7800,  0.308117
0.7805,  0.309877
0.7810,  0.306722
0.7815,  0.309317
0.7820,  0.309001
0.7825,  0.306006
0.7830,  0.306797
0.7835,  0.302201
0.7840,  0.301152
0.7845,  0.308447
0.7850,  0.317800
0.7855,  0.317738
0.7860,  0.328431
0.7865,  0.331689
0.7870,  0.335335
0.7875,  0.340286
0.7880,  0.337640
0.7885,  0.339118
0.7890,  0.344866
0.7895,  0.346697
0.7900,  0.344171
0.7905,  0.354351
0.7910,  0.356381
0.7915,  0.356871
0.7920,  0.354967
0.7925,  0.355077
0.7930,  0.356778
0.7935,  0.350161
0.7940,  0.340519
0.7945,  0.328218
0.7950,  0.321648
0.7955,  0.334890
0.7960,  0.347012
0.7965,  0.352803
0.7970,  0.356712
0.7975,  0.355939
0.7980,  0.348222
0.7985,  0.340564
0.7990,  0.339447
0.7995,  0.346629
0.8000,  0.365443
0.8005,  0.375062
0.8010,  0.379484
0.8015,  0.376861
0.8020,  0.379489
0.8025,  0.376294
0.8030,  0.374850
0.8035,  0.372823
0.8040,  0.361022
0.8045,  0.366996
0.8050,  0.364146
0.8055,  0.361011
0.8060,  0.362179
0.8065,  0.352217
0.8070,  0.351108
0.8075,  0.346092
0.8080,  0.346413
0.8085,  0.352077
0.8090,  0.359904
0.8095,  0.378016
0.8100,  0.396186
0.8105,  0.406536
0.8110,  0.418936
0.8115,  0.431937
0.8120,  0.442204
0.8125,  0.468352
0.8130,  0.511500
0.8135,  0.559187
0.8140,  0.586827
0.8145,  0.621645
0.8150,  0.661128
0.8155,  0.686131
0.8160,  0.702595
0.8165,  0.716292
0.8170,  0.727024
0.8175,  0.718245
0.8180,  0.699267
0.8185,  0.682102
0.8190,  0.650465
0.8195,  0.624762
0.8200,  0.590575
0.8205,  0.566188
0.8210,  0.558567
0.8215,  0.591477
0.8220,  0.637058
0.8225,  0.688534
0.8230,  0.705796
0.8235,  0.687033
0.8240,  0.639744
0.8245,  0.596480
0.8250,  0.556315
0.8255,  0.532253
0.8260,  0.521371
0.8265,  0.528949
0.8270,  0.552453
0.8275,  0.573840
0.8280,  0.589489
0.8285,  0.594274
0.8290,  0.594002
0.8295,  0.591542
0.8300,  0.579846
0.8305,  0.580870
0.8310,  0.564063
0.8315,  0.551215
0.8320,  0.545781
0.8325,  0.547765
0.8330,  0.530510
0.8335,  0.524380
0.8340,  0.514683
0.8345,  0.505643
0.8350,  0.500561
0.8355,  0.486190
0.8360,  0.473937
0.8365,  0.471625
0.8370,  0.470520
0.8375,  0.466887
0.8380,  0.464687
0.8385,  0.466872
0.8390,  0.469172
0.8395,  0.457078
0.8400,  0.437673
0.8405,  0.416063
0.8410,  0.415766
0.8415,  0.415368
0.8420,  0.411669
0.8425,  0.414297
0.8430,  0.422150
0.8435,  0.429781
0.8440,  0.432345
0.8445,  0.424512
0.8450,  0.416837
0.8455,  0.418378
0.8460,  0.416141
0.8465,  0.416874
0.8470,  0.420335
0.8475,  0.413689
0.8480,  0.422718
0.8485,  0.421755
0.8490,  0.425266
0.8495,  0.420265
0.8500,  0.409753
0.8505,  0.409297
0.8510,  0.414530
0.8515,  0.410022
0.8520,  0.437219
0.8525,  0.446248
0.8530,  0.451946
0.8535,  0.458965
0.8540,  0.446536
0.8545,  0.473796
0.8550,  0.487069
0.8555,  0.473410
0.8560,  0.453720
0.8565,  0.446268
0.8570,  0.442282
0.8575,  0.437166
0.8580,  0.446621
0.8585,  0.442270
0.8590,  0.445780
0.8595,  0.435224
0.8600,  0.426246
0.8605,  0.427670
0.8610,  0.431088
0.8615,  0.438885
0.8620,  0.434681
0.8625,  0.440525
0.8630,  0.446348
0.8635,  0.448276
0.8640,  0.470004
0.8645,  0.456882
0.8650,  0.458136
0.8655,  0.456037
0.8660,  0.452320
0.8665,  0.474489
0.8670,  0.486807
0.8675,  0.478225
0.8680,  0.474116
0.8685,  0.474969
0.8690,  0.486110
0.8695,  0.484666
0.8700,  0.488917
0.8705,  0.482611
0.8710,  0.471318
0.8715,  0.477075
0.8720,  0.488802
0.8725,  0.492364
0.8730,  0.499031
0.8735,  0.498891
0.8740,  0.517487
0.8745,  0.521181
0.8750,  0.511728
0.8755,  0.502917
0.8760,  0.505008
0.8765,  0.505043
0.8770,  0.497363
0.8775,  0.503999
0.8780,  0.538814
0.8785,  0.553033
0.8790,  0.555218
0.8795,  0.547624
0.8800,  0.550622
0.8805,  0.540888
0.8810,  0.535886
0.8815,  0.540548
0.8820,  0.542195
0.8825,  0.550652
0.8830,  0.573249
0.8835,  0.570210
0.8840,  0.564602
0.8845,  0.559073
0.8850,  0.562017
0.8855,  0.576782
0.8860,  0.589177
0.8865,  0.585582
0.8870,  0.587225
0.8875,  0.572060
0.8880,  0.562602
0.8885,  0.573406
0.8890,  0.558088
0.8895,  0.583808
0.8900,  0.586324
