0.3500,  0.302518
0.3505,  0.373888
0.3510,  0.344538
0.3515,  0.320887
0.3520,  0.279296
0.3525,  0.238343
0.3530,  0.276742
0.3535,  0.324554
0.3540,  0.348051
0.3545,  0.372796
0.3550,  0.338789
0.3555,  0.311959
0.3560,  0.276367
0.3565,  0.245721
0.3570,  0.220690
0.3575,  0.180701
0.3580,  0.143253
0.3585,  0.079919
0.3590,  0.253450
0.3595,  0.397893
0.3600,  0.376747
0.3605,  0.358080
0.3610,  0.305797
0.3615,  0.251953
0.3620,  0.294954
0.3625,  0.326964
0.3630,  0.304612
0.3635,  0.284513
0.3640,  0.277148
0.3645,  0.263578
0.3650,  0.300516
0.3655,  0.343618
0.3660,  0.364006
0.3665,  0.384131
0.3670,  0.357327
0.3675,  0.330991
0.3680,  0.296088
0.3685,  0.255099
0.3690,  0.288211
0.3695,  0.326141
0.3700,  0.292775
0.3705,  0.258225
0.3710,  0.279848
0.3715,  0.305977
0.3720,  0.275337
0.3725,  0.242065
0.3730,  0.209036
0.3735,  0.171559
0.3740,  0.177868
0.3745,  0.182617
0.3750,  0.267609
0.3755,  0.337840
0.3760,  0.329349
0.3765,  0.302681
0.3770,  0.343722
0.3775,  0.386443
0.3780,  0.379905
0.3785,  0.383833
0.3790,  0.289774
0.3795,  0.188670
0.3800,  0.247973
0.3805,  0.307866
0.3810,  0.280056
0.3815,  0.260143
0.3820,  0.175371
0.3825,  0.074523
0.3830,  0.047137
0.3835,  0.003143
0.3840,  0.169234
0.3845,  0.296035
0.3850,  0.308195
0.3855,  0.313817
0.3860,  0.294748
0.3865,  0.285552
0.3870,  0.281524
0.3875,  0.276214
0.3880,  0.260589
0.3885,  0.240584
0.3890,  0.301987
0.3895,  0.346977
0.3900,  0.343360
0.3905,  0.338442
0.3910,  0.346216
0.3915,  0.375799
0.3920,  0.287451
0.3925,  0.194768
0.3930,  0.018563
0.3935,  -0.238087
0.3940,  0.056120
0.3945,  0.264335
0.3950,  0.370851
0.3955,  0.474978
0.3960,  0.313075
0.3965,  0.103479
0.3970,  0.123226
0.3975,  0.118801
0.3980,  0.304746
0.3985,  0.431049
0.3990,  0.407838
0.3995,  0.394253
0.4000,  0.359926
0.4005,  0.330001
0.4010,  0.317806
0.4015,  0.312694
0.4020,  0.300322
0.4025,  0.295657
0.4030,  0.271667
0.4035,  0.250136
0.4040,  0.244787
0.4045,  0.244368
0.4050,  0.248310
0.4055,  0.250596
0.4060,  0.235142
0.4065,  0.217876
0.4070,  0.226748
0.4075,  0.231610
0.4080,  0.255443
0.4085,  0.280428
0.4090,  0.275082
0.4095,  0.272784
0.4100,  0.226100
0.4105,  0.171564
0.4110,  0.240716
0.4115,  0.301695
0.4120,  0.283474
0.4125,  0.263717
0.4130,  0.245836
0.4135,  0.234201
0.4140,  0.226266
0.4145,  0.216863
0.4150,  0.213393
0.4155,  0.213458
0.4160,  0.238703
0.4165,  0.265300
0.4170,  0.225354
0.4175,  0.181581
0.4180,  0.189301
0.4185,  0.201810
0.4190,  0.210666
0.4195,  0.212507
0.4200,  0.223457
0.4205,  0.237628
0.4210,  0.246006
0.4215,  0.254897
0.4220,  0.204059
0.4225,  0.148620
0.4230,  0.187797
0.4235,  0.225059
0.4240,  0.234845
0.4245,  0.251856
0.4250,  0.239438
0.4255,  0.221891
0.4260,  0.227170
0.4265,  0.237805
0.4270,  0.210141
0.4275,  0.179799
0.4280,  0.190252
0.4285,  0.201103
0.4290,  0.186280
0.4295,  0.174128
0.4300,  0.094544
0.4305,  -0.013870
0.4310,  0.180881
0.4315,  0.325046
0.4320,  0.293521
0.4325,  0.259930
0.4330,  0.263151
0.4335,  0.265228
0.4340,  0.236070
0.4345,  0.205942
0.4350,  0.205260
0.4355,  0.204480
0.4360,  0.244923
0.4365,  0.289340
0.4370,  0.261252
0.4375,  0.235231
0.4380,  0.183075
0.4385,  0.123714
0.4390,  0.194591
0.4395,  0.254916
0.4400,  0.222010
0.4405,  0.186248
0.4410,  0.228662
0.4415,  0.264693
0.4420,  0.264619
0.4425,  0.264978
0.4430,  0.240789
0.4435,  0.219647
0.4440,  0.231435
0.4445,  0.244181
0.4450,  0.210954
0.4455,  0.172925
0.4460,  0.186420
0.4465,  0.197527
0.4470,  0.231620
0.4475,  0.266148
0.4480,  0.239605
0.4485,  0.209054
0.4490,  0.211244
0.4495,  0.211796
0.4500,  0.226039
0.4505,  0.244403
0.4510,  0.235442
0.4515,  0.230915
0.4520,  0.200834
0.4525,  0.173963
0.4530,  0.187079
0.4535,  0.197320
0.4540,  0.203789
0.4545,  0.206288
0.4550,  0.215240
0.4555,  0.223754
0.4560,  0.224493
0.4565,  0.226664
0.4570,  0.226923
0.4575,  0.230015
0.4580,  0.203918
0.4585,  0.178704
0.4590,  0.187690
0.4595,  0.194119
0.4600,  0.201137
0.4605,  0.208007
0.4610,  0.207577
0.4615,  0.204856
0.4620,  0.213108
0.4625,  0.224159
0.4630,  0.213033
0.4635,  0.206380
0.4640,  0.199625
0.4645,  0.192124
0.4650,  0.212661
0.4655,  0.231409
0.4660,  0.205137
0.4665,  0.180984
0.4670,  0.203552
0.4675,  0.223892
0.4680,  0.219168
0.4685,  0.216215
0.4690,  0.218027
0.4695,  0.221574
0.4700,  0.203601
0.4705,  0.180593
0.4710,  0.208345
0.4715,  0.235549
0.4720,  0.233277
0.4725,  0.232893
0.4730,  0.221885
0.4735,  0.212799
0.4740,  0.225280
0.4745,  0.238418
0.4750,  0.229955
0.4755,  0.221924
0.4760,  0.208490
0.4765,  0.193587
0.4770,  0.218234
0.4775,  0.242397
0.4780,  0.226098
0.4785,  0.209994
0.4790,  0.223279
0.4795,  0.235156
0.4800,  0.224154
0.4805,  0.216576
0.4810,  0.227943
0.4815,  0.239016
0.4820,  0.225460
0.4825,  0.215046
0.4830,  0.218434
0.4835,  0.223161
0.4840,  0.223678
0.4845,  0.228561
0.4850,  0.216315
0.4855,  0.204120
0.4860,  0.170472
0.4865,  0.122178
0.4870,  0.174025
0.4875,  0.217962
0.4880,  0.227596
0.4885,  0.236256
0.4890,  0.234473
0.4895,  0.234194
0.4900,  0.237083
0.4905,  0.245751
0.4910,  0.222693
0.4915,  0.199705
0.4920,  0.201882
0.4925,  0.198772
0.4930,  0.193384
0.4935,  0.184629
0.4940,  0.216408
0.4945,  0.249450
0.4950,  0.217419
0.4955,  0.186430
0.4960,  0.208236
0.4965,  0.228675
0.4970,  0.232604
0.4975,  0.238559
0.4980,  0.207648
0.4985,  0.173781
0.4990,  0.200232
0.4995,  0.227367
0.5000,  0.207159
0.5005,  0.185861
0.5010,  0.179886
0.5015,  0.170511
0.5020,  0.189842
0.5025,  0.208315
0.5030,  0.216866
0.5035,  0.223763
0.5040,  0.205216
0.5045,  0.184677
0.5050,  0.206758
0.5055,  0.230332
0.5060,  0.221536
0.5065,  0.214407
0.5070,  0.203905
0.5075,  0.190880
0.5080,  0.192848
0.5085,  0.194672
0.5090,  0.194659
0.5095,  0.193478
0.5100,  0.197108
0.5105,  0.201122
0.5110,  0.210720
0.5115,  0.222011
0.5120,  0.197174
0.5125,  0.173201
0.5130,  0.177906
0.5135,  0.179872
0.5140,  0.185661
0.5145,  0.189361
0.5150,  0.198952
0.5155,  0.214612
0.5160,  0.177615
0.5165,  0.137058
0.5170,  0.165441
0.5175,  0.187374
0.5180,  0.167796
0.5185,  0.140307
0.5190,  0.174947
0.5195,  0.208310
0.5200,  0.198816
0.5205,  0.188701
0.5210,  0.199563
0.5215,  0.212909
0.5220,  0.191522
0.5225,  0.167285
0.5230,  0.179627
0.5235,  0.190654
0.5240,  0.201567
0.5245,  0.215502
0.5250,  0.213331
0.5255,  0.214893
0.5260,  0.164574
0.5265,  0.108072
0.5270,  0.149761
0.5275,  0.182328
0.5280,  0.187825
0.5285,  0.192961
0.5290,  0.189847
0.5295,  0.187718
0.5300,  0.190519
0.5305,  0.194823
0.5310,  0.196790
0.5315,  0.204031
0.5320,  0.168095
0.5325,  0.126571
0.5330,  0.167896
0.5335,  0.204200
0.5340,  0.184614
0.5345,  0.163527
0.5350,  0.189949
0.5355,  0.217798
0.5360,  0.191219
0.5365,  0.166048
0.5370,  0.169907
0.5375,  0.173626
0.5380,  0.180509
0.5385,  0.191433
0.5390,  0.181259
0.5395,  0.169581
0.5400,  0.158307
0.5405,  0.145377
0.5410,  0.171807
0.5415,  0.196048
0.5420,  0.180032
0.5425,  0.164971
0.5430,  0.176438
0.5435,  0.184836
0.5440,  0.181125
0.5445,  0.180824
0.5450,  0.186151
0.5455,  0.191315
0.5460,  0.186414
0.5465,  0.183015
0.5470,  0.173220
0.5475,  0.162089
0.5480,  0.167597
0.5485,  0.173118
0.5490,  0.180914
0.5495,  0.188180
0.5500,  0.179816
0.5505,  0.172149
0.5510,  0.174419
0.5515,  0.177545
0.5520,  0.174605
0.5525,  0.169037
0.5530,  0.175829
0.5535,  0.182015
0.5540,  0.185175
0.5545,  0.188189
0.5550,  0.189214
0.5555,  0.193684
0.5560,  0.180179
0.5565,  0.166591
0.5570,  0.176600
0.5575,  0.188748
0.5580,  0.180881
0.5585,  0.169055
0.5590,  0.173956
0.5595,  0.177326
0.5600,  0.180068
0.5605,  0.184894
0.5610,  0.180831
0.5615,  0.176945
0.5620,  0.182655
0.5625,  0.186775
0.5630,  0.188900
0.5635,  0.191822
0.5640,  0.192814
0.5645,  0.194821
0.5650,  0.186136
0.5655,  0.172706
0.5660,  0.177147
0.5665,  0.184438
0.5670,  0.198589
0.5675,  0.212862
0.5680,  0.196017
0.5685,  0.178519
0.5690,  0.192719
0.5695,  0.207574
0.5700,  0.188429
0.5705,  0.166246
0.5710,  0.177128
0.5715,  0.181869
0.5720,  0.193490
0.5725,  0.205102
0.5730,  0.197314
0.5735,  0.193498
0.5740,  0.194107
0.5745,  0.193720
0.5750,  0.185191
0.5755,  0.173451
0.5760,  0.175534
0.5765,  0.181310
0.5770,  0.185413
0.5775,  0.190109
0.5780,  0.174185
0.5785,  0.155167
0.5790,  0.165937
0.5795,  0.174646
0.5800,  0.174692
0.5805,  0.173860
0.5810,  0.172858
0.5815,  0.174019
0.5820,  0.176948
0.5825,  0.178947
0.5830,  0.172824
0.5835,  0.169989
0.5840,  0.171931
0.5845,  0.175563
0.5850,  0.160904
0.5855,  0.145144
0.5860,  0.159933
0.5865,  0.177027
0.5870,  0.189061
0.5875,  0.207010
0.5880,  0.199971
0.5885,  0.189640
0.5890,  0.162060
0.5895,  0.125175
0.5900,  0.174759
0.5905,  0.218353
0.5910,  0.205616
0.5915,  0.192606
0.5920,  0.190628
0.5925,  0.189763
0.5930,  0.184286
0.5935,  0.186985
0.5940,  0.185484
0.5945,  0.180614
0.5950,  0.183909
0.5955,  0.185423
0.5960,  0.187601
0.5965,  0.189555
0.5970,  0.181750
0.5975,  0.177890
0.5980,  0.173406
0.5985,  0.170516
0.5990,  0.177945
0.5995,  0.184610
0.6000,  0.180232
0.6005,  0.175166
0.6010,  0.178295
0.6015,  0.178399
0.6020,  0.166725
0.6025,  0.152815
0.6030,  0.166691
0.6035,  0.181665
0.6040,  0.178816
0.6045,  0.178051
0.6050,  0.177256
0.6055,  0.175572
0.6060,  0.174443
0.6065,  0.173585
0.6070,  0.174994
0.6075,  0.177973
0.6080,  0.177595
0.6085,  0.177144
0.6090,  0.181604
0.6095,  0.183245
0.6100,  0.173209
0.6105,  0.162823
0.6110,  0.171633
0.6115,  0.182995
0.6120,  0.174816
0.6125,  0.166655
0.6130,  0.164388
0.6135,  0.161677
0.6140,  0.172655
0.6145,  0.185682
0.6150,  0.192376
0.6155,  0.195554
0.6160,  0.166286
0.6165,  0.132906
0.6170,  0.155766
0.6175,  0.177941
0.6180,  0.184910
0.6185,  0.187169
0.6190,  0.182995
0.6195,  0.178799
0.6200,  0.185753
0.6205,  0.193337
0.6210,  0.181317
0.6215,  0.168175
0.6220,  0.176588
0.6225,  0.187632
0.6230,  0.180176
0.6235,  0.174775
0.6240,  0.179445
0.6245,  0.181348
0.6250,  0.175458
0.6255,  0.168079
0.6260,  0.182751
0.6265,  0.198528
0.6270,  0.201151
0.6275,  0.203708
0.6280,  0.205404
0.6285,  0.210219
0.6290,  0.209685
0.6295,  0.208777
0.6300,  0.205042
0.6305,  0.196910
0.6310,  0.187264
0.6315,  0.180169
0.6320,  0.173303
0.6325,  0.174437
0.6330,  0.178653
0.6335,  0.181576
0.6340,  0.184071
0.6345,  0.187147
0.6350,  0.190663
0.6355,  0.189984
0.6360,  0.188869
0.6365,  0.182633
0.6370,  0.177727
0.6375,  0.173780
0.6380,  0.173831
0.6385,  0.176954
0.6390,  0.180807
0.6395,  0.181051
0.6400,  0.179481
0.6405,  0.175917
0.6410,  0.171744
0.6415,  0.172276
0.6420,  0.169328
0.6425,  0.165750
0.6430,  0.163772
0.6435,  0.165103
0.6440,  0.167152
0.6445,  0.175335
0.6450,  0.182774
0.6455,  0.185590
0.6460,  0.188360
0.6465,  0.190710
0.6470,  0.189422
0.6475,  0.186634
0.6480,  0.184942
0.6485,  0.180585
0.6490,  0.173699
0.6495,  0.175834
0.6500,  0.177646
0.6505,  0.184473
0.6510,  0.194980
0.6515,  0.194009
0.6520,  0.192588
0.6525,  0.186106
0.6530,  0.182983
0.6535,  0.176779
0.6540,  0.176844
0.6545,  0.183686
0.6550,  0.194944
0.6555,  0.191814
0.6560,  0.175806
0.6565,  0.142578
0.6570,  0.103472
0.6575,  0.115415
0.6580,  0.131619
0.6585,  0.147443
0.6590,  0.164782
0.6595,  0.157882
0.6600,  0.153060
0.6605,  0.151123
0.6610,  0.150799
0.6615,  0.146794
0.6620,  0.143220
0.6625,  0.141447
0.6630,  0.143289
0.6635,  0.147695
0.6640,  0.151091
0.6645,  0.153981
0.6650,  0.156728
0.6655,  0.153897
0.6660,  0.148044
0.6665,  0.142549
0.6670,  0.134278
0.6675,  0.134977
0.6680,  0.137633
0.6685,  0.141453
0.6690,  0.144837
0.6695,  0.141983
0.6700,  0.141308
0.6705,  0.141870
0.6710,  0.141992
0.6715,  0.142695
0.6720,  0.139331
0.6725,  0.139075
0.6730,  0.138526
0.6735,  0.134991
0.6740,  0.132556
0.6745,  0.129900
0.6750,  0.128853
0.6755,  0.131618
0.6760,  0.134909
0.6765,  0.139548
0.6770,  0.143318
0.6775,  0.145857
0.6780,  0.146383
0.6785,  0.146385
0.6790,  0.141509
0.6795,  0.137235
0.6800,  0.133495
0.6805,  0.130792
0.6810,  0.129573
0.6815,  0.128202
0.6820,  0.133303
0.6825,  0.138154
0.6830,  0.142520
0.6835,  0.145352
0.6840,  0.146985
0.6845,  0.148634
0.6850,  0.157865
0.6855,  0.186446
0.6860,  0.222540
0.6865,  0.254082
0.6870,  0.271591
0.6875,  0.272869
0.6880,  0.270361
0.6885,  0.265689
0.6890,  0.261208
0.6895,  0.253850
0.6900,  0.242292
0.6905,  0.232276
0.6910,  0.222837
0.6915,  0.215949
0.6920,  0.211869
0.6925,  0.211641
0.6930,  0.216352
0.6935,  0.215548
0.6940,  0.215246
0.6945,  0.212584
0.6950,  0.206400
0.6955,  0.195841
0.6960,  0.187559
0.6965,  0.185218
0.6970,  0.181712
0.6975,  0.186362
0.6980,  0.190190
0.6985,  0.196522
0.6990,  0.201202
0.6995,  0.200443
0.7000,  0.196627
0.7005,  0.192513
0.7010,  0.188021
0.7015,  0.190475
0.7020,  0.188601
0.7025,  0.186733
0.7030,  0.181673
0.7035,  0.181705
0.7040,  0.185990
0.7045,  0.189836
0.7050,  0.194164
0.7055,  0.193169
0.7060,  0.188325
0.7065,  0.183232
0.7070,  0.178640
0.7075,  0.175462
0.7080,  0.170045
0.7085,  0.162739
0.7090,  0.160614
0.7095,  0.164329
0.7100,  0.170380
0.7105,  0.169968
0.7110,  0.171132
0.7115,  0.169472
0.7120,  0.171721
0.7125,  0.173063
0.7130,  0.172398
0.7135,  0.171446
0.7140,  0.176805
0.7145,  0.183060
0.7150,  0.195667
0.7155,  0.214396
0.7160,  0.243944
0.7165,  0.277447
0.7170,  0.312727
0.7175,  0.336470
0.7180,  0.356950
0.7185,  0.373010
0.7190,  0.377541
0.7195,  0.370857
0.7200,  0.350398
0.7205,  0.322501
0.7210,  0.290869
0.7215,  0.270860
0.7220,  0.270989
0.7225,  0.286560
0.7230,  0.307376
0.7235,  0.323215
0.7240,  0.333800
0.7245,  0.341964
0.7250,  0.343543
0.7255,  0.338493
0.7260,  0.339414
0.7265,  0.337537
0.7270,  0.336247
0.7275,  0.329589
0.7280,  0.326620
0.7285,  0.317376
0.7290,  0.311031
0.7295,  0.306416
0.7300,  0.305441
0.7305,  0.300510
0.7310,  0.290888
0.7315,  0.273217
0.7320,  0.257168
0.7325,  0.242010
0.7330,  0.228843
0.7335,  0.219104
0.7340,  0.214853
0.7345,  0.214856
0.7350,  0.213655
0.7355,  0.214085
0.7360,  0.209256
0.7365,  0.203488
0.7370,  0.197645
0.7375,  0.190075
0.7380,  0.185136
0.7385,  0.182582
0.7390,  0.177352
0.7395,  0.175598
0.7400,  0.172016
0.7405,  0.166188
0.7410,  0.158040
0.7415,  0.158118
0.7420,  0.158790
0.7425,  0.162744
0.7430,  0.169605
0.7435,  0.164623
0.7440,  0.165048
0.7445,  0.164817
0.7450,  0.164294
0.7455,  0.162979
0.7460,  0.158611
0.7465,  0.159111
0.7470,  0.157855
0.7475,  0.149481
0.7480,  0.143655
0.7485,  0.143733
0.7490,  0.141808
0.7495,  0.142143
0.7500,  0.141693
0.7505,  0.144825
0.7510,  0.147978
0.7515,  0.150612
0.7520,  0.157464
0.7525,  0.159508
0.7530,  0.156542
0.7535,  0.153541
0.7540,  0.150944
0.7545,  0.142668
0.7550,  0.145559
0.7555,  0.148467
0.7560,  0.148553
0.7565,  0.146693
0.7570,  0.144016
0.7575,  0.157126
0.7580,  0.196841
0.7585,  0.281098
0.7590,  0.415355
0.7595,  0.577180
0.7600,  0.715988
0.7605,  0.786242
0.7610,  0.785051
0.7615,  0.754604
0.7620,  0.732166
0.7625,  0.726843
0.7630,  0.711270
0.7635,  0.667079
0.7640,  0.613710
0.7645,  0.552270
0.7650,  0.487037
0.7655,  0.416686
0.7660,  0.349859
0.7665,  0.291618
0.7670,  0.250266
0.7675,  0.219753
0.7680,  0.196900
0.7685,  0.181533
0.7690,  0.176741
0.7695,  0.171303
0.7700,  0.167464
0.7705,  0.162656
0.7710,  0.157374
0.7715,  0.153704
0.7720,  0.148960
0.7725,  0.144771
0.7730,  0.145821
0.7735,  0.150759
0.7740,  0.150266
0.7745,  0.147176
0.7750,  0.142354
0.7755,  0.142283
0.7760,  0.142951
0.7765,  0.145595
0.7770,  0.146517
0.7775,  0.140678
0.7780,  0.140250
0.7785,  0.141094
0.7790,  0.143658
0.7795,  0.145421
0.7800,  0.147233
0.7805,  0.143244
0.7810,  0.138997
0.7815,  0.134328
0.7820,  0.131602
0.7825,  0.132454
0.7830,  0.140497
0.7835,  0.143960
0.7840,  0.147478
0.7845,  0.150627
0.7850,  0.148660
0.7855,  0.146523
0.7860,  0.149745
0.7865,  0.152831
0.7870,  0.159771
0.7875,  0.163179
0.7880,  0.170041
0.7885,  0.176450
0.7890,  0.182687
0.7895,  0.181462
0.7900,  0.178755
0.7905,  0.179668
0.7910,  0.178410
0.7915,  0.175279
0.7920,  0.180873
0.7925,  0.176386
0.7930,  0.169163
0.7935,  0.161324
0.7940,  0.154257
0.7945,  0.156196
0.7950,  0.156168
0.7955,  0.161941
0.7960,  0.168784
0.7965,  0.167398
0.7970,  0.168917
0.7975,  0.167895
0.7980,  0.169566
0.7985,  0.171550
0.7990,  0.168906
0.7995,  0.168322
0.8000,  0.166996
0.8005,  0.167918
0.8010,  0.173514
0.8015,  0.175393
0.8020,  0.176594
0.8025,  0.173224
0.8030,  0.170058
0.8035,  0.159871
0.8040,  0.160124
0.8045,  0.160078
0.8050,  0.161116
0.8055,  0.159346
0.8060,  0.150818
0.8065,  0.150311
0.8070,  0.155552
0.8075,  0.161625
0.8080,  0.163883
0.8085,  0.161091
0.8090,  0.156839
0.8095,  0.158276
0.8100,  0.164038
0.8105,  0.174890
0.8110,  0.184884
0.8115,  0.194946
0.8120,  0.211638
0.8125,  0.227569
0.8130,  0.247420
0.8135,  0.274751
0.8140,  0.296546
0.8145,  0.312238
0.8150,  0.331134
0.8155,  0.336835
0.8160,  0.341115
0.8165,  0.354075
0.8170,  0.360587
0.8175,  0.363538
0.8180,  0.362303
0.8185,  0.350479
0.8190,  0.324632
0.8195,  0.302605
0.8200,  0.276440
0.8205,  0.259327
0.8210,  0.269504
0.8215,  0.296192
0.8220,  0.331201
0.8225,  0.359264
0.8230,  0.352576
0.8235,  0.323699
0.8240,  0.293474
0.8245,  0.271443
0.8250,  0.257689
0.8255,  0.251361
0.8260,  0.252898
0.8265,  0.261326
0.8270,  0.265125
0.8275,  0.279417
0.8280,  0.292637
0.8285,  0.285596
0.8290,  0.275068
0.8295,  0.264178
0.8300,  0.257320
0.8305,  0.259669
0.8310,  0.253776
0.8315,  0.247913
0.8320,  0.247880
0.8325,  0.243118
0.8330,  0.232361
0.8335,  0.215511
0.8340,  0.201626
0.8345,  0.191075
0.8350,  0.193109
0.8355,  0.186139
0.8360,  0.182976
0.8365,  0.183611
0.8370,  0.174246
0.8375,  0.173061
0.8380,  0.163849
0.8385,  0.170945
0.8390,  0.160579
0.8395,  0.155716
0.8400,  0.151594
0.8405,  0.153634
0.8410,  0.154689
0.8415,  0.154346
0.8420,  0.153403
0.8425,  0.151498
0.8430,  0.152082
0.8435,  0.148597
0.8440,  0.151006
0.8445,  0.134991
0.8450,  0.120914
0.8455,  0.113976
0.8460,  0.117012
0.8465,  0.122832
0.8470,  0.133799
0.8475,  0.141618
0.8480,  0.143450
0.8485,  0.135770
0.8490,  0.133186
0.8495,  0.132715
0.8500,  0.116281
0.8505,  0.114569
0.8510,  0.104044
0.8515,  0.105164
0.8520,  0.118152
0.8525,  0.111766
0.8530,  0.118360
0.8535,  0.113062
0.8540,  0.090829
0.8545,  0.107548
0.8550,  0.109024
0.8555,  0.111160
0.8560,  0.119567
0.8565,  0.114055
0.8570,  0.106347
0.8575,  0.112366
0.8580,  0.122620
0.8585,  0.125798
0.8590,  0.129247
0.8595,  0.134423
0.8600,  0.136249
0.8605,  0.127950
0.8610,  0.129175
0.8615,  0.122978
0.8620,  0.116296
0.8625,  0.117334
0.8630,  0.117965
0.8635,  0.126294
0.8640,  0.131451
0.8645,  0.125045
0.8650,  0.121463
0.8655,  0.122025
0.8660,  0.104762
0.8665,  0.117092
0.8670,  0.111114
0.8675,  0.099492
0.8680,  0.098345
0.8685,  0.093882
0.8690,  0.099404
0.8695,  0.112481
0.8700,  0.123341
0.8705,  0.124573
0.8710,  0.123334
0.8715,  0.124888
0.8720,  0.129843
0.8725,  0.128350
0.8730,  0.124300
0.8735,  0.123941
0.8740,  0.129767
0.8745,  0.131047
0.8750,  0.130353
0.8755,  0.147610
0.8760,  0.156049
0.8765,  0.151230
0.8770,  0.140697
0.8775,  0.134218
0.8780,  0.122099
0.8785,  0.116077
0.8790,  0.101141
0.8795,  0.094914
0.8800,  0.098524
0.8805,  0.117561
0.8810,  0.120220
0.8815,  0.122164
0.8820,  0.117520
0.8825,  0.107551
0.8830,  0.116852
0.8835,  0.120908
0.8840,  0.129206
0.8845,  0.122180
0.8850,  0.111923
0.8855,  0.108312
0.8860,  0.104423
0.8865,  0.098928
0.8870,  0.108158
0.8875,  0.124221
0.8880,  0.125858
0.8885,  0.122267
0.8890,  0.119277
0.8895,  0.131623
0.8900,  0.126965
