0.3500,  0.152603
0.3505,  0.213066
0.3510,  0.179022
0.3515,  0.148580
0.3520,  0.118641
0.3525,  0.078509
0.3530,  0.124641
0.3535,  0.162248
0.3540,  0.175055
0.3545,  0.201078
0.3550,  0.175501
0.3555,  0.159377
0.3560,  0.120878
0.3565,  0.083965
0.3570,  0.050134
0.3575,  0.019013
0.3580,  -0.026367
0.3585,  -0.091317
0.3590,  0.074285
0.3595,  0.219220
0.3600,  0.206549
0.3605,  0.195709
0.3610,  0.144012
0.3615,  0.085515
0.3620,  0.124700
0.3625,  0.165877
0.3630,  0.154390
0.3635,  0.144507
0.3640,  0.137919
0.3645,  0.120034
0.3650,  0.148347
0.3655,  0.173435
0.3660,  0.180885
0.3665,  0.197286
0.3670,  0.173144
0.3675,  0.151702
0.3680,  0.118423
0.3685,  0.081068
0.3690,  0.121306
0.3695,  0.166220
0.3700,  0.136848
0.3705,  0.104579
0.3710,  0.124261
0.3715,  0.148972
0.3720,  0.121033
0.3725,  0.093567
0.3730,  0.058595
0.3735,  0.021294
0.3740,  0.032968
0.3745,  0.036933
0.3750,  0.116352
0.3755,  0.181890
0.3760,  0.172903
0.3765,  0.156374
0.3770,  0.206009
0.3775,  0.249748
0.3780,  0.242571
0.3785,  0.243813
0.3790,  0.148727
0.3795,  0.044233
0.3800,  0.097921
0.3805,  0.156421
0.3810,  0.128257
0.3815,  0.110875
0.3820,  0.025652
0.3825,  -0.079860
0.3830,  -0.101655
0.3835,  -0.138468
0.3840,  0.030920
0.3845,  0.159758
0.3850,  0.170938
0.3855,  0.182780
0.3860,  0.168466
0.3865,  0.153340
0.3870,  0.143101
0.3875,  0.137966
0.3880,  0.121814
0.3885,  0.100522
0.3890,  0.164939
0.3895,  0.215116
0.3900,  0.214397
0.3905,  0.213016
0.3910,  0.224955
0.3915,  0.250031
0.3920,  0.149588
0.3925,  0.050019
0.3930,  -0.125051
0.3935,  -0.374353
0.3940,  -0.079795
0.3945,  0.134841
0.3950,  0.243303
0.3955,  0.341075
0.3960,  0.178408
0.3965,  -0.025687
0.3970,  -0.003102
0.3975,  -0.002408
0.3980,  0.189080
0.3985,  0.317712
0.3990,  0.295898
0.3995,  0.283886
0.4000,  0.248716
0.4005,  0.217198
0.4010,  0.204264
0.4015,  0.195911
0.4020,  0.178924
0.4025,  0.168737
0.4030,  0.142430
0.4035,  0.116969
0.4040,  0.111251
0.4045,  0.113414
0.4050,  0.116726
0.4055,  0.117744
0.4060,  0.101533
0.4065,  0.087897
0.4070,  0.101395
0.4075,  0.110680
0.4080,  0.137647
0.4085,  0.163188
0.4090,  0.157241
0.4095,  0.152688
0.4100,  0.106547
0.4105,  0.052192
0.4110,  0.119833
0.4115,  0.178562
0.4120,  0.161481
0.4125,  0.145183
0.4130,  0.129248
0.4135,  0.115831
0.4140,  0.107628
0.4145,  0.100003
0.4150,  0.099276
0.4155,  0.097731
0.4160,  0.121488
0.4165,  0.148621
0.4170,  0.112992
0.4175,  0.071796
0.4180,  0.080162
0.4185,  0.089827
0.4190,  0.095891
0.4195,  0.098215
0.4200,  0.112150
0.4205,  0.126178
0.4210,  0.133365
0.4215,  0.144787
0.4220,  0.095761
0.4225,  0.043624
0.4230,  0.078656
0.4235,  0.111939
0.4240,  0.122507
0.4245,  0.135892
0.4250,  0.121969
0.4255,  0.107678
0.4260,  0.110768
0.4265,  0.118895
0.4270,  0.086368
0.4275,  0.057962
0.4280,  0.071057
0.4285,  0.086973
0.4290,  0.074810
0.4295,  0.065869
0.4300,  -0.014676
0.4305,  -0.119296
0.4310,  0.073436
0.4315,  0.216438
0.4320,  0.181142
0.4325,  0.146901
0.4330,  0.148491
0.4335,  0.153202
0.4340,  0.124998
0.4345,  0.099705
0.4350,  0.101675
0.4355,  0.102919
0.4360,  0.143491
0.4365,  0.186005
0.4370,  0.157016
0.4375,  0.131591
0.4380,  0.080292
0.4385,  0.018534
0.4390,  0.085858
0.4395,  0.144299
0.4400,  0.111519
0.4405,  0.078162
0.4410,  0.121938
0.4415,  0.160232
0.4420,  0.160204
0.4425,  0.159920
0.4430,  0.136755
0.4435,  0.116530
0.4440,  0.128441
0.4445,  0.143544
0.4450,  0.110263
0.4455,  0.072168
0.4460,  0.085592
0.4465,  0.097556
0.4470,  0.132402
0.4475,  0.165133
0.4480,  0.139022
0.4485,  0.110831
0.4490,  0.116374
0.4495,  0.119466
0.4500,  0.134169
0.4505,  0.149293
0.4510,  0.138373
0.4515,  0.134640
0.4520,  0.105739
0.4525,  0.076081
0.4530,  0.086025
0.4535,  0.095214
0.4540,  0.103729
0.4545,  0.106974
0.4550,  0.113963
0.4555,  0.122890
0.4560,  0.128491
0.4565,  0.132234
0.4570,  0.133028
0.4575,  0.135021
0.4580,  0.108305
0.4585,  0.082542
0.4590,  0.095894
0.4595,  0.106323
0.4600,  0.112183
0.4605,  0.117771
0.4610,  0.118651
0.4615,  0.117335
0.4620,  0.123261
0.4625,  0.131950
0.4630,  0.117248
0.4635,  0.107178
0.4640,  0.098960
0.4645,  0.091301
0.4650,  0.113337
0.4655,  0.134553
0.4660,  0.112354
0.4665,  0.090899
0.4670,  0.116302
0.4675,  0.136561
0.4680,  0.133228
0.4685,  0.128128
0.4690,  0.128670
0.4695,  0.134199
0.4700,  0.115584
0.4705,  0.090270
0.4710,  0.121480
0.4715,  0.151355
0.4720,  0.150058
0.4725,  0.150841
0.4730,  0.138083
0.4735,  0.124244
0.4740,  0.132192
0.4745,  0.141813
0.4750,  0.135782
0.4755,  0.130950
0.4760,  0.119445
0.4765,  0.107171
0.4770,  0.133044
0.4775,  0.157337
0.4780,  0.141017
0.4785,  0.123792
0.4790,  0.137526
0.4795,  0.150841
0.4800,  0.141314
0.4805,  0.132496
0.4810,  0.142886
0.4815,  0.151826
0.4820,  0.138652
0.4825,  0.130645
0.4830,  0.132947
0.4835,  0.136321
0.4840,  0.135136
0.4845,  0.139558
0.4850,  0.126982
0.4855,  0.116111
0.4860,  0.083585
0.4865,  0.038012
0.4870,  0.090302
0.4875,  0.135322
0.4880,  0.147924
0.4885,  0.157598
0.4890,  0.155077
0.4895,  0.153752
0.4900,  0.155533
0.4905,  0.163320
0.4910,  0.140306
0.4915,  0.118136
0.4920,  0.120361
0.4925,  0.121422
0.4930,  0.114573
0.4935,  0.105394
0.4940,  0.136921
0.4945,  0.168396
0.4950,  0.136442
0.4955,  0.103300
0.4960,  0.122162
0.4965,  0.141307
0.4970,  0.144487
0.4975,  0.150792
0.4980,  0.121423
0.4985,  0.088280
0.4990,  0.114369
0.4995,  0.141965
0.5000,  0.123279
0.5005,  0.103364
0.5010,  0.097964
0.5015,  0.087874
0.5020,  0.106582
0.5025,  0.123775
0.5030,  0.132392
0.5035,  0.141235
0.5040,  0.125592
0.5045,  0.105498
0.5050,  0.126672
0.5055,  0.148264
0.5060,  0.136116
0.5065,  0.127219
0.5070,  0.116437
0.5075,  0.106161
0.5080,  0.110047
0.5085,  0.112063
0.5090,  0.110997
0.5095,  0.110240
0.5100,  0.115588
0.5105,  0.120278
0.5110,  0.129073
0.5115,  0.138959
0.5120,  0.112673
0.5125,  0.088051
0.5130,  0.092398
0.5135,  0.093907
0.5140,  0.101368
0.5145,  0.106767
0.5150,  0.115545
0.5155,  0.130734
0.5160,  0.091624
0.5165,  0.051553
0.5170,  0.080152
0.5175,  0.103836
0.5180,  0.088649
0.5185,  0.064485
0.5190,  0.099450
0.5195,  0.132485
0.5200,  0.122129
0.5205,  0.112585
0.5210,  0.122040
0.5215,  0.135387
0.5220,  0.112979
0.5225,  0.092412
0.5230,  0.106109
0.5235,  0.115278
0.5240,  0.124225
0.5245,  0.136525
0.5250,  0.132249
0.5255,  0.132376
0.5260,  0.081930
0.5265,  0.026659
0.5270,  0.068860
0.5275,  0.102168
0.5280,  0.109213
0.5285,  0.115697
0.5290,  0.113783
0.5295,  0.111961
0.5300,  0.113465
0.5305,  0.117419
0.5310,  0.119081
0.5315,  0.124745
0.5320,  0.086958
0.5325,  0.046207
0.5330,  0.087592
0.5335,  0.123524
0.5340,  0.105469
0.5345,  0.085660
0.5350,  0.111628
0.5355,  0.137434
0.5360,  0.110227
0.5365,  0.084282
0.5370,  0.089161
0.5375,  0.093016
0.5380,  0.100724
0.5385,  0.110159
0.5390,  0.101741
0.5395,  0.092331
0.5400,  0.082105
0.5405,  0.068748
0.5410,  0.095493
0.5415,  0.119813
0.5420,  0.105067
0.5425,  0.090925
0.5430,  0.101893
0.5435,  0.110788
0.5440,  0.107322
0.5445,  0.105688
0.5450,  0.110480
0.5455,  0.114699
0.5460,  0.110428
0.5465,  0.105825
0.5470,  0.096055
0.5475,  0.085788
0.5480,  0.092961
0.5485,  0.099109
0.5490,  0.105727
0.5495,  0.112525
0.5500,  0.106109
0.5505,  0.099294
0.5510,  0.102763
0.5515,  0.105986
0.5520,  0.101929
0.5525,  0.095834
0.5530,  0.104089
0.5535,  0.111538
0.5540,  0.113521
0.5545,  0.114172
0.5550,  0.114699
0.5555,  0.117695
0.5560,  0.104129
0.5565,  0.091006
0.5570,  0.100175
0.5575,  0.111522
0.5580,  0.102859
0.5585,  0.095054
0.5590,  0.103055
0.5595,  0.108097
0.5600,  0.111053
0.5605,  0.113753
0.5610,  0.106603
0.5615,  0.101521
0.5620,  0.106614
0.5625,  0.113561
0.5630,  0.117375
0.5635,  0.121183
0.5640,  0.122183
0.5645,  0.123617
0.5650,  0.114485
0.5655,  0.101376
0.5660,  0.106138
0.5665,  0.111339
0.5670,  0.124136
0.5675,  0.137766
0.5680,  0.121201
0.5685,  0.104506
0.5690,  0.119680
0.5695,  0.134826
0.5700,  0.116891
0.5705,  0.095521
0.5710,  0.104907
0.5715,  0.110601
0.5720,  0.121408
0.5725,  0.131832
0.5730,  0.125931
0.5735,  0.122379
0.5740,  0.120868
0.5745,  0.120321
0.5750,  0.112159
0.5755,  0.101365
0.5760,  0.102732
0.5765,  0.106138
0.5770,  0.111064
0.5775,  0.117018
0.5780,  0.100473
0.5785,  0.082839
0.5790,  0.092663
0.5795,  0.099818
0.5800,  0.099051
0.5805,  0.099645
0.5810,  0.100822
0.5815,  0.102290
0.5820,  0.105277
0.5825,  0.106349
0.5830,  0.102458
0.5835,  0.101098
0.5840,  0.104970
0.5845,  0.111721
0.5850,  0.099082
0.5855,  0.083725
0.5860,  0.098189
0.5865,  0.111298
0.5870,  0.120220
0.5875,  0.134872
0.5880,  0.125895
0.5885,  0.115165
0.5890,  0.087443
0.5895,  0.054880
0.5900,  0.106660
0.5905,  0.152584
0.5910,  0.141680
0.5915,  0.130947
0.5920,  0.130347
0.5925,  0.130195
0.5930,  0.125154
0.5935,  0.124106
0.5940,  0.120933
0.5945,  0.116973
0.5950,  0.119545
0.5955,  0.119726
0.5960,  0.121444
0.5965,  0.125384
0.5970,  0.118687
0.5975,  0.113005
0.5980,  0.107463
0.5985,  0.103877
0.5990,  0.113072
0.5995,  0.120825
0.6000,  0.115725
0.6005,  0.112196
0.6010,  0.113407
0.6015,  0.113100
0.6020,  0.101719
0.6025,  0.086779
0.6030,  0.098669
0.6035,  0.113659
0.6040,  0.112733
0.6045,  0.114661
0.6050,  0.114923
0.6055,  0.111616
0.6060,  0.109157
0.6065,  0.107634
0.6070,  0.109975
0.6075,  0.112761
0.6080,  0.111190
0.6085,  0.112129
0.6090,  0.118104
0.6095,  0.120988
0.6100,  0.111337
0.6105,  0.099825
0.6110,  0.108868
0.6115,  0.121017
0.6120,  0.112696
0.6125,  0.105086
0.6130,  0.102647
0.6135,  0.099667
0.6140,  0.108248
0.6145,  0.118115
0.6150,  0.120767
0.6155,  0.124140
0.6160,  0.098037
0.6165,  0.068677
0.6170,  0.093680
0.6175,  0.120577
0.6180,  0.124978
0.6185,  0.129681
0.6190,  0.127581
0.6195,  0.121565
0.6200,  0.127662
0.6205,  0.133497
0.6210,  0.121445
0.6215,  0.108991
0.6220,  0.116315
0.6225,  0.128335
0.6230,  0.120445
0.6235,  0.114638
0.6240,  0.119002
0.6245,  0.120543
0.6250,  0.114182
0.6255,  0.105183
0.6260,  0.118921
0.6265,  0.133594
0.6270,  0.134700
0.6275,  0.137725
0.6280,  0.141956
0.6285,  0.145604
0.6290,  0.145454
0.6295,  0.144894
0.6300,  0.141574
0.6305,  0.135215
0.6310,  0.125626
0.6315,  0.122476
0.6320,  0.118750
0.6325,  0.117511
0.6330,  0.118668
0.6335,  0.120627
0.6340,  0.123320
0.6345,  0.126417
0.6350,  0.130525
0.6355,  0.132378
0.6360,  0.130873
0.6365,  0.127228
0.6370,  0.122731
0.6375,  0.120777
0.6380,  0.121347
0.6385,  0.124849
0.6390,  0.129439
0.6395,  0.128204
0.6400,  0.126009
0.6405,  0.121682
0.6410,  0.115908
0.6415,  0.114918
0.6420,  0.113260
0.6425,  0.112146
0.6430,  0.111772
0.6435,  0.113872
0.6440,  0.115102
0.6445,  0.120698
0.6450,  0.129369
0.6455,  0.133534
0.6460,  0.137264
0.6465,  0.139923
0.6470,  0.138073
0.6475,  0.132992
0.6480,  0.130942
0.6485,  0.125638
0.6490,  0.120430
0.6495,  0.124268
0.6500,  0.128344
0.6505,  0.135427
0.6510,  0.143298
0.6515,  0.141445
0.6520,  0.138340
0.6525,  0.134339
0.6530,  0.130279
0.6535,  0.119239
0.6540,  0.115696
0.6545,  0.122048
0.6550,  0.134204
0.6555,  0.136251
0.6560,  0.127103
0.6565,  0.099720
0.6570,  0.064582
0.6575,  0.073086
0.6580,  0.084324
0.6585,  0.099658
0.6590,  0.115829
0.6595,  0.110644
0.6600,  0.107727
0.6605,  0.103262
0.6610,  0.100882
0.6615,  0.095951
0.6620,  0.094463
0.6625,  0.097511
0.6630,  0.098945
0.6635,  0.102376
0.6640,  0.102730
0.6645,  0.102948
0.6650,  0.103097
0.6655,  0.101301
0.6660,  0.099631
0.6665,  0.095824
0.6670,  0.091317
0.6675,  0.091849
0.6680,  0.091834
0.6685,  0.095229
0.6690,  0.098557
0.6695,  0.097742
0.6700,  0.097057
0.6705,  0.096632
0.6710,  0.096549
0.6715,  0.097740
0.6720,  0.095661
0.6725,  0.093522
0.6730,  0.091048
0.6735,  0.088698
0.6740,  0.088549
0.6745,  0.088883
0.6750,  0.089495
0.6755,  0.093357
0.6760,  0.097307
0.6765,  0.101838
0.6770,  0.102235
0.6775,  0.099155
0.6780,  0.095515
0.6785,  0.091949
0.6790,  0.089851
0.6795,  0.090567
0.6800,  0.093107
0.6805,  0.092486
0.6810,  0.092497
0.6815,  0.093523
0.6820,  0.096819
0.6825,  0.098930
0.6830,  0.099768
0.6835,  0.101996
0.6840,  0.103451
0.6845,  0.104193
0.6850,  0.108523
0.6855,  0.129246
0.6860,  0.160232
0.6865,  0.196151
0.6870,  0.223613
0.6875,  0.228240
0.6880,  0.226128
0.6885,  0.221113
0.6890,  0.217272
0.6895,  0.210750
0.6900,  0.202047
0.6905,  0.190479
0.6910,  0.179812
0.6915,  0.170084
0.6920,  0.166099
0.6925,  0.168092
0.6930,  0.172853
0.6935,  0.171309
0.6940,  0.172060
0.6945,  0.170906
0.6950,  0.166102
0.6955,  0.156547
0.6960,  0.146020
0.6965,  0.140111
0.6970,  0.134046
0.6975,  0.138635
0.6980,  0.146118
0.6985,  0.152303
0.6990,  0.157802
0.6995,  0.154370
0.7000,  0.150427
0.7005,  0.147553
0.7010,  0.145525
0.7015,  0.151874
0.7020,  0.153898
0.7025,  0.151816
0.7030,  0.148860
0.7035,  0.151670
0.7040,  0.153665
0.7045,  0.156759
0.7050,  0.161587
0.7055,  0.160807
0.7060,  0.158266
0.7065,  0.151265
0.7070,  0.146100
0.7075,  0.140704
0.7080,  0.134919
0.7085,  0.129218
0.7090,  0.122743
0.7095,  0.123778
0.7100,  0.127157
0.7105,  0.129834
0.7110,  0.132675
0.7115,  0.132608
0.7120,  0.133172
0.7125,  0.135245
0.7130,  0.137411
0.7135,  0.138466
0.7140,  0.141932
0.7145,  0.145984
0.7150,  0.153077
0.7155,  0.168798
0.7160,  0.194954
0.7165,  0.229599
0.7170,  0.266469
0.7175,  0.298505
0.7180,  0.327427
0.7185,  0.342015
0.7190,  0.343336
0.7195,  0.338600
0.7200,  0.325257
0.7205,  0.298334
0.7210,  0.268560
0.7215,  0.247408
0.7220,  0.247753
0.7225,  0.256603
0.7230,  0.273518
0.7235,  0.289611
0.7240,  0.305099
0.7245,  0.311534
0.7250,  0.311607
0.7255,  0.306928
0.7260,  0.305503
0.7265,  0.306888
0.7270,  0.305520
0.7275,  0.300916
0.7280,  0.303850
0.7285,  0.297517
0.7290,  0.289746
0.7295,  0.285284
0.7300,  0.276097
0.7305,  0.271077
0.7310,  0.262932
0.7315,  0.246825
0.7320,  0.228683
0.7325,  0.214443
0.7330,  0.206433
0.7335,  0.191387
0.7340,  0.184002
0.7345,  0.181808
0.7350,  0.178974
0.7355,  0.175610
0.7360,  0.171536
0.7365,  0.164466
0.7370,  0.161124
0.7375,  0.155924
0.7380,  0.154299
0.7385,  0.150591
0.7390,  0.147546
0.7395,  0.145501
0.7400,  0.141718
0.7405,  0.140420
0.7410,  0.140415
0.7415,  0.142729
0.7420,  0.143471
0.7425,  0.143178
0.7430,  0.138133
0.7435,  0.129262
0.7440,  0.127225
0.7445,  0.125774
0.7450,  0.120475
0.7455,  0.121315
0.7460,  0.123323
0.7465,  0.124330
0.7470,  0.127009
0.7475,  0.126381
0.7480,  0.125497
0.7485,  0.122425
0.7490,  0.120271
0.7495,  0.121240
0.7500,  0.122973
0.7505,  0.126916
0.7510,  0.128329
0.7515,  0.126773
0.7520,  0.124794
0.7525,  0.126813
0.7530,  0.128497
0.7535,  0.124380
0.7540,  0.120445
0.7545,  0.114246
0.7550,  0.117504
0.7555,  0.119578
0.7560,  0.123282
0.7565,  0.126583
0.7570,  0.129733
0.7575,  0.142970
0.7580,  0.175468
0.7585,  0.238856
0.7590,  0.344969
0.7595,  0.495305
0.7600,  0.645905
0.7605,  0.729949
0.7610,  0.737268
0.7615,  0.701508
0.7620,  0.668182
0.7625,  0.656648
0.7630,  0.640898
0.7635,  0.612201
0.7640,  0.564182
0.7645,  0.509936
0.7650,  0.453158
0.7655,  0.395163
0.7660,  0.335933
0.7665,  0.277298
0.7670,  0.230448
0.7675,  0.204890
0.7680,  0.186881
0.7685,  0.172255
0.7690,  0.168391
0.7695,  0.163028
0.7700,  0.155886
0.7705,  0.151314
0.7710,  0.144698
0.7715,  0.138903
0.7720,  0.136192
0.7725,  0.129438
0.7730,  0.131611
0.7735,  0.130865
0.7740,  0.127169
0.7745,  0.127882
0.7750,  0.128971
0.7755,  0.129030
0.7760,  0.130692
0.7765,  0.130730
0.7770,  0.129368
0.7775,  0.126631
0.7780,  0.121802
0.7785,  0.124966
0.7790,  0.122928
0.7795,  0.121207
0.7800,  0.124730
0.7805,  0.123575
0.7810,  0.123543
0.7815,  0.125173
0.7820,  0.126370
0.7825,  0.125807
0.7830,  0.126920
0.7835,  0.126738
0.7840,  0.123380
0.7845,  0.116809
0.7850,  0.114593
0.7855,  0.113016
0.7860,  0.119555
0.7865,  0.129346
0.7870,  0.138129
0.7875,  0.147736
0.7880,  0.158204
0.7885,  0.155072
0.7890,  0.152453
0.7895,  0.143635
0.7900,  0.139673
0.7905,  0.140819
0.7910,  0.140784
0.7915,  0.146480
0.7920,  0.149771
0.7925,  0.153363
0.7930,  0.155092
0.7935,  0.158719
0.7940,  0.150565
0.7945,  0.143737
0.7950,  0.143395
0.7955,  0.144414
0.7960,  0.143465
0.7965,  0.142591
0.7970,  0.139815
0.7975,  0.139592
0.7980,  0.142221
0.7985,  0.146167
0.7990,  0.153980
0.7995,  0.159916
0.8000,  0.167247
0.8005,  0.170894
0.8010,  0.174171
0.8015,  0.171508
0.8020,  0.162565
0.8025,  0.155480
0.8030,  0.156502
0.8035,  0.160344
0.8040,  0.163057
0.8045,  0.161292
0.8050,  0.162811
0.8055,  0.160596
0.8060,  0.145340
0.8065,  0.136994
0.8070,  0.133816
0.8075,  0.130904
0.8080,  0.133274
0.8085,  0.139085
0.8090,  0.149702
0.8095,  0.168558
0.8100,  0.190894
0.8105,  0.201522
0.8110,  0.207142
0.8115,  0.215646
0.8120,  0.216940
0.8125,  0.226818
0.8130,  0.238648
0.8135,  0.250338
0.8140,  0.263875
0.8145,  0.289998
0.8150,  0.324280
0.8155,  0.348553
0.8160,  0.361988
0.8165,  0.379183
0.8170,  0.379621
0.8175,  0.368669
0.8180,  0.354340
0.8185,  0.328790
0.8190,  0.298556
0.8195,  0.283725
0.8200,  0.261898
0.8205,  0.256758
0.8210,  0.266818
0.8215,  0.299392
0.8220,  0.339474
0.8225,  0.371879
0.8230,  0.360497
0.8235,  0.328459
0.8240,  0.283023
0.8245,  0.253809
0.8250,  0.243441
0.8255,  0.237231
0.8260,  0.252945
0.8265,  0.266675
0.8270,  0.284336
0.8275,  0.302448
0.8280,  0.316422
0.8285,  0.314034
0.8290,  0.295788
0.8295,  0.278645
0.8300,  0.252366
0.8305,  0.242154
0.8310,  0.238749
0.8315,  0.239942
0.8320,  0.244738
0.8325,  0.254393
0.8330,  0.253195
0.8335,  0.242962
0.8340,  0.229428
0.8345,  0.221662
0.8350,  0.208913
0.8355,  0.200836
0.8360,  0.188626
0.8365,  0.183639
0.8370,  0.179793
0.8375,  0.183537
0.8380,  0.178758
0.8385,  0.177216
0.8390,  0.176171
0.8395,  0.170605
0.8400,  0.161231
0.8405,  0.150856
0.8410,  0.142447
0.8415,  0.140199
0.8420,  0.136001
0.8425,  0.139093
0.8430,  0.145948
0.8435,  0.152566
0.8440,  0.148968
0.8445,  0.150827
0.8450,  0.149377
0.8455,  0.140065
0.8460,  0.131223
0.8465,  0.125294
0.8470,  0.121632
0.8475,  0.125634
0.8480,  0.133734
0.8485,  0.136255
0.8490,  0.136962
0.8495,  0.136855
0.8500,  0.125657
0.8505,  0.127584
0.8510,  0.129409
0.8515,  0.128776
0.8520,  0.131286
0.8525,  0.120783
0.8530,  0.125509
0.8535,  0.127309
0.8540,  0.111323
0.8545,  0.134771
0.8550,  0.134608
0.8555,  0.142902
0.8560,  0.145040
0.8565,  0.136805
0.8570,  0.132224
0.8575,  0.132227
0.8580,  0.133708
0.8585,  0.134256
0.8590,  0.126400
0.8595,  0.122272
0.8600,  0.128169
0.8605,  0.143597
0.8610,  0.137812
0.8615,  0.132070
0.8620,  0.125658
0.8625,  0.132224
0.8630,  0.116338
0.8635,  0.106719
0.8640,  0.127952
0.8645,  0.122453
0.8650,  0.103961
0.8655,  0.100740
0.8660,  0.095269
0.8665,  0.118968
0.8670,  0.138196
0.8675,  0.149911
0.8680,  0.132677
0.8685,  0.126667
0.8690,  0.132709
0.8695,  0.131153
0.8700,  0.139543
0.8705,  0.143735
0.8710,  0.155176
0.8715,  0.155498
0.8720,  0.164617
0.8725,  0.160912
0.8730,  0.148067
0.8735,  0.140850
0.8740,  0.139383
0.8745,  0.142563
0.8750,  0.139669
0.8755,  0.144282
0.8760,  0.145035
0.8765,  0.159076
0.8770,  0.164633
0.8775,  0.170378
0.8780,  0.174876
0.8785,  0.161864
0.8790,  0.149625
0.8795,  0.144662
0.8800,  0.144357
0.8805,  0.150417
0.8810,  0.150374
0.8815,  0.152710
0.8820,  0.147446
0.8825,  0.151347
0.8830,  0.151115
0.8835,  0.143024
0.8840,  0.147073
0.8845,  0.148687
0.8850,  0.143092
0.8855,  0.149977
0.8860,  0.160357
0.8865,  0.163420
0.8870,  0.169877
0.8875,  0.178919
0.8880,  0.172046
0.8885,  0.149844
0.8890,  0.150623
0.8895,  0.157129
0.8900,  0.167888
