0.3500,  0.459616
0.3505,  0.530119
0.3510,  0.499518
0.3515,  0.467573
0.3520,  0.421494
0.3525,  0.371079
0.3530,  0.418558
0.3535,  0.459360
0.3540,  0.469204
0.3545,  0.491502
0.3550,  0.462560
0.3555,  0.437406
0.3560,  0.391708
0.3565,  0.360189
0.3570,  0.332748
0.3575,  0.296850
0.3580,  0.252918
0.3585,  0.193653
0.3590,  0.370235
0.3595,  0.511924
0.3600,  0.506038
0.3605,  0.496942
0.3610,  0.448924
0.3615,  0.392978
0.3620,  0.432202
0.3625,  0.463268
0.3630,  0.435241
0.3635,  0.410072
0.3640,  0.398617
0.3645,  0.380098
0.3650,  0.413819
0.3655,  0.444408
0.3660,  0.446987
0.3665,  0.459376
0.3670,  0.426822
0.3675,  0.397936
0.3680,  0.361570
0.3685,  0.325148
0.3690,  0.370226
0.3695,  0.414166
0.3700,  0.379315
0.3705,  0.341356
0.3710,  0.361965
0.3715,  0.390696
0.3720,  0.362458
0.3725,  0.335810
0.3730,  0.301593
0.3735,  0.260299
0.3740,  0.268088
0.3745,  0.270527
0.3750,  0.355498
0.3755,  0.424588
0.3760,  0.416142
0.3765,  0.398020
0.3770,  0.447971
0.3775,  0.491706
0.3780,  0.480796
0.3785,  0.477593
0.3790,  0.373239
0.3795,  0.261471
0.3800,  0.317528
0.3805,  0.380792
0.3810,  0.356745
0.3815,  0.342147
0.3820,  0.252374
0.3825,  0.146425
0.3830,  0.130884
0.3835,  0.098417
0.3840,  0.283721
0.3845,  0.422597
0.3850,  0.428707
0.3855,  0.434270
0.3860,  0.418632
0.3865,  0.404070
0.3870,  0.392537
0.3875,  0.380814
0.3880,  0.360283
0.3885,  0.338128
0.3890,  0.398379
0.3895,  0.441723
0.3900,  0.434147
0.3905,  0.426145
0.3910,  0.432147
0.3915,  0.452775
0.3920,  0.348034
0.3925,  0.248869
0.3930,  0.077797
0.3935,  -0.167020
0.3940,  0.148927
0.3945,  0.367544
0.3950,  0.473360
0.3955,  0.568947
0.3960,  0.396492
0.3965,  0.183712
0.3970,  0.207507
0.3975,  0.206458
0.3980,  0.405163
0.3985,  0.539715
0.3990,  0.512501
0.3995,  0.488708
0.4000,  0.439862
0.4005,  0.397386
0.4010,  0.378180
0.4015,  0.369544
0.4020,  0.353349
0.4025,  0.343533
0.4030,  0.314114
0.4035,  0.286423
0.4040,  0.277387
0.4045,  0.273419
0.4050,  0.273081
0.4055,  0.274301
0.4060,  0.257850
0.4065,  0.242253
0.4070,  0.257123
0.4075,  0.267424
0.4080,  0.293059
0.4085,  0.316347
0.4090,  0.309712
0.4095,  0.305625
0.4100,  0.258301
0.4105,  0.202978
0.4110,  0.276064
0.4115,  0.339708
0.4120,  0.321443
0.4125,  0.302595
0.4130,  0.287381
0.4135,  0.276263
0.4140,  0.269513
0.4145,  0.261043
0.4150,  0.257729
0.4155,  0.254343
0.4160,  0.278021
0.4165,  0.301040
0.4170,  0.256778
0.4175,  0.212365
0.4180,  0.219540
0.4185,  0.229595
0.4190,  0.240200
0.4195,  0.244159
0.4200,  0.258321
0.4205,  0.275541
0.4210,  0.283685
0.4215,  0.291943
0.4220,  0.240441
0.4225,  0.186465
0.4230,  0.225356
0.4235,  0.263902
0.4240,  0.276251
0.4245,  0.287202
0.4250,  0.269364
0.4255,  0.252187
0.4260,  0.252907
0.4265,  0.257342
0.4270,  0.221722
0.4275,  0.191637
0.4280,  0.212806
0.4285,  0.230433
0.4290,  0.219528
0.4295,  0.208837
0.4300,  0.125918
0.4305,  0.016558
0.4310,  0.218799
0.4315,  0.369173
0.4320,  0.336158
0.4325,  0.299985
0.4330,  0.299620
0.4335,  0.303260
0.4340,  0.274508
0.4345,  0.246947
0.4350,  0.247368
0.4355,  0.243594
0.4360,  0.282525
0.4365,  0.322439
0.4370,  0.288013
0.4375,  0.259942
0.4380,  0.205635
0.4385,  0.141470
0.4390,  0.212406
0.4395,  0.274876
0.4400,  0.242506
0.4405,  0.208579
0.4410,  0.256576
0.4415,  0.297276
0.4420,  0.297788
0.4425,  0.297973
0.4430,  0.272331
0.4435,  0.250417
0.4440,  0.263079
0.4445,  0.275423
0.4450,  0.238328
0.4455,  0.198287
0.4460,  0.210830
0.4465,  0.222272
0.4470,  0.256308
0.4475,  0.288778
0.4480,  0.258118
0.4485,  0.226778
0.4490,  0.231957
0.4495,  0.235973
0.4500,  0.253153
0.4505,  0.272149
0.4510,  0.263569
0.4515,  0.253961
0.4520,  0.219084
0.4525,  0.186383
0.4530,  0.195926
0.4535,  0.207915
0.4540,  0.218911
0.4545,  0.225673
0.4550,  0.238228
0.4555,  0.248323
0.4560,  0.251806
0.4565,  0.254119
0.4570,  0.254048
0.4575,  0.257027
0.4580,  0.227145
0.4585,  0.198866
0.4590,  0.209905
0.4595,  0.218192
0.4600,  0.224081
0.4605,  0.229161
0.4610,  0.229676
0.4615,  0.230559
0.4620,  0.239456
0.4625,  0.246854
0.4630,  0.230493
0.4635,  0.220871
0.4640,  0.213230
0.4645,  0.204146
0.4650,  0.225356
0.4655,  0.245608
0.4660,  0.220066
0.4665,  0.194045
0.4670,  0.219590
0.4675,  0.241033
0.4680,  0.237617
0.4685,  0.235746
0.4690,  0.239942
0.4695,  0.242270
0.4700,  0.221311
0.4705,  0.195328
0.4710,  0.226154
0.4715,  0.258884
0.4720,  0.259413
0.4725,  0.259124
0.4730,  0.246152
0.4735,  0.229940
0.4740,  0.238547
0.4745,  0.251667
0.4750,  0.245830
0.4755,  0.240588
0.4760,  0.229473
0.4765,  0.216161
0.4770,  0.239894
0.4775,  0.262925
0.4780,  0.244071
0.4785,  0.226015
0.4790,  0.238781
0.4795,  0.251741
0.4800,  0.237763
0.4805,  0.227632
0.4810,  0.238156
0.4815,  0.247390
0.4820,  0.234282
0.4825,  0.225768
0.4830,  0.230040
0.4835,  0.233253
0.4840,  0.228380
0.4845,  0.229176
0.4850,  0.213647
0.4855,  0.200249
0.4860,  0.167356
0.4865,  0.121590
0.4870,  0.179283
0.4875,  0.227929
0.4880,  0.240679
0.4885,  0.249669
0.4890,  0.247635
0.4895,  0.246864
0.4900,  0.248570
0.4905,  0.254797
0.4910,  0.229184
0.4915,  0.205398
0.4920,  0.207771
0.4925,  0.206689
0.4930,  0.200750
0.4935,  0.191203
0.4940,  0.222199
0.4945,  0.255652
0.4950,  0.221846
0.4955,  0.189318
0.4960,  0.209789
0.4965,  0.229423
0.4970,  0.230329
0.4975,  0.233773
0.4980,  0.200348
0.4985,  0.164957
0.4990,  0.193101
0.4995,  0.220579
0.5000,  0.199005
0.5005,  0.176593
0.5010,  0.171540
0.5015,  0.162611
0.5020,  0.183828
0.5025,  0.203801
0.5030,  0.212864
0.5035,  0.220026
0.5040,  0.203136
0.5045,  0.182045
0.5050,  0.203751
0.5055,  0.225787
0.5060,  0.212460
0.5065,  0.202238
0.5070,  0.191123
0.5075,  0.180870
0.5080,  0.184877
0.5085,  0.187409
0.5090,  0.184944
0.5095,  0.182068
0.5100,  0.187351
0.5105,  0.193287
0.5110,  0.205166
0.5115,  0.216210
0.5120,  0.188105
0.5125,  0.162290
0.5130,  0.168062
0.5135,  0.172124
0.5140,  0.180168
0.5145,  0.186310
0.5150,  0.194821
0.5155,  0.208706
0.5160,  0.167067
0.5165,  0.124880
0.5170,  0.155271
0.5175,  0.180750
0.5180,  0.164794
0.5185,  0.139893
0.5190,  0.176837
0.5195,  0.211612
0.5200,  0.200476
0.5205,  0.189027
0.5210,  0.198460
0.5215,  0.210667
0.5220,  0.187239
0.5225,  0.164218
0.5230,  0.179064
0.5235,  0.188915
0.5240,  0.197128
0.5245,  0.208922
0.5250,  0.203429
0.5255,  0.202233
0.5260,  0.148980
0.5265,  0.091545
0.5270,  0.138197
0.5275,  0.175861
0.5280,  0.185158
0.5285,  0.191924
0.5290,  0.188105
0.5295,  0.183877
0.5300,  0.184884
0.5305,  0.188046
0.5310,  0.189216
0.5315,  0.195063
0.5320,  0.155305
0.5325,  0.113954
0.5330,  0.157742
0.5335,  0.196350
0.5340,  0.177076
0.5345,  0.154774
0.5350,  0.181494
0.5355,  0.210114
0.5360,  0.183305
0.5365,  0.158179
0.5370,  0.162545
0.5375,  0.166838
0.5380,  0.172840
0.5385,  0.181717
0.5390,  0.168607
0.5395,  0.155788
0.5400,  0.143967
0.5405,  0.131361
0.5410,  0.160012
0.5415,  0.187390
0.5420,  0.173222
0.5425,  0.159465
0.5430,  0.172434
0.5435,  0.182470
0.5440,  0.179221
0.5445,  0.177819
0.5450,  0.183455
0.5455,  0.186887
0.5460,  0.180798
0.5465,  0.175017
0.5470,  0.164329
0.5475,  0.153432
0.5480,  0.161657
0.5485,  0.168467
0.5490,  0.175098
0.5495,  0.181193
0.5500,  0.173498
0.5505,  0.165838
0.5510,  0.169190
0.5515,  0.170919
0.5520,  0.166477
0.5525,  0.162401
0.5530,  0.170190
0.5535,  0.178098
0.5540,  0.180561
0.5545,  0.182408
0.5550,  0.183242
0.5555,  0.186366
0.5560,  0.171648
0.5565,  0.157512
0.5570,  0.168669
0.5575,  0.180492
0.5580,  0.169889
0.5585,  0.158991
0.5590,  0.166556
0.5595,  0.170692
0.5600,  0.176169
0.5605,  0.181685
0.5610,  0.176649
0.5615,  0.170834
0.5620,  0.175235
0.5625,  0.181510
0.5630,  0.185147
0.5635,  0.188982
0.5640,  0.189145
0.5645,  0.190959
0.5650,  0.181012
0.5655,  0.167884
0.5660,  0.174863
0.5665,  0.181431
0.5670,  0.195706
0.5675,  0.210861
0.5680,  0.193083
0.5685,  0.174702
0.5690,  0.188933
0.5695,  0.204939
0.5700,  0.186434
0.5705,  0.164686
0.5710,  0.175955
0.5715,  0.184808
0.5720,  0.194573
0.5725,  0.204019
0.5730,  0.195130
0.5735,  0.189290
0.5740,  0.187173
0.5745,  0.186199
0.5750,  0.179000
0.5755,  0.171576
0.5760,  0.176388
0.5765,  0.181182
0.5770,  0.185542
0.5775,  0.191531
0.5780,  0.174233
0.5785,  0.154032
0.5790,  0.163190
0.5795,  0.172214
0.5800,  0.172420
0.5805,  0.172603
0.5810,  0.174699
0.5815,  0.176648
0.5820,  0.181222
0.5825,  0.183227
0.5830,  0.177769
0.5835,  0.172364
0.5840,  0.176093
0.5845,  0.182379
0.5850,  0.167420
0.5855,  0.150376
0.5860,  0.165923
0.5865,  0.181464
0.5870,  0.191124
0.5875,  0.207215
0.5880,  0.198291
0.5885,  0.188234
0.5890,  0.162244
0.5895,  0.128474
0.5900,  0.182709
0.5905,  0.230796
0.5910,  0.219687
0.5915,  0.207480
0.5920,  0.205161
0.5925,  0.204216
0.5930,  0.197967
0.5935,  0.198036
0.5940,  0.195361
0.5945,  0.192446
0.5950,  0.196488
0.5955,  0.197404
0.5960,  0.201186
0.5965,  0.204231
0.5970,  0.195301
0.5975,  0.187386
0.5980,  0.180855
0.5985,  0.176599
0.5990,  0.184055
0.5995,  0.191288
0.6000,  0.185693
0.6005,  0.182077
0.6010,  0.185518
0.6015,  0.187467
0.6020,  0.176735
0.6025,  0.163743
0.6030,  0.178766
0.6035,  0.195208
0.6040,  0.193871
0.6045,  0.192386
0.6050,  0.190659
0.6055,  0.187511
0.6060,  0.185281
0.6065,  0.182208
0.6070,  0.181133
0.6075,  0.182936
0.6080,  0.183378
0.6085,  0.184815
0.6090,  0.191705
0.6095,  0.195621
0.6100,  0.186392
0.6105,  0.174359
0.6110,  0.185310
0.6115,  0.198127
0.6120,  0.189541
0.6125,  0.180543
0.6130,  0.177568
0.6135,  0.174636
0.6140,  0.185198
0.6145,  0.197445
0.6150,  0.203065
0.6155,  0.208274
0.6160,  0.182437
0.6165,  0.151561
0.6170,  0.175939
0.6175,  0.200557
0.6180,  0.205223
0.6185,  0.211704
0.6190,  0.209890
0.6195,  0.203926
0.6200,  0.207797
0.6205,  0.212488
0.6210,  0.200194
0.6215,  0.188261
0.6220,  0.197645
0.6225,  0.207143
0.6230,  0.198828
0.6235,  0.193924
0.6240,  0.199294
0.6245,  0.200790
0.6250,  0.194929
0.6255,  0.186754
0.6260,  0.200448
0.6265,  0.216060
0.6270,  0.218042
0.6275,  0.221456
0.6280,  0.226622
0.6285,  0.231738
0.6290,  0.231479
0.6295,  0.230368
0.6300,  0.226160
0.6305,  0.218729
0.6310,  0.210705
0.6315,  0.208937
0.6320,  0.204437
0.6325,  0.203308
0.6330,  0.203927
0.6335,  0.205167
0.6340,  0.208531
0.6345,  0.213199
0.6350,  0.217268
0.6355,  0.220229
0.6360,  0.220045
0.6365,  0.214042
0.6370,  0.207241
0.6375,  0.202310
0.6380,  0.199730
0.6385,  0.198882
0.6390,  0.200818
0.6395,  0.203415
0.6400,  0.206582
0.6405,  0.206153
0.6410,  0.202164
0.6415,  0.204314
0.6420,  0.203224
0.6425,  0.198841
0.6430,  0.195099
0.6435,  0.193516
0.6440,  0.195580
0.6445,  0.200923
0.6450,  0.208361
0.6455,  0.213950
0.6460,  0.218672
0.6465,  0.222187
0.6470,  0.222328
0.6475,  0.217711
0.6480,  0.215280
0.6485,  0.211619
0.6490,  0.206158
0.6495,  0.211170
0.6500,  0.214066
0.6505,  0.219610
0.6510,  0.226690
0.6515,  0.225361
0.6520,  0.224032
0.6525,  0.222702
0.6530,  0.221450
0.6535,  0.209911
0.6540,  0.204920
0.6545,  0.209473
0.6550,  0.220640
0.6555,  0.220567
0.6560,  0.214608
0.6565,  0.190824
0.6570,  0.154964
0.6575,  0.164122
0.6580,  0.175720
0.6585,  0.189412
0.6590,  0.206012
0.6595,  0.202365
0.6600,  0.197418
0.6605,  0.192837
0.6610,  0.192508
0.6615,  0.189221
0.6620,  0.185464
0.6625,  0.183100
0.6630,  0.181117
0.6635,  0.182918
0.6640,  0.185341
0.6645,  0.187767
0.6650,  0.190429
0.6655,  0.187440
0.6660,  0.183654
0.6665,  0.182123
0.6670,  0.176663
0.6675,  0.177104
0.6680,  0.175909
0.6685,  0.179698
0.6690,  0.183646
0.6695,  0.179960
0.6700,  0.179625
0.6705,  0.181252
0.6710,  0.183852
0.6715,  0.190246
0.6720,  0.190722
0.6725,  0.188876
0.6730,  0.185685
0.6735,  0.181373
0.6740,  0.180475
0.6745,  0.179653
0.6750,  0.179783
0.6755,  0.183272
0.6760,  0.188945
0.6765,  0.191827
0.6770,  0.192293
0.6775,  0.190497
0.6780,  0.191040
0.6785,  0.192234
0.6790,  0.189860
0.6795,  0.187207
0.6800,  0.186575
0.6805,  0.188851
0.6810,  0.188047
0.6815,  0.184790
0.6820,  0.186398
0.6825,  0.189650
0.6830,  0.195397
0.6835,  0.198751
0.6840,  0.198465
0.6845,  0.196670
0.6850,  0.199398
0.6855,  0.220275
0.6860,  0.253115
0.6865,  0.291902
0.6870,  0.323948
0.6875,  0.335139
0.6880,  0.339497
0.6885,  0.333438
0.6890,  0.328690
0.6895,  0.321268
0.6900,  0.312027
0.6905,  0.300965
0.6910,  0.288396
0.6915,  0.281161
0.6920,  0.280622
0.6925,  0.280018
0.6930,  0.280716
0.6935,  0.277701
0.6940,  0.273828
0.6945,  0.274203
0.6950,  0.269055
0.6955,  0.259468
0.6960,  0.249655
0.6965,  0.245194
0.6970,  0.239192
0.6975,  0.242103
0.6980,  0.251359
0.6985,  0.260330
0.6990,  0.267761
0.6995,  0.265996
0.7000,  0.262272
0.7005,  0.260287
0.7010,  0.260627
0.7015,  0.267033
0.7020,  0.267936
0.7025,  0.267285
0.7030,  0.264717
0.7035,  0.266491
0.7040,  0.268683
0.7045,  0.271833
0.7050,  0.272237
0.7055,  0.266642
0.7060,  0.259173
0.7065,  0.253715
0.7070,  0.244632
0.7075,  0.243360
0.7080,  0.242504
0.7085,  0.243153
0.7090,  0.240568
0.7095,  0.240068
0.7100,  0.242552
0.7105,  0.243252
0.7110,  0.245042
0.7115,  0.242303
0.7120,  0.243155
0.7125,  0.246577
0.7130,  0.245839
0.7135,  0.243759
0.7140,  0.249828
0.7145,  0.258406
0.7150,  0.269015
0.7155,  0.285158
0.7160,  0.315415
0.7165,  0.349075
0.7170,  0.391856
0.7175,  0.427817
0.7180,  0.456812
0.7185,  0.477552
0.7190,  0.490180
0.7195,  0.494091
0.7200,  0.482235
0.7205,  0.449983
0.7210,  0.414505
0.7215,  0.383331
0.7220,  0.375055
0.7225,  0.387082
0.7230,  0.408180
0.7235,  0.430105
0.7240,  0.447883
0.7245,  0.456102
0.7250,  0.456908
0.7255,  0.460509
0.7260,  0.459331
0.7265,  0.457436
0.7270,  0.450651
0.7275,  0.446806
0.7280,  0.446153
0.7285,  0.439369
0.7290,  0.432542
0.7295,  0.432181
0.7300,  0.429600
0.7305,  0.423054
0.7310,  0.410908
0.7315,  0.392481
0.7320,  0.375578
0.7325,  0.359372
0.7330,  0.343350
0.7335,  0.332006
0.7340,  0.318008
0.7345,  0.308853
0.7350,  0.305095
0.7355,  0.305523
0.7360,  0.299593
0.7365,  0.297723
0.7370,  0.297866
0.7375,  0.288906
0.7380,  0.284418
0.7385,  0.282746
0.7390,  0.277923
0.7395,  0.275381
0.7400,  0.270779
0.7405,  0.266066
0.7410,  0.259529
0.7415,  0.261743
0.7420,  0.265255
0.7425,  0.269857
0.7430,  0.272003
0.7435,  0.263052
0.7440,  0.259782
0.7445,  0.258417
0.7450,  0.257292
0.7455,  0.257709
0.7460,  0.254498
0.7465,  0.251193
0.7470,  0.251762
0.7475,  0.247165
0.7480,  0.247937
0.7485,  0.248684
0.7490,  0.253111
0.7495,  0.259318
0.7500,  0.261816
0.7505,  0.267811
0.7510,  0.270772
0.7515,  0.271501
0.7520,  0.264900
0.7525,  0.256592
0.7530,  0.249941
0.7535,  0.246835
0.7540,  0.249360
0.7545,  0.250298
0.7550,  0.255280
0.7555,  0.258907
0.7560,  0.261049
0.7565,  0.259221
0.7570,  0.263577
0.7575,  0.270837
0.7580,  0.295271
0.7585,  0.357119
0.7590,  0.471450
0.7595,  0.648718
0.7600,  0.841580
0.7605,  0.983698
0.7610,  1.030442
0.7615,  1.013075
0.7620,  0.982453
0.7625,  0.964192
0.7630,  0.952325
0.7635,  0.913821
0.7640,  0.852728
0.7645,  0.778688
0.7650,  0.705551
0.7655,  0.629233
0.7660,  0.555053
0.7665,  0.483180
0.7670,  0.426421
0.7675,  0.387171
0.7680,  0.358792
0.7685,  0.335318
0.7690,  0.319686
0.7695,  0.306442
0.7700,  0.295361
0.7705,  0.282955
0.7710,  0.278600
0.7715,  0.279301
0.7720,  0.283028
0.7725,  0.282940
0.7730,  0.283463
0.7735,  0.280259
0.7740,  0.275114
0.7745,  0.272817
0.7750,  0.270967
0.7755,  0.269054
0.7760,  0.272094
0.7765,  0.269399
0.7770,  0.276955
0.7775,  0.279954
0.7780,  0.280739
0.7785,  0.282792
0.7790,  0.282232
0.7795,  0.282882
0.7800,  0.282078
0.7805,  0.280904
0.7810,  0.278062
0.7815,  0.275425
0.7820,  0.275756
0.7825,  0.274758
0.7830,  0.270090
0.7835,  0.275734
0.7840,  0.283349
0.7845,  0.290889
0.7850,  0.290144
0.7855,  0.288799
0.7860,  0.288185
0.7865,  0.297485
0.7870,  0.299089
0.7875,  0.297698
0.7880,  0.302710
0.7885,  0.317077
0.7890,  0.327570
0.7895,  0.331461
0.7900,  0.327249
0.7905,  0.326239
0.7910,  0.331522
0.7915,  0.331759
0.7920,  0.330971
0.7925,  0.328765
0.7930,  0.324715
0.7935,  0.327210
0.7940,  0.324383
0.7945,  0.323936
0.7950,  0.325043
0.7955,  0.334350
0.7960,  0.334715
0.7965,  0.334798
0.7970,  0.340424
0.7975,  0.333433
0.7980,  0.333361
0.7985,  0.332300
0.7990,  0.326929
0.7995,  0.335670
0.8000,  0.340226
0.8005,  0.345157
0.8010,  0.349802
0.8015,  0.357041
0.8020,  0.357126
0.8025,  0.352776
0.8030,  0.345186
0.8035,  0.344071
0.8040,  0.338880
0.8045,  0.332271
0.8050,  0.329855
0.8055,  0.329120
0.8060,  0.330839
0.8065,  0.333737
0.8070,  0.336140
0.8075,  0.338923
0.8080,  0.335954
0.8085,  0.333994
0.8090,  0.338206
0.8095,  0.351121
0.8100,  0.365461
0.8105,  0.373155
0.8110,  0.379825
0.8115,  0.395399
0.8120,  0.419247
0.8125,  0.455803
0.8130,  0.481521
0.8135,  0.508280
0.8140,  0.544218
0.8145,  0.572005
0.8150,  0.599037
0.8155,  0.607118
0.8160,  0.620921
0.8165,  0.644564
0.8170,  0.641707
0.8175,  0.633025
0.8180,  0.634855
0.8185,  0.630240
0.8190,  0.600510
0.8195,  0.576214
0.8200,  0.542372
0.8205,  0.516670
0.8210,  0.513216
0.8215,  0.534771
0.8220,  0.580863
0.8225,  0.622537
0.8230,  0.636069
0.8235,  0.609936
0.8240,  0.563763
0.8245,  0.521613
0.8250,  0.499548
0.8255,  0.490162
0.8260,  0.487154
0.8265,  0.491410
0.8270,  0.506757
0.8275,  0.524505
0.8280,  0.546474
0.8285,  0.549413
0.8290,  0.547158
0.8295,  0.544251
0.8300,  0.527901
0.8305,  0.516157
0.8310,  0.515781
0.8315,  0.512453
0.8320,  0.510399
0.8325,  0.501006
0.8330,  0.492501
0.8335,  0.489895
0.8340,  0.480019
0.8345,  0.468755
0.8350,  0.459799
0.8355,  0.451684
0.8360,  0.446988
0.8365,  0.442637
0.8370,  0.430419
0.8375,  0.420850
0.8380,  0.411129
0.8385,  0.402651
0.8390,  0.391979
0.8395,  0.377115
0.8400,  0.374602
0.8405,  0.375240
0.8410,  0.380729
0.8415,  0.383450
0.8420,  0.381733
0.8425,  0.388358
0.8430,  0.388991
0.8435,  0.389097
0.8440,  0.390282
0.8445,  0.388282
0.8450,  0.383492
0.8455,  0.386506
0.8460,  0.392680
0.8465,  0.399169
0.8470,  0.401710
0.8475,  0.391860
0.8480,  0.385166
0.8485,  0.383447
0.8490,  0.391433
0.8495,  0.394484
0.8500,  0.380623
0.8505,  0.393933
0.8510,  0.412399
0.8515,  0.412543
0.8520,  0.418401
0.8525,  0.399297
0.8530,  0.398246
0.8535,  0.399056
0.8540,  0.380035
0.8545,  0.399371
0.8550,  0.405501
0.8555,  0.408542
0.8560,  0.421491
0.8565,  0.420392
0.8570,  0.419251
0.8575,  0.417535
0.8580,  0.412601
0.8585,  0.407276
0.8590,  0.415223
0.8595,  0.421516
0.8600,  0.419472
0.8605,  0.422030
0.8610,  0.436705
0.8615,  0.441915
0.8620,  0.430146
0.8625,  0.419940
0.8630,  0.411953
0.8635,  0.416680
0.8640,  0.422822
0.8645,  0.410395
0.8650,  0.407986
0.8655,  0.418462
0.8660,  0.408579
0.8665,  0.429726
0.8670,  0.449839
0.8675,  0.458152
0.8680,  0.455395
0.8685,  0.447993
0.8690,  0.450713
0.8695,  0.464552
0.8700,  0.452357
0.8705,  0.434463
0.8710,  0.422605
0.8715,  0.445041
0.8720,  0.465077
0.8725,  0.471718
0.8730,  0.459219
0.8735,  0.465299
0.8740,  0.474073
0.8745,  0.476649
0.8750,  0.471124
0.8755,  0.486151
0.8760,  0.501469
0.8765,  0.501630
0.8770,  0.497569
0.8775,  0.502052
0.8780,  0.510889
0.8785,  0.490522
0.8790,  0.477593
0.8795,  0.475451
0.8800,  0.485192
0.8805,  0.486166
0.8810,  0.475752
0.8815,  0.484063
0.8820,  0.477615
0.8825,  0.483272
0.8830,  0.508891
0.8835,  0.532689
0.8840,  0.543425
0.8845,  0.546349
0.8850,  0.545541
0.8855,  0.516230
0.8860,  0.501343
0.8865,  0.507840
0.8870,  0.499897
0.8875,  0.497531
0.8880,  0.496313
0.8885,  0.526846
0.8890,  0.536525
0.8895,  0.551147
0.8900,  0.535481
