0.3500,  0.198510
0.3505,  0.267046
0.3510,  0.230701
0.3515,  0.187802
0.3520,  0.154165
0.3525,  0.117258
0.3530,  0.167927
0.3535,  0.211062
0.3540,  0.230899
0.3545,  0.252756
0.3550,  0.226998
0.3555,  0.200637
0.3560,  0.150921
0.3565,  0.108324
0.3570,  0.069222
0.3575,  0.030524
0.3580,  -0.012387
0.3585,  -0.074318
0.3590,  0.101338
0.3595,  0.248926
0.3600,  0.240657
0.3605,  0.226414
0.3610,  0.173027
0.3615,  0.108811
0.3620,  0.157031
0.3625,  0.196030
0.3630,  0.185351
0.3635,  0.177555
0.3640,  0.173148
0.3645,  0.163483
0.3650,  0.201729
0.3655,  0.236973
0.3660,  0.244183
0.3665,  0.253596
0.3670,  0.220091
0.3675,  0.190867
0.3680,  0.153619
0.3685,  0.115273
0.3690,  0.164348
0.3695,  0.217219
0.3700,  0.188580
0.3705,  0.155876
0.3710,  0.179138
0.3715,  0.206297
0.3720,  0.172708
0.3725,  0.139980
0.3730,  0.102657
0.3735,  0.062983
0.3740,  0.072325
0.3745,  0.074402
0.3750,  0.157457
0.3755,  0.224772
0.3760,  0.218454
0.3765,  0.200717
0.3770,  0.247072
0.3775,  0.291347
0.3780,  0.286641
0.3785,  0.291540
0.3790,  0.191047
0.3795,  0.081741
0.3800,  0.142752
0.3805,  0.206894
0.3810,  0.176724
0.3815,  0.156351
0.3820,  0.062623
0.3825,  -0.054227
0.3830,  -0.084969
0.3835,  -0.132390
0.3840,  0.040445
0.3845,  0.175588
0.3850,  0.192259
0.3855,  0.211541
0.3860,  0.202768
0.3865,  0.193717
0.3870,  0.188291
0.3875,  0.179823
0.3880,  0.155532
0.3885,  0.125553
0.3890,  0.185899
0.3895,  0.235546
0.3900,  0.236828
0.3905,  0.236322
0.3910,  0.249322
0.3915,  0.279007
0.3920,  0.180085
0.3925,  0.080137
0.3930,  -0.100111
0.3935,  -0.359366
0.3940,  -0.053119
0.3945,  0.162285
0.3950,  0.274033
0.3955,  0.380725
0.3960,  0.209581
0.3965,  -0.006883
0.3970,  0.014945
0.3975,  0.012605
0.3980,  0.214012
0.3985,  0.351116
0.3990,  0.329411
0.3995,  0.316456
0.4000,  0.281081
0.4005,  0.249676
0.4010,  0.238217
0.4015,  0.234228
0.4020,  0.222407
0.4025,  0.218081
0.4030,  0.192445
0.4035,  0.166300
0.4040,  0.158131
0.4045,  0.154897
0.4050,  0.155586
0.4055,  0.158200
0.4060,  0.144941
0.4065,  0.131915
0.4070,  0.146057
0.4075,  0.154145
0.4080,  0.179996
0.4085,  0.205184
0.4090,  0.196326
0.4095,  0.190272
0.4100,  0.139315
0.4105,  0.080919
0.4110,  0.152717
0.4115,  0.216368
0.4120,  0.198472
0.4125,  0.178833
0.4130,  0.165818
0.4135,  0.157494
0.4140,  0.152417
0.4145,  0.145356
0.4150,  0.142875
0.4155,  0.141288
0.4160,  0.166961
0.4165,  0.195064
0.4170,  0.157050
0.4175,  0.111755
0.4180,  0.115830
0.4185,  0.122353
0.4190,  0.129188
0.4195,  0.130708
0.4200,  0.145438
0.4205,  0.161599
0.4210,  0.171037
0.4215,  0.183340
0.4220,  0.131682
0.4225,  0.074375
0.4230,  0.113254
0.4235,  0.151697
0.4240,  0.164040
0.4245,  0.178621
0.4250,  0.162302
0.4255,  0.143739
0.4260,  0.143074
0.4265,  0.149791
0.4270,  0.117361
0.4275,  0.089897
0.4280,  0.105342
0.4285,  0.124851
0.4290,  0.112621
0.4295,  0.100762
0.4300,  0.011287
0.4305,  -0.104626
0.4310,  0.098399
0.4315,  0.251806
0.4320,  0.216485
0.4325,  0.180716
0.4330,  0.183027
0.4335,  0.190198
0.4340,  0.162746
0.4345,  0.138014
0.4350,  0.142113
0.4355,  0.142591
0.4360,  0.184427
0.4365,  0.224739
0.4370,  0.190477
0.4375,  0.161020
0.4380,  0.106183
0.4385,  0.043395
0.4390,  0.115510
0.4395,  0.180173
0.4400,  0.147620
0.4405,  0.110730
0.4410,  0.154286
0.4415,  0.193201
0.4420,  0.192634
0.4425,  0.191653
0.4430,  0.165393
0.4435,  0.143113
0.4440,  0.155922
0.4445,  0.170270
0.4450,  0.137286
0.4455,  0.098972
0.4460,  0.114236
0.4465,  0.128744
0.4470,  0.163969
0.4475,  0.194264
0.4480,  0.164910
0.4485,  0.134582
0.4490,  0.139532
0.4495,  0.141074
0.4500,  0.159297
0.4505,  0.177242
0.4510,  0.170793
0.4515,  0.161913
0.4520,  0.129014
0.4525,  0.098369
0.4530,  0.110932
0.4535,  0.119882
0.4540,  0.128642
0.4545,  0.133052
0.4550,  0.144638
0.4555,  0.157438
0.4560,  0.162640
0.4565,  0.167841
0.4570,  0.167844
0.4575,  0.171781
0.4580,  0.143418
0.4585,  0.116981
0.4590,  0.127329
0.4595,  0.134268
0.4600,  0.139278
0.4605,  0.143945
0.4610,  0.143719
0.4615,  0.141638
0.4620,  0.148904
0.4625,  0.158042
0.4630,  0.143433
0.4635,  0.134550
0.4640,  0.129066
0.4645,  0.120259
0.4650,  0.142630
0.4655,  0.164798
0.4660,  0.140089
0.4665,  0.114461
0.4670,  0.141109
0.4675,  0.162981
0.4680,  0.158957
0.4685,  0.156626
0.4690,  0.160264
0.4695,  0.167182
0.4700,  0.146969
0.4705,  0.121001
0.4710,  0.152083
0.4715,  0.180725
0.4720,  0.178396
0.4725,  0.178296
0.4730,  0.165623
0.4735,  0.151930
0.4740,  0.161791
0.4745,  0.173561
0.4750,  0.166854
0.4755,  0.160754
0.4760,  0.147614
0.4765,  0.134332
0.4770,  0.161696
0.4775,  0.186779
0.4780,  0.167855
0.4785,  0.149118
0.4790,  0.163975
0.4795,  0.177524
0.4800,  0.166320
0.4805,  0.156606
0.4810,  0.168206
0.4815,  0.181360
0.4820,  0.168859
0.4825,  0.160034
0.4830,  0.163264
0.4835,  0.167042
0.4840,  0.165450
0.4845,  0.168057
0.4850,  0.154301
0.4855,  0.141419
0.4860,  0.106299
0.4865,  0.058118
0.4870,  0.112406
0.4875,  0.159882
0.4880,  0.172221
0.4885,  0.181545
0.4890,  0.180986
0.4895,  0.182683
0.4900,  0.187419
0.4905,  0.195866
0.4910,  0.172679
0.4915,  0.150277
0.4920,  0.153037
0.4925,  0.153090
0.4930,  0.146982
0.4935,  0.137192
0.4940,  0.169957
0.4945,  0.201965
0.4950,  0.167570
0.4955,  0.133526
0.4960,  0.154424
0.4965,  0.175965
0.4970,  0.180069
0.4975,  0.185325
0.4980,  0.153067
0.4985,  0.119004
0.4990,  0.147734
0.4995,  0.175866
0.5000,  0.154337
0.5005,  0.131556
0.5010,  0.125934
0.5015,  0.116399
0.5020,  0.136437
0.5025,  0.156234
0.5030,  0.164627
0.5035,  0.172170
0.5040,  0.156072
0.5045,  0.133982
0.5050,  0.156350
0.5055,  0.179915
0.5060,  0.168327
0.5065,  0.159024
0.5070,  0.147742
0.5075,  0.136609
0.5080,  0.140477
0.5085,  0.142339
0.5090,  0.140905
0.5095,  0.139273
0.5100,  0.144366
0.5105,  0.148959
0.5110,  0.160498
0.5115,  0.172219
0.5120,  0.145316
0.5125,  0.120766
0.5130,  0.126048
0.5135,  0.128412
0.5140,  0.134994
0.5145,  0.141371
0.5150,  0.151249
0.5155,  0.167576
0.5160,  0.126694
0.5165,  0.083244
0.5170,  0.113225
0.5175,  0.136959
0.5180,  0.118259
0.5185,  0.091317
0.5190,  0.128651
0.5195,  0.164085
0.5200,  0.154382
0.5205,  0.144144
0.5210,  0.154006
0.5215,  0.166634
0.5220,  0.143774
0.5225,  0.119058
0.5230,  0.131640
0.5235,  0.141665
0.5240,  0.152070
0.5245,  0.165399
0.5250,  0.161236
0.5255,  0.163119
0.5260,  0.111296
0.5265,  0.052378
0.5270,  0.096936
0.5275,  0.130766
0.5280,  0.136623
0.5285,  0.142973
0.5290,  0.141069
0.5295,  0.139326
0.5300,  0.141923
0.5305,  0.146238
0.5310,  0.149031
0.5315,  0.156896
0.5320,  0.117328
0.5325,  0.074891
0.5330,  0.117845
0.5335,  0.155099
0.5340,  0.134896
0.5345,  0.112957
0.5350,  0.139511
0.5355,  0.167711
0.5360,  0.140971
0.5365,  0.114839
0.5370,  0.119997
0.5375,  0.124505
0.5380,  0.134398
0.5385,  0.143432
0.5390,  0.131677
0.5395,  0.120668
0.5400,  0.109522
0.5405,  0.096019
0.5410,  0.123784
0.5415,  0.149627
0.5420,  0.135178
0.5425,  0.120453
0.5430,  0.132184
0.5435,  0.141625
0.5440,  0.138590
0.5445,  0.136543
0.5450,  0.140899
0.5455,  0.144706
0.5460,  0.141114
0.5465,  0.137037
0.5470,  0.128321
0.5475,  0.117966
0.5480,  0.125681
0.5485,  0.131574
0.5490,  0.137380
0.5495,  0.144358
0.5500,  0.136767
0.5505,  0.129270
0.5510,  0.131172
0.5515,  0.133913
0.5520,  0.128684
0.5525,  0.122375
0.5530,  0.130253
0.5535,  0.139342
0.5540,  0.141887
0.5545,  0.144872
0.5550,  0.146906
0.5555,  0.149789
0.5560,  0.134553
0.5565,  0.120251
0.5570,  0.129682
0.5575,  0.140727
0.5580,  0.132107
0.5585,  0.121547
0.5590,  0.127993
0.5595,  0.132073
0.5600,  0.138122
0.5605,  0.142282
0.5610,  0.135803
0.5615,  0.129962
0.5620,  0.135404
0.5625,  0.141262
0.5630,  0.144621
0.5635,  0.148826
0.5640,  0.150039
0.5645,  0.150266
0.5650,  0.142375
0.5655,  0.131701
0.5660,  0.135559
0.5665,  0.140163
0.5670,  0.153053
0.5675,  0.166712
0.5680,  0.148965
0.5685,  0.132936
0.5690,  0.148813
0.5695,  0.165061
0.5700,  0.145585
0.5705,  0.122835
0.5710,  0.133074
0.5715,  0.139085
0.5720,  0.149133
0.5725,  0.160420
0.5730,  0.154343
0.5735,  0.151564
0.5740,  0.150943
0.5745,  0.150252
0.5750,  0.141658
0.5755,  0.131017
0.5760,  0.133870
0.5765,  0.138850
0.5770,  0.142967
0.5775,  0.149294
0.5780,  0.133204
0.5785,  0.115362
0.5790,  0.126623
0.5795,  0.135455
0.5800,  0.135439
0.5805,  0.134623
0.5810,  0.135252
0.5815,  0.137037
0.5820,  0.140815
0.5825,  0.143799
0.5830,  0.138783
0.5835,  0.135545
0.5840,  0.136929
0.5845,  0.141655
0.5850,  0.125756
0.5855,  0.109586
0.5860,  0.125365
0.5865,  0.141264
0.5870,  0.151069
0.5875,  0.165918
0.5880,  0.156057
0.5885,  0.145269
0.5890,  0.117718
0.5895,  0.082159
0.5900,  0.136583
0.5905,  0.184503
0.5910,  0.172701
0.5915,  0.160610
0.5920,  0.159766
0.5925,  0.160686
0.5930,  0.155249
0.5935,  0.154711
0.5940,  0.150468
0.5945,  0.144570
0.5950,  0.146862
0.5955,  0.147263
0.5960,  0.150513
0.5965,  0.155541
0.5970,  0.148731
0.5975,  0.142949
0.5980,  0.137572
0.5985,  0.134170
0.5990,  0.142667
0.5995,  0.151566
0.6000,  0.148674
0.6005,  0.145518
0.6010,  0.149030
0.6015,  0.148300
0.6020,  0.135190
0.6025,  0.121014
0.6030,  0.132406
0.6035,  0.146100
0.6040,  0.143155
0.6045,  0.145214
0.6050,  0.145828
0.6055,  0.144217
0.6060,  0.142044
0.6065,  0.139201
0.6070,  0.138492
0.6075,  0.139732
0.6080,  0.138575
0.6085,  0.140185
0.6090,  0.146035
0.6095,  0.149930
0.6100,  0.139983
0.6105,  0.126878
0.6110,  0.137017
0.6115,  0.148583
0.6120,  0.141020
0.6125,  0.134713
0.6130,  0.132833
0.6135,  0.130791
0.6140,  0.141491
0.6145,  0.151707
0.6150,  0.153370
0.6155,  0.155175
0.6160,  0.126464
0.6165,  0.094553
0.6170,  0.118591
0.6175,  0.143363
0.6180,  0.148880
0.6185,  0.156109
0.6190,  0.154624
0.6195,  0.150614
0.6200,  0.157761
0.6205,  0.163584
0.6210,  0.150385
0.6215,  0.137731
0.6220,  0.145871
0.6225,  0.157110
0.6230,  0.148610
0.6235,  0.142560
0.6240,  0.147648
0.6245,  0.149421
0.6250,  0.143433
0.6255,  0.135249
0.6260,  0.151452
0.6265,  0.169447
0.6270,  0.170486
0.6275,  0.172385
0.6280,  0.173212
0.6285,  0.177197
0.6290,  0.177655
0.6295,  0.176952
0.6300,  0.172508
0.6305,  0.165450
0.6310,  0.155791
0.6315,  0.153796
0.6320,  0.150949
0.6325,  0.150274
0.6330,  0.151251
0.6335,  0.153262
0.6340,  0.155778
0.6345,  0.159305
0.6350,  0.161322
0.6355,  0.159338
0.6360,  0.156207
0.6365,  0.150084
0.6370,  0.145206
0.6375,  0.143753
0.6380,  0.145635
0.6385,  0.149519
0.6390,  0.153780
0.6395,  0.153615
0.6400,  0.153590
0.6405,  0.151148
0.6410,  0.145116
0.6415,  0.145178
0.6420,  0.142634
0.6425,  0.138377
0.6430,  0.135868
0.6435,  0.136372
0.6440,  0.136375
0.6445,  0.144047
0.6450,  0.154962
0.6455,  0.159913
0.6460,  0.163224
0.6465,  0.165601
0.6470,  0.165086
0.6475,  0.159826
0.6480,  0.157517
0.6485,  0.151270
0.6490,  0.144375
0.6495,  0.149174
0.6500,  0.153329
0.6505,  0.160480
0.6510,  0.168475
0.6515,  0.169337
0.6520,  0.168630
0.6525,  0.164412
0.6530,  0.160948
0.6535,  0.149872
0.6540,  0.144043
0.6545,  0.147448
0.6550,  0.158094
0.6555,  0.157862
0.6560,  0.147687
0.6565,  0.116656
0.6570,  0.076501
0.6575,  0.088234
0.6580,  0.105371
0.6585,  0.124667
0.6590,  0.143919
0.6595,  0.137150
0.6600,  0.131070
0.6605,  0.126302
0.6610,  0.122897
0.6615,  0.117945
0.6620,  0.116817
0.6625,  0.117204
0.6630,  0.118465
0.6635,  0.123564
0.6640,  0.125604
0.6645,  0.129478
0.6650,  0.131889
0.6655,  0.128413
0.6660,  0.122205
0.6665,  0.117014
0.6670,  0.109185
0.6675,  0.107397
0.6680,  0.105549
0.6685,  0.108331
0.6690,  0.112924
0.6695,  0.112524
0.6700,  0.116891
0.6705,  0.120566
0.6710,  0.123093
0.6715,  0.125170
0.6720,  0.122237
0.6725,  0.118874
0.6730,  0.114495
0.6735,  0.109569
0.6740,  0.109060
0.6745,  0.108770
0.6750,  0.107741
0.6755,  0.108151
0.6760,  0.110410
0.6765,  0.115054
0.6770,  0.118900
0.6775,  0.119672
0.6780,  0.122250
0.6785,  0.122277
0.6790,  0.117036
0.6795,  0.113019
0.6800,  0.111849
0.6805,  0.109027
0.6810,  0.109638
0.6815,  0.112471
0.6820,  0.113363
0.6825,  0.115847
0.6830,  0.121471
0.6835,  0.122600
0.6840,  0.121274
0.6845,  0.120092
0.6850,  0.123475
0.6855,  0.146540
0.6860,  0.181808
0.6865,  0.218667
0.6870,  0.244953
0.6875,  0.250658
0.6880,  0.250365
0.6885,  0.245473
0.6890,  0.241828
0.6895,  0.236565
0.6900,  0.227823
0.6905,  0.213353
0.6910,  0.202780
0.6915,  0.197717
0.6920,  0.191340
0.6925,  0.188013
0.6930,  0.190045
0.6935,  0.187914
0.6940,  0.185445
0.6945,  0.180050
0.6950,  0.177409
0.6955,  0.172320
0.6960,  0.166063
0.6965,  0.160550
0.6970,  0.159821
0.6975,  0.163375
0.6980,  0.169846
0.6985,  0.174247
0.6990,  0.176138
0.6995,  0.172042
0.7000,  0.164968
0.7005,  0.158681
0.7010,  0.158744
0.7015,  0.166890
0.7020,  0.169451
0.7025,  0.168176
0.7030,  0.163593
0.7035,  0.162064
0.7040,  0.161138
0.7045,  0.164559
0.7050,  0.166042
0.7055,  0.162541
0.7060,  0.161365
0.7065,  0.159100
0.7070,  0.154997
0.7075,  0.151558
0.7080,  0.149855
0.7085,  0.148895
0.7090,  0.147264
0.7095,  0.144366
0.7100,  0.140735
0.7105,  0.141324
0.7110,  0.146561
0.7115,  0.146663
0.7120,  0.148438
0.7125,  0.149215
0.7130,  0.149070
0.7135,  0.151279
0.7140,  0.157234
0.7145,  0.162899
0.7150,  0.169736
0.7155,  0.186058
0.7160,  0.214885
0.7165,  0.246362
0.7170,  0.276978
0.7175,  0.304691
0.7180,  0.329092
0.7185,  0.346187
0.7190,  0.353362
0.7195,  0.353224
0.7200,  0.336113
0.7205,  0.307592
0.7210,  0.278698
0.7215,  0.258632
0.7220,  0.255988
0.7225,  0.268849
0.7230,  0.286217
0.7235,  0.300400
0.7240,  0.314107
0.7245,  0.325055
0.7250,  0.330544
0.7255,  0.332074
0.7260,  0.335451
0.7265,  0.334019
0.7270,  0.330311
0.7275,  0.323037
0.7280,  0.315633
0.7285,  0.310977
0.7290,  0.302234
0.7295,  0.295781
0.7300,  0.290996
0.7305,  0.284015
0.7310,  0.274197
0.7315,  0.262142
0.7320,  0.247860
0.7325,  0.233680
0.7330,  0.216852
0.7335,  0.205232
0.7340,  0.194935
0.7345,  0.185768
0.7350,  0.180537
0.7355,  0.179177
0.7360,  0.176548
0.7365,  0.170498
0.7370,  0.168249
0.7375,  0.163406
0.7380,  0.159523
0.7385,  0.159585
0.7390,  0.157466
0.7395,  0.154858
0.7400,  0.148606
0.7405,  0.141530
0.7410,  0.136253
0.7415,  0.134331
0.7420,  0.136613
0.7425,  0.138699
0.7430,  0.144403
0.7435,  0.144385
0.7440,  0.142586
0.7445,  0.140520
0.7450,  0.138807
0.7455,  0.137825
0.7460,  0.135521
0.7465,  0.133666
0.7470,  0.131029
0.7475,  0.127813
0.7480,  0.127309
0.7485,  0.126803
0.7490,  0.127529
0.7495,  0.128102
0.7500,  0.129475
0.7505,  0.132541
0.7510,  0.134105
0.7515,  0.132558
0.7520,  0.133155
0.7525,  0.127774
0.7530,  0.124102
0.7535,  0.119287
0.7540,  0.118540
0.7545,  0.118057
0.7550,  0.118986
0.7555,  0.122030
0.7560,  0.122508
0.7565,  0.123700
0.7570,  0.126060
0.7575,  0.137193
0.7580,  0.168958
0.7585,  0.239355
0.7590,  0.355365
0.7595,  0.513878
0.7600,  0.662186
0.7605,  0.744233
0.7610,  0.753156
0.7615,  0.729588
0.7620,  0.715056
0.7625,  0.712016
0.7630,  0.693328
0.7635,  0.653572
0.7640,  0.602154
0.7645,  0.536697
0.7650,  0.469631
0.7655,  0.402876
0.7660,  0.342058
0.7665,  0.280372
0.7670,  0.232762
0.7675,  0.202151
0.7680,  0.182273
0.7685,  0.170888
0.7690,  0.164407
0.7695,  0.153895
0.7700,  0.146746
0.7705,  0.141365
0.7710,  0.133437
0.7715,  0.128173
0.7720,  0.130082
0.7725,  0.125376
0.7730,  0.124206
0.7735,  0.122473
0.7740,  0.121895
0.7745,  0.118333
0.7750,  0.115868
0.7755,  0.118234
0.7760,  0.120153
0.7765,  0.121576
0.7770,  0.126915
0.7775,  0.121275
0.7780,  0.119142
0.7785,  0.118111
0.7790,  0.120895
0.7795,  0.126772
0.7800,  0.128009
0.7805,  0.126290
0.7810,  0.124069
0.7815,  0.121849
0.7820,  0.116512
0.7825,  0.111479
0.7830,  0.107879
0.7835,  0.112251
0.7840,  0.116131
0.7845,  0.118371
0.7850,  0.121644
0.7855,  0.124392
0.7860,  0.135492
0.7865,  0.141834
0.7870,  0.141432
0.7875,  0.146287
0.7880,  0.149034
0.7885,  0.146906
0.7890,  0.147454
0.7895,  0.147831
0.7900,  0.143647
0.7905,  0.143989
0.7910,  0.142786
0.7915,  0.144770
0.7920,  0.147601
0.7925,  0.152464
0.7930,  0.146752
0.7935,  0.139640
0.7940,  0.130894
0.7945,  0.126163
0.7950,  0.129966
0.7955,  0.136396
0.7960,  0.138974
0.7965,  0.143680
0.7970,  0.148293
0.7975,  0.146412
0.7980,  0.141984
0.7985,  0.141138
0.7990,  0.142118
0.7995,  0.145931
0.8000,  0.146808
0.8005,  0.140550
0.8010,  0.136941
0.8015,  0.130828
0.8020,  0.132866
0.8025,  0.136061
0.8030,  0.140225
0.8035,  0.144700
0.8040,  0.149204
0.8045,  0.150101
0.8050,  0.145747
0.8055,  0.142347
0.8060,  0.143696
0.8065,  0.141757
0.8070,  0.139222
0.8075,  0.126024
0.8080,  0.119974
0.8085,  0.122473
0.8090,  0.122782
0.8095,  0.129950
0.8100,  0.143320
0.8105,  0.153505
0.8110,  0.159654
0.8115,  0.167936
0.8120,  0.183016
0.8125,  0.207143
0.8130,  0.228628
0.8135,  0.252844
0.8140,  0.283931
0.8145,  0.308742
0.8150,  0.329116
0.8155,  0.345529
0.8160,  0.351006
0.8165,  0.358877
0.8170,  0.353889
0.8175,  0.336803
0.8180,  0.328766
0.8185,  0.312415
0.8190,  0.285464
0.8195,  0.272623
0.8200,  0.254387
0.8205,  0.247014
0.8210,  0.263825
0.8215,  0.289375
0.8220,  0.325743
0.8225,  0.351276
0.8230,  0.339835
0.8235,  0.304384
0.8240,  0.270975
0.8245,  0.245602
0.8250,  0.229441
0.8255,  0.220240
0.8260,  0.220264
0.8265,  0.229295
0.8270,  0.243191
0.8275,  0.263004
0.8280,  0.273797
0.8285,  0.258265
0.8290,  0.244677
0.8295,  0.232492
0.8300,  0.222461
0.8305,  0.228437
0.8310,  0.232235
0.8315,  0.235442
0.8320,  0.239465
0.8325,  0.240523
0.8330,  0.229126
0.8335,  0.212877
0.8340,  0.196583
0.8345,  0.178457
0.8350,  0.166900
0.8355,  0.160402
0.8360,  0.157095
0.8365,  0.149448
0.8370,  0.145511
0.8375,  0.146956
0.8380,  0.144297
0.8385,  0.146667
0.8390,  0.144361
0.8395,  0.137617
0.8400,  0.126137
0.8405,  0.116423
0.8410,  0.109973
0.8415,  0.106302
0.8420,  0.106240
0.8425,  0.111382
0.8430,  0.120613
0.8435,  0.120823
0.8440,  0.121594
0.8445,  0.112023
0.8450,  0.099797
0.8455,  0.095002
0.8460,  0.096778
0.8465,  0.101876
0.8470,  0.104206
0.8475,  0.105237
0.8480,  0.110058
0.8485,  0.115906
0.8490,  0.118498
0.8495,  0.120364
0.8500,  0.114166
0.8505,  0.112434
0.8510,  0.104663
0.8515,  0.095374
0.8520,  0.095329
0.8525,  0.082174
0.8530,  0.083618
0.8535,  0.082433
0.8540,  0.061968
0.8545,  0.086261
0.8550,  0.092357
0.8555,  0.097853
0.8560,  0.103217
0.8565,  0.103961
0.8570,  0.099342
0.8575,  0.096026
0.8580,  0.096909
0.8585,  0.089752
0.8590,  0.090824
0.8595,  0.092648
0.8600,  0.092086
0.8605,  0.094920
0.8610,  0.093041
0.8615,  0.093380
0.8620,  0.096308
0.8625,  0.093968
0.8630,  0.091159
0.8635,  0.094229
0.8640,  0.106460
0.8645,  0.091243
0.8650,  0.093432
0.8655,  0.099684
0.8660,  0.074733
0.8665,  0.086556
0.8670,  0.086107
0.8675,  0.079416
0.8680,  0.070103
0.8685,  0.063758
0.8690,  0.066585
0.8695,  0.068413
0.8700,  0.087523
0.8705,  0.093592
0.8710,  0.102429
0.8715,  0.100816
0.8720,  0.100949
0.8725,  0.097988
0.8730,  0.095128
0.8735,  0.088508
0.8740,  0.089523
0.8745,  0.090792
0.8750,  0.082386
0.8755,  0.081738
0.8760,  0.082027
0.8765,  0.081050
0.8770,  0.080501
0.8775,  0.084395
0.8780,  0.075914
0.8785,  0.076957
0.8790,  0.079587
0.8795,  0.073568
0.8800,  0.068851
0.8805,  0.072057
0.8810,  0.072229
0.8815,  0.080054
0.8820,  0.087418
0.8825,  0.101268
0.8830,  0.102999
0.8835,  0.097775
0.8840,  0.087935
0.8845,  0.071150
0.8850,  0.075050
0.8855,  0.070588
0.8860,  0.070872
0.8865,  0.082194
0.8870,  0.093077
0.8875,  0.103244
0.8880,  0.101358
0.8885,  0.109497
0.8890,  0.114244
0.8895,  0.111702
0.8900,  0.103583
