0.3500,  0.377060
0.3505,  0.436987
0.3510,  0.390992
0.3515,  0.346278
0.3520,  0.297555
0.3525,  0.252587
0.3530,  0.298746
0.3535,  0.342205
0.3540,  0.365804
0.3545,  0.392414
0.3550,  0.364752
0.3555,  0.349688
0.3560,  0.308347
0.3565,  0.266731
0.3570,  0.225834
0.3575,  0.177134
0.3580,  0.127530
0.3585,  0.066283
0.3590,  0.245800
0.3595,  0.390860
0.3600,  0.381055
0.3605,  0.368376
0.3610,  0.319572
0.3615,  0.264848
0.3620,  0.310429
0.3625,  0.350938
0.3630,  0.335014
0.3635,  0.318786
0.3640,  0.305260
0.3645,  0.285168
0.3650,  0.317878
0.3655,  0.345633
0.3660,  0.352715
0.3665,  0.361365
0.3670,  0.323820
0.3675,  0.293362
0.3680,  0.255906
0.3685,  0.222943
0.3690,  0.277090
0.3695,  0.329243
0.3700,  0.299797
0.3705,  0.264595
0.3710,  0.282760
0.3715,  0.310363
0.3720,  0.278740
0.3725,  0.243395
0.3730,  0.203753
0.3735,  0.163664
0.3740,  0.175519
0.3745,  0.184105
0.3750,  0.274467
0.3755,  0.343796
0.3760,  0.335525
0.3765,  0.316662
0.3770,  0.363205
0.3775,  0.402129
0.3780,  0.388048
0.3785,  0.385519
0.3790,  0.282582
0.3795,  0.175247
0.3800,  0.235972
0.3805,  0.297275
0.3810,  0.265172
0.3815,  0.247396
0.3820,  0.164753
0.3825,  0.061992
0.3830,  0.043731
0.3835,  0.008133
0.3840,  0.188573
0.3845,  0.325692
0.3850,  0.336485
0.3855,  0.350084
0.3860,  0.334784
0.3865,  0.315588
0.3870,  0.302297
0.3875,  0.287996
0.3880,  0.263223
0.3885,  0.232692
0.3890,  0.290435
0.3895,  0.337634
0.3900,  0.338660
0.3905,  0.342237
0.3910,  0.359197
0.3915,  0.386382
0.3920,  0.282209
0.3925,  0.178251
0.3930,  -0.003500
0.3935,  -0.263068
0.3940,  0.045283
0.3945,  0.263556
0.3950,  0.373624
0.3955,  0.474596
0.3960,  0.301170
0.3965,  0.088173
0.3970,  0.113440
0.3975,  0.115485
0.3980,  0.319392
0.3985,  0.454209
0.3990,  0.429409
0.3995,  0.413412
0.4000,  0.372957
0.4005,  0.334635
0.4010,  0.317199
0.4015,  0.307810
0.4020,  0.288641
0.4025,  0.277975
0.4030,  0.251725
0.4035,  0.227260
0.4040,  0.220208
0.4045,  0.218211
0.4050,  0.218307
0.4055,  0.220215
0.4060,  0.206442
0.4065,  0.191541
0.4070,  0.204576
0.4075,  0.213232
0.4080,  0.242168
0.4085,  0.269951
0.4090,  0.260104
0.4095,  0.251061
0.4100,  0.201192
0.4105,  0.147134
0.4110,  0.222166
0.4115,  0.288015
0.4120,  0.270293
0.4125,  0.252556
0.4130,  0.236042
0.4135,  0.221847
0.4140,  0.212195
0.4145,  0.202728
0.4150,  0.200556
0.4155,  0.197837
0.4160,  0.223288
0.4165,  0.250207
0.4170,  0.207686
0.4175,  0.162607
0.4180,  0.168896
0.4185,  0.177303
0.4190,  0.184840
0.4195,  0.187472
0.4200,  0.201229
0.4205,  0.215025
0.4210,  0.217107
0.4215,  0.225057
0.4220,  0.173899
0.4225,  0.121426
0.4230,  0.163064
0.4235,  0.202566
0.4240,  0.216876
0.4245,  0.233312
0.4250,  0.220033
0.4255,  0.206914
0.4260,  0.209977
0.4265,  0.220328
0.4270,  0.187498
0.4275,  0.154259
0.4280,  0.170275
0.4285,  0.184436
0.4290,  0.165273
0.4295,  0.152454
0.4300,  0.062547
0.4305,  -0.049538
0.4310,  0.155838
0.4315,  0.311065
0.4320,  0.280842
0.4325,  0.244537
0.4330,  0.247562
0.4335,  0.253633
0.4340,  0.223849
0.4345,  0.192480
0.4350,  0.192913
0.4355,  0.191671
0.4360,  0.230806
0.4365,  0.269675
0.4370,  0.235666
0.4375,  0.209245
0.4380,  0.157354
0.4385,  0.097001
0.4390,  0.170984
0.4395,  0.236317
0.4400,  0.203642
0.4405,  0.167963
0.4410,  0.211047
0.4415,  0.245751
0.4420,  0.242221
0.4425,  0.241550
0.4430,  0.216081
0.4435,  0.194502
0.4440,  0.206350
0.4445,  0.220706
0.4450,  0.185731
0.4455,  0.147011
0.4460,  0.161818
0.4465,  0.175306
0.4470,  0.210933
0.4475,  0.243500
0.4480,  0.214681
0.4485,  0.183362
0.4490,  0.188303
0.4495,  0.190089
0.4500,  0.205341
0.4505,  0.224464
0.4510,  0.215370
0.4515,  0.209494
0.4520,  0.175068
0.4525,  0.143225
0.4530,  0.157929
0.4535,  0.170521
0.4540,  0.179911
0.4545,  0.182278
0.4550,  0.190782
0.4555,  0.199069
0.4560,  0.202810
0.4565,  0.206144
0.4570,  0.207030
0.4575,  0.212090
0.4580,  0.185700
0.4585,  0.159313
0.4590,  0.171346
0.4595,  0.180445
0.4600,  0.186591
0.4605,  0.191171
0.4610,  0.191772
0.4615,  0.190969
0.4620,  0.197935
0.4625,  0.204867
0.4630,  0.188286
0.4635,  0.177802
0.4640,  0.169335
0.4645,  0.158278
0.4650,  0.179331
0.4655,  0.202790
0.4660,  0.180117
0.4665,  0.159120
0.4670,  0.185778
0.4675,  0.208887
0.4680,  0.203406
0.4685,  0.198118
0.4690,  0.197817
0.4695,  0.202353
0.4700,  0.180416
0.4705,  0.153980
0.4710,  0.184703
0.4715,  0.214814
0.4720,  0.213246
0.4725,  0.211567
0.4730,  0.198934
0.4735,  0.188286
0.4740,  0.199672
0.4745,  0.213260
0.4750,  0.206769
0.4755,  0.198869
0.4760,  0.184571
0.4765,  0.170135
0.4770,  0.197514
0.4775,  0.224584
0.4780,  0.206746
0.4785,  0.187362
0.4790,  0.200536
0.4795,  0.213333
0.4800,  0.203719
0.4805,  0.195592
0.4810,  0.205294
0.4815,  0.216766
0.4820,  0.201831
0.4825,  0.191258
0.4830,  0.193988
0.4835,  0.197074
0.4840,  0.192908
0.4845,  0.195853
0.4850,  0.180752
0.4855,  0.168368
0.4860,  0.135723
0.4865,  0.090204
0.4870,  0.148932
0.4875,  0.197621
0.4880,  0.210134
0.4885,  0.218768
0.4890,  0.216467
0.4895,  0.213957
0.4900,  0.214967
0.4905,  0.222913
0.4910,  0.197960
0.4915,  0.173188
0.4920,  0.175720
0.4925,  0.177398
0.4930,  0.171508
0.4935,  0.161616
0.4940,  0.194224
0.4945,  0.228733
0.4950,  0.194333
0.4955,  0.160598
0.4960,  0.180266
0.4965,  0.199245
0.4970,  0.200354
0.4975,  0.204822
0.4980,  0.173448
0.4985,  0.139225
0.4990,  0.167309
0.4995,  0.196110
0.5000,  0.174639
0.5005,  0.152046
0.5010,  0.145959
0.5015,  0.136785
0.5020,  0.156554
0.5025,  0.174961
0.5030,  0.182421
0.5035,  0.189719
0.5040,  0.172871
0.5045,  0.154574
0.5050,  0.179151
0.5055,  0.201995
0.5060,  0.189317
0.5065,  0.179670
0.5070,  0.168391
0.5075,  0.156860
0.5080,  0.160739
0.5085,  0.162700
0.5090,  0.160827
0.5095,  0.158347
0.5100,  0.163795
0.5105,  0.170081
0.5110,  0.180413
0.5115,  0.190467
0.5120,  0.161283
0.5125,  0.134159
0.5130,  0.139539
0.5135,  0.142637
0.5140,  0.150988
0.5145,  0.157009
0.5150,  0.167922
0.5155,  0.183402
0.5160,  0.141369
0.5165,  0.096524
0.5170,  0.126466
0.5175,  0.151983
0.5180,  0.135028
0.5185,  0.109665
0.5190,  0.146867
0.5195,  0.180879
0.5200,  0.170821
0.5205,  0.160785
0.5210,  0.170572
0.5215,  0.184014
0.5220,  0.160502
0.5225,  0.135591
0.5230,  0.149732
0.5235,  0.159355
0.5240,  0.167729
0.5245,  0.180443
0.5250,  0.176973
0.5255,  0.177912
0.5260,  0.126298
0.5265,  0.068991
0.5270,  0.114583
0.5275,  0.151676
0.5280,  0.160221
0.5285,  0.165762
0.5290,  0.161060
0.5295,  0.158296
0.5300,  0.157883
0.5305,  0.160894
0.5310,  0.162646
0.5315,  0.169024
0.5320,  0.129265
0.5325,  0.087685
0.5330,  0.131302
0.5335,  0.169885
0.5340,  0.150097
0.5345,  0.129530
0.5350,  0.156816
0.5355,  0.184682
0.5360,  0.157185
0.5365,  0.130517
0.5370,  0.135981
0.5375,  0.141180
0.5380,  0.148588
0.5385,  0.156960
0.5390,  0.143864
0.5395,  0.133452
0.5400,  0.123152
0.5405,  0.110806
0.5410,  0.139683
0.5415,  0.165131
0.5420,  0.148753
0.5425,  0.133449
0.5430,  0.144236
0.5435,  0.153373
0.5440,  0.151019
0.5445,  0.149929
0.5450,  0.155264
0.5455,  0.160304
0.5460,  0.156330
0.5465,  0.152724
0.5470,  0.142169
0.5475,  0.130744
0.5480,  0.136881
0.5485,  0.143356
0.5490,  0.150263
0.5495,  0.158556
0.5500,  0.151612
0.5505,  0.143774
0.5510,  0.144746
0.5515,  0.145189
0.5520,  0.139694
0.5525,  0.134881
0.5530,  0.145192
0.5535,  0.153966
0.5540,  0.156687
0.5545,  0.158737
0.5550,  0.158963
0.5555,  0.161886
0.5560,  0.147849
0.5565,  0.134047
0.5570,  0.143737
0.5575,  0.155606
0.5580,  0.147739
0.5585,  0.137908
0.5590,  0.145194
0.5595,  0.150680
0.5600,  0.156948
0.5605,  0.161557
0.5610,  0.154215
0.5615,  0.147663
0.5620,  0.152150
0.5625,  0.158470
0.5630,  0.161305
0.5635,  0.164400
0.5640,  0.163714
0.5645,  0.165106
0.5650,  0.156075
0.5655,  0.144614
0.5660,  0.151390
0.5665,  0.156751
0.5670,  0.169430
0.5675,  0.183300
0.5680,  0.165602
0.5685,  0.148584
0.5690,  0.163322
0.5695,  0.178503
0.5700,  0.159168
0.5705,  0.136311
0.5710,  0.148138
0.5715,  0.155175
0.5720,  0.166316
0.5725,  0.179776
0.5730,  0.172774
0.5735,  0.167685
0.5740,  0.165891
0.5745,  0.166347
0.5750,  0.160201
0.5755,  0.152103
0.5760,  0.155661
0.5765,  0.159934
0.5770,  0.163815
0.5775,  0.169627
0.5780,  0.153485
0.5785,  0.133481
0.5790,  0.142749
0.5795,  0.150085
0.5800,  0.149826
0.5805,  0.150868
0.5810,  0.153218
0.5815,  0.153911
0.5820,  0.156556
0.5825,  0.159639
0.5830,  0.152959
0.5835,  0.148158
0.5840,  0.150460
0.5845,  0.156297
0.5850,  0.143115
0.5855,  0.129493
0.5860,  0.146644
0.5865,  0.161721
0.5870,  0.169371
0.5875,  0.182547
0.5880,  0.172997
0.5885,  0.161681
0.5890,  0.135724
0.5895,  0.101711
0.5900,  0.156421
0.5905,  0.203766
0.5910,  0.191618
0.5915,  0.177858
0.5920,  0.175099
0.5925,  0.175190
0.5930,  0.169907
0.5935,  0.169472
0.5940,  0.167029
0.5945,  0.162423
0.5950,  0.166367
0.5955,  0.168789
0.5960,  0.172733
0.5965,  0.177401
0.5970,  0.170083
0.5975,  0.163612
0.5980,  0.156862
0.5985,  0.151170
0.5990,  0.159066
0.5995,  0.167021
0.6000,  0.163014
0.6005,  0.159356
0.6010,  0.162765
0.6015,  0.163947
0.6020,  0.153571
0.6025,  0.140978
0.6030,  0.154579
0.6035,  0.171558
0.6040,  0.171004
0.6045,  0.170238
0.6050,  0.168534
0.6055,  0.165713
0.6060,  0.163781
0.6065,  0.160746
0.6070,  0.159683
0.6075,  0.160202
0.6080,  0.161167
0.6085,  0.162973
0.6090,  0.170229
0.6095,  0.174924
0.6100,  0.165682
0.6105,  0.152910
0.6110,  0.162320
0.6115,  0.172995
0.6120,  0.162759
0.6125,  0.155276
0.6130,  0.153478
0.6135,  0.151090
0.6140,  0.162217
0.6145,  0.173710
0.6150,  0.177704
0.6155,  0.179698
0.6160,  0.152138
0.6165,  0.120014
0.6170,  0.145781
0.6175,  0.172392
0.6180,  0.176655
0.6185,  0.182398
0.6190,  0.177839
0.6195,  0.172186
0.6200,  0.179696
0.6205,  0.187349
0.6210,  0.174868
0.6215,  0.160668
0.6220,  0.167369
0.6225,  0.178384
0.6230,  0.172912
0.6235,  0.169208
0.6240,  0.173795
0.6245,  0.174295
0.6250,  0.169120
0.6255,  0.163751
0.6260,  0.180729
0.6265,  0.195006
0.6270,  0.195116
0.6275,  0.197652
0.6280,  0.201894
0.6285,  0.207269
0.6290,  0.206643
0.6295,  0.204132
0.6300,  0.198622
0.6305,  0.191844
0.6310,  0.184036
0.6315,  0.181695
0.6320,  0.176993
0.6325,  0.174546
0.6330,  0.175207
0.6335,  0.177251
0.6340,  0.180258
0.6345,  0.184679
0.6350,  0.187996
0.6355,  0.189154
0.6360,  0.187332
0.6365,  0.183362
0.6370,  0.178596
0.6375,  0.173714
0.6380,  0.172073
0.6385,  0.174980
0.6390,  0.178340
0.6395,  0.180457
0.6400,  0.181851
0.6405,  0.182117
0.6410,  0.177172
0.6415,  0.173740
0.6420,  0.170479
0.6425,  0.166718
0.6430,  0.164978
0.6435,  0.165762
0.6440,  0.166694
0.6445,  0.172667
0.6450,  0.183313
0.6455,  0.190501
0.6460,  0.195723
0.6465,  0.198074
0.6470,  0.195260
0.6475,  0.189329
0.6480,  0.186138
0.6485,  0.181513
0.6490,  0.175833
0.6495,  0.179706
0.6500,  0.182380
0.6505,  0.186930
0.6510,  0.194890
0.6515,  0.196189
0.6520,  0.195484
0.6525,  0.192852
0.6530,  0.189838
0.6535,  0.177466
0.6540,  0.171741
0.6545,  0.175396
0.6550,  0.185178
0.6555,  0.189453
0.6560,  0.179783
0.6565,  0.155719
0.6570,  0.118647
0.6575,  0.129126
0.6580,  0.141191
0.6585,  0.155641
0.6590,  0.174037
0.6595,  0.169078
0.6600,  0.163113
0.6605,  0.157372
0.6610,  0.155982
0.6615,  0.151596
0.6620,  0.149905
0.6625,  0.150162
0.6630,  0.151929
0.6635,  0.158941
0.6640,  0.165227
0.6645,  0.168626
0.6650,  0.171185
0.6655,  0.168167
0.6660,  0.162445
0.6665,  0.157326
0.6670,  0.152271
0.6675,  0.150615
0.6680,  0.148210
0.6685,  0.149073
0.6690,  0.151525
0.6695,  0.149542
0.6700,  0.149832
0.6705,  0.151882
0.6710,  0.155583
0.6715,  0.159185
0.6720,  0.158433
0.6725,  0.155900
0.6730,  0.153147
0.6735,  0.148836
0.6740,  0.148755
0.6745,  0.148057
0.6750,  0.150602
0.6755,  0.153135
0.6760,  0.158094
0.6765,  0.162139
0.6770,  0.163921
0.6775,  0.164172
0.6780,  0.165529
0.6785,  0.162544
0.6790,  0.157515
0.6795,  0.153425
0.6800,  0.152548
0.6805,  0.150255
0.6810,  0.151167
0.6815,  0.152178
0.6820,  0.155482
0.6825,  0.158969
0.6830,  0.167130
0.6835,  0.172791
0.6840,  0.172975
0.6845,  0.167289
0.6850,  0.167041
0.6855,  0.186095
0.6860,  0.218861
0.6865,  0.256879
0.6870,  0.286013
0.6875,  0.296152
0.6880,  0.298583
0.6885,  0.292107
0.6890,  0.288440
0.6895,  0.285185
0.6900,  0.277439
0.6905,  0.263619
0.6910,  0.252457
0.6915,  0.246922
0.6920,  0.242309
0.6925,  0.236308
0.6930,  0.236415
0.6935,  0.234881
0.6940,  0.238300
0.6945,  0.238714
0.6950,  0.234859
0.6955,  0.227067
0.6960,  0.217444
0.6965,  0.210210
0.6970,  0.205332
0.6975,  0.208294
0.6980,  0.215022
0.6985,  0.220719
0.6990,  0.228471
0.6995,  0.228234
0.7000,  0.225388
0.7005,  0.223133
0.7010,  0.216069
0.7015,  0.218933
0.7020,  0.218642
0.7025,  0.217091
0.7030,  0.215904
0.7035,  0.216698
0.7040,  0.217931
0.7045,  0.219421
0.7050,  0.221432
0.7055,  0.219978
0.7060,  0.219230
0.7065,  0.218655
0.7070,  0.214962
0.7075,  0.208529
0.7080,  0.205903
0.7085,  0.204774
0.7090,  0.203196
0.7095,  0.202486
0.7100,  0.202485
0.7105,  0.205317
0.7110,  0.206731
0.7115,  0.205097
0.7120,  0.205955
0.7125,  0.209417
0.7130,  0.210111
0.7135,  0.212007
0.7140,  0.215998
0.7145,  0.220563
0.7150,  0.227482
0.7155,  0.240938
0.7160,  0.265036
0.7165,  0.293938
0.7170,  0.327403
0.7175,  0.357129
0.7180,  0.388402
0.7185,  0.414375
0.7190,  0.428562
0.7195,  0.435551
0.7200,  0.421451
0.7205,  0.389015
0.7210,  0.354130
0.7215,  0.328909
0.7220,  0.322811
0.7225,  0.330654
0.7230,  0.345464
0.7235,  0.362249
0.7240,  0.382447
0.7245,  0.394528
0.7250,  0.398021
0.7255,  0.394427
0.7260,  0.393430
0.7265,  0.394320
0.7270,  0.393243
0.7275,  0.386932
0.7280,  0.381059
0.7285,  0.371544
0.7290,  0.365001
0.7295,  0.365179
0.7300,  0.361734
0.7305,  0.361427
0.7310,  0.356567
0.7315,  0.339843
0.7320,  0.318442
0.7325,  0.298588
0.7330,  0.279219
0.7335,  0.268030
0.7340,  0.259181
0.7345,  0.256658
0.7350,  0.258703
0.7355,  0.260655
0.7360,  0.257903
0.7365,  0.254940
0.7370,  0.249662
0.7375,  0.242440
0.7380,  0.238115
0.7385,  0.235935
0.7390,  0.233132
0.7395,  0.228721
0.7400,  0.220503
0.7405,  0.211957
0.7410,  0.208025
0.7415,  0.211222
0.7420,  0.213726
0.7425,  0.214895
0.7430,  0.213621
0.7435,  0.209599
0.7440,  0.207436
0.7445,  0.207834
0.7450,  0.208598
0.7455,  0.209381
0.7460,  0.209263
0.7465,  0.210017
0.7470,  0.206345
0.7475,  0.199949
0.7480,  0.199550
0.7485,  0.201697
0.7490,  0.205330
0.7495,  0.213413
0.7500,  0.212173
0.7505,  0.212006
0.7510,  0.212756
0.7515,  0.212436
0.7520,  0.209193
0.7525,  0.205599
0.7530,  0.207705
0.7535,  0.212917
0.7540,  0.209257
0.7545,  0.206823
0.7550,  0.208120
0.7555,  0.210075
0.7560,  0.210115
0.7565,  0.207910
0.7570,  0.208761
0.7575,  0.215975
0.7580,  0.238343
0.7585,  0.296941
0.7590,  0.406701
0.7595,  0.580387
0.7600,  0.766379
0.7605,  0.898573
0.7610,  0.942434
0.7615,  0.920102
0.7620,  0.895205
0.7625,  0.869669
0.7630,  0.852363
0.7635,  0.809449
0.7640,  0.752552
0.7645,  0.684902
0.7650,  0.614645
0.7655,  0.539773
0.7660,  0.469231
0.7665,  0.405118
0.7670,  0.347789
0.7675,  0.316517
0.7680,  0.289639
0.7685,  0.274038
0.7690,  0.257505
0.7695,  0.242046
0.7700,  0.235292
0.7705,  0.232841
0.7710,  0.228269
0.7715,  0.224367
0.7720,  0.231828
0.7725,  0.228660
0.7730,  0.223758
0.7735,  0.217503
0.7740,  0.211544
0.7745,  0.208837
0.7750,  0.210184
0.7755,  0.211081
0.7760,  0.209810
0.7765,  0.208565
0.7770,  0.209817
0.7775,  0.215735
0.7780,  0.218931
0.7785,  0.221222
0.7790,  0.222327
0.7795,  0.228285
0.7800,  0.227717
0.7805,  0.222612
0.7810,  0.217485
0.7815,  0.212943
0.7820,  0.213217
0.7825,  0.215367
0.7830,  0.214520
0.7835,  0.209913
0.7840,  0.215372
0.7845,  0.222564
0.7850,  0.228510
0.7855,  0.226284
0.7860,  0.225114
0.7865,  0.231801
0.7870,  0.239637
0.7875,  0.244861
0.7880,  0.252826
0.7885,  0.262124
0.7890,  0.270005
0.7895,  0.265096
0.7900,  0.258753
0.7905,  0.255175
0.7910,  0.256308
0.7915,  0.255045
0.7920,  0.255102
0.7925,  0.255695
0.7930,  0.256460
0.7935,  0.255996
0.7940,  0.250498
0.7945,  0.255108
0.7950,  0.259702
0.7955,  0.267986
0.7960,  0.267679
0.7965,  0.264010
0.7970,  0.263948
0.7975,  0.259954
0.7980,  0.257396
0.7985,  0.251639
0.7990,  0.246602
0.7995,  0.256171
0.8000,  0.264831
0.8005,  0.263240
0.8010,  0.263409
0.8015,  0.267780
0.8020,  0.267225
0.8025,  0.267353
0.8030,  0.263067
0.8035,  0.261317
0.8040,  0.252978
0.8045,  0.249303
0.8050,  0.247839
0.8055,  0.246996
0.8060,  0.251413
0.8065,  0.251829
0.8070,  0.255544
0.8075,  0.259656
0.8080,  0.258946
0.8085,  0.257913
0.8090,  0.253199
0.8095,  0.254735
0.8100,  0.264184
0.8105,  0.281226
0.8110,  0.294546
0.8115,  0.309257
0.8120,  0.325761
0.8125,  0.354258
0.8130,  0.376381
0.8135,  0.397665
0.8140,  0.427233
0.8145,  0.447624
0.8150,  0.482106
0.8155,  0.498468
0.8160,  0.508081
0.8165,  0.518995
0.8170,  0.519861
0.8175,  0.505228
0.8180,  0.490799
0.8185,  0.489006
0.8190,  0.470928
0.8195,  0.452034
0.8200,  0.423348
0.8205,  0.399776
0.8210,  0.398334
0.8215,  0.419204
0.8220,  0.454420
0.8225,  0.492789
0.8230,  0.501289
0.8235,  0.483028
0.8240,  0.445371
0.8245,  0.420855
0.8250,  0.397986
0.8255,  0.387566
0.8260,  0.384258
0.8265,  0.388988
0.8270,  0.401598
0.8275,  0.418647
0.8280,  0.431745
0.8285,  0.427892
0.8290,  0.424382
0.8295,  0.420885
0.8300,  0.416267
0.8305,  0.409879
0.8310,  0.401469
0.8315,  0.391233
0.8320,  0.384543
0.8325,  0.377092
0.8330,  0.374186
0.8335,  0.371637
0.8340,  0.361806
0.8345,  0.350499
0.8350,  0.348177
0.8355,  0.348040
0.8360,  0.343095
0.8365,  0.327913
0.8370,  0.320871
0.8375,  0.318919
0.8380,  0.313530
0.8385,  0.304567
0.8390,  0.293359
0.8395,  0.291954
0.8400,  0.291480
0.8405,  0.297466
0.8410,  0.298578
0.8415,  0.295581
0.8420,  0.293615
0.8425,  0.285430
0.8430,  0.279927
0.8435,  0.270867
0.8440,  0.271269
0.8445,  0.270330
0.8450,  0.266217
0.8455,  0.264725
0.8460,  0.275504
0.8465,  0.289638
0.8470,  0.298663
0.8475,  0.289374
0.8480,  0.282376
0.8485,  0.276122
0.8490,  0.268248
0.8495,  0.267928
0.8500,  0.277324
0.8505,  0.296627
0.8510,  0.299627
0.8515,  0.288906
0.8520,  0.281535
0.8525,  0.262868
0.8530,  0.262601
0.8535,  0.266815
0.8540,  0.260048
0.8545,  0.290542
0.8550,  0.301336
0.8555,  0.304271
0.8560,  0.299935
0.8565,  0.284358
0.8570,  0.291335
0.8575,  0.294360
0.8580,  0.301462
0.8585,  0.291560
0.8590,  0.285034
0.8595,  0.273620
0.8600,  0.264572
0.8605,  0.260503
0.8610,  0.260531
0.8615,  0.266994
0.8620,  0.271760
0.8625,  0.281726
0.8630,  0.281030
0.8635,  0.282529
0.8640,  0.279946
0.8645,  0.266834
0.8650,  0.265365
0.8655,  0.271784
0.8660,  0.275583
0.8665,  0.295784
0.8670,  0.305971
0.8675,  0.303831
0.8680,  0.309017
0.8685,  0.299803
0.8690,  0.301423
0.8695,  0.305408
0.8700,  0.320224
0.8705,  0.318860
0.8710,  0.334103
0.8715,  0.341446
0.8720,  0.338947
0.8725,  0.328312
0.8730,  0.335274
0.8735,  0.336690
0.8740,  0.336224
0.8745,  0.332733
0.8750,  0.322184
0.8755,  0.319258
0.8760,  0.321637
0.8765,  0.323675
0.8770,  0.326344
0.8775,  0.333327
0.8780,  0.340196
0.8785,  0.352008
0.8790,  0.363664
0.8795,  0.368053
0.8800,  0.364539
0.8805,  0.355405
0.8810,  0.339455
0.8815,  0.327263
0.8820,  0.332644
0.8825,  0.341864
0.8830,  0.341885
0.8835,  0.346258
0.8840,  0.346580
0.8845,  0.340030
0.8850,  0.329045
0.8855,  0.329993
0.8860,  0.330319
0.8865,  0.331033
0.8870,  0.327570
0.8875,  0.339036
0.8880,  0.344178
0.8885,  0.347860
0.8890,  0.349178
0.8895,  0.359642
0.8900,  0.377585
