0.3500,  1.928979
0.3505,  1.955200
0.3510,  1.886298
0.3515,  1.818670
0.3520,  1.770626
0.3525,  1.686594
0.3530,  1.683218
0.3535,  1.665003
0.3540,  1.608552
0.3545,  1.602971
0.3550,  1.562349
0.3555,  1.557169
0.3560,  1.555484
0.3565,  1.610568
0.3570,  1.666388
0.3575,  1.732610
0.3580,  1.714066
0.3585,  1.612847
0.3590,  1.723387
0.3595,  1.816966
0.3600,  1.794183
0.3605,  1.794077
0.3610,  1.722542
0.3615,  1.617863
0.3620,  1.642548
0.3625,  1.680549
0.3630,  1.638918
0.3635,  1.584463
0.3640,  1.536760
0.3645,  1.457492
0.3650,  1.434561
0.3655,  1.411312
0.3660,  1.378481
0.3665,  1.364771
0.3670,  1.320521
0.3675,  1.291239
0.3680,  1.238092
0.3685,  1.168332
0.3690,  1.186306
0.3695,  1.214514
0.3700,  1.178179
0.3705,  1.162320
0.3710,  1.190948
0.3715,  1.212863
0.3720,  1.200431
0.3725,  1.201855
0.3730,  1.190477
0.3735,  1.181611
0.3740,  1.225875
0.3745,  1.246142
0.3750,  1.334494
0.3755,  1.394114
0.3760,  1.348602
0.3765,  1.283199
0.3770,  1.286492
0.3775,  1.297045
0.3780,  1.267391
0.3785,  1.257990
0.3790,  1.151981
0.3795,  1.034913
0.3800,  1.085278
0.3805,  1.141612
0.3810,  1.119853
0.3815,  1.126850
0.3820,  1.091109
0.3825,  1.050372
0.3830,  1.076044
0.3835,  1.064607
0.3840,  1.267466
0.3845,  1.408090
0.3850,  1.391821
0.3855,  1.381087
0.3860,  1.345078
0.3865,  1.316440
0.3870,  1.302958
0.3875,  1.292670
0.3880,  1.278384
0.3885,  1.243760
0.3890,  1.264254
0.3895,  1.259055
0.3900,  1.199907
0.3905,  1.141186
0.3910,  1.119574
0.3915,  1.143718
0.3920,  1.056243
0.3925,  0.975204
0.3930,  0.833028
0.3935,  0.619514
0.3940,  0.960123
0.3945,  1.194091
0.3950,  1.298468
0.3955,  1.384620
0.3960,  1.203006
0.3965,  0.980422
0.3970,  0.983082
0.3975,  0.948822
0.3980,  1.107062
0.3985,  1.199566
0.3990,  1.144778
0.3995,  1.104837
0.4000,  1.039890
0.4005,  0.979518
0.4010,  0.941218
0.4015,  0.914877
0.4020,  0.881634
0.4025,  0.859418
0.4030,  0.820175
0.4035,  0.787587
0.4040,  0.778681
0.4045,  0.769438
0.4050,  0.760848
0.4055,  0.758819
0.4060,  0.744780
0.4065,  0.730618
0.4070,  0.747213
0.4075,  0.764785
0.4080,  0.796709
0.4085,  0.821356
0.4090,  0.813305
0.4095,  0.801435
0.4100,  0.744324
0.4105,  0.681937
0.4110,  0.744671
0.4115,  0.799859
0.4120,  0.779949
0.4125,  0.760314
0.4130,  0.743593
0.4135,  0.735223
0.4140,  0.733828
0.4145,  0.728743
0.4150,  0.725474
0.4155,  0.722371
0.4160,  0.744306
0.4165,  0.768539
0.4170,  0.725429
0.4175,  0.672094
0.4180,  0.674687
0.4185,  0.683108
0.4190,  0.689353
0.4195,  0.692088
0.4200,  0.707187
0.4205,  0.725385
0.4210,  0.737768
0.4215,  0.753190
0.4220,  0.705671
0.4225,  0.655155
0.4230,  0.690928
0.4235,  0.717726
0.4240,  0.724204
0.4245,  0.735954
0.4250,  0.716850
0.4255,  0.695844
0.4260,  0.701175
0.4265,  0.702635
0.4270,  0.675621
0.4275,  0.639743
0.4280,  0.653280
0.4285,  0.679236
0.4290,  0.672286
0.4295,  0.673771
0.4300,  0.594374
0.4305,  0.487784
0.4310,  0.690478
0.4315,  0.832757
0.4320,  0.792417
0.4325,  0.746973
0.4330,  0.743315
0.4335,  0.742658
0.4340,  0.710503
0.4345,  0.684370
0.4350,  0.685522
0.4355,  0.686157
0.4360,  0.723133
0.4365,  0.760399
0.4370,  0.722504
0.4375,  0.689142
0.4380,  0.627568
0.4385,  0.558686
0.4390,  0.623916
0.4395,  0.683850
0.4400,  0.652216
0.4405,  0.618038
0.4410,  0.662593
0.4415,  0.699453
0.4420,  0.697536
0.4425,  0.697717
0.4430,  0.673380
0.4435,  0.649659
0.4440,  0.654750
0.4445,  0.663487
0.4450,  0.624982
0.4455,  0.580517
0.4460,  0.591362
0.4465,  0.601688
0.4470,  0.637591
0.4475,  0.672166
0.4480,  0.643893
0.4485,  0.614341
0.4490,  0.617441
0.4495,  0.620385
0.4500,  0.633969
0.4505,  0.650165
0.4510,  0.636431
0.4515,  0.621645
0.4520,  0.585253
0.4525,  0.552679
0.4530,  0.560781
0.4535,  0.570741
0.4540,  0.577707
0.4545,  0.582873
0.4550,  0.595061
0.4555,  0.607893
0.4560,  0.618018
0.4565,  0.623966
0.4570,  0.624461
0.4575,  0.626428
0.4580,  0.596566
0.4585,  0.567000
0.4590,  0.575557
0.4595,  0.581616
0.4600,  0.583396
0.4605,  0.583469
0.4610,  0.581517
0.4615,  0.581308
0.4620,  0.589636
0.4625,  0.599587
0.4630,  0.586856
0.4635,  0.577161
0.4640,  0.570577
0.4645,  0.560893
0.4650,  0.578503
0.4655,  0.596733
0.4660,  0.567143
0.4665,  0.538336
0.4670,  0.560565
0.4675,  0.579943
0.4680,  0.576289
0.4685,  0.576216
0.4690,  0.581024
0.4695,  0.586570
0.4700,  0.566865
0.4705,  0.542720
0.4710,  0.573765
0.4715,  0.601429
0.4720,  0.599685
0.4725,  0.597749
0.4730,  0.579616
0.4735,  0.562660
0.4740,  0.568815
0.4745,  0.577661
0.4750,  0.565655
0.4755,  0.553631
0.4760,  0.535957
0.4765,  0.519209
0.4770,  0.544279
0.4775,  0.566831
0.4780,  0.547364
0.4785,  0.530239
0.4790,  0.541891
0.4795,  0.551066
0.4800,  0.538693
0.4805,  0.528806
0.4810,  0.536750
0.4815,  0.542235
0.4820,  0.527207
0.4825,  0.514483
0.4830,  0.513064
0.4835,  0.514581
0.4840,  0.511556
0.4845,  0.514230
0.4850,  0.499480
0.4855,  0.487519
0.4860,  0.455268
0.4865,  0.410162
0.4870,  0.463200
0.4875,  0.506870
0.4880,  0.518745
0.4885,  0.530571
0.4890,  0.530357
0.4895,  0.527512
0.4900,  0.525159
0.4905,  0.526322
0.4910,  0.495918
0.4915,  0.468268
0.4920,  0.469211
0.4925,  0.470467
0.4930,  0.465483
0.4935,  0.454760
0.4940,  0.486500
0.4945,  0.516926
0.4950,  0.480326
0.4955,  0.444194
0.4960,  0.463489
0.4965,  0.481521
0.4970,  0.482162
0.4975,  0.485692
0.4980,  0.453526
0.4985,  0.418992
0.4990,  0.446397
0.4995,  0.473787
0.5000,  0.451700
0.5005,  0.428965
0.5010,  0.422693
0.5015,  0.412591
0.5020,  0.431426
0.5025,  0.450068
0.5030,  0.460712
0.5035,  0.469776
0.5040,  0.453189
0.5045,  0.432665
0.5050,  0.453288
0.5055,  0.473443
0.5060,  0.458989
0.5065,  0.447142
0.5070,  0.433183
0.5075,  0.420696
0.5080,  0.424681
0.5085,  0.427753
0.5090,  0.427504
0.5095,  0.426623
0.5100,  0.432200
0.5105,  0.437581
0.5110,  0.447722
0.5115,  0.456919
0.5120,  0.427421
0.5125,  0.401014
0.5130,  0.405630
0.5135,  0.406808
0.5140,  0.415893
0.5145,  0.421758
0.5150,  0.429986
0.5155,  0.445098
0.5160,  0.404221
0.5165,  0.360110
0.5170,  0.388626
0.5175,  0.412888
0.5180,  0.397055
0.5185,  0.374180
0.5190,  0.414532
0.5195,  0.449501
0.5200,  0.438861
0.5205,  0.428413
0.5210,  0.438030
0.5215,  0.448346
0.5220,  0.421956
0.5225,  0.396409
0.5230,  0.412120
0.5235,  0.423738
0.5240,  0.431126
0.5245,  0.441686
0.5250,  0.435652
0.5255,  0.433640
0.5260,  0.382335
0.5265,  0.326196
0.5270,  0.371265
0.5275,  0.406931
0.5280,  0.415591
0.5285,  0.422174
0.5290,  0.418597
0.5295,  0.415953
0.5300,  0.417345
0.5305,  0.417734
0.5310,  0.414786
0.5315,  0.416876
0.5320,  0.378220
0.5325,  0.337624
0.5330,  0.380941
0.5335,  0.419333
0.5340,  0.402686
0.5345,  0.384476
0.5350,  0.412196
0.5355,  0.438186
0.5360,  0.410305
0.5365,  0.384048
0.5370,  0.386592
0.5375,  0.389300
0.5380,  0.395915
0.5385,  0.405335
0.5390,  0.392805
0.5395,  0.383182
0.5400,  0.372987
0.5405,  0.362860
0.5410,  0.392010
0.5415,  0.417222
0.5420,  0.400787
0.5425,  0.383632
0.5430,  0.393610
0.5435,  0.402026
0.5440,  0.399630
0.5445,  0.399309
0.5450,  0.405298
0.5455,  0.408758
0.5460,  0.403195
0.5465,  0.398633
0.5470,  0.390543
0.5475,  0.381630
0.5480,  0.390142
0.5485,  0.394276
0.5490,  0.397217
0.5495,  0.402681
0.5500,  0.394550
0.5505,  0.386830
0.5510,  0.390204
0.5515,  0.392291
0.5520,  0.386828
0.5525,  0.380641
0.5530,  0.390261
0.5535,  0.398942
0.5540,  0.401662
0.5545,  0.404795
0.5550,  0.405576
0.5555,  0.407212
0.5560,  0.391831
0.5565,  0.377282
0.5570,  0.385955
0.5575,  0.397360
0.5580,  0.388705
0.5585,  0.379232
0.5590,  0.386005
0.5595,  0.391080
0.5600,  0.398895
0.5605,  0.404239
0.5610,  0.399267
0.5615,  0.392268
0.5620,  0.396476
0.5625,  0.402550
0.5630,  0.405021
0.5635,  0.407398
0.5640,  0.407478
0.5645,  0.409818
0.5650,  0.400302
0.5655,  0.387959
0.5660,  0.395236
0.5665,  0.403936
0.5670,  0.416623
0.5675,  0.429355
0.5680,  0.410251
0.5685,  0.393023
0.5690,  0.408525
0.5695,  0.424923
0.5700,  0.404612
0.5705,  0.381329
0.5710,  0.391959
0.5715,  0.399169
0.5720,  0.409970
0.5725,  0.420849
0.5730,  0.413615
0.5735,  0.407830
0.5740,  0.406198
0.5745,  0.404732
0.5750,  0.396015
0.5755,  0.386183
0.5760,  0.389043
0.5765,  0.390783
0.5770,  0.394348
0.5775,  0.400121
0.5780,  0.383154
0.5785,  0.366243
0.5790,  0.376405
0.5795,  0.386344
0.5800,  0.388753
0.5805,  0.391559
0.5810,  0.396094
0.5815,  0.398229
0.5820,  0.399785
0.5825,  0.400823
0.5830,  0.394014
0.5835,  0.389548
0.5840,  0.389948
0.5845,  0.393794
0.5850,  0.379625
0.5855,  0.366862
0.5860,  0.382453
0.5865,  0.397647
0.5870,  0.407850
0.5875,  0.422856
0.5880,  0.413007
0.5885,  0.402802
0.5890,  0.379012
0.5895,  0.347817
0.5900,  0.404995
0.5905,  0.453955
0.5910,  0.443567
0.5915,  0.431366
0.5920,  0.429538
0.5925,  0.428114
0.5930,  0.421504
0.5935,  0.422033
0.5940,  0.417091
0.5945,  0.414357
0.5950,  0.419223
0.5955,  0.419226
0.5960,  0.418205
0.5965,  0.419417
0.5970,  0.409745
0.5975,  0.401805
0.5980,  0.396009
0.5985,  0.394147
0.5990,  0.405673
0.5995,  0.415168
0.6000,  0.411028
0.6005,  0.408265
0.6010,  0.412463
0.6015,  0.412767
0.6020,  0.396813
0.6025,  0.381776
0.6030,  0.393038
0.6035,  0.407262
0.6040,  0.404605
0.6045,  0.406265
0.6050,  0.406625
0.6055,  0.403872
0.6060,  0.401111
0.6065,  0.397822
0.6070,  0.396200
0.6075,  0.398998
0.6080,  0.399692
0.6085,  0.396465
0.6090,  0.401939
0.6095,  0.404565
0.6100,  0.395444
0.6105,  0.385729
0.6110,  0.398796
0.6115,  0.412085
0.6120,  0.405837
0.6125,  0.397434
0.6130,  0.396469
0.6135,  0.393867
0.6140,  0.404968
0.6145,  0.414791
0.6150,  0.418906
0.6155,  0.422835
0.6160,  0.395271
0.6165,  0.365279
0.6170,  0.390964
0.6175,  0.418401
0.6180,  0.424490
0.6185,  0.429992
0.6190,  0.427642
0.6195,  0.424369
0.6200,  0.432135
0.6205,  0.438076
0.6210,  0.423531
0.6215,  0.410970
0.6220,  0.415855
0.6225,  0.425131
0.6230,  0.414859
0.6235,  0.409593
0.6240,  0.416078
0.6245,  0.421009
0.6250,  0.419855
0.6255,  0.416954
0.6260,  0.431738
0.6265,  0.444591
0.6270,  0.442253
0.6275,  0.444175
0.6280,  0.447489
0.6285,  0.449564
0.6290,  0.450638
0.6295,  0.452824
0.6300,  0.451362
0.6305,  0.445296
0.6310,  0.435597
0.6315,  0.432927
0.6320,  0.429511
0.6325,  0.429006
0.6330,  0.427214
0.6335,  0.427375
0.6340,  0.430346
0.6345,  0.434761
0.6350,  0.436290
0.6355,  0.435800
0.6360,  0.433792
0.6365,  0.427731
0.6370,  0.422386
0.6375,  0.420392
0.6380,  0.423691
0.6385,  0.430521
0.6390,  0.437649
0.6395,  0.440093
0.6400,  0.439151
0.6405,  0.437216
0.6410,  0.432367
0.6415,  0.429958
0.6420,  0.424960
0.6425,  0.418889
0.6430,  0.416484
0.6435,  0.422071
0.6440,  0.427564
0.6445,  0.432745
0.6450,  0.441909
0.6455,  0.446546
0.6460,  0.449361
0.6465,  0.451890
0.6470,  0.449752
0.6475,  0.445427
0.6480,  0.443571
0.6485,  0.438362
0.6490,  0.437168
0.6495,  0.447009
0.6500,  0.452927
0.6505,  0.458587
0.6510,  0.463635
0.6515,  0.459465
0.6520,  0.459685
0.6525,  0.456091
0.6530,  0.453529
0.6535,  0.444706
0.6540,  0.438604
0.6545,  0.438130
0.6550,  0.452344
0.6555,  0.458142
0.6560,  0.452687
0.6565,  0.434542
0.6570,  0.397091
0.6575,  0.404595
0.6580,  0.416184
0.6585,  0.426834
0.6590,  0.439723
0.6595,  0.433191
0.6600,  0.425818
0.6605,  0.418768
0.6610,  0.417730
0.6615,  0.413472
0.6620,  0.411118
0.6625,  0.414091
0.6630,  0.423288
0.6635,  0.430888
0.6640,  0.431839
0.6645,  0.428024
0.6650,  0.424262
0.6655,  0.417691
0.6660,  0.412064
0.6665,  0.409450
0.6670,  0.408193
0.6675,  0.415098
0.6680,  0.417260
0.6685,  0.420347
0.6690,  0.423899
0.6695,  0.422109
0.6700,  0.420255
0.6705,  0.420672
0.6710,  0.422152
0.6715,  0.427725
0.6720,  0.430022
0.6725,  0.431034
0.6730,  0.428912
0.6735,  0.424463
0.6740,  0.422434
0.6745,  0.418872
0.6750,  0.420179
0.6755,  0.424867
0.6760,  0.430393
0.6765,  0.433578
0.6770,  0.437763
0.6775,  0.437754
0.6780,  0.439106
0.6785,  0.439892
0.6790,  0.439504
0.6795,  0.438152
0.6800,  0.437941
0.6805,  0.439546
0.6810,  0.439168
0.6815,  0.438620
0.6820,  0.445259
0.6825,  0.447691
0.6830,  0.451745
0.6835,  0.451964
0.6840,  0.452502
0.6845,  0.453814
0.6850,  0.461329
0.6855,  0.479613
0.6860,  0.515642
0.6865,  0.558080
0.6870,  0.596923
0.6875,  0.619895
0.6880,  0.622388
0.6885,  0.620743
0.6890,  0.621639
0.6895,  0.616277
0.6900,  0.607472
0.6905,  0.590773
0.6910,  0.570019
0.6915,  0.560486
0.6920,  0.552489
0.6925,  0.551940
0.6930,  0.560184
0.6935,  0.561881
0.6940,  0.566269
0.6945,  0.566085
0.6950,  0.561368
0.6955,  0.555419
0.6960,  0.548706
0.6965,  0.539969
0.6970,  0.529529
0.6975,  0.530246
0.6980,  0.542200
0.6985,  0.552435
0.6990,  0.559268
0.6995,  0.556694
0.7000,  0.548373
0.7005,  0.549649
0.7010,  0.552361
0.7015,  0.555875
0.7020,  0.557272
0.7025,  0.558994
0.7030,  0.557837
0.7035,  0.556910
0.7040,  0.554165
0.7045,  0.554451
0.7050,  0.554762
0.7055,  0.553819
0.7060,  0.552034
0.7065,  0.550941
0.7070,  0.544076
0.7075,  0.540150
0.7080,  0.540678
0.7085,  0.539127
0.7090,  0.540149
0.7095,  0.544262
0.7100,  0.546379
0.7105,  0.546571
0.7110,  0.550162
0.7115,  0.551978
0.7120,  0.550004
0.7125,  0.548206
0.7130,  0.550607
0.7135,  0.551130
0.7140,  0.560334
0.7145,  0.566219
0.7150,  0.571824
0.7155,  0.588533
0.7160,  0.631602
0.7165,  0.679663
0.7170,  0.735918
0.7175,  0.786757
0.7180,  0.830988
0.7185,  0.871220
0.7190,  0.889208
0.7195,  0.896043
0.7200,  0.880788
0.7205,  0.843490
0.7210,  0.801334
0.7215,  0.761932
0.7220,  0.748019
0.7225,  0.750440
0.7230,  0.769604
0.7235,  0.794895
0.7240,  0.826285
0.7245,  0.843543
0.7250,  0.852117
0.7255,  0.854218
0.7260,  0.853966
0.7265,  0.853788
0.7270,  0.854753
0.7275,  0.846299
0.7280,  0.839561
0.7285,  0.838659
0.7290,  0.831009
0.7295,  0.824076
0.7300,  0.813351
0.7305,  0.805098
0.7310,  0.794241
0.7315,  0.781230
0.7320,  0.758252
0.7325,  0.735961
0.7330,  0.716599
0.7335,  0.701675
0.7340,  0.689477
0.7345,  0.677448
0.7350,  0.670565
0.7355,  0.666474
0.7360,  0.656851
0.7365,  0.647113
0.7370,  0.639744
0.7375,  0.639027
0.7380,  0.642767
0.7385,  0.646732
0.7390,  0.650062
0.7395,  0.648629
0.7400,  0.639867
0.7405,  0.627476
0.7410,  0.618246
0.7415,  0.624033
0.7420,  0.621809
0.7425,  0.616529
0.7430,  0.610323
0.7435,  0.609962
0.7440,  0.610853
0.7445,  0.614204
0.7450,  0.611843
0.7455,  0.610348
0.7460,  0.611041
0.7465,  0.611157
0.7470,  0.612099
0.7475,  0.613446
0.7480,  0.621068
0.7485,  0.619125
0.7490,  0.617115
0.7495,  0.609852
0.7500,  0.615300
0.7505,  0.622259
0.7510,  0.628592
0.7515,  0.638521
0.7520,  0.640653
0.7525,  0.639473
0.7530,  0.629921
0.7535,  0.631160
0.7540,  0.627386
0.7545,  0.619772
0.7550,  0.615079
0.7555,  0.617099
0.7560,  0.625560
0.7565,  0.640501
0.7570,  0.647112
0.7575,  0.665855
0.7580,  0.693543
0.7585,  0.760136
0.7590,  0.907789
0.7595,  1.143682
0.7600,  1.478995
0.7605,  1.808741
0.7610,  2.000841
0.7615,  1.968525
0.7620,  1.890578
0.7625,  1.868454
0.7630,  1.869310
0.7635,  1.807686
0.7640,  1.710137
0.7645,  1.559029
0.7650,  1.394630
0.7655,  1.253593
0.7660,  1.134623
0.7665,  1.012065
0.7670,  0.921543
0.7675,  0.866752
0.7680,  0.824091
0.7685,  0.802587
0.7690,  0.784375
0.7695,  0.763991
0.7700,  0.743397
0.7705,  0.723429
0.7710,  0.710621
0.7715,  0.704767
0.7720,  0.705475
0.7725,  0.706633
0.7730,  0.702737
0.7735,  0.702544
0.7740,  0.695401
0.7745,  0.689581
0.7750,  0.691929
0.7755,  0.699424
0.7760,  0.705569
0.7765,  0.704991
0.7770,  0.704347
0.7775,  0.711334
0.7780,  0.715223
0.7785,  0.726917
0.7790,  0.728043
0.7795,  0.738104
0.7800,  0.752048
0.7805,  0.763930
0.7810,  0.764119
0.7815,  0.764243
0.7820,  0.764518
0.7825,  0.751535
0.7830,  0.746597
0.7835,  0.739836
0.7840,  0.730874
0.7845,  0.731899
0.7850,  0.753415
0.7855,  0.770075
0.7860,  0.775586
0.7865,  0.783607
0.7870,  0.788088
0.7875,  0.787103
0.7880,  0.804590
0.7885,  0.811471
0.7890,  0.829149
0.7895,  0.842949
0.7900,  0.848528
0.7905,  0.865142
0.7910,  0.853191
0.7915,  0.844163
0.7920,  0.850787
0.7925,  0.863938
0.7930,  0.857982
0.7935,  0.852398
0.7940,  0.840000
0.7945,  0.828163
0.7950,  0.830387
0.7955,  0.844233
0.7960,  0.867451
0.7965,  0.884377
0.7970,  0.875499
0.7975,  0.859290
0.7980,  0.866539
0.7985,  0.877146
0.7990,  0.876526
0.7995,  0.885370
0.8000,  0.886680
0.8005,  0.884714
0.8010,  0.890495
0.8015,  0.902631
0.8020,  0.906528
0.8025,  0.908273
0.8030,  0.906153
0.8035,  0.909119
0.8040,  0.899828
0.8045,  0.895825
0.8050,  0.892596
0.8055,  0.900753
0.8060,  0.920878
0.8065,  0.919731
0.8070,  0.922314
0.8075,  0.912770
0.8080,  0.914997
0.8085,  0.915296
0.8090,  0.932918
0.8095,  0.949131
0.8100,  0.968265
0.8105,  0.994257
0.8110,  1.014977
0.8115,  1.038116
0.8120,  1.064958
0.8125,  1.130952
0.8130,  1.190699
0.8135,  1.242189
0.8140,  1.292529
0.8145,  1.376429
0.8150,  1.462247
0.8155,  1.560098
0.8160,  1.648738
0.8165,  1.692873
0.8170,  1.693873
0.8175,  1.656361
0.8180,  1.614414
0.8185,  1.571355
0.8190,  1.557985
0.8195,  1.544994
0.8200,  1.496277
0.8205,  1.416447
0.8210,  1.362509
0.8215,  1.369088
0.8220,  1.472352
0.8225,  1.606286
0.8230,  1.699107
0.8235,  1.668450
0.8240,  1.579522
0.8245,  1.505421
0.8250,  1.428054
0.8255,  1.370021
0.8260,  1.328041
0.8265,  1.290447
0.8270,  1.308593
0.8275,  1.339934
0.8280,  1.384125
0.8285,  1.426540
0.8290,  1.419071
0.8295,  1.416847
0.8300,  1.418304
0.8305,  1.427657
0.8310,  1.444480
0.8315,  1.482069
0.8320,  1.518448
0.8325,  1.541823
0.8330,  1.513100
0.8335,  1.451555
0.8340,  1.403947
0.8345,  1.334555
0.8350,  1.307357
0.8355,  1.336354
0.8360,  1.357089
0.8365,  1.330457
0.8370,  1.298016
0.8375,  1.263007
0.8380,  1.213199
0.8385,  1.202621
0.8390,  1.222745
0.8395,  1.230363
0.8400,  1.224059
0.8405,  1.207524
0.8410,  1.223285
0.8415,  1.221744
0.8420,  1.238090
0.8425,  1.262128
0.8430,  1.255381
0.8435,  1.278557
0.8440,  1.297005
0.8445,  1.289230
0.8450,  1.266208
0.8455,  1.257323
0.8460,  1.285982
0.8465,  1.311405
0.8470,  1.334982
0.8475,  1.347875
0.8480,  1.364387
0.8485,  1.374190
0.8490,  1.407270
0.8495,  1.417795
0.8500,  1.409878
0.8505,  1.431707
0.8510,  1.396803
0.8515,  1.431808
0.8520,  1.458846
0.8525,  1.497344
0.8530,  1.572954
0.8535,  1.602630
0.8540,  1.655123
0.8545,  1.703038
0.8550,  1.701132
0.8555,  1.601427
0.8560,  1.578785
0.8565,  1.553629
0.8570,  1.573624
0.8575,  1.525485
0.8580,  1.491351
0.8585,  1.426822
0.8590,  1.447022
0.8595,  1.478442
0.8600,  1.556305
0.8605,  1.567589
0.8610,  1.525692
0.8615,  1.530243
0.8620,  1.531490
0.8625,  1.594632
0.8630,  1.676612
0.8635,  1.676492
0.8640,  1.697443
0.8645,  1.770360
0.8650,  1.978385
0.8655,  2.193563
0.8660,  2.322556
0.8665,  2.145443
0.8670,  2.020899
0.8675,  1.990600
0.8680,  1.991316
0.8685,  2.017537
0.8690,  1.898834
0.8695,  1.904877
0.8700,  1.854872
0.8705,  1.851461
0.8710,  1.902173
0.8715,  2.002919
0.8720,  2.064603
0.8725,  2.168095
0.8730,  2.192696
0.8735,  2.232386
0.8740,  2.257488
0.8745,  2.366935
0.8750,  2.242157
0.8755,  2.239448
0.8760,  2.344383
0.8765,  2.295527
0.8770,  2.479792
0.8775,  2.542993
0.8780,  2.649023
0.8785,  2.476454
0.8790,  2.518234
0.8795,  2.839660
0.8800,  3.352627
0.8805,  3.766659
0.8810,  3.570049
0.8815,  3.487118
0.8820,  3.186774
0.8825,  3.184100
0.8830,  3.587817
0.8835,  3.494018
0.8840,  3.438112
0.8845,  3.427142
0.8850,  3.754769
0.8855,  4.829074
0.8860,  5.626361
0.8865,  4.786150
0.8870,  4.049537
0.8875,  4.108995
0.8880,  4.164482
0.8885,  4.442022
0.8890,  3.481859
0.8895,  3.656038
0.8900,  4.061826
