0.3500,  1.113529
0.3505,  1.148374
0.3510,  1.088831
0.3515,  1.045176
0.3520,  0.974571
0.3525,  0.924684
0.3530,  0.950943
0.3535,  0.971149
0.3540,  0.977211
0.3545,  0.982660
0.3550,  0.952440
0.3555,  0.934015
0.3560,  0.910068
0.3565,  0.911374
0.3570,  0.914216
0.3575,  0.909351
0.3580,  0.884556
0.3585,  0.831499
0.3590,  0.992656
0.3595,  1.121839
0.3600,  1.105377
0.3605,  1.073764
0.3610,  0.995848
0.3615,  0.916662
0.3620,  0.946169
0.3625,  0.972719
0.3630,  0.955971
0.3635,  0.933219
0.3640,  0.900255
0.3645,  0.850307
0.3650,  0.847962
0.3655,  0.849352
0.3660,  0.832198
0.3665,  0.832046
0.3670,  0.793560
0.3675,  0.760990
0.3680,  0.714013
0.3685,  0.665089
0.3690,  0.696210
0.3695,  0.730773
0.3700,  0.700341
0.3705,  0.670200
0.3710,  0.686976
0.3715,  0.713726
0.3720,  0.690111
0.3725,  0.670078
0.3730,  0.653214
0.3735,  0.634521
0.3740,  0.661054
0.3745,  0.673111
0.3750,  0.756690
0.3755,  0.823815
0.3760,  0.809917
0.3765,  0.769732
0.3770,  0.782860
0.3775,  0.797931
0.3780,  0.772312
0.3785,  0.763624
0.3790,  0.663599
0.3795,  0.556785
0.3800,  0.613127
0.3805,  0.679658
0.3810,  0.662778
0.3815,  0.663282
0.3820,  0.603766
0.3825,  0.526445
0.3830,  0.534479
0.3835,  0.522386
0.3840,  0.704262
0.3845,  0.833434
0.3850,  0.838432
0.3855,  0.839236
0.3860,  0.805400
0.3865,  0.776775
0.3870,  0.765710
0.3875,  0.753929
0.3880,  0.724991
0.3885,  0.685629
0.3890,  0.728062
0.3895,  0.755722
0.3900,  0.733928
0.3905,  0.711271
0.3910,  0.706497
0.3915,  0.727448
0.3920,  0.633297
0.3925,  0.549596
0.3930,  0.400509
0.3935,  0.179656
0.3940,  0.496885
0.3945,  0.708373
0.3950,  0.802931
0.3955,  0.891330
0.3960,  0.723054
0.3965,  0.513627
0.3970,  0.530457
0.3975,  0.519465
0.3980,  0.690380
0.3985,  0.793303
0.3990,  0.742473
0.3995,  0.700381
0.4000,  0.641034
0.4005,  0.590878
0.4010,  0.559866
0.4015,  0.537162
0.4020,  0.509374
0.4025,  0.492906
0.4030,  0.462362
0.4035,  0.430093
0.4040,  0.417794
0.4045,  0.415334
0.4050,  0.416876
0.4055,  0.420968
0.4060,  0.409153
0.4065,  0.394689
0.4070,  0.407679
0.4075,  0.416676
0.4080,  0.440566
0.4085,  0.461091
0.4090,  0.451414
0.4095,  0.445394
0.4100,  0.399592
0.4105,  0.346079
0.4110,  0.415273
0.4115,  0.476158
0.4120,  0.456179
0.4125,  0.435901
0.4130,  0.415890
0.4135,  0.400129
0.4140,  0.391353
0.4145,  0.383671
0.4150,  0.382407
0.4155,  0.378613
0.4160,  0.402537
0.4165,  0.428174
0.4170,  0.389305
0.4175,  0.347923
0.4180,  0.356085
0.4185,  0.366785
0.4190,  0.376361
0.4195,  0.380299
0.4200,  0.393808
0.4205,  0.408282
0.4210,  0.412224
0.4215,  0.423886
0.4220,  0.376806
0.4225,  0.323021
0.4230,  0.363087
0.4235,  0.398357
0.4240,  0.413752
0.4245,  0.429480
0.4250,  0.409284
0.4255,  0.387662
0.4260,  0.387292
0.4265,  0.395769
0.4270,  0.367612
0.4275,  0.336502
0.4280,  0.356625
0.4285,  0.376142
0.4290,  0.366729
0.4295,  0.360374
0.4300,  0.281415
0.4305,  0.176374
0.4310,  0.372339
0.4315,  0.519032
0.4320,  0.484871
0.4325,  0.445688
0.4330,  0.441389
0.4335,  0.439704
0.4340,  0.407960
0.4345,  0.376728
0.4350,  0.377759
0.4355,  0.374986
0.4360,  0.410773
0.4365,  0.448232
0.4370,  0.412311
0.4375,  0.382155
0.4380,  0.328042
0.4385,  0.268305
0.4390,  0.337839
0.4395,  0.399012
0.4400,  0.368506
0.4405,  0.332354
0.4410,  0.373380
0.4415,  0.409721
0.4420,  0.406724
0.4425,  0.401597
0.4430,  0.371369
0.4435,  0.345959
0.4440,  0.355165
0.4445,  0.368812
0.4450,  0.335911
0.4455,  0.298391
0.4460,  0.312908
0.4465,  0.325158
0.4470,  0.357397
0.4475,  0.386750
0.4480,  0.358551
0.4485,  0.328447
0.4490,  0.331674
0.4495,  0.332500
0.4500,  0.348998
0.4505,  0.363234
0.4510,  0.349440
0.4515,  0.340650
0.4520,  0.309036
0.4525,  0.278280
0.4530,  0.293252
0.4535,  0.304340
0.4540,  0.310770
0.4545,  0.316959
0.4550,  0.330407
0.4555,  0.339442
0.4560,  0.341554
0.4565,  0.342990
0.4570,  0.340927
0.4575,  0.342437
0.4580,  0.316321
0.4585,  0.290043
0.4590,  0.300652
0.4595,  0.309328
0.4600,  0.316159
0.4605,  0.320994
0.4610,  0.320826
0.4615,  0.318761
0.4620,  0.325863
0.4625,  0.334279
0.4630,  0.317271
0.4635,  0.305703
0.4640,  0.299120
0.4645,  0.291008
0.4650,  0.312044
0.4655,  0.333924
0.4660,  0.308378
0.4665,  0.285078
0.4670,  0.308786
0.4675,  0.326813
0.4680,  0.320782
0.4685,  0.319644
0.4690,  0.322020
0.4695,  0.327005
0.4700,  0.307157
0.4705,  0.279932
0.4710,  0.309798
0.4715,  0.338195
0.4720,  0.335411
0.4725,  0.331805
0.4730,  0.316530
0.4735,  0.303349
0.4740,  0.312745
0.4745,  0.323451
0.4750,  0.315156
0.4755,  0.307109
0.4760,  0.293693
0.4765,  0.280076
0.4770,  0.304018
0.4775,  0.324663
0.4780,  0.304680
0.4785,  0.284743
0.4790,  0.296762
0.4795,  0.307505
0.4800,  0.293809
0.4805,  0.283995
0.4810,  0.294208
0.4815,  0.302938
0.4820,  0.287059
0.4825,  0.276560
0.4830,  0.276359
0.4835,  0.279196
0.4840,  0.275507
0.4845,  0.276645
0.4850,  0.261904
0.4855,  0.249678
0.4860,  0.219133
0.4865,  0.176060
0.4870,  0.231697
0.4875,  0.277368
0.4880,  0.288043
0.4885,  0.296084
0.4890,  0.293456
0.4895,  0.291455
0.4900,  0.290201
0.4905,  0.293730
0.4910,  0.267636
0.4915,  0.243681
0.4920,  0.246318
0.4925,  0.247001
0.4930,  0.239670
0.4935,  0.230449
0.4940,  0.261372
0.4945,  0.290883
0.4950,  0.256640
0.4955,  0.221971
0.4960,  0.238965
0.4965,  0.256717
0.4970,  0.258256
0.4975,  0.262506
0.4980,  0.230879
0.4985,  0.196325
0.4990,  0.223055
0.4995,  0.249860
0.5000,  0.228752
0.5005,  0.207629
0.5010,  0.203396
0.5015,  0.195687
0.5020,  0.215759
0.5025,  0.234079
0.5030,  0.241481
0.5035,  0.249303
0.5040,  0.233797
0.5045,  0.214624
0.5050,  0.235680
0.5055,  0.256756
0.5060,  0.243311
0.5065,  0.231685
0.5070,  0.221171
0.5075,  0.211608
0.5080,  0.215581
0.5085,  0.217217
0.5090,  0.214189
0.5095,  0.210891
0.5100,  0.215336
0.5105,  0.219543
0.5110,  0.228800
0.5115,  0.238819
0.5120,  0.211142
0.5125,  0.186494
0.5130,  0.191429
0.5135,  0.194289
0.5140,  0.202794
0.5145,  0.208264
0.5150,  0.217554
0.5155,  0.231674
0.5160,  0.192077
0.5165,  0.151199
0.5170,  0.180741
0.5175,  0.205204
0.5180,  0.190078
0.5185,  0.167739
0.5190,  0.204811
0.5195,  0.238039
0.5200,  0.229221
0.5205,  0.218938
0.5210,  0.226981
0.5215,  0.236499
0.5220,  0.213030
0.5225,  0.190137
0.5230,  0.203158
0.5235,  0.213641
0.5240,  0.221360
0.5245,  0.231444
0.5250,  0.226041
0.5255,  0.225712
0.5260,  0.175573
0.5265,  0.120658
0.5270,  0.165776
0.5275,  0.201854
0.5280,  0.210869
0.5285,  0.217488
0.5290,  0.214272
0.5295,  0.210291
0.5300,  0.211381
0.5305,  0.212753
0.5310,  0.210609
0.5315,  0.215029
0.5320,  0.177061
0.5325,  0.137182
0.5330,  0.180110
0.5335,  0.218943
0.5340,  0.203001
0.5345,  0.183729
0.5350,  0.207747
0.5355,  0.232462
0.5360,  0.205403
0.5365,  0.180192
0.5370,  0.184735
0.5375,  0.190218
0.5380,  0.196983
0.5385,  0.204736
0.5390,  0.192509
0.5395,  0.182099
0.5400,  0.172636
0.5405,  0.162345
0.5410,  0.191052
0.5415,  0.216843
0.5420,  0.201477
0.5425,  0.186263
0.5430,  0.197867
0.5435,  0.207362
0.5440,  0.204098
0.5445,  0.201121
0.5450,  0.205551
0.5455,  0.209545
0.5460,  0.204790
0.5465,  0.201365
0.5470,  0.193246
0.5475,  0.184110
0.5480,  0.191602
0.5485,  0.196920
0.5490,  0.201910
0.5495,  0.207454
0.5500,  0.198547
0.5505,  0.191029
0.5510,  0.193699
0.5515,  0.196364
0.5520,  0.192341
0.5525,  0.188282
0.5530,  0.197522
0.5535,  0.205662
0.5540,  0.207641
0.5545,  0.209136
0.5550,  0.210456
0.5555,  0.212252
0.5560,  0.196967
0.5565,  0.182068
0.5570,  0.189806
0.5575,  0.200997
0.5580,  0.193796
0.5585,  0.185508
0.5590,  0.195060
0.5595,  0.202217
0.5600,  0.207490
0.5605,  0.212459
0.5610,  0.208482
0.5615,  0.203232
0.5620,  0.208351
0.5625,  0.214951
0.5630,  0.218640
0.5635,  0.220866
0.5640,  0.219373
0.5645,  0.219402
0.5650,  0.208363
0.5655,  0.197051
0.5660,  0.204167
0.5665,  0.210941
0.5670,  0.224367
0.5675,  0.238482
0.5680,  0.221639
0.5685,  0.204972
0.5690,  0.220530
0.5695,  0.235865
0.5700,  0.216564
0.5705,  0.194643
0.5710,  0.207447
0.5715,  0.214377
0.5720,  0.225218
0.5725,  0.235450
0.5730,  0.227594
0.5735,  0.221655
0.5740,  0.219542
0.5745,  0.220367
0.5750,  0.214742
0.5755,  0.206352
0.5760,  0.210001
0.5765,  0.213290
0.5770,  0.216883
0.5775,  0.222604
0.5780,  0.208161
0.5785,  0.191076
0.5790,  0.201109
0.5795,  0.208870
0.5800,  0.208948
0.5805,  0.210169
0.5810,  0.210941
0.5815,  0.213208
0.5820,  0.217261
0.5825,  0.221018
0.5830,  0.216070
0.5835,  0.209888
0.5840,  0.210452
0.5845,  0.216512
0.5850,  0.204320
0.5855,  0.190327
0.5860,  0.206492
0.5865,  0.221347
0.5870,  0.230393
0.5875,  0.245074
0.5880,  0.239022
0.5885,  0.233327
0.5890,  0.212246
0.5895,  0.180987
0.5900,  0.235072
0.5905,  0.282634
0.5910,  0.271507
0.5915,  0.257844
0.5920,  0.255812
0.5925,  0.253884
0.5930,  0.245170
0.5935,  0.244270
0.5940,  0.242826
0.5945,  0.239685
0.5950,  0.244128
0.5955,  0.246449
0.5960,  0.250537
0.5965,  0.256414
0.5970,  0.247314
0.5975,  0.237459
0.5980,  0.230240
0.5985,  0.225295
0.5990,  0.233119
0.5995,  0.241881
0.6000,  0.239432
0.6005,  0.235092
0.6010,  0.236571
0.6015,  0.236801
0.6020,  0.224819
0.6025,  0.212273
0.6030,  0.226153
0.6035,  0.239931
0.6040,  0.238291
0.6045,  0.238811
0.6050,  0.240287
0.6055,  0.236674
0.6060,  0.231684
0.6065,  0.228009
0.6070,  0.227579
0.6075,  0.228086
0.6080,  0.226439
0.6085,  0.226884
0.6090,  0.232448
0.6095,  0.237821
0.6100,  0.231353
0.6105,  0.221875
0.6110,  0.232114
0.6115,  0.243616
0.6120,  0.236271
0.6125,  0.229479
0.6130,  0.229180
0.6135,  0.229701
0.6140,  0.241727
0.6145,  0.253322
0.6150,  0.256333
0.6155,  0.258742
0.6160,  0.232573
0.6165,  0.203173
0.6170,  0.228477
0.6175,  0.252859
0.6180,  0.258963
0.6185,  0.262991
0.6190,  0.259436
0.6195,  0.253349
0.6200,  0.258906
0.6205,  0.265153
0.6210,  0.251570
0.6215,  0.238300
0.6220,  0.247035
0.6225,  0.258319
0.6230,  0.250884
0.6235,  0.245843
0.6240,  0.251968
0.6245,  0.255973
0.6250,  0.253350
0.6255,  0.248958
0.6260,  0.265283
0.6265,  0.279623
0.6270,  0.278707
0.6275,  0.280617
0.6280,  0.284816
0.6285,  0.292687
0.6290,  0.297340
0.6295,  0.299387
0.6300,  0.296293
0.6305,  0.287929
0.6310,  0.279922
0.6315,  0.276203
0.6320,  0.273478
0.6325,  0.271571
0.6330,  0.272386
0.6335,  0.273862
0.6340,  0.277258
0.6345,  0.281465
0.6350,  0.285927
0.6355,  0.287769
0.6360,  0.285408
0.6365,  0.280400
0.6370,  0.274381
0.6375,  0.269616
0.6380,  0.267166
0.6385,  0.266143
0.6390,  0.268365
0.6395,  0.268824
0.6400,  0.268884
0.6405,  0.269819
0.6410,  0.267599
0.6415,  0.270495
0.6420,  0.269661
0.6425,  0.268185
0.6430,  0.266957
0.6435,  0.265276
0.6440,  0.267855
0.6445,  0.275606
0.6450,  0.285944
0.6455,  0.292888
0.6460,  0.299348
0.6465,  0.304126
0.6470,  0.303015
0.6475,  0.301370
0.6480,  0.299788
0.6485,  0.300079
0.6490,  0.296388
0.6495,  0.300555
0.6500,  0.304593
0.6505,  0.310891
0.6510,  0.317139
0.6515,  0.316750
0.6520,  0.313360
0.6525,  0.307931
0.6530,  0.303034
0.6535,  0.293376
0.6540,  0.288456
0.6545,  0.291617
0.6550,  0.305550
0.6555,  0.313473
0.6560,  0.310822
0.6565,  0.289273
0.6570,  0.251488
0.6575,  0.257883
0.6580,  0.266848
0.6585,  0.279683
0.6590,  0.294610
0.6595,  0.288423
0.6600,  0.281902
0.6605,  0.276387
0.6610,  0.273938
0.6615,  0.269826
0.6620,  0.267206
0.6625,  0.265659
0.6630,  0.265936
0.6635,  0.271370
0.6640,  0.277922
0.6645,  0.282394
0.6650,  0.285182
0.6655,  0.283640
0.6660,  0.280811
0.6665,  0.278819
0.6670,  0.276047
0.6675,  0.276908
0.6680,  0.275219
0.6685,  0.278200
0.6690,  0.282116
0.6695,  0.281626
0.6700,  0.283022
0.6705,  0.286329
0.6710,  0.290380
0.6715,  0.294918
0.6720,  0.293835
0.6725,  0.291181
0.6730,  0.286539
0.6735,  0.283416
0.6740,  0.279428
0.6745,  0.281154
0.6750,  0.282193
0.6755,  0.283330
0.6760,  0.283859
0.6765,  0.287975
0.6770,  0.293434
0.6775,  0.296587
0.6780,  0.295713
0.6785,  0.296339
0.6790,  0.296077
0.6795,  0.295156
0.6800,  0.295436
0.6805,  0.293757
0.6810,  0.291384
0.6815,  0.290232
0.6820,  0.293412
0.6825,  0.297453
0.6830,  0.305772
0.6835,  0.313452
0.6840,  0.319395
0.6845,  0.323382
0.6850,  0.328129
0.6855,  0.347708
0.6860,  0.380813
0.6865,  0.424081
0.6870,  0.460326
0.6875,  0.473160
0.6880,  0.473526
0.6885,  0.470938
0.6890,  0.469105
0.6895,  0.462284
0.6900,  0.454140
0.6905,  0.441772
0.6910,  0.431757
0.6915,  0.427997
0.6920,  0.422451
0.6925,  0.417435
0.6930,  0.420063
0.6935,  0.421736
0.6940,  0.425838
0.6945,  0.426522
0.6950,  0.425429
0.6955,  0.413487
0.6960,  0.402264
0.6965,  0.397603
0.6970,  0.395301
0.6975,  0.399173
0.6980,  0.402132
0.6985,  0.406792
0.6990,  0.412108
0.6995,  0.414961
0.7000,  0.414843
0.7005,  0.414420
0.7010,  0.413641
0.7015,  0.419630
0.7020,  0.423818
0.7025,  0.426703
0.7030,  0.425227
0.7035,  0.428326
0.7040,  0.426767
0.7045,  0.427604
0.7050,  0.428675
0.7055,  0.424226
0.7060,  0.419841
0.7065,  0.411789
0.7070,  0.408366
0.7075,  0.404856
0.7080,  0.401254
0.7085,  0.398224
0.7090,  0.396740
0.7095,  0.400092
0.7100,  0.406126
0.7105,  0.407916
0.7110,  0.407160
0.7115,  0.406510
0.7120,  0.410104
0.7125,  0.416071
0.7130,  0.422559
0.7135,  0.425493
0.7140,  0.430814
0.7145,  0.439835
0.7150,  0.448362
0.7155,  0.465382
0.7160,  0.498222
0.7165,  0.545147
0.7170,  0.599728
0.7175,  0.653930
0.7180,  0.709076
0.7185,  0.752244
0.7190,  0.780232
0.7195,  0.791197
0.7200,  0.776006
0.7205,  0.737183
0.7210,  0.689460
0.7215,  0.645517
0.7220,  0.628476
0.7225,  0.635837
0.7230,  0.660074
0.7235,  0.688453
0.7240,  0.712541
0.7245,  0.724541
0.7250,  0.728537
0.7255,  0.731935
0.7260,  0.732200
0.7265,  0.726401
0.7270,  0.726198
0.7275,  0.721943
0.7280,  0.718975
0.7285,  0.717091
0.7290,  0.709649
0.7295,  0.701073
0.7300,  0.691029
0.7305,  0.689474
0.7310,  0.674654
0.7315,  0.651304
0.7320,  0.626069
0.7325,  0.596206
0.7330,  0.566532
0.7335,  0.540423
0.7340,  0.523636
0.7345,  0.514579
0.7350,  0.521456
0.7355,  0.524530
0.7360,  0.521514
0.7365,  0.519309
0.7370,  0.519026
0.7375,  0.517432
0.7380,  0.516122
0.7385,  0.514157
0.7390,  0.504068
0.7395,  0.498683
0.7400,  0.494173
0.7405,  0.491904
0.7410,  0.493434
0.7415,  0.495234
0.7420,  0.498825
0.7425,  0.499615
0.7430,  0.500850
0.7435,  0.497327
0.7440,  0.493027
0.7445,  0.493616
0.7450,  0.495353
0.7455,  0.496027
0.7460,  0.490578
0.7465,  0.489668
0.7470,  0.490137
0.7475,  0.488344
0.7480,  0.491117
0.7485,  0.498378
0.7490,  0.493464
0.7495,  0.492549
0.7500,  0.492772
0.7505,  0.495893
0.7510,  0.494879
0.7515,  0.490302
0.7520,  0.495876
0.7525,  0.502175
0.7530,  0.499432
0.7535,  0.493982
0.7540,  0.494096
0.7545,  0.497564
0.7550,  0.501659
0.7555,  0.501528
0.7560,  0.504180
0.7565,  0.504344
0.7570,  0.498749
0.7575,  0.504803
0.7580,  0.537562
0.7585,  0.618826
0.7590,  0.771434
0.7595,  1.025094
0.7600,  1.354020
0.7605,  1.660974
0.7610,  1.824885
0.7615,  1.824526
0.7620,  1.743671
0.7625,  1.680323
0.7630,  1.628603
0.7635,  1.561300
0.7640,  1.459011
0.7645,  1.332622
0.7650,  1.207609
0.7655,  1.092465
0.7660,  0.993199
0.7665,  0.899488
0.7670,  0.809341
0.7675,  0.740572
0.7680,  0.697936
0.7685,  0.667769
0.7690,  0.647952
0.7695,  0.633083
0.7700,  0.619442
0.7705,  0.613805
0.7710,  0.610875
0.7715,  0.616921
0.7720,  0.626937
0.7725,  0.621310
0.7730,  0.612978
0.7735,  0.601423
0.7740,  0.589940
0.7745,  0.586890
0.7750,  0.590489
0.7755,  0.598579
0.7760,  0.596398
0.7765,  0.594659
0.7770,  0.602816
0.7775,  0.599870
0.7780,  0.592303
0.7785,  0.586086
0.7790,  0.583149
0.7795,  0.588857
0.7800,  0.588551
0.7805,  0.586064
0.7810,  0.588942
0.7815,  0.589227
0.7820,  0.594837
0.7825,  0.606984
0.7830,  0.620190
0.7835,  0.624987
0.7840,  0.624956
0.7845,  0.622290
0.7850,  0.624043
0.7855,  0.615132
0.7860,  0.613626
0.7865,  0.623977
0.7870,  0.634691
0.7875,  0.655774
0.7880,  0.678066
0.7885,  0.697030
0.7890,  0.715144
0.7895,  0.725436
0.7900,  0.726730
0.7905,  0.733272
0.7910,  0.733758
0.7915,  0.735610
0.7920,  0.742582
0.7925,  0.738532
0.7930,  0.751264
0.7935,  0.755261
0.7940,  0.752034
0.7945,  0.749881
0.7950,  0.745903
0.7955,  0.754661
0.7960,  0.765941
0.7965,  0.771371
0.7970,  0.769072
0.7975,  0.761057
0.7980,  0.755914
0.7985,  0.757672
0.7990,  0.768234
0.7995,  0.780807
0.8000,  0.803074
0.8005,  0.818727
0.8010,  0.819540
0.8015,  0.819693
0.8020,  0.814333
0.8025,  0.805460
0.8030,  0.804112
0.8035,  0.798335
0.8040,  0.800881
0.8045,  0.805399
0.8050,  0.800889
0.8055,  0.785252
0.8060,  0.778022
0.8065,  0.781953
0.8070,  0.784272
0.8075,  0.784406
0.8080,  0.785544
0.8085,  0.785521
0.8090,  0.806490
0.8095,  0.837702
0.8100,  0.858319
0.8105,  0.875749
0.8110,  0.902956
0.8115,  0.927801
0.8120,  0.952564
0.8125,  1.007078
0.8130,  1.065962
0.8135,  1.135018
0.8140,  1.196576
0.8145,  1.275592
0.8150,  1.374926
0.8155,  1.456725
0.8160,  1.524873
0.8165,  1.590099
0.8170,  1.623702
0.8175,  1.602123
0.8180,  1.545862
0.8185,  1.488944
0.8190,  1.418037
0.8195,  1.363865
0.8200,  1.303469
0.8205,  1.257863
0.8210,  1.262931
0.8215,  1.332456
0.8220,  1.449733
0.8225,  1.566219
0.8230,  1.614894
0.8235,  1.528307
0.8240,  1.418001
0.8245,  1.325834
0.8250,  1.261965
0.8255,  1.228641
0.8260,  1.219333
0.8265,  1.238717
0.8270,  1.267748
0.8275,  1.323981
0.8280,  1.353650
0.8285,  1.369695
0.8290,  1.402560
0.8295,  1.416233
0.8300,  1.397624
0.8305,  1.371402
0.8310,  1.347456
0.8315,  1.348599
0.8320,  1.355362
0.8325,  1.352930
0.8330,  1.338177
0.8335,  1.296975
0.8340,  1.244272
0.8345,  1.207011
0.8350,  1.194461
0.8355,  1.163975
0.8360,  1.144530
0.8365,  1.149150
0.8370,  1.166526
0.8375,  1.175521
0.8380,  1.162897
0.8385,  1.160031
0.8390,  1.164948
0.8395,  1.159278
0.8400,  1.153106
0.8405,  1.132229
0.8410,  1.110251
0.8415,  1.103288
0.8420,  1.109037
0.8425,  1.130409
0.8430,  1.156442
0.8435,  1.172255
0.8440,  1.169746
0.8445,  1.167205
0.8450,  1.143254
0.8455,  1.142270
0.8460,  1.145316
0.8465,  1.165371
0.8470,  1.176238
0.8475,  1.185042
0.8480,  1.236620
0.8485,  1.282985
0.8490,  1.313987
0.8495,  1.355607
0.8500,  1.359920
0.8505,  1.350799
0.8510,  1.314378
0.8515,  1.291535
0.8520,  1.271570
0.8525,  1.309343
0.8530,  1.411422
0.8535,  1.563618
0.8540,  1.648400
0.8545,  1.701122
0.8550,  1.655511
0.8555,  1.558735
0.8560,  1.501233
0.8565,  1.448652
0.8570,  1.395917
0.8575,  1.378499
0.8580,  1.414071
0.8585,  1.458863
0.8590,  1.532789
0.8595,  1.554889
0.8600,  1.556822
0.8605,  1.500552
0.8610,  1.455133
0.8615,  1.437651
0.8620,  1.427795
0.8625,  1.456454
0.8630,  1.478374
0.8635,  1.509802
0.8640,  1.550450
0.8645,  1.632205
0.8650,  1.758210
0.8655,  1.897159
0.8660,  2.036531
0.8665,  1.976858
0.8670,  1.818043
0.8675,  1.703127
0.8680,  1.638204
0.8685,  1.645777
0.8690,  1.699145
0.8695,  1.841023
0.8700,  1.891085
0.8705,  1.866957
0.8710,  1.881617
0.8715,  1.890001
0.8720,  1.944563
0.8725,  1.967886
0.8730,  1.946093
0.8735,  1.989078
0.8740,  2.100459
0.8745,  2.239467
0.8750,  2.293248
0.8755,  2.316591
0.8760,  2.374744
0.8765,  2.418054
0.8770,  2.446825
0.8775,  2.369613
0.8780,  2.390181
0.8785,  2.458958
0.8790,  2.476755
0.8795,  2.584293
0.8800,  2.962353
0.8805,  3.420424
0.8810,  3.944882
0.8815,  3.487014
0.8820,  3.032571
0.8825,  2.889342
0.8830,  2.816971
0.8835,  2.731862
0.8840,  2.655825
0.8845,  2.897210
0.8850,  3.315107
0.8855,  3.659655
0.8860,  4.398085
0.8865,  4.656347
0.8870,  4.899826
0.8875,  4.585768
0.8880,  4.164347
0.8885,  3.904895
0.8890,  3.835959
0.8895,  4.094649
0.8900,  4.353847
