0.3500,  1.631723
0.3505,  1.708164
0.3510,  1.623796
0.3515,  1.554008
0.3520,  1.488345
0.3525,  1.388936
0.3530,  1.386614
0.3535,  1.387567
0.3540,  1.381931
0.3545,  1.383472
0.3550,  1.366633
0.3555,  1.384236
0.3560,  1.368257
0.3565,  1.393281
0.3570,  1.421848
0.3575,  1.434182
0.3580,  1.401265
0.3585,  1.307808
0.3590,  1.429313
0.3595,  1.555887
0.3600,  1.512694
0.3605,  1.513328
0.3610,  1.459498
0.3615,  1.384343
0.3620,  1.395619
0.3625,  1.430074
0.3630,  1.392335
0.3635,  1.345761
0.3640,  1.310490
0.3645,  1.254001
0.3650,  1.245169
0.3655,  1.231969
0.3660,  1.211191
0.3665,  1.207481
0.3670,  1.151985
0.3675,  1.107348
0.3680,  1.060484
0.3685,  1.009414
0.3690,  1.046890
0.3695,  1.086768
0.3700,  1.052904
0.3705,  1.029667
0.3710,  1.067912
0.3715,  1.108466
0.3720,  1.091860
0.3725,  1.076752
0.3730,  1.053902
0.3735,  1.031811
0.3740,  1.052718
0.3745,  1.067472
0.3750,  1.159587
0.3755,  1.219277
0.3760,  1.191251
0.3765,  1.142067
0.3770,  1.161511
0.3775,  1.185926
0.3780,  1.165448
0.3785,  1.157425
0.3790,  1.049996
0.3795,  0.938325
0.3800,  0.982251
0.3805,  1.024068
0.3810,  0.991802
0.3815,  0.989378
0.3820,  0.936511
0.3825,  0.873060
0.3830,  0.892321
0.3835,  0.879448
0.3840,  1.074107
0.3845,  1.225379
0.3850,  1.226474
0.3855,  1.221319
0.3860,  1.193413
0.3865,  1.178149
0.3870,  1.154270
0.3875,  1.113929
0.3880,  1.083318
0.3885,  1.045539
0.3890,  1.078871
0.3895,  1.089731
0.3900,  1.045317
0.3905,  1.010757
0.3910,  1.005486
0.3915,  1.036310
0.3920,  0.946035
0.3925,  0.860774
0.3930,  0.717950
0.3935,  0.496128
0.3940,  0.829428
0.3945,  1.060669
0.3950,  1.161194
0.3955,  1.242132
0.3960,  1.060665
0.3965,  0.841788
0.3970,  0.851659
0.3975,  0.828395
0.3980,  0.993175
0.3985,  1.089738
0.3990,  1.040445
0.3995,  1.008655
0.4000,  0.950663
0.4005,  0.900795
0.4010,  0.869165
0.4015,  0.841960
0.4020,  0.810128
0.4025,  0.789942
0.4030,  0.756167
0.4035,  0.728933
0.4040,  0.720227
0.4045,  0.713785
0.4050,  0.711149
0.4055,  0.712566
0.4060,  0.697214
0.4065,  0.677952
0.4070,  0.690373
0.4075,  0.700890
0.4080,  0.728565
0.4085,  0.755988
0.4090,  0.753853
0.4095,  0.750036
0.4100,  0.696378
0.4105,  0.628863
0.4110,  0.688910
0.4115,  0.743424
0.4120,  0.722066
0.4125,  0.703547
0.4130,  0.689796
0.4135,  0.682191
0.4140,  0.680182
0.4145,  0.676158
0.4150,  0.676521
0.4155,  0.672130
0.4160,  0.695287
0.4165,  0.721124
0.4170,  0.678271
0.4175,  0.624164
0.4180,  0.629048
0.4185,  0.634849
0.4190,  0.642141
0.4195,  0.644679
0.4200,  0.663348
0.4205,  0.677756
0.4210,  0.685767
0.4215,  0.701351
0.4220,  0.653869
0.4225,  0.598679
0.4230,  0.641487
0.4235,  0.676688
0.4240,  0.686926
0.4245,  0.698176
0.4250,  0.679934
0.4255,  0.656834
0.4260,  0.658686
0.4265,  0.664582
0.4270,  0.636585
0.4275,  0.600429
0.4280,  0.610235
0.4285,  0.629394
0.4290,  0.614377
0.4295,  0.610637
0.4300,  0.531484
0.4305,  0.425555
0.4310,  0.635234
0.4315,  0.783237
0.4320,  0.746339
0.4325,  0.699864
0.4330,  0.696679
0.4335,  0.696006
0.4340,  0.663413
0.4345,  0.639173
0.4350,  0.638356
0.4355,  0.637850
0.4360,  0.672672
0.4365,  0.708725
0.4370,  0.672375
0.4375,  0.639712
0.4380,  0.582689
0.4385,  0.519773
0.4390,  0.589450
0.4395,  0.650416
0.4400,  0.617780
0.4405,  0.581864
0.4410,  0.625587
0.4415,  0.662271
0.4420,  0.659205
0.4425,  0.656032
0.4430,  0.624787
0.4435,  0.598207
0.4440,  0.608194
0.4445,  0.619909
0.4450,  0.581970
0.4455,  0.540696
0.4460,  0.553746
0.4465,  0.565296
0.4470,  0.602060
0.4475,  0.636287
0.4480,  0.605260
0.4485,  0.573834
0.4490,  0.578152
0.4495,  0.579596
0.4500,  0.589737
0.4505,  0.608780
0.4510,  0.602255
0.4515,  0.592075
0.4520,  0.558869
0.4525,  0.525432
0.4530,  0.531538
0.4535,  0.539802
0.4540,  0.545116
0.4545,  0.548106
0.4550,  0.556870
0.4555,  0.566568
0.4560,  0.573007
0.4565,  0.576436
0.4570,  0.577857
0.4575,  0.585369
0.4580,  0.560873
0.4585,  0.531486
0.4590,  0.535878
0.4595,  0.541335
0.4600,  0.545651
0.4605,  0.547258
0.4610,  0.547888
0.4615,  0.549297
0.4620,  0.557712
0.4625,  0.567537
0.4630,  0.553422
0.4635,  0.543732
0.4640,  0.532578
0.4645,  0.523175
0.4650,  0.544123
0.4655,  0.563338
0.4660,  0.537001
0.4665,  0.510658
0.4670,  0.531007
0.4675,  0.552133
0.4680,  0.546059
0.4685,  0.543981
0.4690,  0.544066
0.4695,  0.548249
0.4700,  0.525795
0.4705,  0.501795
0.4710,  0.533870
0.4715,  0.562651
0.4720,  0.560609
0.4725,  0.558110
0.4730,  0.544124
0.4735,  0.530082
0.4740,  0.536604
0.4745,  0.545241
0.4750,  0.533947
0.4755,  0.520696
0.4760,  0.503570
0.4765,  0.489866
0.4770,  0.517172
0.4775,  0.542801
0.4780,  0.523295
0.4785,  0.504280
0.4790,  0.516553
0.4795,  0.527216
0.4800,  0.511287
0.4805,  0.498753
0.4810,  0.506920
0.4815,  0.515159
0.4820,  0.499234
0.4825,  0.487673
0.4830,  0.489595
0.4835,  0.491340
0.4840,  0.486908
0.4845,  0.488468
0.4850,  0.473693
0.4855,  0.460048
0.4860,  0.427139
0.4865,  0.380534
0.4870,  0.435042
0.4875,  0.482108
0.4880,  0.494872
0.4885,  0.504113
0.4890,  0.504154
0.4895,  0.503479
0.4900,  0.502775
0.4905,  0.508124
0.4910,  0.480505
0.4915,  0.453330
0.4920,  0.455511
0.4925,  0.454302
0.4930,  0.448161
0.4935,  0.438819
0.4940,  0.467943
0.4945,  0.498162
0.4950,  0.461660
0.4955,  0.425095
0.4960,  0.440449
0.4965,  0.458396
0.4970,  0.459685
0.4975,  0.465328
0.4980,  0.432920
0.4985,  0.398582
0.4990,  0.427596
0.4995,  0.455548
0.5000,  0.432818
0.5005,  0.409888
0.5010,  0.404992
0.5015,  0.397372
0.5020,  0.417687
0.5025,  0.435925
0.5030,  0.443711
0.5035,  0.451042
0.5040,  0.434305
0.5045,  0.415378
0.5050,  0.439136
0.5055,  0.461329
0.5060,  0.447576
0.5065,  0.434978
0.5070,  0.421503
0.5075,  0.409184
0.5080,  0.411314
0.5085,  0.413346
0.5090,  0.411935
0.5095,  0.408484
0.5100,  0.412301
0.5105,  0.417078
0.5110,  0.427257
0.5115,  0.437644
0.5120,  0.408267
0.5125,  0.382518
0.5130,  0.388891
0.5135,  0.391033
0.5140,  0.400066
0.5145,  0.405698
0.5150,  0.413656
0.5155,  0.426088
0.5160,  0.383733
0.5165,  0.338727
0.5170,  0.368124
0.5175,  0.394475
0.5180,  0.380542
0.5185,  0.359875
0.5190,  0.399534
0.5195,  0.433371
0.5200,  0.423339
0.5205,  0.413169
0.5210,  0.421547
0.5215,  0.431680
0.5220,  0.405161
0.5225,  0.380023
0.5230,  0.395723
0.5235,  0.406589
0.5240,  0.414396
0.5245,  0.424883
0.5250,  0.419494
0.5255,  0.419735
0.5260,  0.367382
0.5265,  0.310170
0.5270,  0.355247
0.5275,  0.390674
0.5280,  0.398722
0.5285,  0.404454
0.5290,  0.399677
0.5295,  0.396525
0.5300,  0.398954
0.5305,  0.401393
0.5310,  0.403095
0.5315,  0.408251
0.5320,  0.366821
0.5325,  0.324167
0.5330,  0.368674
0.5335,  0.406820
0.5340,  0.388270
0.5345,  0.368951
0.5350,  0.396122
0.5355,  0.421910
0.5360,  0.392062
0.5365,  0.364128
0.5370,  0.366533
0.5375,  0.369016
0.5380,  0.376663
0.5385,  0.387666
0.5390,  0.375615
0.5395,  0.366942
0.5400,  0.360106
0.5405,  0.349624
0.5410,  0.379859
0.5415,  0.405654
0.5420,  0.387755
0.5425,  0.369153
0.5430,  0.378419
0.5435,  0.388369
0.5440,  0.385493
0.5445,  0.382459
0.5450,  0.387465
0.5455,  0.392271
0.5460,  0.387186
0.5465,  0.385296
0.5470,  0.376067
0.5475,  0.364229
0.5480,  0.371254
0.5485,  0.377455
0.5490,  0.383576
0.5495,  0.389552
0.5500,  0.380606
0.5505,  0.372741
0.5510,  0.376291
0.5515,  0.378907
0.5520,  0.374324
0.5525,  0.369194
0.5530,  0.377353
0.5535,  0.384079
0.5540,  0.386174
0.5545,  0.389181
0.5550,  0.389868
0.5555,  0.392155
0.5560,  0.378461
0.5565,  0.363981
0.5570,  0.372763
0.5575,  0.383391
0.5580,  0.371977
0.5585,  0.361712
0.5590,  0.368422
0.5595,  0.375188
0.5600,  0.382915
0.5605,  0.389926
0.5610,  0.385011
0.5615,  0.376205
0.5620,  0.379044
0.5625,  0.383727
0.5630,  0.386739
0.5635,  0.389231
0.5640,  0.388933
0.5645,  0.391027
0.5650,  0.380650
0.5655,  0.369983
0.5660,  0.377505
0.5665,  0.386167
0.5670,  0.399509
0.5675,  0.412631
0.5680,  0.394340
0.5685,  0.375826
0.5690,  0.389745
0.5695,  0.405739
0.5700,  0.387652
0.5705,  0.366806
0.5710,  0.379144
0.5715,  0.384803
0.5720,  0.392997
0.5725,  0.402402
0.5730,  0.393772
0.5735,  0.389843
0.5740,  0.390376
0.5745,  0.389814
0.5750,  0.381197
0.5755,  0.371645
0.5760,  0.375141
0.5765,  0.377443
0.5770,  0.382033
0.5775,  0.386785
0.5780,  0.367813
0.5785,  0.350487
0.5790,  0.362105
0.5795,  0.372906
0.5800,  0.374833
0.5805,  0.376394
0.5810,  0.378597
0.5815,  0.379198
0.5820,  0.382186
0.5825,  0.385236
0.5830,  0.380183
0.5835,  0.375531
0.5840,  0.375529
0.5845,  0.378515
0.5850,  0.364726
0.5855,  0.351147
0.5860,  0.366277
0.5865,  0.379740
0.5870,  0.387767
0.5875,  0.402617
0.5880,  0.396503
0.5885,  0.389901
0.5890,  0.367193
0.5895,  0.336843
0.5900,  0.392541
0.5905,  0.439961
0.5910,  0.428116
0.5915,  0.414015
0.5920,  0.410584
0.5925,  0.409672
0.5930,  0.403804
0.5935,  0.403288
0.5940,  0.400937
0.5945,  0.396789
0.5950,  0.400219
0.5955,  0.400106
0.5960,  0.401094
0.5965,  0.402073
0.5970,  0.391713
0.5975,  0.384448
0.5980,  0.379824
0.5985,  0.376643
0.5990,  0.388009
0.5995,  0.398961
0.6000,  0.394018
0.6005,  0.390602
0.6010,  0.394884
0.6015,  0.394352
0.6020,  0.380177
0.6025,  0.365964
0.6030,  0.377103
0.6035,  0.391419
0.6040,  0.389351
0.6045,  0.390584
0.6050,  0.391749
0.6055,  0.391425
0.6060,  0.389905
0.6065,  0.387068
0.6070,  0.385891
0.6075,  0.386729
0.6080,  0.386035
0.6085,  0.384804
0.6090,  0.390412
0.6095,  0.394267
0.6100,  0.383984
0.6105,  0.373465
0.6110,  0.384377
0.6115,  0.394881
0.6120,  0.384948
0.6125,  0.377115
0.6130,  0.378498
0.6135,  0.378449
0.6140,  0.387996
0.6145,  0.396567
0.6150,  0.398400
0.6155,  0.402194
0.6160,  0.375363
0.6165,  0.344710
0.6170,  0.370116
0.6175,  0.396384
0.6180,  0.400653
0.6185,  0.405898
0.6190,  0.406525
0.6195,  0.404259
0.6200,  0.411412
0.6205,  0.417799
0.6210,  0.404884
0.6215,  0.393719
0.6220,  0.401623
0.6225,  0.409635
0.6230,  0.399819
0.6235,  0.391967
0.6240,  0.396528
0.6245,  0.400030
0.6250,  0.397933
0.6255,  0.392435
0.6260,  0.406426
0.6265,  0.420117
0.6270,  0.420048
0.6275,  0.424033
0.6280,  0.429504
0.6285,  0.437315
0.6290,  0.440615
0.6295,  0.442443
0.6300,  0.437301
0.6305,  0.427871
0.6310,  0.416854
0.6315,  0.413392
0.6320,  0.410700
0.6325,  0.410998
0.6330,  0.410526
0.6335,  0.411632
0.6340,  0.414645
0.6345,  0.416635
0.6350,  0.417064
0.6355,  0.415533
0.6360,  0.414478
0.6365,  0.411181
0.6370,  0.406454
0.6375,  0.403909
0.6380,  0.403403
0.6385,  0.406015
0.6390,  0.410091
0.6395,  0.411796
0.6400,  0.414664
0.6405,  0.413613
0.6410,  0.408971
0.6415,  0.409247
0.6420,  0.405955
0.6425,  0.401070
0.6430,  0.397836
0.6435,  0.398541
0.6440,  0.404991
0.6445,  0.415455
0.6450,  0.425813
0.6455,  0.430451
0.6460,  0.434025
0.6465,  0.436184
0.6470,  0.434423
0.6475,  0.430654
0.6480,  0.428823
0.6485,  0.425586
0.6490,  0.422444
0.6495,  0.430124
0.6500,  0.435121
0.6505,  0.439403
0.6510,  0.445723
0.6515,  0.443548
0.6520,  0.443362
0.6525,  0.437546
0.6530,  0.435096
0.6535,  0.422332
0.6540,  0.416654
0.6545,  0.418658
0.6550,  0.432231
0.6555,  0.439800
0.6560,  0.436104
0.6565,  0.418665
0.6570,  0.381521
0.6575,  0.389604
0.6580,  0.398923
0.6585,  0.410950
0.6590,  0.427362
0.6595,  0.421478
0.6600,  0.415225
0.6605,  0.407797
0.6610,  0.402211
0.6615,  0.394496
0.6620,  0.390690
0.6625,  0.390638
0.6630,  0.391842
0.6635,  0.398270
0.6640,  0.401180
0.6645,  0.403374
0.6650,  0.403401
0.6655,  0.398688
0.6660,  0.395024
0.6665,  0.394359
0.6670,  0.391710
0.6675,  0.395758
0.6680,  0.394643
0.6685,  0.397151
0.6690,  0.401845
0.6695,  0.401284
0.6700,  0.399499
0.6705,  0.398160
0.6710,  0.398900
0.6715,  0.405146
0.6720,  0.408393
0.6725,  0.407096
0.6730,  0.403402
0.6735,  0.400368
0.6740,  0.400019
0.6745,  0.397523
0.6750,  0.400257
0.6755,  0.406982
0.6760,  0.413800
0.6765,  0.419813
0.6770,  0.421509
0.6775,  0.422590
0.6780,  0.420194
0.6785,  0.419083
0.6790,  0.413474
0.6795,  0.407895
0.6800,  0.406223
0.6805,  0.408036
0.6810,  0.405528
0.6815,  0.405046
0.6820,  0.411276
0.6825,  0.418099
0.6830,  0.425912
0.6835,  0.432158
0.6840,  0.432485
0.6845,  0.432652
0.6850,  0.438172
0.6855,  0.456478
0.6860,  0.494504
0.6865,  0.540781
0.6870,  0.579855
0.6875,  0.597279
0.6880,  0.597997
0.6885,  0.591977
0.6890,  0.591569
0.6895,  0.584672
0.6900,  0.574501
0.6905,  0.563964
0.6910,  0.547238
0.6915,  0.537124
0.6920,  0.529855
0.6925,  0.527038
0.6930,  0.528377
0.6935,  0.525980
0.6940,  0.530860
0.6945,  0.532556
0.6950,  0.532290
0.6955,  0.526194
0.6960,  0.517331
0.6965,  0.507146
0.6970,  0.501320
0.6975,  0.502442
0.6980,  0.508110
0.6985,  0.516287
0.6990,  0.521489
0.6995,  0.518098
0.7000,  0.512203
0.7005,  0.512555
0.7010,  0.516373
0.7015,  0.523202
0.7020,  0.528174
0.7025,  0.529773
0.7030,  0.529458
0.7035,  0.529204
0.7040,  0.532099
0.7045,  0.530704
0.7050,  0.529351
0.7055,  0.525727
0.7060,  0.519652
0.7065,  0.513990
0.7070,  0.507920
0.7075,  0.498450
0.7080,  0.493233
0.7085,  0.495073
0.7090,  0.498839
0.7095,  0.506423
0.7100,  0.503583
0.7105,  0.496982
0.7110,  0.499175
0.7115,  0.503773
0.7120,  0.503742
0.7125,  0.506461
0.7130,  0.509312
0.7135,  0.509984
0.7140,  0.523037
0.7145,  0.535143
0.7150,  0.546101
0.7155,  0.564720
0.7160,  0.600319
0.7165,  0.642978
0.7170,  0.689369
0.7175,  0.735484
0.7180,  0.776880
0.7185,  0.814208
0.7190,  0.832435
0.7195,  0.840757
0.7200,  0.825836
0.7205,  0.793858
0.7210,  0.754592
0.7215,  0.716758
0.7220,  0.705928
0.7225,  0.711189
0.7230,  0.730923
0.7235,  0.749798
0.7240,  0.776433
0.7245,  0.791694
0.7250,  0.795028
0.7255,  0.792441
0.7260,  0.792817
0.7265,  0.799458
0.7270,  0.806489
0.7275,  0.794932
0.7280,  0.789532
0.7285,  0.786540
0.7290,  0.778143
0.7295,  0.769226
0.7300,  0.766281
0.7305,  0.763417
0.7310,  0.755114
0.7315,  0.739925
0.7320,  0.721350
0.7325,  0.703222
0.7330,  0.672908
0.7335,  0.648942
0.7340,  0.629669
0.7345,  0.617769
0.7350,  0.609134
0.7355,  0.610403
0.7360,  0.607486
0.7365,  0.605499
0.7370,  0.602580
0.7375,  0.595468
0.7380,  0.591029
0.7385,  0.595519
0.7390,  0.594785
0.7395,  0.590931
0.7400,  0.584691
0.7405,  0.579222
0.7410,  0.572962
0.7415,  0.575881
0.7420,  0.573395
0.7425,  0.571015
0.7430,  0.569303
0.7435,  0.565873
0.7440,  0.564973
0.7445,  0.564536
0.7450,  0.570626
0.7455,  0.567098
0.7460,  0.558758
0.7465,  0.561264
0.7470,  0.565401
0.7475,  0.564291
0.7480,  0.566464
0.7485,  0.569009
0.7490,  0.571558
0.7495,  0.567374
0.7500,  0.567951
0.7505,  0.570845
0.7510,  0.570564
0.7515,  0.574987
0.7520,  0.575282
0.7525,  0.575678
0.7530,  0.573054
0.7535,  0.578132
0.7540,  0.571129
0.7545,  0.571571
0.7550,  0.573764
0.7555,  0.578738
0.7560,  0.589892
0.7565,  0.599584
0.7570,  0.600295
0.7575,  0.610107
0.7580,  0.638442
0.7585,  0.705324
0.7590,  0.850873
0.7595,  1.082731
0.7600,  1.393188
0.7605,  1.688445
0.7610,  1.806427
0.7615,  1.743974
0.7620,  1.670655
0.7625,  1.657012
0.7630,  1.650532
0.7635,  1.612931
0.7640,  1.535452
0.7645,  1.402051
0.7650,  1.277506
0.7655,  1.156093
0.7660,  1.039327
0.7665,  0.933235
0.7670,  0.849582
0.7675,  0.796566
0.7680,  0.753073
0.7685,  0.726301
0.7690,  0.705092
0.7695,  0.690737
0.7700,  0.673111
0.7705,  0.662474
0.7710,  0.656291
0.7715,  0.647713
0.7720,  0.647128
0.7725,  0.650996
0.7730,  0.649902
0.7735,  0.654856
0.7740,  0.656940
0.7745,  0.654039
0.7750,  0.654216
0.7755,  0.652119
0.7760,  0.655687
0.7765,  0.651409
0.7770,  0.643071
0.7775,  0.642154
0.7780,  0.645122
0.7785,  0.654243
0.7790,  0.663558
0.7795,  0.673879
0.7800,  0.683353
0.7805,  0.684633
0.7810,  0.677810
0.7815,  0.683067
0.7820,  0.681784
0.7825,  0.680427
0.7830,  0.679861
0.7835,  0.678378
0.7840,  0.677400
0.7845,  0.671902
0.7850,  0.678647
0.7855,  0.683700
0.7860,  0.693869
0.7865,  0.696839
0.7870,  0.701571
0.7875,  0.711112
0.7880,  0.717841
0.7885,  0.728415
0.7890,  0.751698
0.7895,  0.771363
0.7900,  0.775569
0.7905,  0.786871
0.7910,  0.781998
0.7915,  0.781005
0.7920,  0.786949
0.7925,  0.787253
0.7930,  0.775540
0.7935,  0.770570
0.7940,  0.766587
0.7945,  0.762548
0.7950,  0.753917
0.7955,  0.760885
0.7960,  0.773996
0.7965,  0.789223
0.7970,  0.783930
0.7975,  0.768649
0.7980,  0.768293
0.7985,  0.762925
0.7990,  0.764429
0.7995,  0.785280
0.8000,  0.801810
0.8005,  0.805145
0.8010,  0.813221
0.8015,  0.810974
0.8020,  0.806622
0.8025,  0.799034
0.8030,  0.791344
0.8035,  0.802306
0.8040,  0.801594
0.8045,  0.819035
0.8050,  0.817870
0.8055,  0.813253
0.8060,  0.818317
0.8065,  0.823801
0.8070,  0.821657
0.8075,  0.828633
0.8080,  0.831709
0.8085,  0.822947
0.8090,  0.818752
0.8095,  0.839646
0.8100,  0.851665
0.8105,  0.889576
0.8110,  0.917779
0.8115,  0.943324
0.8120,  0.964506
0.8125,  1.020336
0.8130,  1.084984
0.8135,  1.141261
0.8140,  1.179320
0.8145,  1.218390
0.8150,  1.281487
0.8155,  1.341804
0.8160,  1.424535
0.8165,  1.468328
0.8170,  1.457130
0.8175,  1.415088
0.8180,  1.371880
0.8185,  1.356374
0.8190,  1.303454
0.8195,  1.281010
0.8200,  1.236702
0.8205,  1.173975
0.8210,  1.140129
0.8215,  1.170162
0.8220,  1.270021
0.8225,  1.413797
0.8230,  1.488333
0.8235,  1.448433
0.8240,  1.363094
0.8245,  1.282332
0.8250,  1.218409
0.8255,  1.160463
0.8260,  1.134542
0.8265,  1.115994
0.8270,  1.163877
0.8275,  1.213986
0.8280,  1.265878
0.8285,  1.275039
0.8290,  1.274269
0.8295,  1.259412
0.8300,  1.246798
0.8305,  1.245222
0.8310,  1.238534
0.8315,  1.236870
0.8320,  1.256888
0.8325,  1.281189
0.8330,  1.287799
0.8335,  1.277999
0.8340,  1.240645
0.8345,  1.190898
0.8350,  1.123075
0.8355,  1.088918
0.8360,  1.081156
0.8365,  1.087897
0.8370,  1.088011
0.8375,  1.086130
0.8380,  1.072154
0.8385,  1.084318
0.8390,  1.109115
0.8395,  1.106695
0.8400,  1.107973
0.8405,  1.111877
0.8410,  1.104744
0.8415,  1.072584
0.8420,  1.068181
0.8425,  1.089014
0.8430,  1.090771
0.8435,  1.096794
0.8440,  1.096318
0.8445,  1.084057
0.8450,  1.078522
0.8455,  1.081801
0.8460,  1.113947
0.8465,  1.141964
0.8470,  1.150227
0.8475,  1.133016
0.8480,  1.139666
0.8485,  1.160295
0.8490,  1.197877
0.8495,  1.218773
0.8500,  1.206297
0.8505,  1.210425
0.8510,  1.170122
0.8515,  1.177225
0.8520,  1.195281
0.8525,  1.223513
0.8530,  1.240321
0.8535,  1.257643
0.8540,  1.272650
0.8545,  1.329400
0.8550,  1.350019
0.8555,  1.330007
0.8560,  1.330439
0.8565,  1.312763
0.8570,  1.272365
0.8575,  1.233133
0.8580,  1.204604
0.8585,  1.195827
0.8590,  1.213095
0.8595,  1.220575
0.8600,  1.237436
0.8605,  1.277146
0.8610,  1.241770
0.8615,  1.253681
0.8620,  1.270560
0.8625,  1.291020
0.8630,  1.331023
0.8635,  1.329752
0.8640,  1.326225
0.8645,  1.349485
0.8650,  1.447997
0.8655,  1.556578
0.8660,  1.629305
0.8665,  1.606353
0.8670,  1.580683
0.8675,  1.527190
0.8680,  1.492521
0.8685,  1.503411
0.8690,  1.445797
0.8695,  1.439771
0.8700,  1.461981
0.8705,  1.474984
0.8710,  1.495553
0.8715,  1.547891
0.8720,  1.634506
0.8725,  1.751715
0.8730,  1.721225
0.8735,  1.679558
0.8740,  1.668391
0.8745,  1.713181
0.8750,  1.687000
0.8755,  1.658030
0.8760,  1.646925
0.8765,  1.661098
0.8770,  1.740734
0.8775,  1.748543
0.8780,  1.774626
0.8785,  1.726517
0.8790,  1.780533
0.8795,  1.880242
0.8800,  1.940138
0.8805,  1.913918
0.8810,  1.919669
0.8815,  1.994854
0.8820,  1.985564
0.8825,  2.053872
0.8830,  2.098825
0.8835,  1.987358
0.8840,  1.983102
0.8845,  1.985980
0.8850,  1.970216
0.8855,  2.020688
0.8860,  2.047440
0.8865,  2.168710
0.8870,  2.208718
0.8875,  2.356688
0.8880,  2.491439
0.8885,  2.440771
0.8890,  2.270197
0.8895,  2.357387
0.8900,  2.367789
