0.3500,  0.134422
0.3505,  0.196866
0.3510,  0.164513
0.3515,  0.124092
0.3520,  0.085320
0.3525,  0.044648
0.3530,  0.097008
0.3535,  0.142860
0.3540,  0.164809
0.3545,  0.190636
0.3550,  0.164104
0.3555,  0.150973
0.3560,  0.112593
0.3565,  0.070158
0.3570,  0.034315
0.3575,  -0.008313
0.3580,  -0.057206
0.3585,  -0.114210
0.3590,  0.053452
0.3595,  0.190799
0.3600,  0.175901
0.3605,  0.165008
0.3610,  0.115612
0.3615,  0.058834
0.3620,  0.102329
0.3625,  0.137196
0.3630,  0.120662
0.3635,  0.106739
0.3640,  0.100224
0.3645,  0.090072
0.3650,  0.132126
0.3655,  0.170698
0.3660,  0.186181
0.3665,  0.201385
0.3670,  0.172371
0.3675,  0.149973
0.3680,  0.115631
0.3685,  0.079161
0.3690,  0.122686
0.3695,  0.167377
0.3700,  0.137993
0.3705,  0.106175
0.3710,  0.123716
0.3715,  0.146717
0.3720,  0.116082
0.3725,  0.085591
0.3730,  0.052822
0.3735,  0.013942
0.3740,  0.022177
0.3745,  0.026067
0.3750,  0.106357
0.3755,  0.170844
0.3760,  0.166157
0.3765,  0.153258
0.3770,  0.200056
0.3775,  0.242293
0.3780,  0.237512
0.3785,  0.239950
0.3790,  0.142810
0.3795,  0.040469
0.3800,  0.097906
0.3805,  0.156490
0.3810,  0.128878
0.3815,  0.112539
0.3820,  0.027502
0.3825,  -0.080867
0.3830,  -0.111432
0.3835,  -0.158677
0.3840,  0.004351
0.3845,  0.128745
0.3850,  0.137506
0.3855,  0.152446
0.3860,  0.143189
0.3865,  0.133552
0.3870,  0.129166
0.3875,  0.125750
0.3880,  0.112124
0.3885,  0.090243
0.3890,  0.146537
0.3895,  0.193187
0.3900,  0.194510
0.3905,  0.196866
0.3910,  0.213441
0.3915,  0.241914
0.3920,  0.144243
0.3925,  0.047422
0.3930,  -0.124621
0.3935,  -0.372491
0.3940,  -0.074376
0.3945,  0.137263
0.3950,  0.243230
0.3955,  0.339583
0.3960,  0.169994
0.3965,  -0.041528
0.3970,  -0.022466
0.3975,  -0.023881
0.3980,  0.167926
0.3985,  0.298906
0.3990,  0.282376
0.3995,  0.276251
0.4000,  0.246593
0.4005,  0.218288
0.4010,  0.206359
0.4015,  0.200504
0.4020,  0.185249
0.4025,  0.178146
0.4030,  0.153547
0.4035,  0.129778
0.4040,  0.123402
0.4045,  0.119676
0.4050,  0.116379
0.4055,  0.114858
0.4060,  0.099398
0.4065,  0.085353
0.4070,  0.100899
0.4075,  0.110673
0.4080,  0.136188
0.4085,  0.163290
0.4090,  0.158209
0.4095,  0.153692
0.4100,  0.108076
0.4105,  0.054628
0.4110,  0.123696
0.4115,  0.185012
0.4120,  0.167793
0.4125,  0.148022
0.4130,  0.130560
0.4135,  0.121963
0.4140,  0.119025
0.4145,  0.112355
0.4150,  0.112178
0.4155,  0.111164
0.4160,  0.136962
0.4165,  0.160632
0.4170,  0.120043
0.4175,  0.074708
0.4180,  0.079242
0.4185,  0.087236
0.4190,  0.095183
0.4195,  0.097785
0.4200,  0.114359
0.4205,  0.129697
0.4210,  0.139355
0.4215,  0.150893
0.4220,  0.103223
0.4225,  0.046236
0.4230,  0.083736
0.4235,  0.120801
0.4240,  0.132447
0.4245,  0.146206
0.4250,  0.127972
0.4255,  0.107952
0.4260,  0.111391
0.4265,  0.117739
0.4270,  0.087249
0.4275,  0.057316
0.4280,  0.074580
0.4285,  0.094016
0.4290,  0.082476
0.4295,  0.073391
0.4300,  -0.010370
0.4305,  -0.118366
0.4310,  0.076765
0.4315,  0.220936
0.4320,  0.186644
0.4325,  0.153535
0.4330,  0.156359
0.4335,  0.162214
0.4340,  0.134600
0.4345,  0.109924
0.4350,  0.113101
0.4355,  0.114228
0.4360,  0.153812
0.4365,  0.194802
0.4370,  0.163682
0.4375,  0.139286
0.4380,  0.087819
0.4385,  0.026457
0.4390,  0.096082
0.4395,  0.156600
0.4400,  0.123994
0.4405,  0.090724
0.4410,  0.135474
0.4415,  0.173441
0.4420,  0.172393
0.4425,  0.170821
0.4430,  0.145954
0.4435,  0.124888
0.4440,  0.137470
0.4445,  0.152448
0.4450,  0.118000
0.4455,  0.079236
0.4460,  0.092781
0.4465,  0.105754
0.4470,  0.140383
0.4475,  0.173502
0.4480,  0.143590
0.4485,  0.112910
0.4490,  0.117185
0.4495,  0.121055
0.4500,  0.136784
0.4505,  0.156084
0.4510,  0.148367
0.4515,  0.142466
0.4520,  0.113451
0.4525,  0.083088
0.4530,  0.089540
0.4535,  0.098169
0.4540,  0.105187
0.4545,  0.111493
0.4550,  0.121830
0.4555,  0.132141
0.4560,  0.136786
0.4565,  0.140269
0.4570,  0.142132
0.4575,  0.147201
0.4580,  0.120749
0.4585,  0.094507
0.4590,  0.104097
0.4595,  0.111802
0.4600,  0.117714
0.4605,  0.121622
0.4610,  0.121672
0.4615,  0.120842
0.4620,  0.129222
0.4625,  0.139381
0.4630,  0.125943
0.4635,  0.118554
0.4640,  0.112899
0.4645,  0.106309
0.4650,  0.127446
0.4655,  0.148839
0.4660,  0.124981
0.4665,  0.097682
0.4670,  0.120167
0.4675,  0.139339
0.4680,  0.134459
0.4685,  0.133537
0.4690,  0.135584
0.4695,  0.141585
0.4700,  0.123974
0.4705,  0.102432
0.4710,  0.134836
0.4715,  0.164418
0.4720,  0.160912
0.4725,  0.161066
0.4730,  0.149376
0.4735,  0.135795
0.4740,  0.144933
0.4745,  0.156095
0.4750,  0.148448
0.4755,  0.142993
0.4760,  0.130648
0.4765,  0.117908
0.4770,  0.145541
0.4775,  0.170597
0.4780,  0.152637
0.4785,  0.135494
0.4790,  0.150127
0.4795,  0.163312
0.4800,  0.151556
0.4805,  0.142626
0.4810,  0.154630
0.4815,  0.165718
0.4820,  0.152201
0.4825,  0.140985
0.4830,  0.143136
0.4835,  0.147337
0.4840,  0.145955
0.4845,  0.150289
0.4850,  0.137589
0.4855,  0.125124
0.4860,  0.092625
0.4865,  0.046442
0.4870,  0.099938
0.4875,  0.145271
0.4880,  0.155662
0.4885,  0.163678
0.4890,  0.163029
0.4895,  0.164741
0.4900,  0.169159
0.4905,  0.178572
0.4910,  0.155304
0.4915,  0.131257
0.4920,  0.131865
0.4925,  0.131945
0.4930,  0.128448
0.4935,  0.119059
0.4940,  0.151230
0.4945,  0.184522
0.4950,  0.151563
0.4955,  0.119638
0.4960,  0.139438
0.4965,  0.158771
0.4970,  0.163169
0.4975,  0.168545
0.4980,  0.136966
0.4985,  0.103135
0.4990,  0.130438
0.4995,  0.157813
0.5000,  0.136913
0.5005,  0.115201
0.5010,  0.108798
0.5015,  0.099905
0.5020,  0.120120
0.5025,  0.140100
0.5030,  0.149845
0.5035,  0.157127
0.5040,  0.141018
0.5045,  0.119374
0.5050,  0.141453
0.5055,  0.163321
0.5060,  0.150698
0.5065,  0.141601
0.5070,  0.132355
0.5075,  0.121920
0.5080,  0.124704
0.5085,  0.126081
0.5090,  0.125936
0.5095,  0.125220
0.5100,  0.130275
0.5105,  0.135416
0.5110,  0.145712
0.5115,  0.157252
0.5120,  0.130385
0.5125,  0.105501
0.5130,  0.111262
0.5135,  0.114755
0.5140,  0.123090
0.5145,  0.126905
0.5150,  0.135370
0.5155,  0.150835
0.5160,  0.111185
0.5165,  0.069793
0.5170,  0.098484
0.5175,  0.122036
0.5180,  0.105677
0.5185,  0.081619
0.5190,  0.117206
0.5195,  0.149283
0.5200,  0.138018
0.5205,  0.127606
0.5210,  0.135802
0.5215,  0.147946
0.5220,  0.126591
0.5225,  0.104227
0.5230,  0.118867
0.5235,  0.129883
0.5240,  0.138778
0.5245,  0.152058
0.5250,  0.149204
0.5255,  0.152550
0.5260,  0.103908
0.5265,  0.048796
0.5270,  0.090742
0.5275,  0.122492
0.5280,  0.128768
0.5285,  0.133854
0.5290,  0.130402
0.5295,  0.127568
0.5300,  0.129540
0.5305,  0.133347
0.5310,  0.134084
0.5315,  0.140280
0.5320,  0.103327
0.5325,  0.062259
0.5330,  0.103737
0.5335,  0.140198
0.5340,  0.121876
0.5345,  0.101756
0.5350,  0.127010
0.5355,  0.153718
0.5360,  0.127777
0.5365,  0.102290
0.5370,  0.107071
0.5375,  0.112032
0.5380,  0.120115
0.5385,  0.131477
0.5390,  0.120052
0.5395,  0.109212
0.5400,  0.097991
0.5405,  0.084315
0.5410,  0.110647
0.5415,  0.134379
0.5420,  0.117671
0.5425,  0.101279
0.5430,  0.111783
0.5435,  0.121547
0.5440,  0.119800
0.5445,  0.120292
0.5450,  0.126430
0.5455,  0.129867
0.5460,  0.125736
0.5465,  0.122508
0.5470,  0.113133
0.5475,  0.102190
0.5480,  0.108751
0.5485,  0.114076
0.5490,  0.119757
0.5495,  0.126491
0.5500,  0.118404
0.5505,  0.111021
0.5510,  0.114166
0.5515,  0.117368
0.5520,  0.114580
0.5525,  0.110330
0.5530,  0.118542
0.5535,  0.126487
0.5540,  0.128645
0.5545,  0.131409
0.5550,  0.133308
0.5555,  0.135520
0.5560,  0.120619
0.5565,  0.105607
0.5570,  0.113979
0.5575,  0.125645
0.5580,  0.118346
0.5585,  0.108502
0.5590,  0.114007
0.5595,  0.117380
0.5600,  0.123863
0.5605,  0.128977
0.5610,  0.123905
0.5615,  0.118495
0.5620,  0.122926
0.5625,  0.127946
0.5630,  0.130871
0.5635,  0.134354
0.5640,  0.134510
0.5645,  0.135800
0.5650,  0.126416
0.5655,  0.113664
0.5660,  0.120338
0.5665,  0.125875
0.5670,  0.138480
0.5675,  0.151377
0.5680,  0.134006
0.5685,  0.117956
0.5690,  0.133844
0.5695,  0.149327
0.5700,  0.130084
0.5705,  0.107646
0.5710,  0.118104
0.5715,  0.122503
0.5720,  0.132738
0.5725,  0.144394
0.5730,  0.139262
0.5735,  0.135728
0.5740,  0.134510
0.5745,  0.133475
0.5750,  0.126401
0.5755,  0.116816
0.5760,  0.119516
0.5765,  0.125056
0.5770,  0.130636
0.5775,  0.136153
0.5780,  0.119370
0.5785,  0.101848
0.5790,  0.110067
0.5795,  0.117974
0.5800,  0.118369
0.5805,  0.118370
0.5810,  0.119137
0.5815,  0.120023
0.5820,  0.122027
0.5825,  0.123955
0.5830,  0.118551
0.5835,  0.117696
0.5840,  0.121719
0.5845,  0.128828
0.5850,  0.115580
0.5855,  0.100036
0.5860,  0.114832
0.5865,  0.129051
0.5870,  0.136895
0.5875,  0.150738
0.5880,  0.141688
0.5885,  0.130977
0.5890,  0.103780
0.5895,  0.068259
0.5900,  0.118756
0.5905,  0.164623
0.5910,  0.154584
0.5915,  0.144711
0.5920,  0.143893
0.5925,  0.143859
0.5930,  0.138727
0.5935,  0.138392
0.5940,  0.132256
0.5945,  0.127559
0.5950,  0.131122
0.5955,  0.132368
0.5960,  0.136611
0.5965,  0.139223
0.5970,  0.130399
0.5975,  0.124081
0.5980,  0.119808
0.5985,  0.117350
0.5990,  0.127483
0.5995,  0.136467
0.6000,  0.132627
0.6005,  0.127486
0.6010,  0.129289
0.6015,  0.128299
0.6020,  0.116088
0.6025,  0.104015
0.6030,  0.117791
0.6035,  0.131888
0.6040,  0.129449
0.6045,  0.130193
0.6050,  0.128199
0.6055,  0.125681
0.6060,  0.125088
0.6065,  0.123726
0.6070,  0.123504
0.6075,  0.125077
0.6080,  0.122542
0.6085,  0.121023
0.6090,  0.127043
0.6095,  0.130496
0.6100,  0.121388
0.6105,  0.111488
0.6110,  0.123469
0.6115,  0.135769
0.6120,  0.127771
0.6125,  0.120310
0.6130,  0.118547
0.6135,  0.115969
0.6140,  0.126377
0.6145,  0.135660
0.6150,  0.139051
0.6155,  0.141317
0.6160,  0.113458
0.6165,  0.082405
0.6170,  0.106741
0.6175,  0.131701
0.6180,  0.137739
0.6185,  0.142961
0.6190,  0.140794
0.6195,  0.137277
0.6200,  0.144624
0.6205,  0.150170
0.6210,  0.136038
0.6215,  0.122431
0.6220,  0.130315
0.6225,  0.140621
0.6230,  0.131819
0.6235,  0.126484
0.6240,  0.133010
0.6245,  0.135715
0.6250,  0.131057
0.6255,  0.121633
0.6260,  0.135735
0.6265,  0.151547
0.6270,  0.151188
0.6275,  0.151099
0.6280,  0.153319
0.6285,  0.158273
0.6290,  0.159209
0.6295,  0.158977
0.6300,  0.156425
0.6305,  0.149160
0.6310,  0.140666
0.6315,  0.139750
0.6320,  0.136226
0.6325,  0.134439
0.6330,  0.135187
0.6335,  0.136707
0.6340,  0.139116
0.6345,  0.143108
0.6350,  0.145525
0.6355,  0.145703
0.6360,  0.144986
0.6365,  0.142277
0.6370,  0.136638
0.6375,  0.133276
0.6380,  0.132841
0.6385,  0.134990
0.6390,  0.138581
0.6395,  0.137153
0.6400,  0.136814
0.6405,  0.134170
0.6410,  0.129147
0.6415,  0.128807
0.6420,  0.127504
0.6425,  0.124697
0.6430,  0.122999
0.6435,  0.125681
0.6440,  0.127818
0.6445,  0.130986
0.6450,  0.137888
0.6455,  0.140968
0.6460,  0.143447
0.6465,  0.145033
0.6470,  0.145640
0.6475,  0.143061
0.6480,  0.139953
0.6485,  0.134165
0.6490,  0.128261
0.6495,  0.132832
0.6500,  0.139490
0.6505,  0.147368
0.6510,  0.154484
0.6515,  0.153168
0.6520,  0.149148
0.6525,  0.145917
0.6530,  0.141634
0.6535,  0.130798
0.6540,  0.126993
0.6545,  0.131067
0.6550,  0.142359
0.6555,  0.144746
0.6560,  0.134360
0.6565,  0.105493
0.6570,  0.067127
0.6575,  0.078122
0.6580,  0.091383
0.6585,  0.105540
0.6590,  0.122993
0.6595,  0.118965
0.6600,  0.115196
0.6605,  0.111739
0.6610,  0.110185
0.6615,  0.106206
0.6620,  0.106225
0.6625,  0.107839
0.6630,  0.111067
0.6635,  0.114637
0.6640,  0.115199
0.6645,  0.115200
0.6650,  0.114991
0.6655,  0.110397
0.6660,  0.104814
0.6665,  0.100404
0.6670,  0.095703
0.6675,  0.098040
0.6680,  0.100027
0.6685,  0.102986
0.6690,  0.105874
0.6695,  0.104371
0.6700,  0.103486
0.6705,  0.103287
0.6710,  0.102590
0.6715,  0.103087
0.6720,  0.101817
0.6725,  0.099847
0.6730,  0.096205
0.6735,  0.093963
0.6740,  0.093677
0.6745,  0.093180
0.6750,  0.094015
0.6755,  0.097580
0.6760,  0.101586
0.6765,  0.104829
0.6770,  0.106299
0.6775,  0.105816
0.6780,  0.104474
0.6785,  0.102915
0.6790,  0.102710
0.6795,  0.101522
0.6800,  0.100261
0.6805,  0.100348
0.6810,  0.103229
0.6815,  0.104800
0.6820,  0.103924
0.6825,  0.106010
0.6830,  0.110733
0.6835,  0.114149
0.6840,  0.111842
0.6845,  0.108194
0.6850,  0.110294
0.6855,  0.131783
0.6860,  0.164473
0.6865,  0.199411
0.6870,  0.222350
0.6875,  0.230197
0.6880,  0.229914
0.6885,  0.224753
0.6890,  0.220280
0.6895,  0.212935
0.6900,  0.204549
0.6905,  0.193993
0.6910,  0.183356
0.6915,  0.178549
0.6920,  0.173052
0.6925,  0.171962
0.6930,  0.176384
0.6935,  0.174022
0.6940,  0.172376
0.6945,  0.170486
0.6950,  0.165158
0.6955,  0.154570
0.6960,  0.144585
0.6965,  0.139088
0.6970,  0.135149
0.6975,  0.139629
0.6980,  0.146873
0.6985,  0.153438
0.6990,  0.159551
0.6995,  0.158640
0.7000,  0.154416
0.7005,  0.149742
0.7010,  0.145269
0.7015,  0.144559
0.7020,  0.143769
0.7025,  0.142259
0.7030,  0.139152
0.7035,  0.141854
0.7040,  0.145813
0.7045,  0.149433
0.7050,  0.153113
0.7055,  0.149678
0.7060,  0.148226
0.7065,  0.143112
0.7070,  0.140852
0.7075,  0.137239
0.7080,  0.134570
0.7085,  0.132210
0.7090,  0.129052
0.7095,  0.126624
0.7100,  0.126488
0.7105,  0.126977
0.7110,  0.131498
0.7115,  0.136121
0.7120,  0.135495
0.7125,  0.137031
0.7130,  0.139300
0.7135,  0.140771
0.7140,  0.143220
0.7145,  0.143404
0.7150,  0.147176
0.7155,  0.158338
0.7160,  0.184720
0.7165,  0.219857
0.7170,  0.259824
0.7175,  0.290222
0.7180,  0.314946
0.7185,  0.329404
0.7190,  0.332176
0.7195,  0.324302
0.7200,  0.303963
0.7205,  0.276140
0.7210,  0.250078
0.7215,  0.226711
0.7220,  0.225961
0.7225,  0.237934
0.7230,  0.256951
0.7235,  0.275195
0.7240,  0.294013
0.7245,  0.303399
0.7250,  0.305242
0.7255,  0.304813
0.7260,  0.299646
0.7265,  0.297331
0.7270,  0.295498
0.7275,  0.286200
0.7280,  0.279924
0.7285,  0.275530
0.7290,  0.270687
0.7295,  0.267922
0.7300,  0.267197
0.7305,  0.263894
0.7310,  0.256813
0.7315,  0.241917
0.7320,  0.225467
0.7325,  0.205447
0.7330,  0.187352
0.7335,  0.173425
0.7340,  0.166093
0.7345,  0.163624
0.7350,  0.168433
0.7355,  0.177714
0.7360,  0.175085
0.7365,  0.170714
0.7370,  0.164799
0.7375,  0.153145
0.7380,  0.146743
0.7385,  0.142033
0.7390,  0.134892
0.7395,  0.128091
0.7400,  0.122056
0.7405,  0.118987
0.7410,  0.114627
0.7415,  0.121811
0.7420,  0.127864
0.7425,  0.130561
0.7430,  0.132643
0.7435,  0.126519
0.7440,  0.122188
0.7445,  0.119545
0.7450,  0.116316
0.7455,  0.114570
0.7460,  0.109586
0.7465,  0.108275
0.7470,  0.110033
0.7475,  0.110778
0.7480,  0.111527
0.7485,  0.114376
0.7490,  0.117671
0.7495,  0.118301
0.7500,  0.115884
0.7505,  0.117609
0.7510,  0.119088
0.7515,  0.117443
0.7520,  0.114697
0.7525,  0.112295
0.7530,  0.108799
0.7535,  0.106653
0.7540,  0.110748
0.7545,  0.118107
0.7550,  0.119612
0.7555,  0.118880
0.7560,  0.116434
0.7565,  0.112880
0.7570,  0.110436
0.7575,  0.117219
0.7580,  0.144229
0.7585,  0.210009
0.7590,  0.316538
0.7595,  0.460256
0.7600,  0.600788
0.7605,  0.682791
0.7610,  0.693193
0.7615,  0.666654
0.7620,  0.645279
0.7625,  0.636894
0.7630,  0.621840
0.7635,  0.582728
0.7640,  0.532011
0.7645,  0.472042
0.7650,  0.418038
0.7655,  0.366920
0.7660,  0.310847
0.7665,  0.256481
0.7670,  0.212589
0.7675,  0.186282
0.7680,  0.165203
0.7685,  0.149349
0.7690,  0.142722
0.7695,  0.133808
0.7700,  0.124057
0.7705,  0.122782
0.7710,  0.121634
0.7715,  0.122437
0.7720,  0.122116
0.7725,  0.118403
0.7730,  0.117575
0.7735,  0.111716
0.7740,  0.105602
0.7745,  0.104645
0.7750,  0.098508
0.7755,  0.095664
0.7760,  0.098784
0.7765,  0.100764
0.7770,  0.104499
0.7775,  0.104926
0.7780,  0.106461
0.7785,  0.110468
0.7790,  0.111974
0.7795,  0.108823
0.7800,  0.107185
0.7805,  0.105901
0.7810,  0.104939
0.7815,  0.100206
0.7820,  0.095133
0.7825,  0.096330
0.7830,  0.097755
0.7835,  0.105109
0.7840,  0.107293
0.7845,  0.111293
0.7850,  0.115240
0.7855,  0.113826
0.7860,  0.111954
0.7865,  0.110668
0.7870,  0.110775
0.7875,  0.114209
0.7880,  0.120178
0.7885,  0.123842
0.7890,  0.131152
0.7895,  0.130453
0.7900,  0.122408
0.7905,  0.122545
0.7910,  0.122044
0.7915,  0.121341
0.7920,  0.121340
0.7925,  0.117130
0.7930,  0.111438
0.7935,  0.114155
0.7940,  0.118015
0.7945,  0.119336
0.7950,  0.122638
0.7955,  0.125496
0.7960,  0.130211
0.7965,  0.132314
0.7970,  0.130502
0.7975,  0.124149
0.7980,  0.119137
0.7985,  0.117991
0.7990,  0.113889
0.7995,  0.114378
0.8000,  0.117284
0.8005,  0.121066
0.8010,  0.126970
0.8015,  0.126865
0.8020,  0.124430
0.8025,  0.122234
0.8030,  0.122114
0.8035,  0.120724
0.8040,  0.117352
0.8045,  0.113119
0.8050,  0.110952
0.8055,  0.112359
0.8060,  0.118272
0.8065,  0.125467
0.8070,  0.127327
0.8075,  0.122286
0.8080,  0.115970
0.8085,  0.111190
0.8090,  0.110759
0.8095,  0.114308
0.8100,  0.118351
0.8105,  0.126409
0.8110,  0.135338
0.8115,  0.147960
0.8120,  0.168482
0.8125,  0.195278
0.8130,  0.220505
0.8135,  0.243079
0.8140,  0.262699
0.8145,  0.275406
0.8150,  0.285166
0.8155,  0.293518
0.8160,  0.296687
0.8165,  0.298429
0.8170,  0.307291
0.8175,  0.307937
0.8180,  0.302040
0.8185,  0.295996
0.8190,  0.276663
0.8195,  0.259573
0.8200,  0.233861
0.8205,  0.219030
0.8210,  0.221096
0.8215,  0.234731
0.8220,  0.262968
0.8225,  0.292137
0.8230,  0.299437
0.8235,  0.278467
0.8240,  0.255271
0.8245,  0.226303
0.8250,  0.203827
0.8255,  0.187287
0.8260,  0.180366
0.8265,  0.182492
0.8270,  0.196629
0.8275,  0.211939
0.8280,  0.230411
0.8285,  0.236259
0.8290,  0.238938
0.8295,  0.231816
0.8300,  0.223576
0.8305,  0.219637
0.8310,  0.212408
0.8315,  0.201377
0.8320,  0.193148
0.8325,  0.188481
0.8330,  0.181413
0.8335,  0.171615
0.8340,  0.163855
0.8345,  0.159891
0.8350,  0.159896
0.8355,  0.158384
0.8360,  0.160276
0.8365,  0.155518
0.8370,  0.143487
0.8375,  0.129803
0.8380,  0.117527
0.8385,  0.111137
0.8390,  0.108644
0.8395,  0.108321
0.8400,  0.113688
0.8405,  0.114770
0.8410,  0.110505
0.8415,  0.105738
0.8420,  0.104401
0.8425,  0.095208
0.8430,  0.094205
0.8435,  0.087239
0.8440,  0.074437
0.8445,  0.070310
0.8450,  0.070444
0.8455,  0.076790
0.8460,  0.089402
0.8465,  0.106257
0.8470,  0.108051
0.8475,  0.103339
0.8480,  0.098225
0.8485,  0.087241
0.8490,  0.075067
0.8495,  0.061361
0.8500,  0.060223
0.8505,  0.066510
0.8510,  0.075100
0.8515,  0.079801
0.8520,  0.081805
0.8525,  0.070146
0.8530,  0.069110
0.8535,  0.063865
0.8540,  0.042402
0.8545,  0.060838
0.8550,  0.067035
0.8555,  0.067686
0.8560,  0.079037
0.8565,  0.082201
0.8570,  0.088285
0.8575,  0.094444
0.8580,  0.098985
0.8585,  0.095369
0.8590,  0.089648
0.8595,  0.077958
0.8600,  0.065344
0.8605,  0.065341
0.8610,  0.058518
0.8615,  0.056455
0.8620,  0.064070
0.8625,  0.067894
0.8630,  0.074048
0.8635,  0.075434
0.8640,  0.074111
0.8645,  0.055995
0.8650,  0.051245
0.8655,  0.044926
0.8660,  0.026611
0.8665,  0.032131
0.8670,  0.038965
0.8675,  0.045570
0.8680,  0.050646
0.8685,  0.059682
0.8690,  0.069176
0.8695,  0.075280
0.8700,  0.078839
0.8705,  0.079855
0.8710,  0.069750
0.8715,  0.064687
0.8720,  0.069638
0.8725,  0.080892
0.8730,  0.092404
0.8735,  0.092862
0.8740,  0.089759
0.8745,  0.095112
0.8750,  0.085620
0.8755,  0.071659
0.8760,  0.059415
0.8765,  0.053652
0.8770,  0.056957
0.8775,  0.058790
0.8780,  0.060444
0.8785,  0.067834
0.8790,  0.071296
0.8795,  0.079171
0.8800,  0.077626
0.8805,  0.082637
0.8810,  0.070391
0.8815,  0.051965
0.8820,  0.048702
0.8825,  0.050799
0.8830,  0.055544
0.8835,  0.052375
0.8840,  0.058253
0.8845,  0.056238
0.8850,  0.062641
0.8855,  0.064102
0.8860,  0.069251
0.8865,  0.067388
0.8870,  0.054513
0.8875,  0.044100
0.8880,  0.044995
0.8885,  0.058025
0.8890,  0.072808
0.8895,  0.082737
0.8900,  0.088195
